2.00000E+11	1.32143E-12	3.66960E+0	7.19169E-1	4.61234E-2
2.00088E+11	1.14301E-12	1.65943E+2	-2.91548E+0	7.29998E-1
2.00175E+11	1.79588E-12	9.24415E+1	-3.08820E-2	7.24283E-1
2.00263E+11	2.51122E-13	1.05644E+2	-1.62493E-1	5.80283E-1
2.00350E+11	1.33039E-12	-3.67958E+1	8.97858E-1	-6.71582E-1
2.00437E+11	5.57511E-13	-9.04586E+1	-1.28415E-2	-1.60431E+0
2.00525E+11	1.41332E-13	-1.01784E+2	-1.56041E-1	-7.48002E-1
2.00612E+11	7.76672E-13	1.50608E+1	3.92427E-1	1.05597E-1
2.00700E+11	9.89599E-13	-9.87309E+1	-1.20378E-1	-7.83848E-1
2.00787E+11	3.77351E-13	1.70111E+2	-4.79046E-1	8.35131E-2
2.00875E+11	6.37746E-13	-6.16273E+1	3.74637E-1	-6.93665E-1
2.00963E+11	2.74206E-13	-1.10526E+2	-9.74180E-2	-2.60190E-1
2.01050E+11	2.25508E-13	-2.56943E+1	1.35510E+0	-6.52000E-1
2.01138E+11	2.24878E-12	1.24154E+2	-1.71233E+0	2.52402E+0
2.01225E+11	1.35895E-12	6.37297E+1	7.84434E-1	1.58925E+0
2.01313E+11	1.25009E-12	4.21735E+1	6.76318E-1	6.12679E-1
2.01400E+11	1.83870E-13	-5.42122E+1	1.99648E-1	-2.76943E-1
2.01487E+11	1.47227E-12	-4.62008E+1	8.11155E-1	-8.45888E-1
2.01575E+11	7.99684E-13	3.12862E+1	1.35709E+0	8.24678E-1
2.01662E+11	2.26404E-12	-6.00743E+0	3.63274E+0	-3.82292E-1
2.01750E+11	8.62978E-13	-1.53454E+1	8.96942E-1	-2.46140E-1
2.01837E+11	6.82239E-13	4.42211E+1	4.85782E-1	4.72751E-1
2.01925E+11	1.60825E-13	8.54943E+0	5.37443E-1	8.07954E-2
2.02013E+11	7.76827E-13	-5.85684E+1	7.28934E-1	-1.19271E+0
2.02100E+11	2.73183E-13	3.03876E+1	1.69561E+0	9.94316E-1
2.02188E+11	3.70377E-13	3.25296E+1	9.10199E-1	5.80523E-1
2.02275E+11	1.04630E-12	1.77983E+1	7.01982E-1	2.25359E-1
2.02363E+11	3.16761E-13	-3.15703E+1	3.72061E-1	-2.28628E-1
2.02450E+11	3.91939E-13	-3.68714E+1	2.84980E-1	-2.13746E-1
2.02538E+11	8.36398E-14	1.14042E+1	2.75138E-1	5.54988E-2
2.02625E+11	9.52416E-13	-1.56097E+2	-7.01356E-1	-3.10848E-1
2.02712E+11	1.59749E-12	7.04524E+1	4.65985E-1	1.31243E+0
2.02800E+11	4.06829E-12	5.46740E+0	1.21251E+0	1.16055E-1
2.02887E+11	9.96415E-14	7.65424E+1	1.25741E-1	5.25462E-1
2.02975E+11	5.18434E-13	-9.74155E+1	-3.21740E-1	-2.47203E+0
2.03062E+11	2.54632E-13	7.28062E+1	2.22418E-1	7.18793E-1
2.03150E+11	4.34147E-13	1.15724E+2	-3.53552E-1	7.33839E-1
2.03238E+11	4.57546E-13	3.26612E+1	2.46383E-1	1.57940E-1
2.03325E+11	9.16586E-13	-6.10761E+1	1.82614E-1	-3.30480E-1
2.03413E+11	3.63573E-13	-1.40950E+2	-2.87710E+0	-2.33397E+0
2.03500E+11	2.57847E-13	7.83070E+1	2.79108E-1	1.34859E+0
2.03588E+11	1.14651E-12	-8.02658E+1	2.99939E-1	-1.74844E+0
2.03675E+11	9.27406E-13	5.48850E+1	3.93548E-1	5.59650E-1
2.03762E+11	2.22154E-12	-1.30186E+2	-8.84332E-1	-1.04697E+0
2.03850E+11	1.62263E-12	-1.40413E+2	-3.09127E-1	-2.55612E-1
2.03937E+11	4.53062E-13	1.93122E+1	2.26799E-1	7.94783E-2
2.04025E+11	1.96506E-12	-2.27734E+1	6.68772E-1	-2.80760E-1
2.04112E+11	1.18885E-12	-1.42035E+2	-4.65106E+0	-3.62920E+0
2.04200E+11	4.06146E-14	1.20372E+2	-8.92268E-2	1.52253E-1
2.04287E+11	1.23463E-12	1.63337E+2	-1.55847E+0	4.66458E-1
2.04375E+11	1.76050E-12	-4.10633E+0	7.63123E-1	-5.47861E-2
2.04463E+11	7.42012E-13	4.75258E+1	4.61638E-1	5.04244E-1
2.04550E+11	1.09108E-12	7.83599E+0	9.28926E-1	1.27841E-1
2.04638E+11	1.22473E-12	-6.46234E+1	5.82273E-1	-1.22756E+0
2.04725E+11	1.02892E-12	-1.03040E+2	-1.65842E-1	-7.16051E-1
2.04813E+11	3.39831E-13	-1.32857E+2	-1.13161E+0	-1.21959E+0
2.04900E+11	1.24151E-13	-5.94325E+1	3.96607E-1	-6.71494E-1
2.04987E+11	3.14461E-15	7.54098E+1	1.05146E-2	4.03946E-2
2.05075E+11	1.02061E-13	-1.51691E+2	-1.69800E-1	-9.14602E-2
2.05162E+11	7.12610E-13	7.93148E+1	2.05836E-1	1.09090E+0
2.05250E+11	8.00362E-13	-1.10629E+2	-1.73336E-1	-4.60447E-1
2.05337E+11	6.56698E-13	-3.25133E+1	6.20603E-1	-3.95571E-1
2.05425E+11	1.30176E-12	-1.17417E+2	-5.57681E-1	-1.07508E+0
2.05513E+11	1.17362E-13	-1.06206E+2	-2.33662E-1	-8.03978E-1
2.05600E+11	3.75486E-13	4.97565E+1	1.31380E+0	1.55227E+0
2.05688E+11	1.01751E-12	4.28065E+0	1.14882E+0	8.59902E-2
2.05775E+11	6.27698E-13	-1.50663E+2	-4.77465E-1	-2.68347E-1
2.05863E+11	6.31379E-13	-3.59044E+1	1.28876E+0	-9.33056E-1
2.05950E+11	2.01566E-12	8.55274E+1	2.10566E-1	2.69195E+0
2.06037E+11	3.82627E-13	1.18001E+2	-2.05318E-1	3.86125E-1
2.06125E+11	4.98902E-13	-1.36946E+2	-6.59729E-1	-6.16364E-1
2.06212E+11	9.64691E-14	-2.87903E+1	5.56329E-1	-3.05722E-1
2.06300E+11	1.03827E-12	1.33894E+1	1.61531E+0	3.84505E-1
2.06387E+11	3.83102E-13	1.00982E+2	-9.31843E-2	4.80210E-1
2.06475E+11	7.83742E-13	-2.48900E+1	1.30539E+0	-6.05666E-1
2.06562E+11	1.24042E-13	-7.47308E+1	5.77663E-2	-2.11606E-1
2.06650E+11	6.49240E-13	3.75127E+1	2.95050E-1	2.26503E-1
2.06738E+11	6.13054E-13	4.84953E+1	8.60235E-1	9.72157E-1
2.06825E+11	2.90977E-13	9.56118E+1	-4.88291E-2	4.96940E-1
2.06913E+11	5.68960E-13	2.65987E+1	8.80877E-1	4.41086E-1
2.07000E+11	2.69931E-14	-1.03187E+2	-1.97575E-2	-8.43254E-2
2.07088E+11	1.34481E-12	1.38654E+2	-8.89184E-1	7.82420E-1
2.07175E+11	4.09399E-13	1.11467E+2	-3.57274E-1	9.08513E-1
2.07262E+11	5.54308E-13	-3.37015E+1	8.05656E-1	-5.37337E-1
2.07350E+11	9.50678E-15	2.07052E+1	1.63362E-1	6.17460E-2
2.07437E+11	1.11096E-12	1.14703E+2	-4.60254E-1	1.00051E+0
2.07525E+11	7.50163E-13	3.71912E+1	5.37528E-1	4.07876E-1
2.07612E+11	1.75351E-12	-5.42568E+1	2.95964E-1	-4.11222E-1
2.07700E+11	6.33098E-15	-1.24115E+2	-9.26945E-2	-1.36833E-1
2.07788E+11	3.17318E-13	-1.16110E+2	-5.06253E-1	-1.03295E+0
2.07875E+11	1.47636E-12	6.80002E+1	4.68714E-1	1.16012E+0
2.07963E+11	4.20845E-13	1.53786E+2	-4.00694E-1	1.97287E-1
2.08050E+11	1.50552E-12	-3.50502E+0	6.44621E-1	-3.94835E-2
2.08138E+11	2.67965E-13	1.38904E+2	-2.07361E-1	1.80865E-1
2.08225E+11	1.03484E-12	-3.16733E+1	1.55348E+0	-9.58453E-1
2.08313E+11	7.74282E-13	-3.75895E+0	8.25838E-1	-5.42578E-2
2.08400E+11	9.64096E-13	-1.61459E+1	4.24914E-1	-1.23014E-1
2.08487E+11	3.16806E-16	-8.52391E+1	3.11701E-3	-3.74257E-2
2.08575E+11	9.08406E-13	-5.39152E+1	2.09390E-1	-2.87304E-1
2.08662E+11	6.47149E-12	5.64857E+1	8.91115E-1	1.34560E+0
2.08750E+11	1.16698E-12	-1.33058E+1	1.38047E+0	-3.26476E-1
2.08837E+11	2.04289E-12	-2.86502E+1	1.20111E+0	-6.56232E-1
2.08925E+11	1.51196E-12	-7.30423E+1	2.83830E-1	-9.30823E-1
2.09013E+11	9.34401E-14	-2.61027E+1	7.97232E-1	-3.90607E-1
2.09100E+11	1.84828E-12	-1.79268E+1	1.21349E+0	-3.92573E-1
2.09188E+11	3.68250E-13	1.74076E+2	-9.64683E-1	1.00099E-1
2.09275E+11	1.19345E-12	-3.73854E+1	3.73574E-1	-2.85468E-1
2.09363E+11	2.37427E-12	5.77147E+0	1.30392E+0	1.31792E-1
2.09450E+11	9.28990E-13	-1.05956E+2	-3.39011E+0	-1.18570E+1
2.09537E+11	2.02057E-13	-9.41417E+1	-3.85273E-2	-5.32052E-1
2.09625E+11	3.68103E-12	-7.17194E+0	1.08221E+0	-1.36177E-1
2.09712E+11	2.76141E-12	-1.11095E+2	-2.65340E+0	-6.87841E+0
2.09800E+11	2.28976E-12	6.96138E+1	4.22683E-1	1.13740E+0
2.09887E+11	4.61996E-13	1.66813E+2	-6.07894E-1	1.42430E-1
2.09975E+11	6.95399E-13	8.78698E+1	6.26844E-2	1.68522E+0
2.10063E+11	2.65202E-12	1.01906E+2	-1.13730E-1	5.39401E-1
2.10150E+11	9.59497E-13	-6.81860E+1	3.52484E-1	-8.80649E-1
2.10238E+11	9.98437E-13	-1.46844E+2	-2.77818E+0	-1.81492E+0
2.10325E+11	2.52593E-13	-1.28893E+2	-3.83528E-1	-4.75424E-1
2.10413E+11	2.38574E-12	-5.15604E+1	4.75852E-1	-5.99525E-1
2.10500E+11	2.44920E-13	-8.20845E+1	1.11753E-1	-8.03763E-1
2.10588E+11	3.27385E-14	-1.50464E+2	-2.25966E-1	-1.28034E-1
2.10675E+11	1.19081E-12	7.12537E+1	3.14972E-1	9.28077E-1
2.10762E+11	6.83098E-13	-1.28106E+2	-1.23856E+0	-1.57925E+0
2.10850E+11	2.70803E-13	-1.11630E+2	-1.47004E-1	-3.70721E-1
2.10937E+11	5.56867E-13	3.64974E+1	6.22297E-1	4.60431E-1
2.11025E+11	4.67009E-13	9.92585E+1	-2.65254E-1	1.62720E+0
2.11112E+11	2.84400E-13	1.16508E+2	-1.31997E-1	2.64650E-1
2.11200E+11	7.07801E-14	-2.98552E+1	9.96489E-2	-5.71970E-2
2.11288E+11	1.52337E-13	4.36150E+0	4.73747E-1	3.61326E-2
2.11375E+11	2.93660E-12	1.55291E+2	-8.51210E+0	3.91682E+0
2.11463E+11	2.83943E-13	-1.38794E+1	4.59261E-1	-1.13480E-1
2.11550E+11	5.05571E-13	4.69458E+1	5.46378E-1	5.84809E-1
2.11638E+11	5.55029E-14	-7.94767E+0	3.87173E-1	-5.40530E-2
2.11725E+11	1.50190E-13	3.84655E+1	1.52008E-1	1.20763E-1
2.11812E+11	8.38695E-13	1.66302E+2	-5.94329E-1	1.44863E-1
2.11900E+11	1.56736E-12	4.83169E+1	3.71070E+0	4.16728E+0
2.11987E+11	1.17876E-12	-1.57001E+2	-5.36400E-1	-2.27678E-1
2.12075E+11	1.34650E-12	-6.88599E+1	2.24050E+0	-5.79432E+0
2.12162E+11	7.61087E-13	-1.08617E+1	3.99411E-1	-7.66372E-2
2.12250E+11	5.01845E-13	6.42929E+0	8.74277E-1	9.85184E-2
2.12337E+11	3.02209E-13	-4.79924E+1	4.06549E-1	-4.51399E-1
2.12425E+11	5.96643E-13	7.64259E+1	1.14662E-1	4.74896E-1
2.12513E+11	2.67236E-13	-3.80810E+0	4.33500E-1	-2.88546E-2
2.12600E+11	8.65072E-13	3.57996E+1	4.90859E-1	3.54013E-1
2.12688E+11	1.08468E-12	-1.44832E+2	-1.72213E+0	-1.21339E+0
2.12775E+11	1.59125E-11	-1.05626E+2	-5.08248E-1	-1.81719E+0
2.12863E+11	3.57165E-8	-4.98668E+1	1.29456E+2	-1.53553E+2
2.12950E+11	3.39455E-8	1.60895E+2	-1.00576E+2	3.48370E+1
2.13037E+11	6.86077E-8	-1.77930E+2	-1.00181E+2	-3.62156E+0
2.13125E+11	3.02528E-8	1.46164E+1	2.94597E+1	7.68269E+0
2.13212E+11	4.22290E-8	-1.35248E+2	-1.89685E+1	-1.88051E+1
2.13300E+11	2.08011E-8	8.68171E+1	1.02389E+0	1.84123E+1
2.13387E+11	3.67829E-8	-8.53568E+1	1.43883E+0	-1.77158E+1
2.13475E+11	9.50090E-9	9.97602E+1	-1.89527E+0	1.10180E+1
2.13563E+11	1.67010E-8	-6.45927E+1	3.97876E+0	-8.37648E+0
2.13650E+11	5.70461E-9	1.37911E+2	-2.36115E+0	2.13261E+0
2.13738E+11	1.14898E-8	-1.38431E+1	2.67902E+0	-6.60166E-1
2.13825E+11	3.09754E-9	-1.74463E+2	-1.25396E+0	-1.21567E-1
2.13913E+11	5.45154E-9	7.91985E+0	1.06012E+1	1.47479E+0
2.14000E+11	1.79498E-9	1.47402E+1	1.44064E+2	3.79026E+1
2.14087E+11	2.46805E-9	-1.53127E+2	-6.72835E+1	-3.40949E+1
2.14175E+11	7.99750E-10	-1.31216E+2	-7.03424E+1	-8.03054E+1
2.14262E+11	6.18861E-10	-4.08664E+1	1.12376E+1	-9.72281E+0
2.14350E+11	5.67570E-10	-6.08495E+1	1.45003E+1	-2.59980E+1
2.14437E+11	1.14008E-9	-4.29576E+1	2.43650E+1	-2.26871E+1
2.14525E+11	8.46114E-10	7.65959E+1	1.02718E+1	4.31030E+1
2.14612E+11	1.36584E-9	-2.36775E+1	2.41398E+1	-1.05853E+1
2.14700E+11	5.68428E-10	-7.52334E+1	4.71352E+0	-1.78821E+1
2.14788E+11	4.95349E-10	-1.62583E+2	-2.10255E+1	-6.59585E+0
2.14875E+11	8.94983E-11	-2.31629E+1	5.98145E+1	-2.55908E+1
2.14963E+11	5.00341E-14	-9.21510E+1	-8.57310E-3	-2.28254E-1
2.15050E+11	7.50034E-13	-1.20430E+2	-3.71277E-1	-6.32059E-1
2.15138E+11	2.91785E-13	1.59370E+2	-3.91338E-1	1.47330E-1
2.15225E+11	7.38236E-14	-8.16623E+1	9.51368E-2	-6.49147E-1
2.15312E+11	3.32371E-12	-4.01076E+1	4.25488E-1	-3.58391E-1
2.15400E+11	5.20418E-13	-1.76642E+2	-8.17137E-1	-4.79498E-2
2.15487E+11	2.56189E-12	9.09423E+1	-1.92850E-2	1.17254E+0
2.15575E+11	5.47410E-13	8.92892E+0	1.01578E+0	1.59593E-1
2.15662E+11	9.09886E-13	5.70418E+1	3.11406E-1	4.80289E-1
2.15750E+11	1.19821E-12	3.90286E+1	8.75176E-1	7.09426E-1
2.15838E+11	1.62278E-12	2.24883E+1	4.92030E+0	2.03687E+0
2.15925E+11	3.83908E-13	1.19959E+2	-1.76670E-1	3.06502E-1
2.16013E+11	5.45503E-14	-8.11398E+1	1.64489E-2	-1.05520E-1
2.16100E+11	5.61676E-13	1.78151E+2	-1.19438E+0	3.85626E-2
2.16188E+11	1.08532E-12	-1.26335E+1	2.78658E+0	-6.24584E-1
2.16275E+11	9.69924E-13	7.60905E+1	2.03343E-1	8.21089E-1
2.16363E+11	1.76468E-13	-3.39022E+1	2.91597E-1	-1.95962E-1
2.16450E+11	1.95972E-13	8.45946E+1	5.33442E-2	5.63753E-1
2.16537E+11	9.20546E-14	1.89732E+1	2.80090E-1	9.62960E-2
2.16625E+11	2.74265E-13	-1.15014E+2	-2.07548E-1	-4.44799E-1
2.16712E+11	4.06245E-13	3.07254E+1	5.68412E-1	3.37839E-1
2.16800E+11	5.16476E-14	1.51450E+2	-1.43547E-1	7.81026E-2
2.16887E+11	1.24446E-12	-1.23432E+2	-1.48370E+0	-2.24744E+0
2.16975E+11	6.09204E-13	2.03812E+1	4.48339E-1	1.66568E-1
2.17063E+11	1.43616E-12	-1.00787E+2	-2.21815E-1	-1.16426E+0
2.17150E+11	7.78736E-13	-5.87558E+1	5.66404E-1	-9.33618E-1
2.17238E+11	1.03563E-12	5.76562E+1	4.85348E-1	7.66447E-1
2.17325E+11	7.59404E-13	-1.08489E+2	-4.11395E-1	-1.23035E+0
2.17413E+11	4.71938E-13	-1.38853E+2	-8.79460E-1	-7.68479E-1
2.17500E+11	1.24889E-12	5.02527E+1	1.62967E+0	1.95965E+0
2.17587E+11	1.96029E-13	-3.17977E+1	2.38033E-1	-1.47574E-1
2.17675E+11	4.46049E-12	2.91542E+1	2.65150E+0	1.47909E+0
2.17762E+11	1.22295E-11	1.35568E+2	-2.60716E+0	2.55601E+0
2.17850E+11	5.89414E-10	-4.66036E+1	2.06540E+1	-2.18437E+1
2.17937E+11	3.52592E-9	8.40481E+1	3.89041E+0	3.73159E+1
2.18025E+11	2.29402E-8	-1.51637E+2	-2.16819E+2	-1.17054E+2
2.18113E+11	7.63061E-8	1.38724E+2	-1.56170E+2	1.37080E+2
2.18200E+11	1.15253E-6	-5.41110E+1	1.17002E+3	-1.61697E+3
2.18288E+11	8.95269E-7	1.67152E+2	-1.03888E+4	2.36935E+3
2.18375E+11	7.67509E-6	1.33157E+2	-2.95392E+3	3.15036E+3
2.18463E+11	2.50987E-6	-2.57069E+1	7.38341E+4	-3.55449E+4
2.18550E+11	9.45569E-6	-1.02186E+2	-2.93261E+2	-1.35801E+3
2.18638E+11	1.08086E-6	3.66144E+1	7.55348E+2	5.61266E+2
2.18725E+11	4.79765E-6	5.11799E+1	1.49288E+3	1.85543E+3
2.18812E+11	6.98626E-7	1.57112E+2	-1.13714E+3	4.80067E+2
2.18900E+11	5.68717E-6	-8.01658E+1	3.85550E+2	-2.22418E+3
2.18987E+11	5.88750E-7	-7.93475E+1	8.94287E+1	-4.75449E+2
2.19075E+11	5.01269E-6	-1.10220E+2	-4.75963E+2	-1.29222E+3
2.19162E+11	1.49440E-6	-6.17318E+1	3.50196E+2	-6.51251E+2
2.19250E+11	1.02857E-5	5.77673E+1	3.96014E+2	6.28064E+2
2.19338E+11	6.29491E-6	-9.30851E+1	-1.47366E-1	-2.73422E+0
2.19425E+11	9.73256E-6	9.73215E+1	-1.09285E-1	8.50571E-1
2.19513E+11	7.57836E-6	-5.41005E+1	2.21784E-1	-3.06389E-1
2.19600E+11	8.28514E-6	1.64117E+2	-2.72645E-1	7.75761E-2
2.19688E+11	7.98502E-6	4.45605E+1	1.76560E-1	1.73872E-1
2.19775E+11	7.00939E-6	-9.65089E+1	-2.50886E-2	-2.19898E-1
2.19862E+11	5.75085E-6	1.53337E+2	-1.86268E-1	9.35332E-2
2.19950E+11	5.71080E-6	7.52671E+0	2.02824E-1	2.67985E-2
2.20037E+11	5.11030E-6	-1.12486E+2	-7.61059E-2	-1.83859E-1
2.20125E+11	5.69152E-6	1.07628E+2	-6.41401E-2	2.01852E-1
2.20212E+11	3.48825E-6	-1.20634E+1	1.67520E-1	-3.58013E-2
2.20300E+11	3.92251E-6	-1.49446E+2	-1.58379E-1	-9.34925E-2
2.20387E+11	3.35473E-6	7.48391E+1	4.60915E-2	1.70104E-1
2.20475E+11	4.60863E-6	-6.99713E+1	6.74305E-2	-1.84976E-1
2.20563E+11	2.77405E-6	1.55554E+2	-1.43528E-1	6.52469E-2
2.20650E+11	3.04335E-6	2.00726E+1	1.52749E-1	5.58154E-2
2.20738E+11	3.53035E-6	-1.13347E+2	-7.03048E-2	-1.62881E-1
2.20825E+11	3.45165E-6	1.11271E+2	-6.45340E-2	1.65767E-1
2.20913E+11	3.55772E-6	-2.94002E+1	1.52454E-1	-8.59037E-2
2.21000E+11	2.66439E-6	-1.66956E+2	-1.55435E-1	-3.60104E-2
2.21087E+11	2.81688E-6	6.75668E+1	6.69848E-2	1.62250E-1
2.21175E+11	3.09105E-6	-6.93739E+1	6.23451E-2	-1.65637E-1
2.21262E+11	2.79995E-6	1.68820E+2	-1.62005E-1	3.20183E-2
2.21350E+11	3.63027E-6	1.92584E+1	1.76664E-1	6.17231E-2
2.21437E+11	3.64945E-6	-1.08634E+2	-5.94335E-2	-1.76255E-1
2.21525E+11	4.85201E-6	9.54857E+1	-2.27254E-2	2.36630E-1
2.21613E+11	3.57300E-6	-3.06699E+1	1.69577E-1	-1.00567E-1
2.21700E+11	6.45514E-6	-1.76886E+2	-2.87432E-1	-1.56362E-2
2.21788E+11	4.17918E-6	4.82080E+1	1.59165E-1	1.78067E-1
2.21875E+11	7.72502E-6	-1.06340E+2	-9.69487E-2	-3.30676E-1
2.21963E+11	4.18511E-6	1.17917E+2	-1.25224E-1	2.36336E-1
2.22050E+11	7.54816E-6	-3.18310E+1	3.19821E-1	-1.98537E-1
2.22137E+11	5.07691E-6	-1.72589E+2	-3.30403E-1	-4.29787E-2
2.22225E+11	4.69373E-6	3.84606E+1	2.86491E-1	2.27563E-1
2.22312E+11	4.71271E-6	-8.73017E+1	1.64333E-2	-3.48681E-1
2.22400E+11	5.11326E-6	1.26089E+2	-2.76625E-1	3.79498E-1
2.22487E+11	4.58141E-6	-5.14092E+0	5.80411E-1	-5.22182E-2
2.22575E+11	4.90457E-6	-1.67463E+2	-5.78689E-1	-1.28683E-1
2.22662E+11	4.24762E-6	7.19331E+1	1.66789E-1	5.11293E-1
2.22750E+11	5.29576E-6	-7.44768E+1	1.53089E-1	-5.51153E-1
2.22838E+11	4.38525E-6	1.74193E+2	-4.82582E-1	4.90747E-2
2.22925E+11	6.79429E-6	2.27369E+1	4.96999E-1	2.08275E-1
2.23013E+11	4.47118E-6	-9.30798E+1	-2.19533E-2	-4.08014E-1
2.23100E+11	9.70442E-6	1.08837E+2	-1.65096E-1	4.83933E-1
2.23188E+11	5.54642E-6	-1.96944E+1	3.30294E-1	-1.18226E-1
2.23275E+11	1.14174E-5	-1.79908E+2	-4.11956E-1	-6.60274E-4
2.23362E+11	6.69269E-6	5.89832E+1	1.39122E-1	2.31384E-1
2.23450E+11	1.15032E-5	-1.02638E+2	-6.52627E-2	-2.91068E-1
2.23537E+11	9.30668E-6	1.29133E+2	-1.51392E-1	1.86065E-1
2.23625E+11	1.34605E-5	-3.24030E+1	2.22763E-1	-1.41386E-1
2.23712E+11	1.40817E-5	-1.53628E+2	-2.25108E-1	-1.11608E-1
2.23800E+11	1.81501E-5	6.05715E+1	1.28426E-1	2.27655E-1
2.23888E+11	1.73831E-5	-6.44460E+1	1.08855E-1	-2.27667E-1
2.23975E+11	1.10023E-5	1.17212E+2	-8.43464E-2	1.64038E-1
2.24063E+11	1.56082E-5	-6.16282E+0	2.14149E-1	-2.31235E-2
2.24150E+11	1.89843E-5	1.72581E+2	-2.24936E-1	2.92879E-2
2.24238E+11	2.38343E-5	4.73267E+1	1.65701E-1	1.79736E-1
2.24325E+11	2.84518E-5	-1.09988E+2	-8.68993E-2	-2.38912E-1
2.24412E+11	2.26582E-5	1.33375E+2	-1.46628E-1	1.55189E-1
2.24500E+11	4.28182E-5	-1.35053E+1	2.68350E-1	-6.44515E-2
2.24587E+11	2.45293E-5	-1.35924E+2	-1.42000E-1	-1.37493E-1
2.24675E+11	5.48143E-5	7.54288E+1	7.11105E-2	2.73562E-1
2.24762E+11	3.11648E-5	-6.51645E+1	8.62586E-2	-1.86377E-1
2.24850E+11	5.90793E-5	1.44346E+2	-2.39043E-1	1.71481E-1
2.24937E+11	3.89289E-5	-8.71894E+0	2.22078E-1	-3.40579E-2
2.25025E+11	5.60308E-5	1.79750E+2	-2.65005E-1	1.15612E-3
2.25113E+11	5.74673E-5	3.53796E+1	2.16286E-1	1.53591E-1
2.25200E+11	6.51029E-5	-1.25835E+2	-1.79493E-1	-2.48550E-1
2.25288E+11	6.80630E-5	1.06321E+2	-1.08261E-1	3.69722E-1
2.25375E+11	6.90791E-5	-2.42420E+1	4.47327E-1	-2.01431E-1
2.25463E+11	6.39309E-5	-1.57293E+2	-5.39724E-1	-2.25854E-1
2.25550E+11	6.77074E-5	6.82021E+1	2.95845E-1	7.39744E-1
2.25637E+11	4.84769E-5	-5.81258E+1	4.78273E-1	-7.69149E-1
2.25725E+11	6.90961E-5	1.70167E+2	-1.37946E+0	2.39101E-1
2.25812E+11	5.05294E-5	4.54971E+1	1.12171E+0	1.14134E+0
2.25900E+11	8.81925E-5	-8.61493E+1	1.76778E-1	-2.62637E+0
2.25987E+11	4.28194E-5	1.47778E+2	-1.70127E+0	1.07225E+0
2.26075E+11	1.01361E-4	1.48559E+1	3.21336E+0	8.52359E-1
2.26163E+11	4.80885E-5	-1.22157E+2	-1.46368E+0	-2.32818E+0
2.26250E+11	1.14765E-4	1.12039E+2	-1.96534E+0	4.85479E+0
2.26338E+11	3.88989E-5	-2.74743E+1	3.47282E+0	-1.80585E+0
2.26425E+11	9.98644E-5	-1.45752E+2	-5.05430E+0	-3.44108E+0
2.26513E+11	4.70663E-5	6.99718E+1	1.48386E+0	4.07063E+0
2.26600E+11	9.95150E-5	-5.18227E+1	3.67045E+0	-4.66810E+0
2.26688E+11	4.98638E-5	1.59081E+2	-4.11729E+0	1.57379E+0
2.26775E+11	8.43270E-5	3.96584E+1	4.50849E+0	3.73750E+0
2.26862E+11	6.03739E-5	-1.05282E+2	-1.60195E+0	-5.86292E+0
2.26950E+11	7.85569E-5	1.28613E+2	-4.61006E+0	5.77221E+0
2.27037E+11	5.97662E-5	-9.44413E+0	6.35354E+0	-1.05685E+0
2.27125E+11	7.83382E-5	-1.45117E+2	-5.33572E+0	-3.71996E+0
2.27212E+11	6.37694E-5	7.47041E+1	1.32757E+0	4.85413E+0
2.27300E+11	7.72382E-5	-7.16581E+1	1.55546E+0	-4.69177E+0
2.27388E+11	4.97847E-5	1.53722E+2	-3.62241E+0	1.78855E+0
2.27475E+11	7.69612E-5	8.77356E+0	5.43288E+0	8.38486E-1
2.27563E+11	4.48471E-5	-1.22245E+2	-2.42088E+0	-3.83762E+0
2.27650E+11	6.07453E-5	1.01510E+2	-1.20244E+0	5.90464E+0
2.27738E+11	2.73667E-5	-3.11335E+1	3.50585E+0	-2.11767E+0
2.27825E+11	4.35035E-5	-1.66035E+2	-4.58858E+0	-1.14105E+0
2.27912E+11	1.91884E-5	5.00059E+1	2.13387E+0	2.54358E+0
2.28000E+11	2.05662E-5	-8.58183E+1	3.12724E-1	-4.27719E+0
2.28087E+11	1.42217E-5	1.25428E+2	-2.22062E+0	3.12144E+0
2.28175E+11	1.68820E-5	-4.36149E+0	5.04672E+0	-3.84912E-1
2.28262E+11	1.67656E-5	-1.34314E+2	-2.41378E+0	-2.47227E+0
2.28350E+11	1.55210E-5	9.82392E+1	-2.61428E-1	1.80544E+0
2.28438E+11	1.30219E-5	-3.78196E+1	9.74001E-1	-7.56046E-1
2.28525E+11	1.32703E-5	-1.72895E+2	-1.15841E+0	-1.44396E-1
2.28613E+11	1.21117E-5	5.92999E+1	4.87877E-1	8.21676E-1
2.28700E+11	1.19318E-5	-7.62340E+1	1.89586E-1	-7.73835E-1
2.28788E+11	1.30427E-5	1.74239E+2	-5.37100E-1	5.41917E-2
2.28875E+11	1.47397E-5	3.86690E+1	3.08201E-1	2.46642E-1
2.28963E+11	1.55616E-5	-7.25030E+1	8.22635E-2	-2.60955E-1
2.29050E+11	1.34739E-5	1.15455E+2	-9.57445E-2	2.01137E-1
2.29137E+11	1.54053E-5	-8.20625E+0	2.15842E-1	-3.11273E-2
2.29225E+11	1.20932E-5	-1.79578E+2	-2.00900E-1	-1.48058E-3
2.29312E+11	1.00331E-5	5.17450E+1	1.19797E-1	1.51935E-1
2.29400E+11	5.49876E-6	-1.25160E+2	-8.14481E-2	-1.15633E-1
2.29487E+11	7.36461E-6	1.06527E+2	-4.71709E-2	1.58973E-1
2.29575E+11	4.31417E-6	-6.62622E+1	5.16177E-2	-1.17378E-1
2.29663E+11	1.42602E-5	1.67083E+2	-2.24580E-1	5.15069E-2
2.29750E+11	8.02591E-6	-2.02099E+0	1.80579E-1	-6.37217E-3
2.29838E+11	1.69080E-5	-1.24151E+2	-1.57083E-1	-2.31567E-1
2.29925E+11	9.73342E-6	6.46488E+1	9.09730E-2	1.92010E-1
2.30013E+11	1.62536E-5	-6.00820E+1	1.44089E-1	-2.50397E-1
2.30100E+11	1.08875E-5	1.43411E+2	-1.88016E-1	1.39575E-1
2.30187E+11	1.65510E-5	9.19673E+0	2.88892E-1	4.67734E-2
2.30275E+11	1.25184E-5	-1.48131E+2	-2.15143E-1	-1.33754E-1
2.30362E+11	1.38475E-5	9.14474E+1	-6.52667E-3	2.58299E-1
2.30450E+11	1.30591E-5	-5.55089E+1	1.52049E-1	-2.21306E-1
2.30537E+11	1.04936E-5	1.71193E+2	-2.37736E-1	3.68327E-2
2.30625E+11	1.27438E-5	3.74693E+1	2.10371E-1	1.61245E-1
2.30712E+11	8.21840E-6	-9.99041E+1	-3.74950E-2	-2.14746E-1
2.30800E+11	1.21454E-5	1.32213E+2	-1.71879E-1	1.89472E-1
2.30888E+11	9.42495E-6	-1.05269E+1	2.12057E-1	-3.94054E-2
2.30975E+11	1.10504E-5	-1.28299E+2	-1.51653E-1	-1.92036E-1
2.31063E+11	9.89912E-6	7.98383E+1	3.84014E-2	2.14247E-1
2.31150E+11	1.11425E-5	-3.59354E+1	1.94204E-1	-1.40763E-1
2.31238E+11	1.06030E-5	-1.76552E+2	-2.43542E-1	-1.46751E-2
2.31325E+11	1.09037E-5	7.14050E+1	8.45742E-2	2.51380E-1
2.31412E+11	1.03721E-5	-6.55078E+1	1.14827E-1	-2.52056E-1
2.31500E+11	1.07374E-5	1.77401E+2	-3.08086E-1	1.39850E-2
2.31587E+11	1.14071E-5	3.72091E+1	2.85238E-1	2.16579E-1
2.31675E+11	1.07956E-5	-8.46004E+1	3.66082E-2	-3.87303E-1
2.31762E+11	9.78064E-6	1.46363E+2	-3.52961E-1	2.34837E-1
2.31850E+11	1.19865E-5	2.80954E+1	4.69289E-1	2.50529E-1
2.31938E+11	8.80727E-6	-1.00555E+2	-9.19863E-2	-4.93658E-1
2.32025E+11	1.40910E-5	1.33357E+2	-4.33398E-1	4.58999E-1
2.32113E+11	1.05726E-5	-7.20267E+0	5.49046E-1	-6.93867E-2
2.32200E+11	1.58526E-5	-1.29992E+2	-3.83674E-1	-4.57377E-1
2.32288E+11	1.34838E-5	8.88764E+1	1.04947E-2	5.35102E-1
2.32375E+11	1.78006E-5	-3.05401E+1	4.91224E-1	-2.89816E-1
2.32462E+11	1.74941E-5	-1.64863E+2	-4.80401E-1	-1.29955E-1
2.32550E+11	1.98927E-5	7.21474E+1	1.30690E-1	4.05770E-1
2.32637E+11	2.35958E-5	-6.71211E+1	1.56550E-1	-3.70987E-1
2.32725E+11	2.09100E-5	1.58630E+2	-2.94080E-1	1.15073E-1
2.32812E+11	2.86343E-5	2.07512E+1	3.15534E-1	1.19552E-1
2.32900E+11	2.06145E-5	-1.18035E+2	-1.27176E-1	-2.38834E-1
2.32987E+11	3.18684E-5	1.07479E+2	-9.80525E-2	3.11378E-1
2.33075E+11	2.08988E-5	-4.54121E+1	1.82564E-1	-1.85209E-1
2.33163E+11	3.14613E-5	-1.79584E+2	-3.09706E-1	-2.25055E-3
2.33250E+11	2.98816E-5	2.38845E+1	2.58494E-1	1.14465E-1
2.33338E+11	3.10780E-5	-1.03810E+2	-6.90292E-2	-2.80818E-1
2.33425E+11	4.00436E-5	1.12704E+2	-1.16917E-1	2.79448E-1
2.33513E+11	3.60455E-5	-1.43417E+1	2.69413E-1	-6.88814E-2
2.33600E+11	4.49388E-5	-1.53497E+2	-2.66248E-1	-1.32762E-1
2.33687E+11	4.23316E-5	6.97044E+1	9.68496E-2	2.61881E-1
2.33775E+11	4.89942E-5	-7.78871E+1	5.94044E-2	-2.76792E-1
2.33862E+11	5.35114E-5	1.41626E+2	-2.28742E-1	1.81128E-1
2.33950E+11	5.21084E-5	-4.93487E+0	2.68931E-1	-2.32205E-2
2.34037E+11	6.96191E-5	-1.37636E+2	-2.30129E-1	-2.09872E-1
2.34125E+11	4.83488E-5	7.57000E+1	6.14741E-2	2.41172E-1
2.34213E+11	7.91479E-5	-5.74702E+1	1.71662E-1	-2.69147E-1
2.34300E+11	5.07266E-5	1.49214E+2	-2.05753E-1	1.22583E-1
2.34388E+11	8.48832E-5	2.06084E+1	2.97240E-1	1.11775E-1
2.34475E+11	4.61265E-5	-1.35312E+2	-1.73170E-1	-1.71292E-1
2.34563E+11	8.45747E-5	9.90223E+1	-4.87146E-2	3.06798E-1
2.34650E+11	6.69700E-5	-5.07106E+1	1.68608E-1	-2.06076E-1
2.34738E+11	8.24916E-5	-1.70286E+2	-3.00335E-1	-5.14102E-2
2.34825E+11	9.01595E-5	2.93006E+1	2.64500E-1	1.48435E-1
2.34912E+11	8.76254E-5	-9.91008E+1	-4.66175E-2	-2.91018E-1
2.35000E+11	1.05816E-4	1.10661E+2	-1.14416E-1	3.03425E-1
2.35087E+11	8.02831E-5	-2.49121E+1	2.58542E-1	-1.20078E-1
2.35175E+11	1.02894E-4	-1.76125E+2	-3.21009E-1	-2.17443E-2
2.35262E+11	8.24561E-5	4.12811E+1	2.07732E-1	1.82376E-1
2.35350E+11	1.18676E-4	-9.42360E+1	-2.37451E-2	-3.20588E-1
2.35438E+11	9.87022E-5	1.25206E+2	-1.67101E-1	2.36827E-1
2.35525E+11	1.18663E-4	1.39132E+0	3.20048E-1	7.77326E-3
2.35613E+11	9.77354E-5	-1.38310E+2	-2.15174E-1	-1.91644E-1
2.35700E+11	1.07029E-4	9.39527E+1	-2.07375E-2	3.00121E-1
2.35788E+11	9.56648E-5	-5.01738E+1	1.81143E-1	-2.17213E-1
2.35875E+11	1.06308E-4	1.73585E+2	-2.98899E-1	3.36082E-2
2.35962E+11	8.87948E-5	2.38426E+1	2.49349E-1	1.10197E-1
2.36050E+11	9.71481E-5	-1.13786E+2	-1.20263E-1	-2.72858E-1
2.36137E+11	7.75608E-5	1.13259E+2	-9.85205E-2	2.29218E-1
2.36225E+11	1.33316E-4	-1.92453E+1	3.10283E-1	-1.08327E-1
2.36312E+11	7.63938E-5	-1.58418E+2	-2.18214E-1	-8.63177E-2
2.36400E+11	1.60075E-4	7.11488E+1	1.07562E-1	3.15038E-1
2.36488E+11	7.13149E-5	-7.58204E+1	5.36147E-2	-2.12201E-1
2.36575E+11	1.66735E-4	1.61287E+2	-3.11672E-1	1.05574E-1
2.36663E+11	7.62711E-5	1.18886E+1	2.11811E-1	4.45915E-2
2.36750E+11	1.80420E-4	-1.07364E+2	-9.83312E-2	-3.14470E-1
2.36838E+11	9.26906E-5	9.42651E+1	-1.68569E-2	2.26031E-1
2.36925E+11	2.15165E-4	-2.13415E+1	2.96826E-1	-1.15975E-1
2.37013E+11	1.23222E-4	1.78412E+2	-2.34630E-1	6.50355E-3
2.37100E+11	1.57687E-4	6.25894E+1	1.40088E-1	2.70134E-1
2.37187E+11	9.77833E-5	-9.26384E+1	-1.09428E-2	-2.37465E-1
2.37275E+11	1.59720E-4	1.52553E+2	-2.63090E-1	1.36647E-1
2.37362E+11	1.02199E-4	1.27933E+0	2.41740E-1	5.39861E-3
2.37450E+11	1.45299E-4	-1.22949E+2	-1.65630E-1	-2.55548E-1
2.37537E+11	9.27615E-5	8.46280E+1	2.42526E-2	2.57913E-1
2.37625E+11	1.80440E-4	-4.69943E+1	2.69463E-1	-2.88906E-1
2.37713E+11	9.68070E-5	1.68083E+2	-3.61602E-1	7.63117E-2
2.37800E+11	2.12060E-4	4.52670E+1	4.64835E-1	4.69188E-1
2.37888E+11	1.04923E-4	-9.86025E+1	-7.92309E-2	-5.23737E-1
2.37975E+11	2.37778E-4	1.36941E+2	-5.96486E-1	5.57376E-1
2.38063E+11	1.16966E-4	-1.34865E+1	5.67326E-1	-1.36061E-1
2.38150E+11	2.32375E-4	-1.37786E+2	-5.88367E-1	-5.33766E-1
2.38237E+11	1.30966E-4	6.49273E+1	2.45733E-1	5.25235E-1
2.38325E+11	2.14404E-4	-5.14913E+1	4.24119E-1	-5.33024E-1
2.38412E+11	1.44745E-4	1.55954E+2	-4.96719E-1	2.21627E-1
2.38500E+11	1.85572E-4	4.34898E+1	4.17863E-1	3.96397E-1
2.38587E+11	1.47835E-4	-1.11941E+2	-1.82069E-1	-4.51983E-1
2.38675E+11	1.49240E-4	1.24836E+2	-2.77612E-1	3.98899E-1
2.38762E+11	1.30391E-4	-2.13982E+1	4.26356E-1	-1.67071E-1
2.38850E+11	1.23787E-4	-1.50195E+2	-3.64002E-1	-2.08507E-1
2.38938E+11	1.36423E-4	6.09772E+1	1.90608E-1	3.43543E-1
2.39025E+11	1.08836E-4	-8.09240E+1	5.58510E-2	-3.49627E-1
2.39113E+11	1.12788E-4	1.36791E+2	-2.57724E-1	2.42098E-1
2.39200E+11	1.09244E-4	-7.87350E+0	3.42802E-1	-4.74061E-2
2.39288E+11	1.03111E-4	-1.47741E+2	-2.69846E-1	-1.70318E-1
2.39375E+11	1.23108E-4	7.47654E+1	8.66766E-2	3.18263E-1
2.39462E+11	1.09752E-4	-7.39585E+1	8.05936E-2	-2.80297E-1
2.39550E+11	1.27539E-4	1.44359E+2	-2.55668E-1	1.83318E-1
2.39637E+11	1.15535E-4	-1.18794E+1	2.84216E-1	-5.97870E-2
2.39725E+11	1.25802E-4	-1.46459E+2	-2.52972E-1	-1.67699E-1
2.39812E+11	1.06313E-4	7.12135E+1	9.59647E-2	2.82112E-1
2.39900E+11	6.87795E-5	-4.79140E+1	2.01956E-1	-2.23619E-1
2.39988E+11	7.18575E-5	1.59133E+2	-2.90884E-1	1.10885E-1
2.40075E+11	6.74829E-5	3.44107E+1	2.40190E-1	1.64528E-1
2.40163E+11	8.42220E-5	-1.23926E+2	-1.73229E-1	-2.57542E-1
2.40250E+11	7.16886E-5	1.08008E+2	-8.57485E-2	2.63789E-1
2.40338E+11	9.74950E-5	-4.31746E+1	2.20600E-1	-2.06973E-1
2.40425E+11	6.71847E-5	-1.69447E+2	-2.69401E-1	-5.01894E-2
2.40512E+11	6.46264E-5	4.69929E+1	2.00312E-1	2.14755E-1
2.40600E+11	6.49362E-5	-8.93375E+1	3.54172E-3	-3.06287E-1
2.40687E+11	5.78281E-5	1.18261E+2	-1.36574E-1	2.54063E-1
2.40775E+11	6.96767E-5	-1.74142E+1	3.10730E-1	-9.74615E-2
2.40862E+11	5.22656E-5	-1.73877E+2	-2.79550E-1	-2.99899E-2
2.40950E+11	6.58360E-5	5.93045E+1	1.66202E-1	2.79966E-1
2.41037E+11	4.85457E-5	-9.59879E+1	-2.90555E-2	-2.77006E-1
2.41125E+11	6.37113E-5	1.44551E+2	-2.58978E-1	1.84382E-1
2.41213E+11	4.69558E-5	-1.56751E+1	2.64231E-1	-7.41484E-2
2.41300E+11	5.61318E-5	-1.27521E+2	-1.88198E-1	-2.45074E-1
2.41388E+11	5.08589E-5	6.39582E+1	1.26861E-1	2.59622E-1
2.41475E+11	6.34082E-5	-4.91068E+1	1.95045E-1	-2.25220E-1
2.41563E+11	6.02111E-5	1.61715E+2	-2.77143E-1	9.15736E-2
2.41650E+11	5.85991E-5	6.02746E+1	1.40126E-1	2.45414E-1
2.41737E+11	5.77821E-5	-9.76721E+1	-3.80846E-2	-2.82715E-1
2.41825E+11	5.58552E-5	1.46734E+2	-2.31819E-1	1.52082E-1
2.41912E+11	5.12404E-5	-7.33177E+0	2.79735E-1	-3.59926E-2
2.42000E+11	6.08369E-5	-1.20426E+2	-1.51330E-1	-2.57667E-1
2.42087E+11	5.37687E-5	9.44146E+1	-2.20760E-2	2.85948E-1
2.42175E+11	6.59130E-5	-2.00084E+1	3.03407E-1	-1.10482E-1
2.42263E+11	4.82677E-5	-1.74175E+2	-2.81281E-1	-2.86967E-2
2.42350E+11	7.24785E-5	6.77995E+1	1.25143E-1	3.06646E-1
2.42438E+11	5.31928E-5	-9.17563E+1	-8.82292E-3	-2.87739E-1
2.42525E+11	8.35270E-5	1.56247E+2	-3.10700E-1	1.36728E-1
2.42613E+11	7.07953E-5	-3.73129E+0	2.87014E-1	-1.87177E-2
2.42700E+11	9.13569E-5	-1.12083E+2	-1.23272E-1	-3.03845E-1
2.42788E+11	7.81040E-5	8.21578E+1	4.04660E-2	2.93801E-1
2.42875E+11	8.62145E-5	-2.48817E+1	2.82995E-1	-1.31252E-1
2.42962E+11	7.23891E-5	1.67752E+2	-3.12122E-1	6.77584E-2
2.43050E+11	7.45028E-5	6.53545E+1	1.38275E-1	3.01385E-1
2.43137E+11	8.66215E-5	-8.51344E+1	2.97986E-2	-3.50058E-1
2.43225E+11	8.60806E-5	1.74210E+2	-3.17473E-1	3.21915E-2
2.43312E+11	9.00422E-5	2.26453E+1	2.93745E-1	1.22547E-1
2.43400E+11	9.51939E-5	-7.90092E+1	6.01715E-2	-3.09821E-1
2.43488E+11	8.22898E-5	1.37823E+2	-2.08967E-1	1.89328E-1
2.43575E+11	9.14534E-5	3.96518E+1	2.30672E-1	1.91180E-1
2.43663E+11	6.92772E-5	-1.02967E+2	-5.46825E-2	-2.37471E-1
2.43750E+11	9.27986E-5	1.56842E+2	-2.55877E-1	1.09449E-1
2.43838E+11	5.35061E-5	4.58391E+0	2.18773E-1	1.75402E-2
2.43925E+11	7.52565E-5	-1.01213E+2	-5.19241E-2	-2.61934E-1
2.44012E+11	5.14219E-5	9.95514E+1	-3.46143E-2	2.05713E-1
2.44100E+11	8.12617E-5	-6.50334E+0	2.63000E-1	-2.99806E-2
2.44187E+11	5.29256E-5	-1.76538E+2	-2.22625E-1	-1.34692E-2
2.44275E+11	6.79049E-5	7.24800E+1	7.84330E-2	2.48456E-1
2.44362E+11	6.67123E-5	-1.00552E+2	-4.50745E-2	-2.41979E-1
2.44450E+11	8.46443E-5	1.46133E+2	-2.14507E-1	1.43962E-1
2.44538E+11	1.02262E-4	-1.81687E+1	2.50345E-1	-8.21575E-2
2.44625E+11	1.08540E-4	-1.27785E+2	-1.56325E-1	-2.01642E-1
2.44713E+11	1.30326E-4	8.18838E+1	3.74355E-2	2.62505E-1
2.44800E+11	1.42100E-4	-3.29362E+1	2.24096E-1	-1.45175E-1
2.44888E+11	1.59712E-4	1.77905E+2	-2.80800E-1	1.02699E-2
2.44975E+11	1.67818E-4	5.47470E+1	1.70614E-1	2.41387E-1
2.45063E+11	1.58114E-4	-9.27278E+1	-1.35117E-2	-2.83586E-1
2.45150E+11	1.88925E-4	1.44891E+2	-2.53101E-1	1.77939E-1
2.45237E+11	1.59159E-4	-3.44470E+0	2.78536E-1	-1.67661E-2
2.45325E+11	2.04825E-4	-1.23686E+2	-1.71422E-1	-2.57174E-1
2.45412E+11	1.62819E-4	8.16560E+1	3.96726E-2	2.70491E-1
2.45500E+11	2.00181E-4	-4.17357E+1	2.29640E-1	-2.04859E-1
2.45587E+11	1.66365E-4	1.50666E+2	-2.49544E-1	1.40231E-1
2.45675E+11	1.70651E-4	3.26703E+1	2.51725E-1	1.61420E-1
2.45763E+11	2.22689E-4	-1.30798E+2	-2.07843E-1	-2.40809E-1
2.45850E+11	2.12888E-4	1.12945E+2	-1.13392E-1	2.67856E-1
2.45938E+11	2.77281E-4	-4.58762E+1	2.33921E-1	-2.41187E-1
2.46025E+11	2.18992E-4	-1.61618E+2	-2.71569E-1	-9.02431E-2
2.46113E+11	2.72838E-4	5.10259E+1	2.10501E-1	2.60187E-1
2.46200E+11	2.10647E-4	-6.45940E+1	1.23288E-1	-2.59573E-1
2.46287E+11	2.50631E-4	1.45350E+2	-2.69661E-1	1.86377E-1
2.46375E+11	1.92582E-4	2.49905E+1	2.65430E-1	1.23719E-1
2.46462E+11	2.09945E-4	-1.19901E+2	-1.57066E-1	-2.73135E-1
2.46550E+11	2.16540E-4	1.17233E+2	-1.38967E-1	2.70013E-1
2.46637E+11	2.16132E-4	-3.01319E+1	2.58687E-1	-1.50149E-1
2.46725E+11	2.34924E-4	-1.50560E+2	-2.63900E-1	-1.48940E-1
2.46813E+11	2.00095E-4	5.91242E+1	1.48246E-1	2.47939E-1
2.46900E+11	2.18283E-4	-6.02026E+1	1.45187E-1	-2.53538E-1
2.46988E+11	1.97632E-4	1.40820E+2	-2.12201E-1	1.72943E-1
2.47075E+11	2.16122E-4	2.07531E+1	2.66341E-1	1.00924E-1
2.47163E+11	2.12879E-4	-1.42845E+2	-2.31727E-1	-1.75605E-1
2.47250E+11	2.11140E-4	1.06915E+2	-8.17648E-2	2.68869E-1
2.47338E+11	2.33096E-4	-4.86906E+1	1.99899E-1	-2.27465E-1
2.47425E+11	2.06254E-4	-1.56108E+2	-2.54715E-1	-1.12832E-1
2.47512E+11	2.48248E-4	5.10117E+1	1.94189E-1	2.39904E-1
2.47600E+11	1.88441E-4	-5.94433E+1	1.40918E-1	-2.38691E-1
2.47687E+11	2.07426E-4	1.48702E+2	-2.55882E-1	1.55564E-1
2.47775E+11	1.62063E-4	3.46573E+1	2.23780E-1	1.54706E-1
2.47862E+11	2.08856E-4	-1.14251E+2	-1.21215E-1	-2.69079E-1
2.47950E+11	2.16942E-4	1.27268E+2	-1.77444E-1	2.33194E-1
2.48038E+11	2.18759E-4	-2.10524E+1	2.76731E-1	-1.06518E-1
2.48125E+11	2.40049E-4	-1.42603E+2	-2.44859E-1	-1.87187E-1
2.48213E+11	2.09820E-4	6.10941E+1	1.40985E-1	2.55332E-1
2.48300E+11	2.31791E-4	-5.79081E+1	1.67112E-1	-2.66483E-1
2.48388E+11	1.78055E-4	1.43178E+2	-2.26379E-1	1.69489E-1
2.48475E+11	2.17743E-4	2.54577E+1	2.81210E-1	1.33876E-1
2.48562E+11	1.95613E-4	-1.41985E+2	-2.33097E-1	-1.82216E-1
2.48650E+11	2.00073E-4	1.01013E+2	-5.87729E-2	3.02004E-1
2.48737E+11	1.98037E-4	-6.39776E+1	1.36278E-1	-2.79134E-1
2.48825E+11	1.66703E-4	-1.75069E+2	-3.01163E-1	-2.59817E-2
2.48912E+11	1.83746E-4	2.29486E+1	2.96920E-1	1.25721E-1
2.49000E+11	1.48134E-4	-8.99519E+1	2.44013E-4	-2.90527E-1
2.49087E+11	1.77470E-4	1.08917E+2	-9.99945E-2	2.91770E-1
2.49175E+11	1.51925E-4	-8.52948E+0	2.80730E-1	-4.21031E-2
2.49263E+11	1.84880E-4	-1.68031E+2	-3.02265E-1	-6.40767E-2
2.49350E+11	1.66675E-4	6.50872E+1	1.27083E-1	2.73615E-1
2.49438E+11	1.65401E-4	-9.07244E+1	-3.72137E-3	-2.94328E-1
2.49525E+11	1.88741E-4	1.49433E+2	-2.73649E-1	1.61623E-1
2.49613E+11	1.41095E-4	1.60343E+0	2.80278E-1	7.84565E-3
2.49700E+11	1.83447E-4	-1.11158E+2	-1.20585E-1	-3.11561E-1
2.49787E+11	1.37804E-4	7.66226E+1	6.89720E-2	2.90021E-1
2.49875E+11	1.72257E-4	-5.83814E+1	1.66968E-1	-2.71205E-1
2.49962E+11	1.38224E-4	1.32991E+2	-1.89115E-1	2.02869E-1
2.50050E+11	1.57707E-4	2.37505E+1	2.63462E-1	1.15929E-1
2.50137E+11	1.30305E-4	-1.34822E+2	-1.84442E-1	-1.85595E-1
2.50225E+11	1.23297E-4	1.29878E+2	-1.74287E-1	2.08610E-1
2.50313E+11	1.15799E-4	-2.40816E+1	2.73478E-1	-1.22227E-1
2.50400E+11	1.00383E-4	-1.43751E+2	-2.20008E-1	-1.61311E-1
2.50488E+11	1.07581E-4	6.14551E+1	1.35378E-1	2.48869E-1
2.50575E+11	8.79049E-5	-4.27354E+1	1.93734E-1	-1.78994E-1
2.50663E+11	1.23961E-4	1.69995E+2	-3.27943E-1	5.78530E-2
2.50750E+11	9.27641E-5	2.02775E+1	2.62294E-1	9.69081E-2
2.50837E+11	1.50633E-4	-1.33533E+2	-2.39001E-1	-2.51565E-1
2.50925E+11	1.12415E-4	7.17011E+1	9.38209E-2	2.83707E-1
2.51012E+11	1.25515E-4	-6.47816E+1	1.42332E-1	-3.02219E-1
2.51100E+11	1.03951E-4	1.49694E+2	-2.68651E-1	1.57024E-1
2.51187E+11	1.04119E-4	9.46330E+0	3.14189E-1	5.23704E-2
2.51275E+11	9.95320E-5	-1.20588E+2	-1.55999E-1	-2.63904E-1
2.51362E+11	9.24892E-5	9.98616E+1	-5.07654E-2	2.92028E-1
2.51450E+11	9.16458E-5	-2.62150E+1	2.68254E-1	-1.32085E-1
2.51538E+11	9.21684E-5	-1.75907E+2	-2.96785E-1	-2.12352E-2
2.51625E+11	9.19345E-5	5.90939E+1	1.50470E-1	2.51357E-1
2.51713E+11	1.16160E-4	-9.22602E+1	-1.29218E-2	-3.27397E-1
2.51800E+11	8.61656E-5	1.43637E+2	-2.28639E-1	1.68341E-1
2.51888E+11	1.10841E-4	-3.15226E+0	3.24406E-1	-1.78660E-2
2.51975E+11	7.37805E-5	-1.27220E+2	-1.63848E-1	-2.15702E-1
2.52062E+11	1.01408E-4	9.23556E+1	-1.29718E-2	3.15338E-1
2.52150E+11	7.32978E-5	-3.28354E+1	2.28476E-1	-1.47443E-1
2.52237E+11	9.29685E-5	-1.65663E+2	-2.93193E-1	-7.49335E-2
2.52325E+11	9.49066E-5	6.38492E+1	1.27262E-1	2.59192E-1
2.52412E+11	1.13479E-4	-7.20862E+1	9.13742E-2	-2.82667E-1
2.52500E+11	1.32573E-4	1.49642E+2	-2.69474E-1	1.57835E-1
2.52588E+11	1.27988E-4	7.12769E+0	2.95920E-1	3.70040E-2
2.52675E+11	1.45758E-4	-1.30178E+2	-2.02766E-1	-2.40129E-1
2.52763E+11	1.30370E-4	8.73596E+1	1.34869E-2	2.92458E-1
2.52850E+11	1.36125E-4	-4.72717E+1	2.07752E-1	-2.24916E-1
2.52938E+11	1.20246E-4	1.66179E+2	-2.83287E-1	6.96911E-2
2.53025E+11	1.17099E-4	3.41908E+1	2.43132E-1	1.65175E-1
2.53113E+11	1.40272E-4	-1.14966E+2	-1.33442E-1	-2.86613E-1
2.53200E+11	1.12823E-4	1.15281E+2	-1.22482E-1	2.59335E-1
2.53287E+11	1.48926E-4	-2.81867E+1	2.85142E-1	-1.52807E-1
2.53375E+11	1.08672E-4	-1.60543E+2	-2.67455E-1	-9.44872E-2
2.53462E+11	1.50766E-4	6.52424E+1	1.36187E-1	2.95310E-1
2.53550E+11	1.13467E-4	-6.90453E+1	9.99813E-2	-2.61077E-1
2.53637E+11	1.60787E-4	1.59335E+2	-2.93026E-1	1.10522E-1
2.53725E+11	1.28935E-4	1.60480E+1	2.65379E-1	7.63367E-2
2.53813E+11	1.61472E-4	-1.09706E+2	-1.00633E-1	-2.80967E-1
2.53900E+11	1.42545E-4	1.12103E+2	-1.07053E-1	2.63601E-1
2.53988E+11	1.59247E-4	-4.93041E+0	2.93595E-1	-2.53269E-2
2.54075E+11	1.52330E-4	-1.36188E+2	-2.09441E-1	-2.00929E-1
2.54163E+11	1.67860E-4	9.95559E+1	-4.96063E-2	2.94670E-1
2.54250E+11	1.56727E-4	-3.44664E+1	2.39486E-1	-1.64387E-1
2.54337E+11	1.71521E-4	-1.64003E+2	-2.84937E-1	-8.16882E-2
2.54425E+11	1.41721E-4	5.93915E+1	1.38886E-1	2.34764E-1
2.54512E+11	1.92106E-4	-8.11812E+1	4.89017E-2	-3.15201E-1
2.54600E+11	1.27844E-4	1.42459E+2	-2.15274E-1	1.65429E-1
2.54687E+11	1.92604E-4	9.52147E+0	3.23319E-1	5.42295E-2
2.54775E+11	1.23071E-4	-1.27118E+2	-1.51767E-1	-2.00540E-1
2.54863E+11	2.29247E-4	9.89891E+1	-5.18362E-2	3.27683E-1
2.54950E+11	1.45645E-4	-4.58607E+1	1.83778E-1	-1.89384E-1
2.55038E+11	2.44620E-4	-1.75897E+2	-3.32931E-1	-2.38839E-2
2.55125E+11	1.35570E-4	3.90784E+1	1.93398E-1	1.57050E-1
2.55213E+11	2.31227E-4	-8.43923E+1	3.26746E-2	-3.32782E-1
2.55300E+11	1.50805E-4	1.30485E+2	-1.80708E-1	2.11692E-1
2.55388E+11	2.29471E-4	7.84515E+0	3.37984E-1	4.65694E-2
2.55475E+11	1.55599E-4	-1.40508E+2	-2.11478E-1	-1.74278E-1
2.55562E+11	2.32595E-4	9.01288E+1	-7.44116E-4	3.31068E-1
2.55650E+11	1.79533E-4	-5.43889E+1	1.65467E-1	-2.31027E-1
2.55737E+11	2.58721E-4	1.78795E+2	-3.40115E-1	7.15341E-3
2.55825E+11	1.80117E-4	4.31010E+1	2.03721E-1	1.90646E-1
2.55912E+11	2.76418E-4	-8.59937E+1	2.42767E-2	-3.46626E-1
2.56000E+11	1.88767E-4	1.39027E+2	-2.17296E-1	1.88711E-1
2.56088E+11	3.10444E-4	5.79735E+0	3.77136E-1	3.82904E-2
2.56175E+11	1.78395E-4	-1.34446E+2	-2.04038E-1	-2.08022E-1
2.56263E+11	3.13132E-4	9.26647E+1	-1.82567E-2	3.92261E-1
2.56350E+11	1.19277E-4	1.76619E+2	-2.96799E-1	1.75368E-2
2.56438E+11	2.56925E-4	5.12758E+1	2.52206E-1	3.14532E-1
2.56525E+11	1.23600E-4	-1.00298E+2	-5.20191E-2	-2.86295E-1
2.56612E+11	2.21605E-4	1.37110E+2	-2.91859E-1	2.71115E-1
2.56700E+11	1.46220E-4	-2.34438E+1	2.83772E-1	-1.23057E-1
2.56787E+11	2.56279E-4	-1.43975E+2	-3.25162E-1	-2.36458E-1
2.56875E+11	1.78534E-4	5.61184E+1	1.80648E-1	2.69019E-1
2.56962E+11	2.49613E-4	-6.11615E+1	1.88817E-1	-3.42911E-1
2.57050E+11	1.84683E-4	1.40027E+2	-2.52621E-1	2.11772E-1
2.57137E+11	2.53541E-4	2.00128E+1	3.65306E-1	1.33053E-1
2.57225E+11	1.65399E-4	-1.39633E+2	-2.43388E-1	-2.06895E-1
2.57313E+11	2.76937E-4	9.58956E+1	-3.99748E-2	3.87119E-1
2.57400E+11	1.67296E-4	-6.08938E+1	1.47904E-1	-2.65662E-1
2.57488E+11	3.40373E-4	1.73665E+2	-4.13824E-1	4.59419E-2
2.57575E+11	1.69380E-4	1.86790E+1	2.76176E-1	9.33674E-2
2.57663E+11	3.93697E-4	-1.01679E+2	-8.57579E-2	-4.14880E-1
2.57750E+11	1.59293E-4	1.01245E+2	-5.31544E-2	2.67356E-1
2.57837E+11	3.55056E-4	-1.40543E+1	4.05556E-1	-1.01525E-1
2.57925E+11	1.43299E-4	-1.77087E+2	-2.60455E-1	-1.32536E-2
2.58012E+11	3.26906E-4	7.00029E+1	1.36841E-1	3.76027E-1
2.58100E+11	1.33268E-4	-9.87236E+1	-3.89929E-2	-2.54118E-1
2.58187E+11	2.97642E-4	1.54266E+2	-3.49526E-1	1.68475E-1
2.58275E+11	1.46317E-4	-1.20970E+1	2.63163E-1	-5.64027E-2
2.58363E+11	2.71883E-4	-1.14938E+2	-1.55049E-1	-3.33444E-1
2.58450E+11	1.25310E-4	7.97046E+1	4.67276E-2	2.57244E-1
2.58538E+11	2.12357E-4	-2.77007E+1	3.11941E-1	-1.63778E-1
2.58625E+11	1.11656E-4	1.67508E+2	-2.52512E-1	5.59456E-2
2.58713E+11	2.04205E-4	5.78473E+1	1.85394E-1	2.94940E-1
2.58800E+11	9.59461E-5	-1.02599E+2	-5.41240E-2	-2.42164E-1
2.58887E+11	2.15023E-4	1.48464E+2	-3.10607E-1	1.90606E-1
2.58975E+11	9.41773E-5	-6.17557E+0	2.49384E-1	-2.69842E-2
2.59062E+11	2.16279E-4	-1.12325E+2	-1.44188E-1	-3.51126E-1
2.59150E+11	7.34790E-5	9.07596E+1	-3.01814E-3	2.27656E-1
2.59237E+11	1.98969E-4	-1.34579E+1	3.59618E-1	-8.60570E-2
2.59325E+11	7.34744E-5	-1.77517E+2	-2.33243E-1	-1.01132E-2
2.59412E+11	2.08805E-4	8.28992E+1	4.65045E-2	3.73318E-1
2.59500E+11	8.82799E-5	-8.79416E+1	8.73705E-3	-2.43089E-1
2.59588E+11	2.05601E-4	1.73831E+2	-3.64393E-1	3.93870E-2
2.59675E+11	1.07560E-4	7.15632E-1	2.62036E-1	3.27303E-3
2.59763E+11	2.01233E-4	-9.71479E+1	-4.55361E-2	-3.63112E-1
2.59850E+11	1.08985E-4	9.44796E+1	-2.11769E-2	2.70309E-1
2.59938E+11	1.88795E-4	-4.26587E+0	3.54163E-1	-2.64175E-2
2.60025E+11	1.21885E-4	-1.73512E+2	-2.80531E-1	-3.19029E-2
2.60112E+11	1.96690E-4	8.47341E+1	3.21793E-2	3.49144E-1
2.60200E+11	1.25927E-4	-8.74179E+1	1.24750E-2	-2.76630E-1
2.60287E+11	1.77491E-4	1.64973E+2	-3.19781E-1	8.58483E-2
2.60375E+11	1.27286E-4	-7.09689E+0	2.65442E-1	-3.30479E-2
2.60462E+11	1.96792E-4	-1.06882E+2	-9.81428E-2	-3.23384E-1
2.60550E+11	1.24563E-4	9.03160E+1	-1.45820E-3	2.64350E-1
2.60638E+11	1.82459E-4	-9.72857E-2	3.23952E-1	-5.50058E-4
2.60725E+11	1.13290E-4	-1.70027E+2	-2.45775E-1	-4.32193E-2
2.60813E+11	1.69258E-4	9.89582E+1	-4.80233E-2	3.04647E-1
2.60900E+11	9.78155E-5	-7.98133E+1	4.26111E-2	-2.37139E-1
2.60988E+11	1.23056E-4	-1.67980E+2	-2.72979E-1	-5.81224E-2
2.61075E+11	8.78501E-5	7.68703E+0	2.35077E-1	3.17295E-2
2.61163E+11	1.06111E-4	-7.44667E+1	7.14174E-2	-2.56942E-1
2.61250E+11	9.72880E-5	1.05961E+2	-6.70084E-2	2.34288E-1
2.61337E+11	8.99178E-5	2.43544E+1	2.19270E-1	9.92547E-2
2.61425E+11	9.16373E-5	-1.60398E+2	-2.22582E-1	-7.92663E-2
2.61512E+11	9.06982E-5	1.13272E+2	-9.29365E-2	2.16090E-1
2.61600E+11	9.68848E-5	-6.73419E+1	9.35258E-2	-2.24040E-1
2.61687E+11	7.88882E-5	-1.51349E+2	-1.88861E-1	-1.03188E-1
2.61775E+11	8.31522E-5	3.24274E+1	1.83593E-1	1.16635E-1
2.61863E+11	8.35009E-5	-5.64016E+1	1.22169E-1	-1.83891E-1
2.61950E+11	9.02776E-5	1.27657E+2	-1.34819E-1	1.74706E-1
2.62038E+11	7.87074E-5	4.28213E+1	1.57860E-1	1.46289E-1
2.62125E+11	6.93184E-5	-1.32990E+2	-1.37131E-1	-1.47109E-1
2.62213E+11	7.66842E-5	1.48715E+2	-1.84265E-1	1.11969E-1
2.62300E+11	7.93805E-5	-2.84076E+1	1.82480E-1	-9.86978E-2
2.62387E+11	7.05134E-5	-1.08438E+2	-6.35253E-2	-1.90543E-1
2.62475E+11	6.86332E-5	6.30825E+1	8.69920E-2	1.71341E-1
2.62562E+11	7.61070E-5	-2.16630E+1	1.85605E-1	-7.37222E-2
2.62650E+11	8.33537E-5	1.48488E+2	-1.82030E-1	1.11600E-1
2.62737E+11	6.44720E-5	6.37655E+1	8.52693E-2	1.73027E-1
2.62825E+11	8.47156E-5	-1.30493E+2	-1.41315E-1	-1.65501E-1
2.62913E+11	6.85469E-5	1.46289E+2	-1.62339E-1	1.08312E-1
2.63000E+11	9.88694E-5	-3.94685E+1	1.82294E-1	-1.50103E-1
2.63088E+11	6.56694E-5	-1.28392E+2	-1.20570E-1	-1.52165E-1
2.63175E+11	8.92480E-5	5.13855E+1	1.42733E-1	1.78706E-1
2.63263E+11	6.98457E-5	-3.96952E+1	1.56860E-1	-1.30205E-1
2.63350E+11	7.98230E-5	1.47868E+2	-1.92819E-1	1.21104E-1
2.63438E+11	7.18699E-5	5.73470E+1	1.19536E-1	1.86532E-1
2.63525E+11	7.72904E-5	-1.20659E+2	-1.15640E-1	-1.95074E-1
2.63612E+11	8.46356E-5	1.50483E+2	-2.03130E-1	1.15005E-1
2.63700E+11	8.07252E-5	-2.18804E+1	2.17128E-1	-8.71985E-2
2.63787E+11	7.20805E-5	-1.04090E+2	-5.39279E-2	-2.14854E-1
2.63875E+11	7.61636E-5	7.67851E+1	5.19663E-2	2.21301E-1
2.63962E+11	7.42667E-5	-1.18613E+1	2.15903E-1	-4.53455E-2
2.64050E+11	9.12582E-5	1.64095E+2	-2.40510E-1	6.85356E-2
2.64138E+11	6.37964E-5	7.49842E+1	5.38427E-2	2.00723E-1
2.64225E+11	1.03542E-4	-1.06896E+2	-7.64151E-2	-2.51567E-1
2.64313E+11	6.57249E-5	1.58481E+2	-1.96820E-1	7.76060E-2
2.64400E+11	1.24125E-4	-1.59878E+1	2.75244E-1	-7.88617E-2
2.64488E+11	6.93717E-5	-1.16034E+2	-9.17713E-2	-1.87879E-1
2.64575E+11	1.30477E-4	7.21330E+1	9.01391E-2	2.79626E-1
2.64662E+11	7.51933E-5	-3.80704E+1	1.74822E-1	-1.36932E-1
2.64750E+11	1.40966E-4	1.63348E+2	-2.89053E-1	8.64538E-2
2.64837E+11	8.48008E-5	5.63602E+1	1.29312E-1	1.94338E-1
2.64925E+11	1.48818E-4	-1.01202E+2	-5.96365E-2	-3.01129E-1
2.65012E+11	8.78045E-5	1.47917E+2	-1.99086E-1	1.24806E-1
2.65100E+11	1.28686E-4	-1.25166E+1	2.87209E-1	-6.37600E-2
2.65187E+11	7.42070E-5	-1.24830E+2	-1.24486E-1	-1.78912E-1
2.65275E+11	1.29171E-4	7.74905E+1	6.35802E-2	2.86566E-1
2.65363E+11	7.58110E-5	-2.98886E+1	1.92194E-1	-1.10466E-1
2.65450E+11	1.44347E-4	1.78433E+2	-2.97858E-1	8.14733E-3
2.65538E+11	6.89287E-5	6.53861E+1	8.70021E-2	1.89908E-1
2.65625E+11	1.55834E-4	-9.29361E+1	-1.61091E-2	-3.14079E-1
2.65713E+11	7.97779E-5	1.53142E+2	-1.96203E-1	9.93596E-2
2.65800E+11	1.78873E-4	6.81705E+0	3.27128E-1	3.91064E-2
2.65887E+11	7.34916E-5	-1.10714E+2	-7.40584E-2	-1.95848E-1
2.65975E+11	1.91816E-4	1.04398E+2	-8.00057E-2	3.11653E-1
2.66062E+11	8.87158E-5	-2.37758E+1	2.01939E-1	-8.89636E-2
2.66150E+11	2.36613E-4	-1.59926E+2	-3.22221E-1	-1.17748E-1
2.66237E+11	9.68006E-5	7.25088E+1	6.70471E-2	2.12760E-1
2.66325E+11	2.39973E-4	-5.52684E+1	1.95458E-1	-2.81945E-1
2.66413E+11	1.14172E-4	1.78989E+2	-2.41597E-1	4.26384E-3
2.66500E+11	2.41545E-4	5.67773E+1	1.88291E-1	2.87490E-1
2.66588E+11	1.12208E-4	-7.90388E+1	4.46883E-2	-2.30737E-1
2.66675E+11	2.34764E-4	1.48240E+2	-2.82465E-1	1.74864E-1
2.66763E+11	1.27092E-4	4.76679E+0	2.48503E-1	2.07223E-2
2.66850E+11	2.41971E-4	-1.21960E+2	-1.79217E-1	-2.87251E-1
2.66937E+11	1.16537E-4	1.08208E+2	-7.45130E-2	2.26520E-1
2.67025E+11	3.02985E-4	-2.27531E+1	3.47279E-1	-1.45649E-1
2.67112E+11	1.31658E-4	-1.63407E+2	-2.41881E-1	-7.20756E-2
2.67200E+11	3.72420E-4	6.34749E+1	1.85558E-1	3.71763E-1
2.67287E+11	1.14320E-4	-8.48679E+1	2.12390E-2	-2.36483E-1
2.67375E+11	3.40896E-4	1.45788E+2	-3.23706E-1	2.20086E-1
2.67462E+11	1.13152E-4	-5.61876E+0	2.32839E-1	-2.29071E-2
2.67550E+11	3.30846E-4	-1.23280E+2	-2.14974E-1	-3.27516E-1
2.67638E+11	1.13341E-4	8.89178E+1	4.55577E-3	2.41179E-1
2.67725E+11	2.81332E-4	-2.91424E+1	3.21364E-1	-1.79181E-1
2.67813E+11	1.31222E-4	1.67099E+2	-2.49608E-1	5.71728E-2
2.67900E+11	3.06039E-4	4.76169E+1	2.53785E-1	2.78095E-1
2.67988E+11	1.37091E-4	-1.11022E+2	-9.49528E-2	-2.47082E-1
2.68075E+11	2.64518E-4	1.33573E+2	-2.48062E-1	2.60733E-1
2.68162E+11	1.33409E-4	-2.47809E+1	2.35123E-1	-1.08547E-1
2.68250E+11	2.34920E-4	-1.48378E+2	-2.92020E-1	-1.79806E-1
2.68337E+11	1.27405E-4	5.98807E+1	1.27946E-1	2.20547E-1
2.68425E+11	3.02419E-4	-6.41372E+1	1.65569E-1	-3.41539E-1
2.68512E+11	1.30536E-4	1.42458E+2	-2.01488E-1	1.54843E-1
2.68600E+11	3.56096E-4	2.03737E+1	3.86092E-1	1.43385E-1
2.68688E+11	1.16925E-4	-1.32981E+2	-1.58567E-1	-1.70158E-1
2.68775E+11	3.28860E-4	1.12159E+2	-1.52038E-1	3.73313E-1
2.68863E+11	1.13467E-4	-4.75481E+1	1.56822E-1	-1.71430E-1
2.68950E+11	3.15222E-4	-1.53663E+2	-3.42164E-1	-1.69381E-1
2.69038E+11	9.85815E-5	4.40061E+1	1.49137E-1	1.44051E-1
2.69125E+11	2.62245E-4	-6.50426E+1	1.46138E-1	-3.14004E-1
2.69212E+11	1.15173E-4	1.23176E+2	-1.22550E-1	1.87445E-1
2.69300E+11	2.48945E-4	1.75781E+1	3.05766E-1	9.68660E-2
2.69387E+11	1.27441E-4	-1.44081E+2	-1.81835E-1	-1.31720E-1
2.69475E+11	2.31838E-4	1.05842E+2	-8.28009E-2	2.91804E-1
2.69562E+11	1.52731E-4	-6.44660E+1	1.03928E-1	-2.17558E-1
2.69650E+11	2.38967E-4	-1.74242E+2	-3.08500E-1	-3.11059E-2
2.69737E+11	1.30801E-4	2.47577E+1	2.06054E-1	9.50256E-2
2.69825E+11	2.39554E-4	-8.73882E+1	1.44001E-2	-3.15676E-1
2.69913E+11	1.22506E-4	1.06920E+2	-6.52334E-2	2.14438E-1
2.70000E+11	2.93919E-4	-9.44085E-1	3.46720E-1	-5.71357E-3
2.70088E+11	1.15391E-4	-1.66409E+2	-2.17541E-1	-5.25929E-2
2.70175E+11	2.44547E-4	9.04410E+1	-2.55281E-3	3.31686E-1
2.70263E+11	1.10292E-4	-8.33446E+1	2.54526E-2	-2.18132E-1
2.70350E+11	2.31924E-4	1.70946E+2	-3.18516E-1	5.07566E-2
2.70437E+11	9.80414E-5	-1.06187E+1	2.13157E-1	-3.99634E-2
2.70525E+11	2.06342E-4	-1.16428E+2	-1.36550E-1	-2.74737E-1
2.70612E+11	1.02847E-4	6.12813E+1	1.06097E-1	1.93640E-1
2.70700E+11	2.05593E-4	-3.97702E+1	2.36315E-1	-1.96682E-1
2.70787E+11	1.10715E-4	1.41225E+2	-1.80667E-1	1.45132E-1
2.70875E+11	1.87668E-4	3.27319E+1	2.52494E-1	1.62297E-1
2.70963E+11	1.09037E-4	-1.56882E+2	-2.19965E-1	-9.39028E-2
2.71050E+11	1.84442E-4	8.78622E+1	1.13249E-2	3.03384E-1
2.71138E+11	1.09463E-4	-9.05132E+1	-2.12251E-3	-2.36957E-1
2.71225E+11	1.74488E-4	1.63196E+2	-2.85647E-1	8.62651E-2
2.71313E+11	1.23732E-4	-1.19497E+0	2.52371E-1	-5.26428E-3
2.71400E+11	1.93347E-4	-1.00544E+2	-5.77556E-2	-3.10305E-1
2.71488E+11	1.24183E-4	8.92937E+1	3.07260E-3	2.49223E-1
2.71575E+11	2.03354E-4	-1.46257E+1	3.11829E-1	-8.13745E-2
2.71662E+11	1.12370E-4	1.67482E+2	-2.40796E-1	5.34613E-2
2.71750E+11	1.96445E-4	6.65994E+1	1.28997E-1	2.98086E-1
2.71837E+11	9.87473E-5	-1.07233E+2	-7.03147E-2	-2.26683E-1
2.71925E+11	1.81543E-4	1.58705E+2	-2.95041E-1	1.15000E-1
2.72012E+11	1.13855E-4	-2.17061E+1	2.36273E-1	-9.40534E-2
2.72100E+11	1.69076E-4	-1.14936E+2	-1.27254E-1	-2.73699E-1
2.72188E+11	1.20961E-4	5.58802E+1	1.49919E-1	2.21265E-1
2.72275E+11	1.43924E-4	-3.88577E+1	2.25667E-1	-1.81815E-1
2.72363E+11	1.32407E-4	1.45198E+2	-2.34888E-1	1.63261E-1
2.72450E+11	1.33099E-4	6.01038E+1	1.39004E-1	2.41772E-1
2.72538E+11	1.18850E-4	-1.12208E+2	-1.00979E-1	-2.47344E-1
2.72625E+11	1.36073E-4	1.49755E+2	-2.39913E-1	1.39884E-1
2.72712E+11	1.21876E-4	-2.78178E+1	2.38146E-1	-1.25655E-1
2.72800E+11	1.33551E-4	-1.24547E+2	-1.55965E-1	-2.26534E-1
2.72887E+11	1.17982E-4	7.09824E+1	8.66319E-2	2.51346E-1
2.72975E+11	1.34904E-4	-1.79805E+1	2.70743E-1	-8.78678E-2
2.73062E+11	1.22627E-4	-1.78813E+2	-2.70705E-1	-5.60735E-3
2.73150E+11	1.39730E-4	9.39851E+1	-1.96079E-2	2.81456E-1
2.73238E+11	1.05983E-4	-7.71834E+1	5.60966E-2	-2.46579E-1
2.73325E+11	1.17546E-4	-1.71973E+2	-2.59422E-1	-3.65845E-2
2.73413E+11	9.58778E-5	8.23895E+0	2.42004E-1	3.50413E-2
2.73500E+11	1.11123E-4	-7.94881E+1	4.58417E-2	-2.47053E-1
2.73588E+11	1.40650E-4	1.03834E+2	-6.74469E-2	2.73901E-1
2.73675E+11	1.14686E-4	1.75183E+1	2.42415E-1	7.65185E-2
2.73763E+11	2.05383E-4	-1.56291E+2	-3.06171E-1	-1.34454E-1
2.73850E+11	1.18508E-4	1.04157E+2	-6.24471E-2	2.47570E-1
2.73937E+11	2.07106E-4	-6.90807E+1	1.21152E-1	-3.16946E-1
2.74025E+11	1.14550E-4	-1.68420E+2	-2.48772E-1	-5.09763E-2
2.74112E+11	2.06474E-4	2.67811E+1	2.97274E-1	1.50040E-1
2.74200E+11	1.07407E-4	-7.33567E+1	7.07175E-2	-2.36565E-1
2.74287E+11	1.72552E-4	1.27969E+2	-1.94951E-1	2.49803E-1
2.74375E+11	1.11543E-4	3.21452E+1	2.14967E-1	1.35085E-1
2.74463E+11	1.94340E-4	-1.23734E+2	-1.80237E-1	-2.69908E-1
2.74550E+11	1.26675E-4	1.38459E+2	-1.97459E-1	1.74946E-1
2.74638E+11	1.73671E-4	-2.18855E+1	2.88688E-1	-1.15967E-1
2.74725E+11	1.14286E-4	-1.24089E+2	-1.41968E-1	-2.09773E-1
2.74813E+11	1.62719E-4	6.47837E+1	1.27911E-1	2.71625E-1
2.74900E+11	9.52961E-5	-3.19084E+1	2.03314E-1	-1.26593E-1
2.74988E+11	1.77713E-4	1.53084E+2	-2.78464E-1	1.41371E-1
2.75075E+11	9.95934E-5	5.02219E+1	1.52495E-1	1.83172E-1
2.75162E+11	2.26764E-4	-1.28580E+2	-2.18778E-1	-2.74259E-1
2.75250E+11	8.76288E-5	1.24361E+2	-1.26861E-1	1.85548E-1
2.75338E+11	2.33213E-4	-4.74661E+1	2.43653E-1	-2.65584E-1
2.75425E+11	8.82775E-5	-1.51729E+2	-1.98981E-1	-1.07011E-1
2.75512E+11	2.19932E-4	5.09124E+1	2.26787E-1	2.79185E-1
2.75600E+11	7.58442E-5	-6.02698E+1	1.05461E-1	-1.84667E-1
2.75688E+11	2.07679E-4	1.38786E+2	-2.54274E-1	2.22707E-1
2.75775E+11	8.55183E-5	1.29396E+1	2.19644E-1	5.04652E-2
2.75862E+11	2.00285E-4	-1.46151E+2	-2.81935E-1	-1.89091E-1
2.75950E+11	9.44182E-5	1.02193E+2	-4.95727E-2	2.29414E-1
2.76038E+11	2.10519E-4	-3.74802E+1	2.64021E-1	-2.02445E-1
2.76125E+11	1.11348E-4	-1.43261E+2	-1.93494E-1	-1.44432E-1
2.76213E+11	2.38816E-4	7.03443E+1	1.19544E-1	3.34687E-1
2.76300E+11	1.18211E-4	-5.16551E+1	1.53376E-1	-1.93896E-1
2.76387E+11	2.77376E-4	1.49659E+2	-3.24402E-1	1.89879E-1
2.76475E+11	1.10368E-4	3.15949E+1	2.05448E-1	1.26367E-1
2.76563E+11	3.22349E-4	-1.14151E+2	-1.66121E-1	-3.70475E-1
2.76650E+11	1.12266E-4	1.29095E+2	-1.47038E-1	1.80961E-1
2.76737E+11	3.52418E-4	-1.78046E+1	4.06141E-1	-1.30433E-1
2.76825E+11	1.14235E-4	-1.49973E+2	-2.07349E-1	-1.19843E-1
2.76913E+11	3.87700E-4	5.65414E+1	2.53809E-1	3.84066E-1
2.77000E+11	1.04918E-4	-8.42555E+1	2.39901E-2	-2.38474E-1
2.77087E+11	3.82788E-4	1.37392E+2	-3.39492E-1	3.12265E-1
2.77175E+11	1.03859E-4	8.06374E+0	2.43772E-1	3.45366E-2
2.77262E+11	3.82770E-4	-1.17227E+2	-2.19941E-1	-4.27472E-1
2.77350E+11	1.14540E-4	1.05461E+2	-6.96832E-2	2.51932E-1
2.77438E+11	3.37253E-4	-2.70750E+1	4.09601E-1	-2.09378E-1
2.77525E+11	1.21536E-4	-1.67674E+2	-2.70194E-1	-5.90402E-2
2.77612E+11	3.57348E-4	6.49903E+1	2.06829E-1	4.43350E-1
2.77700E+11	1.25531E-4	-7.43580E+1	7.90432E-2	-2.82303E-1
2.77788E+11	3.66121E-4	1.60362E+2	-4.87253E-1	1.73865E-1
2.77875E+11	1.19157E-4	1.89544E+1	2.90765E-1	9.98598E-2
2.77962E+11	3.66772E-4	-1.18811E+2	-2.81543E-1	-5.11891E-1
2.78050E+11	1.22163E-4	9.07989E+1	-5.21915E-3	3.74283E-1
2.78138E+11	4.24124E-4	-3.57342E+1	5.80479E-1	-4.17642E-1
2.78225E+11	1.22724E-4	1.79598E+2	-3.94307E-1	2.76452E-3
2.78312E+11	4.43221E-4	6.50093E+1	3.26933E-1	7.01408E-1
2.78400E+11	1.21100E-4	-8.51011E+1	3.39435E-2	-3.96021E-1
2.78487E+11	4.51702E-4	1.58320E+2	-7.08480E-1	2.81646E-1
2.78575E+11	1.25308E-4	-3.66530E+0	4.06601E-1	-2.60464E-2
2.78663E+11	4.55739E-4	-1.10217E+2	-2.67480E-1	-7.26308E-1
2.78750E+11	1.52929E-4	8.69656E+1	2.35526E-2	4.44302E-1
2.78837E+11	4.17298E-4	-1.26653E+1	7.24003E-1	-1.62701E-1
2.78925E+11	1.54126E-4	-1.71141E+2	-4.36767E-1	-6.80753E-2
2.79013E+11	3.43709E-4	9.02545E+1	-3.07584E-3	6.92461E-1
2.79100E+11	1.56638E-4	-6.52204E+1	1.91554E-1	-4.14947E-1
2.79187E+11	3.03143E-4	-1.63884E+2	-6.13001E-1	-1.77124E-1
2.79275E+11	1.51848E-4	3.83363E+1	3.40070E-1	2.68920E-1
2.79363E+11	2.96051E-4	-6.60263E+1	2.39763E-1	-5.39180E-1
2.79450E+11	1.29845E-4	1.35977E+2	-2.75224E-1	2.65998E-1
2.79537E+11	3.20331E-4	2.79137E+1	4.91128E-1	2.60190E-1
2.79625E+11	1.22212E-4	-1.30990E+2	-2.16084E-1	-2.48662E-1
2.79712E+11	3.26664E-4	1.25276E+2	-3.01666E-1	4.26442E-1
2.79800E+11	1.15575E-4	-3.64928E+1	2.44801E-1	-1.81096E-1
2.79888E+11	2.90388E-4	-1.41026E+2	-3.70781E-1	-2.99972E-1
2.79975E+11	1.29855E-4	4.94852E+1	2.02707E-1	2.37215E-1
2.80062E+11	2.98321E-4	-5.17433E+1	2.77815E-1	-3.52322E-1
2.80150E+11	1.51994E-4	1.34567E+2	-2.25505E-1	2.28939E-1
2.80238E+11	2.79267E-4	4.51215E+1	2.94938E-1	2.96191E-1
2.80325E+11	1.51475E-4	-1.25333E+2	-1.78795E-1	-2.52216E-1
2.80412E+11	2.40175E-4	1.40214E+2	-2.90755E-1	2.42123E-1
2.80500E+11	1.36777E-4	-3.17642E+1	2.46457E-1	-1.52597E-1
2.80588E+11	1.99964E-4	-1.31190E+2	-2.28133E-1	-2.60684E-1
2.80675E+11	1.52257E-4	5.81015E+1	1.58598E-1	2.54814E-1
2.80763E+11	1.95557E-4	-4.54944E+1	2.36789E-1	-2.40911E-1
2.80850E+11	1.50132E-4	1.48822E+2	-2.56199E-1	1.55027E-1
2.80937E+11	2.34346E-4	4.20211E+1	2.59073E-1	2.33443E-1
2.81025E+11	1.59319E-4	-1.32512E+2	-1.98644E-1	-2.16693E-1
2.81113E+11	2.67200E-4	1.19719E+2	-1.78226E-1	3.12219E-1
2.81200E+11	1.54193E-4	-5.72159E+1	1.54785E-1	-2.40326E-1
2.81287E+11	2.75383E-4	-1.54583E+2	-3.22282E-1	-1.53146E-1
2.81375E+11	1.52826E-4	3.09944E+1	2.39915E-1	1.44123E-1
2.81463E+11	2.31978E-4	-5.87710E+1	1.76623E-1	-2.91306E-1
2.81550E+11	1.56884E-4	1.18266E+2	-1.37763E-1	2.56213E-1
2.81637E+11	2.00452E-4	2.61192E+1	2.96893E-1	1.45570E-1
2.81725E+11	1.71198E-4	-1.58539E+2	-2.90905E-1	-1.14361E-1
2.81813E+11	1.74894E-4	1.12924E+2	-1.20695E-1	2.85394E-1
2.81900E+11	1.54354E-4	-6.46264E+1	1.25846E-1	-2.65346E-1
2.81988E+11	1.60532E-4	-1.52654E+2	-2.63595E-1	-1.36321E-1
2.82075E+11	1.52954E-4	2.72001E+1	2.64798E-1	1.36089E-1
2.82162E+11	1.58207E-4	-7.27808E+1	8.79356E-2	-2.83737E-1
2.82250E+11	1.54441E-4	1.07496E+2	-9.19294E-2	2.91632E-1
2.82338E+11	1.54448E-4	1.31013E+1	2.98051E-1	6.93657E-2
2.82425E+11	1.56516E-4	-1.55307E+2	-2.85457E-1	-1.31254E-1
2.82512E+11	1.65394E-4	1.05827E+2	-8.74228E-2	3.08400E-1
2.82600E+11	1.75741E-4	-7.44566E+1	8.86198E-2	-3.18616E-1
2.82688E+11	1.61342E-4	-1.77176E+2	-3.11888E-1	-1.53872E-2
2.82775E+11	1.65051E-4	3.85639E-1	3.20365E-1	2.15631E-3
2.82862E+11	1.44140E-4	-9.15417E+1	-7.84126E-3	-2.91345E-1
2.82950E+11	1.57104E-4	9.13466E+1	-7.40151E-3	3.14858E-1
2.83037E+11	1.19285E-4	3.92206E+0	2.76069E-1	1.89273E-2
2.83125E+11	1.65352E-4	-1.76504E+2	-3.27307E-1	-1.99977E-2
2.83213E+11	1.16695E-4	8.59182E+1	1.96759E-2	2.75719E-1
2.83300E+11	1.80247E-4	-9.76613E+1	-4.58415E-2	-3.40785E-1
2.83387E+11	1.05703E-4	1.66693E+2	-2.55764E-1	6.04921E-2
2.83475E+11	1.62982E-4	-7.00522E+0	3.26430E-1	-4.01107E-2
2.83563E+11	1.01851E-4	-1.01082E+2	-5.00906E-2	-2.55735E-1
2.83650E+11	1.69705E-4	9.06412E+1	-3.78089E-3	3.37838E-1
2.83737E+11	1.00145E-4	-4.67090E+0	2.56796E-1	-2.09811E-2
2.83825E+11	1.75482E-4	-1.69292E+2	-3.38714E-1	-6.40502E-2
2.83913E+11	1.04175E-4	8.94755E+1	2.47738E-3	2.70624E-1
2.84000E+11	2.01959E-4	-7.46635E+1	9.69595E-2	-3.53539E-1
2.84087E+11	1.17692E-4	1.76557E+2	-2.83633E-1	1.70642E-2
2.84175E+11	1.99308E-4	6.85244E+0	3.78645E-1	4.55021E-2
2.84262E+11	9.72866E-5	-1.07621E+2	-8.24203E-2	-2.59487E-1
2.84350E+11	1.61716E-4	8.97292E+1	1.66811E-3	3.52972E-1
2.84438E+11	9.03527E-5	-1.86053E+1	2.45770E-1	-8.27361E-2
2.84525E+11	1.92258E-4	1.75674E+2	-3.63902E-1	2.75289E-2
2.84612E+11	9.07457E-5	6.69113E+1	9.76163E-2	2.28984E-1
2.84700E+11	2.49635E-4	-9.99209E+1	-6.98981E-2	-3.99635E-1
2.84788E+11	8.98620E-5	1.47254E+2	-2.05325E-1	1.32050E-1
2.84875E+11	2.96146E-4	-1.70975E+1	4.10284E-1	-1.26200E-1
2.84962E+11	8.73821E-5	-1.36950E+2	-1.69492E-1	-1.58332E-1
2.85050E+11	3.04588E-4	6.38919E+1	1.87490E-1	3.82578E-1
2.85138E+11	8.69166E-5	-5.96702E+1	1.15931E-1	-1.98156E-1
2.85225E+11	3.15974E-4	1.50383E+2	-3.73859E-1	2.12532E-1
2.85313E+11	1.04154E-4	2.43486E+1	2.16730E-1	9.80789E-2
2.85400E+11	3.24923E-4	-1.20360E+2	-2.23462E-1	-3.81487E-1
2.85487E+11	1.12701E-4	1.09806E+2	-8.36012E-2	2.32133E-1
2.85575E+11	3.05314E-4	-3.12355E+1	3.63511E-1	-2.20458E-1
2.85663E+11	9.72387E-5	-1.66215E+2	-2.36767E-1	-5.80895E-2
2.85750E+11	3.08355E-4	4.47448E+1	2.98101E-1	2.95457E-1
2.85837E+11	1.02745E-4	-9.59340E+1	-2.53317E-2	-2.43715E-1
2.85925E+11	3.13684E-4	1.14750E+2	-1.79879E-1	3.90193E-1
2.86013E+11	1.04316E-4	-1.19910E+1	2.34765E-1	-4.98623E-2
2.86100E+11	4.13661E-4	-1.50541E+2	-4.18116E-1	-2.36160E-1
2.86187E+11	9.81217E-5	8.44393E+1	2.29030E-2	2.35243E-1
2.86275E+11	4.52153E-4	-4.62331E+1	3.61336E-1	-3.77234E-1
2.86363E+11	9.68795E-5	1.77777E+2	-2.38379E-1	9.25504E-3
2.86450E+11	4.70238E-4	4.82435E+1	3.58655E-1	4.01748E-1
2.86538E+11	8.86934E-5	-9.97218E+1	-3.99081E-2	-2.32938E-1
2.86625E+11	4.31265E-4	1.40364E+2	-4.17032E-1	3.45444E-1
2.86712E+11	9.64728E-5	-1.48380E+1	2.48998E-1	-6.59648E-2
2.86800E+11	4.16888E-4	-1.26147E+2	-3.23483E-1	-4.42838E-1
2.86888E+11	9.70192E-5	8.43206E+1	2.60973E-2	2.62418E-1
2.86975E+11	3.42597E-4	-1.77312E+1	4.81986E-1	-1.54111E-1
2.87062E+11	8.73799E-5	-1.68147E+2	-2.50682E-1	-5.26141E-2
2.87150E+11	2.83108E-4	8.38677E+1	5.06225E-2	4.71175E-1
2.87238E+11	8.31499E-5	-7.67528E+1	5.68896E-2	-2.41655E-1
2.87325E+11	2.56746E-4	1.63034E+2	-4.37674E-1	1.33529E-1
2.87412E+11	7.98436E-5	7.74580E-1	2.49620E-1	3.37481E-3
2.87500E+11	3.05131E-4	-1.20049E+2	-2.55764E-1	-4.42124E-1
2.87588E+11	8.30758E-5	8.22561E+1	3.41152E-2	2.50873E-1
2.87675E+11	3.63274E-4	-2.58027E+1	4.89669E-1	-2.36744E-1
2.87763E+11	9.62026E-5	1.73101E+2	-2.57117E-1	3.11110E-2
2.87850E+11	3.97100E-4	7.23431E+1	1.64855E-1	5.17904E-1
2.87937E+11	9.95013E-5	-1.01695E+2	-5.27868E-2	-2.55004E-1
2.88025E+11	2.08682E-4	1.53030E+2	-4.60237E-1	2.34195E-1
2.88113E+11	7.11396E-5	-3.22940E+1	2.19763E-1	-1.38896E-1
2.88200E+11	2.29772E-4	-1.29106E+2	-2.93312E-1	-3.60843E-1
2.88287E+11	6.87175E-5	4.71280E+1	1.74575E-1	1.88049E-1
2.88375E+11	1.69067E-4	-4.14897E+1	3.21043E-1	-2.83932E-1
2.88463E+11	6.57804E-5	1.36868E+2	-1.85125E-1	1.73429E-1
2.88550E+11	1.60461E-4	4.81382E+1	2.66940E-1	2.97909E-1
2.88637E+11	7.37717E-5	-1.34075E+2	-1.82655E-1	-1.88652E-1
2.88725E+11	1.58527E-4	1.35024E+2	-2.77295E-1	2.77059E-1
2.88812E+11	7.17954E-5	-4.58287E+1	1.83136E-1	-1.88511E-1
2.88900E+11	1.72231E-4	-1.38778E+2	-2.95594E-1	-2.58977E-1
2.88988E+11	8.34308E-5	4.24307E+1	1.91842E-1	1.75364E-1
2.89075E+11	1.90886E-4	-4.69037E+1	2.80390E-1	-2.99671E-1
2.89162E+11	9.38804E-5	1.26347E+2	-1.64797E-1	2.23959E-1
2.89250E+11	2.05964E-4	3.62885E+1	3.36399E-1	2.47006E-1
2.89338E+11	9.27364E-5	-1.56431E+2	-2.56284E-1	-1.11802E-1
2.89425E+11	1.75785E-4	1.20118E+2	-1.95409E-1	3.36853E-1
2.89512E+11	8.06259E-5	-6.90645E+1	9.35268E-2	-2.44467E-1
2.89600E+11	1.29447E-4	-1.42419E+2	-2.78007E-1	-2.13946E-1
2.89688E+11	6.81186E-5	2.58032E+1	2.36125E-1	1.14163E-1
2.89775E+11	1.15920E-4	-4.64923E+1	2.39149E-1	-2.51943E-1
2.89862E+11	8.08230E-5	1.17437E+2	-1.33600E-1	2.57333E-1
2.89950E+11	1.03784E-4	4.39554E+1	2.45148E-1	2.36368E-1
2.90037E+11	8.49247E-5	-1.47816E+2	-2.64835E-1	-1.66669E-1
2.90125E+11	1.01534E-4	1.39674E+2	-2.63326E-1	2.23521E-1
2.90213E+11	9.28101E-5	-4.49115E+1	2.41410E-1	-2.40665E-1
2.90300E+11	1.03665E-4	-1.18150E+2	-1.73898E-1	-3.24997E-1
2.90387E+11	9.42457E-5	5.50280E+1	2.16331E-1	3.09274E-1
2.90475E+11	1.05236E-4	-2.66587E+1	3.65107E-1	-1.83300E-1
2.90563E+11	1.06805E-4	1.40342E+2	-3.18421E-1	2.63969E-1
2.90650E+11	1.22821E-4	6.01957E+1	2.30335E-1	4.02119E-1
2.90737E+11	1.10148E-4	-1.32238E+2	-3.36397E-1	-3.70505E-1
2.90825E+11	1.16262E-4	1.56426E+2	-5.10103E-1	2.22580E-1
2.90913E+11	1.17029E-4	-3.31872E+1	5.15479E-1	-3.37156E-1
2.91000E+11	1.09482E-4	-1.05657E+2	-1.77909E-1	-6.34779E-1
2.91088E+11	1.32535E-4	5.87276E+1	4.06525E-1	6.69342E-1
2.91175E+11	1.04377E-4	-1.21897E+1	7.08209E-1	-1.52986E-1
2.91262E+11	1.40486E-4	1.54745E+2	-7.47059E-1	3.52409E-1
2.91350E+11	8.20363E-5	8.82533E+1	1.89626E-2	6.21822E-1
2.91438E+11	1.24389E-4	-1.00563E+2	-1.42516E-1	-7.64252E-1
2.91525E+11	6.94892E-5	-1.72604E+2	-5.66420E-1	-7.35280E-2
2.91612E+11	1.41410E-4	-2.98399E+0	8.07959E-1	-4.21169E-2
2.91700E+11	7.58473E-5	-7.83969E+1	1.12515E-1	-5.47976E-1
2.91788E+11	1.45083E-4	9.81593E+1	-1.09726E-1	7.65296E-1
2.91875E+11	7.62158E-5	2.41700E+1	4.90789E-1	2.20261E-1
2.91962E+11	1.49855E-4	-1.48418E+2	-5.92170E-1	-3.64047E-1
2.92050E+11	7.83112E-5	1.32511E+2	-3.24283E-1	3.53751E-1
2.92138E+11	1.46192E-4	-4.99251E+1	4.00380E-1	-4.75890E-1
2.92225E+11	8.51283E-5	-1.37814E+2	-3.29292E-1	-2.98437E-1
2.92313E+11	1.41630E-4	3.83318E+1	4.28151E-1	3.38518E-1
2.92400E+11	8.09316E-5	-4.40343E+1	2.81518E-1	-2.72185E-1
2.92487E+11	1.64050E-4	1.36727E+2	-3.81865E-1	3.59513E-1
2.92575E+11	8.15240E-5	5.48034E+1	2.03666E-1	2.88751E-1
2.92663E+11	2.18904E-4	-1.27131E+2	-3.24799E-1	-4.28985E-1
2.92750E+11	7.62511E-5	1.48754E+2	-2.64535E-1	1.60501E-1
2.92837E+11	2.48863E-4	-3.21091E+1	4.46236E-1	-2.80022E-1
2.92925E+11	7.08864E-5	-1.15917E+2	-1.20175E-1	-2.47301E-1
2.93013E+11	2.75290E-4	7.39734E+1	1.40466E-1	4.89006E-1
2.93100E+11	6.40411E-5	-1.53504E+1	2.39928E-1	-6.58638E-2
2.93187E+11	2.96823E-4	1.74199E+2	-4.84366E-1	4.92100E-2
2.93275E+11	6.80566E-5	6.55924E+1	9.58658E-2	2.11261E-1
2.93362E+11	2.96232E-4	-1.01209E+2	-8.93560E-2	-4.50921E-1
2.93450E+11	7.05883E-5	1.48138E+2	-1.98257E-1	1.23222E-1
2.93538E+11	2.68678E-4	-5.30941E+0	4.48142E-1	-4.16471E-2
2.93625E+11	7.41486E-5	-1.09428E+2	-7.65207E-2	-2.16959E-1
2.93712E+11	2.63455E-4	9.40934E+1	-3.03543E-2	4.24145E-1
2.93800E+11	6.25706E-5	-2.09132E+1	2.03109E-1	-7.76133E-2
2.93888E+11	2.61886E-4	1.77226E+2	-4.19524E-1	2.03244E-2
2.93975E+11	6.33345E-5	6.12874E+1	1.01139E-1	1.84639E-1
2.94062E+11	2.76688E-4	-9.86554E+1	-6.58742E-2	-4.32742E-1
2.94150E+11	5.38164E-5	1.49680E+2	-1.74133E-1	1.01836E-1
2.94238E+11	2.97907E-4	2.15670E+0	4.80339E-1	1.80892E-2
2.94325E+11	5.66621E-5	-1.15551E+2	-9.12676E-2	-1.90912E-1
2.94412E+11	3.41593E-4	1.07826E+2	-1.55327E-1	4.83035E-1
2.94500E+11	4.81339E-5	-1.59707E+1	1.92457E-1	-5.50794E-2
2.94587E+11	3.17722E-4	-1.45471E+2	-4.05767E-1	-2.79180E-1
2.94675E+11	4.33548E-5	7.45740E+1	5.29600E-2	1.91930E-1
2.94763E+11	2.40937E-4	-5.50547E+1	2.71985E-1	-3.89224E-1
2.94850E+11	4.85381E-5	1.56649E+2	-1.96394E-1	8.47880E-2
2.94937E+11	2.26899E-4	4.42391E+1	3.23906E-1	3.15416E-1
2.95025E+11	6.16155E-5	-9.70961E+1	-2.86114E-2	-2.29835E-1
2.95113E+11	2.00207E-4	1.50401E+2	-3.74203E-1	2.12565E-1
2.95200E+11	5.84659E-5	4.14528E+0	2.30365E-1	1.66957E-2
2.95287E+11	1.86119E-4	-1.22052E+2	-2.21256E-1	-3.53370E-1
2.95375E+11	6.04810E-5	8.27685E+1	2.91172E-2	2.29473E-1
2.95463E+11	2.19765E-4	-4.26028E+1	3.22979E-1	-2.97023E-1
2.95550E+11	6.15591E-5	1.71284E+2	-2.30315E-1	3.53089E-2
2.95638E+11	2.33128E-4	6.21997E+1	2.05894E-1	3.90508E-1
2.95725E+11	5.84605E-5	-9.01384E+1	-5.56405E-4	-2.30405E-1
2.95812E+11	2.16492E-4	1.56216E+2	-3.98788E-1	1.75757E-1
2.95900E+11	5.74421E-5	-9.66714E+0	2.24741E-1	-3.82831E-2
2.95988E+11	1.74422E-4	-1.17611E+2	-1.87041E-1	-3.57614E-1
2.96075E+11	5.30797E-5	7.98953E+1	3.85757E-2	2.16461E-1
2.96162E+11	1.63810E-4	-1.21848E+1	3.66691E-1	-7.91793E-2
2.96250E+11	6.52475E-5	-1.79489E+2	-2.39971E-1	-2.14073E-3
2.96338E+11	1.52611E-4	7.94563E+1	6.61288E-2	3.55287E-1
2.96425E+11	8.06075E-5	-1.02169E+2	-5.62294E-2	-2.60751E-1
2.96512E+11	1.50164E-4	1.47942E+2	-3.07146E-1	1.92361E-1
2.96600E+11	8.38739E-5	-2.73993E+1	2.40500E-1	-1.24660E-1
2.96688E+11	1.25520E-4	-1.25393E+2	-2.04511E-1	-2.87848E-1
2.96775E+11	8.54211E-5	8.09425E+1	4.46454E-2	2.80060E-1
2.96863E+11	1.39569E-4	-2.12725E+1	3.36918E-1	-1.31173E-1
2.96950E+11	9.98666E-5	1.68933E+2	-2.88594E-1	5.64486E-2
2.97037E+11	1.39543E-4	6.19188E+1	1.66711E-1	3.12468E-1
2.97125E+11	1.03340E-4	-1.11596E+2	-1.09847E-1	-2.77495E-1
2.97213E+11	1.52090E-4	1.46611E+2	-2.96939E-1	1.95710E-1
2.97300E+11	1.03106E-4	-2.76520E+1	2.55877E-1	-1.34065E-1
2.97387E+11	1.43543E-4	-1.26816E+2	-2.11777E-1	-2.82918E-1
2.97475E+11	9.87987E-5	5.31634E+1	1.77961E-1	2.37568E-1
2.97563E+11	1.43471E-4	-4.51848E+1	2.76787E-1	-2.78579E-1
2.97650E+11	1.06485E-4	1.39994E+2	-2.71406E-1	2.27788E-1
2.97737E+11	1.28313E-4	6.37327E+1	1.80553E-1	3.65846E-1
2.97825E+11	1.21823E-4	-1.16556E+2	-1.87519E-1	-3.75183E-1
2.97913E+11	1.17179E-4	1.69697E+2	-3.51666E-1	6.39307E-2
2.98000E+11	1.48640E-4	-2.74363E+1	3.52970E-1	-1.83245E-1
2.98088E+11	1.15661E-4	-1.23075E+2	-2.15666E-1	-3.31143E-1
2.98175E+11	1.76443E-4	4.41310E+1	3.88745E-1	3.77128E-1
2.98262E+11	1.24646E-4	-4.16261E+1	4.02868E-1	-3.58012E-1
2.98350E+11	1.79618E-4	1.41997E+2	-6.01605E-1	4.70082E-1
2.98438E+11	1.19680E-4	5.96772E+1	3.67656E-1	6.28593E-1
2.98525E+11	1.85626E-4	-1.18766E+2	-5.39494E-1	-9.82728E-1
2.98612E+11	1.18137E-4	1.48257E+2	-1.00459E+0	6.21485E-1
2.98700E+11	1.65733E-4	-3.23750E+1	1.46377E+0	-9.28045E-1
2.98788E+11	1.19731E-4	-1.22086E+2	-9.71624E-1	-1.54971E+0
2.98875E+11	1.56949E-4	6.81987E+1	9.83195E-1	2.45800E+0
2.98962E+11	1.01052E-4	-1.23083E+1	1.77926E+0	-3.88212E-1
2.99050E+11	1.56448E-4	1.76551E+2	-2.72052E+0	1.63979E-1
2.99137E+11	1.03300E-4	9.48545E+1	-2.14399E-1	2.52439E+0
2.99225E+11	1.90159E-4	-8.16069E+1	5.42850E-1	-3.67924E+0
2.99313E+11	8.69094E-5	-1.62515E+2	-2.54230E+0	-8.00868E-1
2.99400E+11	2.15415E-4	2.28557E+1	3.65985E+0	1.54265E+0
2.99487E+11	7.16481E-5	-6.22663E+1	1.00013E+0	-1.90225E+0
2.99575E+11	2.49622E-4	1.28468E+2	-2.30204E+0	2.89737E+0
2.99663E+11	7.34918E-5	3.91274E+1	1.18758E+0	9.66059E-1
2.99750E+11	2.61566E-4	-1.22491E+2	-1.26971E+0	-1.99377E+0
2.99837E+11	6.55426E-5	1.43368E+2	-6.00100E-1	4.46195E-1
2.99925E+11	2.68055E-4	-1.60093E+1	1.10051E+0	-3.15760E-1
3.00013E+11	6.97852E-5	-1.25433E+2	-2.73684E-1	-3.84641E-1
3.00100E+11	2.84785E-4	7.60518E+1	2.07332E-1	8.34776E-1
3.00187E+11	7.39320E-5	-3.34699E+1	3.17016E-1	-2.09589E-1
3.00275E+11	2.71084E-4	1.75877E+2	-6.52936E-1	4.70643E-2
3.00362E+11	7.49578E-5	6.88251E+1	1.11013E-1	2.86582E-1
3.00450E+11	2.98075E-4	-8.69868E+1	3.03813E-2	-5.77169E-1
3.00538E+11	7.41704E-5	1.58271E+2	-2.49719E-1	9.95195E-2
3.00625E+11	3.41813E-4	-1.25234E+1	5.34932E-1	-1.18821E-1
3.00712E+11	6.89082E-5	-1.25920E+2	-1.41444E-1	-1.95253E-1
3.00800E+11	3.57158E-4	7.68218E+1	1.22987E-1	5.25257E-1
3.00888E+11	7.37478E-5	-3.30436E+1	2.03181E-1	-1.32167E-1
3.00975E+11	4.65641E-4	-1.79330E+2	-5.97293E-1	-6.98601E-3
3.01062E+11	6.26000E-5	5.71927E+1	1.22764E-1	1.90439E-1
3.01150E+11	3.80425E-4	-9.80855E+1	-7.96940E-2	-5.60979E-1
3.01238E+11	6.26549E-5	1.21072E+2	-1.08093E-1	1.79388E-1
3.01325E+11	3.67377E-4	-3.10014E+1	4.44405E-1	-2.67040E-1
3.01413E+11	5.79123E-5	-1.69914E+2	-2.04639E-1	-3.64013E-2
3.01500E+11	3.28163E-4	5.34477E+1	2.92585E-1	3.94652E-1
3.01587E+11	5.60740E-5	-7.69596E+1	4.74061E-2	-2.04680E-1
3.01675E+11	2.95477E-4	1.49272E+2	-4.00942E-1	2.38324E-1
3.01763E+11	6.00888E-5	1.97834E+1	1.98258E-1	7.13125E-2
3.01850E+11	2.60342E-4	-1.14179E+2	-1.90923E-1	-4.25232E-1
3.01937E+11	5.83810E-5	1.12268E+2	-7.98165E-2	1.94927E-1
3.02025E+11	2.87219E-4	-2.40391E+1	4.39660E-1	-1.96109E-1
3.02113E+11	5.59883E-5	-1.58706E+2	-1.94940E-1	-7.59824E-2
3.02200E+11	3.33869E-4	6.90166E+1	1.88462E-1	4.91385E-1
3.02287E+11	4.74732E-5	-6.36852E+1	9.41776E-2	-1.90430E-1
3.02375E+11	3.60037E-4	1.74580E+2	-5.73144E-1	5.43789E-2
3.02463E+11	4.41291E-5	3.54930E+1	1.76911E-1	1.26157E-1
3.02550E+11	3.33973E-4	-8.22971E+1	8.01651E-2	-5.92690E-1
3.02638E+11	4.64367E-5	1.22100E+2	-1.21844E-1	1.94236E-1
3.02725E+11	2.80296E-4	5.34050E+0	6.11692E-1	5.71811E-2
3.02812E+11	4.74638E-5	-1.62642E+2	-2.49368E-1	-7.79463E-2
3.02900E+11	2.77355E-4	8.66423E+1	3.93744E-2	6.71121E-1
3.02988E+11	5.18651E-5	-8.30291E+1	3.77268E-2	-3.08554E-1
3.03075E+11	2.51526E-4	1.79061E+2	-7.19646E-1	1.17930E-2
3.03162E+11	5.99043E-5	1.42894E+1	3.61624E-1	9.21060E-2
3.03250E+11	2.55344E-4	-8.35575E+1	9.47280E-2	-8.38906E-1
3.03338E+11	6.39357E-5	1.04896E+2	-1.22729E-1	4.61382E-1
3.03425E+11	2.24590E-4	1.80803E+0	9.75204E-1	3.07839E-2
3.03512E+11	6.36994E-5	-1.75538E+2	-5.48817E-1	-4.28251E-2
3.03600E+11	2.47147E-4	8.47439E+1	9.93477E-2	1.07993E+0
3.03687E+11	6.40274E-5	-8.58428E+1	4.31361E-2	-5.93478E-1
3.03775E+11	2.32381E-4	-1.69625E+2	-1.13002E+0	-2.06893E-1
3.03863E+11	5.99075E-5	1.75022E+1	6.08809E-1	1.91982E-1
3.03950E+11	2.24656E-4	-6.78298E+1	4.31678E-1	-1.05937E+0
3.04037E+11	6.43290E-5	1.04669E+2	-1.58293E-1	6.04704E-1
3.04125E+11	1.77669E-4	1.67310E+1	9.44890E-1	2.84038E-1
3.04213E+11	6.11208E-5	-1.74365E+2	-5.55758E-1	-5.48353E-2
3.04300E+11	1.64148E-4	1.06958E+2	-2.46342E-1	8.07850E-1
3.04387E+11	7.42199E-5	-7.78132E+1	1.15038E-1	-5.32667E-1
3.04475E+11	1.46781E-4	-1.45472E+2	-5.87757E-1	-4.04371E-1
3.04563E+11	7.05268E-5	2.32657E+1	4.51214E-1	1.94004E-1
3.04650E+11	1.27164E-4	-5.79751E+1	3.01184E-1	-4.81529E-1
3.04737E+11	6.96467E-5	1.03779E+2	-1.02454E-1	4.17786E-1
3.04825E+11	1.06217E-4	2.70621E+1	4.45251E-1	2.27475E-1
3.04912E+11	6.97952E-5	-1.59069E+2	-3.64921E-1	-1.39573E-1
3.05000E+11	9.87831E-5	1.27675E+2	-2.64905E-1	3.43052E-1
3.05088E+11	7.56418E-5	-4.96693E+1	2.31966E-1	-2.73229E-1
3.05175E+11	1.06592E-4	-1.32928E+2	-2.64960E-1	-2.84852E-1
3.05262E+11	8.34318E-5	3.46620E+1	2.79062E-1	1.92958E-1
3.05350E+11	9.82453E-5	-5.01662E+1	2.19141E-1	-2.62706E-1
3.05438E+11	9.06472E-5	1.15878E+2	-1.35445E-1	2.79210E-1
3.05525E+11	1.01571E-4	3.68060E+1	2.43165E-1	1.81951E-1
3.05612E+11	8.62489E-5	-1.55655E+2	-2.54077E-1	-1.14959E-1
3.05700E+11	9.65373E-5	1.25643E+2	-1.64422E-1	2.29296E-1
3.05788E+11	1.01582E-4	-7.09790E+1	9.51698E-2	-2.76064E-1
3.05875E+11	8.45818E-5	-1.45628E+2	-2.15801E-1	-1.47605E-1
3.05962E+11	1.12735E-4	1.54233E+1	2.92063E-1	8.05754E-2
3.06050E+11	8.71108E-5	-6.58948E+1	1.00343E-1	-2.24264E-1
3.06137E+11	1.33020E-4	9.34563E+1	-1.85278E-2	3.06771E-1
3.06225E+11	7.62768E-5	1.24779E+1	2.26109E-1	5.00358E-2
3.06313E+11	1.44184E-4	1.76306E+2	-3.13539E-1	2.02405E-2
3.06400E+11	7.67192E-5	9.68730E+1	-2.78486E-2	2.31043E-1
3.06487E+11	1.48666E-4	-9.32677E+1	-1.85704E-2	-3.25264E-1
3.06575E+11	6.81695E-5	-1.74763E+2	-2.34320E-1	-2.14779E-2
3.06663E+11	1.52293E-4	-8.90287E+0	3.29419E-1	-5.16025E-2
3.06750E+11	8.05475E-5	-9.80132E+1	-3.34047E-2	-2.37290E-1
3.06837E+11	1.59563E-4	6.73483E+1	1.32097E-1	3.16537E-1
3.06925E+11	7.58290E-5	-1.61216E+1	2.28440E-1	-6.60290E-2
3.07013E+11	1.50593E-4	1.57005E+2	-3.14651E-1	1.33528E-1
3.07100E+11	6.76756E-5	7.52018E+1	6.00039E-2	2.27134E-1
3.07188E+11	1.57314E-4	-1.17848E+2	-1.68111E-1	-3.18198E-1
3.07275E+11	5.59524E-5	1.58250E+2	-2.11150E-1	8.42392E-2
3.07362E+11	1.46958E-4	-3.37786E+1	3.05344E-1	-2.04245E-1
3.07450E+11	5.29000E-5	-1.09334E+2	-7.26060E-2	-2.06931E-1
3.07538E+11	1.57356E-4	6.64237E+1	1.51723E-1	3.47672E-1
3.07625E+11	5.08838E-5	-1.22691E+1	2.09900E-1	-4.56468E-2
3.07712E+11	1.61153E-4	1.63397E+2	-3.67994E-1	1.09723E-1
3.07800E+11	4.68987E-5	7.20677E+1	6.57822E-2	2.03274E-1
3.07888E+11	1.72035E-4	-9.71807E+1	-4.83252E-2	-3.83571E-1
3.07975E+11	6.19621E-5	1.65140E+2	-2.37224E-1	6.29421E-2
3.08062E+11	2.63341E-4	1.16074E+1	4.82562E-1	9.91205E-2
3.08150E+11	7.38940E-5	-9.35048E+1	-1.59772E-2	-2.60863E-1
3.08238E+11	3.11318E-4	1.13765E+2	-2.21012E-1	5.01927E-1
3.08325E+11	7.31974E-5	-4.95226E+0	2.64417E-1	-2.29115E-2
3.08413E+11	3.26772E-4	-1.66698E+2	-5.36833E-1	-1.26922E-1
3.08500E+11	7.30032E-5	7.04040E+1	8.89305E-2	2.49801E-1
3.08587E+11	3.41821E-4	-8.31105E+1	7.01417E-2	-5.80516E-1
3.08675E+11	7.94049E-5	1.59086E+2	-2.52735E-1	9.65829E-2
3.08763E+11	3.89218E-4	6.67564E+0	6.31744E-1	7.39406E-2
3.08850E+11	7.40228E-5	-1.19220E+2	-1.31681E-1	-2.35427E-1
3.08937E+11	4.74096E-4	8.47595E+1	6.58656E-2	7.18120E-1
3.09025E+11	6.45099E-5	-4.76248E+1	1.86044E-1	-2.03921E-1
3.09113E+11	5.25423E-4	1.72560E+2	-7.93028E-1	1.03554E-1
3.09200E+11	6.27990E-5	3.84614E+1	2.44831E-1	1.94478E-1
3.09287E+11	4.98238E-4	-8.91795E+1	1.40048E-2	-9.77913E-1
3.09375E+11	6.34946E-5	1.26543E+2	-2.17321E-1	2.93235E-1
3.09462E+11	4.42663E-4	-2.68223E+0	1.05591E+0	-4.94672E-2
3.09550E+11	5.40670E-5	-1.59918E+2	-4.60537E-1	-1.68370E-1
3.09638E+11	3.70365E-4	8.38479E+1	1.87285E-1	1.73752E+0
3.09725E+11	5.83900E-5	-6.12870E+1	5.18219E-1	-9.46035E-1
3.09812E+11	2.99957E-4	-1.63213E+2	-3.93076E+0	-1.18577E+0
3.09900E+11	5.07553E-5	4.98284E+1	1.64811E+0	1.95224E+0
3.09988E+11	2.64059E-4	-6.39974E+1	3.48004E+0	-7.13430E+0
3.10075E+11	4.77651E-5	1.36395E+2	-3.34546E+0	3.18635E+0
3.10162E+11	2.58718E-4	2.08694E+1	1.35899E+1	5.18114E+0
3.10250E+11	4.44115E-5	-1.20508E+2	-3.72762E+0	-6.32610E+0
3.10338E+11	2.42029E-4	1.30000E+2	-1.17109E+1	1.39567E+1
3.10425E+11	4.40083E-5	-1.10336E+1	8.96190E+0	-1.74747E+0
3.10512E+11	2.12333E-4	-1.23688E+2	-1.86589E+1	-2.79908E+1
3.10600E+11	6.45409E-5	7.83236E+1	5.98580E+0	2.89643E+1
3.10687E+11	2.36693E-4	-2.60827E+1	8.43507E+1	-4.12915E+1
3.10775E+11	7.16159E-5	1.64836E+2	-4.92463E+1	1.33463E+1
3.10863E+11	2.37685E-4	7.54559E+1	1.60262E+1	6.17724E+1
3.10950E+11	7.69523E-5	-1.06629E+2	-7.94445E+0	-2.66005E+1
3.11037E+11	1.97112E-4	1.61983E+2	-4.53468E+1	1.47493E+1
3.11125E+11	7.79201E-5	-2.87979E+1	2.56862E+1	-1.41199E+1
3.11213E+11	1.85935E-4	-1.14508E+2	-2.08642E+1	-4.57656E+1
3.11300E+11	7.98444E-5	6.10134E+1	1.43154E+1	2.58399E+1
3.11387E+11	1.67713E-4	-2.47575E+1	3.03016E+1	-1.39741E+1
3.11475E+11	8.19721E-5	1.46859E+2	-1.46075E+1	9.53731E+0
3.11563E+11	1.52397E-4	5.06583E+1	1.39384E+1	1.70042E+1
3.11650E+11	9.42354E-5	-1.30617E+2	-8.46558E+0	-9.87103E+0
3.11738E+11	1.65486E-4	1.40677E+2	-1.28485E+1	1.05251E+1
3.11825E+11	8.53335E-5	-3.18694E+1	8.80185E+0	-5.47215E+0
3.11912E+11	1.58218E-4	-1.12059E+2	-4.02524E+0	-9.93312E+0
3.12000E+11	9.02570E-5	6.04471E+1	2.29382E+0	4.04559E+0
3.12088E+11	1.50928E-4	-2.50297E+1	4.27280E+0	-1.99514E+0
3.12175E+11	8.09695E-5	1.45589E+2	-2.32673E+0	1.59381E+0
3.12262E+11	1.16501E-4	7.99545E+1	5.64730E-1	3.18792E+0
3.12350E+11	7.23538E-5	-9.83943E+1	-3.11678E-1	-2.11213E+0
3.12438E+11	1.06712E-4	-1.61138E+2	-2.07402E+0	-7.08555E-1
3.12525E+11	8.77845E-5	4.08408E+0	1.72429E+0	1.23117E-1
3.12612E+11	8.98404E-5	-7.73201E+1	3.62110E-1	-1.60945E+0
3.12700E+11	8.23622E-5	7.98994E+1	2.97878E-1	1.67217E+0
3.12788E+11	7.93782E-5	1.15182E+1	1.80132E+0	3.67078E-1
3.12875E+11	9.24922E-5	-1.72654E+2	-2.19784E+0	-2.83357E-1
3.12963E+11	7.42569E-5	1.23965E+2	-1.37785E+0	2.04546E+0
3.13050E+11	9.05977E-5	-6.24743E+1	1.51101E+0	-2.89944E+0
3.13137E+11	7.12565E-5	-1.46997E+2	-2.63443E+0	-1.71103E+0
3.13225E+11	9.93907E-5	1.72179E+1	4.07976E+0	1.26429E+0
3.13313E+11	8.49089E-5	-7.16950E+1	1.72749E+0	-5.22192E+0
3.13400E+11	9.91137E-5	9.87991E+1	-1.35759E+0	8.77036E+0
3.13487E+11	7.27020E-5	2.00784E+1	1.13556E+1	4.15070E+0
3.13575E+11	8.88567E-5	-1.67383E+2	-2.72850E+1	-6.10753E+0
3.13663E+11	7.88268E-5	1.12051E+2	-1.71508E+1	4.23401E+1
3.13750E+11	1.15529E-4	-8.35137E+1	9.89725E+0	-8.70526E+1
3.13837E+11	7.91446E-5	-1.58852E+2	-1.09758E+2	-4.24582E+1
3.13925E+11	1.38686E-4	1.75088E+1	2.29692E+2	7.24605E+1
3.14012E+11	7.15825E-5	-4.88726E+1	1.51482E+2	-1.73479E+2
3.14100E+11	1.41740E-4	1.24745E+2	-2.12117E+2	3.05825E+2
3.14188E+11	6.30884E-5	4.64580E+1	1.83832E+2	1.93434E+2
3.14275E+11	1.59140E-4	-1.44962E+2	-3.48940E+2	-2.44672E+2
3.14362E+11	6.44536E-5	1.30203E+2	-2.48504E+2	2.94036E+2
3.14450E+11	1.84723E-4	-3.57194E+1	9.04974E+2	-6.50755E+2
3.14538E+11	5.85461E-5	-1.12631E+2	-2.33248E+2	-5.59486E+2
3.14625E+11	1.80933E-4	8.23719E+1	1.86582E+2	1.39315E+3
3.14712E+11	5.92459E-5	-9.68396E+0	7.08051E+2	-1.20825E+2
3.14800E+11	2.05794E-4	1.72836E+2	-1.49148E+3	1.87458E+2
3.14888E+11	5.35108E-5	7.90221E+1	1.64852E+2	8.49839E+2
3.14975E+11	1.66914E-4	-1.03631E+2	-4.32582E+2	-1.78385E+3
3.15062E+11	4.46099E-5	-1.78228E+2	-1.10102E+3	-3.40632E+1
3.15150E+11	1.58308E-4	2.02417E+1	1.52908E+3	5.63857E+2
3.15237E+11	4.14482E-5	-8.50321E+1	6.65975E+1	-7.66151E+2
3.15325E+11	1.92475E-4	1.05456E+2	-4.11171E+2	1.48706E+3
3.15413E+11	3.47749E-5	-1.31269E+1	5.23587E+2	-1.22102E+2
3.15500E+11	2.12129E-4	-1.69431E+2	-1.08195E+3	-2.01867E+2
3.15587E+11	2.82718E-5	9.18325E+1	-1.11779E+1	3.49377E+2
3.15675E+11	2.26496E-4	-5.67035E+1	3.82656E+2	-5.82616E+2
3.15763E+11	2.23854E-5	-1.75513E+2	-1.38510E+2	-1.08705E+1
3.15850E+11	2.01772E-4	3.09009E+1	3.79363E+2	2.27052E+2
3.15937E+11	1.83991E-5	-9.03496E+1	-7.57172E-1	-1.24088E+2
3.16025E+11	1.66508E-4	1.34965E+2	-2.27126E+2	2.27404E+2
3.16113E+11	1.08091E-5	1.78467E+1	6.35831E+1	2.04714E+1
3.16200E+11	7.38870E-5	-1.06707E+2	-3.97555E+1	-1.32454E+2
3.16287E+11	3.04888E-6	1.20914E+2	-1.01685E+1	1.69812E+1
3.16375E+11	1.88756E-5	1.77828E-1	3.66226E+1	1.13665E-1
3.16462E+11	4.42224E-7	-1.40367E+2	-3.31861E+0	-2.74860E+0
3.16550E+11	3.49062E-6	1.07629E+2	-3.13234E+0	9.85697E+0
3.16638E+11	1.45874E-7	-3.61889E+1	1.29680E+0	-9.48725E-1
3.16725E+11	1.28420E-6	-1.49033E+2	-2.97103E+0	-1.78281E+0
3.16812E+11	1.39765E-8	5.44337E+1	1.64037E-1	2.29409E-1
3.16900E+11	1.11437E-7	-5.32032E+1	3.47001E-1	-4.63899E-1
3.16988E+11	2.07865E-9	1.48303E+2	-4.17044E-2	2.57546E-2
3.17075E+11	7.65326E-8	5.98094E+1	9.93228E-2	1.70718E-1
3.17162E+11	5.12663E-10	-1.00963E+2	-1.83512E-3	-9.47361E-3
3.17250E+11	1.57753E-9	1.73210E+2	-1.15574E-2	1.37599E-3
3.17338E+11	1.30864E-11	-1.26008E+1	7.68044E-4	-1.71689E-4
3.17425E+11	1.42570E-10	-1.15768E+2	-8.92127E-4	-1.84808E-3
3.17513E+11	3.19035E-12	3.76245E+1	1.99216E-4	1.53552E-4
3.17600E+11	9.56636E-11	-3.97634E+1	8.97459E-4	-7.46764E-4
3.17687E+11	8.61544E-12	1.29787E+2	-2.06658E-4	2.48156E-4
3.17775E+11	7.85740E-11	5.65348E+1	4.93634E-4	7.46784E-4
3.17863E+11	3.27616E-12	-1.42162E+2	-1.31307E-4	-1.01991E-4
3.17950E+11	1.00835E-10	1.22043E+2	-4.48063E-4	7.15850E-4
3.18037E+11	3.63965E-11	-8.38774E+1	5.88551E-5	-5.48675E-4
3.18125E+11	8.52526E-10	-1.70315E+2	-2.55705E-3	-4.36379E-4
3.18213E+11	8.53154E-10	-5.18540E+0	2.92481E-3	-2.65427E-4
3.18300E+11	1.61085E-8	-9.82293E+1	-2.20790E-3	-1.52665E-2
3.18387E+11	1.98769E-8	6.45037E+1	8.86495E-3	1.85889E-2
3.18475E+11	1.28352E-7	-2.73072E+1	5.57756E-2	-2.87969E-2
3.18563E+11	1.10460E-7	1.31169E+2	-5.58039E-2	6.38133E-2
3.18650E+11	1.78334E-6	5.30002E+1	2.97333E-1	3.94578E-1
3.18738E+11	3.99931E-6	-1.36403E+2	-8.60216E-1	-8.19083E-1
3.18825E+11	2.70269E-5	1.51504E+2	-3.93422E+0	2.13576E+0
3.18912E+11	2.28476E-5	-4.32556E+1	5.07779E+0	-4.77764E+0
3.19000E+11	6.44135E-5	-1.24771E+2	-9.66679E+0	-1.39235E+1
3.19088E+11	4.80767E-5	3.87119E+1	2.15139E+1	1.72432E+1
3.19175E+11	9.21066E-5	-3.96548E+1	5.40409E+1	-4.47936E+1
3.19262E+11	6.94790E-5	1.32470E+2	-9.81739E+1	1.07250E+2
3.19350E+11	8.63515E-5	6.47120E+1	1.47322E+2	3.11831E+2
3.19438E+11	7.57799E-5	-1.23885E+2	-4.21420E+2	-6.27495E+2
3.19525E+11	8.11349E-5	1.39072E+2	-1.01218E+3	8.77633E+2
3.19612E+11	8.09036E-5	-4.02026E+1	1.59409E+3	-1.34723E+3
3.19700E+11	7.87911E-5	-1.20860E+2	-1.07970E+3	-1.80693E+3
3.19787E+11	7.26724E-5	7.76596E+1	7.43004E+2	3.39622E+3
3.19875E+11	6.10656E-5	3.02753E+1	2.89473E+3	1.68987E+3
3.19963E+11	5.07826E-5	1.34620E+2	-3.36091E+3	3.40582E+3
3.20050E+11	3.16870E-5	6.10520E+1	1.85914E+3	3.36117E+3
3.20137E+11	2.28349E-5	-1.25965E+2	-1.75487E+3	-2.41851E+3
3.20225E+11	1.07471E-5	1.69144E+2	-1.82797E+3	3.50548E+2
3.20313E+11	1.42001E-6	-2.28450E+1	9.48671E+2	-3.99661E+2
3.20400E+11	2.73332E-9	-6.00588E+1	1.49278E+1	-2.59172E+1
3.20487E+11	3.28321E-12	7.15886E+1	2.18193E-1	6.55476E-1
3.20575E+11	1.59701E-12	9.53940E+1	-1.07856E-1	1.14228E+0
3.20663E+11	6.90546E-13	1.63199E+2	-5.69415E-1	1.71931E-1
3.20750E+11	5.31793E-12	7.11692E+1	9.23418E-1	2.70775E+0
3.20837E+11	1.86017E-12	1.36247E+2	-8.64505E-1	8.27678E-1
3.20925E+11	3.60959E-12	-1.09752E+2	-6.73520E-1	-1.87570E+0
3.21012E+11	5.25124E-13	4.23622E+1	5.56250E-1	5.07254E-1
3.21100E+11	2.75655E-12	6.14331E+0	1.77897E+0	1.91477E-1
3.21188E+11	6.57824E-12	6.61906E+1	3.22247E+0	7.30305E+0
3.21275E+11	5.06734E-14	-5.80744E+1	3.01595E-1	-4.84051E-1
3.21362E+11	6.24409E-13	6.46676E+1	3.65109E-1	7.71266E-1
3.21450E+11	1.60033E-12	1.56796E+2	-1.47979E+0	6.34354E-1
3.21538E+11	9.65449E-13	5.38068E+1	4.07678E-1	5.57160E-1
3.21625E+11	6.32426E-14	3.30445E+0	2.97541E-1	1.71793E-2
3.21712E+11	3.35816E-13	-1.70825E+1	5.55090E-1	-1.70583E-1
3.21800E+11	6.24593E-13	4.18369E+1	5.14115E-1	4.60267E-1
3.21888E+11	1.78677E-12	8.61143E+1	5.46913E-2	8.05196E-1
3.21975E+11	1.40759E-12	1.27251E+1	1.10437E+0	2.49389E-1
3.22063E+11	1.82357E-13	-1.57314E+1	2.41387E-1	-6.79934E-2
3.22150E+11	9.55033E-13	-1.38660E+2	-1.91875E+0	-1.68804E+0
3.22237E+11	2.32441E-14	1.78954E+2	-1.62825E-1	2.97286E-3
3.22325E+11	9.42784E-14	5.45265E+1	1.04456E-1	1.46586E-1
3.22413E+11	1.44779E-12	1.01210E+2	-2.34509E-1	1.18324E+0
3.22500E+11	8.85743E-13	-8.36686E+1	2.26178E-1	-2.03847E+0
3.22587E+11	7.64806E-13	-6.98310E+1	3.11988E-1	-8.49376E-1
3.22675E+11	5.39059E-13	1.56525E+2	-7.98193E-1	3.46654E-1
3.22763E+11	7.50486E-13	-1.07371E+2	-2.34412E-1	-7.49340E-1
3.22850E+11	1.51353E-13	-1.01260E+2	-4.82043E-2	-2.42124E-1
3.22937E+11	6.25997E-13	-4.79294E+1	1.43647E+0	-1.59142E+0
3.23025E+11	1.04839E-12	-4.83099E+1	3.43890E-1	-3.86108E-1
3.23113E+11	1.29171E-12	-7.94892E+1	1.22726E-1	-6.61471E-1
3.23200E+11	3.08690E-13	3.70371E+1	2.47818E-1	1.86996E-1
3.23288E+11	3.20759E-13	-6.46134E+1	4.68836E-1	-9.87960E-1
3.23375E+11	1.19928E-12	-3.69533E+1	6.43448E-1	-4.84051E-1
3.23462E+11	6.72300E-13	6.32934E+1	1.91454E-1	3.80555E-1
3.23550E+11	3.82049E-13	3.40466E+1	5.61372E-1	3.79315E-1
3.23638E+11	8.84898E-13	6.03728E+1	5.63903E-1	9.91551E-1
3.23725E+11	5.22221E-13	1.47907E+2	-4.00239E-1	2.51005E-1
3.23812E+11	7.09161E-13	4.74270E+1	4.72523E-1	5.14350E-1
3.23900E+11	2.96345E-13	5.62117E+1	2.52165E-1	3.76846E-1
3.23988E+11	4.06344E-13	-5.41774E+1	2.13029E-1	-2.95128E-1
3.24075E+11	1.16089E-12	7.95854E+1	7.14961E-2	3.88993E-1
3.24162E+11	3.96709E-13	-7.06133E+1	7.72342E-2	-2.19480E-1
3.24250E+11	4.13165E-13	-1.04638E+2	-5.11167E-2	-1.95705E-1
3.24338E+11	1.31600E-12	-1.08068E+2	-9.85339E-2	-3.02036E-1
3.24425E+11	1.36283E-13	-6.51555E+1	3.28221E-2	-7.08888E-2
3.24513E+11	7.13590E-13	9.85376E+1	-5.25892E-2	3.50310E-1
3.24600E+11	5.17546E-13	-3.82625E+1	5.92623E-1	-4.67396E-1
3.24687E+11	2.44877E-12	-3.17251E+1	6.03983E-1	-3.73393E-1
3.24775E+11	5.82647E-13	-5.61718E+1	3.66539E-1	-5.46946E-1
3.24863E+11	5.64783E-13	6.06708E+1	4.37555E-1	7.78784E-1
3.24950E+11	8.73907E-13	7.30321E+1	1.05199E-1	3.44780E-1
3.25037E+11	2.25179E-12	5.39681E+1	1.03998E+0	1.42974E+0
3.25125E+11	4.99949E-13	-1.37940E+2	-3.68376E-1	-3.32387E-1
3.25213E+11	1.87120E-12	-7.41457E+1	2.74393E-1	-9.66190E-1
3.25300E+11	2.24860E-13	4.34425E+1	4.73754E-1	4.48674E-1
3.25387E+11	3.40438E-14	-1.78138E+2	-8.47430E-1	-2.75507E-2
3.25475E+11	1.90373E-13	2.02386E+1	2.04750E-1	7.54896E-2
3.25562E+11	7.30046E-13	7.79933E+1	2.02975E-1	9.54375E-1
3.25650E+11	8.72191E-13	-3.50855E+1	6.22125E-1	-4.37001E-1
3.25738E+11	7.03793E-13	-1.69695E+1	5.12659E-1	-1.56438E-1
3.25825E+11	4.66006E-13	-1.66718E+2	-5.89040E-1	-1.39046E-1
3.25912E+11	4.25938E-13	2.21749E+1	5.69856E-1	2.32263E-1
3.26000E+11	3.90691E-13	1.19735E+2	-3.90171E-1	6.83073E-1
3.26088E+11	1.91554E-13	-1.15878E+2	-2.82387E-1	-5.82128E-1
3.26175E+11	4.26200E-14	-1.47129E+2	-9.27279E-1	-5.99221E-1
3.26262E+11	6.62909E-13	8.67281E+1	3.40985E-1	5.96468E+0
3.26350E+11	2.09386E-14	9.03691E+1	-6.70664E-4	1.04119E-1
3.26438E+11	1.24549E-12	-1.40694E+2	-6.50376E-1	-5.32440E-1
3.26525E+11	8.62471E-13	-1.10998E+2	-2.59250E-1	-6.75441E-1
3.26612E+11	1.81773E-14	-9.52705E+1	-1.08534E-2	-1.17655E-1
3.26700E+11	1.78393E-13	-2.29843E+1	2.67772E-1	-1.13576E-1
3.26787E+11	4.32756E-13	2.63566E+1	1.14325E+0	5.66434E-1
3.26875E+11	4.36818E-13	2.14955E+1	4.99366E-1	1.96660E-1
3.26963E+11	1.68774E-12	1.88819E+1	7.93548E-1	2.71411E-1
3.27050E+11	1.87606E-12	9.53764E+1	-9.65055E-2	1.02543E+0
3.27137E+11	3.23989E-12	1.14407E+2	-1.46874E+0	3.23683E+0
3.27225E+11	5.90464E-13	-9.75048E+1	-9.14089E-2	-6.93872E-1
3.27313E+11	2.65571E-12	1.55026E+2	-1.28253E+0	5.97346E-1
3.27400E+11	6.47785E-13	6.31988E+1	2.84745E-1	5.63668E-1
3.27487E+11	2.46021E-12	1.77369E+2	-1.62902E+0	7.48546E-2
3.27575E+11	5.82283E-13	8.16215E+1	7.64374E-2	5.18977E-1
3.27663E+11	1.47465E-12	-4.08630E-1	9.07244E-1	-6.47052E-3
3.27750E+11	8.50489E-13	-7.81790E+1	1.35779E-1	-6.48750E-1
3.27838E+11	5.53350E-13	1.13793E+2	-3.56301E-1	8.08098E-1
3.27925E+11	9.35276E-14	7.10960E+1	1.71898E-1	5.01959E-1
3.28012E+11	7.21899E-14	-1.39179E+2	-1.67919E-1	-1.45051E-1
3.28100E+11	1.07546E-12	5.35045E+1	1.42975E+0	1.93251E+0
3.28188E+11	8.89642E-14	1.07885E+2	-7.75346E-2	2.40260E-1
3.28275E+11	1.76279E-13	-1.51387E+2	-1.93496E+0	-1.05554E+0
3.28362E+11	6.40470E-13	-1.55395E+0	8.20063E-1	-2.22469E-2
3.28450E+11	6.45489E-13	2.31702E+1	2.72838E-1	1.16770E-1
3.28538E+11	1.54396E-12	1.28569E+2	-8.95567E-1	1.12310E+0
3.28625E+11	2.23067E-12	3.99128E+1	1.07816E+0	9.01889E-1
3.28712E+11	1.87389E-12	-1.02848E+2	-3.40351E-1	-1.49228E+0
3.28800E+11	7.02252E-14	1.08497E+2	-1.19358E-1	3.56776E-1
3.28888E+11	2.06786E-12	1.13698E+1	6.43939E-1	1.29487E-1
3.28975E+11	1.29119E-12	5.77061E+1	3.93153E-1	6.22053E-1
3.29063E+11	3.09221E-13	-2.73588E+1	6.81383E-1	-3.52574E-1
3.29150E+11	1.35538E-12	5.11419E+1	4.71487E-1	5.85196E-1
3.29237E+11	2.21631E-13	6.08863E+1	1.39382E+0	2.50279E+0
3.29325E+11	1.53788E-12	2.07058E+0	1.69564E+0	6.13043E-2
3.29413E+11	1.88057E-12	6.24086E+1	5.01149E-1	9.58962E-1
3.29500E+11	1.26508E-13	9.61760E+1	-2.21804E-2	2.04973E-1
3.29587E+11	5.12255E-13	2.89028E+1	7.68661E-1	4.24373E-1
3.29675E+11	7.94358E-13	-8.41764E+1	1.22818E-1	-1.20418E+0
3.29763E+11	1.14248E-12	-1.75116E+2	-1.05453E+0	-9.01047E-2
3.29850E+11	3.03390E-13	1.90459E+1	6.26775E-1	2.16378E-1
3.29937E+11	4.73000E-14	8.24235E+1	2.15489E-2	1.62009E-1
3.30025E+11	4.56274E-13	1.78205E+1	5.17689E-1	1.66416E-1
3.30112E+11	8.99643E-13	5.70216E+1	1.82779E+0	2.81687E+0
3.30200E+11	5.15930E-13	1.85887E+0	4.26411E-1	1.38390E-2
3.30288E+11	3.87268E-14	1.51653E+2	-1.31219E-1	7.07945E-2
3.30375E+11	3.61240E-13	8.29018E+1	5.62468E-2	4.51692E-1
3.30462E+11	8.80949E-14	-1.49682E+2	-1.27729E-1	-7.46921E-2
3.30550E+11	8.07546E-13	1.57451E+2	-4.84076E-1	2.00994E-1
3.30638E+11	1.38186E-12	4.29037E+1	3.99190E-1	3.70999E-1
3.30725E+11	2.29621E-12	1.13982E+2	-1.19457E+0	2.68530E+0
3.30812E+11	1.50856E-12	-5.42636E+1	6.25482E-1	-8.69285E-1
3.30900E+11	1.75365E-12	-1.40253E+2	-1.99114E+0	-1.65582E+0
3.30988E+11	2.24258E-13	5.99048E+1	1.64149E-1	2.83227E-1
3.31075E+11	1.65752E-13	9.32969E+1	-1.35888E-2	2.35895E-1
3.31162E+11	1.26630E-13	-4.92744E+1	3.89753E-1	-4.52721E-1
3.31250E+11	9.91267E-13	-1.02343E+2	-1.02325E-1	-4.67607E-1
3.31337E+11	6.40484E-13	1.45272E+2	-3.02329E-1	2.09560E-1
3.31425E+11	8.44900E-13	4.76290E+1	1.25979E+0	1.38105E+0
3.31513E+11	1.93540E-12	-5.57637E+1	6.88859E-1	-1.01225E+0
3.31600E+11	2.10936E-12	-2.50180E+1	6.67163E-1	-3.11358E-1
3.31687E+11	1.27955E-12	4.56434E+1	1.34955E+0	1.38020E+0
3.31775E+11	2.76735E-13	-2.04939E+1	5.06217E-1	-1.89205E-1
3.31863E+11	1.47216E-12	-1.20524E+2	-9.88580E-1	-1.67666E+0
3.31950E+11	1.73255E-12	1.63232E+1	8.93935E-1	2.61798E-1
3.32037E+11	5.95861E-14	1.44571E+2	-1.50265E+0	1.06901E+0
3.32125E+11	5.67467E-13	4.34254E+1	3.19136E-1	3.02059E-1
3.32213E+11	9.01757E-13	-3.49034E+0	9.79705E-1	-5.97556E-2
3.32300E+11	2.99909E-13	-6.41911E+1	2.04331E-1	-4.22511E-1
3.32387E+11	1.83718E-12	-3.40489E+1	8.14621E-1	-5.50481E-1
3.32475E+11	6.44693E-13	-3.67526E+1	8.50337E-1	-6.35037E-1
3.32562E+11	9.69037E-13	-1.10830E+2	-4.04983E-1	-1.06445E+0
3.32650E+11	1.71455E-12	7.32742E+1	1.54977E-1	5.15722E-1
3.32738E+11	4.97697E-13	-1.04218E+2	-1.85855E-1	-7.33534E-1
3.32825E+11	1.81734E-12	-2.26850E+0	1.52425E+0	-6.03806E-2
3.32912E+11	7.21698E-13	-1.29168E+2	-3.58907E-1	-4.40573E-1
3.33000E+11	4.07061E-12	-1.55089E+0	1.53806E+0	-4.16426E-2
3.33088E+11	5.15925E-13	-6.77770E+1	8.19947E-1	-2.00692E+0
3.33175E+11	1.05043E-12	2.78515E+1	6.78693E-1	3.58614E-1
3.33262E+11	7.24181E-13	1.89673E+1	8.08938E+0	2.78023E+0
3.33350E+11	9.66775E-13	-2.00706E+1	1.65649E+0	-6.05227E-1
3.33438E+11	2.15176E-12	-1.18017E+2	-3.51819E-1	-6.61210E-1
3.33525E+11	2.95532E-12	1.28209E+2	-8.58568E-1	1.09070E+0
3.33613E+11	4.40553E-13	1.65424E+2	-7.00713E-1	1.82215E-1
3.33700E+11	7.13312E-13	1.46506E+2	-1.66915E+0	1.10455E+0
3.33787E+11	5.41184E-14	1.01344E+2	-7.67478E-2	3.82562E-1
3.33875E+11	1.36241E-12	3.94517E+1	1.57601E+0	1.29693E+0
3.33963E+11	5.54593E-13	-1.45626E+2	-4.41191E-1	-3.01792E-1
3.34050E+11	1.55637E-12	4.40362E+1	5.38978E-1	5.21144E-1
3.34137E+11	9.38045E-13	-8.17204E+1	1.82569E-1	-1.25459E+0
3.34225E+11	6.42689E-15	-1.09669E+2	-2.22962E-2	-6.23766E-2
3.34313E+11	1.78165E-13	-6.85786E+1	7.36074E-2	-1.87618E-1
3.34400E+11	1.26223E-12	1.04754E+2	-1.68829E-1	6.41061E-1
3.34487E+11	2.05387E-13	-1.50240E+2	-7.46676E-1	-4.26934E-1
3.34575E+11	1.56678E-12	-2.30791E+1	1.05428E+0	-4.49234E-1
3.34663E+11	9.37996E-13	3.24462E+0	1.54271E+0	8.74562E-2
3.34750E+11	2.33654E-12	1.52088E+1	1.13812E+0	3.09408E-1
3.34838E+11	2.86876E-14	1.66599E+2	-1.26470E-1	3.01309E-2
3.34925E+11	6.95454E-13	-1.59969E+2	-6.88650E-1	-2.51067E-1
3.35012E+11	2.05615E-13	1.48541E+1	2.72537E-1	7.22829E-2
3.35100E+11	2.99868E-13	7.78271E+1	3.31553E-1	1.53701E+0
3.35188E+11	6.95154E-13	-4.19788E+1	7.77336E-1	-6.99395E-1
3.35275E+11	1.02700E-12	-1.95848E+1	7.54216E-1	-2.68339E-1
3.35362E+11	2.69133E-13	9.76263E+1	-7.41369E-1	5.53694E+0
3.35450E+11	1.06584E-13	-1.13782E+2	-3.36666E-1	-7.63985E-1
3.35538E+11	6.98342E-14	1.78371E+2	-9.42569E-1	2.68069E-2
3.35625E+11	1.45137E-12	-1.31988E+1	1.26203E+0	-2.95979E-1
3.35712E+11	1.52985E-12	5.02774E+1	4.09444E-1	4.92782E-1
3.35800E+11	8.18326E-15	1.05111E+2	-4.00058E-2	1.48160E-1
3.35887E+11	4.29624E-14	-1.27325E+1	1.56489E-1	-3.53597E-2
3.35975E+11	2.18203E-12	-2.10454E+1	8.49957E-1	-3.27040E-1
3.36063E+11	1.52090E-12	-1.89222E+1	1.05280E+0	-3.60909E-1
3.36150E+11	2.13489E-12	-3.61510E+1	1.22248E+0	-8.93119E-1
3.36237E+11	1.24729E-12	-1.84607E+1	1.77926E+0	-5.93977E-1
3.36325E+11	3.25827E-12	7.36120E+1	4.46752E-1	1.51910E+0
3.36413E+11	2.87414E-12	-2.24400E+1	5.39018E+0	-2.22608E+0
3.36500E+11	3.25886E-13	9.05764E+1	-3.20643E-3	3.18716E-1
3.36587E+11	1.44057E-13	8.76536E+1	3.80798E-2	9.29333E-1
3.36675E+11	7.35699E-14	1.66751E+2	-2.73146E-1	6.43134E-2
3.36763E+11	1.21694E-13	1.06501E+2	-4.77214E-2	1.61098E-1
3.36850E+11	2.34991E-12	-1.46604E+0	1.12004E+0	-2.86650E-2
3.36937E+11	4.15187E-13	-3.58256E+1	8.90649E-1	-6.42961E-1
3.37025E+11	1.13398E-13	6.63284E+1	7.80013E-2	1.77931E-1
3.37112E+11	4.10999E-13	-8.66735E+1	3.92909E-2	-6.75993E-1
3.37200E+11	1.10405E-12	-1.22331E+1	6.21055E-1	-1.34653E-1
3.37288E+11	3.06963E-13	-4.59536E+1	1.66980E-1	-1.72633E-1
3.37375E+11	8.35401E-15	1.08030E+2	-4.00229E-2	1.22957E-1
3.37462E+11	3.19963E-13	1.40429E+2	-1.68700E+0	1.39416E+0
3.37550E+11	8.74133E-13	8.91400E+0	5.44293E-1	8.53703E-2
3.37638E+11	3.24549E-13	1.83514E+1	1.19245E+0	3.95553E-1
3.37725E+11	6.25764E-14	2.20918E+1	2.45734E-1	9.97410E-2
3.37812E+11	2.44923E-13	7.97814E+1	5.83051E-2	3.23444E-1
3.37900E+11	1.99252E-12	-1.03139E+2	-1.75794E-1	-7.53104E-1
3.37988E+11	1.00937E-12	-1.93909E+1	6.09461E-1	-2.14517E-1
3.38075E+11	5.80639E-13	-1.39060E+2	-2.11828E+0	-1.83747E+0
3.38163E+11	2.71490E-13	-4.44465E+1	4.34800E-1	-4.26479E-1
3.38250E+11	3.36293E-13	7.83551E+1	5.75768E-2	2.79381E-1
3.38337E+11	1.02238E-12	2.72222E+1	4.46145E-1	2.29506E-1
3.38425E+11	3.37421E-13	-1.70318E+2	-1.25963E+0	-2.14908E-1
3.38513E+11	1.49874E-12	-1.78502E+2	-1.85867E+0	-4.85999E-2
3.38600E+11	1.88512E-12	-6.40025E+0	2.22776E+0	-2.49893E-1
3.38687E+11	1.77920E-12	-1.50646E+1	1.47805E+0	-3.97829E-1
3.38775E+11	4.27404E-13	6.61069E+1	3.07203E-1	6.93467E-1
3.38863E+11	1.43768E-12	-3.67816E+1	8.30544E-1	-6.20909E-1
3.38950E+11	3.90516E-13	1.60422E+1	5.91844E-1	1.70180E-1
3.39037E+11	8.31014E-13	1.00739E+1	1.30061E+0	2.31062E-1
3.39125E+11	5.73164E-13	1.45278E+2	-3.74290E+0	2.59386E+0
3.39213E+11	7.62941E-13	1.64383E+1	2.32046E+0	6.84634E-1
3.39300E+11	2.03756E-12	-1.34886E+2	-6.04099E-1	-6.06500E-1
3.39388E+11	3.63346E-12	-1.44079E+2	-1.69025E+0	-1.22447E+0
3.39475E+11	2.23571E-13	6.21254E+1	1.84298E-1	3.48452E-1
3.39562E+11	2.77648E-14	-1.14906E+2	-5.66713E-1	-1.22056E+0
3.39650E+11	9.61456E-13	3.12870E+1	3.85391E-1	2.34202E-1
3.39738E+11	3.23326E-13	1.56800E+2	-7.58438E-1	3.25068E-1
3.39825E+11	1.39189E-12	-3.57117E+1	7.00737E-1	-5.03748E-1
3.39912E+11	3.57668E-15	1.73663E+2	-2.73849E-2	3.04134E-3
3.40000E+11	2.45418E-13	-1.23079E+2	-3.17606E-1	-4.87592E-1
