2.00000E+11	7.52895E-13	-1.72948E+2	-1.25763E+0	-1.55571E-1
2.00088E+11	1.58410E-12	1.31619E+2	-9.51567E-1	1.07108E+0
2.00175E+11	1.61801E-12	4.98361E+1	8.46542E-1	1.00303E+0
2.00263E+11	1.88575E-12	1.08958E+2	-2.69726E-1	7.85202E-1
2.00350E+11	2.35693E-12	-7.80801E+1	1.73327E-1	-8.21081E-1
2.00437E+11	5.20171E-12	3.29334E+1	1.47896E+0	9.58006E-1
2.00525E+11	1.88661E-13	-7.21370E+1	1.58807E-1	-4.92763E-1
2.00612E+11	2.04008E-13	-1.16708E+1	8.23867E-1	-1.70177E-1
2.00700E+11	4.03194E-13	1.47654E+2	-3.51673E-1	2.22711E-1
2.00787E+11	4.24064E-13	-9.55430E+1	-4.14754E-2	-4.27374E-1
2.00875E+11	3.69315E-13	-1.59859E+2	-4.06963E-1	-1.49260E-1
2.00963E+11	9.53383E-17	1.31556E+2	-3.60125E-3	4.06252E-3
2.01050E+11	1.17044E-12	-5.14360E+1	1.19116E+0	-1.49406E+0
2.01138E+11	5.25002E-13	-1.48659E+2	-1.57105E+0	-9.56751E-1
2.01225E+11	2.17847E-12	-1.63886E+2	-4.74681E+0	-1.37140E+0
2.01313E+11	1.06965E-12	-1.72254E+2	-2.45180E+0	-3.33488E-1
2.01400E+11	1.12410E-12	1.18117E+2	-5.67040E-1	1.06120E+0
2.01487E+11	1.43548E-12	6.38076E+1	1.37359E+0	2.79244E+0
2.01575E+11	5.04478E-13	8.77087E+1	9.53686E-2	2.38345E+0
2.01662E+11	1.09188E-13	1.77699E+0	2.48885E-1	7.72145E-3
2.01750E+11	1.33755E-12	-1.19191E+2	-1.81471E+0	-3.24827E+0
2.01837E+11	5.68036E-13	8.39704E+1	1.11887E-1	1.05927E+0
2.01925E+11	1.50659E-13	7.93476E+1	3.16124E-1	1.68070E+0
2.02013E+11	7.91896E-13	1.38513E+2	-9.96015E-1	8.80787E-1
2.02100E+11	5.96821E-14	-7.13536E+1	1.31394E-1	-3.89386E-1
2.02188E+11	4.44059E-13	3.13569E+1	6.89875E-1	4.20390E-1
2.02275E+11	3.50131E-14	-4.03904E+0	8.42452E-2	-5.94868E-3
2.02363E+11	1.80848E-13	5.31853E+1	2.38078E-1	3.18075E-1
2.02450E+11	1.08814E-12	-1.16946E+2	-2.97409E-1	-5.85061E-1
2.02538E+11	6.17762E-13	-4.45579E+1	2.16651E-1	-2.13333E-1
2.02625E+11	3.35328E-13	1.70101E+1	6.29126E-1	1.92465E-1
2.02712E+11	2.19331E-12	3.67924E+1	9.40076E-1	7.03073E-1
2.02800E+11	7.55364E-13	4.30877E+1	8.90632E-1	8.33080E-1
2.02887E+11	2.22136E-12	1.66568E+1	1.08692E+0	3.25199E-1
2.02975E+11	2.50721E-13	-1.01466E+2	-3.69198E-1	-1.82025E+0
2.03062E+11	1.62786E-12	-6.48288E+1	9.80971E-1	-2.08739E+0
2.03150E+11	7.98510E-14	4.89387E+1	1.52571E-1	1.75134E-1
2.03238E+11	1.69073E-12	5.13879E+1	1.20639E+0	1.51056E+0
2.03325E+11	1.77628E-13	1.75220E+2	-3.80627E-1	3.18263E-2
2.03413E+11	9.24127E-14	5.67110E+1	2.27215E-1	3.46047E-1
2.03500E+11	6.33084E-13	-4.16322E+1	3.31618E-1	-2.94758E-1
2.03588E+11	1.13254E-12	-6.42820E+1	4.88414E-1	-1.01403E+0
2.03675E+11	8.51532E-13	5.57402E+1	2.42849E-1	3.56541E-1
2.03762E+11	7.57027E-13	7.17631E+1	1.43138E-1	4.34415E-1
2.03850E+11	2.16955E-13	3.79228E+1	1.97658E-1	1.53998E-1
2.03937E+11	2.18068E-12	5.73066E+0	7.03117E-1	7.05605E-2
2.04025E+11	6.46899E-13	-8.05804E+1	1.77881E-1	-1.07222E+0
2.04112E+11	1.35320E-13	1.25595E+2	-3.37713E-1	4.71800E-1
2.04200E+11	1.45523E-13	-1.31408E+2	-1.33979E-1	-1.51927E-1
2.04287E+11	3.23143E-13	-3.62469E+1	5.23542E-1	-3.83834E-1
2.04375E+11	5.15758E-13	-4.79932E+1	2.50995E-1	-2.78692E-1
2.04463E+11	7.80963E-13	-1.00729E+2	-2.56186E-1	-1.35210E+0
2.04550E+11	2.43361E-14	-1.16083E+1	1.76833E-1	-3.63253E-2
2.04638E+11	2.22605E-15	-1.17761E+2	-1.33906E-2	-2.54394E-2
2.04725E+11	7.48797E-13	2.25223E+1	4.14307E-1	1.71800E-1
2.04813E+11	1.80479E-12	-1.93498E+1	6.01880E-1	-2.11362E-1
2.04900E+11	1.17936E-12	1.75078E+2	-1.71184E+0	1.47416E-1
2.04987E+11	1.97307E-13	6.61663E+0	4.85197E-1	5.62819E-2
2.05075E+11	1.47255E-13	1.15512E+1	2.85473E-1	5.83459E-2
2.05162E+11	2.99887E-13	1.54040E+2	-6.07829E-1	2.95928E-1
2.05250E+11	6.37596E-13	-1.79372E+2	-9.49417E-1	-1.04143E-2
2.05337E+11	1.34170E-12	9.09396E+0	6.94943E-1	1.11237E-1
2.05425E+11	3.56649E-13	-5.66213E+1	3.43891E-1	-5.21961E-1
2.05513E+11	6.58470E-13	-1.23266E+2	-4.34803E-1	-6.62769E-1
2.05600E+11	1.36447E-13	2.44284E+1	7.23509E-1	3.28631E-1
2.05688E+11	8.44108E-13	1.10816E+2	-2.15139E-1	5.65866E-1
2.05775E+11	4.23132E-13	-9.16904E+1	-1.87458E-2	-6.35212E-1
2.05863E+11	2.47235E-12	-3.85802E+1	7.86662E-1	-6.27540E-1
2.05950E+11	5.83083E-13	-1.63658E+2	-6.52261E-1	-1.91250E-1
2.06037E+11	1.14514E-12	4.54906E+1	6.03281E-1	6.13702E-1
2.06125E+11	3.31364E-13	1.09237E+1	4.50583E-1	8.69618E-2
2.06212E+11	9.92076E-13	1.65220E+1	4.90991E-1	1.45643E-1
2.06300E+11	1.67712E-13	1.22619E+2	-2.70458E-1	4.22597E-1
2.06387E+11	6.57847E-13	4.49354E+1	2.84782E-1	2.84140E-1
2.06475E+11	4.40154E-13	-6.62718E+1	2.19984E-1	-5.00468E-1
2.06562E+11	1.06516E-13	-1.19011E+2	-9.44312E-2	-1.70279E-1
2.06650E+11	1.20424E-12	5.59586E+1	5.30127E-1	7.84722E-1
2.06738E+11	8.00270E-14	-1.12371E+2	-1.57850E-1	-3.83521E-1
2.06825E+11	8.91168E-13	1.25407E+2	-4.31924E-1	6.07614E-1
2.06913E+11	1.92001E-12	1.43497E-1	1.11696E+0	2.79741E-3
2.07000E+11	1.97265E-13	-1.13188E+2	-1.76257E-1	-4.11468E-1
2.07088E+11	1.33349E-12	-8.08109E+1	2.04922E-1	-1.26675E+0
2.07175E+11	1.27443E-12	-1.93107E+0	1.45446E+0	-4.90390E-2
2.07262E+11	1.76646E-13	5.53081E+1	4.98805E-1	7.20583E-1
2.07350E+11	1.23009E-12	-4.72536E+1	4.55419E-1	-4.92731E-1
2.07437E+11	2.09993E-12	-7.83021E+1	2.48480E-1	-1.20009E+0
2.07525E+11	6.38168E-13	-1.54447E+2	-6.81541E+0	-3.25856E+0
2.07612E+11	1.13394E-12	1.23511E+2	-9.86589E-1	1.48994E+0
2.07700E+11	2.76275E-13	-2.21982E+1	5.36743E-1	-2.19021E-1
2.07788E+11	5.43310E-13	-3.94077E+1	4.23520E-1	-3.47979E-1
2.07875E+11	5.59969E-14	1.76791E+2	-2.00484E-1	1.12411E-2
2.07963E+11	2.63722E-13	-1.21749E+2	-1.96310E+0	-3.17250E+0
2.08050E+11	2.23825E-13	-1.40783E+2	-1.71610E-1	-1.40048E-1
2.08138E+11	1.79772E-13	1.35572E+2	-1.74261E+0	1.70817E+0
2.08225E+11	3.19450E-13	1.53702E+2	-3.48022E+0	1.71988E+0
2.08313E+11	1.33946E-12	-1.13070E+2	-1.52592E+0	-3.58263E+0
2.08400E+11	3.12374E-13	-1.54043E+2	-4.72118E-1	-2.29827E-1
2.08487E+11	3.40827E-12	-8.80579E+0	9.60195E-1	-1.48745E-1
2.08575E+11	1.85723E-12	5.49151E+1	5.71769E-1	8.14000E-1
2.08662E+11	1.74294E-12	5.07055E+1	4.11672E-1	5.03064E-1
2.08750E+11	1.65382E-13	-9.99111E+0	2.30326E-1	-4.05758E-2
2.08837E+11	1.50689E-13	7.34434E+1	2.81607E-1	9.47250E-1
2.08925E+11	1.69523E-13	8.53329E+1	5.20721E-2	6.37850E-1
2.09013E+11	4.14753E-13	2.68085E+1	2.51654E-1	1.27167E-1
2.09100E+11	3.47847E-13	9.33065E+1	-2.52422E-2	4.36917E-1
2.09188E+11	8.39004E-13	-1.11717E+2	-2.19536E-1	-5.51193E-1
2.09275E+11	8.41250E-13	3.40386E+1	6.22084E-1	4.20210E-1
2.09363E+11	1.93449E-12	6.52710E+1	2.19226E+0	4.75998E+0
2.09450E+11	4.29972E-13	-9.51828E+1	-5.25504E-2	-5.79362E-1
2.09537E+11	1.48925E-12	8.60420E+1	1.32722E-1	1.91821E+0
2.09625E+11	8.28538E-13	-1.61929E+1	3.30659E-1	-9.60206E-2
2.09712E+11	1.10328E-12	9.82983E+1	-1.68576E-1	1.15579E+0
2.09800E+11	4.95986E-13	-2.01191E+1	3.30805E-1	-1.21183E-1
2.09887E+11	1.21838E-13	-8.95005E+1	7.56543E-3	-8.67725E-1
2.09975E+11	1.11234E-12	-5.70296E+1	5.51730E-1	-8.50550E-1
2.10063E+11	4.76899E-12	1.25245E+2	-1.95887E+0	2.77222E+0
2.10150E+11	9.78831E-13	4.51045E+0	4.07450E-1	3.21418E-2
2.10238E+11	5.66279E-13	-1.26561E+2	-1.56763E+0	-2.11378E+0
2.10325E+11	1.67986E-13	9.78185E+1	-1.27986E-1	9.32079E-1
2.10413E+11	1.38969E-13	-1.10393E+2	-8.57192E-2	-2.30574E-1
2.10500E+11	1.27637E-12	1.77353E+2	-5.00007E+0	2.31160E-1
2.10588E+11	1.89182E-13	-7.03005E+1	2.92843E-1	-8.17903E-1
2.10675E+11	6.96427E-14	-1.07366E+2	-9.95202E-2	-3.18227E-1
2.10762E+11	1.57778E-13	-8.50624E+1	1.57867E-1	-1.82733E+0
2.10850E+11	7.48400E-13	-1.58063E+2	-1.77128E+0	-7.13362E-1
2.10937E+11	1.03171E-12	4.74231E+0	9.26671E+0	7.68752E-1
2.11025E+11	2.12124E-13	-1.40763E+1	1.02678E+0	-2.57459E-1
2.11112E+11	2.11981E-12	7.23951E+1	1.12694E+0	3.55149E+0
2.11200E+11	1.84472E-12	2.14242E+1	5.40386E-1	2.12038E-1
2.11288E+11	3.30567E-13	1.62396E+1	3.56663E-1	1.03887E-1
2.11375E+11	8.16040E-14	5.22845E+1	2.39260E-1	3.09393E-1
2.11463E+11	7.44183E-13	-1.36261E+2	-1.98858E+0	-1.90289E+0
2.11550E+11	6.65600E-13	2.07605E+1	3.38956E-1	1.28490E-1
2.11638E+11	6.16477E-13	-4.06041E+1	6.27576E-1	-5.37976E-1
2.11725E+11	2.14128E-12	-1.66881E+2	-3.58630E+0	-8.35807E-1
2.11812E+11	1.12611E-12	-8.12246E+1	1.11004E-1	-7.19083E-1
2.11900E+11	2.23509E-13	-9.32003E+1	-3.39081E-2	-6.06432E-1
2.11987E+11	1.88107E-12	6.91849E+1	1.18676E+0	3.12169E+0
2.12075E+11	5.90346E-13	-4.18730E+1	2.80218E-1	-2.51186E-1
2.12162E+11	1.67499E-13	7.60377E+1	1.15273E-1	4.63633E-1
2.12250E+11	1.26731E-12	1.02459E+2	-1.77652E-1	8.04044E-1
2.12337E+11	1.40230E-12	5.47883E+0	1.87998E+0	1.80320E-1
2.12425E+11	1.78166E-12	1.30927E+2	-8.23896E-1	9.50232E-1
2.12513E+11	1.64181E-13	-1.08456E+2	-9.01903E-2	-2.70240E-1
2.12600E+11	6.74099E-13	3.71498E+1	9.81910E-1	7.43955E-1
2.12688E+11	3.58358E-14	-1.73043E+2	-1.11565E-1	-1.36143E-2
2.12775E+11	5.21826E-11	-9.04432E+1	-5.75735E-1	-7.44348E+1
2.12863E+11	1.93206E-8	1.03451E+2	-3.00469E+1	1.25626E+2
2.12950E+11	4.43974E-8	-4.83392E+1	3.19551E+2	-3.59151E+2
2.13037E+11	3.45250E-8	1.68931E+2	-1.40143E+2	2.74167E+1
2.13125E+11	4.80911E-8	5.15556E+1	3.10826E+1	3.91540E+1
2.13212E+11	2.57909E-8	-8.26336E+1	3.05231E+0	-2.36099E+1
2.13300E+11	3.28874E-8	1.10742E+2	-7.55828E+0	1.99577E+1
2.13387E+11	1.50978E-8	-4.27373E+1	1.04324E+1	-9.63936E+0
2.13475E+11	2.22646E-8	1.39139E+2	-8.83889E+0	7.64602E+0
2.13563E+11	9.17411E-9	-1.74475E+1	7.53672E+0	-2.36873E+0
2.13650E+11	9.75619E-9	1.76767E+2	-3.31633E+0	1.87356E-1
2.13738E+11	5.62573E-9	3.19760E+1	1.90225E+0	1.18755E+0
2.13825E+11	7.36467E-9	-1.35814E+2	-1.16225E+0	-1.12969E+0
2.13913E+11	2.74499E-9	7.08305E+1	3.22082E+0	9.26480E+0
2.14000E+11	2.18720E-9	7.36093E+0	9.34579E+1	1.20733E+1
2.14087E+11	1.76181E-9	2.12685E+1	6.64299E+1	2.58578E+1
2.14175E+11	1.05120E-9	-1.46890E+2	-1.78331E+1	-1.16296E+1
2.14262E+11	5.98227E-10	3.56418E+1	1.02870E+1	7.37612E+0
2.14350E+11	5.45545E-10	-3.28652E+1	1.16600E+1	-7.53313E+0
2.14437E+11	2.26170E-9	-2.75916E+0	5.73227E+1	-2.76259E+0
2.14525E+11	7.29416E-10	-9.36908E+1	-1.75979E+0	-2.72808E+1
2.14612E+11	3.29707E-9	-2.60893E+1	3.86098E+1	-1.89058E+1
2.14700E+11	3.28723E-10	-1.52749E+2	-1.29107E+1	-6.64970E+0
2.14788E+11	1.21329E-9	1.58620E+2	-2.32533E+1	9.10369E+0
2.14875E+11	3.57070E-11	-4.75771E+1	3.69469E+0	-4.04296E+0
2.14963E+11	6.35324E-13	7.98417E+1	1.02881E-1	5.74186E-1
2.15050E+11	8.50947E-13	-7.50194E+1	2.32026E-1	-8.67108E-1
2.15138E+11	4.32286E-13	-2.68540E+1	9.37012E-1	-4.74428E-1
2.15225E+11	2.80572E-12	-4.53454E+1	5.31235E-1	-5.37679E-1
2.15312E+11	7.38221E-13	-8.65741E+0	1.13331E+0	-1.72558E-1
2.15400E+11	1.00233E-12	-1.23035E+2	-5.24237E-1	-8.06185E-1
2.15487E+11	3.95157E-13	1.65688E+2	-4.78643E-1	1.22109E-1
2.15575E+11	2.64661E-12	-1.07409E+2	-4.05564E-1	-1.29341E+0
2.15662E+11	4.86681E-13	8.13281E+1	1.38348E-1	9.07077E-1
2.15750E+11	5.57617E-14	-6.37787E+1	1.86836E-1	-3.79346E-1
2.15838E+11	1.31632E-12	-1.30580E+2	-3.19400E+0	-3.72910E+0
2.15925E+11	8.48801E-13	1.19333E+2	-3.37333E-1	6.00316E-1
2.16013E+11	4.70138E-13	-2.68051E+1	1.71485E+0	-8.66427E-1
2.16100E+11	8.96174E-13	-1.66576E+2	-4.19260E-1	-1.00070E-1
2.16188E+11	5.72590E-12	5.55175E+1	1.17772E+0	1.71472E+0
2.16275E+11	3.19642E-13	4.41126E+1	4.19924E-1	4.07113E-1
2.16363E+11	1.22441E-12	1.92736E+1	2.93681E+0	1.02694E+0
2.16450E+11	2.71482E-13	-4.89248E+0	1.25621E+0	-1.07529E-1
2.16537E+11	2.93005E-13	1.18697E+1	5.42441E+0	1.14011E+0
2.16625E+11	3.73297E-13	-3.24588E+1	6.63594E-1	-4.22085E-1
2.16712E+11	3.18342E-13	1.33219E+2	-4.63210E-1	4.92945E-1
2.16800E+11	3.25434E-12	-1.68519E+2	-1.99815E+0	-4.05822E-1
2.16887E+11	4.68674E-12	-6.43245E+1	3.42625E+0	-7.12701E+0
2.16975E+11	5.93816E-13	9.45933E+1	-3.29168E-2	4.09714E-1
2.17063E+11	4.40433E-12	9.89850E+1	-5.00776E-1	3.16714E+0
2.17150E+11	1.88265E-12	1.74286E+2	-1.24007E+1	1.24073E+0
2.17238E+11	1.95832E-12	1.60441E+2	-2.05466E+0	7.29960E-1
2.17325E+11	1.30223E-12	3.37061E+1	1.25599E+0	8.37837E-1
2.17413E+11	2.73760E-12	1.15299E+2	-1.04846E+1	2.21813E+1
2.17500E+11	9.27146E-13	-1.87876E+1	4.56174E-1	-1.55184E-1
2.17587E+11	1.61288E-13	1.29447E+2	-2.32646E-1	2.82753E-1
2.17675E+11	4.52595E-12	-9.94429E+1	-2.00889E-1	-1.20785E+0
2.17762E+11	3.41046E-11	-3.60668E+1	3.42080E+0	-2.49146E+0
2.17850E+11	1.68541E-10	-1.54933E+2	-1.01924E+1	-4.76736E+0
2.17937E+11	2.86200E-9	-1.62404E+2	-4.04889E+1	-1.28408E+1
2.18025E+11	1.02362E-8	-7.54076E+1	2.50290E+1	-9.61405E+1
2.18113E+11	2.16876E-7	1.53424E+2	-4.03257E+2	2.01722E+2
2.18200E+11	4.48498E-7	6.20293E+1	3.57530E+2	6.73247E+2
2.18288E+11	2.24493E-6	9.84267E+1	-1.78422E+2	1.20438E+3
2.18375E+11	3.03051E-6	-2.73155E+1	1.79055E+3	-9.24782E+2
2.18463E+11	4.98969E-6	2.08727E+1	2.87368E+3	1.09578E+3
2.18550E+11	3.48350E-6	4.14267E+1	1.24229E+3	1.09625E+3
2.18638E+11	2.11758E-6	1.35149E+2	-1.73588E+3	1.72688E+3
2.18725E+11	1.37166E-6	-1.28636E+2	-9.04187E+2	-1.13119E+3
2.18812E+11	1.40519E-6	1.34433E+2	-4.94159E+2	5.04046E+2
2.18900E+11	1.50001E-6	-6.12054E+1	4.17599E+2	-7.59777E+2
2.18987E+11	1.59907E-6	1.21060E+2	-3.42840E+2	5.69228E+2
2.19075E+11	1.22479E-6	7.86996E+0	1.14173E+3	1.57819E+2
2.19162E+11	2.60534E-6	-1.12358E+2	-5.36400E+2	-1.30410E+3
2.19250E+11	7.59051E-6	1.48657E+2	-3.65069E+2	2.22340E+2
2.19338E+11	5.18681E-6	8.39109E+0	2.59408E+0	3.82648E-1
2.19425E+11	1.27110E-5	-1.62065E+2	-7.75301E-1	-2.50937E-1
2.19513E+11	5.92108E-6	5.35835E+1	2.17597E-1	2.94963E-1
2.19600E+11	1.14757E-5	-8.83790E+1	8.95447E-3	-3.16414E-1
2.19688E+11	7.25784E-6	1.45138E+2	-1.79746E-1	1.25216E-1
2.19775E+11	9.12538E-6	1.86368E+1	2.38677E-1	8.04945E-2
2.19862E+11	4.27043E-6	-1.04317E+2	-4.84247E-2	-1.89738E-1
2.19950E+11	8.02796E-6	1.27276E+2	-1.33707E-1	1.75667E-1
2.20037E+11	3.57829E-6	-6.04419E+0	1.93510E-1	-2.04896E-2
2.20125E+11	4.64894E-6	-1.35103E+2	-1.25324E-1	-1.24872E-1
2.20212E+11	4.40343E-6	9.67189E+1	-2.19904E-2	1.86665E-1
2.20300E+11	1.89272E-6	-3.79658E+1	1.20876E-1	-9.43222E-2
2.20387E+11	6.73119E-6	-1.68848E+2	-1.94663E-1	-3.83732E-2
2.20475E+11	2.13332E-6	4.01999E+1	1.13456E-1	9.58772E-2
2.20563E+11	4.77502E-6	-8.14384E+1	2.99249E-2	-1.98769E-1
2.20650E+11	2.72203E-6	1.26585E+2	-8.72256E-2	1.17515E-1
2.20738E+11	3.44890E-6	2.07827E+1	1.75913E-1	6.67622E-2
2.20825E+11	2.36489E-6	-1.41280E+2	-1.15910E-1	-9.29262E-2
2.20913E+11	5.20215E-6	1.02348E+2	-3.72096E-2	1.69971E-1
2.21000E+11	1.15892E-6	-5.56292E+1	8.79593E-2	-1.28602E-1
2.21087E+11	6.16775E-6	-1.63236E+2	-1.61729E-1	-4.87193E-2
2.21175E+11	1.85787E-6	4.75151E+1	1.07091E-1	1.16931E-1
2.21262E+11	4.48300E-6	-6.65833E+1	7.30346E-2	-1.68638E-1
2.21350E+11	3.14868E-6	1.44234E+2	-1.39474E-1	1.00467E-1
2.21437E+11	4.44473E-6	1.82177E+1	2.02855E-1	6.67648E-2
2.21525E+11	3.22149E-6	-1.37130E+2	-1.30573E-1	-1.21208E-1
2.21613E+11	8.95670E-6	9.86682E+1	-3.84754E-2	2.52373E-1
2.21700E+11	1.91305E-6	-5.80199E+1	1.13867E-1	-1.82367E-1
2.21788E+11	1.29303E-5	-1.79768E+2	-3.17369E-1	-1.28336E-3
2.21875E+11	3.81738E-6	1.96023E+1	2.45406E-1	8.73961E-2
2.21963E+11	8.34594E-6	-9.96864E+1	-6.24343E-2	-3.65779E-1
2.22050E+11	7.66392E-6	8.78206E+1	1.15804E-2	3.04298E-1
2.22137E+11	4.03543E-6	-2.54504E+1	3.39383E-1	-1.61517E-1
2.22225E+11	6.21876E-6	1.66519E+2	-3.16328E-1	7.58338E-2
2.22312E+11	4.34019E-6	5.73123E+1	1.88654E-1	2.93998E-1
2.22400E+11	3.63799E-6	-1.09861E+2	-1.48526E-1	-4.11179E-1
2.22487E+11	4.18296E-6	1.30975E+2	-3.61597E-1	4.16340E-1
2.22575E+11	7.30339E-6	-3.38091E+1	4.76766E-1	-3.19276E-1
2.22662E+11	3.45243E-6	-1.52229E+2	-5.08637E-1	-2.67843E-1
2.22750E+11	1.10935E-5	6.40674E+1	2.38251E-1	4.89949E-1
2.22838E+11	2.97201E-6	-4.65109E+1	3.82080E-1	-4.02782E-1
2.22925E+11	9.26732E-6	1.69573E+2	-4.48123E-1	8.24612E-2
2.23013E+11	6.14868E-6	4.75695E+1	3.49809E-1	3.82681E-1
2.23100E+11	5.48385E-6	-1.07718E+2	-1.18704E-1	-3.71540E-1
2.23188E+11	8.00408E-6	1.25873E+2	-2.70760E-1	3.74410E-1
2.23275E+11	9.43594E-6	-3.32657E+1	2.60801E-1	-1.71091E-1
2.23362E+11	7.46407E-6	-1.52068E+2	-3.21168E-1	-1.70276E-1
2.23450E+11	1.38611E-5	4.55342E+1	1.74683E-1	1.77971E-1
2.23537E+11	6.58601E-6	-7.47943E+1	7.45750E-2	-2.74374E-1
2.23625E+11	1.39485E-5	1.17290E+2	-1.06389E-1	2.06218E-1
2.23712E+11	1.37044E-5	1.98118E+0	2.65303E-1	9.17733E-3
2.23800E+11	1.34183E-5	-1.51288E+2	-2.07893E-1	-1.13874E-1
2.23888E+11	1.55321E-5	8.15990E+1	3.57747E-2	2.42237E-1
2.23975E+11	1.28101E-5	-8.03946E+1	3.33502E-2	-1.97065E-1
2.24063E+11	1.48183E-5	1.28366E+2	-1.40175E-1	1.77073E-1
2.24150E+11	2.33930E-5	-2.27275E+1	2.12357E-1	-8.89506E-2
2.24238E+11	2.51310E-5	-1.64972E+2	-2.61717E-1	-7.02647E-2
2.24325E+11	2.23114E-5	5.70456E+1	1.22741E-1	1.89335E-1
2.24412E+11	4.23332E-5	-7.74063E+1	5.71708E-2	-2.55899E-1
2.24500E+11	1.79415E-5	1.56017E+2	-1.81959E-1	8.09488E-2
2.24587E+11	4.81406E-5	1.69177E+1	2.42009E-1	7.36095E-2
2.24675E+11	2.70698E-5	-1.22126E+2	-1.09239E-1	-1.73967E-1
2.24762E+11	5.76619E-5	9.20275E+1	-9.38184E-3	2.65012E-1
2.24850E+11	3.25546E-5	-5.16697E+1	1.39609E-1	-1.76584E-1
2.24937E+11	5.59087E-5	1.54258E+2	-2.23144E-1	1.07593E-1
2.25025E+11	4.20068E-5	-8.95361E+0	2.39295E-1	-3.77020E-2
2.25113E+11	5.76572E-5	-1.67409E+2	-2.34154E-1	-5.23001E-2
2.25200E+11	5.14517E-5	4.70892E+1	1.98871E-1	2.13931E-1
2.25288E+11	5.91667E-5	-9.38288E+1	-2.28756E-2	-3.41808E-1
2.25375E+11	6.20037E-5	1.46157E+2	-4.09838E-1	2.74805E-1
2.25463E+11	5.75955E-5	-1.52383E+0	5.26763E-1	-1.40130E-2
2.25550E+11	5.86248E-5	-1.13448E+2	-3.28368E-1	-7.57086E-1
2.25637E+11	5.00043E-5	1.01580E+2	-1.79639E-1	8.76696E-1
2.25725E+11	5.48663E-5	-9.13416E+0	1.40380E+0	-2.25711E-1
2.25812E+11	5.05278E-5	-1.53177E+2	-1.53467E+0	-7.75985E-1
2.25900E+11	5.47501E-5	9.54983E+1	-1.88419E-1	1.95741E+0
2.25987E+11	5.34614E-5	-4.79813E+1	1.75460E+0	-1.94740E+0
2.26075E+11	7.12151E-5	-1.70568E+2	-2.55217E+0	-4.23980E-1
2.26163E+11	5.21824E-5	4.89672E+1	2.18652E+0	2.51240E+0
2.26250E+11	8.50058E-5	-7.51234E+1	1.08210E+0	-4.07351E+0
2.26338E+11	4.59786E-5	1.47908E+2	-3.88607E+0	2.43694E+0
2.26425E+11	9.34206E-5	2.81195E+1	4.74827E+0	2.53742E+0
2.26513E+11	3.86383E-5	-1.09106E+2	-1.62184E+0	-4.68193E+0
2.26600E+11	1.01939E-4	1.25770E+2	-2.51490E+0	3.49081E+0
2.26688E+11	3.66426E-5	-1.91973E+1	4.88178E+0	-1.69976E+0
2.26775E+11	1.18500E-4	-1.42552E+2	-3.88067E+0	-2.97218E+0
2.26862E+11	4.17428E-5	7.01576E+1	1.98704E+0	5.50641E+0
2.26950E+11	1.05198E-4	-4.27968E+1	4.80349E+0	-4.44758E+0
2.27037E+11	5.40903E-5	1.62697E+2	-6.39717E+0	1.99282E+0
2.27125E+11	9.26086E-5	4.72350E+1	3.80579E+0	4.11493E+0
2.27212E+11	5.79020E-5	-1.11901E+2	-2.11124E+0	-5.25167E+0
2.27300E+11	7.23341E-5	1.26414E+2	-2.32952E+0	3.15805E+0
2.27388E+11	5.64634E-5	-3.00745E+1	4.24501E+0	-2.45823E+0
2.27475E+11	7.15747E-5	-1.55713E+2	-4.26947E+0	-1.92659E+0
2.27563E+11	4.95900E-5	5.98633E+1	2.39671E+0	4.12845E+0
2.27650E+11	5.44812E-5	-6.46641E+1	2.67938E+0	-5.65909E+0
2.27738E+11	4.04934E-5	1.54478E+2	-3.92044E+0	1.87178E+0
2.27825E+11	3.27137E-5	3.02629E+1	3.64124E+0	2.12461E+0
2.27912E+11	2.67067E-5	-1.22416E+2	-2.06348E+0	-3.24953E+0
2.28000E+11	1.54604E-5	1.12126E+2	-1.46543E+0	3.60418E+0
2.28087E+11	1.57863E-5	-4.30987E+1	2.62467E+0	-2.45601E+0
2.28175E+11	2.25720E-5	-1.64534E+2	-6.69105E+0	-1.85132E+0
2.28262E+11	1.23879E-5	5.33132E+1	1.45112E+0	1.94777E+0
2.28350E+11	1.53276E-5	-5.37053E+1	1.28539E+0	-1.75019E+0
2.28438E+11	2.01119E-5	1.47282E+2	-9.74312E-1	6.25929E-1
2.28525E+11	7.64886E-6	3.92276E+1	8.64865E-1	7.06062E-1
2.28613E+11	2.25780E-5	-1.14603E+2	-4.08239E-1	-8.91567E-1
2.28700E+11	8.20016E-6	1.36329E+2	-5.49460E-1	5.24542E-1
2.28788E+11	1.75627E-5	2.29424E+0	5.44862E-1	2.18291E-2
2.28875E+11	1.56003E-5	-1.06414E+2	-1.13845E-1	-3.86473E-1
2.28963E+11	1.30438E-5	1.17289E+2	-1.23370E-1	2.39135E-1
2.29050E+11	1.48744E-5	-2.51824E+1	2.23657E-1	-1.05161E-1
2.29137E+11	1.87749E-5	-1.78422E+2	-2.02995E-1	-5.59311E-3
2.29225E+11	1.00518E-5	3.83381E+1	1.85623E-1	1.46797E-1
2.29312E+11	1.10512E-5	-1.13241E+2	-6.38488E-2	-1.48680E-1
2.29400E+11	6.54301E-6	9.64768E+1	-2.11994E-2	1.86735E-1
2.29487E+11	4.56361E-6	-5.60056E+1	7.19686E-2	-1.06720E-1
2.29575E+11	1.01057E-5	1.59621E+2	-1.72673E-1	6.41457E-2
2.29663E+11	5.24498E-6	4.64095E+0	1.64522E-1	1.33555E-2
2.29750E+11	1.65184E-5	-1.35983E+2	-1.71717E-1	-1.65925E-1
2.29838E+11	9.91735E-6	7.32659E+1	6.15434E-2	2.04691E-1
2.29925E+11	1.20639E-5	-7.09941E+1	8.53712E-2	-2.47853E-1
2.30013E+11	1.52914E-5	1.45625E+2	-2.01594E-1	1.37903E-1
2.30100E+11	1.16102E-5	5.73639E+0	2.84952E-1	2.86248E-2
2.30187E+11	1.29703E-5	-1.42479E+2	-2.09696E-1	-1.61028E-1
2.30275E+11	2.29081E-5	7.33798E+1	8.18976E-2	2.74367E-1
2.30362E+11	7.34153E-6	-4.99950E+1	1.60993E-1	-1.91830E-1
2.30450E+11	2.02485E-5	1.63294E+2	-2.72757E-1	8.18617E-2
2.30537E+11	1.03407E-5	3.68550E+1	1.85892E-1	1.39343E-1
2.30625E+11	1.26482E-5	-1.04842E+2	-7.15768E-2	-2.70111E-1
2.30712E+11	9.54924E-6	1.29721E+2	-1.35147E-1	1.62666E-1
2.30800E+11	1.25720E-5	-1.08909E+1	2.72878E-1	-5.25028E-2
2.30888E+11	7.66892E-6	-1.35479E+2	-1.42734E-1	-1.40368E-1
2.30975E+11	1.68974E-5	9.15329E+1	-7.05004E-3	2.63448E-1
2.31063E+11	5.68791E-6	-4.45172E+1	1.45337E-1	-1.42908E-1
2.31150E+11	1.31201E-5	-1.71942E+2	-2.46464E-1	-3.48936E-2
2.31238E+11	9.63633E-6	5.86948E+1	1.13811E-1	1.87148E-1
2.31325E+11	8.32740E-6	-6.48020E+1	1.11156E-1	-2.36240E-1
2.31412E+11	1.24097E-5	1.70573E+2	-2.67416E-1	4.44005E-2
2.31500E+11	8.65868E-6	4.19842E+1	2.30280E-1	2.07230E-1
2.31587E+11	1.25502E-5	-8.40481E+1	3.65859E-2	-3.50926E-1
2.31675E+11	1.15441E-5	1.45042E+2	-3.23309E-1	2.26029E-1
2.31762E+11	7.65582E-6	2.80669E+1	3.84500E-1	2.05018E-1
2.31850E+11	1.07599E-5	-9.91058E+1	-8.01532E-2	-5.00088E-1
2.31938E+11	1.03944E-5	1.43857E+2	-3.85396E-1	2.81474E-1
2.32025E+11	8.03637E-6	5.46794E+0	6.07346E-1	5.81378E-2
2.32113E+11	1.45618E-5	-1.24033E+2	-2.95132E-1	-4.37013E-1
2.32200E+11	1.22334E-5	1.02237E+2	-1.22667E-1	5.65596E-1
2.32288E+11	1.26052E-5	-2.88162E+1	4.41420E-1	-2.42835E-1
2.32375E+11	2.12246E-5	-1.51476E+2	-5.14409E-1	-2.79577E-1
2.32462E+11	1.28756E-5	7.56399E+1	1.12988E-1	4.41337E-1
2.32550E+11	1.67407E-5	-4.63268E+1	2.86565E-1	-3.00154E-1
2.32637E+11	2.50034E-5	1.73622E+2	-3.53677E-1	3.95312E-2
2.32725E+11	1.60933E-5	4.09970E+1	2.42233E-1	2.10548E-1
2.32812E+11	2.80141E-5	-1.00224E+2	-5.36120E-2	-2.97235E-1
2.32900E+11	2.16070E-5	1.22805E+2	-1.54307E-1	2.39394E-1
2.32987E+11	2.53504E-5	-1.13287E+1	2.94647E-1	-5.90301E-2
2.33075E+11	3.03504E-5	-1.57547E+2	-2.64144E-1	-1.09160E-1
2.33163E+11	2.39729E-5	6.50504E+1	1.20974E-1	2.60025E-1
2.33250E+11	2.64997E-5	-8.61319E+1	1.90795E-2	-2.82180E-1
2.33338E+11	3.50709E-5	1.43142E+2	-2.15630E-1	1.61651E-1
2.33425E+11	3.31740E-5	1.85501E+0	2.91129E-1	9.42887E-3
2.33513E+11	3.25842E-5	-1.25799E+2	-1.54729E-1	-2.14549E-1
2.33600E+11	4.94216E-5	9.44573E+1	-2.26701E-2	2.90822E-1
2.33687E+11	3.74526E-5	-4.15961E+1	2.04010E-1	-1.81103E-1
2.33775E+11	5.63962E-5	1.75407E+2	-2.86571E-1	2.30209E-2
2.33862E+11	4.99356E-5	3.27256E+1	2.41042E-1	1.54898E-1
2.33950E+11	5.53998E-5	-1.09842E+2	-9.08695E-2	-2.51815E-1
2.34037E+11	6.27424E-5	1.17218E+2	-1.35473E-1	2.63397E-1
2.34125E+11	5.47803E-5	-2.66946E+1	2.21366E-1	-1.11309E-1
2.34213E+11	5.78461E-5	-1.64840E+2	-2.81694E-1	-7.63252E-2
2.34300E+11	6.30651E-5	4.71770E+1	1.64983E-1	1.78022E-1
2.34388E+11	6.72282E-5	-8.51852E+1	2.63769E-2	-3.13148E-1
2.34475E+11	6.52546E-5	1.24426E+2	-1.41504E-1	2.06463E-1
2.34563E+11	7.11142E-5	-9.20134E-1	3.20109E-1	-5.14119E-3
2.34650E+11	8.63673E-5	-1.45802E+2	-2.14603E-1	-1.45836E-1
2.34738E+11	6.80870E-5	9.15800E+1	-8.76724E-3	3.17838E-1
2.34825E+11	1.07699E-4	-6.57278E+1	1.14795E-1	-2.54573E-1
2.34912E+11	7.72455E-5	1.63444E+2	-3.01450E-1	8.96164E-2
2.35000E+11	1.11120E-4	1.36707E+1	2.70534E-1	6.58026E-2
2.35087E+11	7.99328E-5	-1.18838E+2	-1.58865E-1	-2.88522E-1
2.35175E+11	1.17119E-4	9.11559E+1	-5.65181E-3	2.80114E-1
2.35262E+11	8.99391E-5	-4.69084E+1	2.37800E-1	-2.54194E-1
2.35350E+11	1.14130E-4	1.71177E+2	-2.62533E-1	4.07489E-2
2.35438E+11	1.11444E-4	4.24639E+1	2.63461E-1	2.41113E-1
2.35525E+11	9.88242E-5	-9.30007E+1	-1.34066E-2	-2.55757E-1
2.35613E+11	1.24541E-4	1.40871E+2	-2.80287E-1	2.28018E-1
2.35700E+11	8.91558E-5	-1.37480E+0	2.52251E-1	-6.05390E-3
2.35788E+11	1.28614E-4	-1.28931E+2	-2.28781E-1	-2.83213E-1
2.35875E+11	9.04882E-5	7.89995E+1	4.84854E-2	2.49426E-1
2.35962E+11	1.15335E-4	-4.81383E+1	2.30146E-1	-2.56847E-1
2.36050E+11	8.08009E-5	1.58025E+2	-2.39885E-1	9.67986E-2
2.36137E+11	1.03530E-4	4.14732E+1	2.31144E-1	2.04307E-1
2.36225E+11	8.68614E-5	-1.06300E+2	-7.48515E-2	-2.55971E-1
2.36312E+11	1.08994E-4	1.30967E+2	-1.89533E-1	2.18283E-1
2.36400E+11	9.67329E-5	-1.56638E+1	2.49692E-1	-7.00153E-2
2.36488E+11	1.26818E-4	-1.45600E+2	-2.40297E-1	-1.64534E-1
2.36575E+11	1.00890E-4	7.41827E+1	7.11347E-2	2.51095E-1
2.36663E+11	1.60121E-4	-5.42241E+1	1.78294E-1	-2.47430E-1
2.36750E+11	9.70862E-5	1.66068E+2	-2.43519E-1	6.04071E-2
2.36838E+11	1.92771E-4	3.69770E+1	2.45920E-1	1.85159E-1
2.36925E+11	1.18723E-4	-1.08233E+2	-7.76166E-2	-2.35610E-1
2.37013E+11	2.44609E-4	1.21869E+2	-1.64015E-1	2.63817E-1
2.37100E+11	9.45136E-5	-2.54229E+1	2.23044E-1	-1.06018E-1
2.37187E+11	2.04586E-4	-1.45303E+2	-2.58113E-1	-1.78705E-1
2.37275E+11	1.02201E-4	6.60317E+1	1.03026E-1	2.31745E-1
2.37362E+11	1.90588E-4	-4.56154E+1	2.09285E-1	-2.13830E-1
2.37450E+11	1.02974E-4	1.55991E+2	-2.51855E-1	1.12178E-1
2.37537E+11	1.53874E-4	3.52131E+1	2.45286E-1	1.73114E-1
2.37625E+11	1.25637E-4	-1.22511E+2	-1.90482E-1	-2.98871E-1
2.37713E+11	1.42127E-4	1.19375E+2	-2.07789E-1	3.69137E-1
2.37800E+11	1.50171E-4	-2.95239E+1	5.05615E-1	-2.86341E-1
2.37888E+11	1.52065E-4	-1.47435E+2	-5.23990E-1	-3.34661E-1
2.37975E+11	1.78606E-4	6.47489E+1	3.04343E-1	6.45267E-1
2.38063E+11	1.72040E-4	-6.07652E+1	3.45364E-1	-6.17076E-1
2.38150E+11	1.73256E-4	1.51002E+2	-6.10890E-1	3.38589E-1
2.38237E+11	1.69615E-4	2.25739E+1	6.15529E-1	2.55891E-1
2.38325E+11	1.71217E-4	-1.22793E+2	-3.16102E-1	-4.90623E-1
2.38412E+11	1.65697E-4	1.17735E+2	-2.86817E-1	5.45491E-1
2.38500E+11	1.67377E-4	-2.91830E+1	4.48345E-1	-2.50397E-1
2.38587E+11	1.42121E-4	-1.46571E+2	-4.33902E-1	-2.86418E-1
2.38675E+11	1.70942E-4	5.26544E+1	2.85827E-1	3.74583E-1
2.38762E+11	9.75047E-5	-5.56614E+1	2.45439E-1	-3.59280E-1
2.38850E+11	1.80350E-4	1.43706E+2	-3.61761E-1	2.65684E-1
2.38938E+11	8.62302E-5	2.09110E+1	3.22558E-1	1.23244E-1
2.39025E+11	1.73392E-4	-1.38677E+2	-2.96573E-1	-2.60758E-1
2.39113E+11	6.66065E-5	9.29878E+1	-1.59131E-2	3.04885E-1
2.39200E+11	1.58943E-4	-6.11670E+1	1.76566E-1	-3.20736E-1
2.39288E+11	6.58996E-5	1.68647E+2	-2.77946E-1	5.58087E-2
2.39375E+11	1.65305E-4	2.31408E+1	3.01467E-1	1.28841E-1
2.39462E+11	7.94667E-5	-1.16714E+2	-1.23513E-1	-2.45426E-1
2.39550E+11	1.57455E-4	9.39245E+1	-2.09265E-2	3.05039E-1
2.39637E+11	8.67841E-5	-5.12146E+1	1.74872E-1	-2.17611E-1
2.39725E+11	1.53256E-4	1.63507E+2	-2.81651E-1	8.33904E-2
2.39812E+11	8.30861E-5	3.79079E+1	2.27629E-1	1.77255E-1
2.39900E+11	8.57292E-5	-9.96086E+1	-5.03495E-2	-2.97412E-1
2.39988E+11	4.98624E-5	1.28875E+2	-1.77372E-1	2.20015E-1
2.40075E+11	9.13957E-5	-1.61055E+1	2.96321E-1	-8.55591E-2
2.40163E+11	5.97975E-5	-1.53586E+2	-2.44556E-1	-1.21474E-1
2.40250E+11	1.06511E-4	6.17078E+1	1.50223E-1	2.79085E-1
2.40338E+11	6.47101E-5	-7.43766E+1	7.00920E-2	-2.50646E-1
2.40425E+11	9.61867E-5	1.52358E+2	-2.80234E-1	1.46765E-1
2.40512E+11	4.43698E-5	1.50066E+1	2.45803E-1	6.58928E-2
2.40600E+11	8.19433E-5	-1.21680E+2	-1.73544E-1	-2.81209E-1
2.40687E+11	4.65567E-5	8.64527E+1	1.59687E-2	2.57595E-1
2.40775E+11	6.96305E-5	-4.88364E+1	2.11042E-1	-2.41380E-1
2.40862E+11	5.04858E-5	1.56352E+2	-2.44753E-1	1.07172E-1
2.40950E+11	5.60722E-5	2.76914E+1	2.67106E-1	1.40183E-1
2.41037E+11	5.66032E-5	-1.23647E+2	-1.53468E-1	-2.30574E-1
2.41125E+11	4.76285E-5	1.11235E+2	-1.04757E-1	2.69593E-1
2.41213E+11	5.98521E-5	-3.52831E+1	2.27052E-1	-1.60662E-1
2.41300E+11	4.00140E-5	-1.63670E+2	-2.78962E-1	-8.17352E-2
2.41388E+11	6.59979E-5	4.94018E+1	1.82126E-1	2.12504E-1
2.41475E+11	4.97313E-5	-8.60768E+1	2.02666E-2	-2.95520E-1
2.41563E+11	6.45061E-5	1.50773E+2	-2.34944E-1	1.31451E-1
2.41650E+11	5.59989E-5	2.58618E+1	2.67721E-1	1.29778E-1
2.41737E+11	5.63609E-5	-1.08866E+2	-8.19813E-2	-2.39912E-1
2.41825E+11	5.46340E-5	1.18538E+2	-1.45206E-1	2.67015E-1
2.41912E+11	5.50716E-5	-1.83632E+1	2.38496E-1	-7.91672E-2
2.42000E+11	5.12312E-5	-1.41350E+2	-2.44063E-1	-1.95179E-1
2.42087E+11	5.98447E-5	8.18312E+1	3.73687E-2	2.60326E-1
2.42175E+11	4.71827E-5	-3.99362E+1	2.32360E-1	-1.94533E-1
2.42263E+11	5.27150E-5	1.75271E+2	-2.67218E-1	2.21053E-2
2.42350E+11	5.17193E-5	4.51332E+1	2.08848E-1	2.09822E-1
2.42438E+11	6.74275E-5	-1.01139E+2	-5.69795E-2	-2.89373E-1
2.42525E+11	5.81045E-5	1.31094E+2	-1.98570E-1	2.27672E-1
2.42613E+11	9.41902E-5	-6.48824E+0	3.07422E-1	-3.49624E-2
2.42700E+11	7.11635E-5	-1.39422E+2	-2.33485E-1	-1.99964E-1
2.42788E+11	9.20307E-5	8.86866E+1	6.95065E-3	3.03158E-1
2.42875E+11	8.01510E-5	-5.29152E+1	1.87032E-1	-2.47436E-1
2.42962E+11	6.57854E-5	1.77347E+2	-2.95622E-1	1.36962E-2
2.43050E+11	8.11967E-5	4.02944E+1	2.66367E-1	2.25852E-1
2.43137E+11	7.39491E-5	-7.69411E+1	7.09550E-2	-3.05905E-1
2.43225E+11	9.73365E-5	1.52476E+2	-3.06096E-1	1.59505E-1
2.43312E+11	7.77765E-5	3.10527E+1	2.48768E-1	1.49786E-1
2.43400E+11	1.03902E-4	-9.38216E+1	-2.21253E-2	-3.31224E-1
2.43488E+11	7.40561E-5	1.46234E+2	-2.23813E-1	1.49640E-1
2.43575E+11	9.09298E-5	2.78499E+1	2.50883E-1	1.32555E-1
2.43663E+11	6.35597E-5	-9.27939E+1	-1.18914E-2	-2.43667E-1
2.43750E+11	8.02532E-5	1.43454E+2	-1.96904E-1	1.45945E-1
2.43838E+11	5.51642E-5	1.64860E+1	2.28482E-1	6.76189E-2
2.43925E+11	6.40223E-5	-1.16923E+2	-1.04463E-1	-2.05705E-1
2.44012E+11	6.35285E-5	1.17327E+2	-1.10878E-1	2.14574E-1
2.44100E+11	6.80219E-5	-2.33063E+1	2.16646E-1	-9.33306E-2
2.44187E+11	5.70497E-5	-1.51374E+2	-2.11694E-1	-1.15544E-1
2.44275E+11	7.52978E-5	5.67986E+1	1.37320E-1	2.09836E-1
2.44362E+11	5.40557E-5	-7.37234E+1	6.64082E-2	-2.27443E-1
2.44450E+11	1.08909E-4	1.32988E+2	-1.78828E-1	1.91852E-1
2.44538E+11	7.63594E-5	5.10122E+0	2.35211E-1	2.09970E-2
2.44625E+11	1.41562E-4	-1.35165E+2	-1.92332E-1	-1.91228E-1
2.44713E+11	9.99371E-5	1.02981E+2	-5.43715E-2	2.35859E-1
2.44800E+11	1.94668E-4	-3.33398E+1	2.47405E-1	-1.62761E-1
2.44888E+11	1.33133E-4	-1.62490E+2	-2.52409E-1	-7.96306E-2
2.44975E+11	1.92563E-4	6.09799E+1	1.45741E-1	2.62707E-1
2.45063E+11	1.35940E-4	-7.21736E+1	8.40531E-2	-2.61381E-1
2.45150E+11	1.85634E-4	1.50874E+2	-2.56213E-1	1.42760E-1
2.45237E+11	1.68712E-4	1.95684E+1	2.73827E-1	9.73351E-2
2.45325E+11	1.82825E-4	-1.19717E+2	-1.41246E-1	-2.47464E-1
2.45412E+11	1.97606E-4	1.09486E+2	-1.00662E-1	2.84481E-1
2.45500E+11	1.83128E-4	-3.82005E+1	2.37259E-1	-1.86708E-1
2.45587E+11	2.02988E-4	-1.72987E+2	-3.04876E-1	-3.75038E-2
2.45675E+11	1.55120E-4	3.74080E+1	2.46094E-1	1.88208E-1
2.45763E+11	2.32656E-4	-8.98620E+1	7.22883E-4	-3.00188E-1
2.45850E+11	2.23533E-4	1.20278E+2	-1.63712E-1	2.80404E-1
2.45938E+11	2.56063E-4	-7.41321E+0	2.87009E-1	-3.73432E-2
2.46025E+11	2.24699E-4	-1.50257E+2	-2.83993E-1	-1.62267E-1
2.46113E+11	2.56271E-4	8.73542E+1	1.35346E-2	2.92892E-1
2.46200E+11	2.19283E-4	-4.73750E+1	2.26219E-1	-2.45796E-1
2.46287E+11	2.84382E-4	1.79079E+2	-3.03162E-1	4.87604E-3
2.46375E+11	1.60112E-4	4.73864E+1	2.12937E-1	2.31457E-1
2.46462E+11	2.73895E-4	-8.40424E+1	3.18721E-2	-3.05419E-1
2.46550E+11	1.57957E-4	1.40100E+2	-2.31715E-1	1.93740E-1
2.46637E+11	3.23103E-4	8.12373E+0	3.09820E-1	4.42248E-2
2.46725E+11	1.61091E-4	-1.29875E+2	-1.83660E-1	-2.19847E-1
2.46813E+11	3.39683E-4	1.01155E+2	-6.20779E-2	3.14824E-1
2.46900E+11	1.57906E-4	-4.04624E+1	2.13791E-1	-1.82352E-1
2.46988E+11	3.58542E-4	-1.68555E+2	-3.11483E-1	-6.30582E-2
2.47075E+11	1.69221E-4	4.01921E+1	2.19921E-1	1.85796E-1
2.47163E+11	3.03868E-4	-8.65585E+1	1.80530E-2	-3.00197E-1
2.47250E+11	1.74726E-4	1.28161E+2	-1.78691E-1	2.27396E-1
2.47338E+11	2.85697E-4	8.74055E+0	2.88354E-1	4.43333E-2
2.47425E+11	1.85082E-4	-1.32553E+2	-1.99642E-1	-2.17465E-1
2.47512E+11	2.87605E-4	1.04417E+2	-7.36518E-2	2.86499E-1
2.47600E+11	1.68199E-4	-3.13662E+1	2.49257E-1	-1.51945E-1
2.47687E+11	2.77477E-4	-1.57555E+2	-2.86711E-1	-1.18439E-1
2.47775E+11	1.48721E-4	6.74166E+1	1.09338E-1	2.62882E-1
2.47862E+11	2.82768E-4	-6.05137E+1	1.56593E-1	-2.76931E-1
2.47950E+11	1.71333E-4	1.64789E+2	-2.67154E-1	7.26400E-2
2.48038E+11	3.26195E-4	3.38603E+1	2.78148E-1	1.86628E-1
2.48125E+11	1.64682E-4	-1.07264E+2	-7.94762E-2	-2.55728E-1
2.48213E+11	3.55076E-4	1.18824E+2	-1.72850E-1	3.14098E-1
2.48300E+11	1.54069E-4	-2.58242E+1	2.41137E-1	-1.16696E-1
2.48388E+11	3.10782E-4	-1.51765E+2	-3.13752E-1	-1.68480E-1
2.48475E+11	1.67861E-4	5.78463E+1	1.47166E-1	2.34115E-1
2.48562E+11	2.54068E-4	-7.23933E+1	1.03292E-1	-3.25487E-1
2.48650E+11	1.71432E-4	1.35578E+2	-2.01492E-1	1.97465E-1
2.48737E+11	2.20516E-4	5.59055E+0	3.33386E-1	3.26333E-2
2.48825E+11	1.71154E-4	-1.39402E+2	-2.19501E-1	-1.88122E-1
2.48912E+11	1.72786E-4	9.09555E+1	-5.46701E-3	3.27782E-1
2.49000E+11	1.57826E-4	-4.76050E+1	1.90568E-1	-2.08735E-1
2.49087E+11	1.90967E-4	1.75284E+2	-3.36936E-1	2.77983E-2
2.49175E+11	1.57118E-4	3.84281E+1	2.14973E-1	1.70558E-1
2.49263E+11	2.06777E-4	-1.02641E+2	-7.50401E-2	-3.34596E-1
2.49350E+11	1.40125E-4	1.18443E+2	-1.24010E-1	2.28944E-1
2.49438E+11	2.04076E-4	-2.27247E+1	3.18209E-1	-1.33271E-1
2.49525E+11	1.24371E-4	-1.59755E+2	-2.33581E-1	-8.61492E-2
2.49613E+11	1.95369E-4	7.29113E+1	1.01966E-1	3.31679E-1
2.49700E+11	1.22288E-4	-6.20175E+1	1.22730E-1	-2.30991E-1
2.49787E+11	1.84958E-4	1.49446E+2	-3.07475E-1	1.81505E-1
2.49875E+11	1.28726E-4	-8.96648E+0	2.61019E-1	-4.11849E-2
2.49962E+11	1.73521E-4	-1.48620E+2	-2.70658E-1	-1.65083E-1
2.50050E+11	1.25024E-4	7.47547E+1	6.57719E-2	2.41326E-1
2.50137E+11	1.47323E-4	-5.14126E+1	1.78113E-1	-2.23219E-1
2.50225E+11	1.08885E-4	-1.75663E+2	-2.49045E-1	-1.88880E-2
2.50313E+11	1.11039E-4	5.48120E+1	1.69653E-1	2.40605E-1
2.50400E+11	9.32058E-5	-8.20560E+1	3.63035E-2	-2.60157E-1
2.50488E+11	1.12307E-4	1.40818E+2	-2.22474E-1	1.81330E-1
2.50575E+11	8.21733E-5	2.54576E+1	2.29275E-1	1.09150E-1
2.50663E+11	1.22564E-4	-1.19032E+2	-1.57100E-1	-2.83040E-1
2.50750E+11	7.76377E-5	9.75285E+1	-3.48408E-2	2.63630E-1
2.50837E+11	1.56505E-4	-6.50463E+1	1.38599E-1	-2.97855E-1
2.50925E+11	7.70388E-5	1.50475E+2	-2.29580E-1	1.30021E-1
2.51012E+11	1.42894E-4	7.58373E+0	3.32387E-1	4.42539E-2
2.51100E+11	7.12664E-5	-1.33504E+2	-1.84710E-1	-1.94615E-1
2.51187E+11	1.23461E-4	8.60501E+1	2.21177E-2	3.20326E-1
2.51275E+11	6.61483E-5	-4.63323E+1	1.81600E-1	-1.90248E-1
2.51362E+11	1.05795E-4	-1.78431E+2	-2.96128E-1	-8.11002E-3
2.51450E+11	6.57881E-5	4.91788E+1	1.75434E-1	2.03090E-1
2.51538E+11	1.02995E-4	-8.95712E+1	2.14923E-3	-2.87165E-1
2.51625E+11	7.49511E-5	1.37059E+2	-2.04731E-1	1.90520E-1
2.51713E+11	1.09055E-4	-7.83007E+0	2.86365E-1	-3.93803E-2
2.51800E+11	7.22215E-5	-1.32785E+2	-1.88230E-1	-2.03375E-1
2.51888E+11	1.07639E-4	8.08677E+1	4.63962E-2	2.88619E-1
2.51975E+11	6.07959E-5	-3.99258E+1	2.03226E-1	-1.70078E-1
2.52062E+11	1.04973E-4	1.75266E+2	-2.96389E-1	2.45430E-2
2.52150E+11	5.67674E-5	5.84381E+1	1.33980E-1	2.18106E-1
2.52237E+11	1.08352E-4	-8.14586E+1	4.48165E-2	-2.98399E-1
2.52325E+11	7.03219E-5	1.57522E+2	-2.42142E-1	1.00191E-1
2.52412E+11	1.43897E-4	1.40205E+1	3.02009E-1	7.54142E-2
2.52500E+11	9.12598E-5	-1.15802E+2	-1.18572E-1	-2.45255E-1
2.52588E+11	1.60303E-4	9.65131E+1	-3.56316E-2	3.12101E-1
2.52675E+11	1.04243E-4	-3.65071E+1	2.24494E-1	-1.66159E-1
2.52763E+11	1.58670E-4	1.77054E+2	-3.06295E-1	1.57617E-2
2.52850E+11	1.08816E-4	4.86481E+1	1.89769E-1	2.15615E-1
2.52938E+11	1.41025E-4	-9.82730E+1	-4.26796E-2	-2.93526E-1
2.53025E+11	1.02465E-4	1.33335E+2	-1.98441E-1	2.10325E-1
2.53113E+11	1.49069E-4	-1.89345E+1	2.87780E-1	-9.87231E-2
2.53200E+11	1.01125E-4	-1.40575E+2	-2.20555E-1	-1.81326E-1
2.53287E+11	1.52705E-4	6.53005E+1	1.29769E-1	2.82145E-1
2.53375E+11	9.59221E-5	-5.30447E+1	1.68677E-1	-2.24206E-1
2.53462E+11	1.57108E-4	1.56922E+2	-2.97522E-1	1.26769E-1
2.53550E+11	1.06394E-4	4.17821E+1	2.05548E-1	1.83665E-1
2.53637E+11	1.90636E-4	-1.09434E+2	-1.09998E-1	-3.11760E-1
2.53725E+11	1.09580E-4	1.30690E+2	-1.73013E-1	2.01215E-1
2.53813E+11	2.02366E-4	-1.31092E+1	3.15560E-1	-7.34866E-2
2.53900E+11	1.14934E-4	-1.33437E+2	-1.81341E-1	-1.91515E-1
2.53988E+11	1.90027E-4	9.42207E+1	-2.31113E-2	3.13164E-1
2.54075E+11	1.31776E-4	-2.23441E+1	2.56307E-1	-1.05350E-1
2.54163E+11	1.74049E-4	-1.58869E+2	-2.85065E-1	-1.10175E-1
2.54250E+11	1.47029E-4	8.18089E+1	4.04680E-2	2.81137E-1
2.54337E+11	1.73274E-4	-5.97352E+1	1.49639E-1	-2.56437E-1
2.54425E+11	1.61174E-4	1.76619E+2	-2.89523E-1	1.71045E-2
2.54512E+11	1.50901E-4	2.68128E+1	2.59399E-1	1.31105E-1
2.54600E+11	1.38935E-4	-9.41852E+1	-2.04346E-2	-2.79251E-1
2.54687E+11	1.37318E-4	1.14585E+2	-1.20761E-1	2.63951E-1
2.54775E+11	1.43131E-4	-4.14676E+0	2.67949E-1	-1.94266E-2
2.54863E+11	1.70023E-4	-1.56735E+2	-2.72576E-1	-1.17193E-1
2.54950E+11	1.55507E-4	7.88121E+1	5.17026E-2	2.61407E-1
2.55038E+11	1.85460E-4	-7.07110E+1	1.00602E-1	-2.87451E-1
2.55125E+11	1.66031E-4	1.62785E+2	-2.58768E-1	8.01787E-2
2.55213E+11	1.77273E-4	2.57743E+1	2.77291E-1	1.33894E-1
2.55300E+11	1.79953E-4	-1.02929E+2	-6.38145E-2	-2.77979E-1
2.55388E+11	1.55066E-4	1.22881E+2	-1.60754E-1	2.48670E-1
2.55475E+11	1.96269E-4	-1.54958E+1	2.80755E-1	-7.78381E-2
2.55562E+11	1.62911E-4	-1.50193E+2	-2.48438E-1	-1.42319E-1
2.55650E+11	2.00842E-4	7.13887E+1	9.21288E-2	2.73577E-1
2.55737E+11	1.80643E-4	-5.68786E+1	1.60862E-1	-2.46560E-1
2.55825E+11	2.12016E-4	1.69298E+2	-2.87068E-1	5.42518E-2
2.55912E+11	2.07386E-4	3.99170E+1	2.41705E-1	2.02219E-1
2.56000E+11	1.92007E-4	-9.14107E+1	-6.88664E-3	-2.79645E-1
2.56088E+11	2.05861E-4	1.31443E+2	-2.12920E-1	2.41147E-1
2.56175E+11	1.80286E-4	1.30151E-1	2.82108E-1	6.40825E-4
2.56263E+11	2.32496E-4	-1.45429E+2	-2.92239E-1	-2.01383E-1
2.56350E+11	1.17070E-4	-4.56858E+1	2.02129E-1	-2.07026E-1
2.56438E+11	1.87127E-4	1.72985E+2	-3.56431E-1	4.38563E-2
2.56525E+11	1.38512E-4	4.42331E+1	2.14754E-1	2.09080E-1
2.56612E+11	2.07642E-4	-9.88405E+1	-5.67609E-2	-3.64947E-1
2.56700E+11	1.54414E-4	1.25575E+2	-1.81332E-1	2.53516E-1
2.56787E+11	1.99710E-4	-1.72191E+1	3.38637E-1	-1.04950E-1
2.56875E+11	1.72557E-4	-1.53425E+2	-2.93465E-1	-1.46796E-1
2.56962E+11	1.85724E-4	6.52269E+1	1.40627E-1	3.04720E-1
2.57050E+11	1.93821E-4	-6.90445E+1	1.21094E-1	-3.16195E-1
2.57137E+11	1.76635E-4	1.46902E+2	-2.65123E-1	1.72816E-1
2.57225E+11	2.00782E-4	1.46876E+1	3.38077E-1	8.86144E-2
2.57313E+11	2.01357E-4	-1.35551E+2	-2.26877E-1	-2.22553E-1
2.57400E+11	2.09411E-4	9.57097E+1	-3.36111E-2	3.36165E-1
2.57488E+11	2.08535E-4	-5.65156E+1	1.76953E-1	-2.67506E-1
2.57575E+11	2.02964E-4	1.77970E+2	-3.24808E-1	1.15110E-2
2.57663E+11	2.47129E-4	2.79138E+1	2.89456E-1	1.53349E-1
2.57750E+11	2.00096E-4	-9.84261E+1	-4.62058E-2	-3.11920E-1
2.57837E+11	2.44702E-4	1.15052E+2	-1.38418E-1	2.96131E-1
2.57925E+11	1.87068E-4	-1.49502E+1	2.97170E-1	-7.93498E-2
2.58012E+11	2.27776E-4	-1.57015E+2	-2.93018E-1	-1.24287E-1
2.58100E+11	1.84490E-4	6.78964E+1	1.16603E-1	2.87105E-1
2.58187E+11	2.02577E-4	-7.26386E+1	8.80970E-2	-2.81783E-1
2.58275E+11	1.62851E-4	1.54524E+2	-2.72261E-1	1.29724E-1
2.58363E+11	1.62857E-4	1.81171E+1	2.65117E-1	8.67409E-2
2.58450E+11	1.58553E-4	-1.12616E+2	-1.17591E-1	-2.82279E-1
2.58538E+11	1.39600E-4	1.05990E+2	-7.43428E-2	2.59440E-1
2.58625E+11	1.37077E-4	-2.34102E+1	2.80198E-1	-1.21312E-1
2.58713E+11	1.37861E-4	-1.65396E+2	-2.65853E-1	-6.92715E-2
2.58800E+11	1.36133E-4	6.98361E+1	1.04419E-1	2.84355E-1
2.58887E+11	1.32916E-4	-7.12290E+1	9.01729E-2	-2.65321E-1
2.58975E+11	1.13389E-4	1.67637E+2	-2.82211E-1	6.18570E-2
2.59062E+11	1.25791E-4	2.83130E+1	2.46115E-1	1.32591E-1
2.59150E+11	9.68185E-5	-9.33934E+1	-1.64266E-2	-2.77030E-1
2.59237E+11	1.12168E-4	1.27389E+2	-1.69021E-1	2.21159E-1
2.59325E+11	9.21244E-5	8.59074E-1	2.65949E-1	3.98786E-3
2.59412E+11	1.11922E-4	-1.34498E+2	-1.92795E-1	-1.96201E-1
2.59500E+11	1.25037E-4	9.23868E+1	-1.21794E-2	2.92201E-1
2.59588E+11	1.16899E-4	-4.23181E+1	2.06044E-1	-1.87604E-1
2.59675E+11	1.27983E-4	-1.76642E+2	-2.88612E-1	-1.69342E-2
2.59763E+11	1.14773E-4	4.75216E+1	1.84780E-1	2.01805E-1
2.59850E+11	1.38123E-4	-8.53839E+1	2.48914E-2	-3.08289E-1
2.59938E+11	1.24983E-4	1.42236E+2	-2.27485E-1	1.76230E-1
2.60025E+11	1.63485E-4	1.22032E+1	3.13272E-1	6.77499E-2
2.60112E+11	1.32798E-4	-1.24245E+2	-1.61598E-1	-2.37378E-1
2.60200E+11	1.53567E-4	1.00548E+2	-5.68930E-2	3.05537E-1
2.60287E+11	1.34218E-4	-4.03227E+1	2.15077E-1	-1.82545E-1
2.60375E+11	1.36910E-4	-1.74699E+2	-2.79794E-1	-2.59586E-2
2.60462E+11	1.20927E-4	5.06733E+1	1.74155E-1	2.12573E-1
2.60550E+11	1.26481E-4	-7.74668E+1	5.78312E-2	-2.60147E-1
2.60638E+11	1.29163E-4	1.58228E+2	-2.61172E-1	1.04313E-1
2.60725E+11	1.18491E-4	2.48129E+1	2.27840E-1	1.05339E-1
2.60813E+11	1.04685E-4	-9.94700E+1	-4.27979E-2	-2.56576E-1
2.60900E+11	1.08829E-4	1.16881E+2	-1.10466E-1	2.17916E-1
2.60988E+11	8.62093E-5	-5.80400E+0	2.52149E-1	-2.56302E-2
2.61075E+11	9.62785E-5	-1.49370E+2	-2.06025E-1	-1.21989E-1
2.61163E+11	7.70700E-5	9.03212E+1	-1.37373E-3	2.45039E-1
2.61250E+11	9.46445E-5	-4.97426E+1	1.48812E-1	-1.75738E-1
2.61337E+11	7.74523E-5	-1.71689E+2	-2.37005E-1	-3.46220E-2
2.61425E+11	9.58206E-5	4.84532E+1	1.50211E-1	1.69504E-1
2.61512E+11	8.40362E-5	-7.84788E+1	4.86592E-2	-2.38716E-1
2.61600E+11	9.28547E-5	1.42525E+2	-1.72268E-1	1.32066E-1
2.61687E+11	8.74797E-5	1.85188E+1	2.32942E-1	7.80263E-2
2.61775E+11	8.00154E-5	-1.15754E+2	-8.48329E-2	-1.75842E-1
2.61863E+11	7.96242E-5	1.19936E+2	-1.19513E-1	2.07539E-1
2.61950E+11	7.84259E-5	-2.00747E+1	1.79424E-1	-6.55700E-2
2.62038E+11	8.80138E-5	-1.42179E+2	-1.95756E-1	-1.51961E-1
2.62125E+11	6.85569E-5	8.16428E+1	2.71647E-2	1.84916E-1
2.62213E+11	8.09986E-5	-3.27691E+1	1.98045E-1	-1.27480E-1
2.62300E+11	7.55699E-5	-1.72173E+2	-1.87012E-1	-2.57082E-2
2.62387E+11	7.63809E-5	6.95131E+1	7.88207E-2	2.10963E-1
2.62475E+11	7.40154E-5	-7.52962E+1	4.66428E-2	-1.77744E-1
2.62562E+11	7.27836E-5	1.58153E+2	-2.00498E-1	8.03831E-2
2.62650E+11	7.77018E-5	1.31541E+1	1.84570E-1	4.31346E-2
2.62737E+11	7.41664E-5	-1.19657E+2	-1.08416E-1	-1.90403E-1
2.62825E+11	7.15334E-5	9.73944E+1	-2.45149E-2	1.88898E-1
2.62913E+11	8.43893E-5	-3.44764E+1	1.87624E-1	-1.28837E-1
2.63000E+11	7.95805E-5	-1.71027E+2	-1.93792E-1	-3.06003E-2
2.63088E+11	9.42491E-5	5.47716E+1	1.40046E-1	1.98319E-1
2.63175E+11	6.45589E-5	-7.89655E+1	3.58761E-2	-1.83975E-1
2.63263E+11	9.16865E-5	1.50755E+2	-2.09165E-1	1.17112E-1
2.63350E+11	6.07486E-5	1.79090E+1	1.81427E-1	5.86306E-2
2.63438E+11	9.19425E-5	-1.13359E+2	-1.00415E-1	-2.32502E-1
2.63525E+11	6.07584E-5	1.12081E+2	-7.17664E-2	1.76905E-1
2.63612E+11	9.16254E-5	-1.62000E+1	2.39420E-1	-6.95580E-2
2.63700E+11	6.15490E-5	-1.48725E+2	-1.70482E-1	-1.03554E-1
2.63787E+11	8.81994E-5	8.67580E+1	1.37083E-2	2.42011E-1
2.63875E+11	5.74924E-5	-4.48327E+1	1.41918E-1	-1.41092E-1
2.63962E+11	9.21311E-5	-1.77306E+2	-2.37335E-1	-1.11663E-2
2.64050E+11	6.29947E-5	4.53109E+1	1.47409E-1	1.49018E-1
2.64138E+11	9.66334E-5	-9.40036E+1	-1.70566E-2	-2.43700E-1
2.64225E+11	6.45286E-5	1.37594E+2	-1.59734E-1	1.45890E-1
2.64313E+11	1.03750E-4	-5.10489E+0	2.53704E-1	-2.26643E-2
2.64400E+11	7.16012E-5	-1.30622E+2	-1.45904E-1	-1.70098E-1
2.64488E+11	1.32416E-4	8.32929E+1	3.18504E-2	2.70839E-1
2.64575E+11	7.40394E-5	-4.34316E+1	1.65149E-1	-1.56346E-1
2.64662E+11	1.47483E-4	1.69686E+2	-2.81547E-1	5.12388E-2
2.64750E+11	7.43562E-5	4.84996E+1	1.52444E-1	1.72305E-1
2.64837E+11	1.54426E-4	-9.30555E+1	-1.56793E-2	-2.93739E-1
2.64925E+11	7.86543E-5	1.43851E+2	-1.85217E-1	1.35305E-1
2.65012E+11	1.41344E-4	-8.55607E-1	2.82354E-1	-4.21676E-3
2.65100E+11	7.79149E-5	-1.28943E+2	-1.45976E-1	-1.80632E-1
2.65187E+11	1.24839E-4	8.58910E+1	1.96078E-2	2.72939E-1
2.65275E+11	7.44714E-5	-3.59050E+1	1.91264E-1	-1.38477E-1
2.65363E+11	1.22168E-4	-1.77409E+2	-2.76270E-1	-1.25019E-2
2.65450E+11	9.19288E-5	6.68293E+1	9.82695E-2	2.29604E-1
2.65538E+11	1.33672E-4	-8.07055E+1	4.54485E-2	-2.77705E-1
2.65625E+11	8.77300E-5	1.62701E+2	-2.37586E-1	7.39954E-2
2.65713E+11	1.43793E-4	1.05869E+1	2.84931E-1	5.32559E-2
2.65800E+11	9.74140E-5	-9.96826E+1	-4.17772E-2	-2.44854E-1
2.65887E+11	1.41754E-4	1.08786E+2	-9.30957E-2	2.73684E-1
2.65975E+11	9.86747E-5	-3.08677E+0	2.37371E-1	-1.28006E-2
2.66062E+11	1.66972E-4	-1.56420E+2	-2.77761E-1	-1.21235E-1
2.66150E+11	1.14534E-4	8.76129E+1	1.00924E-2	2.42099E-1
2.66237E+11	1.77298E-4	-5.83731E+1	1.62693E-1	-2.64175E-1
2.66325E+11	1.19609E-4	-1.70196E+2	-2.43221E-1	-4.20286E-2
2.66413E+11	1.71221E-4	5.35396E+1	1.82895E-1	2.47527E-1
2.66500E+11	1.38762E-4	-6.17328E+1	1.23086E-1	-2.28909E-1
2.66588E+11	1.75997E-4	1.54724E+2	-2.74506E-1	1.29615E-1
2.66675E+11	1.61593E-4	3.03779E+1	2.34761E-1	1.37612E-1
2.66763E+11	1.75841E-4	-1.16879E+2	-1.39320E-1	-2.74859E-1
2.66850E+11	1.74004E-4	1.24161E+2	-1.60494E-1	2.36507E-1
2.66937E+11	1.70380E-4	-1.42428E+1	2.96779E-1	-7.53326E-2
2.67025E+11	2.08375E-4	-1.29594E+2	-1.86158E-1	-2.25072E-1
2.67112E+11	1.56761E-4	7.84100E+1	6.18772E-2	3.01711E-1
2.67200E+11	1.85533E-4	-4.59750E+1	1.93211E-1	-1.99901E-1
2.67287E+11	1.62253E-4	1.56254E+2	-2.82283E-1	1.24185E-1
2.67375E+11	1.83354E-4	3.12325E+1	2.28236E-1	1.38401E-1
2.67462E+11	1.49691E-4	-1.19999E+2	-1.53391E-1	-2.65689E-1
2.67550E+11	1.62828E-4	1.18772E+2	-1.27391E-1	2.31996E-1
2.67638E+11	1.47956E-4	-2.07651E+1	2.92428E-1	-1.10879E-1
2.67725E+11	1.94714E-4	-1.51165E+2	-2.44868E-1	-1.34811E-1
2.67813E+11	1.60967E-4	6.22383E+1	1.52486E-1	2.89685E-1
2.67900E+11	2.24162E-4	-7.34641E+1	8.44364E-2	-2.84398E-1
2.67988E+11	1.51700E-4	1.46740E+2	-2.64303E-1	1.73348E-1
2.68075E+11	2.35742E-4	1.53887E+1	2.92958E-1	8.06316E-2
2.68162E+11	1.44293E-4	-1.23548E+2	-1.70128E-1	-2.56572E-1
2.68250E+11	2.41196E-4	1.01878E+2	-6.30209E-2	2.99616E-1
2.68337E+11	1.33225E-4	-3.80055E+1	2.29616E-1	-1.79431E-1
2.68425E+11	2.27581E-4	-1.65093E+2	-2.90703E-1	-7.73907E-2
2.68512E+11	1.31630E-4	4.70942E+1	1.95866E-1	2.10735E-1
2.68600E+11	2.11346E-4	-8.30686E+1	3.38323E-2	-2.78295E-1
2.68688E+11	1.31650E-4	1.29873E+2	-1.77478E-1	2.12466E-1
2.68775E+11	1.83141E-4	2.91464E+0	2.63108E-1	1.33958E-2
2.68863E+11	1.37118E-4	-1.39825E+2	-2.12384E-1	-1.79321E-1
2.68950E+11	1.71239E-4	9.30467E+1	-1.35788E-2	2.55121E-1
2.69038E+11	1.32324E-4	-4.49599E+1	1.94163E-1	-1.93891E-1
2.69125E+11	1.79041E-4	-1.79837E+2	-2.54914E-1	-7.26734E-4
2.69212E+11	1.46593E-4	4.09114E+1	2.05796E-1	1.78338E-1
2.69300E+11	1.83594E-4	-9.24397E+1	-1.06234E-2	-2.49343E-1
2.69387E+11	1.41425E-4	1.35558E+2	-1.83092E-1	1.79563E-1
2.69475E+11	2.06720E-4	-2.55650E+0	2.64397E-1	-1.18050E-2
2.69562E+11	1.59791E-4	-1.40815E+2	-2.05750E-1	-1.67716E-1
2.69650E+11	2.11978E-4	8.46957E+1	2.49385E-2	2.68608E-1
2.69737E+11	1.48914E-4	-5.14463E+1	1.59387E-1	-1.99992E-1
2.69825E+11	1.75633E-4	1.77121E+2	-2.55485E-1	1.28465E-2
2.69913E+11	1.52261E-4	3.25338E+1	2.18617E-1	1.39456E-1
2.70000E+11	1.44434E-4	-9.78411E+1	-3.26303E-2	-2.36943E-1
2.70088E+11	1.62972E-4	1.20159E+2	-1.32969E-1	2.28842E-1
2.70175E+11	1.28893E-4	-1.24519E+1	2.32541E-1	-5.13484E-2
2.70263E+11	1.76192E-4	-1.53878E+2	-2.44781E-1	-1.20036E-1
2.70350E+11	1.23320E-4	6.69755E+1	9.38540E-2	2.20843E-1
2.70437E+11	1.90172E-4	-7.55442E+1	7.11763E-2	-2.76098E-1
2.70525E+11	1.19943E-4	1.39334E+2	-1.86281E-1	1.60033E-1
2.70612E+11	1.85352E-4	3.49604E+0	2.82511E-1	1.72595E-2
2.70700E+11	1.20188E-4	-1.38472E+2	-1.87791E-1	-1.66305E-1
2.70787E+11	1.77541E-4	8.52788E+1	2.26910E-2	2.74754E-1
2.70875E+11	1.20845E-4	-6.48668E+1	1.09286E-1	-2.32948E-1
2.70963E+11	1.76282E-4	1.49202E+2	-2.37382E-1	1.41500E-1
2.71050E+11	1.09440E-4	-4.86105E+0	2.50929E-1	-2.13404E-2
2.71138E+11	1.66553E-4	-1.45935E+2	-2.19324E-1	-1.48300E-1
2.71225E+11	1.10147E-4	7.57486E+1	6.16287E-2	2.42639E-1
2.71313E+11	1.87888E-4	-5.38817E+1	1.62551E-1	-2.22763E-1
2.71400E+11	1.09172E-4	1.71550E+2	-2.47367E-1	3.67495E-2
2.71488E+11	1.89490E-4	3.77395E+1	2.28727E-1	1.77033E-1
2.71575E+11	1.05927E-4	-1.03268E+2	-5.82893E-2	-2.47202E-1
2.71662E+11	1.73860E-4	1.18669E+2	-1.40010E-1	2.56061E-1
2.71750E+11	1.03498E-4	-2.40678E+1	2.30410E-1	-1.02912E-1
2.71837E+11	1.94118E-4	-1.51268E+2	-2.63142E-1	-1.44256E-1
2.71925E+11	1.15819E-4	6.73238E+1	1.01551E-1	2.43051E-1
2.72012E+11	1.86009E-4	-5.80489E+1	1.56385E-1	-2.50744E-1
2.72100E+11	1.16151E-4	1.55011E+2	-2.41484E-1	1.12550E-1
2.72188E+11	1.62446E-4	2.03775E+1	2.73281E-1	1.01510E-1
2.72275E+11	1.21164E-4	-1.26707E+2	-1.62933E-1	-2.18538E-1
2.72363E+11	1.47111E-4	1.10114E+2	-9.81609E-2	2.68029E-1
2.72450E+11	1.17519E-4	-2.46865E+1	2.49310E-1	-1.14599E-1
2.72538E+11	1.38092E-4	-1.49267E+2	-2.45451E-1	-1.45930E-1
2.72625E+11	1.20315E-4	7.15000E+1	8.59258E-2	2.56805E-1
2.72712E+11	1.33667E-4	-6.08243E+1	1.38022E-1	-2.47208E-1
2.72800E+11	1.10043E-4	1.61866E+2	-2.41459E-1	7.90807E-2
2.72887E+11	1.36744E-4	3.85875E+1	2.28804E-1	1.82570E-1
2.72975E+11	1.20740E-4	-9.31670E+1	-1.45100E-2	-2.62241E-1
2.73062E+11	1.34915E-4	1.51720E+2	-2.58875E-1	1.39271E-1
2.73150E+11	1.17162E-4	1.88622E+1	2.43451E-1	8.31725E-2
2.73238E+11	1.19117E-4	-1.01847E+2	-5.87936E-2	-2.80272E-1
2.73325E+11	1.19937E-4	1.10964E+2	-8.95075E-2	2.33613E-1
2.73413E+11	1.09740E-4	-1.00214E+1	2.66862E-1	-4.71579E-2
2.73500E+11	1.20318E-4	-1.54311E+2	-2.24327E-1	-1.07907E-1
2.73588E+11	1.07415E-4	9.00727E+1	-3.45750E-4	2.72397E-1
2.73675E+11	1.50791E-4	-5.36657E+1	1.58067E-1	-2.14912E-1
2.73763E+11	1.20247E-4	-1.71811E+2	-2.78786E-1	-4.01197E-2
2.73850E+11	1.80611E-4	3.70343E+1	2.27926E-1	1.71969E-1
2.73937E+11	1.27710E-4	-8.62581E+1	1.91679E-2	-2.93081E-1
2.74025E+11	1.90118E-4	1.29098E+2	-1.80101E-1	2.21635E-1
2.74112E+11	1.16524E-4	1.04016E+1	2.81536E-1	5.16798E-2
2.74200E+11	1.73433E-4	-1.31309E+2	-1.80195E-1	-2.05044E-1
2.74287E+11	1.11749E-4	1.14195E+2	-1.18747E-1	2.64288E-1
2.74375E+11	1.73975E-4	-2.45778E+1	2.47736E-1	-1.13306E-1
2.74463E+11	1.20261E-4	-1.36274E+2	-2.15397E-1	-2.06023E-1
2.74550E+11	1.76995E-4	8.12049E+1	4.11064E-2	2.65680E-1
2.74638E+11	1.10878E-4	-2.87933E+1	2.53679E-1	-1.39423E-1
2.74725E+11	1.80238E-4	1.76666E+2	-2.72776E-1	1.58886E-2
2.74813E+11	1.00931E-4	6.33290E+1	1.22894E-1	2.44656E-1
2.74900E+11	1.72358E-4	-9.01523E+1	-7.08140E-4	-2.66431E-1
2.74988E+11	9.30329E-5	1.56199E+2	-2.42307E-1	1.06874E-1
2.75075E+11	1.85718E-4	-4.02195E+0	2.73670E-1	-1.92422E-2
2.75162E+11	9.65645E-5	-1.26235E+2	-1.54675E-1	-2.11066E-1
2.75250E+11	1.81349E-4	7.32064E+1	8.00772E-2	2.65336E-1
2.75338E+11	1.01856E-4	-4.82583E+1	1.79347E-1	-2.01000E-1
2.75425E+11	1.76754E-4	1.62236E+2	-2.64163E-1	8.46289E-2
2.75512E+11	9.90458E-5	4.73791E+1	1.82276E-1	1.98079E-1
2.75600E+11	1.52957E-4	-1.01483E+2	-5.24716E-2	-2.58304E-1
2.75688E+11	1.03455E-4	1.35953E+2	-1.95713E-1	1.89311E-1
2.75775E+11	1.55507E-4	-2.33896E+1	2.41038E-1	-1.04255E-1
2.75862E+11	1.29855E-4	-1.45864E+2	-2.38147E-1	-1.61459E-1
2.75950E+11	1.50415E-4	6.44918E+1	1.13908E-1	2.38725E-1
2.76038E+11	1.24064E-4	-3.37085E+1	2.33977E-1	-1.56094E-1
2.76125E+11	1.66751E-4	1.79673E+2	-2.72876E-1	1.55676E-3
2.76213E+11	1.43043E-4	7.38458E+1	8.05217E-2	2.77987E-1
2.76300E+11	1.90637E-4	-8.63592E+1	1.88390E-2	-2.96075E-1
2.76387E+11	1.43630E-4	1.55124E+2	-2.58422E-1	1.19826E-1
2.76475E+11	1.74495E-4	1.07688E+0	2.95056E-1	5.54627E-3
2.76563E+11	1.45641E-4	-1.08914E+2	-9.17716E-2	-2.67824E-1
2.76650E+11	1.93872E-4	1.01253E+2	-5.92667E-2	2.97878E-1
2.76737E+11	1.68707E-4	-1.54831E+1	2.86564E-1	-7.93803E-2
2.76825E+11	1.82390E-4	-1.71889E+2	-3.08357E-1	-4.39466E-2
2.76913E+11	1.89661E-4	5.78184E+1	1.68313E-1	2.67467E-1
2.77000E+11	1.65055E-4	-1.01495E+2	-6.22607E-2	-3.06153E-1
2.77087E+11	1.94545E-4	1.39400E+2	-2.44915E-1	2.09918E-1
2.77175E+11	1.50339E-4	-4.40132E+0	3.03886E-1	-2.33898E-2
2.77262E+11	1.89116E-4	-1.14277E+2	-1.37741E-1	-3.05394E-1
2.77350E+11	1.41475E-4	9.26113E+1	-1.40661E-2	3.08414E-1
2.77438E+11	1.66169E-4	-2.06310E+1	2.93565E-1	-1.10525E-1
2.77525E+11	1.48054E-4	-1.79856E+2	-3.26283E-1	-8.19109E-4
2.77612E+11	1.74606E-4	6.78273E+1	1.24569E-1	3.05662E-1
2.77700E+11	1.53118E-4	-8.47136E+1	3.26452E-2	-3.52818E-1
2.77788E+11	1.80557E-4	1.63977E+2	-3.30280E-1	9.48515E-2
2.77875E+11	1.57200E-4	9.62538E+0	3.69553E-1	6.26736E-2
2.77962E+11	2.04209E-4	-1.13697E+2	-1.62779E-1	-3.70877E-1
2.78050E+11	1.81106E-4	8.75399E+1	2.05068E-2	4.77313E-1
2.78138E+11	2.21418E-4	-3.25162E+1	4.03335E-1	-2.57113E-1
2.78225E+11	1.66316E-4	-1.79220E+2	-5.05732E-1	-6.88100E-3
2.78312E+11	2.19174E-4	6.67638E+1	1.98636E-1	4.62645E-1
2.78400E+11	1.66377E-4	-7.99924E+1	8.80587E-2	-4.99017E-1
2.78487E+11	2.25532E-4	1.59502E+2	-4.74488E-1	1.77382E-1
2.78575E+11	1.62864E-4	6.71025E+0	4.96178E-1	5.83775E-2
2.78663E+11	2.51267E-4	-1.10027E+2	-1.81522E-1	-4.97988E-1
2.78750E+11	1.71191E-4	9.78818E+1	-7.15146E-2	5.16585E-1
2.78837E+11	2.08271E-4	-1.26427E+1	4.86290E-1	-1.09079E-1
2.78925E+11	1.63855E-4	-1.60521E+2	-4.88169E-1	-1.72668E-1
2.79013E+11	1.96558E-4	9.14016E+1	-1.21167E-2	4.95212E-1
2.79100E+11	1.80364E-4	-5.41365E+1	3.08372E-1	-4.26571E-1
2.79187E+11	2.14471E-4	-1.62513E+2	-4.80822E-1	-1.51485E-1
2.79275E+11	1.94128E-4	5.17954E+1	3.20720E-1	4.07495E-1
2.79363E+11	1.87892E-4	-5.84904E+1	2.38919E-1	-3.89734E-1
2.79450E+11	2.08085E-4	1.53701E+2	-4.35051E-1	2.15010E-1
2.79537E+11	1.78952E-4	3.63608E+1	3.30465E-1	2.43291E-1
2.79625E+11	1.87398E-4	-1.08145E+2	-1.30061E-1	-3.96873E-1
2.79712E+11	1.60187E-4	1.33567E+2	-2.58362E-1	2.71616E-1
2.79800E+11	1.78029E-4	-1.16072E+1	3.66365E-1	-7.52520E-2
2.79888E+11	1.51571E-4	-1.30430E+2	-2.30353E-1	-2.70377E-1
2.79975E+11	1.88590E-4	7.73291E+1	8.02694E-2	3.57029E-1
2.80062E+11	1.73006E-4	-4.17381E+1	2.71553E-1	-2.42269E-1
2.80150E+11	2.08764E-4	1.67154E+2	-3.54593E-1	8.08586E-2
2.80238E+11	1.66404E-4	5.53097E+1	1.96142E-1	2.83368E-1
2.80325E+11	2.06621E-4	-9.37816E+1	-2.30980E-2	-3.49453E-1
2.80412E+11	1.44359E-4	1.52774E+2	-2.81482E-1	1.44824E-1
2.80500E+11	2.16525E-4	-2.36989E-1	3.33955E-1	-1.38132E-3
2.80588E+11	1.41637E-4	-1.13918E+2	-1.27369E-1	-2.87184E-1
2.80675E+11	2.48448E-4	9.19374E+1	-1.19947E-2	3.54592E-1
2.80763E+11	1.35295E-4	-2.35615E+1	2.77509E-1	-1.21019E-1
2.80850E+11	2.53418E-4	-1.72313E+2	-3.50986E-1	-4.73748E-2
2.80937E+11	1.56794E-4	6.64792E+1	1.26362E-1	2.90324E-1
2.81025E+11	2.74544E-4	-8.74264E+1	1.52839E-2	-3.40039E-1
2.81113E+11	1.58605E-4	1.43558E+2	-2.56529E-1	1.89419E-1
2.81200E+11	2.93544E-4	-1.11880E+1	3.23476E-1	-6.39793E-2
2.81287E+11	1.65806E-4	-1.31014E+2	-2.08372E-1	-2.39586E-1
2.81375E+11	2.65419E-4	8.15995E+1	4.67726E-2	3.16723E-1
2.81463E+11	1.48142E-4	-3.43302E+1	2.58970E-1	-1.76858E-1
2.81550E+11	2.69237E-4	1.72110E+2	-3.18687E-1	4.41661E-2
2.81637E+11	1.43021E-4	5.33259E+1	1.88504E-1	2.53136E-1
2.81725E+11	2.56992E-4	-1.03929E+2	-7.81188E-2	-3.14975E-1
2.81813E+11	1.24083E-4	1.42834E+2	-2.38112E-1	1.80514E-1
2.81900E+11	2.60253E-4	-9.98152E+0	3.20655E-1	-5.64335E-2
2.81988E+11	1.25698E-4	-1.21479E+2	-1.52699E-1	-2.49392E-1
2.82075E+11	2.80488E-4	8.46555E+1	3.16101E-2	3.37893E-1
2.82162E+11	1.19804E-4	-3.72362E+1	2.35981E-1	-1.79355E-1
2.82250E+11	2.63599E-4	1.70824E+2	-3.38021E-1	5.46024E-2
2.82338E+11	1.26768E-4	5.26387E+1	1.83647E-1	2.40537E-1
2.82425E+11	2.26267E-4	-9.06968E+1	-3.89583E-3	-3.20309E-1
2.82512E+11	1.26915E-4	1.46522E+2	-2.60269E-1	1.72122E-1
2.82600E+11	2.08683E-4	-8.31244E+0	3.16742E-1	-4.62778E-2
2.82688E+11	1.25858E-4	-1.36498E+2	-2.28124E-1	-2.16500E-1
2.82775E+11	1.90859E-4	6.82969E+1	1.14649E-1	2.88055E-1
2.82862E+11	1.44417E-4	-5.07892E+1	2.02867E-1	-2.48645E-1
2.82950E+11	1.64519E-4	1.60400E+2	-2.77281E-1	9.87340E-2
2.83037E+11	1.30731E-4	5.02277E+1	1.97874E-1	2.37729E-1
2.83125E+11	1.59019E-4	-1.06303E+2	-8.50775E-2	-2.90890E-1
2.83213E+11	1.30142E-4	1.34748E+2	-2.19914E-1	2.21858E-1
2.83300E+11	1.72051E-4	-3.01849E+1	2.74518E-1	-1.59677E-1
2.83387E+11	1.19040E-4	-1.42572E+2	-2.35840E-1	-1.80498E-1
2.83475E+11	1.56721E-4	6.47122E+1	1.33511E-1	2.82599E-1
2.83563E+11	1.28529E-4	-4.68889E+1	2.08035E-1	-2.22225E-1
2.83650E+11	1.53025E-4	1.65818E+2	-3.01323E-1	7.61479E-2
2.83737E+11	1.31016E-4	5.37461E+1	1.80107E-1	2.45601E-1
2.83825E+11	1.33551E-4	-9.60152E+1	-3.09265E-2	-2.93499E-1
2.83913E+11	1.45415E-4	1.52033E+2	-2.80773E-1	1.49079E-1
2.84000E+11	1.37057E-4	-4.37457E+0	3.10820E-1	-2.37775E-2
2.84087E+11	1.61031E-4	-1.19743E+2	-1.64920E-1	-2.88629E-1
2.84175E+11	1.32541E-4	7.45701E+1	8.43320E-2	3.05542E-1
2.84262E+11	1.52259E-4	-3.91615E+1	2.60576E-1	-2.12229E-1
2.84350E+11	1.14614E-4	1.59201E+2	-2.81477E-1	1.06916E-1
2.84438E+11	1.28505E-4	5.39529E+1	1.78315E-1	2.45005E-1
2.84525E+11	1.19762E-4	-1.11926E+2	-1.13713E-1	-2.82494E-1
2.84612E+11	1.37010E-4	1.40704E+2	-2.26264E-1	1.85165E-1
2.84700E+11	1.33412E-4	-2.68542E+1	2.78604E-1	-1.41064E-1
2.84788E+11	1.47543E-4	-1.37372E+2	-2.16189E-1	-1.98990E-1
2.84875E+11	1.42826E-4	5.42632E+1	1.85888E-1	2.58341E-1
2.84962E+11	1.66494E-4	-5.85802E+1	1.54065E-1	-2.52202E-1
2.85050E+11	1.35100E-4	1.34853E+2	-2.22408E-1	2.23555E-1
2.85138E+11	1.64192E-4	2.44018E+1	2.66276E-1	1.20799E-1
2.85225E+11	1.44667E-4	-1.39750E+2	-2.42031E-1	-2.04898E-1
2.85313E+11	1.89948E-4	1.12231E+2	-1.13238E-1	2.77048E-1
2.85400E+11	1.50268E-4	-5.18163E+1	1.98311E-1	-2.52157E-1
2.85487E+11	1.96778E-4	-1.60233E+2	-2.81866E-1	-1.01293E-1
2.85575E+11	1.35964E-4	3.57320E+1	2.47743E-1	1.78231E-1
2.85663E+11	1.87873E-4	-7.17303E+1	9.42933E-2	-2.85624E-1
2.85750E+11	1.50230E-4	1.12343E+2	-1.21104E-1	2.94654E-1
2.85837E+11	1.64831E-4	1.58327E+0	2.85886E-1	7.90197E-3
2.85925E+11	1.59754E-4	-1.71734E+2	-3.22507E-1	-4.68537E-2
2.86013E+11	1.49192E-4	8.67978E+1	1.50022E-2	2.68151E-1
2.86100E+11	1.72873E-4	-7.59481E+1	8.09868E-2	-3.23571E-1
2.86187E+11	1.48646E-4	-1.75463E+2	-2.70404E-1	-2.14554E-2
2.86275E+11	1.76251E-4	2.46176E+1	3.12498E-1	1.43189E-1
2.86363E+11	1.41739E-4	-7.93805E+1	5.04757E-2	-2.69206E-1
2.86450E+11	1.88995E-4	1.17450E+2	-1.66456E-1	3.20448E-1
2.86538E+11	1.33567E-4	6.94410E+0	2.76000E-1	3.36152E-2
2.86625E+11	1.93766E-4	-1.51998E+2	-3.21292E-1	-1.70851E-1
2.86712E+11	1.24756E-4	9.61856E+1	-3.10542E-2	2.86530E-1
2.86800E+11	1.86017E-4	-6.02804E+1	1.84280E-1	-3.22820E-1
2.86888E+11	1.15759E-4	-1.61731E+2	-2.73921E-1	-9.04263E-2
2.86975E+11	1.72445E-4	4.70655E+1	2.45012E-1	2.63347E-1
2.87062E+11	9.20407E-5	-5.11330E+1	1.65999E-1	-2.05968E-1
2.87150E+11	1.58772E-4	1.49950E+2	-3.07346E-1	1.77807E-1
2.87238E+11	7.53092E-5	3.97335E+1	1.88636E-1	1.56795E-1
2.87325E+11	1.62185E-4	-1.24726E+2	-2.02870E-1	-2.92698E-1
2.87412E+11	7.75539E-5	1.16845E+2	-1.11350E-1	2.20008E-1
2.87500E+11	1.62315E-4	-4.47122E+1	2.62742E-1	-2.60116E-1
2.87588E+11	8.13739E-5	-1.58850E+2	-2.36417E-1	-9.14636E-2
2.87675E+11	2.02867E-4	4.62832E+1	2.67589E-1	2.79852E-1
2.87763E+11	9.26514E-5	-6.52791E+1	1.08414E-1	-2.35483E-1
2.87850E+11	2.45296E-4	1.42076E+2	-3.20794E-1	2.49948E-1
2.87937E+11	8.98693E-5	2.21184E+1	2.42651E-1	9.86212E-2
2.88025E+11	1.44082E-4	-1.37196E+2	-2.92273E-1	-2.70687E-1
2.88113E+11	6.35879E-5	9.59612E+1	-2.66837E-2	2.55544E-1
2.88200E+11	1.60436E-4	-5.97819E+1	1.90944E-1	-3.27835E-1
2.88287E+11	5.69852E-5	1.78449E+2	-2.45153E-1	6.63783E-3
2.88375E+11	1.52051E-4	2.72637E+1	3.26191E-1	1.68098E-1
2.88463E+11	4.91182E-5	-9.02443E+1	-9.92563E-4	-2.32819E-1
2.88550E+11	1.59733E-4	1.19837E+2	-1.84043E-1	3.20874E-1
2.88637E+11	4.76472E-5	2.79804E-2	2.33309E-1	1.13936E-4
2.88725E+11	1.82449E-4	-1.49339E+2	-3.29188E-1	-1.95154E-1
2.88812E+11	5.16875E-5	8.79098E+1	8.50785E-3	2.33108E-1
2.88900E+11	2.00202E-4	-5.85510E+1	1.97465E-1	-3.22878E-1
2.88988E+11	5.06108E-5	1.79318E+2	-2.25082E-1	2.67851E-3
2.89075E+11	2.38780E-4	3.37903E+1	3.36447E-1	2.25149E-1
2.89162E+11	5.64876E-5	-9.56240E+1	-2.35268E-2	-2.38913E-1
2.89250E+11	3.03834E-4	1.19060E+2	-2.10263E-1	3.78395E-1
2.89338E+11	5.68638E-5	-1.74362E+1	2.30175E-1	-7.22921E-2
2.89425E+11	2.21077E-4	-1.56306E+2	-3.75936E-1	-1.64977E-1
2.89512E+11	5.27521E-5	7.16328E+1	7.29997E-2	2.19865E-1
2.89600E+11	2.17471E-4	-5.81136E+1	2.03164E-1	-3.26569E-1
2.89688E+11	4.87195E-5	1.70573E+2	-2.27890E-1	3.78382E-2
2.89775E+11	1.90722E-4	4.03581E+1	3.04848E-1	2.59062E-1
2.89862E+11	5.13989E-5	-9.69038E+1	-3.04419E-2	-2.51419E-1
2.89950E+11	1.85561E-4	1.33064E+2	-2.81864E-1	3.01583E-1
2.90037E+11	5.81223E-5	1.29558E-1	2.77234E-1	6.26887E-4
2.90125E+11	2.04516E-4	-1.26163E+2	-2.62369E-1	-3.58971E-1
2.90213E+11	5.94097E-5	1.05954E+2	-8.10729E-2	2.83589E-1
2.90300E+11	2.01922E-4	-1.88385E+1	4.58594E-1	-1.56462E-1
2.90387E+11	6.32756E-5	-1.50449E+2	-2.73751E-1	-1.55205E-1
2.90475E+11	2.59276E-4	7.75576E+1	1.18435E-1	5.36778E-1
2.90563E+11	6.56841E-5	-6.39915E+1	1.50289E-1	-3.08022E-1
2.90650E+11	2.58678E-4	1.68601E+2	-6.01342E-1	1.21244E-1
2.90737E+11	7.83959E-5	2.43500E+1	3.92375E-1	1.77577E-1
2.90825E+11	2.23072E-4	-9.34296E+1	-4.33269E-2	-7.22963E-1
2.90913E+11	8.37066E-5	1.24707E+2	-3.15751E-1	4.55885E-1
2.91000E+11	2.20130E-4	5.69380E+0	8.82188E-1	8.79576E-2
2.91088E+11	1.05345E-4	-1.37261E+2	-5.28167E-1	-4.88048E-1
2.91175E+11	1.99634E-4	1.02159E+2	-2.12499E-1	9.86243E-1
2.91262E+11	9.51474E-5	-3.64100E+1	5.73880E-1	-4.23256E-1
2.91350E+11	1.59795E-4	-1.54896E+2	-8.08519E-1	-3.78801E-1
2.91438E+11	8.25190E-5	7.08636E+1	2.10120E-1	6.05546E-1
2.91525E+11	1.75516E-4	-5.09373E+1	5.35030E-1	-6.59230E-1
2.91612E+11	9.10783E-5	1.69990E+2	-6.27381E-1	1.10735E-1
2.91700E+11	1.65934E-4	4.73141E+1	5.80022E-1	6.28873E-1
2.91788E+11	8.59202E-5	-8.85445E+1	1.52443E-2	-5.99961E-1
2.91875E+11	1.70401E-4	1.57616E+2	-7.76076E-1	3.19628E-1
2.91962E+11	9.33635E-5	2.33176E+1	4.97997E-1	2.14653E-1
2.92050E+11	1.42242E-4	-8.74191E+1	3.08893E-2	-6.85270E-1
2.92138E+11	1.05811E-4	1.22914E+2	-2.69419E-1	4.16232E-1
2.92225E+11	1.21025E-4	2.80106E+0	5.66834E-1	2.77333E-2
2.92313E+11	1.15084E-4	-1.48125E+2	-3.82269E-1	-2.37708E-1
2.92400E+11	1.03989E-4	9.44284E+1	-3.81683E-2	4.92846E-1
2.92487E+11	1.41062E-4	-4.79523E+1	2.92634E-1	-3.24459E-1
2.92575E+11	1.22934E-4	-1.65017E+2	-4.52960E-1	-1.21226E-1
2.92663E+11	1.47934E-4	5.42469E+1	2.40266E-1	3.33713E-1
2.92750E+11	1.18813E-4	-6.93573E+1	1.50234E-1	-3.98791E-1
2.92837E+11	1.61350E-4	1.51225E+2	-3.23600E-1	1.77715E-1
2.92925E+11	1.23356E-4	3.01676E+1	3.38505E-1	1.96758E-1
2.93013E+11	1.47841E-4	-1.05706E+2	-8.98157E-2	-3.19393E-1
2.93100E+11	1.18586E-4	1.33767E+2	-2.52901E-1	2.64031E-1
2.93187E+11	1.50122E-4	-9.00476E+0	3.02451E-1	-4.79292E-2
2.93275E+11	1.23893E-4	-1.36312E+2	-2.47633E-1	-2.36541E-1
2.93362E+11	1.47266E-4	7.29956E+1	8.44169E-2	2.76039E-1
2.93450E+11	9.20815E-5	-5.10546E+1	1.88593E-1	-2.33348E-1
2.93538E+11	1.48944E-4	1.67411E+2	-2.71906E-1	6.07222E-2
2.93625E+11	8.78524E-5	4.66955E+1	1.98312E-1	2.10410E-1
2.93712E+11	1.33521E-4	-9.56027E+1	-2.65886E-2	-2.71039E-1
2.93800E+11	9.72581E-5	1.35821E+2	-2.09569E-1	2.03649E-1
2.93888E+11	1.36578E-4	-7.98035E+0	2.71864E-1	-3.81129E-2
2.93975E+11	9.58487E-5	-1.38712E+2	-2.20860E-1	-1.93947E-1
2.94062E+11	1.24528E-4	7.91685E+1	5.10231E-2	2.66676E-1
2.94150E+11	9.62240E-5	-4.90195E+1	1.91136E-1	-2.20028E-1
2.94238E+11	1.15822E-4	1.77258E+2	-2.67850E-1	1.28281E-2
2.94325E+11	9.87854E-5	4.92962E+1	2.02326E-1	2.35195E-1
2.94412E+11	1.05690E-4	-8.29918E+1	3.27920E-2	-2.66754E-1
2.94500E+11	1.02092E-4	1.52987E+2	-2.81447E-1	1.43483E-1
2.94587E+11	9.13085E-5	1.85150E+1	2.46385E-1	8.25110E-2
2.94675E+11	9.83336E-5	-1.08709E+2	-1.02951E-1	-3.03992E-1
2.94763E+11	9.35320E-5	1.06234E+2	-7.48881E-2	2.57202E-1
2.94850E+11	8.54560E-5	-1.88189E+1	2.93650E-1	-1.00075E-1
2.94937E+11	9.02836E-5	-1.56296E+2	-2.42027E-1	-1.06265E-1
2.95025E+11	8.80106E-5	8.60568E+1	2.18487E-2	3.16965E-1
2.95113E+11	8.92032E-5	-4.99195E+1	1.77784E-1	-2.11271E-1
2.95200E+11	9.11163E-5	-1.72412E+2	-3.12652E-1	-4.16521E-2
2.95287E+11	9.51394E-5	4.06575E+1	2.15919E-1	1.85441E-1
2.95375E+11	1.02357E-4	-9.09291E+1	-5.30423E-3	-3.27058E-1
2.95463E+11	1.02074E-4	1.25442E+2	-1.69746E-1	2.38487E-1
2.95550E+11	1.18238E-4	-3.66407E-1	3.36271E-1	-2.15048E-3
2.95638E+11	8.83594E-5	-1.31636E+2	-1.85114E-1	-2.08233E-1
2.95725E+11	1.22089E-4	1.02059E+2	-7.22020E-2	3.37980E-1
2.95812E+11	7.99095E-5	-4.09779E+1	2.09194E-1	-1.81708E-1
2.95900E+11	1.27083E-4	-1.72762E+2	-3.44304E-1	-4.37249E-2
2.95988E+11	8.11504E-5	4.29302E+1	1.99413E-1	1.85502E-1
2.96075E+11	1.31369E-4	-7.57861E+1	8.73265E-2	-3.44760E-1
2.96162E+11	8.25882E-5	1.49103E+2	-2.33183E-1	1.39541E-1
2.96250E+11	1.32556E-4	3.48200E+1	2.86716E-1	1.99422E-1
2.96338E+11	8.44709E-5	-1.17468E+2	-1.29525E-1	-2.49157E-1
2.96425E+11	1.37510E-4	1.15838E+2	-1.50307E-1	3.10399E-1
2.96512E+11	8.89349E-5	-4.50691E+1	2.09364E-1	-2.09870E-1
2.96600E+11	1.29881E-4	-1.71551E+2	-3.33058E-1	-4.94728E-2
2.96688E+11	8.04822E-5	4.73870E+1	1.94591E-1	2.11519E-1
2.96775E+11	1.25514E-4	-6.21257E+1	1.58778E-1	-3.00205E-1
2.96863E+11	8.63485E-5	1.54327E+2	-2.70713E-1	1.30129E-1
2.96950E+11	1.50556E-4	3.04144E+1	3.05246E-1	1.79190E-1
2.97037E+11	8.57246E-5	-1.22273E+2	-1.56216E-1	-2.47366E-1
2.97125E+11	1.66147E-4	1.13608E+2	-1.45720E-1	3.33405E-1
2.97213E+11	9.26296E-5	-3.78764E+1	2.34534E-1	-1.82424E-1
2.97300E+11	1.47953E-4	-1.59122E+2	-3.24896E-1	-1.23921E-1
2.97387E+11	8.93884E-5	4.80658E+1	1.97274E-1	2.19601E-1
2.97475E+11	1.69313E-4	-7.16381E+1	1.17093E-1	-3.52778E-1
2.97563E+11	1.08275E-4	1.29149E+2	-2.16743E-1	2.66233E-1
2.97650E+11	1.56357E-4	2.54506E+1	3.80478E-1	1.81076E-1
2.97737E+11	1.04846E-4	-1.21780E+2	-1.99821E-1	-3.22533E-1
2.97825E+11	1.31273E-4	1.34949E+2	-2.98530E-1	2.99060E-1
2.97913E+11	1.07755E-4	-1.36779E+1	3.43832E-1	-8.36767E-2
2.98000E+11	1.48735E-4	-1.36952E+2	-2.72642E-1	-2.54668E-1
2.98088E+11	1.29183E-4	5.76226E+1	2.24922E-1	3.54730E-1
2.98175E+11	1.58191E-4	-6.58190E+1	2.05773E-1	-4.58270E-1
2.98262E+11	1.28900E-4	1.42478E+2	-4.75387E-1	3.65064E-1
2.98350E+11	1.69080E-4	3.31959E+1	6.05156E-1	3.95941E-1
2.98438E+11	1.29828E-4	-1.11945E+2	-3.10041E-1	-7.69485E-1
2.98525E+11	1.77280E-4	1.34168E+2	-7.69270E-1	7.91942E-1
2.98612E+11	1.41022E-4	-2.05862E+1	1.28625E+0	-4.83118E-1
2.98700E+11	1.68502E-4	-1.38414E+2	-1.31030E+0	-1.16276E+0
2.98788E+11	1.31954E-4	6.95786E+1	7.28193E-1	1.95582E+0
2.98875E+11	1.45333E-4	-3.28261E+1	2.34051E+0	-1.50987E+0
2.98962E+11	1.42789E-4	-1.79698E+2	-2.09984E+0	-1.10559E-2
2.99050E+11	1.23685E-4	8.11088E+1	4.11415E-1	2.62987E+0
2.99137E+11	1.58663E-4	-6.99284E+1	1.05536E+0	-2.88834E+0
2.99225E+11	1.12994E-4	-1.73653E+2	-3.10872E+0	-3.45801E-1
2.99313E+11	1.36478E-4	3.54864E+1	2.81106E+0	2.00410E+0
2.99400E+11	1.03364E-4	-7.11739E+1	9.30041E-1	-2.72791E+0
2.99487E+11	1.57708E-4	1.39550E+2	-2.18031E+0	1.85890E+0
2.99575E+11	9.67205E-5	3.02276E+1	2.16004E+0	1.25857E+0
2.99663E+11	1.61125E-4	-1.14887E+2	-8.90252E-1	-1.91901E+0
2.99750E+11	9.16157E-5	1.36483E+2	-1.13191E+0	1.07477E+0
2.99837E+11	1.55029E-4	-6.11442E+0	1.05125E+0	-1.12614E-1
2.99925E+11	9.28375E-5	-1.19480E+2	-3.61083E-1	-6.38736E-1
3.00013E+11	1.67587E-4	9.03830E+1	-4.48751E-3	6.71291E-1
3.00100E+11	9.78297E-5	-2.76826E+1	4.75666E-1	-2.49545E-1
3.00187E+11	1.69034E-4	-1.76829E+2	-5.30118E-1	-2.93709E-2
3.00275E+11	9.19340E-5	7.53559E+1	1.03941E-1	3.97780E-1
3.00362E+11	1.91138E-4	-7.28139E+1	1.30777E-1	-4.22833E-1
3.00450E+11	8.39995E-5	1.75355E+2	-3.33844E-1	2.71257E-2
3.00538E+11	2.01755E-4	1.86536E+1	3.72028E-1	1.25589E-1
3.00625E+11	7.73180E-5	-1.07532E+2	-8.95777E-2	-2.83551E-1
3.00712E+11	1.87691E-4	9.66699E+1	-4.20353E-2	3.59457E-1
3.00800E+11	8.24724E-5	-2.23381E+1	2.60139E-1	-1.06893E-1
3.00888E+11	2.23507E-4	-1.66646E+2	-3.59437E-1	-8.53253E-2
3.00975E+11	8.71414E-5	7.52868E+1	7.38810E-2	2.81354E-1
3.01062E+11	2.02678E-4	-7.28249E+1	1.07783E-1	-3.48726E-1
3.01150E+11	7.74463E-5	1.53244E+2	-2.53166E-1	1.27639E-1
3.01238E+11	2.21246E-4	-2.99570E+0	3.46943E-1	-1.81564E-2
3.01325E+11	8.06001E-5	-1.38598E+2	-2.06526E-1	-1.82088E-1
3.01413E+11	2.09853E-4	7.12712E+1	1.06126E-1	3.13017E-1
3.01500E+11	7.65982E-5	-5.39360E+1	1.60748E-1	-2.20732E-1
3.01587E+11	1.81729E-4	1.65355E+2	-3.09223E-1	8.08072E-2
3.01675E+11	7.66593E-5	4.70056E+1	1.80990E-1	1.94125E-1
3.01763E+11	1.68463E-4	-9.58541E+1	-3.25156E-2	-3.17131E-1
3.01850E+11	5.97964E-5	1.44213E+2	-2.04554E-1	1.47461E-1
3.01937E+11	1.73856E-4	-1.92254E+0	3.17484E-1	-1.06571E-2
3.02025E+11	5.76435E-5	-1.24910E+2	-1.42737E-1	-2.04535E-1
3.02113E+11	1.72289E-4	8.90532E+1	5.42774E-3	3.28418E-1
3.02200E+11	5.39241E-5	-3.28122E+1	2.08791E-1	-1.34620E-1
3.02287E+11	1.79133E-4	-1.71538E+2	-3.41571E-1	-5.08164E-2
3.02375E+11	5.79276E-5	6.74585E+1	9.98357E-2	2.40532E-1
3.02463E+11	1.83476E-4	-6.72429E+1	1.40750E-1	-3.35535E-1
3.02550E+11	5.94302E-5	1.65061E+2	-2.66473E-1	7.10988E-2
3.02638E+11	1.56371E-4	2.64596E+1	3.40437E-1	1.69436E-1
3.02725E+11	5.83555E-5	-1.11046E+2	-1.11808E-1	-2.90573E-1
3.02812E+11	1.59000E-4	1.07021E+2	-1.24010E-1	4.05091E-1
3.02900E+11	6.30920E-5	-3.07211E+1	3.06854E-1	-1.82349E-1
3.02988E+11	1.50147E-4	-1.69705E+2	-4.58202E-1	-8.32275E-2
3.03075E+11	5.42841E-5	6.18414E+1	1.85496E-1	3.46551E-1
3.03162E+11	1.56781E-4	-7.15210E+1	1.75167E-1	-5.24158E-1
3.03250E+11	5.87054E-5	1.59418E+2	-4.43739E-1	1.66629E-1
3.03338E+11	1.80090E-4	2.10713E+1	6.44737E-1	2.48412E-1
3.03425E+11	6.99898E-5	-1.16886E+2	-2.65550E-1	-5.23739E-1
3.03512E+11	1.73165E-4	1.02810E+2	-1.81003E-1	7.96053E-1
3.03600E+11	6.93340E-5	-3.37772E+1	5.44942E-1	-3.64493E-1
3.03687E+11	1.95088E-4	-1.62679E+2	-8.72166E-1	-2.72008E-1
3.03775E+11	7.43703E-5	6.78889E+1	2.65959E-1	6.54616E-1
3.03863E+11	1.77878E-4	-5.20062E+1	6.04169E-1	-7.73475E-1
3.03950E+11	7.94992E-5	1.69039E+2	-7.35903E-1	1.42525E-1
3.04037E+11	1.55820E-4	3.97294E+1	7.12670E-1	5.92287E-1
3.04125E+11	7.88561E-5	-1.08179E+2	-2.17599E-1	-6.62633E-1
3.04213E+11	1.44854E-4	1.25018E+2	-4.72520E-1	6.74381E-1
3.04300E+11	8.65144E-5	-1.49377E+1	6.27931E-1	-1.67522E-1
3.04387E+11	1.52615E-4	-1.32611E+2	-5.09064E-1	-5.53384E-1
3.04475E+11	9.07885E-5	9.19859E+1	-2.03709E-2	5.87483E-1
3.04563E+11	1.37765E-4	-2.94736E+1	5.70061E-1	-3.22178E-1
3.04650E+11	8.60369E-5	-1.76848E+2	-4.81094E-1	-2.64962E-2
3.04737E+11	1.38059E-4	5.32450E+1	3.40092E-1	4.55355E-1
3.04825E+11	7.93064E-5	-9.07612E+1	-5.97903E-3	-4.50005E-1
3.04912E+11	1.29890E-4	1.52155E+2	-4.65017E-1	2.45642E-1
3.05000E+11	7.63734E-5	1.49511E+1	3.73278E-1	9.96782E-2
3.05088E+11	1.43093E-4	-9.27681E+1	-2.29344E-2	-4.74334E-1
3.05175E+11	9.50863E-5	1.15977E+2	-1.63436E-1	3.35440E-1
3.05262E+11	1.36481E-4	8.24371E-1	4.17934E-1	6.01365E-3
3.05350E+11	9.87641E-5	-1.59943E+2	-3.22503E-1	-1.17745E-1
3.05438E+11	1.10689E-4	8.67991E+1	1.95541E-2	3.49658E-1
3.05525E+11	1.07401E-4	-7.24936E+1	9.63055E-2	-3.05323E-1
3.05612E+11	1.07031E-4	1.76326E+2	-3.09176E-1	1.98532E-2
3.05700E+11	1.20777E-4	1.94071E+1	2.96991E-1	1.04629E-1
3.05788E+11	1.07385E-4	-9.39008E+1	-2.03963E-2	-2.99123E-1
3.05875E+11	1.27277E-4	1.11653E+2	-1.15586E-1	2.91149E-1
3.05962E+11	1.09338E-4	-5.50318E+0	2.87191E-1	-2.76694E-2
3.06050E+11	1.14554E-4	-1.63318E+2	-2.86985E-1	-8.60038E-2
3.06137E+11	1.02420E-4	7.52237E+1	7.18261E-2	2.72307E-1
3.06225E+11	1.18328E-4	-8.31178E+1	3.47009E-2	-2.87502E-1
3.06313E+11	1.14188E-4	1.60134E+2	-2.65853E-1	9.60615E-2
3.06400E+11	1.20434E-4	5.50929E+0	2.95913E-1	2.85416E-2
3.06487E+11	9.20443E-5	-1.02590E+2	-5.93158E-2	-2.65575E-1
3.06575E+11	1.29917E-4	9.77252E+1	-4.04800E-2	2.98407E-1
3.06663E+11	8.41992E-5	-1.83506E+1	2.37724E-1	-7.88530E-2
3.06750E+11	1.27064E-4	1.76603E+2	-3.08631E-1	1.83216E-2
3.06837E+11	7.21161E-5	5.42660E+1	1.39351E-1	1.93684E-1
3.06925E+11	1.30922E-4	-9.93860E+1	-5.07594E-2	-3.07078E-1
3.07013E+11	7.56724E-5	1.41800E+2	-1.96495E-1	1.54626E-1
3.07100E+11	1.35041E-4	-6.12534E+0	3.22526E-1	-3.46124E-2
3.07188E+11	7.33819E-5	-1.29363E+2	-1.63141E-1	-1.98870E-1
3.07275E+11	1.16897E-4	8.11851E+1	4.92253E-2	3.17431E-1
3.07362E+11	6.40622E-5	-4.27486E+1	1.81756E-1	-1.68005E-1
3.07450E+11	1.18581E-4	1.76033E+2	-3.11071E-1	2.15703E-2
3.07538E+11	6.90424E-5	5.67390E+1	1.33843E-1	2.04059E-1
3.07625E+11	1.11695E-4	-8.28356E+1	3.78951E-2	-3.01476E-1
3.07712E+11	6.52761E-5	1.49683E+2	-2.14569E-1	1.25467E-1
3.07800E+11	1.00550E-4	5.43601E+0	2.95891E-1	2.81576E-2
3.07888E+11	7.28413E-5	-1.16906E+2	-1.13930E-1	-2.24515E-1
3.07975E+11	1.22190E-4	1.06266E+2	-9.55111E-2	3.27351E-1
3.08062E+11	9.26662E-5	-1.38158E+1	2.80269E-1	-6.89228E-2
3.08150E+11	1.34942E-4	-1.48121E+2	-3.20169E-1	-1.99122E-1
3.08238E+11	1.01004E-4	8.68862E+1	1.62925E-2	2.99491E-1
3.08325E+11	1.42748E-4	-5.88021E+1	2.00299E-1	-3.30760E-1
3.08413E+11	1.09061E-4	1.64228E+2	-2.92626E-1	8.26507E-2
3.08500E+11	1.58441E-4	1.95061E+1	3.82646E-1	1.35548E-1
3.08587E+11	1.10220E-4	-1.10887E+2	-1.11535E-1	-2.92287E-1
3.08675E+11	1.64333E-4	1.13251E+2	-1.67379E-1	3.89574E-1
3.08763E+11	1.18492E-4	-2.14004E+1	2.98675E-1	-1.17052E-1
3.08850E+11	1.48658E-4	-1.61548E+2	-4.03206E-1	-1.34535E-1
3.08937E+11	1.09788E-4	5.46900E+1	1.90590E-1	2.69080E-1
3.09025E+11	1.48467E-4	-8.62988E+1	2.83581E-2	-4.38377E-1
3.09113E+11	1.14175E-4	1.36115E+2	-2.61137E-1	2.51170E-1
3.09200E+11	1.45939E-4	3.38098E+0	5.04474E-1	2.98032E-2
3.09287E+11	1.19730E-4	-1.28959E+2	-2.78628E-1	-3.44581E-1
3.09375E+11	1.40956E-4	9.59531E+1	-6.18982E-2	5.93598E-1
3.09462E+11	1.13529E-4	-4.67968E+1	3.43127E-1	-3.65352E-1
3.09550E+11	1.24291E-4	1.72876E+2	-8.10270E-1	1.01263E-1
3.09638E+11	1.00531E-4	3.85896E+1	6.80456E-1	5.42999E-1
3.09725E+11	1.25447E-4	-8.59317E+1	1.37887E-1	-1.93864E+0
3.09812E+11	9.18044E-5	1.51521E+2	-1.80483E+0	9.79090E-1
3.09900E+11	1.24892E-4	2.89692E+1	4.51812E+0	2.50126E+0
3.09988E+11	8.57991E-5	-1.07246E+2	-1.15995E+0	-3.73666E+0
3.10075E+11	1.18690E-4	1.21846E+2	-5.23498E+0	8.42801E+0
3.10162E+11	8.85765E-5	-1.75194E+1	6.32451E+0	-1.99646E+0
3.10250E+11	1.14479E-4	-1.32579E+2	-1.09165E+1	-1.18802E+1
3.10338E+11	8.36379E-5	9.53216E+1	-7.50441E-1	8.05643E+0
3.10425E+11	1.01041E-4	-2.05226E+1	1.82035E+1	-6.81420E+0
3.10512E+11	9.74623E-5	-1.59901E+2	-1.60918E+1	-5.88858E+0
3.10600E+11	1.27394E-4	7.56458E+1	1.53445E+1	5.99618E+1
3.10687E+11	1.46498E-4	-6.80432E+1	1.88958E+1	-4.68704E+1
3.10775E+11	1.54289E-4	1.70899E+2	-1.11521E+2	1.78651E+1
3.10863E+11	1.37990E-4	2.90836E+1	3.03630E+1	1.68884E+1
3.10950E+11	1.51762E-4	-9.65353E+1	-7.00816E+0	-6.11747E+1
3.11037E+11	1.47230E-4	1.16255E+2	-1.22377E+1	2.48106E+1
3.11125E+11	1.70079E-4	-1.40950E+1	6.27969E+1	-1.57677E+1
3.11213E+11	1.36817E-4	-1.60278E+2	-2.80213E+1	-1.00451E+1
3.11300E+11	1.82523E-4	7.99249E+1	1.17090E+1	6.58997E+1
3.11387E+11	1.25965E-4	-6.75261E+1	7.98969E+0	-1.93137E+1
3.11475E+11	1.67732E-4	1.69626E+2	-3.64298E+1	6.66916E+0
3.11563E+11	1.38681E-4	1.26328E+1	1.48060E+1	3.31843E+0
3.11650E+11	1.71820E-4	-1.04798E+2	-6.31349E+0	-2.38982E+1
3.11738E+11	1.49323E-4	1.06168E+2	-3.24613E+0	1.11968E+1
3.11825E+11	1.64354E-4	-1.18537E+0	1.89515E+1	-3.92135E-1
3.11912E+11	1.45731E-4	-1.48675E+2	-6.57384E+0	-4.00085E+0
3.12000E+11	1.40743E-4	9.46964E+1	-6.37592E-1	7.76114E+0
3.12088E+11	1.40348E-4	-6.17563E+1	1.80501E+0	-3.36017E+0
3.12175E+11	1.36239E-4	-1.77176E+2	-4.43830E+0	-2.18894E-1
3.12262E+11	1.32404E-4	4.43221E+1	1.98710E+0	1.94062E+0
3.12350E+11	1.10792E-4	-5.60576E+1	1.76915E+0	-2.62858E+0
3.12438E+11	1.07740E-4	1.64158E+2	-1.97075E+0	5.59222E-1
3.12525E+11	1.24950E-4	4.85427E+1	1.56831E+0	1.77531E+0
3.12612E+11	1.01386E-4	-1.10811E+2	-5.74792E-1	-1.51232E+0
3.12700E+11	1.16000E-4	1.28871E+2	-1.40945E+0	1.74854E+0
3.12788E+11	9.68198E-5	-2.08429E+1	1.80739E+0	-6.88111E-1
3.12875E+11	1.15068E-4	-1.22062E+2	-1.49049E+0	-2.37959E+0
3.12963E+11	1.08066E-4	9.48064E+1	-2.39789E-1	2.85174E+0
3.13050E+11	1.09388E-4	-1.00576E+1	3.96793E+0	-7.03770E-1
3.13137E+11	1.05431E-4	-1.69299E+2	-3.56533E+0	-6.73746E-1
3.13225E+11	1.04758E-4	7.01315E+1	1.71065E+0	4.73374E+0
3.13313E+11	1.23744E-4	-9.06139E+1	-6.88418E-2	-6.42477E+0
3.13400E+11	1.00586E-4	1.54397E+2	-9.22534E+0	4.42061E+0
3.13487E+11	1.20732E-4	2.91639E+0	1.43451E+1	7.30806E-1
3.13575E+11	9.50787E-5	-1.11869E+2	-1.22405E+1	-3.04960E+1
3.13663E+11	1.20302E-4	9.99338E+1	-9.11749E+0	5.20594E+1
3.13750E+11	1.02895E-4	-2.49028E+1	8.67127E+1	-4.02558E+1
3.13837E+11	1.13778E-4	-1.69106E+2	-1.46231E+2	-2.81433E+1
3.13925E+11	1.00782E-4	8.13926E+1	3.52687E+1	2.33001E+2
3.14012E+11	1.18297E-4	-5.41176E+1	1.79973E+2	-2.48784E+2
3.14100E+11	9.91514E-5	-1.71477E+2	-3.26212E+2	-4.88862E+1
3.14188E+11	1.09966E-4	4.23599E+1	2.88158E+2	2.62754E+2
3.14275E+11	9.94688E-5	-8.57795E+1	2.72835E+1	-3.69720E+2
3.14362E+11	1.16409E-4	1.28103E+2	-4.29648E+2	5.47882E+2
3.14450E+11	9.92098E-5	2.91900E+1	6.52029E+2	3.64257E+2
3.14538E+11	1.27873E-4	-1.09493E+2	-3.38518E+2	-9.56303E+2
3.14625E+11	9.04537E-5	1.37418E+2	-5.28166E+2	4.85366E+2
3.14712E+11	1.12216E-4	-7.67593E+0	1.16315E+3	-1.56767E+2
3.14800E+11	8.39309E-5	-1.22463E+2	-5.37817E+2	-8.45423E+2
3.14888E+11	9.60588E-5	9.42071E+1	-9.84807E+1	1.33877E+3
3.14975E+11	7.53325E-5	-3.59977E+1	9.57319E+2	-6.95473E+2
3.15062E+11	7.12702E-5	-1.66091E+2	-1.45830E+3	-3.61143E+2
3.15150E+11	7.44014E-5	7.82006E+1	1.78173E+2	8.52914E+2
3.15237E+11	6.92837E-5	-6.49146E+1	5.02369E+2	-1.07316E+3
3.15325E+11	6.38865E-5	1.58622E+2	-6.01887E+2	2.35613E+2
3.15413E+11	6.00760E-5	2.17709E+1	6.97689E+2	2.78645E+2
3.15500E+11	5.27661E-5	-1.02509E+2	-9.02023E+1	-4.06559E+2
3.15587E+11	4.88652E-5	1.22992E+2	-3.03228E+2	4.67083E+2
3.15675E+11	4.86893E-5	-2.31627E+0	2.32726E+2	-9.41345E+0
3.15763E+11	4.50720E-5	-1.39447E+2	-1.84981E+2	-1.58284E+2
3.15850E+11	3.73776E-5	8.00436E+1	2.41556E+1	1.37606E+2
3.15937E+11	3.46039E-5	-5.14039E+1	1.39262E+2	-1.74475E+2
3.16025E+11	2.69437E-5	-1.79521E+2	-9.85756E+1	-8.24330E-1
3.16113E+11	2.06948E-5	6.19662E+1	5.62286E+1	1.05600E+2
3.16200E+11	1.14880E-5	-6.65354E+1	1.58745E+1	-3.65708E+1
3.16287E+11	6.14493E-6	1.68718E+2	-3.35915E+1	6.70101E+0
3.16375E+11	2.44280E-6	3.35723E+1	8.60421E+0	5.71062E+0
3.16462E+11	7.94269E-7	-8.77355E+1	2.83983E-1	-7.18143E+0
3.16550E+11	5.05157E-7	1.38358E+2	-2.25643E+0	2.00631E+0
3.16638E+11	2.53427E-7	1.76083E+1	2.48509E+0	7.88714E-1
3.16725E+11	1.42851E-7	-1.20367E+2	-4.81994E-1	-8.22609E-1
3.16812E+11	2.38470E-8	1.11652E+2	-1.64716E-1	4.14930E-1
3.16900E+11	9.02480E-9	-2.89636E+1	1.20028E-1	-6.64327E-2
3.16988E+11	3.74177E-9	-1.53251E+2	-6.81367E-2	-3.43425E-2
3.17075E+11	7.04755E-9	7.99612E+1	8.60632E-3	4.86163E-2
3.17162E+11	1.00130E-9	-3.49370E+1	1.22896E-2	-8.58510E-3
3.17250E+11	1.71644E-10	-1.71189E+2	-3.44575E-3	-5.34137E-4
3.17338E+11	1.79781E-11	4.69379E+1	6.78507E-4	7.26031E-4
3.17425E+11	1.29685E-11	-9.16489E+1	-1.65151E-5	-5.73706E-4
3.17513E+11	2.22827E-11	1.14773E+2	-2.87545E-4	6.23071E-4
3.17600E+11	2.76153E-11	-2.37514E+1	5.62875E-4	-2.47688E-4
3.17687E+11	1.78698E-11	-1.41772E+2	-3.89738E-4	-3.07000E-4
3.17775E+11	2.69147E-11	8.78923E+1	1.86315E-5	5.06263E-4
3.17863E+11	8.64074E-12	-7.24860E+1	8.67990E-5	-2.75056E-4
3.17950E+11	5.02466E-11	1.36666E+2	-4.31389E-4	4.07010E-4
3.18037E+11	7.60873E-11	-3.96604E+0	7.83796E-4	-5.43416E-5
3.18125E+11	4.57334E-10	-1.49240E+2	-1.69286E-3	-1.00755E-3
3.18213E+11	1.26625E-9	7.53322E+1	9.56568E-4	3.65459E-3
3.18300E+11	1.24899E-8	-6.78590E+1	5.07033E-3	-1.24612E-2
3.18387E+11	3.08870E-8	1.47039E+2	-2.19902E-2	1.42593E-2
3.18475E+11	8.63077E-8	4.10641E+0	5.43714E-2	3.90350E-3
3.18563E+11	1.98269E-7	-1.42603E+2	-8.94207E-2	-6.83601E-2
3.18650E+11	1.35476E-6	8.41381E+1	5.08865E-2	4.95639E-1
3.18738E+11	7.17424E-6	-4.74304E+1	1.01360E+0	-1.10345E+0
3.18825E+11	1.99601E-5	-1.74408E+2	-4.60624E+0	-4.50958E-1
3.18912E+11	3.92238E-5	5.18948E+1	5.06684E+0	6.46077E+0
3.19000E+11	5.44441E-5	-8.64821E+1	1.20582E+0	-1.96145E+1
3.19088E+11	7.69061E-5	1.37163E+2	-2.13499E+1	1.97960E+1
3.19175E+11	8.19567E-5	1.11959E+0	9.52028E+1	1.86055E+0
3.19262E+11	1.00362E-4	-1.25180E+2	-7.48241E+1	-1.06149E+2
3.19350E+11	9.07248E-5	1.10355E+2	-1.90374E+2	5.13142E+2
3.19438E+11	9.97302E-5	-2.03678E+1	5.65203E+2	-2.09835E+2
3.19525E+11	9.11551E-5	1.74328E+2	-1.51769E+3	1.50737E+2
3.19612E+11	1.08648E-4	7.54470E+1	3.50201E+2	1.34898E+3
3.19700E+11	8.68590E-5	-8.54678E+1	3.04286E+2	-3.83871E+3
3.19787E+11	9.02362E-5	-1.77364E+2	-4.51679E+3	-2.07938E+2
3.19875E+11	6.40150E-5	2.84408E+1	5.07499E+3	2.74871E+3
3.19963E+11	6.65640E-5	-3.55378E+1	5.89507E+3	-4.21078E+3
3.20050E+11	3.54021E-5	1.37228E+2	-2.77653E+3	2.56859E+3
3.20137E+11	3.24412E-5	-5.87832E+1	1.62959E+3	-2.68900E+3
3.20225E+11	1.21853E-5	1.21467E+2	-1.65473E+3	2.70381E+3
3.20313E+11	1.91955E-6	1.31526E+2	-1.42741E+3	1.61194E+3
3.20400E+11	3.09621E-9	-6.58757E+1	2.00821E+1	-4.48429E+1
3.20487E+11	8.89639E-12	-4.70253E+1	2.94225E+0	-3.15797E+0
3.20575E+11	3.71704E-13	-1.65804E+2	-4.62680E-1	-1.17041E-1
3.20663E+11	4.65451E-13	-1.49677E+2	-4.62532E-1	-2.70529E-1
3.20750E+11	7.64024E-13	-5.54596E+1	3.14987E-1	-4.57616E-1
3.20837E+11	2.63423E-12	1.12632E+2	-4.33731E-1	1.04035E+0
3.20925E+11	1.85682E-12	-8.61918E+1	8.44055E-2	-1.26805E+0
3.21012E+11	9.22707E-13	6.24825E+0	1.30541E+0	1.42925E-1
3.21100E+11	1.11231E-13	3.01909E+1	2.39886E-1	1.39566E-1
3.21188E+11	5.39263E-12	-8.99487E+1	2.31222E-3	-2.58371E+0
3.21275E+11	1.49120E-12	1.24884E+2	-5.62372E-1	8.06626E-1
3.21362E+11	4.22037E-13	-1.19624E+2	-2.37111E-1	-4.16982E-1
3.21450E+11	8.02876E-14	1.63120E+2	-8.24513E-1	2.50185E-1
3.21538E+11	2.31521E-12	7.44271E+1	3.64176E-1	1.30672E+0
3.21625E+11	7.65118E-13	7.25465E+1	2.67916E-1	8.52131E-1
3.21712E+11	5.00695E-13	1.00486E+2	-8.08960E-2	4.37060E-1
3.21800E+11	1.18316E-12	-4.48644E+1	6.04806E-1	-6.01950E-1
3.21888E+11	1.60746E-13	-4.65553E+1	2.75588E-1	-2.90971E-1
3.21975E+11	9.46734E-13	-2.39148E+1	1.24944E+0	-5.54061E-1
3.22063E+11	1.38418E-13	-2.79094E+1	2.16943E-1	-1.14911E-1
3.22150E+11	1.37773E-13	-1.70647E+2	-1.25988E+0	-2.07520E-1
3.22237E+11	4.07248E-13	7.83020E+1	1.04936E-1	5.06807E-1
3.22325E+11	9.18247E-13	-7.34518E+1	2.64088E-1	-8.88800E-1
3.22413E+11	2.05543E-12	-1.48925E+2	-7.39662E-1	-4.45753E-1
3.22500E+11	1.10208E-12	-1.43044E+2	-4.28584E-1	-3.22449E-1
3.22587E+11	1.37403E-12	8.45009E+1	1.20019E-1	1.24666E+0
3.22675E+11	5.83329E-13	-1.39535E+2	-5.35778E-1	-4.57033E-1
3.22763E+11	1.66875E-14	-1.40151E+2	-2.27326E-1	-1.89728E-1
3.22850E+11	1.27706E-12	1.05463E+2	-1.40234E-1	5.06953E-1
3.22937E+11	5.83831E-13	-4.72709E+1	2.88771E-1	-3.12619E-1
3.23025E+11	2.77090E-14	-8.34459E+1	2.31901E-2	-2.01842E-1
3.23113E+11	4.03879E-13	2.74410E+1	4.60408E-1	2.39071E-1
3.23200E+11	7.17424E-13	1.49530E+2	-1.34177E+0	7.89427E-1
3.23288E+11	1.61053E-12	8.64127E+1	4.11795E-2	6.56855E-1
3.23375E+11	1.11333E-12	1.32424E+2	-4.58625E-1	5.01840E-1
3.23462E+11	3.34522E-13	5.93103E+1	1.28477E-1	2.16470E-1
3.23550E+11	7.15257E-13	2.16764E+1	3.65239E-1	1.45172E-1
3.23638E+11	2.99567E-12	5.34724E+1	4.58765E-1	6.19360E-1
3.23725E+11	2.31006E-13	6.15582E+1	7.94077E-2	1.46606E-1
3.23812E+11	1.10809E-14	-1.76117E+2	-3.70679E-2	-2.51609E-3
3.23900E+11	1.01637E-12	-8.26993E+1	6.03707E-2	-4.71222E-1
3.23988E+11	1.58683E-12	-1.52737E+2	-5.26650E-1	-2.71390E-1
3.24075E+11	1.83617E-13	8.21900E+1	2.61542E-2	1.90683E-1
3.24162E+11	7.85097E-14	4.22682E+1	7.90348E-2	7.18361E-2
3.24250E+11	5.12787E-13	-1.56620E+2	-1.51025E-1	-6.52925E-2
3.24338E+11	4.59628E-13	5.58239E+1	4.31021E-1	6.34798E-1
3.24425E+11	9.47513E-13	1.65264E+2	-2.81425E-1	7.40201E-2
3.24513E+11	1.84415E-12	-1.17809E+2	-2.25481E-1	-4.27507E-1
3.24600E+11	1.39229E-14	-4.30216E+0	6.37949E-2	-4.79918E-3
3.24687E+11	8.73246E-13	-6.34294E+1	1.88622E-1	-3.77153E-1
3.24775E+11	6.25062E-13	6.99804E+1	1.05403E-1	2.89286E-1
3.24863E+11	1.10832E-12	-5.96954E+1	1.06674E+0	-1.82517E+0
3.24950E+11	6.14563E-15	1.26772E+1	5.26521E-2	1.18437E-2
3.25037E+11	2.08037E-14	-1.77443E+2	-3.53303E-1	-1.57754E-2
3.25125E+11	8.61202E-13	-1.72138E+2	-1.21008E+0	-1.67096E-1
3.25213E+11	8.03800E-13	1.65426E+2	-1.00855E+0	2.62212E-1
3.25300E+11	1.23103E-12	-1.07586E+2	-3.00392E-1	-9.47786E-1
3.25387E+11	3.73965E-13	6.70525E+1	4.92031E-1	1.16211E+0
3.25475E+11	1.81907E-13	-1.37064E+2	-2.59328E-1	-2.41288E-1
3.25562E+11	1.89139E-13	-1.66326E+2	-2.10870E-1	-5.13039E-2
3.25650E+11	2.61808E-13	8.55924E+1	3.99933E-2	5.18861E-1
3.25738E+11	6.95705E-13	1.39708E+2	-8.99105E-1	7.62269E-1
3.25825E+11	9.20572E-14	-1.35175E+2	-1.23415E-1	-1.22664E-1
3.25912E+11	1.23698E-12	1.76578E+2	-6.22804E-1	3.72454E-2
3.26000E+11	4.27465E-12	1.60366E+1	1.35979E+0	3.90854E-1
3.26088E+11	2.67270E-13	8.42374E+1	1.28676E-1	1.27507E+0
3.26175E+11	1.01764E-12	-4.91043E+1	4.02638E-1	-4.64889E-1
3.26262E+11	9.24074E-13	1.69158E+2	-5.81972E-1	1.11460E-1
3.26350E+11	5.16167E-13	1.71027E+2	-6.21749E-1	9.81777E-2
3.26438E+11	6.26131E-13	5.66280E+1	2.44221E-1	3.70773E-1
3.26525E+11	4.26960E-13	2.07096E+1	6.40835E-1	2.42274E-1
3.26612E+11	1.93499E-12	-7.54799E+1	4.19579E-1	-1.62005E+0
3.26700E+11	2.04945E-13	-9.16124E+0	4.65862E-1	-7.51298E-2
3.26787E+11	6.56138E-14	6.72630E+1	4.71218E-2	1.12445E-1
3.26875E+11	4.05369E-13	9.15675E+1	-1.08528E-2	3.96602E-1
3.26963E+11	3.04712E-13	1.24459E+2	-4.34496E-1	6.33159E-1
3.27050E+11	1.82356E-13	-1.60482E+2	-4.13588E-1	-1.46604E-1
3.27137E+11	3.37418E-12	-9.20871E+1	-5.30157E-2	-1.45473E+0
3.27225E+11	1.43449E-12	-9.93402E+1	-2.43432E-1	-1.48003E+0
3.27313E+11	1.80166E-12	-7.03582E+1	6.62393E-1	-1.85593E+0
3.27400E+11	4.27496E-13	-4.94117E+1	3.87827E-1	-4.52673E-1
3.27487E+11	1.25914E-12	1.49963E+0	9.50996E-1	2.48966E-2
3.27575E+11	1.54645E-12	-9.72273E+1	-1.53900E-1	-1.21359E+0
3.27663E+11	1.46063E-13	5.71902E+1	2.12615E-1	3.29791E-1
3.27750E+11	2.11205E-13	-1.17349E+2	-1.41441E-1	-2.73458E-1
3.27838E+11	3.19893E-13	-1.03870E+2	-9.19418E-2	-3.72359E-1
3.27925E+11	3.88025E-13	-4.19773E+0	7.48268E-1	-5.49196E-2
3.28012E+11	2.83454E-13	9.35432E+1	-4.14392E-2	6.69242E-1
3.28100E+11	4.65073E-13	-3.42379E+1	5.27812E-1	-3.59212E-1
3.28188E+11	8.46655E-13	-9.88273E+1	-6.31411E-2	-4.06584E-1
3.28275E+11	2.01988E-12	7.21339E+1	1.77566E+0	5.50870E+0
3.28362E+11	8.27001E-14	1.47489E+2	-2.18174E-1	1.39050E-1
3.28450E+11	4.67910E-13	5.23223E+1	3.36117E-1	4.35234E-1
3.28538E+11	3.87343E-13	1.09412E+2	-1.31121E-1	3.72091E-1
3.28625E+11	1.01163E-12	2.33716E+1	4.42533E-1	1.91241E-1
3.28712E+11	2.16101E-13	-1.66342E+2	-5.13046E-1	-1.24668E-1
3.28800E+11	1.48831E-12	-1.11796E+1	6.79052E-1	-1.34205E-1
3.28888E+11	3.09289E-12	-7.41279E+1	4.74306E-1	-1.66814E+0
3.28975E+11	7.41107E-13	4.51022E+1	3.80179E-1	3.81538E-1
3.29063E+11	9.17864E-13	5.34848E+0	1.19695E+0	1.12059E-1
3.29150E+11	2.52410E-14	1.63909E+2	-2.09266E-1	6.03657E-2
3.29237E+11	2.25679E-13	-1.85574E+1	8.80511E-1	-2.95596E-1
3.29325E+11	3.01715E-13	-1.29180E+1	4.89201E-1	-1.12203E-1
3.29413E+11	1.46649E-12	-3.97037E+1	1.28447E+0	-1.06653E+0
3.29500E+11	8.75285E-13	-1.66481E+2	-1.02962E+0	-2.47548E-1
3.29587E+11	6.67660E-13	-1.12764E+2	-3.07477E-1	-7.32754E-1
3.29675E+11	5.34504E-14	-4.90330E+1	7.78730E-2	-8.96871E-2
3.29763E+11	7.43853E-13	1.35864E+2	-4.02678E-1	3.90711E-1
3.29850E+11	5.22970E-13	-4.80397E+1	8.81941E-1	-9.80859E-1
3.29937E+11	1.90645E-13	-8.69431E+0	8.83950E-1	-1.35174E-1
3.30025E+11	1.34349E-14	-1.39140E+1	1.08107E-1	-2.67819E-2
3.30112E+11	5.57757E-13	-1.62994E+2	-6.54801E-1	-2.00274E-1
3.30200E+11	1.24038E-12	-1.42801E+2	-3.38719E+0	-2.57090E+0
3.30288E+11	6.67289E-13	1.30047E+2	-7.36190E-1	8.75889E-1
3.30375E+11	1.02089E-13	5.55688E-1	2.16239E-1	2.09728E-3
3.30462E+11	2.51403E-14	-1.08297E+1	2.32335E-1	-4.44450E-2
3.30550E+11	8.56808E-13	5.66039E+1	1.46769E+0	2.22619E+0
3.30638E+11	1.68607E-12	-1.78041E+2	-1.43561E+0	-4.90930E-2
3.30725E+11	2.30167E-12	2.50455E+1	1.06456E+0	4.97441E-1
3.30812E+11	4.24223E-13	1.38152E+2	-6.97954E-1	6.25094E-1
3.30900E+11	1.27410E-12	-1.98025E+1	1.14964E+0	-4.13950E-1
3.30988E+11	7.56722E-13	-2.69928E+1	4.68963E-1	-2.38874E-1
3.31075E+11	1.20758E-12	5.64659E+1	1.22950E+0	1.85516E+0
3.31162E+11	8.42981E-13	1.31612E+2	-9.26759E-1	1.04341E+0
3.31250E+11	8.94183E-14	-1.08314E+2	-1.19027E-1	-3.59605E-1
3.31337E+11	6.95936E-14	-1.62730E+2	-2.07884E-1	-6.46303E-2
3.31425E+11	8.89749E-13	7.82521E+1	8.33944E-2	4.01007E-1
3.31513E+11	2.77444E-13	-1.58890E+2	-2.50090E-1	-9.65502E-2
3.31600E+11	7.82964E-14	-9.16499E+1	-1.14940E-2	-3.99048E-1
3.31687E+11	2.54490E-13	7.25978E+1	9.04745E-2	2.88666E-1
3.31775E+11	7.68979E-14	-2.69253E+1	5.69309E-1	-2.89144E-1
3.31863E+11	4.86149E-12	-2.21375E+1	8.15885E-1	-3.31919E-1
3.31950E+11	1.10698E-12	1.76420E+2	-3.33075E+0	2.08392E-1
3.32037E+11	1.54795E-12	8.78305E+0	6.50975E-1	1.00579E-1
3.32125E+11	1.03466E-12	5.54321E+0	7.42829E-1	7.20918E-2
3.32213E+11	1.25608E-12	-6.72720E+0	1.51234E+0	-1.78387E-1
3.32300E+11	1.84487E-13	1.43218E+2	-2.94991E-1	2.20537E-1
3.32387E+11	1.50158E-15	-8.22578E+1	4.32150E-3	-3.17860E-2
3.32475E+11	6.60724E-13	1.33696E+2	-1.11348E+0	1.16537E+0
3.32562E+11	6.69253E-14	1.71644E+2	-1.92725E-1	2.83087E-2
3.32650E+11	3.97160E-13	1.49593E+2	-7.91538E-1	4.64521E-1
3.32738E+11	1.95783E-13	1.47022E+2	-6.91188E-1	4.48485E-1
3.32825E+11	1.55711E-12	-4.38598E+1	7.08397E-1	-6.80748E-1
3.32912E+11	1.44261E-12	-6.32836E+1	2.77000E-1	-5.50361E-1
3.33000E+11	3.53783E-12	1.38195E+2	-9.01627E-1	8.06300E-1
3.33088E+11	3.73471E-13	4.75034E+1	3.25514E-1	3.55279E-1
3.33175E+11	2.42947E-12	1.00904E+2	-2.01549E-1	1.04625E+0
3.33262E+11	2.08092E-12	-7.99901E+1	1.96416E-1	-1.11281E+0
3.33350E+11	1.29152E-12	-4.41590E+1	5.21619E-1	-5.06526E-1
3.33438E+11	8.79134E-13	1.32352E+2	-1.18715E+0	1.30227E+0
3.33525E+11	2.60165E-12	2.25442E+0	1.43489E+0	5.64879E-2
3.33613E+11	4.55125E-13	-1.24096E+1	4.57399E-1	-1.00646E-1
3.33700E+11	1.04410E-12	9.54985E+1	-5.52459E-2	5.73906E-1
3.33787E+11	9.37863E-13	1.68420E+2	-7.21770E-1	1.47891E-1
3.33875E+11	1.72781E-13	9.95340E+1	-1.34206E-1	7.99069E-1
3.33963E+11	6.94944E-13	9.00534E+1	-5.55121E-4	5.96021E-1
3.34050E+11	1.14537E-12	1.16344E+2	-1.09146E+0	2.20414E+0
3.34137E+11	7.57753E-13	8.70429E+1	6.90857E-2	1.33737E+0
3.34225E+11	5.15546E-14	-5.60513E+1	7.73859E-2	-1.14951E-1
3.34313E+11	3.54569E-12	8.04478E+1	3.60989E-1	2.14517E+0
3.34400E+11	1.61254E-12	3.86862E+0	4.70628E-1	3.18253E-2
3.34487E+11	5.74403E-13	-6.73706E+0	2.06996E+0	-2.44522E-1
3.34575E+11	1.21323E-12	-1.48856E+2	-1.22045E+0	-7.37493E-1
3.34663E+11	1.02109E-12	3.19603E+1	3.04420E-1	1.89929E-1
3.34750E+11	1.69841E-12	-1.24640E+2	-1.02855E+0	-1.48877E+0
3.34838E+11	1.02333E-14	1.41617E+2	-4.06698E-1	3.22147E-1
3.34925E+11	4.52996E-13	3.68372E+1	8.62361E-1	6.46001E-1
3.35012E+11	3.71494E-12	9.14300E+1	-4.49745E-2	1.80165E+0
3.35100E+11	1.57518E-12	-5.23870E+0	1.42526E+0	-1.30680E-1
3.35188E+11	3.35757E-13	3.98910E+1	2.09012E-1	1.74706E-1
3.35275E+11	2.13375E-13	1.79232E+2	-1.21932E+0	1.63480E-2
3.35362E+11	2.36590E-12	-7.62566E+1	2.36165E+0	-9.65610E+0
3.35450E+11	1.22962E-12	7.44782E+0	6.17056E-1	8.06653E-2
3.35538E+11	3.08572E-13	1.03951E+2	-2.86521E-1	1.15342E+0
3.35625E+11	5.26806E-13	1.78040E+2	-7.04361E-1	2.41040E-2
3.35712E+11	1.53494E-13	-1.20000E+2	-1.37188E-1	-2.37615E-1
3.35800E+11	1.25007E-13	1.55354E+2	-3.64670E-1	1.67316E-1
3.35887E+11	1.14156E-13	1.04424E+2	-1.31188E-1	5.10055E-1
3.35975E+11	1.34335E-12	-2.26806E+1	2.05399E+0	-8.58384E-1
3.36063E+11	6.63943E-13	-4.94986E+1	4.32732E-1	-5.06639E-1
3.36150E+11	5.91971E-13	1.44772E+2	-5.22547E-1	3.68993E-1
3.36237E+11	1.01953E-12	-9.59569E-1	5.52222E-1	-9.24927E-3
3.36325E+11	2.32928E-13	6.62975E+1	1.25187E-1	2.85149E-1
3.36413E+11	5.08030E-13	5.43974E+1	5.44824E-1	7.60928E-1
3.36500E+11	1.63668E-13	-6.52957E+1	6.96363E-1	-1.51370E+0
3.36587E+11	4.52060E-13	1.43934E+0	8.81741E-1	2.21551E-2
3.36675E+11	2.95164E-13	2.50428E+1	5.92535E-1	2.76843E-1
3.36763E+11	1.37662E-12	1.12324E+2	-3.32705E-1	8.10265E-1
3.36850E+11	4.75103E-13	-1.34233E+2	-2.22565E-1	-2.28604E-1
3.36937E+11	1.36075E-13	-1.26940E+2	-1.78230E-1	-2.37035E-1
3.37025E+11	1.43381E-12	-2.75138E+1	5.26920E-1	-2.74459E-1
3.37112E+11	1.21630E-12	-1.76200E+2	-1.77867E+0	-1.18131E-1
3.37200E+11	2.10625E-12	-1.01830E+2	-6.45663E-1	-3.08243E+0
3.37288E+11	1.75894E-13	-5.60836E+1	1.02527E-1	-1.52483E-1
3.37375E+11	3.93120E-13	1.31195E+2	-3.60424E-1	4.11783E-1
3.37462E+11	7.98174E-13	-1.32126E+2	-1.71522E+0	-1.89656E+0
3.37550E+11	3.03617E-12	1.15897E+2	-1.96461E+1	4.04643E+1
3.37638E+11	3.68385E-12	-6.95913E+0	9.03490E-1	-1.10280E-1
3.37725E+11	2.96985E-12	-5.89356E+1	9.76289E-1	-1.62069E+0
3.37812E+11	7.20495E-13	1.99319E+0	1.00767E+0	3.50688E-2
3.37900E+11	1.22992E-12	7.38689E+1	5.42596E-1	1.87605E+0
3.37988E+11	1.27332E-13	1.59446E+2	-3.78675E-1	1.41986E-1
3.38075E+11	5.65473E-13	1.37612E+2	-3.17907E-1	2.90168E-1
3.38163E+11	2.04449E-13	-1.48253E+2	-3.09578E-1	-1.91548E-1
3.38250E+11	4.18452E-13	-3.01489E+1	6.05847E-1	-3.51888E-1
3.38337E+11	2.23293E-12	9.37505E+1	-6.90849E-2	1.05388E+0
3.38425E+11	8.32717E-13	-1.66440E+2	-5.43868E-1	-1.31178E-1
3.38513E+11	5.81181E-15	-1.62399E+2	-6.29797E-2	-1.99792E-2
3.38600E+11	2.24211E-13	-2.37853E+1	3.32647E-1	-1.46613E-1
3.38687E+11	5.88786E-13	4.57801E+1	1.54434E+0	1.58698E+0
3.38775E+11	2.97126E-13	-7.53652E+1	2.39628E-1	-9.17659E-1
3.38863E+11	5.71669E-13	-1.27718E+2	-2.23706E-1	-2.89250E-1
3.38950E+11	1.34547E-12	-8.64879E+1	6.90376E-2	-1.12485E+0
3.39037E+11	2.11290E-13	3.08563E+1	3.69034E-1	2.20480E-1
3.39125E+11	4.77325E-14	6.35092E+0	6.23074E-1	6.93485E-2
3.39213E+11	1.72736E-14	1.01568E+2	-5.18121E-2	2.53137E-1
3.39300E+11	2.41914E-13	1.86418E+1	2.37353E+0	8.00711E-1
3.39388E+11	1.30922E-12	-5.40924E+1	3.50281E-1	-4.83759E-1
3.39475E+11	4.14979E-13	-4.99351E+1	7.48624E-1	-8.90124E-1
3.39562E+11	3.08611E-13	-5.83563E+1	8.17482E-1	-1.32653E+0
3.39650E+11	4.78428E-13	-1.25132E+2	-8.10734E-1	-1.15218E+0
3.39738E+11	7.33339E-13	-1.91876E+1	8.07812E-1	-2.81115E-1
3.39825E+11	9.90286E-14	1.08151E+2	-4.45267E-2	1.35821E-1
3.39912E+11	3.39792E-13	1.30445E+2	-1.15517E+0	1.35514E+0
3.40000E+11	8.56493E-13	1.69695E+1	6.13331E-1	1.87157E-1
