2.00000E+11	2.07841E-13	-1.63407E+2	-8.95063E-1	-2.66707E-1
2.00088E+11	5.51394E-14	1.04824E+2	-8.43086E-2	3.18548E-1
2.00175E+11	8.76557E-14	-1.86844E+0	2.29748E-1	-7.49485E-3
2.00263E+11	1.31783E-12	-1.40095E+1	6.10737E-1	-1.52381E-1
2.00350E+11	1.75307E-12	2.48581E+1	1.18908E+0	5.50898E-1
2.00437E+11	5.70854E-14	9.83523E+1	-4.89313E-2	3.33281E-1
2.00525E+11	2.16341E-12	2.66853E+1	7.24303E-1	3.64053E-1
2.00612E+11	1.98002E-12	5.46879E+1	3.51523E-1	4.96251E-1
2.00700E+11	6.74287E-13	-6.55508E+1	2.52137E-1	-5.54567E-1
2.00787E+11	3.67833E-12	-2.78978E+1	1.25786E+0	-6.65941E-1
2.00875E+11	7.16453E-14	-1.18742E+2	-5.53926E-2	-1.01001E-1
2.00963E+11	6.60135E-13	-6.61717E+1	3.36431E-1	-7.61770E-1
2.01050E+11	8.38981E-13	9.25867E+1	-2.61735E-1	5.79342E+0
2.01138E+11	1.73644E-12	7.54166E+1	3.56098E-1	1.36871E+0
2.01225E+11	1.96200E-12	1.51703E+2	-3.11919E+0	1.67927E+0
2.01313E+11	1.21463E-13	-1.81244E+1	2.55632E-1	-8.36741E-2
2.01400E+11	1.56320E-13	8.84154E+1	1.86641E-2	6.74665E-1
2.01487E+11	5.33672E-13	-8.41978E+1	1.01320E-1	-9.97087E-1
2.01575E+11	9.24373E-13	3.72816E+1	7.84621E-1	5.97323E-1
2.01662E+11	5.17793E-14	1.49249E+2	-1.47318E-1	8.76490E-2
2.01750E+11	1.47174E-12	3.65135E+1	2.73486E+0	2.02469E+0
2.01837E+11	3.15697E-13	9.95936E+0	4.25777E-1	7.47647E-2
2.01925E+11	1.09221E-12	-9.86046E+0	8.83151E-1	-1.53507E-1
2.02013E+11	1.55203E-13	1.06305E+2	-1.00299E-1	3.42880E-1
2.02100E+11	6.63624E-13	8.69290E+1	7.07984E-2	1.31961E+0
2.02188E+11	4.32024E-13	-4.06493E+1	6.27472E-1	-5.38746E-1
2.02275E+11	4.18527E-13	-1.00509E+1	4.10954E-1	-7.28391E-2
2.02363E+11	1.23109E-12	-1.74480E+2	-8.56524E-1	-8.27682E-2
2.02450E+11	4.81354E-12	-1.49992E+2	-3.10769E+0	-1.79479E+0
2.02538E+11	1.55739E-12	9.90539E+1	-3.46365E-1	2.17362E+0
2.02625E+11	2.11529E-12	6.30078E+1	1.38256E+0	2.71434E+0
2.02712E+11	1.22898E-14	-2.75016E+1	2.27631E-1	-1.18505E-1
2.02800E+11	1.74406E-13	-1.41040E+2	-2.86084E-1	-2.31339E-1
2.02887E+11	3.22850E-13	1.42885E+2	-8.25588E-1	6.24729E-1
2.02975E+11	6.71498E-14	1.44220E+2	-1.81011E-1	1.30454E-1
2.03062E+11	9.95799E-13	-1.25131E+2	-3.42826E-1	-4.87239E-1
2.03150E+11	8.85592E-13	-4.73824E+1	7.28055E-1	-7.91265E-1
2.03238E+11	4.35873E-13	-1.46138E+2	-4.54049E-1	-3.04668E-1
2.03325E+11	4.30801E-13	1.24961E+2	-7.32573E+0	1.04775E+1
2.03413E+11	3.17075E-13	2.70017E+1	3.15105E+0	1.60566E+0
2.03500E+11	2.12769E-13	-2.77796E+1	3.59895E+0	-1.89588E+0
2.03588E+11	5.90644E-13	-1.51943E+2	-3.90043E-1	-2.07886E-1
2.03675E+11	6.36338E-13	1.08335E+1	5.32807E-1	1.01961E-1
2.03762E+11	1.18916E-12	-8.57558E+1	5.15009E-2	-6.93984E-1
2.03850E+11	4.29641E-13	-1.54490E+2	-6.06425E-1	-2.89374E-1
2.03937E+11	1.13960E-12	-8.83046E+1	1.28533E-2	-4.34252E-1
2.04025E+11	6.42934E-13	-1.06341E+2	-1.27793E-1	-4.35866E-1
2.04112E+11	4.54459E-14	-1.41596E+2	-3.12617E-1	-2.47817E-1
2.04200E+11	2.01767E-12	-9.56789E+1	-2.47406E-1	-2.48795E+0
2.04287E+11	1.53219E-13	4.33734E+0	3.41205E-1	2.58790E-2
2.04375E+11	4.18269E-13	4.37590E+1	8.58306E-1	8.21907E-1
2.04463E+11	3.35325E-13	-1.55363E+2	-6.15305E-1	-2.82184E-1
2.04550E+11	5.23613E-13	-4.24945E+0	5.85149E-1	-4.34785E-2
2.04638E+11	3.51041E-13	6.47683E+1	8.10010E-1	1.71889E+0
2.04725E+11	4.55242E-13	1.43766E+2	-3.91151E-1	2.86640E-1
2.04813E+11	2.81516E-13	-7.80341E+1	9.50006E-2	-4.48255E-1
2.04900E+11	5.72974E-14	2.02026E+1	6.31813E+0	2.32494E+0
2.04987E+11	1.33779E-12	1.71188E+2	-1.18291E+0	1.83387E-1
2.05075E+11	8.34146E-13	2.33295E+0	9.96583E-1	4.06010E-2
2.05162E+11	3.85641E-14	2.95559E+1	4.84586E-1	2.74789E-1
2.05250E+11	1.01999E-13	-5.35152E+1	2.80289E-1	-3.78998E-1
2.05337E+11	3.21560E-13	1.04741E+2	-8.55642E-2	3.25208E-1
2.05425E+11	2.17776E-12	1.06690E+2	-2.75057E-1	9.17403E-1
2.05513E+11	8.94275E-13	-4.60999E+1	3.54854E-1	-3.68746E-1
2.05600E+11	3.24731E-13	-1.81485E+1	4.45931E-1	-1.46171E-1
2.05688E+11	1.16127E-12	4.63644E+1	5.03431E-1	5.27998E-1
2.05775E+11	3.05821E-13	6.11783E+1	1.69185E-1	3.07470E-1
2.05863E+11	5.28919E-13	1.60818E+2	-4.84631E-1	1.68600E-1
2.05950E+11	5.03465E-13	-2.91620E+0	4.22892E+0	-2.15427E-1
2.06037E+11	7.91975E-13	-3.43957E+1	3.93325E-1	-2.69272E-1
2.06125E+11	9.91555E-14	1.75047E+2	-1.07229E+0	9.29329E-2
2.06212E+11	1.48524E-13	-7.17811E+0	2.25636E-1	-2.84169E-2
2.06300E+11	4.93486E-13	-4.07957E+1	9.95775E-1	-8.59401E-1
2.06387E+11	1.29307E-12	7.98957E+1	2.24812E-1	1.26154E+0
2.06475E+11	1.53070E-13	1.08670E+2	-2.41889E-1	7.15869E-1
2.06562E+11	2.21993E-12	1.51375E+2	-3.49658E+0	1.90840E+0
2.06650E+11	9.79775E-13	7.99257E+1	1.21644E-1	6.84682E-1
2.06738E+11	2.77681E-13	-7.51877E+1	1.55248E-1	-5.87077E-1
2.06825E+11	1.26811E-12	2.78784E+1	4.44477E-1	2.35124E-1
2.06913E+11	4.72083E-13	-1.31503E+2	-4.18934E-1	-4.73461E-1
2.07000E+11	2.90438E-12	1.74109E+2	-8.52884E-1	8.80068E-2
2.07088E+11	1.63974E-12	-1.04298E+2	-6.72771E-1	-2.63977E+0
2.07175E+11	2.30725E-13	-9.49800E+1	-1.37196E-1	-1.57451E+0
2.07262E+11	9.27728E-13	-1.70764E+2	-1.18463E+0	-1.92638E-1
2.07350E+11	1.44635E-13	2.70432E+1	5.25363E-1	2.68185E-1
2.07437E+11	1.36582E-13	-1.27625E+2	-2.34316E-1	-3.03986E-1
2.07525E+11	1.54594E-12	4.51809E+1	8.68000E-1	8.73499E-1
2.07612E+11	2.30873E-12	3.54700E+0	1.38673E+0	8.59578E-2
2.07700E+11	2.10893E-13	1.78173E+2	-1.52307E+0	4.85821E-2
2.07788E+11	1.34712E-12	-2.94537E+0	6.15690E-1	-3.16783E-2
2.07875E+11	5.53841E-14	-9.71430E+1	-3.14328E-2	-2.50822E-1
2.07963E+11	5.76329E-13	2.39053E+1	9.57263E-1	4.24307E-1
2.08050E+11	8.72069E-13	3.45976E+1	6.63089E-1	4.57394E-1
2.08138E+11	3.29214E-13	1.64976E+2	-3.34585E-1	8.98021E-2
2.08225E+11	5.19657E-13	-1.48513E+2	-6.69796E-1	-4.10245E-1
2.08313E+11	9.25672E-13	-7.13711E+1	4.46251E-1	-1.32380E+0
2.08400E+11	1.25172E-12	1.55296E+2	-1.16871E+0	5.37648E-1
2.08487E+11	3.27589E-14	2.76201E+1	1.24094E-1	6.49299E-2
2.08575E+11	9.67463E-13	1.36462E+1	9.37012E-1	2.27486E-1
2.08662E+11	1.00275E-13	-1.32665E+2	-3.57985E-1	-3.88417E-1
2.08750E+11	4.09036E-13	-3.72909E+1	2.52028E+0	-1.91931E+0
2.08837E+11	1.23381E-12	-8.58276E+1	9.22320E-2	-1.26431E+0
2.08925E+11	3.04005E-13	3.60613E+1	3.03126E-1	2.20730E-1
2.09013E+11	3.05295E-13	1.13124E+2	-1.91062E-1	4.47417E-1
2.09100E+11	2.68365E-12	-3.05023E+0	1.95139E+0	-1.03984E-1
2.09188E+11	1.56735E-12	-6.39300E+0	6.95192E-1	-7.78923E-2
2.09275E+11	6.12358E-13	1.13000E+0	1.14529E+0	2.25906E-2
2.09363E+11	6.92600E-13	3.06661E+1	5.71966E-1	3.39151E-1
2.09450E+11	5.32166E-13	-6.48624E+1	4.53274E-1	-9.65984E-1
2.09537E+11	5.20489E-15	6.17927E+1	4.49726E-2	8.38480E-2
2.09625E+11	4.53517E-14	2.22536E+1	1.69391E-1	6.93121E-2
2.09712E+11	2.36594E-12	-1.45199E+2	-6.81028E-1	-4.73339E-1
2.09800E+11	4.35032E-15	-1.52874E+2	-2.40436E-2	-1.23175E-2
2.09887E+11	1.65147E-12	-1.34167E+1	2.84369E+0	-6.78337E-1
2.09975E+11	1.56552E-12	1.56704E+2	-2.19146E+0	9.43592E-1
2.10063E+11	1.31802E-12	5.37073E+1	1.00899E+0	1.37393E+0
2.10150E+11	2.55858E-13	-1.94834E+1	3.11796E-1	-1.10311E-1
2.10238E+11	2.34435E-13	6.66186E+1	1.23842E-1	2.86439E-1
2.10325E+11	1.09070E-12	-6.07581E+1	6.22721E-1	-1.11232E+0
2.10413E+11	3.30837E-13	6.80125E+1	2.13378E-1	5.28462E-1
2.10500E+11	8.69233E-13	-4.74177E+1	8.37792E-1	-9.11657E-1
2.10588E+11	3.24897E-14	-1.20583E+2	-7.45819E-2	-1.26198E-1
2.10675E+11	6.76855E-13	8.71910E+0	5.73346E-1	8.79299E-2
2.10762E+11	5.09053E-13	-6.87241E+1	3.63989E-1	-9.34745E-1
2.10850E+11	6.56378E-13	-3.31293E+1	7.22251E-1	-4.71356E-1
2.10937E+11	4.34268E-12	-4.95860E+1	9.88628E-1	-1.16106E+0
2.11025E+11	2.93761E-13	-5.12625E+1	2.26167E+0	-2.81924E+0
2.11112E+11	1.01303E-12	-1.31904E+2	-4.69590E-1	-5.23290E-1
2.11200E+11	1.31418E-12	-9.39739E+1	-1.25262E-1	-1.80314E+0
2.11288E+11	4.42993E-14	2.50726E+1	6.14444E-1	2.87469E-1
2.11375E+11	7.56125E-13	-2.51297E+1	6.43908E-1	-3.02036E-1
2.11463E+11	3.37477E-13	9.97969E+1	-1.09151E-1	6.32119E-1
2.11550E+11	8.23973E-14	1.72875E+2	-1.17278E-1	1.46596E-2
2.11638E+11	6.11223E-13	1.55388E+2	-5.88748E-1	2.69704E-1
2.11725E+11	1.45167E-12	-1.78064E+1	1.05029E+0	-3.37340E-1
2.11812E+11	2.41535E-13	5.66286E+1	5.30658E-1	8.05659E-1
2.11900E+11	9.00476E-13	2.79304E+1	6.54828E-1	3.47158E-1
2.11987E+11	6.88978E-13	3.94216E-1	8.33634E-1	5.73580E-3
2.12075E+11	1.21228E-12	-1.96948E+1	6.36625E-1	-2.27879E-1
2.12162E+11	1.78524E-13	1.15350E+2	-4.93212E-1	1.04106E+0
2.12250E+11	1.16016E-12	1.57065E+2	-4.30162E+0	1.82015E+0
2.12337E+11	2.43533E-12	1.92932E+1	6.33287E-1	2.21689E-1
2.12425E+11	1.13198E-13	-9.51174E+1	-2.00508E-1	-2.23894E+0
2.12513E+11	1.85358E-13	4.89532E+1	3.34076E-1	3.83678E-1
2.12600E+11	8.79103E-13	-1.02431E+1	7.39163E-1	-1.33571E-1
2.12688E+11	2.31701E-12	-7.78754E+0	6.97051E-1	-9.53297E-2
2.12775E+11	7.41499E-11	1.19537E+2	-4.33870E+0	7.65714E+0
2.12863E+11	2.00749E-8	1.68705E+2	-2.11898E+2	4.23213E+1
2.12950E+11	4.53162E-8	-1.05173E+2	-8.78948E+1	-3.24116E+2
2.13037E+11	3.43065E-8	-1.48790E+2	-1.26614E+2	-7.67115E+1
2.13125E+11	4.79230E-8	6.80102E+1	1.14233E+1	2.82882E+1
2.13212E+11	2.65282E-8	-7.82006E+1	5.38627E+0	-2.57841E+1
2.13300E+11	3.26861E-8	1.19916E+2	-1.23275E+1	2.14247E+1
2.13387E+11	1.47472E-8	-4.40288E+1	1.04371E+1	-1.00892E+1
2.13475E+11	2.20910E-8	1.40082E+2	-8.80454E+0	7.36640E+0
2.13563E+11	8.66534E-9	-1.96575E+1	7.49950E+0	-2.67894E+0
2.13650E+11	9.54534E-9	1.71574E+2	-3.03780E+0	4.49970E-1
2.13738E+11	5.49295E-9	3.14620E+1	1.97818E+0	1.21043E+0
2.13825E+11	7.06018E-9	-1.40473E+2	-1.20361E+0	-9.93149E-1
2.13913E+11	2.66182E-9	5.92001E+1	9.94247E+0	1.66787E+1
2.14000E+11	2.11248E-9	1.49985E+2	-3.08097E+1	1.77989E+1
2.14087E+11	1.76449E-9	1.26522E+2	-2.58731E+1	3.49370E+1
2.14175E+11	9.84327E-10	-1.25688E+2	-1.27577E+2	-1.77618E+2
2.14262E+11	5.84407E-10	6.02243E+1	1.44731E+1	2.52962E+1
2.14350E+11	5.16789E-10	3.85158E+1	1.10943E+1	8.82977E+0
2.14437E+11	2.32470E-9	4.50477E+1	1.74008E+1	1.74298E+1
2.14525E+11	6.65450E-10	-1.75127E+2	-1.40109E+1	-1.19462E+0
2.14612E+11	3.25795E-9	-5.07064E+1	2.78105E+1	-3.39855E+1
2.14700E+11	3.26989E-10	-1.14099E+1	1.05860E+1	-2.13643E+0
2.14788E+11	1.29089E-9	-4.87847E+1	2.07369E+1	-2.36749E+1
2.14875E+11	4.97446E-11	1.21310E+2	-3.94803E+0	6.49085E+0
2.14963E+11	3.70721E-13	-6.66242E+1	3.26360E-1	-7.55050E-1
2.15050E+11	1.37384E-12	-1.44866E+2	-2.14362E+0	-1.50846E+0
2.15138E+11	2.12120E-13	-2.00094E+1	3.98104E-1	-1.44972E-1
2.15225E+11	1.27832E-12	8.88248E+1	2.57866E-2	1.25706E+0
2.15312E+11	1.29624E-13	-1.02007E+2	-1.00676E-1	-4.73364E-1
2.15400E+11	1.47053E-12	1.07648E-1	3.73838E+0	7.02374E-3
2.15487E+11	2.03332E-12	-4.83497E+1	6.32581E-1	-7.11234E-1
2.15575E+11	8.09909E-13	1.51146E+2	-1.72146E+0	9.48511E-1
2.15662E+11	3.24892E-14	-1.41127E+2	-2.77522E-1	-2.23718E-1
2.15750E+11	3.12711E-12	4.24319E+1	9.57006E-1	8.74845E-1
2.15838E+11	3.25311E-13	-4.08431E+0	5.06485E-1	-3.61659E-2
2.15925E+11	4.40825E-14	3.80059E+1	2.43913E-1	1.90606E-1
2.16013E+11	1.01049E-12	1.25531E+2	-6.92373E-1	9.69570E-1
2.16100E+11	3.32252E-13	-3.65090E+1	2.95179E-1	-2.18493E-1
2.16188E+11	6.79913E-13	1.28921E+2	-3.60259E-1	4.46134E-1
2.16275E+11	2.97648E-13	-1.16376E+2	-1.58272E-1	-3.19171E-1
2.16363E+11	1.06398E-12	-1.09373E+2	-2.32053E-1	-6.59938E-1
2.16450E+11	1.64048E-12	5.60012E+1	9.49177E-1	1.40728E+0
2.16537E+11	1.92670E-13	8.29392E+1	5.32289E-2	4.29742E-1
2.16625E+11	6.11403E-13	-9.12132E+1	-2.32966E-2	-1.10011E+0
2.16712E+11	1.78266E-12	1.34032E+2	-6.32690E-1	6.54448E-1
2.16800E+11	4.50386E-13	-3.41658E+1	2.57625E-1	-1.74857E-1
2.16887E+11	2.09160E-13	-2.54932E+1	3.64969E-1	-1.74028E-1
2.16975E+11	1.95146E-12	-3.16264E+1	1.50323E+0	-9.25750E-1
2.17063E+11	5.48447E-13	-6.72231E+1	2.94765E-1	-7.02012E-1
2.17150E+11	5.73575E-13	1.92638E+1	2.83421E-1	9.90515E-2
2.17238E+11	1.05930E-12	9.88788E+1	-2.32724E-1	1.48974E+0
2.17325E+11	1.28185E-12	-7.87416E+1	7.34299E-1	-3.68875E+0
2.17413E+11	9.92583E-13	-4.06210E+1	9.82816E-1	-8.43002E-1
2.17500E+11	7.17882E-13	2.05568E+1	1.65108E+0	6.19178E-1
2.17587E+11	6.81284E-13	5.99387E+1	5.61468E-1	9.70092E-1
2.17675E+11	1.47378E-12	2.30588E+1	6.59694E-1	2.80823E-1
2.17762E+11	2.81356E-11	1.62282E+2	-5.22238E+0	1.66849E+0
2.17850E+11	1.89927E-10	-3.17586E+1	1.93444E+1	-1.19747E+1
2.17937E+11	3.09901E-9	1.30863E+2	-3.40170E+1	3.93211E+1
2.18025E+11	1.09596E-8	1.18006E+1	7.29288E+1	1.52365E+1
2.18113E+11	2.21731E-7	-1.38927E+2	-2.39905E+2	-2.09086E+2
2.18200E+11	4.49433E-7	3.44440E+1	1.24641E+3	8.54843E+2
2.18288E+11	2.28202E-6	1.44950E+2	-4.98611E+2	3.49776E+2
2.18375E+11	3.05670E-6	1.35827E+2	-1.15732E+3	1.12439E+3
2.18463E+11	5.17413E-6	-1.39585E+2	-2.49713E+3	-2.12637E+3
2.18550E+11	3.55446E-6	-1.74262E+2	-1.61669E+3	-1.62455E+2
2.18638E+11	2.12476E-6	3.17451E+1	1.90214E+3	1.17685E+3
2.18725E+11	1.36015E-6	4.31895E+1	1.81367E+3	1.70253E+3
2.18812E+11	1.44282E-6	9.79845E+0	3.77238E+3	6.51499E+2
2.18900E+11	1.52842E-6	3.35774E+1	1.24458E+3	8.26191E+2
2.18987E+11	1.63573E-6	1.35890E+1	1.33404E+3	3.22466E+2
2.19075E+11	1.28286E-6	1.07051E+2	-4.61381E+2	1.50428E+3
2.19162E+11	2.71725E-6	-8.10251E+1	2.22348E+3	-1.40784E+4
2.19250E+11	7.80634E-6	1.43376E+2	-3.52840E+2	2.62271E+2
2.19338E+11	5.10975E-6	5.07476E+0	2.58627E+0	2.29671E-1
2.19425E+11	1.29992E-5	-1.65067E+2	-7.90695E-1	-2.10870E-1
2.19513E+11	6.09107E-6	5.11454E+1	2.29946E-1	2.85438E-1
2.19600E+11	1.14735E-5	-9.09638E+1	-5.33143E-3	-3.16900E-1
2.19688E+11	7.32767E-6	1.42728E+2	-1.75054E-1	1.33218E-1
2.19775E+11	9.09133E-6	1.61412E+1	2.42473E-1	7.01751E-2
2.19862E+11	4.32461E-6	-1.06749E+2	-5.62997E-2	-1.87078E-1
2.19950E+11	8.00497E-6	1.25035E+2	-1.26104E-1	1.79862E-1
2.20037E+11	3.69131E-6	-8.28584E+0	1.92257E-1	-2.79988E-2
2.20125E+11	4.72677E-6	-1.37234E+2	-1.31011E-1	-1.21172E-1
2.20212E+11	4.47671E-6	9.43826E+1	-1.44325E-2	1.88315E-1
2.20300E+11	1.85460E-6	-4.03149E+1	1.16535E-1	-9.88810E-2
2.20387E+11	6.90607E-6	-1.71450E+2	-1.95797E-1	-2.94377E-2
2.20475E+11	2.14026E-6	3.77944E+1	1.17211E-1	9.08995E-2
2.20563E+11	4.84814E-6	-8.40196E+1	2.10166E-2	-2.00619E-1
2.20650E+11	2.68268E-6	1.24193E+2	-8.19545E-2	1.20623E-1
2.20738E+11	3.50079E-6	1.84472E+1	1.78485E-1	5.95373E-2
2.20825E+11	2.36121E-6	-1.43580E+2	-1.19641E-1	-8.82727E-2
2.20913E+11	5.45876E-6	1.00004E+2	-3.03228E-2	1.71896E-1
2.21000E+11	1.18038E-6	-5.81603E+1	8.19954E-2	-1.32041E-1
2.21087E+11	6.27475E-6	-1.65860E+2	-1.64464E-1	-4.14332E-2
2.21175E+11	1.89264E-6	4.53233E+1	1.11716E-1	1.12983E-1
2.21262E+11	4.45305E-6	-6.86859E+1	6.65519E-2	-1.70573E-1
2.21350E+11	3.15568E-6	1.42069E+2	-1.35018E-1	1.05224E-1
2.21437E+11	4.70799E-6	1.55760E+1	2.07292E-1	5.77833E-2
2.21525E+11	3.27918E-6	-1.39591E+2	-1.35957E-1	-1.15744E-1
2.21613E+11	8.62870E-6	9.62464E+1	-2.77222E-2	2.53276E-1
2.21700E+11	1.98420E-6	-6.02784E+1	1.06153E-1	-1.85943E-1
2.21788E+11	1.33975E-5	1.77702E+2	-3.19250E-1	1.28130E-2
2.21875E+11	4.00911E-6	1.73689E+1	2.49085E-1	7.79103E-2
2.21963E+11	8.19935E-6	-1.02077E+2	-7.77721E-2	-3.63497E-1
2.22050E+11	7.70613E-6	8.52935E+1	2.48742E-2	3.02134E-1
2.22137E+11	4.16599E-6	-2.82297E+1	3.32888E-1	-1.78715E-1
2.22225E+11	6.28094E-6	1.64215E+2	-3.13316E-1	8.85682E-2
2.22312E+11	4.38456E-6	5.48685E+1	2.01354E-1	2.86164E-1
2.22400E+11	3.66401E-6	-1.12202E+2	-1.65102E-1	-4.04539E-1
2.22487E+11	4.36238E-6	1.28612E+2	-3.44018E-1	4.30761E-1
2.22575E+11	7.55760E-6	-3.60815E+1	4.62686E-1	-3.37168E-1
2.22662E+11	3.55117E-6	-1.54182E+2	-5.20321E-1	-2.51736E-1
2.22750E+11	1.09279E-5	6.18431E+1	2.56523E-1	4.79278E-1
2.22838E+11	2.96139E-6	-4.91340E+1	3.60142E-1	-4.16259E-1
2.22925E+11	9.45732E-6	1.67022E+2	-4.40684E-1	1.01562E-1
2.23013E+11	6.25483E-6	4.54451E+1	3.64988E-1	3.70704E-1
2.23100E+11	5.59952E-6	-1.09764E+2	-1.31745E-1	-3.66665E-1
2.23188E+11	7.98532E-6	1.23309E+2	-2.53435E-1	3.85687E-1
2.23275E+11	9.66760E-6	-3.60593E+1	2.52648E-1	-1.83960E-1
2.23362E+11	7.60782E-6	-1.54485E+2	-3.27748E-1	-1.56432E-1
2.23450E+11	1.35649E-5	4.31873E+1	1.80002E-1	1.68958E-1
2.23537E+11	6.76630E-6	-7.77247E+1	6.03496E-2	-2.77364E-1
2.23625E+11	1.43081E-5	1.14608E+2	-9.71471E-2	2.12107E-1
2.23712E+11	1.41142E-5	1.23695E-2	2.65668E-1	5.73546E-5
2.23800E+11	1.35924E-5	-1.53578E+2	-2.11876E-1	-1.05279E-1
2.23888E+11	1.56951E-5	7.85983E+1	4.83971E-2	2.39987E-1
2.23975E+11	1.28228E-5	-8.34649E+1	2.26972E-2	-1.98132E-1
2.24063E+11	1.50488E-5	1.25382E+2	-1.31299E-1	1.84882E-1
2.24150E+11	2.33805E-5	-2.50066E+1	2.08611E-1	-9.73062E-2
2.24238E+11	2.51154E-5	-1.67307E+2	-2.63838E-1	-5.94245E-2
2.24325E+11	2.27730E-5	5.45900E+1	1.30864E-1	1.84076E-1
2.24412E+11	4.31006E-5	-8.01012E+1	4.50807E-2	-2.58332E-1
2.24500E+11	1.83262E-5	1.53531E+2	-1.78259E-1	8.87571E-2
2.24587E+11	4.97395E-5	1.44453E+1	2.45142E-1	6.31484E-2
2.24675E+11	2.69055E-5	-1.24988E+2	-1.17180E-1	-1.67427E-1
2.24762E+11	5.90066E-5	8.92856E+1	3.28965E-3	2.63807E-1
2.24850E+11	3.31585E-5	-5.39517E+1	1.33111E-1	-1.82887E-1
2.24937E+11	5.66556E-5	1.51632E+2	-2.19250E-1	1.18391E-1
2.25025E+11	4.17120E-5	-1.20186E+1	2.36183E-1	-5.02824E-2
2.25113E+11	5.67439E-5	-1.70176E+2	-2.36818E-1	-4.10087E-2
2.25200E+11	5.25542E-5	4.47701E+1	2.10094E-1	2.08415E-1
2.25288E+11	5.86865E-5	-9.61224E+1	-3.69457E-2	-3.44438E-1
2.25375E+11	6.35291E-5	1.43514E+2	-4.03217E-1	2.98213E-1
2.25463E+11	5.84959E-5	-4.04043E+0	5.38046E-1	-3.80053E-2
2.25550E+11	5.85090E-5	-1.15514E+2	-3.67904E-1	-7.70836E-1
2.25637E+11	4.95623E-5	9.99395E+1	-1.58025E-1	9.01770E-1
2.25725E+11	5.52403E-5	-1.20506E+1	1.42059E+0	-3.03265E-1
2.25812E+11	5.12987E-5	-1.55816E+2	-1.60029E+0	-7.18644E-1
2.25900E+11	5.74692E-5	9.36816E+1	-1.29579E-1	2.01380E+0
2.25987E+11	5.50463E-5	-4.97719E+1	1.74184E+0	-2.05914E+0
2.26075E+11	7.28357E-5	-1.72773E+2	-2.61658E+0	-3.31783E-1
2.26163E+11	5.23512E-5	4.64939E+1	2.31813E+0	2.44228E+0
2.26250E+11	8.76726E-5	-7.78371E+1	9.12040E-1	-4.23163E+0
2.26338E+11	4.60041E-5	1.45489E+2	-3.86862E+0	2.65996E+0
2.26425E+11	9.36570E-5	2.60579E+1	4.91482E+0	2.40327E+0
2.26513E+11	3.79002E-5	-1.11207E+2	-1.82839E+0	-4.71223E+0
2.26600E+11	1.03532E-4	1.23308E+2	-2.40305E+0	3.65723E+0
2.26688E+11	3.73597E-5	-2.15701E+1	4.90198E+0	-1.93787E+0
2.26775E+11	1.16335E-4	-1.44715E+2	-4.07237E+0	-2.88174E+0
2.26862E+11	4.25452E-5	6.77079E+1	2.25292E+0	5.49535E+0
2.26950E+11	1.05493E-4	-4.55479E+1	4.71263E+0	-4.80363E+0
2.27037E+11	5.38396E-5	1.60569E+2	-6.50121E+0	2.29337E+0
2.27125E+11	9.00513E-5	4.50713E+1	4.01229E+0	4.02228E+0
2.27212E+11	5.86228E-5	-1.14204E+2	-2.34376E+0	-5.21408E+0
2.27300E+11	7.44078E-5	1.23903E+2	-2.24423E+0	3.33937E+0
2.27388E+11	5.85465E-5	-3.26098E+1	4.22763E+0	-2.70470E+0
2.27475E+11	7.16612E-5	-1.58152E+2	-4.44163E+0	-1.78085E+0
2.27563E+11	4.90757E-5	5.78219E+1	2.56308E+0	4.07356E+0
2.27650E+11	5.34275E-5	-6.71462E+1	2.47902E+0	-5.88189E+0
2.27738E+11	4.18065E-5	1.52122E+2	-3.90507E+0	2.06573E+0
2.27825E+11	3.31202E-5	2.77687E+1	3.79020E+0	1.99570E+0
2.27912E+11	2.67431E-5	-1.24767E+2	-2.22144E+0	-3.20013E+0
2.28000E+11	1.51971E-5	1.09619E+2	-1.32636E+0	3.72093E+0
2.28087E+11	1.58072E-5	-4.53998E+1	2.57542E+0	-2.61162E+0
2.28175E+11	2.32585E-5	-1.67101E+2	-6.98046E+0	-1.59856E+0
2.28262E+11	1.26098E-5	5.10302E+1	1.52878E+0	1.88992E+0
2.28350E+11	1.54915E-5	-5.62706E+1	1.20989E+0	-1.81214E+0
2.28438E+11	2.04638E-5	1.44856E+2	-9.59512E-1	6.75464E-1
2.28525E+11	7.74443E-6	3.71789E+1	9.04030E-1	6.85671E-1
2.28613E+11	2.20921E-5	-1.16847E+2	-4.45709E-1	-8.80550E-1
2.28700E+11	8.19353E-6	1.33693E+2	-5.26717E-1	5.51306E-1
2.28788E+11	1.76445E-5	-5.62909E-2	5.43948E-1	-5.34408E-4
2.28875E+11	1.54049E-5	-1.08027E+2	-1.24394E-1	-3.82242E-1
2.28963E+11	1.31117E-5	1.15199E+2	-1.14237E-1	2.42776E-1
2.29050E+11	1.52275E-5	-2.83367E+1	2.17685E-1	-1.17391E-1
2.29137E+11	1.90392E-5	1.78973E+2	-2.03689E-1	3.65067E-3
2.29225E+11	1.01359E-5	3.57972E+1	1.91644E-1	1.38204E-1
2.29312E+11	1.09939E-5	-1.15944E+2	-7.02023E-2	-1.44293E-1
2.29400E+11	6.72976E-6	9.35233E+1	-1.15419E-2	1.87454E-1
2.29487E+11	4.76918E-6	-5.88127E+1	6.70329E-2	-1.10740E-1
2.29575E+11	1.02773E-5	1.56710E+2	-1.70009E-1	7.31821E-2
2.29663E+11	5.25258E-6	2.18937E+0	1.65223E-1	6.31652E-3
2.29750E+11	1.68381E-5	-1.38649E+2	-1.79575E-1	-1.58046E-1
2.29838E+11	1.02749E-5	7.05956E+1	7.09640E-2	2.01464E-1
2.29925E+11	1.20634E-5	-7.36594E+1	7.37009E-2	-2.51377E-1
2.30013E+11	1.59452E-5	1.42962E+2	-1.95969E-1	1.47876E-1
2.30100E+11	1.19104E-5	3.08806E+0	2.85412E-1	1.53977E-2
2.30187E+11	1.30026E-5	-1.44851E+2	-2.15495E-1	-1.51730E-1
2.30275E+11	2.30531E-5	7.09031E+1	9.39253E-2	2.71287E-1
2.30362E+11	7.39648E-6	-5.25939E+1	1.52516E-1	-1.99438E-1
2.30450E+11	2.03360E-5	1.60569E+2	-2.67168E-1	9.42458E-2
2.30537E+11	1.02827E-5	3.43068E+1	1.91305E-1	1.30533E-1
2.30625E+11	1.29622E-5	-1.07320E+2	-8.33756E-2	-2.67357E-1
2.30712E+11	9.64016E-6	1.27340E+2	-1.28764E-1	1.68783E-1
2.30800E+11	1.29489E-5	-1.35666E+1	2.69644E-1	-6.50675E-2
2.30888E+11	7.46586E-6	-1.38189E+2	-1.48734E-1	-1.33036E-1
2.30975E+11	1.71909E-5	8.87517E+1	5.73724E-3	2.63289E-1
2.31063E+11	5.73731E-6	-4.66853E+1	1.39785E-1	-1.48260E-1
2.31150E+11	1.36944E-5	-1.74412E+2	-2.47916E-1	-2.42539E-2
2.31238E+11	9.82088E-6	5.61144E+1	1.22767E-1	1.82796E-1
2.31325E+11	8.40097E-6	-6.73442E+1	1.01206E-1	-2.42466E-1
2.31412E+11	1.26774E-5	1.68183E+2	-2.66120E-1	5.56785E-2
2.31500E+11	8.71248E-6	3.93631E+1	2.40713E-1	1.97465E-1
2.31587E+11	1.25006E-5	-8.65729E+1	2.12251E-2	-3.54432E-1
2.31675E+11	1.18480E-5	1.42334E+2	-3.15307E-1	2.43401E-1
2.31762E+11	7.63760E-6	2.56249E+1	3.95198E-1	1.89558E-1
2.31850E+11	1.10047E-5	-1.01425E+2	-1.00675E-1	-4.98157E-1
2.31938E+11	1.03714E-5	1.41594E+2	-3.77062E-1	2.98917E-1
2.32025E+11	8.02143E-6	2.66729E+0	6.11635E-1	2.84940E-2
2.32113E+11	1.42154E-5	-1.26663E+2	-3.16958E-1	-4.25808E-1
2.32200E+11	1.26945E-5	9.99507E+1	-1.00275E-1	5.71564E-1
2.32288E+11	1.25550E-5	-3.11575E+1	4.30033E-1	-2.60002E-1
2.32375E+11	2.09418E-5	-1.53996E+2	-5.26184E-1	-2.56686E-1
2.32462E+11	1.28220E-5	7.31285E+1	1.33254E-1	4.39375E-1
2.32550E+11	1.66943E-5	-4.87541E+1	2.73945E-1	-3.12418E-1
2.32637E+11	2.47468E-5	1.71056E+2	-3.48080E-1	5.47799E-2
2.32725E+11	1.62587E-5	3.82553E+1	2.51747E-1	1.98499E-1
2.32812E+11	2.83277E-5	-1.02847E+2	-6.74942E-2	-2.95962E-1
2.32900E+11	2.18280E-5	1.20422E+2	-1.44155E-1	2.45485E-1
2.32987E+11	2.54153E-5	-1.39962E+1	2.90101E-1	-7.23098E-2
2.33075E+11	3.07931E-5	-1.60673E+2	-2.68094E-1	-9.40276E-2
2.33163E+11	2.48965E-5	6.24529E+1	1.33260E-1	2.55478E-1
2.33250E+11	2.65882E-5	-8.82275E+1	8.82239E-3	-2.85099E-1
2.33338E+11	3.44502E-5	1.40614E+2	-2.07078E-1	1.70009E-1
2.33425E+11	3.31743E-5	-9.47646E-1	2.88654E-1	-4.77464E-3
2.33513E+11	3.40057E-5	-1.28227E+2	-1.64047E-1	-2.08262E-1
2.33600E+11	4.98011E-5	9.17834E+1	-9.11427E-3	2.92716E-1
2.33687E+11	3.79385E-5	-4.42883E+1	1.95045E-1	-1.90258E-1
2.33775E+11	5.67118E-5	1.72677E+2	-2.83750E-1	3.64661E-2
2.33862E+11	4.97413E-5	2.96972E+1	2.48565E-1	1.41763E-1
2.33950E+11	5.56490E-5	-1.12618E+2	-1.02857E-1	-2.46884E-1
2.34037E+11	6.20316E-5	1.14926E+2	-1.24766E-1	2.68464E-1
2.34125E+11	5.74126E-5	-2.93442E+1	2.15841E-1	-1.21343E-1
2.34213E+11	5.77554E-5	-1.67935E+2	-2.85056E-1	-6.09278E-2
2.34300E+11	6.37928E-5	4.44005E+1	1.73867E-1	1.70266E-1
2.34388E+11	6.96336E-5	-8.76184E+1	1.30823E-2	-3.14549E-1
2.34475E+11	6.48104E-5	1.21856E+2	-1.31133E-1	2.11038E-1
2.34563E+11	7.17342E-5	-4.02387E+0	3.19762E-1	-2.24938E-2
2.34650E+11	9.05346E-5	-1.48305E+2	-2.21732E-1	-1.36917E-1
2.34738E+11	6.91368E-5	8.93019E+1	3.86398E-3	3.17130E-1
2.34825E+11	1.09460E-4	-6.80033E+1	1.03901E-1	-2.57207E-1
2.34912E+11	7.93348E-5	1.60161E+2	-2.97233E-1	1.07238E-1
2.35000E+11	1.11798E-4	1.04933E+1	2.74454E-1	5.08338E-2
2.35087E+11	8.08750E-5	-1.21333E+2	-1.70819E-1	-2.80584E-1
2.35175E+11	1.19334E-4	8.89988E+1	4.88826E-3	2.79726E-1
2.35262E+11	9.33059E-5	-4.94472E+1	2.25663E-1	-2.63725E-1
2.35350E+11	1.16624E-4	1.68538E+2	-2.60445E-1	5.28068E-2
2.35438E+11	1.11547E-4	3.95561E+1	2.76527E-1	2.28406E-1
2.35525E+11	9.78674E-5	-9.55581E+1	-2.48004E-2	-2.54851E-1
2.35613E+11	1.25378E-4	1.38518E+2	-2.70262E-1	2.38954E-1
2.35700E+11	9.19194E-5	-3.79007E+0	2.51854E-1	-1.66843E-2
2.35788E+11	1.29908E-4	-1.31700E+2	-2.42022E-1	-2.71640E-1
2.35875E+11	9.17895E-5	7.65650E+1	5.89319E-2	2.46701E-1
2.35962E+11	1.14377E-4	-5.07947E+1	2.17735E-1	-2.66919E-1
2.36050E+11	7.86622E-5	1.55304E+2	-2.34567E-1	1.07868E-1
2.36137E+11	1.07727E-4	3.91132E+1	2.41365E-1	1.96244E-1
2.36225E+11	8.70623E-5	-1.08394E+2	-8.41251E-2	-2.52973E-1
2.36312E+11	1.09204E-4	1.28470E+2	-1.78357E-1	2.24464E-1
2.36400E+11	9.66224E-5	-1.85206E+1	2.44538E-1	-8.19190E-2
2.36488E+11	1.29344E-4	-1.48088E+2	-2.48853E-1	-1.54969E-1
2.36575E+11	1.00174E-4	7.20656E+1	8.07886E-2	2.49613E-1
2.36663E+11	1.63124E-4	-5.69850E+1	1.66304E-1	-2.55938E-1
2.36750E+11	9.70176E-5	1.63181E+2	-2.39272E-1	7.23276E-2
2.36838E+11	1.93501E-4	3.43864E+1	2.53384E-1	1.73407E-1
2.36925E+11	1.20629E-4	-1.10304E+2	-8.59506E-2	-2.32301E-1
2.37013E+11	2.44217E-4	1.19124E+2	-1.51735E-1	2.72344E-1
2.37100E+11	9.55469E-5	-2.82739E+1	2.17507E-1	-1.16988E-1
2.37187E+11	2.05794E-4	-1.48055E+2	-2.67204E-1	-1.66610E-1
2.37275E+11	1.01786E-4	6.36279E+1	1.12524E-1	2.26955E-1
2.37362E+11	1.92023E-4	-4.83396E+1	1.99153E-1	-2.23836E-1
2.37450E+11	1.02414E-4	1.53434E+2	-2.46550E-1	1.23281E-1
2.37537E+11	1.53909E-4	3.25922E+1	2.55316E-1	1.63233E-1
2.37625E+11	1.22472E-4	-1.24822E+2	-2.03937E-1	-2.93190E-1
2.37713E+11	1.46364E-4	1.17392E+2	-1.97618E-1	3.81382E-1
2.37800E+11	1.55106E-4	-3.18152E+1	4.99709E-1	-3.10016E-1
2.37888E+11	1.51910E-4	-1.50118E+2	-5.46567E-1	-3.14058E-1
2.37975E+11	1.77419E-4	6.25274E+1	3.31641E-1	6.37823E-1
2.38063E+11	1.75170E-4	-6.27929E+1	3.26089E-1	-6.34307E-1
2.38150E+11	1.75978E-4	1.48812E+2	-5.99693E-1	3.63011E-1
2.38237E+11	1.65701E-4	2.01512E+1	6.31680E-1	2.31803E-1
2.38325E+11	1.69382E-4	-1.25041E+2	-3.37423E-1	-4.81161E-1
2.38412E+11	1.71292E-4	1.15630E+2	-2.68878E-1	5.60428E-1
2.38500E+11	1.70356E-4	-3.14157E+1	4.37359E-1	-2.67130E-1
2.38587E+11	1.46012E-4	-1.49048E+2	-4.48591E-1	-2.69032E-1
2.38675E+11	1.71903E-4	5.06088E+1	3.01652E-1	3.67351E-1
2.38762E+11	9.85147E-5	-5.77533E+1	2.35031E-1	-3.72548E-1
2.38850E+11	1.79723E-4	1.41265E+2	-3.50440E-1	2.81103E-1
2.38938E+11	8.67159E-5	1.85495E+1	3.28575E-1	1.10255E-1
2.39025E+11	1.71998E-4	-1.40938E+2	-3.07666E-1	-2.49694E-1
2.39113E+11	6.69890E-5	9.09824E+1	-5.24824E-3	3.06062E-1
2.39200E+11	1.63908E-4	-6.35057E+1	1.63155E-1	-3.27319E-1
2.39288E+11	6.84226E-5	1.66445E+2	-2.76010E-1	6.65466E-2
2.39375E+11	1.66900E-4	2.06407E+1	3.07112E-1	1.15685E-1
2.39462E+11	8.15155E-5	-1.19009E+2	-1.33652E-1	-2.41020E-1
2.39550E+11	1.57509E-4	9.15010E+1	-8.00586E-3	3.05537E-1
2.39637E+11	8.56475E-5	-5.36095E+1	1.65307E-1	-2.24294E-1
2.39725E+11	1.49739E-4	1.60935E+2	-2.76864E-1	9.56860E-2
2.39812E+11	8.57126E-5	3.56180E+1	2.35409E-1	1.68648E-1
2.39900E+11	8.89664E-5	-1.01963E+2	-6.27094E-2	-2.95957E-1
2.39988E+11	4.96660E-5	1.26758E+2	-1.69143E-1	2.26441E-1
2.40075E+11	8.99021E-5	-1.86477E+1	2.91878E-1	-9.84983E-2
2.40163E+11	5.95261E-5	-1.56030E+2	-2.49351E-1	-1.10860E-1
2.40250E+11	1.07317E-4	5.94781E+1	1.61102E-1	2.73259E-1
2.40338E+11	6.69785E-5	-7.66121E+1	6.02182E-2	-2.53007E-1
2.40425E+11	9.81213E-5	1.49822E+2	-2.73743E-1	1.59180E-1
2.40512E+11	4.57201E-5	1.27761E+1	2.48272E-1	5.62972E-2
2.40600E+11	8.10050E-5	-1.24024E+2	-1.84970E-1	-2.73983E-1
2.40687E+11	4.79716E-5	8.40033E+1	2.68865E-2	2.55949E-1
2.40775E+11	7.03234E-5	-5.14142E+1	2.00162E-1	-2.50866E-1
2.40862E+11	5.21615E-5	1.54127E+2	-2.40745E-1	1.16758E-1
2.40950E+11	5.48931E-5	2.52495E+1	2.73250E-1	1.28870E-1
2.41037E+11	5.68834E-5	-1.25955E+2	-1.62120E-1	-2.23511E-1
2.41125E+11	4.94043E-5	1.09072E+2	-9.47146E-2	2.73951E-1
2.41213E+11	6.10080E-5	-3.73901E+1	2.21045E-1	-1.68942E-1
2.41300E+11	4.01470E-5	-1.66452E+2	-2.82905E-1	-6.81722E-2
2.41388E+11	6.66549E-5	4.64534E+1	1.92355E-1	2.02370E-1
2.41475E+11	5.05587E-5	-8.85020E+1	7.71699E-3	-2.95098E-1
2.41563E+11	6.66761E-5	1.48700E+2	-2.30080E-1	1.39891E-1
2.41650E+11	5.70155E-5	2.33888E+1	2.73932E-1	1.18477E-1
2.41737E+11	5.87512E-5	-1.11250E+2	-9.18857E-2	-2.36288E-1
2.41825E+11	5.49610E-5	1.16279E+2	-1.34448E-1	2.72282E-1
2.41912E+11	5.52586E-5	-2.07785E+1	2.34724E-1	-8.90627E-2
2.42000E+11	5.16410E-5	-1.43934E+2	-2.53310E-1	-1.84486E-1
2.42087E+11	5.99186E-5	7.96043E+1	4.74016E-2	2.58380E-1
2.42175E+11	4.86749E-5	-4.23043E+1	2.24407E-1	-2.04225E-1
2.42263E+11	5.28935E-5	1.72966E+2	-2.65735E-1	3.27878E-2
2.42350E+11	5.04191E-5	4.28754E+1	2.17446E-1	2.01890E-1
2.42438E+11	6.74877E-5	-1.03196E+2	-6.72277E-2	-2.86716E-1
2.42525E+11	6.10855E-5	1.28643E+2	-1.89172E-1	2.36609E-1
2.42613E+11	9.30737E-5	-8.87706E+0	3.07120E-1	-4.79677E-2
2.42700E+11	7.26200E-5	-1.41502E+2	-2.40659E-1	-1.91414E-1
2.42788E+11	9.32356E-5	8.66610E+1	1.76265E-2	3.02126E-1
2.42875E+11	8.02744E-5	-5.54262E+1	1.76673E-1	-2.56353E-1
2.42962E+11	6.66966E-5	1.74786E+2	-2.96291E-1	2.70354E-2
2.43050E+11	8.02485E-5	3.80096E+1	2.76265E-1	2.15916E-1
2.43137E+11	7.30403E-5	-7.91871E+1	5.89838E-2	-3.08825E-1
2.43225E+11	1.00060E-4	1.50104E+2	-3.01006E-1	1.73059E-1
2.43312E+11	7.78328E-5	2.93226E+1	2.53851E-1	1.42586E-1
2.43400E+11	1.04306E-4	-9.57728E+1	-3.33917E-2	-3.30295E-1
2.43488E+11	7.47242E-5	1.43853E+2	-2.17423E-1	1.58821E-1
2.43575E+11	9.19954E-5	2.55489E+1	2.56591E-1	1.22657E-1
2.43663E+11	6.41008E-5	-9.45039E+1	-1.91677E-2	-2.43340E-1
2.43750E+11	8.13991E-5	1.41222E+2	-1.90607E-1	1.53134E-1
2.43838E+11	5.61400E-5	1.41435E+1	2.31094E-1	5.82335E-2
2.43925E+11	6.40171E-5	-1.18870E+2	-1.11501E-1	-2.02236E-1
2.44012E+11	6.46092E-5	1.15172E+2	-1.02664E-1	2.18452E-1
2.44100E+11	6.57472E-5	-2.56318E+1	2.12228E-1	-1.01827E-1
2.44187E+11	5.78303E-5	-1.53623E+2	-2.16671E-1	-1.07450E-1
2.44275E+11	7.60216E-5	5.43141E+1	1.46152E-1	2.03498E-1
2.44362E+11	5.56624E-5	-7.59113E+1	5.75361E-2	-2.29252E-1
2.44450E+11	1.10568E-4	1.30880E+2	-1.71716E-1	1.98372E-1
2.44538E+11	7.57429E-5	2.83501E+0	2.36050E-1	1.16893E-2
2.44625E+11	1.37427E-4	-1.37525E+2	-1.99542E-1	-1.82689E-1
2.44713E+11	1.03843E-4	1.01034E+2	-4.65219E-2	2.38579E-1
2.44800E+11	1.97283E-4	-3.53285E+1	2.42249E-1	-1.71703E-1
2.44888E+11	1.31897E-4	-1.64730E+2	-2.53958E-1	-6.93318E-2
2.44975E+11	1.89789E-4	5.87871E+1	1.55400E-1	2.56465E-1
2.45063E+11	1.39462E-4	-7.41767E+1	7.54368E-2	-2.66175E-1
2.45150E+11	1.86666E-4	1.48987E+2	-2.51154E-1	1.50984E-1
2.45237E+11	1.69779E-4	1.72408E+1	2.76992E-1	8.59597E-2
2.45325E+11	1.72527E-4	-1.22605E+2	-1.53739E-1	-2.40348E-1
2.45412E+11	2.05829E-4	1.07028E+2	-8.87788E-2	2.89877E-1
2.45500E+11	1.84384E-4	-4.01253E+1	2.30007E-1	-1.93858E-1
2.45587E+11	2.01830E-4	-1.75380E+2	-3.06603E-1	-2.47782E-2
2.45675E+11	1.54419E-4	3.45099E+1	2.55525E-1	1.75682E-1
2.45763E+11	2.35115E-4	-9.22617E+1	-1.18508E-2	-3.00055E-1
2.45850E+11	2.18752E-4	1.18167E+2	-1.53263E-1	2.86225E-1
2.45938E+11	2.57617E-4	-9.94281E+0	2.85395E-1	-5.00292E-2
2.46025E+11	2.25668E-4	-1.52868E+2	-2.90628E-1	-1.48925E-1
2.46113E+11	2.64920E-4	8.52878E+1	2.40900E-2	2.92248E-1
2.46200E+11	2.14925E-4	-5.00407E+1	2.14353E-1	-2.55825E-1
2.46287E+11	2.86792E-4	1.76715E+2	-3.02731E-1	1.73741E-2
2.46375E+11	1.63172E-4	4.49127E+1	2.22873E-1	2.22196E-1
2.46462E+11	2.78564E-4	-8.67850E+1	1.72673E-2	-3.07402E-1
2.46550E+11	1.61556E-4	1.37699E+2	-2.23447E-1	2.03331E-1
2.46637E+11	3.27940E-4	5.90169E+0	3.12371E-1	3.22897E-2
2.46725E+11	1.62682E-4	-1.32493E+2	-1.92591E-1	-2.10225E-1
2.46813E+11	3.36893E-4	9.86259E+1	-4.79949E-2	3.16385E-1
2.46900E+11	1.63777E-4	-4.25978E+1	2.08903E-1	-1.92081E-1
2.46988E+11	3.61046E-4	-1.71259E+2	-3.14667E-1	-4.83792E-2
2.47075E+11	1.70217E-4	3.72448E+1	2.26610E-1	1.72286E-1
2.47163E+11	3.09343E-4	-8.89627E+1	5.46606E-3	-3.01896E-1
2.47250E+11	1.82061E-4	1.25963E+2	-1.71239E-1	2.36006E-1
2.47338E+11	2.84444E-4	6.41873E+0	2.88151E-1	3.24167E-2
2.47425E+11	1.84551E-4	-1.34954E+2	-2.06669E-1	-2.07001E-1
2.47512E+11	2.94102E-4	1.01730E+2	-6.05519E-2	2.91621E-1
2.47600E+11	1.74513E-4	-3.39652E+1	2.42826E-1	-1.63574E-1
2.47687E+11	2.82188E-4	-1.59971E+2	-2.91599E-1	-1.06299E-1
2.47775E+11	1.46793E-4	6.49277E+1	1.20251E-1	2.57032E-1
2.47862E+11	2.82976E-4	-6.32377E+1	1.42841E-1	-2.83239E-1
2.47950E+11	1.68752E-4	1.62164E+2	-2.62985E-1	8.46202E-2
2.48038E+11	3.32944E-4	3.11066E+1	2.87484E-1	1.73467E-1
2.48125E+11	1.64617E-4	-1.09756E+2	-9.06342E-2	-2.52357E-1
2.48213E+11	3.44674E-4	1.16342E+2	-1.59408E-1	3.21940E-1
2.48300E+11	1.55663E-4	-2.81560E+1	2.36064E-1	-1.26343E-1
2.48388E+11	3.06652E-4	-1.54434E+2	-3.20257E-1	-1.53206E-1
2.48475E+11	1.66107E-4	5.54821E+1	1.56058E-1	2.26914E-1
2.48562E+11	2.64867E-4	-7.54983E+1	8.56885E-2	-3.31292E-1
2.48650E+11	1.76525E-4	1.32496E+2	-1.91368E-1	2.08870E-1
2.48737E+11	2.19725E-4	3.53502E+0	3.35609E-1	2.07327E-2
2.48825E+11	1.71345E-4	-1.41517E+2	-2.25617E-1	-1.79356E-1
2.48912E+11	1.71274E-4	8.75253E+1	1.40222E-2	3.24450E-1
2.49000E+11	1.56811E-4	-5.08548E+1	1.77656E-1	-2.18253E-1
2.49087E+11	1.98460E-4	1.73077E+2	-3.38014E-1	4.10440E-2
2.49175E+11	1.58851E-4	3.61481E+1	2.22443E-1	1.62494E-1
2.49263E+11	2.07869E-4	-1.05890E+2	-9.30187E-2	-3.26759E-1
2.49350E+11	1.40371E-4	1.15393E+2	-1.11589E-1	2.35084E-1
2.49438E+11	2.12113E-4	-2.55208E+1	3.11961E-1	-1.48937E-1
2.49525E+11	1.23090E-4	-1.62250E+2	-2.36334E-1	-7.56495E-2
2.49613E+11	1.94450E-4	7.01341E+1	1.17710E-1	3.25777E-1
2.49700E+11	1.23455E-4	-6.49301E+1	1.11382E-1	-2.38100E-1
2.49787E+11	1.86527E-4	1.46431E+2	-2.97468E-1	1.97405E-1
2.49875E+11	1.27928E-4	-1.16598E+1	2.58583E-1	-5.33611E-2
2.49962E+11	1.78040E-4	-1.51549E+2	-2.78665E-1	-1.50994E-1
2.50050E+11	1.27940E-4	7.19770E+1	7.69774E-2	2.36588E-1
2.50137E+11	1.47911E-4	-5.40733E+1	1.67645E-1	-2.31366E-1
2.50225E+11	1.10481E-4	-1.78403E+2	-2.50771E-1	-6.99079E-3
2.50313E+11	1.09547E-4	5.21494E+1	1.80249E-1	2.31953E-1
2.50400E+11	9.42147E-5	-8.44444E+1	2.52992E-2	-2.60097E-1
2.50488E+11	1.12034E-4	1.37681E+2	-2.13105E-1	1.94039E-1
2.50575E+11	8.13596E-5	2.23530E+1	2.35396E-1	9.67974E-2
2.50663E+11	1.25678E-4	-1.21905E+2	-1.69948E-1	-2.72978E-1
2.50750E+11	7.89216E-5	9.44030E+1	-2.04188E-2	2.65186E-1
2.50837E+11	1.58600E-4	-6.85191E+1	1.20569E-1	-3.06381E-1
2.50925E+11	8.02249E-5	1.47968E+2	-2.24614E-1	1.40531E-1
2.51012E+11	1.43844E-4	4.89779E+0	3.32999E-1	2.85351E-2
2.51100E+11	7.09634E-5	-1.36946E+2	-1.94526E-1	-1.81743E-1
2.51187E+11	1.23188E-4	8.27952E+1	4.03071E-2	3.18851E-1
2.51275E+11	6.80802E-5	-4.88511E+1	1.74676E-1	-1.99890E-1
2.51362E+11	1.07736E-4	1.79090E+2	-2.95922E-1	4.70228E-3
2.51450E+11	6.46474E-5	4.66738E+1	1.82598E-1	1.93591E-1
2.51538E+11	1.04203E-4	-9.27321E+1	-1.37112E-2	-2.87327E-1
2.51625E+11	7.46125E-5	1.33829E+2	-1.93584E-1	2.01661E-1
2.51713E+11	1.09637E-4	-1.10153E+1	2.83632E-1	-5.52113E-2
2.51800E+11	7.26489E-5	-1.35756E+2	-2.00139E-1	-1.94927E-1
2.51888E+11	1.06187E-4	7.77223E+1	6.18604E-2	2.84249E-1
2.51975E+11	6.09400E-5	-4.25848E+1	1.94000E-1	-1.78297E-1
2.52062E+11	1.09272E-4	1.72326E+2	-2.95901E-1	3.98694E-2
2.52150E+11	5.77434E-5	5.53577E+1	1.45598E-1	2.10723E-1
2.52237E+11	1.08395E-4	-8.47193E+1	2.76010E-2	-2.98622E-1
2.52325E+11	7.18923E-5	1.54376E+2	-2.37136E-1	1.13738E-1
2.52412E+11	1.45558E-4	1.10197E+1	3.07101E-1	5.98036E-2
2.52500E+11	9.26338E-5	-1.18488E+2	-1.29639E-1	-2.38887E-1
2.52588E+11	1.62957E-4	9.33299E+1	-1.81236E-2	3.11491E-1
2.52675E+11	1.05295E-4	-3.98144E+1	2.14420E-1	-1.78740E-1
2.52763E+11	1.64111E-4	1.74095E+2	-3.06127E-1	3.16605E-2
2.52850E+11	1.10865E-4	4.58068E+1	2.01026E-1	2.06769E-1
2.52938E+11	1.41232E-4	-1.01953E+2	-6.11635E-2	-2.88923E-1
2.53025E+11	1.03097E-4	1.30385E+2	-1.87769E-1	2.20744E-1
2.53113E+11	1.47718E-4	-2.17037E+1	2.82648E-1	-1.12500E-1
2.53200E+11	1.00513E-4	-1.43615E+2	-2.29859E-1	-1.69375E-1
2.53287E+11	1.54689E-4	6.18452E+1	1.46460E-1	2.73665E-1
2.53375E+11	9.89805E-5	-5.60690E+1	1.57107E-1	-2.33527E-1
2.53462E+11	1.55539E-4	1.53573E+2	-2.88636E-1	1.43452E-1
2.53550E+11	1.07196E-4	3.85304E+1	2.16216E-1	1.72173E-1
2.53637E+11	1.90318E-4	-1.12774E+2	-1.28391E-1	-3.05824E-1
2.53725E+11	1.11106E-4	1.27528E+2	-1.61313E-1	2.10018E-1
2.53813E+11	1.95102E-4	-1.64540E+1	3.08152E-1	-9.10098E-2
2.53900E+11	1.17520E-4	-1.36533E+2	-1.92595E-1	-1.82555E-1
2.53988E+11	1.87642E-4	9.09448E+1	-5.20078E-3	3.15357E-1
2.54075E+11	1.33663E-4	-2.56545E+1	2.48470E-1	-1.19337E-1
2.54163E+11	1.73840E-4	-1.62525E+2	-2.91024E-1	-9.16195E-2
2.54250E+11	1.52633E-4	7.83203E+1	5.79023E-2	2.80099E-1
2.54337E+11	1.72851E-4	-6.27889E+1	1.35057E-1	-2.62666E-1
2.54425E+11	1.62269E-4	1.73458E+2	-2.87577E-1	3.29808E-2
2.54512E+11	1.50223E-4	2.29787E+1	2.68850E-1	1.14002E-1
2.54600E+11	1.43730E-4	-9.77277E+1	-3.78401E-2	-2.78855E-1
2.54687E+11	1.37749E-4	1.11728E+2	-1.06845E-1	2.68111E-1
2.54775E+11	1.45619E-4	-7.32952E+0	2.66673E-1	-3.43013E-2
2.54863E+11	1.70934E-4	-1.60342E+2	-2.79077E-1	-9.96948E-2
2.54950E+11	1.57224E-4	7.54363E+1	6.71328E-2	2.58399E-1
2.55038E+11	1.92438E-4	-7.41095E+1	8.32742E-2	-2.92520E-1
2.55125E+11	1.64872E-4	1.59363E+2	-2.53570E-1	9.54953E-2
2.55213E+11	1.77394E-4	2.25615E+1	2.84583E-1	1.18236E-1
2.55300E+11	1.75296E-4	-1.06459E+2	-8.06578E-2	-2.73021E-1
2.55388E+11	1.59354E-4	1.19109E+2	-1.43468E-1	2.57664E-1
2.55475E+11	2.00180E-4	-1.86902E+1	2.76087E-1	-9.33976E-2
2.55562E+11	1.65340E-4	-1.53505E+2	-2.56758E-1	-1.27988E-1
2.55650E+11	2.03302E-4	6.77928E+1	1.08923E-1	2.66812E-1
2.55737E+11	1.85241E-4	-6.01997E+1	1.47053E-1	-2.56767E-1
2.55825E+11	2.19706E-4	1.65987E+2	-2.84816E-1	7.10800E-2
2.55912E+11	2.05090E-4	3.61273E+1	2.51077E-1	1.83271E-1
2.56000E+11	1.90504E-4	-9.48349E+1	-2.34348E-2	-2.77052E-1
2.56088E+11	2.13834E-4	1.28213E+2	-2.01489E-1	2.55928E-1
2.56175E+11	1.86511E-4	-3.09332E+0	2.82652E-1	-1.52748E-2
2.56263E+11	2.32234E-4	-1.48859E+2	-2.99886E-1	-1.81193E-1
2.56350E+11	1.19769E-4	-4.88178E+1	1.90606E-1	-2.17864E-1
2.56438E+11	1.86006E-4	1.69662E+2	-3.54661E-1	6.46973E-2
2.56525E+11	1.36041E-4	4.14214E+1	2.24144E-1	1.97759E-1
2.56612E+11	2.03139E-4	-1.01834E+2	-7.57235E-2	-3.61410E-1
2.56700E+11	1.54651E-4	1.22314E+2	-1.67365E-1	2.64602E-1
2.56787E+11	1.98516E-4	-2.03388E+1	3.31689E-1	-1.22951E-1
2.56875E+11	1.81639E-4	-1.56316E+2	-3.01293E-1	-1.32156E-1
2.56962E+11	1.77968E-4	6.20632E+1	1.57147E-1	2.96339E-1
2.57050E+11	1.91489E-4	-7.22299E+1	1.03569E-1	-3.23159E-1
2.57137E+11	1.77331E-4	1.43881E+2	-2.55651E-1	1.86553E-1
2.57225E+11	2.13619E-4	1.13328E+1	3.42313E-1	6.86045E-2
2.57313E+11	2.00723E-4	-1.38274E+2	-2.37227E-1	-2.11556E-1
2.57400E+11	2.01865E-4	9.27128E+1	-1.61231E-2	3.40279E-1
2.57488E+11	2.19530E-4	-6.03083E+1	1.58359E-1	-2.77726E-1
2.57575E+11	2.05655E-4	1.74936E+2	-3.22438E-1	2.85702E-2
2.57663E+11	2.55523E-4	2.53580E+1	2.97093E-1	1.40804E-1
2.57750E+11	1.97027E-4	-1.02004E+2	-6.57776E-2	-3.09363E-1
2.57837E+11	2.37729E-4	1.11483E+2	-1.18671E-1	3.01523E-1
2.57925E+11	1.87338E-4	-1.75430E+1	2.95348E-1	-9.33668E-2
2.58012E+11	2.38977E-4	-1.59937E+2	-3.01277E-1	-1.10029E-1
2.58100E+11	1.83820E-4	6.41919E+1	1.33842E-1	2.76766E-1
2.58187E+11	1.93469E-4	-7.58275E+1	7.17445E-2	-2.84105E-1
2.58275E+11	1.69517E-4	1.51419E+2	-2.67089E-1	1.45506E-1
2.58363E+11	1.67204E-4	1.48845E+1	2.70684E-1	7.19448E-2
2.58450E+11	1.60049E-4	-1.15994E+2	-1.33473E-1	-2.73737E-1
2.58538E+11	1.39575E-4	1.02504E+2	-5.83870E-2	2.63284E-1
2.58625E+11	1.44147E-4	-2.67841E+1	2.72747E-1	-1.37680E-1
2.58713E+11	1.40162E-4	-1.68682E+2	-2.68596E-1	-5.37588E-2
2.58800E+11	1.32661E-4	6.64160E+1	1.21497E-1	2.78306E-1
2.58887E+11	1.26419E-4	-7.45055E+1	7.47594E-2	-2.69675E-1
2.58975E+11	1.14950E-4	1.64393E+2	-2.78149E-1	7.76983E-2
2.59062E+11	1.23056E-4	2.46736E+1	2.53974E-1	1.16673E-1
2.59150E+11	1.03498E-4	-9.66267E+1	-3.19988E-2	-2.75433E-1
2.59237E+11	1.07191E-4	1.24503E+2	-1.57145E-1	2.28622E-1
2.59325E+11	9.88466E-5	-2.56141E+0	2.66961E-1	-1.19425E-2
2.59412E+11	1.14281E-4	-1.38097E+2	-2.05472E-1	-1.84381E-1
2.59500E+11	1.21154E-4	8.95252E+1	2.40840E-3	2.90617E-1
2.59588E+11	1.16767E-4	-4.53324E+1	1.94728E-1	-1.97001E-1
2.59675E+11	1.30552E-4	1.79522E+2	-2.90726E-1	2.42447E-3
2.59763E+11	1.18949E-4	4.42539E+1	1.96659E-1	1.91603E-1
2.59850E+11	1.44905E-4	-8.83356E+1	8.98160E-3	-3.09095E-1
2.59938E+11	1.24318E-4	1.38545E+2	-2.14824E-1	1.89758E-1
2.60025E+11	1.57764E-4	8.36537E+0	3.17092E-1	4.66283E-2
2.60112E+11	1.33588E-4	-1.27270E+2	-1.74916E-1	-2.29858E-1
2.60200E+11	1.57767E-4	9.73855E+1	-4.00319E-2	3.08839E-1
2.60287E+11	1.29407E-4	-4.37491E+1	2.03070E-1	-1.94391E-1
2.60375E+11	1.37663E-4	-1.77922E+2	-2.81085E-1	-1.01990E-2
2.60462E+11	1.20432E-4	4.76684E+1	1.85638E-1	2.03787E-1
2.60550E+11	1.32802E-4	-8.06013E+1	4.35106E-2	-2.62863E-1
2.60638E+11	1.26336E-4	1.54934E+2	-2.55953E-1	1.19714E-1
2.60725E+11	1.26864E-4	2.16422E+1	2.33487E-1	9.26434E-2
2.60813E+11	1.05726E-4	-1.02391E+2	-5.54350E-2	-2.52316E-1
2.60900E+11	1.08412E-4	1.13832E+2	-9.89243E-2	2.23948E-1
2.60988E+11	8.77576E-5	-9.09910E+0	2.52183E-1	-4.03891E-2
2.61075E+11	9.42278E-5	-1.52322E+2	-2.11001E-1	-1.10675E-1
2.61163E+11	7.68102E-5	8.75345E+1	1.05545E-2	2.45123E-1
2.61250E+11	9.78974E-5	-5.29435E+1	1.39231E-1	-1.84387E-1
2.61337E+11	8.20317E-5	-1.74990E+2	-2.37896E-1	-2.08548E-2
2.61425E+11	9.78168E-5	4.55268E+1	1.58387E-1	1.61327E-1
2.61512E+11	8.69238E-5	-8.16255E+1	3.58681E-2	-2.43650E-1
2.61600E+11	8.99524E-5	1.39478E+2	-1.65262E-1	1.41259E-1
2.61687E+11	8.67071E-5	1.55058E+1	2.34935E-1	6.51789E-2
2.61775E+11	8.25521E-5	-1.18852E+2	-9.39957E-2	-1.70608E-1
2.61863E+11	8.53036E-5	1.16733E+2	-1.08776E-1	2.15965E-1
2.61950E+11	8.02327E-5	-2.26694E+1	1.76709E-1	-7.38083E-2
2.62038E+11	8.90288E-5	-1.45180E+2	-2.02768E-1	-1.41035E-1
2.62125E+11	6.82778E-5	7.81995E+1	3.81285E-2	1.82503E-1
2.62213E+11	8.20163E-5	-3.59128E+1	1.91598E-1	-1.38759E-1
2.62300E+11	7.43705E-5	-1.74916E+2	-1.87428E-1	-1.66750E-2
2.62387E+11	7.47232E-5	6.64555E+1	8.99547E-2	2.06443E-1
2.62475E+11	7.26455E-5	-7.82186E+1	3.74892E-2	-1.79742E-1
2.62562E+11	6.99516E-5	1.55610E+2	-1.97173E-1	8.94010E-2
2.62650E+11	8.06262E-5	1.06283E+1	1.85816E-1	3.48695E-2
2.62737E+11	7.41487E-5	-1.22891E+2	-1.19255E-1	-1.84403E-1
2.62825E+11	7.28442E-5	9.43022E+1	-1.42945E-2	1.90013E-1
2.62913E+11	8.31352E-5	-3.74575E+1	1.79995E-1	-1.37903E-1
2.63000E+11	7.45845E-5	-1.73856E+2	-1.94873E-1	-2.09756E-2
2.63088E+11	9.43992E-5	5.17911E+1	1.51007E-1	1.91834E-1
2.63175E+11	6.45876E-5	-8.17415E+1	2.68405E-2	-1.84924E-1
2.63263E+11	8.85490E-5	1.47795E+2	-2.01841E-1	1.27132E-1
2.63350E+11	5.96251E-5	1.49736E+1	1.84519E-1	4.93504E-2
2.63438E+11	9.88886E-5	-1.16421E+2	-1.13139E-1	-2.27703E-1
2.63525E+11	5.93638E-5	1.09435E+2	-6.32906E-2	1.79378E-1
2.63612E+11	9.64662E-5	-1.89622E+1	2.35831E-1	-8.10291E-2
2.63700E+11	6.25935E-5	-1.51551E+2	-1.75787E-1	-9.52414E-2
2.63787E+11	9.32291E-5	8.37536E+1	2.63577E-2	2.40811E-1
2.63875E+11	6.02226E-5	-4.74348E+1	1.34728E-1	-1.46695E-1
2.63962E+11	8.76474E-5	1.79848E+2	-2.38125E-1	6.30128E-4
2.64050E+11	6.61753E-5	4.27374E+1	1.54893E-1	1.43118E-1
2.64138E+11	9.53210E-5	-9.65595E+1	-2.78163E-2	-2.41908E-1
2.64225E+11	6.44379E-5	1.34837E+2	-1.51580E-1	1.52444E-1
2.64313E+11	1.08331E-4	-8.04350E+0	2.53322E-1	-3.57983E-2
2.64400E+11	6.84174E-5	-1.33341E+2	-1.54277E-1	-1.63483E-1
2.64488E+11	1.31797E-4	8.04984E+1	4.46823E-2	2.66965E-1
2.64575E+11	7.71138E-5	-4.61088E+1	1.57620E-1	-1.63842E-1
2.64662E+11	1.47201E-4	1.66791E+2	-2.79761E-1	6.56636E-2
2.64750E+11	7.53061E-5	4.57600E+1	1.60419E-1	1.64732E-1
2.64837E+11	1.55481E-4	-9.58989E+1	-3.00362E-2	-2.90711E-1
2.64925E+11	7.74378E-5	1.41157E+2	-1.79348E-1	1.44422E-1
2.65012E+11	1.46989E-4	-3.91509E+0	2.82020E-1	-1.93008E-2
2.65100E+11	7.76481E-5	-1.31827E+2	-1.55081E-1	-1.73282E-1
2.65187E+11	1.25027E-4	8.33005E+1	3.19288E-2	2.71815E-1
2.65275E+11	8.38641E-5	-3.84699E+1	1.85437E-1	-1.47344E-1
2.65363E+11	1.24124E-4	1.79532E+2	-2.75266E-1	2.25071E-3
2.65450E+11	9.27601E-5	6.36859E+1	1.11003E-1	2.24459E-1
2.65538E+11	1.34764E-4	-8.36164E+1	3.14085E-2	-2.80738E-1
2.65625E+11	9.48755E-5	1.60153E+2	-2.35095E-1	8.48579E-2
2.65713E+11	1.41784E-4	7.57090E+0	2.85924E-1	3.80027E-2
2.65800E+11	9.41807E-5	-1.02738E+2	-5.49631E-2	-2.43130E-1
2.65887E+11	1.40007E-4	1.05953E+2	-7.94522E-2	2.77942E-1
2.65975E+11	9.43435E-5	-5.88451E+0	2.36529E-1	-2.43782E-2
2.66062E+11	1.70635E-4	-1.59616E+2	-2.83675E-1	-1.05410E-1
2.66150E+11	1.07074E-4	8.48817E+1	2.17477E-2	2.42803E-1
2.66237E+11	1.79538E-4	-6.10239E+1	1.50431E-1	-2.71651E-1
2.66325E+11	1.14826E-4	-1.73474E+2	-2.44453E-1	-2.79633E-2
2.66413E+11	1.81389E-4	5.01803E+1	1.96056E-1	2.35149E-1
2.66500E+11	1.46522E-4	-6.45872E+1	1.11988E-1	-2.35710E-1
2.66588E+11	1.77114E-4	1.51751E+2	-2.68181E-1	1.44094E-1
2.66675E+11	1.55116E-4	2.72101E+1	2.41857E-1	1.24351E-1
2.66763E+11	1.76166E-4	-1.19601E+2	-1.52118E-1	-2.67762E-1
2.66850E+11	1.82995E-4	1.21251E+2	-1.48944E-1	2.45439E-1
2.66937E+11	1.56208E-4	-1.73251E+1	2.90489E-1	-9.06168E-2
2.67025E+11	1.97347E-4	-1.32595E+2	-1.97172E-1	-2.14462E-1
2.67112E+11	1.69581E-4	7.54675E+1	7.77737E-2	3.00027E-1
2.67200E+11	1.82871E-4	-4.91080E+1	1.83029E-1	-2.11354E-1
2.67287E+11	1.59493E-4	1.53422E+2	-2.73723E-1	1.36938E-1
2.67375E+11	1.79238E-4	2.84577E+1	2.34149E-1	1.26909E-1
2.67462E+11	1.46996E-4	-1.23255E+2	-1.67675E-1	-2.55699E-1
2.67550E+11	1.72262E-4	1.15652E+2	-1.14618E-1	2.38669E-1
2.67638E+11	1.52381E-4	-2.38006E+1	2.87051E-1	-1.26608E-1
2.67725E+11	1.98118E-4	-1.53863E+2	-2.50663E-1	-1.22997E-1
2.67813E+11	1.61106E-4	5.91341E+1	1.66901E-1	2.79248E-1
2.67900E+11	2.27622E-4	-7.69338E+1	6.72107E-2	-2.89594E-1
2.67988E+11	1.49077E-4	1.43364E+2	-2.53503E-1	1.88517E-1
2.68075E+11	2.35433E-4	1.25385E+1	2.95987E-1	6.58275E-2
2.68162E+11	1.44466E-4	-1.26865E+2	-1.85461E-1	-2.47325E-1
2.68250E+11	2.49968E-4	9.86709E+1	-4.61071E-2	3.02338E-1
2.68337E+11	1.35158E-4	-4.04866E+1	2.21272E-1	-1.88895E-1
2.68425E+11	2.38570E-4	-1.67856E+2	-2.94376E-1	-6.33475E-2
2.68512E+11	1.40487E-4	4.33006E+1	2.08490E-1	1.96475E-1
2.68600E+11	2.12311E-4	-8.61135E+1	1.89378E-2	-2.78758E-1
2.68688E+11	1.34618E-4	1.27304E+2	-1.68817E-1	2.21574E-1
2.68775E+11	1.78912E-4	-2.74315E-1	2.63807E-1	-1.26304E-3
2.68863E+11	1.34316E-4	-1.42915E+2	-2.19996E-1	-1.66292E-1
2.68950E+11	1.70306E-4	9.04170E+1	-1.85714E-3	2.55195E-1
2.69038E+11	1.36651E-4	-4.82579E+1	1.82913E-1	-2.04994E-1
2.69125E+11	1.79424E-4	1.76840E+2	-2.54008E-1	1.40237E-2
2.69212E+11	1.46733E-4	3.81651E+1	2.13874E-1	1.68091E-1
2.69300E+11	1.87985E-4	-9.51703E+1	-2.24696E-2	-2.48324E-1
2.69387E+11	1.48563E-4	1.32370E+2	-1.73061E-1	1.89725E-1
2.69475E+11	2.10411E-4	-5.82306E+0	2.64016E-1	-2.69252E-2
2.69562E+11	1.62414E-4	-1.43878E+2	-2.13745E-1	-1.55991E-1
2.69650E+11	2.08397E-4	8.17449E+1	3.85250E-2	2.65536E-1
2.69737E+11	1.56371E-4	-5.46744E+1	1.48358E-1	-2.09335E-1
2.69825E+11	1.75159E-4	1.73717E+2	-2.54768E-1	2.80522E-2
2.69913E+11	1.59699E-4	2.97009E+1	2.24018E-1	1.27783E-1
2.70000E+11	1.45793E-4	-1.00488E+2	-4.35970E-2	-2.35502E-1
2.70088E+11	1.67846E-4	1.16471E+2	-1.18196E-1	2.37365E-1
2.70175E+11	1.37299E-4	-1.57168E+1	2.27701E-1	-6.40761E-2
2.70263E+11	1.76837E-4	-1.56808E+2	-2.49990E-1	-1.07106E-1
2.70350E+11	1.26940E-4	6.35314E+1	1.07498E-1	2.15903E-1
2.70437E+11	1.94773E-4	-7.91553E+1	5.36858E-2	-2.80242E-1
2.70525E+11	1.26746E-4	1.36552E+2	-1.76825E-1	1.67497E-1
2.70612E+11	1.90874E-4	3.67563E-1	2.82565E-1	1.81273E-3
2.70700E+11	1.25835E-4	-1.42254E+2	-1.98342E-1	-1.53550E-1
2.70787E+11	1.84233E-4	8.16475E+1	4.00120E-2	2.72524E-1
2.70875E+11	1.20802E-4	-6.79206E+1	9.65403E-2	-2.37996E-1
2.70963E+11	1.79541E-4	1.46103E+2	-2.29805E-1	1.54402E-1
2.71050E+11	1.15728E-4	-8.11788E+0	2.49438E-1	-3.55797E-2
2.71138E+11	1.62862E-4	-1.49516E+2	-2.27969E-1	-1.34197E-1
2.71225E+11	1.09567E-4	7.25086E+1	7.47267E-2	2.37127E-1
2.71313E+11	1.75349E-4	-5.73731E+1	1.48978E-1	-2.32709E-1
2.71400E+11	1.12902E-4	1.68080E+2	-2.45786E-1	5.18850E-2
2.71488E+11	1.92187E-4	3.42849E+1	2.38268E-1	1.62444E-1
2.71575E+11	1.07168E-4	-1.06108E+2	-7.02431E-2	-2.43242E-1
2.71662E+11	1.80900E-4	1.15435E+2	-1.25527E-1	2.63942E-1
2.71750E+11	1.03936E-4	-2.77749E+1	2.22164E-1	-1.17009E-1
2.71837E+11	1.99840E-4	-1.54920E+2	-2.70616E-1	-1.26652E-1
2.71925E+11	1.11737E-4	6.41791E+1	1.15708E-1	2.39131E-1
2.72012E+11	1.78062E-4	-6.13133E+1	1.42149E-1	-2.59784E-1
2.72100E+11	1.18485E-4	1.51800E+2	-2.32429E-1	1.24628E-1
2.72188E+11	1.68090E-4	1.70548E+1	2.77831E-1	8.52320E-2
2.72275E+11	1.21495E-4	-1.29777E+2	-1.75313E-1	-2.10586E-1
2.72363E+11	1.48577E-4	1.06826E+2	-8.26460E-2	2.73285E-1
2.72450E+11	1.19515E-4	-2.80726E+1	2.40905E-1	-1.28483E-1
2.72538E+11	1.45019E-4	-1.52871E+2	-2.54076E-1	-1.30179E-1
2.72625E+11	1.22009E-4	6.85824E+1	9.87666E-2	2.51795E-1
2.72712E+11	1.35467E-4	-6.40203E+1	1.23786E-1	-2.54027E-1
2.72800E+11	1.07352E-4	1.58255E+2	-2.35881E-1	9.40837E-2
2.72887E+11	1.34029E-4	3.49399E+1	2.40446E-1	1.67986E-1
2.72975E+11	1.16844E-4	-9.65437E+1	-3.00050E-2	-2.61577E-1
2.73062E+11	1.31314E-4	1.48377E+2	-2.49949E-1	1.53907E-1
2.73150E+11	1.23717E-4	1.56257E+1	2.47412E-1	6.91981E-2
2.73238E+11	1.28367E-4	-1.05074E+2	-7.47511E-2	-2.77533E-1
2.73325E+11	1.14715E-4	1.07454E+2	-7.46671E-2	2.37481E-1
2.73413E+11	1.07729E-4	-1.34205E+1	2.62895E-1	-6.27297E-2
2.73500E+11	1.22561E-4	-1.57373E+2	-2.31134E-1	-9.63381E-2
2.73588E+11	1.12927E-4	8.67521E+1	1.54738E-2	2.72676E-1
2.73675E+11	1.50752E-4	-5.68808E+1	1.44857E-1	-2.22047E-1
2.73763E+11	1.20376E-4	-1.74956E+2	-2.81079E-1	-2.48108E-2
2.73850E+11	1.88383E-4	3.37007E+1	2.37848E-1	1.58629E-1
2.73937E+11	1.29291E-4	-8.94675E+1	2.72445E-3	-2.93156E-1
2.74025E+11	1.90158E-4	1.26044E+2	-1.68065E-1	2.30952E-1
2.74112E+11	1.19938E-4	7.27688E+0	2.85181E-1	3.64155E-2
2.74200E+11	1.81524E-4	-1.34639E+2	-1.91366E-1	-1.93792E-1
2.74287E+11	1.16787E-4	1.10973E+2	-1.03629E-1	2.70351E-1
2.74375E+11	1.68208E-4	-2.80112E+1	2.40307E-1	-1.27834E-1
2.74463E+11	1.22512E-4	-1.39577E+2	-2.28077E-1	-1.94264E-1
2.74550E+11	1.81017E-4	7.78013E+1	5.68666E-2	2.63047E-1
2.74638E+11	1.12547E-4	-3.22654E+1	2.44892E-1	-1.54608E-1
2.74725E+11	1.80244E-4	1.73627E+2	-2.70332E-1	3.01937E-2
2.74813E+11	1.05198E-4	6.01182E+1	1.36756E-1	2.38001E-1
2.74900E+11	1.73611E-4	-9.38792E+1	-1.79532E-2	-2.64766E-1
2.74988E+11	9.64463E-5	1.53058E+2	-2.35669E-1	1.19777E-1
2.75075E+11	1.88396E-4	-7.08794E+0	2.72274E-1	-3.38553E-2
2.75162E+11	1.00391E-4	-1.29415E+2	-1.66653E-1	-2.02782E-1
2.75250E+11	1.81302E-4	6.99393E+1	9.44233E-2	2.58574E-1
2.75338E+11	1.06743E-4	-5.12375E+1	1.69175E-1	-2.10693E-1
2.75425E+11	1.84213E-4	1.58749E+2	-2.58689E-1	1.00602E-1
2.75512E+11	1.03552E-4	4.37043E+1	1.94901E-1	1.86280E-1
2.75600E+11	1.49982E-4	-1.04658E+2	-6.66260E-2	-2.54720E-1
2.75688E+11	1.09657E-4	1.33185E+2	-1.87677E-1	1.99958E-1
2.75775E+11	1.54289E-4	-2.65432E+1	2.34375E-1	-1.17076E-1
2.75862E+11	1.26430E-4	-1.49263E+2	-2.46959E-1	-1.46850E-1
2.75950E+11	1.50020E-4	6.11238E+1	1.27679E-1	2.31516E-1
2.76038E+11	1.26121E-4	-3.69531E+1	2.26037E-1	-1.70041E-1
2.76125E+11	1.65342E-4	1.76096E+2	-2.72112E-1	1.85700E-2
2.76213E+11	1.39056E-4	7.01748E+1	9.82112E-2	2.72416E-1
2.76300E+11	1.83000E-4	-8.95249E+1	2.44656E-3	-2.95037E-1
2.76387E+11	1.46441E-4	1.52084E+2	-2.52306E-1	1.33680E-1
2.76475E+11	1.84777E-4	-2.54154E+0	2.94940E-1	-1.30916E-2
2.76563E+11	1.48065E-4	-1.12404E+2	-1.08106E-1	-2.62227E-1
2.76650E+11	1.92104E-4	9.79675E+1	-4.20436E-2	3.00391E-1
2.76737E+11	1.69090E-4	-1.89442E+1	2.82693E-1	-9.70308E-2
2.76825E+11	1.85582E-4	-1.75436E+2	-3.10150E-1	-2.47577E-2
2.76913E+11	1.94074E-4	5.48018E+1	1.83096E-1	2.59572E-1
2.77000E+11	1.73504E-4	-1.04749E+2	-7.93737E-2	-3.01501E-1
2.77087E+11	1.91574E-4	1.35428E+2	-2.30306E-1	2.26888E-1
2.77175E+11	1.54966E-4	-8.06920E+0	3.02332E-1	-4.28624E-2
2.77262E+11	1.98566E-4	-1.17451E+2	-1.56006E-1	-3.00318E-1
2.77350E+11	1.41518E-4	8.93633E+1	3.41116E-3	3.06958E-1
2.77438E+11	1.68200E-4	-2.41172E+1	2.87543E-1	-1.28728E-1
2.77525E+11	1.47604E-4	1.76515E+2	-3.26760E-1	1.98993E-2
2.77612E+11	1.78171E-4	6.46129E+1	1.41941E-1	2.99100E-1
2.77700E+11	1.57950E-4	-8.82196E+1	1.10144E-2	-3.54347E-1
2.77788E+11	1.89477E-4	1.60475E+2	-3.27170E-1	1.16019E-1
2.77875E+11	1.55353E-4	6.02166E+0	3.73068E-1	3.93536E-2
2.77962E+11	2.12540E-4	-1.16825E+2	-1.84529E-1	-3.64908E-1
2.78050E+11	1.79523E-4	8.39450E+1	5.07637E-2	4.78566E-1
2.78138E+11	2.20242E-4	-3.60844E+1	3.88139E-1	-2.82874E-1
2.78225E+11	1.68103E-4	1.77331E+2	-5.07881E-1	2.36801E-2
2.78312E+11	2.20911E-4	6.36340E+1	2.27347E-1	4.58669E-1
2.78400E+11	1.63920E-4	-8.31299E+1	6.08152E-2	-5.04760E-1
2.78487E+11	2.27006E-4	1.56757E+2	-4.65247E-1	1.99816E-1
2.78575E+11	1.69818E-4	3.18042E+0	5.02113E-1	2.79004E-2
2.78663E+11	2.54063E-4	-1.13687E+2	-2.16766E-1	-4.94110E-1
2.78750E+11	1.80837E-4	9.48685E+1	-4.45301E-2	5.22802E-1
2.78837E+11	2.13874E-4	-1.55452E+1	4.81409E-1	-1.33915E-1
2.78925E+11	1.73498E-4	-1.64138E+2	-4.98224E-1	-1.41568E-1
2.79013E+11	2.06234E-4	8.83576E+1	1.43070E-2	4.98959E-1
2.79100E+11	1.84376E-4	-5.72437E+1	2.87072E-1	-4.46195E-1
2.79187E+11	2.13625E-4	-1.66009E+2	-4.92133E-1	-1.22625E-1
2.79275E+11	1.94152E-4	4.83378E+1	3.44337E-1	3.86990E-1
2.79363E+11	1.88600E-4	-6.17299E+1	2.17640E-1	-4.04707E-1
2.79450E+11	2.13009E-4	1.50329E+2	-4.22332E-1	2.40606E-1
2.79537E+11	1.79855E-4	3.33130E+1	3.43994E-1	2.26074E-1
2.79625E+11	1.86943E-4	-1.11527E+2	-1.53550E-1	-3.89277E-1
2.79712E+11	1.58418E-4	1.30199E+2	-2.42639E-1	2.87133E-1
2.79800E+11	1.77721E-4	-1.48862E+1	3.60592E-1	-9.58527E-2
2.79888E+11	1.59812E-4	-1.33443E+2	-2.46399E-1	-2.60170E-1
2.79975E+11	1.79522E-4	7.41619E+1	9.98015E-2	3.51799E-1
2.80062E+11	1.77869E-4	-4.50421E+1	2.56955E-1	-2.57334E-1
2.80150E+11	2.13203E-4	1.63587E+2	-3.49010E-1	1.02802E-1
2.80238E+11	1.67757E-4	5.18765E+1	2.13324E-1	2.71833E-1
2.80325E+11	2.23760E-4	-9.71754E+1	-4.34897E-2	-3.45451E-1
2.80412E+11	1.46401E-4	1.49238E+2	-2.72597E-1	1.62257E-1
2.80500E+11	2.17947E-4	-3.90767E+0	3.34041E-1	-2.28175E-2
2.80588E+11	1.47062E-4	-1.17087E+2	-1.43363E-1	-2.80315E-1
2.80675E+11	2.41242E-4	8.86032E+1	8.58562E-3	3.52107E-1
2.80763E+11	1.39089E-4	-2.70691E+1	2.70073E-1	-1.38020E-1
2.80850E+11	2.64711E-4	-1.76124E+2	-3.54542E-1	-2.40223E-2
2.80937E+11	1.58266E-4	6.29916E+1	1.44002E-1	2.82518E-1
2.81025E+11	2.81883E-4	-9.06916E+1	-4.08538E-3	-3.38437E-1
2.81113E+11	1.57795E-4	1.40036E+2	-2.45100E-1	2.05398E-1
2.81200E+11	2.71362E-4	-1.48632E+1	3.18215E-1	-8.44516E-2
2.81287E+11	1.65020E-4	-1.34589E+2	-2.23122E-1	-2.26350E-1
2.81375E+11	2.83038E-4	7.80432E+1	6.61793E-2	3.12507E-1
2.81463E+11	1.53467E-4	-3.80258E+1	2.47209E-1	-1.93320E-1
2.81550E+11	2.71932E-4	1.68767E+2	-3.15064E-1	6.25703E-2
2.81637E+11	1.45717E-4	4.99941E+1	2.04123E-1	2.43213E-1
2.81725E+11	2.37976E-4	-1.07660E+2	-9.82877E-2	-3.08727E-1
2.81813E+11	1.26009E-4	1.39210E+2	-2.26126E-1	1.95117E-1
2.81900E+11	2.61579E-4	-1.35435E+1	3.15499E-1	-7.59978E-2
2.81988E+11	1.23270E-4	-1.24901E+2	-1.68337E-1	-2.41295E-1
2.82075E+11	2.80987E-4	8.12355E+1	5.16110E-2	3.34757E-1
2.82162E+11	1.16709E-4	-4.09289E+1	2.24483E-1	-1.94652E-1
2.82250E+11	2.79184E-4	1.66529E+2	-3.31181E-1	7.93305E-2
2.82338E+11	1.29022E-4	4.94381E+1	1.97067E-1	2.30232E-1
2.82425E+11	2.27157E-4	-9.38317E+1	-2.14598E-2	-3.20411E-1
2.82512E+11	1.31599E-4	1.42676E+2	-2.47967E-1	1.89066E-1
2.82600E+11	2.15679E-4	-1.21484E+1	3.10922E-1	-6.69308E-2
2.82688E+11	1.34874E-4	-1.39889E+2	-2.42589E-1	-2.04360E-1
2.82775E+11	2.03616E-4	6.47172E+1	1.32287E-1	2.80072E-1
2.82862E+11	1.43977E-4	-5.43069E+1	1.85957E-1	-2.58852E-1
2.82950E+11	1.66901E-4	1.56524E+2	-2.70553E-1	1.17505E-1
2.83037E+11	1.35667E-4	4.60690E+1	2.16604E-1	2.24841E-1
2.83125E+11	1.59224E-4	-1.10069E+2	-1.03016E-1	-2.81985E-1
2.83213E+11	1.27670E-4	1.31231E+2	-2.06351E-1	2.35457E-1
2.83300E+11	1.75068E-4	-3.40367E+1	2.63734E-1	-1.78137E-1
2.83387E+11	1.25255E-4	-1.46334E+2	-2.47476E-1	-1.64832E-1
2.83475E+11	1.61920E-4	6.12164E+1	1.50253E-1	2.73494E-1
2.83563E+11	1.32711E-4	-5.10888E+1	1.91950E-1	-2.37791E-1
2.83650E+11	1.41543E-4	1.61654E+2	-2.93263E-1	9.72513E-2
2.83737E+11	1.40119E-4	4.99319E+1	1.96835E-1	2.34014E-1
2.83825E+11	1.33634E-4	-9.96445E+1	-4.96698E-2	-2.92283E-1
2.83913E+11	1.61903E-4	1.47850E+2	-2.69375E-1	1.69309E-1
2.84000E+11	1.30019E-4	-8.19407E+0	3.06261E-1	-4.41005E-2
2.84087E+11	1.61634E-4	-1.24072E+2	-1.87026E-1	-2.76531E-1
2.84175E+11	1.36082E-4	7.03350E+1	1.06662E-1	2.98471E-1
2.84262E+11	1.54174E-4	-4.28862E+1	2.48897E-1	-2.31178E-1
2.84350E+11	1.12560E-4	1.55160E+2	-2.71765E-1	1.25806E-1
2.84438E+11	1.26547E-4	4.95691E+1	1.95621E-1	2.29603E-1
2.84525E+11	1.26119E-4	-1.15857E+2	-1.32550E-1	-2.73503E-1
2.84612E+11	1.45624E-4	1.36716E+2	-2.15082E-1	2.02569E-1
2.84700E+11	1.32329E-4	-3.12957E+1	2.65682E-1	-1.61510E-1
2.84788E+11	1.51744E-4	-1.41431E+2	-2.30032E-1	-1.83426E-1
2.84875E+11	1.44186E-4	5.01332E+1	2.03522E-1	2.43696E-1
2.84962E+11	1.71541E-4	-6.29402E+1	1.34648E-1	-2.63581E-1
2.85050E+11	1.41203E-4	1.30660E+2	-2.04316E-1	2.37871E-1
2.85138E+11	1.68579E-4	2.03570E+1	2.75816E-1	1.02339E-1
2.85225E+11	1.47268E-4	-1.44266E+2	-2.56834E-1	-1.84786E-1
2.85313E+11	1.77428E-4	1.07990E+2	-9.27615E-2	2.85667E-1
2.85400E+11	1.55852E-4	-5.59848E+1	1.78887E-1	-2.65059E-1
2.85487E+11	1.87557E-4	-1.64515E+2	-2.89547E-1	-8.02190E-2
2.85575E+11	1.35322E-4	3.14052E+1	2.59925E-1	1.58691E-1
2.85663E+11	1.90174E-4	-7.60157E+1	7.35626E-2	-2.95387E-1
2.85750E+11	1.52199E-4	1.08411E+2	-1.00623E-1	3.02285E-1
2.85837E+11	1.63361E-4	-1.87084E+0	2.85991E-1	-9.34159E-3
2.85925E+11	1.58197E-4	-1.75725E+2	-3.24665E-1	-2.42692E-2
2.86013E+11	1.56298E-4	8.30571E+1	3.28378E-2	2.69662E-1
2.86100E+11	1.72651E-4	-7.97958E+1	5.89373E-2	-3.27422E-1
2.86187E+11	1.53757E-4	-1.79245E+2	-2.72056E-1	-3.58454E-3
2.86275E+11	1.81882E-4	2.06046E+1	3.22456E-1	1.21233E-1
2.86363E+11	1.46576E-4	-8.28923E+1	3.41265E-2	-2.73682E-1
2.86450E+11	1.92659E-4	1.13768E+2	-1.45131E-1	3.29560E-1
2.86538E+11	1.30045E-4	3.34485E+0	2.78941E-1	1.63027E-2
2.86625E+11	1.96657E-4	-1.56100E+2	-3.32890E-1	-1.47513E-1
2.86712E+11	1.26496E-4	9.28374E+1	-1.43806E-2	2.90147E-1
2.86800E+11	1.78391E-4	-6.40365E+1	1.62982E-1	-3.34703E-1
2.86888E+11	1.16519E-4	-1.65378E+2	-2.80773E-1	-7.32534E-2
2.86975E+11	1.63418E-4	4.31437E+1	2.62086E-1	2.45631E-1
2.87062E+11	9.39911E-5	-5.45155E+1	1.54185E-1	-2.16283E-1
2.87150E+11	1.59404E-4	1.45949E+2	-2.93364E-1	1.98257E-1
2.87238E+11	8.15494E-5	3.64986E+1	1.97396E-1	1.46058E-1
2.87325E+11	1.66651E-4	-1.28322E+2	-2.20616E-1	-2.79124E-1
2.87412E+11	7.62572E-5	1.13750E+2	-9.92504E-2	2.25562E-1
2.87500E+11	1.67945E-4	-4.84310E+1	2.44425E-1	-2.75602E-1
2.87588E+11	8.11433E-5	-1.62334E+2	-2.41700E-1	-7.69801E-2
2.87675E+11	1.81882E-4	4.23334E+1	2.84916E-1	2.59557E-1
2.87763E+11	9.42110E-5	-6.88948E+1	9.36049E-2	-2.42517E-1
2.87850E+11	2.47526E-4	1.38156E+2	-3.02822E-1	2.71173E-1
2.87937E+11	9.20276E-5	1.86875E+1	2.48185E-1	8.39458E-2
2.88025E+11	1.41937E-4	-1.41175E+2	-3.08477E-1	-2.48243E-1
2.88113E+11	6.19951E-5	9.22431E+1	-1.00496E-2	2.56568E-1
2.88200E+11	1.70603E-4	-6.36621E+1	1.67888E-1	-3.39130E-1
2.88287E+11	5.66688E-5	1.75191E+2	-2.44569E-1	2.05747E-2
2.88375E+11	1.60923E-4	2.34055E+1	3.35759E-1	1.45334E-1
2.88463E+11	4.65146E-5	-9.38912E+1	-1.57793E-2	-2.31987E-1
2.88550E+11	1.53461E-4	1.16100E+2	-1.61868E-1	3.30417E-1
2.88637E+11	5.25598E-5	-3.59110E+0	2.31817E-1	-1.45486E-2
2.88725E+11	1.74282E-4	-1.53459E+2	-3.41532E-1	-1.70588E-1
2.88812E+11	5.25355E-5	8.42745E+1	2.32514E-2	2.31905E-1
2.88900E+11	1.91047E-4	-6.22673E+1	1.75457E-1	-3.33734E-1
2.88988E+11	4.99689E-5	1.75937E+2	-2.24290E-1	1.59336E-2
2.89075E+11	2.49698E-4	2.98959E+1	3.50077E-1	2.01270E-1
2.89162E+11	6.11571E-5	-9.92931E+1	-3.86507E-2	-2.36203E-1
2.89250E+11	2.79786E-4	1.14803E+2	-1.81396E-1	3.92519E-1
2.89338E+11	5.86361E-5	-2.10543E+1	2.25927E-1	-8.69709E-2
2.89425E+11	2.43309E-4	-1.60362E+2	-3.87030E-1	-1.38107E-1
2.89512E+11	4.87247E-5	6.82095E+1	8.53819E-2	2.13573E-1
2.89600E+11	2.12022E-4	-6.21127E+1	1.79203E-1	-3.38636E-1
2.89688E+11	4.95798E-5	1.67007E+2	-2.24986E-1	5.19133E-2
2.89775E+11	1.93859E-4	3.63526E+1	3.22910E-1	2.37658E-1
2.89862E+11	5.12599E-5	-1.00543E+2	-4.63253E-2	-2.48904E-1
2.89950E+11	1.87777E-4	1.29150E+2	-2.61215E-1	3.20853E-1
2.90037E+11	5.67553E-5	-3.67010E+0	2.75992E-1	-1.77030E-2
2.90125E+11	1.98716E-4	-1.30105E+2	-2.86632E-1	-3.40322E-1
2.90213E+11	5.90043E-5	1.02007E+2	-6.15850E-2	2.89562E-1
2.90300E+11	2.08973E-4	-2.30844E+1	4.47397E-1	-1.90687E-1
2.90387E+11	6.11117E-5	-1.54207E+2	-2.84716E-1	-1.37592E-1
2.90475E+11	2.34095E-4	7.37335E+1	1.54862E-1	5.30739E-1
2.90563E+11	6.93934E-5	-6.72681E+1	1.32945E-1	-3.17320E-1
2.90650E+11	2.52918E-4	1.64589E+2	-5.95551E-1	1.64161E-1
2.90737E+11	7.65674E-5	2.04621E+1	4.06996E-1	1.51862E-1
2.90825E+11	2.32348E-4	-9.74872E+1	-9.53335E-2	-7.25379E-1
2.90913E+11	8.55447E-5	1.21248E+2	-2.91253E-1	4.80007E-1
2.91000E+11	2.07128E-4	1.74751E+0	8.95081E-1	2.73082E-2
2.91088E+11	9.92575E-5	-1.41127E+2	-5.63730E-1	-4.54436E-1
2.91175E+11	1.94973E-4	9.83313E+1	-1.47581E-1	1.00777E+0
2.91262E+11	9.82188E-5	-4.00969E+1	5.50425E-1	-4.63451E-1
2.91350E+11	1.55857E-4	-1.58980E+2	-8.35552E-1	-3.21076E-1
2.91438E+11	8.89553E-5	6.70870E+1	2.51382E-1	5.94728E-1
2.91525E+11	1.57627E-4	-5.47022E+1	4.96607E-1	-7.01441E-1
2.91612E+11	9.33897E-5	1.66486E+2	-6.23433E-1	1.49839E-1
2.91700E+11	1.72845E-4	4.33574E+1	6.23485E-1	5.88724E-1
2.91788E+11	9.38845E-5	-9.24404E+1	-2.57527E-2	-6.04251E-1
2.91875E+11	1.55558E-4	1.53448E+2	-7.58054E-1	3.78816E-1
2.91962E+11	9.53789E-5	1.95327E+1	5.15358E-1	1.82829E-1
2.92050E+11	1.37370E-4	-9.16275E+1	-1.96219E-2	-6.90611E-1
2.92138E+11	9.73829E-5	1.19268E+2	-2.42816E-1	4.33265E-1
2.92225E+11	1.21616E-4	-7.98577E-1	5.71164E-1	-7.96129E-3
2.92313E+11	1.04567E-4	-1.51993E+2	-3.99016E-1	-2.12222E-1
2.92400E+11	1.07824E-4	9.04136E+1	-3.57422E-3	4.95140E-1
2.92487E+11	1.42836E-4	-5.16620E+1	2.71943E-1	-3.43871E-1
2.92575E+11	1.24839E-4	-1.68903E+2	-4.62606E-1	-9.07361E-2
2.92663E+11	1.57980E-4	5.05923E+1	2.60914E-1	3.17555E-1
2.92750E+11	1.20183E-4	-7.30630E+1	1.24097E-1	-4.07503E-1
2.92837E+11	1.59409E-4	1.47372E+2	-3.10704E-1	1.98914E-1
2.92925E+11	1.13592E-4	2.59619E+1	3.52423E-1	1.71598E-1
2.93013E+11	1.62908E-4	-1.09421E+2	-1.10499E-1	-3.13410E-1
2.93100E+11	1.19389E-4	1.29988E+2	-2.35898E-1	2.81248E-1
2.93187E+11	1.43924E-4	-1.26562E+1	2.97585E-1	-6.68246E-2
2.93275E+11	1.12140E-4	-1.40211E+2	-2.63352E-1	-2.19329E-1
2.93362E+11	1.54860E-4	6.91357E+1	1.02783E-1	2.69666E-1
2.93450E+11	9.41645E-5	-5.48232E+1	1.72881E-1	-2.45285E-1
2.93538E+11	1.47942E-4	1.63719E+2	-2.67138E-1	7.80223E-2
2.93625E+11	9.87986E-5	4.26529E+1	2.12996E-1	1.96224E-1
2.93712E+11	1.45557E-4	-9.95911E+1	-4.53370E-2	-2.68301E-1
2.93800E+11	9.08928E-5	1.32122E+2	-1.94911E-1	2.15545E-1
2.93888E+11	1.38734E-4	-1.18311E+1	2.67472E-1	-5.60294E-2
2.93975E+11	1.04780E-4	-1.42860E+2	-2.34607E-1	-1.77688E-1
2.94062E+11	1.35939E-4	7.53363E+1	6.88067E-2	2.62954E-1
2.94150E+11	9.44382E-5	-5.29927E+1	1.75720E-1	-2.33127E-1
2.94238E+11	1.23430E-4	1.73309E+2	-2.65233E-1	3.11167E-2
2.94325E+11	1.03077E-4	4.50940E+1	2.18494E-1	2.19212E-1
2.94412E+11	1.12937E-4	-8.71286E+1	1.34467E-2	-2.68087E-1
2.94500E+11	1.00636E-4	1.48714E+2	-2.70457E-1	1.64351E-1
2.94587E+11	9.61552E-5	1.46246E+1	2.51762E-1	6.56945E-2
2.94675E+11	1.04220E-4	-1.12718E+2	-1.23989E-1	-2.96150E-1
2.94763E+11	9.28605E-5	1.02486E+2	-5.76745E-2	2.60452E-1
2.94850E+11	8.36423E-5	-2.28225E+1	2.86232E-1	-1.20454E-1
2.94937E+11	8.89079E-5	-1.60371E+2	-2.48762E-1	-8.87243E-2
2.95025E+11	9.05283E-5	8.16453E+1	4.60441E-2	3.13524E-1
2.95113E+11	9.55857E-5	-5.40065E+1	1.62427E-1	-2.23615E-1
2.95200E+11	9.37188E-5	-1.76330E+2	-3.15573E-1	-2.02397E-2
2.95287E+11	8.60303E-5	3.68623E+1	2.26650E-1	1.69940E-1
2.95375E+11	1.08125E-4	-9.51412E+1	-2.93521E-2	-3.26237E-1
2.95463E+11	1.05027E-4	1.21294E+2	-1.52111E-1	2.50236E-1
2.95550E+11	1.16717E-4	-4.38471E+0	3.35262E-1	-2.57071E-2
2.95638E+11	9.46920E-5	-1.35640E+2	-1.99188E-1	-1.94786E-1
2.95725E+11	1.19925E-4	9.75362E+1	-4.52965E-2	3.42388E-1
2.95812E+11	9.02016E-5	-4.48588E+1	1.95928E-1	-1.94965E-1
2.95900E+11	1.22677E-4	-1.76749E+2	-3.48356E-1	-1.97870E-2
2.95988E+11	8.67445E-5	3.87497E+1	2.12283E-1	1.70374E-1
2.96075E+11	1.37085E-4	-8.02202E+1	6.01976E-2	-3.49241E-1
2.96162E+11	8.44038E-5	1.45188E+2	-2.22990E-1	1.55051E-1
2.96250E+11	1.43005E-4	3.03022E+1	3.04800E-1	1.78126E-1
2.96338E+11	8.70991E-5	-1.21544E+2	-1.46667E-1	-2.38926E-1
2.96425E+11	1.37084E-4	1.11891E+2	-1.28779E-1	3.20487E-1
2.96512E+11	9.68822E-5	-4.90439E+1	1.93703E-1	-2.23175E-1
2.96600E+11	1.22028E-4	-1.75781E+2	-3.37203E-1	-2.48769E-2
2.96688E+11	8.40959E-5	4.32188E+1	2.09684E-1	1.97036E-1
2.96775E+11	1.23947E-4	-6.65725E+1	1.35755E-1	-3.13299E-1
2.96863E+11	8.81020E-5	1.50329E+2	-2.60350E-1	1.48325E-1
2.96950E+11	1.49409E-4	2.62634E+1	3.19658E-1	1.57731E-1
2.97037E+11	9.25350E-5	-1.26478E+2	-1.73989E-1	-2.35319E-1
2.97125E+11	1.68587E-4	1.09366E+2	-1.20676E-1	3.43322E-1
2.97213E+11	9.36700E-5	-4.20647E+1	2.20945E-1	-1.99392E-1
2.97300E+11	1.55388E-4	-1.63805E+2	-3.37812E-1	-9.81088E-2
2.97387E+11	9.57576E-5	4.39713E+1	2.12341E-1	2.04850E-1
2.97475E+11	1.72293E-4	-7.56589E+1	9.30950E-2	-3.64134E-1
2.97563E+11	9.89482E-5	1.24690E+2	-1.97422E-1	2.85225E-1
2.97650E+11	1.60287E-4	2.09666E+1	3.98656E-1	1.52763E-1
2.97737E+11	1.07281E-4	-1.26085E+2	-2.26231E-1	-3.10411E-1
2.97825E+11	1.35682E-4	1.31225E+2	-2.83806E-1	3.23903E-1
2.97913E+11	1.08755E-4	-1.75268E+1	3.38791E-1	-1.06995E-1
2.98000E+11	1.44829E-4	-1.40818E+2	-2.93835E-1	-2.39488E-1
2.98088E+11	1.22277E-4	5.34629E+1	2.54256E-1	3.43142E-1
2.98175E+11	1.54675E-4	-6.99018E+1	1.77450E-1	-4.84953E-1
2.98262E+11	1.37543E-4	1.38560E+2	-4.60954E-1	4.06955E-1
2.98350E+11	1.62930E-4	2.89556E+1	6.52062E-1	3.60783E-1
2.98438E+11	1.32173E-4	-1.15896E+2	-3.73293E-1	-7.68915E-1
2.98525E+11	1.93751E-4	1.30257E+2	-7.42982E-1	8.77427E-1
2.98612E+11	1.51040E-4	-2.44650E+1	1.29071E+0	-5.87260E-1
2.98700E+11	1.66062E-4	-1.42373E+2	-1.45126E+0	-1.11872E+0
2.98788E+11	1.37514E-4	6.58171E+1	8.92116E-1	1.98663E+0
2.98875E+11	1.60203E-4	-3.69609E+1	2.32308E+0	-1.74808E+0
2.98962E+11	1.34088E-4	1.76359E+2	-2.14834E+0	1.36705E-1
2.99050E+11	1.27741E-4	7.74687E+1	6.05506E-1	2.72422E+0
2.99137E+11	1.57256E-4	-7.37334E+1	8.89942E-1	-3.04995E+0
2.99225E+11	1.15588E-4	-1.77575E+2	-3.27426E+0	-1.38687E-1
2.99313E+11	1.54966E-4	3.16950E+1	3.04655E+0	1.88122E+0
2.99400E+11	1.01008E-4	-7.48633E+1	7.81280E-1	-2.88819E+0
2.99487E+11	1.56962E-4	1.35844E+2	-2.10372E+0	2.04262E+0
2.99575E+11	1.04260E-4	2.66900E+1	2.29220E+0	1.15235E+0
2.99663E+11	1.53926E-4	-1.18822E+2	-1.03085E+0	-1.87341E+0
2.99750E+11	1.04487E-4	1.32691E+2	-1.08169E+0	1.17258E+0
2.99837E+11	1.51752E-4	-1.01798E+1	1.04994E+0	-1.88532E-1
2.99925E+11	9.96042E-5	-1.23173E+2	-4.08150E-1	-6.24349E-1
3.00013E+11	1.71906E-4	8.66632E+1	3.92248E-2	6.72769E-1
3.00100E+11	9.38920E-5	-3.13825E+1	4.62801E-1	-2.82301E-1
3.00187E+11	1.76712E-4	1.79238E+2	-5.30894E-1	7.06374E-3
3.00275E+11	9.92057E-5	7.14787E+1	1.31358E-1	3.92103E-1
3.00362E+11	2.06367E-4	-7.67956E+1	1.01458E-1	-4.32421E-1
3.00450E+11	8.77573E-5	1.71723E+2	-3.33585E-1	4.85253E-2
3.00538E+11	2.01819E-4	1.51250E+1	3.78141E-1	1.02207E-1
3.00625E+11	7.62867E-5	-1.10934E+2	-1.06216E-1	-2.77652E-1
3.00712E+11	2.10149E-4	9.29619E+1	-1.86257E-2	3.59984E-1
3.00800E+11	7.82515E-5	-2.60630E+1	2.52645E-1	-1.23567E-1
3.00888E+11	2.35440E-4	-1.70787E+2	-3.65653E-1	-5.93110E-2
3.00975E+11	8.52937E-5	7.15875E+1	9.20846E-2	2.76615E-1
3.01062E+11	1.96372E-4	-7.65533E+1	8.44722E-2	-3.53299E-1
3.01150E+11	7.63429E-5	1.49493E+2	-2.43578E-1	1.43517E-1
3.01238E+11	2.28701E-4	-6.81990E+0	3.43872E-1	-4.11254E-2
3.01325E+11	8.22805E-5	-1.42107E+2	-2.17624E-1	-1.69373E-1
3.01413E+11	2.09480E-4	6.74460E+1	1.26796E-1	3.05298E-1
3.01500E+11	8.49641E-5	-5.76320E+1	1.45976E-1	-2.30306E-1
3.01587E+11	1.79139E-4	1.61710E+2	-3.02550E-1	9.99981E-2
3.01675E+11	7.20228E-5	4.35460E+1	1.92369E-1	1.82846E-1
3.01763E+11	1.80433E-4	-9.98306E+1	-5.43110E-2	-3.13428E-1
3.01850E+11	5.72543E-5	1.40442E+2	-1.94340E-1	1.60534E-1
3.01937E+11	1.67916E-4	-5.59785E+0	3.16151E-1	-3.09869E-2
3.02025E+11	6.02055E-5	-1.28456E+2	-1.55464E-1	-1.95751E-1
3.02113E+11	1.64181E-4	8.53386E+1	2.66149E-2	3.26416E-1
3.02200E+11	6.03962E-5	-3.62465E+1	2.00438E-1	-1.46948E-1
3.02287E+11	1.71520E-4	-1.75327E+2	-3.43757E-1	-2.80978E-2
3.02375E+11	5.58525E-5	6.38081E+1	1.15141E-1	2.34081E-1
3.02463E+11	1.81850E-4	-7.10494E+1	1.18378E-1	-3.44759E-1
3.02550E+11	5.97167E-5	1.61747E+2	-2.63557E-1	8.69241E-2
3.02638E+11	1.60999E-4	2.31999E+1	3.50197E-1	1.50094E-1
3.02725E+11	5.98478E-5	-1.14280E+2	-1.28268E-1	-2.84340E-1
3.02812E+11	1.56445E-4	1.03470E+2	-9.90486E-2	4.13521E-1
3.02900E+11	6.45415E-5	-3.42930E+1	2.96978E-1	-2.02531E-1
3.02988E+11	1.49392E-4	-1.73231E+2	-4.64733E-1	-5.51576E-2
3.03075E+11	5.85926E-5	5.85182E+1	2.07425E-1	3.38728E-1
3.03162E+11	1.51629E-4	-7.50389E+1	1.43369E-1	-5.36516E-1
3.03250E+11	5.80656E-5	1.56304E+2	-4.37816E-1	1.92147E-1
3.03338E+11	1.67527E-4	1.76489E+1	6.62948E-1	2.10922E-1
3.03425E+11	6.83936E-5	-1.20192E+2	-2.97206E-1	-5.10811E-1
3.03512E+11	1.83201E-4	9.96143E+1	-1.37281E-1	8.10422E-1
3.03600E+11	7.34927E-5	-3.69407E+1	5.29218E-1	-3.97936E-1
3.03687E+11	2.02385E-4	-1.66353E+2	-8.90572E-1	-2.16230E-1
3.03775E+11	7.28974E-5	6.44804E+1	3.04867E-1	6.38606E-1
3.03863E+11	1.83970E-4	-5.53970E+1	5.60647E-1	-8.12614E-1
3.03950E+11	7.85115E-5	1.65644E+2	-7.33006E-1	1.87610E-1
3.04037E+11	1.45925E-4	3.62471E+1	7.51926E-1	5.51277E-1
3.04125E+11	8.16088E-5	-1.11115E+2	-2.52567E-1	-6.54028E-1
3.04213E+11	1.48869E-4	1.21541E+2	-4.32553E-1	7.04735E-1
3.04300E+11	8.89398E-5	-1.82744E+1	6.16869E-1	-2.03704E-1
3.04387E+11	1.51409E-4	-1.36344E+2	-5.45418E-1	-5.20419E-1
3.04475E+11	9.73774E-5	8.84132E+1	1.63313E-2	5.89544E-1
3.04563E+11	1.54147E-4	-3.30125E+1	5.51354E-1	-3.58225E-1
3.04650E+11	8.56377E-5	-1.79940E+2	-4.82711E-1	-5.06001E-4
3.04737E+11	1.28528E-4	4.97907E+1	3.68217E-1	4.35582E-1
3.04825E+11	8.53087E-5	-9.40331E+1	-3.15458E-2	-4.47408E-1
3.04912E+11	1.27479E-4	1.48520E+2	-4.48893E-1	2.74867E-1
3.05000E+11	8.44702E-5	1.15459E+1	3.78675E-1	7.73585E-2
3.05088E+11	1.40406E-4	-9.66275E+1	-5.49932E-2	-4.73304E-1
3.05175E+11	1.04504E-4	1.12874E+2	-1.44922E-1	3.43509E-1
3.05262E+11	1.42771E-4	-2.60355E+0	4.19973E-1	-1.90969E-2
3.05350E+11	1.04163E-4	-1.63252E+2	-3.27161E-1	-9.84502E-2
3.05438E+11	1.12538E-4	8.31575E+1	4.18848E-2	3.49055E-1
3.05525E+11	1.10093E-4	-7.59298E+1	7.78490E-2	-3.10614E-1
3.05612E+11	1.09556E-4	1.72864E+2	-3.08938E-1	3.86794E-2
3.05700E+11	1.17484E-4	1.61918E+1	3.01713E-1	8.76089E-2
3.05788E+11	1.05220E-4	-9.74517E+1	-3.92055E-2	-2.99750E-1
3.05875E+11	1.28138E-4	1.08135E+2	-9.72262E-2	2.96849E-1
3.05962E+11	1.04647E-4	-8.77006E+0	2.85449E-1	-4.40371E-2
3.06050E+11	1.27477E-4	-1.66710E+2	-2.91249E-1	-6.87924E-2
3.06137E+11	1.04580E-4	7.16662E+1	8.91962E-2	2.69171E-1
3.06225E+11	1.18483E-4	-8.64785E+1	1.77817E-2	-2.88947E-1
3.06313E+11	1.15324E-4	1.56812E+2	-2.61534E-1	1.12027E-1
3.06400E+11	1.20291E-4	1.78881E+0	2.96502E-1	9.26000E-3
3.06487E+11	9.82853E-5	-1.06236E+2	-7.68067E-2	-2.63754E-1
3.06575E+11	1.26711E-4	9.41593E+1	-2.18485E-2	3.00440E-1
3.06663E+11	8.77422E-5	-2.15830E+1	2.34401E-1	-9.27253E-2
3.06750E+11	1.31362E-4	1.73014E+2	-3.06607E-1	3.75699E-2
3.06837E+11	7.17722E-5	5.11248E+1	1.50899E-1	1.87177E-1
3.06925E+11	1.34451E-4	-1.03126E+2	-7.05164E-2	-3.02404E-1
3.07013E+11	7.68500E-5	1.38393E+2	-1.86104E-1	1.65272E-1
3.07100E+11	1.29796E-4	-9.89009E+0	3.19028E-1	-5.56224E-2
3.07188E+11	7.46450E-5	-1.33226E+2	-1.76615E-1	-1.87906E-1
3.07275E+11	1.19238E-4	7.74653E+1	6.94914E-2	3.12560E-1
3.07362E+11	6.87262E-5	-4.59170E+1	1.72161E-1	-1.77761E-1
3.07450E+11	1.08439E-4	1.72230E+2	-3.08407E-1	4.20845E-2
3.07538E+11	6.75493E-5	5.29172E+1	1.46817E-1	1.94248E-1
3.07625E+11	9.85511E-5	-8.67326E+1	1.72906E-2	-3.02871E-1
3.07712E+11	7.28105E-5	1.46057E+2	-2.06963E-1	1.39300E-1
3.07800E+11	9.85675E-5	1.58603E+0	2.97082E-1	8.22575E-3
3.07888E+11	7.43137E-5	-1.20445E+2	-1.27638E-1	-2.17160E-1
3.07975E+11	1.14152E-4	1.02194E+2	-7.19828E-2	3.33110E-1
3.08062E+11	9.27906E-5	-1.76750E+1	2.74601E-1	-8.75045E-2
3.08150E+11	1.45646E-4	-1.52362E+2	-3.33945E-1	-1.74867E-1
3.08238E+11	9.89408E-5	8.27252E+1	3.80301E-2	2.97911E-1
3.08325E+11	1.50566E-4	-6.27560E+1	1.77016E-1	-3.43785E-1
3.08413E+11	1.05556E-4	1.60639E+2	-2.86437E-1	1.00650E-1
3.08500E+11	1.62215E-4	1.52056E+1	3.91309E-1	1.06358E-1
3.08587E+11	1.07402E-4	-1.15160E+2	-1.32898E-1	-2.82937E-1
3.08675E+11	1.71832E-4	1.08983E+2	-1.37864E-1	4.00773E-1
3.08763E+11	1.17195E-4	-2.54638E+1	2.90050E-1	-1.38122E-1
3.08850E+11	1.61262E-4	-1.65976E+2	-4.12818E-1	-1.03114E-1
3.08937E+11	1.20452E-4	5.06074E+1	2.09656E-1	2.55306E-1
3.09025E+11	1.48517E-4	-9.05259E+1	-4.03881E-3	-4.39980E-1
3.09113E+11	1.14865E-4	1.31708E+2	-2.41817E-1	2.71333E-1
3.09200E+11	1.42380E-4	-1.23503E+0	5.09497E-1	-1.09841E-2
3.09287E+11	1.14529E-4	-1.33056E+2	-3.06431E-1	-3.27968E-1
3.09375E+11	1.37146E-4	9.17224E+1	-1.81643E-2	6.04039E-1
3.09462E+11	1.05226E-4	-5.07596E+1	3.20718E-1	-3.92672E-1
3.09550E+11	1.34375E-4	1.68793E+2	-8.18351E-1	1.62138E-1
3.09638E+11	1.01331E-4	3.44209E+1	7.36896E-1	5.04957E-1
3.09725E+11	1.21142E-4	-9.02197E+1	-7.78894E-3	-2.03128E+0
3.09812E+11	9.28105E-5	1.47511E+2	-1.81975E+0	1.15881E+0
3.09900E+11	1.31919E-4	2.49707E+1	4.94481E+0	2.30272E+0
3.09988E+11	9.35844E-5	-1.10735E+2	-1.44879E+0	-3.82698E+0
3.10075E+11	1.19373E-4	1.18186E+2	-4.90453E+0	9.15216E+0
3.10162E+11	9.21385E-5	-2.10945E+1	6.38820E+0	-2.46430E+0
3.10250E+11	1.01959E-4	-1.36468E+2	-1.21831E+1	-1.15742E+1
3.10338E+11	8.85764E-5	9.14399E+1	-2.11953E-1	8.43212E+0
3.10425E+11	9.78197E-5	-2.43311E+1	1.88364E+1	-8.51728E+0
3.10512E+11	1.02457E-4	-1.63320E+2	-1.71619E+1	-5.14225E+0
3.10600E+11	1.28808E-4	7.26357E+1	1.95208E+1	6.24274E+1
3.10687E+11	1.40068E-4	-7.14355E+1	1.67827E+1	-4.99713E+1
3.10775E+11	1.53657E-4	1.66294E+2	-1.13061E+2	2.75737E+1
3.10863E+11	1.41818E-4	2.51942E+1	3.24071E+1	1.52456E+1
3.10950E+11	1.65878E-4	-9.99807E+1	-1.12397E+1	-6.38691E+1
3.11037E+11	1.43925E-4	1.12807E+2	-1.10775E+1	2.63430E+1
3.11125E+11	1.71804E-4	-1.80974E+1	6.42225E+1	-2.09880E+1
3.11213E+11	1.31973E-4	-1.63745E+2	-2.95172E+1	-8.60613E+0
3.11300E+11	1.66940E-4	7.60034E+1	1.67279E+1	6.71089E+1
3.11387E+11	1.26961E-4	-7.09123E+1	7.03707E+0	-2.03360E+1
3.11475E+11	1.67610E-4	1.65742E+2	-3.76722E+1	9.57289E+0
3.11563E+11	1.30526E-4	9.50896E+0	1.55217E+1	2.59994E+0
3.11650E+11	1.68466E-4	-1.08353E+2	-8.07263E+0	-2.43344E+1
3.11738E+11	1.47159E-4	1.02561E+2	-2.61734E+0	1.17472E+1
3.11825E+11	1.70017E-4	-4.94466E+0	1.96822E+1	-1.70282E+0
3.11912E+11	1.47323E-4	-1.52171E+2	-7.04474E+0	-3.71885E+0
3.12000E+11	1.57236E-4	9.09227E+1	-1.30468E-1	8.10049E+0
3.12088E+11	1.39282E-4	-6.50740E+1	1.65436E+0	-3.55978E+0
3.12175E+11	1.47769E-4	1.79062E+2	-4.60613E+0	7.54449E-2
3.12262E+11	1.26139E-4	4.06606E+1	2.16804E+0	1.86221E+0
3.12350E+11	1.15619E-4	-5.99815E+1	1.63812E+0	-2.83520E+0
3.12438E+11	1.07536E-4	1.60510E+2	-1.98689E+0	7.03195E-1
3.12525E+11	1.30335E-4	4.47653E+1	1.73926E+0	1.72507E+0
3.12612E+11	9.91990E-5	-1.13954E+2	-6.72965E-1	-1.51476E+0
3.12700E+11	1.19129E-4	1.25446E+2	-1.34299E+0	1.88659E+0
3.12788E+11	9.70233E-5	-2.42971E+1	1.79718E+0	-8.11345E-1
3.12875E+11	1.16890E-4	-1.26069E+2	-1.70616E+0	-2.34240E+0
3.12963E+11	1.09094E-4	9.11327E+1	-5.83963E-2	2.95349E+0
3.13050E+11	1.11277E-4	-1.38374E+1	4.07632E+0	-1.00406E+0
3.13137E+11	1.04872E-4	-1.72527E+2	-3.71206E+0	-4.86933E-1
3.13225E+11	1.13933E-4	6.66060E+1	2.07260E+0	4.79088E+0
3.13313E+11	1.23695E-4	-9.39612E+1	-4.55869E-1	-6.58324E+0
3.13400E+11	1.03843E-4	1.50568E+2	-9.11021E+0	5.13999E+0
3.13487E+11	1.17402E-4	-6.69197E-1	1.49653E+1	-1.74798E-1
3.13575E+11	9.31275E-5	-1.15362E+2	-1.47131E+1	-3.10382E+1
3.13663E+11	1.14889E-4	9.60826E+1	-5.81121E+0	5.45333E+1
3.13750E+11	1.10574E-4	-2.82669E+1	8.64784E+1	-4.64994E+1
3.13837E+11	1.32236E-4	-1.73042E+2	-1.51845E+2	-1.85305E+1
3.13925E+11	1.05734E-4	7.60619E+1	5.87318E+1	2.36649E+2
3.14012E+11	1.20643E-4	-5.92595E+1	1.61578E+2	-2.71690E+2
3.14100E+11	1.01150E-4	-1.72045E+2	-3.17404E+2	-4.43564E+1
3.14188E+11	1.12108E-4	3.78107E+1	3.13660E+2	2.43393E+2
3.14275E+11	1.07071E-4	-8.97305E+1	1.68858E+0	-3.58982E+2
3.14362E+11	1.20252E-4	1.26731E+2	-3.67272E+2	4.92180E+2
3.14450E+11	1.00878E-4	1.63547E+1	7.06343E+2	2.07282E+2
3.14538E+11	1.21319E-4	-1.14899E+2	-3.57809E+2	-7.70862E+2
3.14625E+11	9.45535E-5	1.34849E+2	-6.09598E+2	6.12814E+2
3.14712E+11	1.15863E-4	-1.34571E+0	1.57855E+3	-3.70824E+1
3.14800E+11	8.40018E-5	-1.27936E+2	-6.19596E+2	-7.94884E+2
3.14888E+11	9.93669E-5	7.78072E+1	3.33977E+2	1.54564E+3
3.14975E+11	7.32662E-5	-4.30017E+1	7.90834E+2	-7.37510E+2
3.15062E+11	7.75439E-5	-1.60469E+2	-1.54203E+3	-5.47007E+2
3.15150E+11	7.07487E-5	7.25309E+1	2.67321E+2	8.49432E+2
3.15237E+11	6.82456E-5	-7.41355E+1	3.20428E+2	-1.12753E+3
3.15325E+11	6.35906E-5	1.62747E+2	-7.04156E+2	2.18691E+2
3.15413E+11	6.91287E-5	1.39148E+1	7.82296E+2	1.93813E+2
3.15500E+11	5.72660E-5	-1.08106E+2	-1.44362E+2	-4.41526E+2
3.15587E+11	5.17607E-5	1.22805E+2	-2.77700E+2	4.30824E+2
3.15675E+11	4.33981E-5	-6.03543E+0	2.25766E+2	-2.38701E+1
3.15763E+11	4.82314E-5	-1.45018E+2	-1.87391E+2	-1.31126E+2
3.15850E+11	3.79275E-5	7.82117E+1	2.91252E+1	1.39557E+2
3.15937E+11	3.26804E-5	-5.45248E+1	1.32959E+2	-1.86572E+2
3.16025E+11	2.76518E-5	1.77857E+2	-1.00237E+2	3.75168E+0
3.16113E+11	2.31444E-5	5.77801E+1	6.46341E+1	1.02558E+2
3.16200E+11	1.09196E-5	-7.09203E+1	1.33253E+1	-3.85252E+1
3.16287E+11	5.98477E-6	1.65990E+2	-3.29747E+1	8.22747E+0
3.16375E+11	2.50792E-6	3.00769E+1	8.83414E+0	5.11621E+0
3.16462E+11	7.67934E-7	-9.19274E+1	-2.37268E-1	-7.05045E+0
3.16550E+11	4.77572E-7	1.34735E+2	-2.11244E+0	2.13205E+0
3.16638E+11	2.49824E-7	1.41585E+1	2.52936E+0	6.38079E-1
3.16725E+11	1.43964E-7	-1.23996E+2	-5.28477E-1	-7.83621E-1
3.16812E+11	2.46099E-8	1.08705E+2	-1.40781E-1	4.15791E-1
3.16900E+11	8.78756E-9	-3.17220E+1	1.13614E-1	-7.02300E-2
3.16988E+11	3.90527E-9	-1.58348E+2	-6.85170E-2	-2.71997E-2
3.17075E+11	6.73610E-9	7.54600E+1	1.20208E-2	4.63476E-2
3.17162E+11	1.01261E-9	-4.13916E+1	1.10037E-2	-9.69822E-3
3.17250E+11	1.59416E-10	-1.77119E+2	-3.36835E-3	-1.69519E-4
3.17338E+11	2.68267E-11	6.23196E+1	5.60959E-4	1.06936E-3
3.17425E+11	1.56134E-11	-1.03492E+2	-1.44424E-4	-6.01936E-4
3.17513E+11	1.12257E-11	1.16159E+2	-2.16389E-4	4.40559E-4
3.17600E+11	1.83758E-11	-2.95718E+1	4.35539E-4	-2.47137E-4
3.17687E+11	1.35662E-11	-1.60150E+2	-4.08807E-4	-1.47579E-4
3.17775E+11	2.26614E-11	6.69920E+1	1.82019E-4	4.28643E-4
3.17863E+11	1.96812E-11	-7.32109E+1	1.23167E-4	-4.08229E-4
3.17950E+11	6.46489E-11	1.42402E+2	-5.63410E-4	4.33857E-4
3.18037E+11	8.79344E-11	-1.03602E+1	8.20292E-4	-1.49962E-4
3.18125E+11	5.02959E-10	-1.51863E+2	-1.89791E-3	-1.01498E-3
3.18213E+11	1.36693E-9	7.02886E+1	1.31511E-3	3.67065E-3
3.18300E+11	1.23733E-8	-7.22947E+1	4.16981E-3	-1.30616E-2
3.18387E+11	3.09696E-8	1.43509E+2	-2.15957E-2	1.59747E-2
3.18475E+11	8.63658E-8	-6.99632E-2	5.55355E-2	-6.78138E-5
3.18563E+11	1.96702E-7	-1.46971E+2	-9.64036E-2	-6.26757E-2
3.18650E+11	1.62321E-6	7.97504E+1	9.17382E-2	5.07340E-1
3.18738E+11	7.39270E-6	-5.15074E+1	9.57858E-1	-1.20451E+0
3.18825E+11	2.03210E-5	-1.78300E+2	-4.75300E+0	-1.41053E-1
3.18912E+11	4.24991E-5	4.80526E+1	5.60666E+0	6.23834E+0
3.19000E+11	5.17040E-5	-9.06110E+1	-2.14835E-1	-2.01448E+1
3.19088E+11	7.92321E-5	1.33634E+2	-2.04611E+1	2.14607E+1
3.19175E+11	8.14490E-5	-1.56975E+0	9.95027E+1	-2.72679E+0
3.19262E+11	9.95087E-5	-1.29980E+2	-8.74141E+1	-1.04251E+2
3.19350E+11	8.72625E-5	9.95209E+1	-9.09644E+1	5.42367E+2
3.19438E+11	1.01863E-4	-2.52492E+1	6.73655E+2	-3.17705E+2
3.19525E+11	9.62575E-5	-1.48344E+2	-1.76190E+3	-1.08632E+3
3.19612E+11	1.09973E-4	7.03925E+1	4.59849E+2	1.29087E+3
3.19700E+11	9.16052E-5	-5.77533E+1	1.72839E+3	-2.73969E+3
3.19787E+11	9.26491E-5	-1.74417E+2	-3.25344E+3	-3.18056E+2
3.19875E+11	6.50570E-5	5.77502E+1	1.97850E+3	3.13577E+3
3.19963E+11	6.52354E-5	-1.10854E+2	-1.62155E+3	-4.25668E+3
3.20050E+11	3.39153E-5	1.17183E+2	-4.55607E+3	8.87149E+3
3.20137E+11	3.34457E-5	-1.12476E+1	3.52313E+3	-7.00641E+2
3.20225E+11	1.21302E-5	1.62655E+2	-2.83447E+3	8.85266E+2
3.20313E+11	1.86110E-6	4.83344E+1	7.24572E+2	8.14227E+2
3.20400E+11	2.66374E-9	9.40407E+1	-1.88917E+0	2.67431E+1
3.20487E+11	2.94794E-12	1.29064E+2	-1.69305E+0	2.08597E+0
3.20575E+11	8.94828E-14	1.83315E+1	4.03046E-1	1.33541E-1
3.20663E+11	1.75911E-12	-7.42149E+1	4.05914E-1	-1.43590E+0
3.20750E+11	5.64902E-13	1.15882E+2	-2.88905E-1	5.95440E-1
3.20837E+11	4.79321E-13	-3.94751E+0	9.65561E-1	-6.66297E-2
3.20925E+11	1.46045E-12	1.54449E+2	-9.24934E+0	4.42185E+0
3.21012E+11	2.33136E-12	9.26608E+1	-2.74593E-2	5.90858E-1
3.21100E+11	1.18393E-12	-4.99245E+1	3.85876E+0	-4.58640E+0
3.21188E+11	8.42587E-13	-1.47805E+1	1.07677E+0	-2.84103E-1
3.21275E+11	7.37510E-13	-4.28198E+1	6.27979E-1	-5.81917E-1
3.21362E+11	5.21408E-12	-1.85588E+1	2.45284E+0	-8.23505E-1
3.21450E+11	1.47886E-12	-9.45638E+1	-8.68594E-2	-1.08815E+0
3.21538E+11	1.45963E-12	-1.76073E+2	-1.13768E+0	-7.81009E-2
3.21625E+11	3.04377E-13	8.09403E+1	1.14436E-1	7.17673E-1
3.21712E+11	9.44910E-13	-1.20085E+2	-1.11020E+0	-1.91636E+0
3.21800E+11	2.98921E-12	1.19561E+2	-7.71425E-1	1.36013E+0
3.21888E+11	6.23402E-13	-3.93945E+1	7.28594E-1	-5.98356E-1
3.21975E+11	1.88998E-13	-1.21938E+2	-1.23952E-1	-1.98844E-1
3.22063E+11	3.88671E-12	-3.32928E+1	7.67559E-1	-5.04055E-1
3.22150E+11	2.61539E-13	-9.72250E+1	-4.81535E-2	-3.79842E-1
3.22237E+11	7.93888E-13	2.22307E+1	4.45099E-1	1.81920E-1
3.22325E+11	8.80520E-13	-1.09491E+2	-4.12739E-1	-1.16612E+0
3.22413E+11	5.61153E-13	1.69023E+1	8.19314E-1	2.48963E-1
3.22500E+11	3.79457E-13	-1.24725E+2	-4.81445E-1	-6.94638E-1
3.22587E+11	1.66418E-12	-2.35153E+1	1.14553E+0	-4.98453E-1
3.22675E+11	7.73695E-13	1.62771E+1	4.40296E-1	1.28561E-1
3.22763E+11	9.99325E-13	-1.34447E+2	-4.39564E-1	-4.48129E-1
3.22850E+11	1.87754E-13	-8.96391E+1	1.58577E-3	-2.51722E-1
3.22937E+11	1.80174E-12	3.00175E+1	2.17031E+0	1.25391E+0
3.23025E+11	6.81976E-13	-9.25916E+1	-4.52651E-2	-1.00006E+0
3.23113E+11	4.00476E-13	1.02599E+1	6.48105E-1	1.17313E-1
3.23200E+11	2.19139E-12	1.97106E-1	1.05844E+0	3.64118E-3
3.23288E+11	1.44010E-12	4.51233E+1	1.24742E+0	1.25280E+0
3.23375E+11	1.98172E-12	-1.10292E+2	-6.74791E-1	-1.82502E+0
3.23462E+11	5.67732E-13	-6.14236E+1	2.49540E-1	-4.58137E-1
3.23550E+11	1.13404E-12	-6.11312E+1	1.12103E+0	-2.03336E+0
3.23638E+11	1.35218E-12	1.24540E+1	6.30893E-1	1.39335E-1
3.23725E+11	2.07243E-12	6.98746E+1	2.07003E-1	5.64889E-1
3.23812E+11	8.04645E-15	1.01143E+1	2.19356E-1	3.91298E-2
3.23900E+11	1.39100E-12	-5.11815E+1	2.68078E-1	-3.33202E-1
3.23988E+11	6.20181E-13	8.02807E+1	6.62117E-2	3.86570E-1
3.24075E+11	1.36505E-12	5.97402E+1	1.95823E-1	3.35650E-1
3.24162E+11	7.09478E-13	1.72918E+2	-3.12451E-1	3.88179E-2
3.24250E+11	2.11139E-14	1.36249E+2	-3.11921E-2	2.98613E-2
3.24338E+11	1.90861E-12	1.47789E+2	-3.65561E-1	2.30307E-1
3.24425E+11	1.31803E-13	9.36407E+1	-5.45192E-3	8.56839E-2
3.24513E+11	1.44155E-12	6.07822E+0	3.71123E-1	3.95189E-2
3.24600E+11	1.06852E-12	-1.20209E+2	-3.39595E-1	-5.83263E-1
3.24687E+11	6.35558E-13	5.40530E+1	1.97669E-1	2.72599E-1
3.24775E+11	9.77193E-14	1.46338E+2	-1.14126E-1	7.60025E-2
3.24863E+11	9.52809E-13	-9.69960E+0	5.99279E-1	-1.02432E-1
3.24950E+11	1.32975E-12	2.57588E+0	1.04442E+0	4.69864E-2
3.25037E+11	7.25728E-13	4.48543E+1	2.98442E-1	2.96927E-1
3.25125E+11	5.27790E-13	-4.11692E+1	1.50687E+0	-1.31773E+0
3.25213E+11	5.57596E-13	-1.43087E+1	5.43168E-1	-1.38540E-1
3.25300E+11	1.51541E-12	-5.26309E+1	6.50080E-1	-8.51220E-1
3.25387E+11	1.43313E-12	-7.34331E+1	4.30991E-1	-1.44878E+0
3.25475E+11	1.10929E-13	6.27120E+0	2.26002E-1	2.48359E-2
3.25562E+11	1.60082E-12	1.58947E+1	1.85970E+0	5.29563E-1
3.25650E+11	1.57044E-13	-5.09492E+1	1.47735E-1	-1.82107E-1
3.25738E+11	2.35714E-12	9.26197E+1	-1.79870E-1	3.93115E+0
3.25825E+11	8.76637E-13	1.01113E+1	9.13259E-1	1.62862E-1
3.25912E+11	1.32689E-13	1.77046E+2	-2.19551E-1	1.13291E-2
3.26000E+11	6.83675E-13	7.22693E+1	2.53868E-1	7.94005E-1
3.26088E+11	9.92129E-13	1.77888E+2	-7.13558E-1	2.63186E-2
3.26175E+11	4.94551E-13	9.33979E+1	-2.22607E-2	3.74927E-1
3.26262E+11	1.73755E-13	1.74247E+2	-2.13104E-1	2.14692E-2
3.26350E+11	1.08347E-12	-1.24241E+2	-7.22708E-1	-1.06181E+0
3.26438E+11	9.19906E-14	1.76715E+2	-2.60598E-1	1.49580E-2
3.26525E+11	2.39951E-13	-1.35423E+2	-5.44706E-1	-5.36721E-1
3.26612E+11	1.07845E-12	-1.79509E+2	-1.17467E+2	-1.00619E+0
3.26700E+11	1.61109E-12	-9.54650E+1	-9.14931E-2	-9.56309E-1
3.26787E+11	8.59197E-13	1.16550E+2	-4.84972E-1	9.70597E-1
3.26875E+11	4.38881E-13	4.00789E+1	2.61313E+0	2.19881E+0
3.26963E+11	4.13459E-13	-4.76991E+1	1.85561E-1	-2.03922E-1
3.27050E+11	2.51872E-12	-5.67367E+0	1.22158E+0	-1.21363E-1
3.27137E+11	1.45631E-12	-6.91225E+0	5.94903E-1	-7.21202E-2
3.27225E+11	1.07685E-13	-9.90410E+1	-6.82544E-2	-4.28955E-1
3.27313E+11	1.69353E-12	-8.50190E+1	9.29343E-2	-1.06632E+0
3.27400E+11	1.82141E-13	-5.42417E+0	9.84234E-1	-9.34564E-2
3.27487E+11	4.16195E-13	8.11205E+1	7.25208E-2	4.64196E-1
3.27575E+11	3.03044E-13	5.64317E+1	2.16870E-1	3.26808E-1
3.27663E+11	1.88343E-12	2.31460E+1	1.25997E+0	5.38619E-1
3.27750E+11	3.31056E-13	-4.55286E+1	1.86918E-1	-1.90399E-1
3.27838E+11	2.66237E-12	-2.19231E+1	1.51617E+0	-6.10205E-1
3.27925E+11	2.83187E-14	-7.77437E+1	5.24995E-2	-2.41671E-1
3.28012E+11	1.43091E-12	-1.31861E+2	-2.35665E+0	-2.63010E+0
3.28100E+11	3.17549E-13	-1.02190E+2	-5.80162E-2	-2.68571E-1
3.28188E+11	1.27108E-13	6.67666E+1	1.77659E-1	4.13844E-1
3.28275E+11	9.77353E-14	1.66707E+2	-5.26855E-1	1.24472E-1
3.28362E+11	3.86760E-13	1.00397E+2	-6.31528E-2	3.44208E-1
3.28450E+11	6.68070E-13	-5.93856E+0	6.59337E-1	-6.85844E-2
3.28538E+11	1.55468E-13	-1.07131E+2	-1.52537E-1	-4.94885E-1
3.28625E+11	4.54791E-13	-1.69490E+2	-6.38150E-1	-1.18389E-1
3.28712E+11	3.43562E-13	-7.99211E+1	3.56966E-1	-2.00828E+0
3.28800E+11	9.22988E-13	-1.39234E+2	-1.04095E+0	-8.97442E-1
3.28888E+11	3.76863E-14	4.07118E+1	7.84940E-2	6.75435E-2
3.28975E+11	6.36930E-14	5.07312E+1	5.35214E+0	6.54631E+0
3.29063E+11	3.97680E-13	5.18102E+1	4.33130E-1	5.50611E-1
3.29150E+11	2.98464E-13	3.09921E+1	5.99168E-1	3.59904E-1
3.29237E+11	8.52021E-13	8.60046E+1	1.05545E-1	1.51111E+0
3.29325E+11	3.46007E-14	-1.37374E+2	-1.10218E-1	-1.01445E-1
3.29413E+11	4.03096E-13	-9.38275E+1	-1.05105E-1	-1.57104E+0
3.29500E+11	9.83805E-13	-1.07256E+2	-2.08813E-1	-6.72229E-1
3.29587E+11	9.09427E-13	8.90259E+1	6.71269E-3	3.94802E-1
3.29675E+11	6.62240E-13	1.43112E+2	-3.90189E-1	2.92830E-1
3.29763E+11	1.71009E-13	-1.04685E+2	-2.05279E-1	-7.83314E-1
3.29850E+11	1.89450E-12	-7.85575E+1	4.37907E-1	-2.16349E+0
3.29937E+11	1.70881E-12	1.02763E+2	-2.25996E-1	9.97705E-1
3.30025E+11	4.29586E-13	1.06588E+2	-1.65300E-1	5.54903E-1
3.30112E+11	1.62830E-13	3.29610E+1	2.34252E-1	1.51898E-1
3.30200E+11	5.42476E-14	1.37684E+2	-1.10447E-1	1.00554E-1
3.30288E+11	1.04186E-12	-1.21782E+2	-2.42544E+0	-3.91465E+0
3.30375E+11	8.62162E-13	-9.83268E+0	7.34901E-1	-1.27371E-1
3.30462E+11	1.45694E-13	1.65570E+2	-5.34944E-1	1.37647E-1
3.30550E+11	6.20750E-13	-3.77529E+1	6.44953E-1	-4.99429E-1
3.30638E+11	1.28938E-14	-1.79287E+1	1.70502E-1	-5.51650E-2
3.30725E+11	1.95649E-12	5.33016E+1	8.05535E-1	1.08077E+0
3.30812E+11	1.05538E-12	5.17825E-1	4.29981E-1	3.88617E-3
3.30900E+11	1.03197E-12	-1.21172E+2	-7.02280E-1	-1.16088E+0
3.30988E+11	2.63047E-13	-1.46460E+2	-2.79985E-1	-1.85597E-1
3.31075E+11	9.89318E-13	-9.59694E+1	-2.55513E-1	-2.44360E+0
3.31162E+11	6.03390E-13	1.17061E+2	-1.90001E-1	3.71918E-1
3.31250E+11	8.32481E-14	-1.29277E+2	-6.63036E-1	-8.10747E-1
3.31337E+11	6.60207E-13	4.71515E+1	3.03176E-1	3.26845E-1
3.31425E+11	2.98250E-12	4.66589E+1	6.70390E+0	7.10378E+0
3.31513E+11	6.23400E-14	1.50686E+2	-1.34741E-1	7.56576E-2
3.31600E+11	2.80722E-12	-1.11243E+1	6.96917E-1	-1.37036E-1
3.31687E+11	5.07549E-12	-8.52385E+1	2.71489E-1	-3.25934E+0
3.31775E+11	1.72972E-12	-1.17252E+2	-7.21700E-1	-1.40116E+0
3.31863E+11	1.87539E-12	1.72127E+2	-2.10926E+0	2.91666E-1
3.31950E+11	2.37204E-13	-6.80950E+1	1.40113E-1	-3.48453E-1
3.32037E+11	9.80874E-13	4.22948E+1	2.47321E+0	2.25004E+0
3.32125E+11	9.44702E-13	-7.80220E+1	2.00074E-1	-9.43052E-1
3.32213E+11	1.58182E-13	-1.57233E+1	1.34109E+0	-3.77553E-1
3.32300E+11	1.25887E-12	-1.72531E+2	-2.21994E+0	-2.91037E-1
3.32387E+11	1.77194E-13	1.37582E+2	-2.28420E-1	2.08709E-1
3.32475E+11	5.30955E-13	1.13944E+2	-8.24142E-1	1.85594E+0
3.32562E+11	1.05619E-12	-9.10827E-2	5.17943E-1	-8.23371E-4
3.32650E+11	3.17552E-13	-1.75645E+2	-5.30175E-1	-4.03719E-2
3.32738E+11	5.31337E-13	3.19388E+1	1.26459E+0	7.88324E-1
3.32825E+11	4.75647E-14	-1.08805E+2	-7.83507E-2	-2.30082E-1
3.32912E+11	1.55858E-12	-1.94394E+1	1.34634E+1	-4.75164E+0
3.33000E+11	5.58199E-13	9.10117E+0	6.06807E-1	9.72075E-2
3.33088E+11	2.05355E-12	-1.11180E+2	-1.11888E+0	-2.88758E+0
3.33175E+11	4.76376E-13	4.18468E+0	6.17582E-1	4.51864E-2
3.33262E+11	7.17393E-13	2.14724E+1	6.00396E-1	2.36168E-1
3.33350E+11	1.45332E-12	1.89057E+1	7.59272E-1	2.60042E-1
3.33438E+11	2.88058E-13	1.02392E+1	1.09273E+0	1.97384E-1
3.33525E+11	2.25863E-12	7.47523E+1	6.66020E-1	2.44332E+0
3.33613E+11	9.52423E-13	2.11776E+1	4.42770E-1	1.71540E-1
3.33700E+11	3.34422E-13	3.03410E+1	1.74091E-1	1.01898E-1
3.33787E+11	1.91078E-13	2.91148E+1	2.97549E-1	1.65714E-1
3.33875E+11	1.37325E-12	-1.65668E+1	1.09071E+0	-3.24466E-1
3.33963E+11	1.24215E-12	1.54767E+2	-1.29203E+0	6.08892E-1
3.34050E+11	1.95208E-12	5.79978E+1	1.46907E+0	2.35081E+0
3.34137E+11	2.61870E-13	-7.45876E+1	1.27706E-1	-4.63243E-1
3.34225E+11	3.29308E-12	1.89405E+1	2.15393E+0	7.39155E-1
3.34313E+11	3.80001E-13	-2.61496E+1	7.63129E-1	-3.74672E-1
3.34400E+11	3.23817E-14	4.52635E+1	1.61959E-1	1.63456E-1
3.34487E+11	6.95418E-13	2.06569E+1	1.31781E+0	4.96825E-1
3.34575E+11	7.79389E-13	-1.36958E+2	-1.81241E+0	-1.69260E+0
3.34663E+11	5.44358E-13	7.78167E+0	5.79297E-1	7.91651E-2
3.34750E+11	1.38303E-12	-7.21039E+0	3.38876E+0	-4.28725E-1
3.34838E+11	7.64078E-13	1.40330E+2	-8.54616E-1	7.08762E-1
3.34925E+11	7.60888E-13	-9.34838E+1	-3.78464E-2	-6.21671E-1
3.35012E+11	3.23884E-12	6.59396E+1	9.18479E-1	2.05710E+0
3.35100E+11	3.43123E-12	-1.85514E+1	1.96821E+0	-6.60517E-1
3.35188E+11	5.06302E-13	-5.86846E+1	3.27570E-1	-5.38431E-1
3.35275E+11	3.65292E-13	1.56512E+2	-3.06829E-1	1.33335E-1
3.35362E+11	5.63166E-13	1.79063E+2	-6.49302E-1	1.06143E-2
3.35450E+11	1.15389E-12	1.65174E+2	-1.89074E+0	5.00461E-1
3.35538E+11	2.03915E-13	4.70444E+1	1.53102E-1	1.64437E-1
3.35625E+11	1.18774E-12	1.30070E+2	-5.71447E-1	6.79334E-1
3.35712E+11	4.74610E-14	7.37598E+1	4.34865E-2	1.49290E-1
3.35800E+11	2.66941E-13	-8.22095E+1	1.74800E-1	-1.27765E+0
3.35887E+11	7.10688E-13	2.43955E+1	5.27146E-1	2.39074E-1
3.35975E+11	3.95655E-13	1.71332E+1	3.40035E-1	1.04824E-1
3.36063E+11	7.94774E-13	1.39594E+2	-1.54237E+0	1.31296E+0
3.36150E+11	2.93707E-13	-1.11824E+2	-3.12417E-1	-7.80136E-1
3.36237E+11	2.07680E-12	5.22149E+1	4.25987E-1	5.49474E-1
3.36325E+11	7.77320E-13	-8.98401E+1	2.85760E-3	-1.02379E+0
3.36413E+11	6.97373E-13	1.31373E+2	-1.01016E+0	1.14690E+0
3.36500E+11	1.19627E-12	-5.29802E+1	6.86666E-1	-9.10581E-1
3.36587E+11	1.07981E-12	7.89592E+0	1.02715E+0	1.42454E-1
3.36675E+11	9.69170E-13	1.07459E+2	-3.20719E-1	1.01975E+0
3.36763E+11	7.98394E-13	1.62080E+2	-2.02648E+0	6.55319E-1
3.36850E+11	5.95906E-13	-5.25597E+1	5.08461E-1	-6.64070E-1
3.36937E+11	1.02079E-12	8.83763E+1	3.41757E-2	1.20560E+0
3.37025E+11	1.27640E-12	-3.67522E+1	2.54596E+0	-1.90131E+0
3.37112E+11	1.78447E-13	-1.77226E+2	-3.62241E-1	-1.75510E-2
3.37200E+11	4.27331E-13	1.77017E+2	-3.74818E-1	1.95309E-2
3.37288E+11	2.03629E-12	-1.56800E+2	-9.87932E-1	-4.23433E-1
3.37375E+11	2.75791E-13	-1.22625E+2	-2.66854E-1	-4.16871E-1
3.37462E+11	1.92053E-14	9.06082E+1	-1.01385E-3	9.55012E-2
3.37550E+11	9.18148E-13	-6.65250E+1	4.14217E-1	-9.53772E-1
3.37638E+11	8.88839E-13	1.44285E+2	-2.66069E+0	1.91295E+0
3.37725E+11	3.52721E-13	-1.75832E+1	7.26466E-1	-2.30214E-1
3.37812E+11	3.33493E-13	-7.18658E+1	3.80161E-1	-1.16076E+0
3.37900E+11	8.13779E-13	1.06732E+2	-1.58074E+0	5.25830E+0
3.37988E+11	4.56940E-13	-6.06538E+1	4.98046E-1	-8.85834E-1
3.38075E+11	3.11184E-12	-5.91831E+0	1.97431E+0	-2.04663E-1
3.38163E+11	2.48536E-14	-1.27812E+2	-4.57201E-2	-5.89174E-2
3.38250E+11	2.35050E-13	8.34645E+1	2.98477E-1	2.60536E+0
3.38337E+11	3.05326E-12	-2.92890E+0	1.15283E+0	-5.89830E-2
3.38425E+11	3.93202E-13	-1.35970E+2	-1.06026E+0	-1.02495E+0
3.38513E+11	1.90222E-12	5.28689E+1	1.44486E+0	1.90830E+0
3.38600E+11	3.71096E-13	-7.87110E+1	5.08840E-2	-2.54904E-1
3.38687E+11	1.37223E-13	9.73602E+1	-2.35811E-2	1.82557E-1
3.38775E+11	4.93678E-13	-1.54125E+2	-2.90844E-1	-1.41071E-1
3.38863E+11	1.29458E-12	-5.77885E+1	1.04026E+0	-1.65117E+0
3.38950E+11	4.30878E-13	-1.76989E+2	-1.51688E+0	-7.97903E-2
3.39037E+11	1.72809E-12	-5.40293E+1	7.59467E-1	-1.04644E+0
3.39125E+11	4.26115E-12	7.35762E+1	4.11306E-1	1.39536E+0
3.39213E+11	2.90963E-12	-9.02862E+1	-8.95936E-3	-1.79335E+0
3.39300E+11	5.29914E-12	7.13520E+1	7.50401E-1	2.22360E+0
3.39388E+11	2.78374E-13	-1.54576E+2	-3.46163E-1	-1.64550E-1
3.39475E+11	1.16456E-12	-1.42472E+2	-5.00580E-1	-3.84493E-1
3.39562E+11	3.22156E-14	8.46103E+1	2.28700E-2	2.42406E-1
3.39650E+11	2.43628E-12	-2.78183E+1	7.77791E-1	-4.10400E-1
3.39738E+11	1.29673E-13	-4.30525E+1	4.01681E-1	-3.75263E-1
3.39825E+11	1.14803E-12	-1.99939E+1	4.78175E-1	-1.73984E-1
3.39912E+11	7.88278E-13	-9.43682E+0	2.63217E+0	-4.37491E-1
3.40000E+11	1.41803E-12	-6.19170E+1	4.63081E-1	-8.67893E-1
