Position	Channel 1	Channel 2	Channel 3	Channel 4
1.00000E+11	9.77635E-13	-2.73926E+1	1.62212E-2	-3.94928E-2
1.00046E+11	6.79302E-13	-2.65547E+1	2.58196E-2	-3.92941E-2
1.00093E+11	2.48810E-13	-2.78382E+1	-4.05561E-2	5.14317E-4
1.00139E+11	2.64215E-13	-2.90462E+1	-2.89624E-2	2.01692E-2
1.00185E+11	1.66542E-12	-1.81138E+1	-1.18841E-1	-3.62765E-2
1.00231E+11	1.52440E-12	-1.65289E+1	-1.00070E-1	-1.10565E-1
1.00278E+11	5.79284E-12	-1.58470E+1	2.34449E-2	1.59593E-1
1.00324E+11	1.11940E-11	-1.07117E+1	2.86631E-1	-5.22215E-2
1.00370E+11	9.52749E-12	-1.18450E+1	1.72839E-1	-1.88454E-1
1.00416E+11	4.10311E-11	-7.97972E+0	-3.80422E-1	-1.20458E-1
1.00463E+11	7.85160E-11	-3.65060E+0	-1.93834E-1	6.27605E-1
1.00509E+11	2.61851E-11	-5.46102E+0	3.96474E-1	3.56634E-1
1.00555E+11	7.45938E-11	-4.09120E+0	6.08538E-1	-1.39699E-1
1.00601E+11	5.12858E-11	-7.34232E+0	-4.42801E-2	-4.27133E-1
1.00648E+11	3.07908E-11	-6.82712E+0	-4.50744E-1	6.67713E-2
1.00694E+11	5.09671E-11	-6.47482E+0	-1.07534E-1	4.62180E-1
1.00740E+11	9.76974E-11	-5.29518E+0	4.89724E-1	2.35838E-1
1.00786E+11	2.82238E-11	-5.28068E+0	2.84889E-1	-4.63977E-1
1.00833E+11	4.51235E-11	-8.51418E+0	-2.60637E-1	-2.69929E-1
1.00879E+11	1.09005E-10	-6.64388E+0	-4.43959E-1	1.39560E-1
1.00925E+11	4.31088E-11	-5.97740E+0	7.74412E-2	4.96490E-1
1.00971E+11	7.76094E-11	-7.68792E+0	4.12569E-1	-9.18961E-3
1.01018E+11	1.95918E-10	-7.08299E+0	1.90295E-1	-3.99421E-1
1.01064E+11	7.46033E-11	-6.95495E+0	-3.46233E-1	-2.85884E-1
1.01110E+11	7.37386E-11	-8.94330E+0	-2.24691E-1	2.77598E-1
1.01156E+11	1.08056E-10	-9.21173E+0	2.50591E-1	2.38969E-1
1.01203E+11	1.36884E-11	-1.20744E+1	2.43440E-1	-5.25444E-2
1.01249E+11	1.70823E-11	-9.78417E+0	-1.77243E-1	-2.71441E-1
1.01295E+11	1.70863E-11	-1.23154E+1	-2.42229E-1	-9.08086E-4
1.01341E+11	1.27590E-12	-1.53450E+1	1.30892E-1	1.09887E-1
1.01388E+11	7.37098E-13	-1.40858E+1	1.91986E-1	-4.66222E-2
1.01434E+11	4.23140E-14	-3.11098E+1	1.22141E-2	-2.50063E-2
1.01480E+11	1.52937E-13	-1.42538E+1	-1.91720E-1	2.81892E-2
1.01526E+11	1.38045E-12	-6.57271E+0	5.91791E-2	-4.65460E-1
1.01573E+11	3.16483E-12	-5.23301E+0	8.89872E-2	-5.40176E-1
1.01619E+11	6.79783E-13	7.52458E-2	-3.02097E-1	9.62400E-1
1.01665E+11	4.46109E-12	1.70481E+1	6.58509E+0	2.70433E+0
1.01711E+11	6.81565E-13	1.48083E+0	1.13225E+0	-3.52603E-1
1.01758E+11	1.30414E-12	-5.33521E-1	8.98508E-1	-2.77636E-1
1.01804E+11	5.17282E-13	1.12842E+0	1.08695E+0	3.39485E-1
1.01850E+11	2.11047E-12	3.94947E+0	1.20018E+0	1.02098E+0
1.01896E+11	1.65731E-12	3.90890E+0	1.52686E+0	-3.58391E-1
1.01943E+11	1.81927E-12	-2.12168E+0	-3.12923E-2	7.82653E-1
1.01989E+11	2.26753E-12	4.20976E+0	-4.76139E-1	-1.55225E+0
1.02035E+11	5.43523E-12	3.26885E+0	1.03503E+0	1.02537E+0
1.02081E+11	1.34780E-12	2.07608E+0	2.16771E-1	-1.25136E+0
1.02128E+11	1.24102E-12	1.31982E+0	-6.17431E-1	-9.86871E-1
1.02174E+11	2.72075E-13	-3.43047E-1	7.79510E-1	-5.62506E-1
1.02220E+11	3.78587E-12	1.52945E+1	-5.77010E+0	7.39832E-1
1.02266E+11	3.53467E-12	9.14303E-1	1.04572E-1	-1.10607E+0
1.02313E+11	6.95569E-13	-5.94319E+0	3.10425E-1	-3.97659E-1
1.02359E+11	2.39055E-12	9.09096E+0	-2.23346E+0	1.76722E+0
1.02405E+11	1.38894E-12	8.02277E+0	-1.50927E+0	-2.01615E+0
1.02451E+11	2.44974E-12	3.61639E+0	-8.11740E-1	-1.28086E+0
1.02498E+11	7.28665E-13	-6.82235E+0	4.31984E-1	1.45763E-1
1.02544E+11	2.59945E-14	-5.87330E+0	5.02168E-1	8.03228E-2
1.02590E+11	1.56741E-12	7.23537E+0	2.19251E+0	-6.95613E-1
1.02636E+11	4.30654E-13	-3.70970E+0	-3.57269E-1	5.45881E-1
1.02683E+11	1.42929E-12	1.46619E-1	1.91275E-1	-9.98875E-1
1.02729E+11	1.01192E-12	1.60637E+1	6.25746E+0	1.11479E+0
1.02775E+11	1.30674E-13	1.57374E+1	-1.64339E-1	-6.11947E+0
1.02821E+11	1.99269E-12	5.58047E+0	-1.90090E+0	-3.26691E-2
1.02868E+11	5.18239E-13	9.68195E+0	2.15612E-1	-3.04095E+0
1.02914E+11	2.91199E-13	-5.67563E+0	-5.02169E-1	1.35992E-1
1.02960E+11	9.65930E-13	-9.03744E+0	1.44030E-2	3.52994E-1
1.03006E+11	1.43267E-12	-3.42141E+0	4.04729E-1	-5.39476E-1
1.03053E+11	2.57895E-12	5.64793E+0	-1.45345E+0	-1.24843E+0
1.03099E+11	4.68376E-13	-1.27865E+1	-2.13845E-1	-8.31546E-2
1.03145E+11	6.50598E-13	-8.29492E+0	6.85650E-2	3.78659E-1
1.03191E+11	2.64700E-12	3.41483E+0	1.45134E+0	-2.98077E-1
1.03238E+11	2.00939E-12	-4.37804E+0	-2.11180E-1	-5.65970E-1
1.03284E+11	5.46977E-13	-1.04445E+1	6.34239E-3	3.00384E-1
1.03330E+11	1.12514E-12	-8.37423E+0	2.85637E-1	2.52618E-1
1.03376E+11	8.84378E-14	-1.20409E+1	4.95411E-2	-2.45050E-1
1.03423E+11	7.26333E-13	4.35318E+0	1.16196E+0	-1.17241E+0
1.03469E+11	2.84061E-13	-3.51612E+0	4.41595E-1	-5.00022E-1
1.03515E+11	1.82607E-13	-8.04193E+0	-3.20309E-1	-2.33171E-1
1.03561E+11	6.03512E-13	-3.94961E+0	5.81411E-1	-2.54390E-1
1.03608E+11	3.42446E-13	-1.30032E+0	4.29966E-1	-7.45912E-1
1.03654E+11	1.90986E-12	1.84849E+0	4.06475E-1	-1.16847E+0
1.03700E+11	2.54744E-14	-1.91903E+1	8.16695E-2	-7.33468E-2
1.03746E+11	4.62171E-13	-7.84925E+0	-5.08679E-2	-4.01870E-1
1.03793E+11	9.98376E-13	2.43474E-1	6.95127E-2	-1.02608E+0
1.03839E+11	7.77829E-13	3.32398E-2	6.76347E-1	7.41780E-1
1.03885E+11	1.10126E-12	-3.23789E+0	3.77178E-1	5.76376E-1
1.03931E+11	1.62913E-12	1.54490E+1	-2.57378E+0	5.33318E+0
1.03978E+11	1.01635E-12	1.50683E+0	9.04185E-1	-7.72794E-1
1.04024E+11	4.29354E-13	-1.26134E+0	4.20692E-1	7.55617E-1
1.04070E+11	9.90179E-13	-2.70418E+0	6.80430E-1	-2.71165E-1
1.04116E+11	1.47931E-13	-3.14748E+0	6.15479E-1	3.25021E-1
1.04163E+11	9.58326E-13	8.50021E-1	2.12741E-1	1.08210E+0
1.04209E+11	1.78141E-13	-8.74474E+0	1.62599E-1	3.27224E-1
1.04255E+11	1.34956E-12	3.61185E+0	1.51380E+0	7.43494E-2
1.04301E+11	4.65773E-13	-7.46304E+0	4.02691E-1	-1.31102E-1
1.04348E+11	1.92790E-12	2.44824E+0	-3.42055E-1	1.28071E+0
1.04394E+11	7.15424E-13	5.81657E+0	-1.42665E+0	1.33458E+0
1.04440E+11	1.07881E-12	-6.00991E+0	-9.38276E-2	-4.91744E-1
1.04486E+11	2.38789E-12	1.54024E+0	-6.24447E-1	-1.01772E+0
1.04533E+11	1.22992E-12	3.97137E+0	1.57224E+0	1.53152E-1
1.04579E+11	1.56784E-13	-5.36652E+0	3.77183E-1	-3.85185E-1
1.04625E+11	1.35840E-12	6.87321E+0	-2.08093E+0	-7.33076E-1
1.04671E+11	9.75113E-13	-4.31575E+0	-2.15544E-1	-5.68973E-1
1.04718E+11	9.96938E-13	5.32878E+0	9.74382E-2	-1.84431E+0
1.04764E+11	7.71292E-13	-2.13906E+0	-7.67818E-1	1.46728E-1
1.04810E+11	1.03173E-12	1.75498E+1	6.27883E+0	-4.17844E+0
1.04856E+11	2.98998E-13	-6.80159E+0	-2.46334E-1	-3.84932E-1
1.04903E+11	2.41661E-13	-7.43946E+0	-6.28344E-2	4.19971E-1
1.04949E+11	5.15363E-12	1.42057E+1	4.14484E+0	-3.02615E+0
1.04995E+11	6.05588E-13	-7.30939E+0	-6.53030E-2	4.26077E-1
1.05041E+11	1.69642E-12	-3.10940E+0	6.83947E-1	-1.44691E-1
1.05088E+11	1.18231E-12	-5.67378E+0	1.47442E-1	4.99043E-1
1.05134E+11	3.75613E-14	-2.10369E+1	-1.42316E-2	-8.75989E-2
1.05180E+11	1.72672E-13	-1.38336E+1	2.01619E-1	2.67493E-2
1.05226E+11	2.54507E-13	-9.92320E+0	2.33094E-1	-2.17834E-1
1.05273E+11	5.77121E-14	3.67386E+0	7.64053E-1	1.32151E+0
1.05319E+11	3.85324E-13	-3.43017E+0	3.60428E-1	5.69223E-1
1.05365E+11	6.02277E-13	4.77723E-1	9.91076E-1	3.66125E-1
1.05411E+11	2.77391E-13	-1.28955E+1	-1.16010E-2	2.26284E-1
1.05458E+11	3.38272E-14	-8.05127E+0	-3.54091E-1	-1.76774E-1
1.05504E+11	9.93520E-13	-5.58121E+0	5.04727E-1	-1.47879E-1
1.05550E+11	6.43193E-13	1.63675E+0	-9.42684E-1	-7.54367E-1
1.05596E+11	1.41065E-12	-1.86057E+0	-6.89735E-1	-4.19296E-1
1.05643E+11	1.90051E-13	-1.31544E+1	-7.21002E-2	-2.07773E-1
1.05689E+11	2.66223E-12	6.63194E+0	1.87221E-1	-2.13766E+0
1.05735E+11	1.19288E-12	3.41144E-2	-9.83096E-1	-2.03490E-1
1.05781E+11	1.50249E-12	-7.17112E-1	9.19689E-1	-4.43032E-2
1.05828E+11	2.74373E-13	-6.98694E+0	7.81639E-2	-4.40474E-1
1.05874E+11	4.10853E-12	4.52654E+0	9.38028E-1	1.39849E+0
1.05920E+11	9.00714E-13	-1.80938E+0	-6.88011E-1	4.31173E-1
1.05966E+11	2.23870E-13	-6.38811E+0	-4.08269E-1	2.51061E-1
1.06012E+11	4.95700E-13	-9.93598E+0	-2.25288E-1	2.25234E-1
1.06059E+11	1.99023E-12	-2.26128E+0	5.78563E-1	-5.09296E-1
1.06105E+11	4.90213E-13	-7.54528E+0	3.05176E-1	-2.87839E-1
1.06151E+11	7.96878E-13	-2.19487E+0	7.19948E-1	2.91455E-1
1.06197E+11	9.93871E-13	-5.70765E+0	1.18410E-1	5.04637E-1
1.06244E+11	4.32467E-13	-4.29704E+1	5.60399E-3	-4.36546E-3
1.06290E+11	2.47524E-12	-4.72810E+1	1.72122E-3	-3.96738E-3
1.06336E+11	6.20118E-13	-7.01579E+1	6.63894E-5	3.03353E-4
1.06382E+11	2.32001E-13	-8.48517E+1	5.28192E-5	2.19611E-5
1.06429E+11	1.81146E-13	-8.62075E+1	4.03752E-6	-4.87685E-5
1.06475E+11	1.68058E-12	-7.84701E+1	-1.18462E-4	1.37686E-5
1.06521E+11	2.46976E-12	-8.18036E+1	-7.60532E-5	2.85903E-5
1.06567E+11	8.43878E-13	-8.51758E+1	1.38588E-5	-5.33360E-5
1.06614E+11	1.07444E-12	-8.39527E+1	2.13741E-5	-5.97308E-5
1.06660E+11	6.29971E-13	-8.99215E+1	2.59875E-5	-1.85173E-5
1.06706E+11	2.03998E-13	-9.42128E+1	1.52676E-5	1.20819E-5
1.06752E+11	8.60258E-14	-9.71947E+1	5.42037E-6	-1.27043E-5
1.06799E+11	4.27436E-13	-9.26842E+1	2.25270E-5	5.61524E-6
1.06845E+11	2.96831E-13	-9.40839E+1	-1.37641E-5	-1.41789E-5
1.06891E+11	5.45278E-15	-1.09966E+2	1.71170E-6	2.67381E-6
1.06937E+11	2.84771E-12	-8.31054E+1	6.54138E-5	2.47544E-5
1.06984E+11	1.04164E-11	-7.88202E+1	5.13030E-5	-1.02418E-4
1.07030E+11	6.17980E-11	-6.91559E+1	-3.21870E-4	-1.33616E-4
1.07076E+11	5.80400E-9	-5.03111E+1	-1.64673E-3	2.56844E-3
1.07122E+11	8.13069E-7	-3.21345E+1	1.74686E-2	1.75090E-2
1.07169E+11	1.81806E-6	-2.50699E+1	4.88570E-2	-2.69218E-2
1.07215E+11	2.73497E-6	-2.33914E+1	-1.55327E-2	-6.58686E-2
1.07261E+11	7.24792E-6	-2.13790E+1	-8.49984E-2	7.39734E-3
1.07307E+11	2.00779E-6	-2.07360E+1	-2.79817E-2	8.75112E-2
1.07354E+11	1.50125E-6	-2.12147E+1	6.84679E-2	5.35940E-2
1.07400E+11	2.36537E-6	-2.21876E+1	6.64783E-2	-4.02914E-2
1.07446E+11	5.59087E-7	-2.07520E+1	-3.32675E-2	-8.54600E-2
1.07492E+11	8.44202E-7	-1.74455E+1	-1.29902E-1	3.36578E-2
1.07539E+11	4.69192E-6	-1.32463E+1	-4.77788E-2	2.12304E-1
1.07585E+11	2.70200E-6	-9.54099E+0	2.62066E-1	2.06081E-1
1.07631E+11	3.27692E-6	-6.87979E+0	3.75707E-1	-2.52924E-1
1.07677E+11	1.28596E-5	-5.64889E+0	-1.60608E-1	-4.96533E-1
1.07724E+11	4.24035E-6	-5.09560E+0	-5.56103E-1	-9.62781E-3
1.07770E+11	3.44135E-6	-3.91366E+0	-1.27021E-1	6.24473E-1
1.07816E+11	1.16161E-5	-3.50740E+0	6.13248E-1	2.64292E-1
1.07862E+11	7.04745E-6	-3.17493E+0	3.69037E-1	-5.87548E-1
1.07909E+11	4.96967E-6	-2.59641E+0	-5.32962E-1	-5.15701E-1
1.07955E+11	1.16170E-5	-2.71815E+0	-5.87996E-1	4.34802E-1
1.08001E+11	7.97564E-6	-3.27660E+0	2.30835E-1	6.45737E-1
1.08047E+11	4.20746E-6	-2.82223E+0	7.13598E-1	-1.13605E-1
1.08094E+11	7.66594E-6	-2.82456E+0	-5.26570E-2	-7.20468E-1
1.08140E+11	9.89897E-6	-3.57093E+0	-6.60926E-1	-5.12221E-2
1.08186E+11	3.88093E-6	-3.91389E+0	-1.58265E-1	6.17278E-1
1.08232E+11	6.26046E-6	-3.62167E+0	5.99659E-1	2.73408E-1
1.08279E+11	1.59216E-5	-4.68579E+0	3.48852E-1	-4.67180E-1
1.08325E+11	8.86781E-6	-4.70255E+0	-3.24721E-1	-4.82909E-1
1.08371E+11	1.47546E-5	-4.97352E+0	-5.01984E-1	2.57244E-1
1.08417E+11	5.17888E-5	-5.42066E+0	1.78970E-1	5.04979E-1
1.08464E+11	2.95117E-5	-5.99454E+0	5.00734E-1	-2.77503E-2
1.08510E+11	3.42275E-5	-5.07672E+0	1.08274E-1	-5.46779E-1
1.08556E+11	7.22495E-5	-5.68731E+0	-4.77375E-1	-2.05071E-1
1.08602E+11	4.78857E-5	-6.93073E+0	-2.96636E-1	3.38735E-1
1.08649E+11	3.78620E-5	-6.38036E+0	2.58776E-1	4.03931E-1
1.08695E+11	7.36720E-5	-6.47876E+0	4.13561E-1	-2.32243E-1
1.08741E+11	5.84942E-5	-7.46596E+0	-1.59185E-1	-3.92285E-1
1.08787E+11	3.41572E-5	-8.47708E+0	-3.76428E-1	1.74072E-2
1.08834E+11	6.60581E-5	-6.99657E+0	-1.08720E-1	4.33433E-1
1.08880E+11	7.19578E-5	-7.56367E+0	3.87394E-1	1.58638E-1
1.08926E+11	5.35386E-5	-8.20333E+0	2.43868E-1	-3.02933E-1
1.08972E+11	8.09890E-5	-6.57778E+0	-2.85937E-1	-3.71669E-1
1.09019E+11	1.12194E-4	-6.50954E+0	-3.85972E-1	2.72776E-1
1.09065E+11	9.74876E-5	-6.80306E+0	1.93453E-1	4.13955E-1
1.09111E+11	9.03871E-5	-6.31548E+0	4.79241E-1	-6.25875E-2
1.09157E+11	1.24379E-4	-5.19132E+0	2.43176E-2	-5.49553E-1
1.09204E+11	1.42049E-4	-6.39846E+0	-4.63997E-1	-1.17791E-1
1.09250E+11	9.88629E-5	-6.96213E+0	-1.93643E-1	4.04692E-1
1.09296E+11	1.03513E-4	-5.97136E+0	3.84967E-1	3.23498E-1
1.09342E+11	1.90254E-4	-6.55924E+0	3.02701E-1	-3.59460E-1
1.09389E+11	9.79557E-5	-7.41569E+0	-2.49804E-1	-3.44836E-1
1.09435E+11	6.95681E-5	-7.36132E+0	-4.02165E-1	1.47855E-1
1.09481E+11	1.97475E-4	-6.26898E+0	9.30906E-2	4.76904E-1
1.09527E+11	1.13840E-4	-7.51551E+0	4.20516E-1	-1.89723E-2
1.09574E+11	7.38476E-5	-7.52096E+0	7.03107E-2	-4.14763E-1
1.09620E+11	1.66303E-4	-6.97005E+0	-3.94855E-1	-2.12123E-1
1.09666E+11	2.17487E-4	-6.50267E+0	-2.53741E-1	3.99187E-1
1.09712E+11	1.22015E-4	-6.43110E+0	3.33786E-1	3.40645E-1
1.09759E+11	2.22546E-4	-6.61263E+0	3.84255E-1	-2.65498E-1
1.09805E+11	4.50031E-4	-6.24500E+0	-1.74569E-1	-4.54902E-1
1.09851E+11	2.02151E-4	-6.00020E+0	-4.77176E-1	1.53233E-1
1.09897E+11	3.13297E-4	-5.90341E+0	5.74853E-2	5.03521E-1
1.09944E+11	7.03978E-4	-6.12513E+0	4.89046E-1	6.99182E-2
1.09990E+11	3.03735E-4	-6.13781E+0	1.28348E-1	-4.76309E-1
1.10036E+11	3.41585E-4	-5.85825E+0	-4.42203E-1	-2.52939E-1
1.10082E+11	7.54264E-4	-6.25912E+0	-3.42374E-1	3.45571E-1
1.10129E+11	4.06545E-4	-5.88928E+0	2.40793E-1	4.46871E-1
1.10175E+11	3.29958E-4	-5.99774E+0	4.64202E-1	-1.89302E-1
1.10221E+11	8.98684E-4	-5.61287E+0	-1.07597E-1	-5.12865E-1
1.10267E+11	4.71830E-4	-6.11086E+0	-4.94776E-1	7.36823E-3
1.10314E+11	3.56939E-4	-5.24732E+0	-6.31754E-2	5.42892E-1
1.10360E+11	8.00063E-4	-5.72878E+0	4.76361E-1	2.01135E-1
1.10406E+11	4.99465E-4	-6.57987E+0	2.87289E-1	-3.70483E-1
1.10452E+11	3.17087E-4	-6.36734E+0	-2.34527E-1	-4.19300E-1
1.10499E+11	7.13704E-4	-5.40157E+0	-5.02017E-1	1.90466E-1
1.10545E+11	6.89233E-4	-5.74280E+0	8.57729E-2	5.09075E-1
1.10591E+11	2.38088E-4	-6.90375E+0	4.50559E-1	3.15296E-2
1.10637E+11	4.19228E-4	-5.44558E+0	2.49063E-1	-4.72609E-1
1.10684E+11	7.33633E-4	-5.28317E+0	-3.86119E-1	-3.83640E-1
1.10730E+11	2.71464E-4	-6.04408E+0	-4.45154E-1	2.24699E-1
1.10776E+11	3.89206E-4	-5.31453E+0	6.29813E-2	5.38673E-1
1.10822E+11	1.31583E-3	-2.82605E+0	7.21794E-1	2.61177E-2
1.10869E+11	3.79636E-4	-4.63662E+0	1.03713E-1	-5.77121E-1
1.10915E+11	3.72426E-4	-4.49240E+0	-4.88468E-1	-3.41810E-1
1.10961E+11	1.39926E-3	-1.74871E+0	-6.98326E-1	4.25302E-1
1.11007E+11	4.76114E-4	-3.08158E+0	1.25852E-1	6.89943E-1
1.11054E+11	4.08714E-4	-2.79914E+0	7.17297E-1	1.01959E-1
1.11100E+11	1.14406E-3	-9.02851E-1	4.34375E-1	-7.89693E-1
1.11146E+11	7.42776E-4	-1.20510E-1	-8.15893E-1	-5.54032E-1
1.11192E+11	5.30875E-4	-4.07367E-1	-7.21005E-1	6.24993E-1
1.11239E+11	9.67354E-4	6.79218E-1	3.44560E-1	1.02497E+0
1.11285E+11	1.09779E-3	2.62954E+0	1.34781E+0	1.24620E-1
1.11331E+11	6.84930E-4	3.29697E+0	4.88016E-1	-1.37779E+0
1.11377E+11	9.30028E-4	4.35873E+0	-1.35371E+0	-9.46384E-1
1.11424E+11	1.16385E-3	4.48093E+0	-1.31016E+0	1.04380E+0
1.11470E+11	8.53890E-4	6.73916E+0	1.03536E+0	1.90991E+0
1.11516E+11	6.83025E-4	5.98703E+0	1.94116E+0	-4.48427E-1
1.11562E+11	1.26823E-3	5.78454E+0	2.97511E-1	-1.92350E+0
1.11609E+11	8.40615E-4	6.78380E+0	-1.88075E+0	-1.10962E+0
1.11655E+11	6.84178E-4	7.93694E+0	-1.58229E+0	1.92743E+0
1.11701E+11	1.59206E-3	6.53079E+0	1.54734E+0	1.45064E+0
1.11747E+11	8.56305E-4	6.88274E+0	1.70737E+0	-1.40116E+0
1.11794E+11	4.30249E-4	7.81603E+0	-1.29779E+0	-2.08893E+0
1.11840E+11	5.50367E-4	6.84542E+0	-2.11125E+0	6.15811E-1
1.11886E+11	6.84676E-4	5.75973E+0	2.75522E-2	1.94063E+0
1.11932E+11	2.49974E-4	8.07724E+0	2.46907E+0	5.71383E-1
1.11979E+11	4.31611E-4	6.19572E+0	5.01574E-1	-1.97813E+0
1.12025E+11	6.24395E-4	5.09847E+0	-1.63989E+0	-7.38620E-1
1.12071E+11	2.09910E-4	6.58451E+0	-1.21281E+0	1.75605E+0
1.12117E+11	2.96140E-4	6.44515E+0	1.35554E+0	1.60415E+0
1.12164E+11	3.75642E-4	5.28568E+0	1.66742E+0	-7.72654E-1
1.12210E+11	2.15392E-4	6.29354E+0	-2.00485E-1	-2.05409E+0
1.12256E+11	1.61454E-4	6.02651E+0	-1.98674E+0	-2.41454E-1
1.12302E+11	2.89150E-4	5.88243E+0	-4.70098E-1	1.91148E+0
1.12349E+11	2.01274E-4	5.69570E+0	1.70798E+0	8.91329E-1
1.12395E+11	8.11569E-5	5.51277E+0	1.13769E+0	-1.50474E+0
1.12441E+11	1.17359E-4	4.94294E+0	-6.70161E-1	-1.63459E+0
1.12487E+11	1.77123E-4	4.67783E+0	-1.69357E+0	2.60750E-1
1.12534E+11	4.82340E-5	4.39362E+0	2.37160E-2	1.65820E+0
1.12580E+11	6.28602E-5	3.00154E+0	1.38864E+0	2.60111E-1
1.12626E+11	2.39934E-4	1.07063E+0	4.32246E-1	-1.04534E+0
1.12672E+11	4.55085E-5	1.33864E+0	-1.00710E+0	-5.88876E-1
1.12719E+11	4.70649E-5	3.82306E-1	-7.56199E-1	7.21237E-1
1.12765E+11	2.22820E-4	-2.29272E+0	2.81932E-1	7.14385E-1
1.12811E+11	4.03043E-5	-2.87464E+0	7.16566E-1	-4.89689E-2
1.12857E+11	3.90329E-5	-3.85616E+0	2.41450E-2	-6.41039E-1
1.12904E+11	1.97736E-4	-5.37696E+0	-5.37316E-1	-3.50533E-2
1.12950E+11	5.38580E-5	-6.40973E+0	-1.41724E-1	4.56605E-1
1.12996E+11	3.62356E-5	-8.40191E+0	3.34630E-1	1.80285E-1
1.13042E+11	2.18976E-4	-7.46180E+0	2.32502E-1	-3.54037E-1
1.13089E+11	8.98207E-5	-9.69805E+0	-1.85937E-1	-2.69495E-1
1.13135E+11	5.61138E-5	-1.04256E+1	-2.60700E-1	1.50667E-1
1.13181E+11	2.00585E-4	-9.44028E+0	1.63460E-1	2.95019E-1
1.13227E+11	2.02906E-4	-1.00958E+1	2.75181E-1	-1.48639E-1
1.13274E+11	1.17037E-4	-9.72536E+0	-1.00967E-1	-3.10377E-1
1.13320E+11	3.39966E-4	-8.38163E+0	-3.61593E-1	1.20029E-1
1.13366E+11	5.55514E-4	-7.57605E+0	6.25900E-2	4.13308E-1
1.13412E+11	2.47296E-4	-7.51929E+0	4.20200E-1	2.17278E-2
1.13459E+11	4.21469E-4	-5.72084E+0	6.87817E-2	-5.12966E-1
1.13505E+11	1.11734E-3	-4.79351E+0	-5.61345E-1	-1.28522E-1
1.13551E+11	5.28079E-4	-4.35721E+0	-1.40298E-1	5.89058E-1
1.13597E+11	5.36112E-4	-3.63025E+0	5.96296E-1	2.79136E-1
1.13644E+11	1.79568E-3	-2.74967E+0	4.17769E-1	-5.96987E-1
1.13690E+11	1.16504E-3	-1.99912E+0	-5.78108E-1	-5.44864E-1
1.13736E+11	7.44227E-4	-2.02940E+0	-6.21839E-1	4.89915E-1
1.13782E+11	2.11662E-3	-1.56770E+0	4.99664E-1	6.68828E-1
1.13829E+11	1.74861E-3	-1.53159E+0	7.52312E-1	-3.69921E-1
1.13875E+11	8.93384E-4	-1.43679E+0	-3.32023E-1	-7.79799E-1
1.13921E+11	1.62093E-3	-1.31418E+0	-8.50296E-1	1.26057E-1
1.13967E+11	1.76378E-3	-1.16288E+0	-4.07416E-2	8.73744E-1
1.14014E+11	1.12898E-3	-8.92944E-1	8.54898E-1	2.88621E-1
1.14060E+11	1.26112E-3	-1.18269E+0	3.50947E-1	-7.99026E-1
1.14106E+11	1.75674E-3	-1.08595E+0	-7.43780E-1	-4.74925E-1
1.14152E+11	1.19688E-3	-1.36686E+0	-5.49858E-1	6.53943E-1
1.14199E+11	1.03335E-3	-1.01983E+0	5.89099E-1	6.66086E-1
1.14245E+11	1.21797E-3	-1.35479E+0	7.63589E-1	-3.85939E-1
1.14291E+11	1.16450E-3	-1.15043E+0	-1.58161E-1	-8.61551E-1
1.14337E+11	7.00728E-4	-9.85612E-1	-8.92116E-1	-3.30704E-2
1.14384E+11	6.91800E-4	-1.43219E+0	-2.70634E-2	8.47558E-1
1.14430E+11	1.17691E-3	-2.12566E+0	7.65034E-1	1.66392E-1
1.14476E+11	5.49521E-4	-1.39287E+0	3.20576E-1	-7.89214E-1
1.14522E+11	6.29194E-4	-8.11740E-1	-7.94485E-1	-4.45322E-1
1.14569E+11	1.67098E-3	-1.69549E+0	-5.63804E-1	5.99091E-1
1.14615E+11	4.50319E-4	-1.91313E+0	3.63679E-1	7.15152E-1
1.14661E+11	4.47409E-4	-1.27497E+0	8.35997E-1	-2.16110E-1
1.14707E+11	1.70606E-3	-1.42985E+0	-2.58282E-1	-8.07939E-1
1.14754E+11	4.10163E-4	-2.50030E+0	-7.33935E-1	1.53760E-1
1.14800E+11	3.46202E-4	-2.29577E+0	-2.30981E-3	7.67732E-1
1.14846E+11	1.54955E-3	-1.10376E+0	8.65153E-1	1.64578E-1
1.14892E+11	4.92986E-4	-2.15926E+0	3.24305E-1	-7.09271E-1
1.14939E+11	3.08691E-4	-2.07891E+0	-5.57947E-1	-5.55240E-1
1.14985E+11	8.53185E-4	-1.56458E+0	-6.94959E-1	4.63173E-1
1.15031E+11	8.68655E-4	-1.46776E+0	4.72137E-1	7.00219E-1
1.15077E+11	2.98957E-4	-2.70190E+0	6.70129E-1	-2.96182E-1
1.15124E+11	7.22139E-4	-1.93655E+0	-9.49357E-2	-7.94500E-1
1.15170E+11	1.35846E-3	-1.31418E+0	-8.52975E-1	-1.06433E-1
1.15216E+11	3.55012E-4	-2.32677E+0	-2.60512E-1	7.19276E-1
1.15262E+11	4.82101E-4	-2.40783E+0	6.28005E-1	4.24279E-1
1.15309E+11	1.58138E-3	-1.66706E+0	5.50375E-1	-6.15075E-1
1.15355E+11	4.83287E-4	-1.68998E+0	-6.32621E-1	-5.26721E-1
1.15401E+11	3.85943E-4	-3.00946E+0	-5.75468E-1	4.11014E-1
1.15447E+11	1.55709E-3	-2.13783E+0	1.42331E-1	7.68758E-1
1.15494E+11	6.15195E-4	-1.19489E+0	8.66538E-1	9.26354E-2
1.15540E+11	3.87339E-4	-2.18854E+0	2.10287E-1	-7.48286E-1
1.15586E+11	1.23088E-3	-2.27812E+0	-6.91169E-1	-3.37791E-1
1.15632E+11	6.43718E-4	-1.93672E+0	-4.50758E-1	6.61087E-1
1.15679E+11	4.01565E-4	-1.59702E+0	6.95452E-1	4.56785E-1
1.15725E+11	9.74304E-4	-2.18440E+0	5.64701E-1	-5.34641E-1
1.15771E+11	6.69301E-4	-2.08314E+0	-2.68236E-1	-7.39623E-1
1.15817E+11	3.91792E-4	-1.68626E+0	-8.23532E-1	4.50305E-3
1.15864E+11	7.39110E-4	-1.79925E+0	-1.08274E-1	8.05658E-1
1.15910E+11	7.68971E-4	-2.09042E+0	7.44216E-1	2.53179E-1
1.15956E+11	3.61702E-4	-2.30011E+0	3.98283E-1	-6.55895E-1
1.16002E+11	5.27837E-4	-1.74265E+0	-6.34780E-1	-5.16265E-1
1.16049E+11	9.94629E-4	-1.74991E+0	-6.75104E-1	4.61076E-1
1.16095E+11	3.45022E-4	-2.22619E+0	2.06148E-1	7.45949E-1
1.16141E+11	4.16165E-4	-1.65031E+0	8.24245E-1	-6.69502E-2
1.16187E+11	1.24647E-3	-1.28527E+0	-5.08450E-2	-8.60955E-1
1.16234E+11	4.51400E-4	-1.62118E+0	-8.28956E-1	-3.60088E-2
1.16280E+11	3.69870E-4	-2.07797E+0	-2.74623E-1	7.37776E-1
1.16326E+11	1.06322E-3	-9.28788E-1	7.12140E-1	5.48012E-1
1.16372E+11	6.11364E-4	-1.01721E+0	7.41856E-1	-4.90750E-1
1.16419E+11	3.71127E-4	-1.82150E+0	-2.23628E-1	-7.79372E-1
1.16465E+11	6.80802E-4	-1.28548E+0	-8.60409E-1	5.90729E-2
1.16511E+11	9.33790E-4	-6.42495E-1	2.03298E-2	9.28477E-1
1.16557E+11	5.10188E-4	-9.53276E-1	8.94937E-1	4.48085E-2
1.16604E+11	5.16845E-4	-1.94657E+0	3.54107E-1	-7.16503E-1
1.16650E+11	7.98213E-4	-6.40039E-1	-6.22246E-1	-6.89769E-1
1.16696E+11	6.67233E-4	-1.56538E-1	-8.59760E-1	4.74774E-1
1.16742E+11	3.42295E-4	-1.13194E+0	2.95829E-1	8.26465E-1
1.16789E+11	8.27823E-4	-7.81348E-1	9.03871E-1	-1.35505E-1
1.16835E+11	8.68924E-4	7.20283E-2	-8.15037E-2	-1.00503E+0
1.16881E+11	4.63701E-4	7.24877E-2	-1.00802E+0	2.71418E-2
1.16927E+11	6.17020E-4	-7.25906E-1	-3.32085E-1	8.57785E-1
1.16974E+11	1.18170E-3	8.78102E-3	7.44195E-1	6.69476E-1
1.17020E+11	5.18626E-4	6.74488E-1	8.66123E-1	-6.46411E-1
1.17066E+11	6.71394E-4	-1.16572E-1	-5.70140E-1	-8.05268E-1
1.17112E+11	1.37585E-3	1.51149E-1	-9.24445E-1	4.25226E-1
1.17159E+11	6.84772E-4	1.00098E+0	3.68775E-1	1.05982E+0
1.17205E+11	6.18989E-4	8.09911E-1	1.06045E+0	-2.83666E-1
1.17251E+11	1.25514E-3	1.58816E-1	1.20696E-1	-1.01128E+0
1.17297E+11	7.74748E-4	8.61323E-1	-9.97221E-1	-4.74249E-1
1.17344E+11	6.22608E-4	1.89418E+0	-6.73507E-1	1.04553E+0
1.17390E+11	1.43237E-3	9.54368E-1	9.27557E-1	6.20810E-1
1.17436E+11	9.94364E-4	1.30026E+0	8.68863E-1	-7.70792E-1
1.17482E+11	5.59448E-4	1.94653E+0	-6.22371E-1	-1.08543E+0
1.17529E+11	1.40574E-3	2.06897E+0	-1.13877E+0	5.59877E-1
1.17575E+11	1.01037E-3	1.01029E+0	2.10279E-1	1.10349E+0
1.17621E+11	5.77115E-4	1.67361E+0	1.21050E+0	6.96011E-2
1.17667E+11	9.18821E-4	2.45628E+0	8.51143E-2	-1.32409E+0
1.17714E+11	1.53115E-3	1.98956E+0	-1.25740E+0	-4.74279E-3
1.17760E+11	6.50866E-4	1.88709E+0	-2.06549E-1	1.22538E+0
1.17806E+11	6.55579E-4	2.41886E+0	1.25754E+0	4.04921E-1
1.17853E+11	2.14594E-3	2.59233E+0	6.39604E-1	-1.18634E+0
1.17899E+11	7.02740E-4	1.71784E+0	-9.10605E-1	-8.09936E-1
1.17945E+11	5.94220E-4	2.13263E+0	-1.05779E+0	7.17721E-1
1.17991E+11	1.71028E-3	2.45716E+0	7.34291E-1	1.10528E+0
1.18038E+11	1.06812E-3	2.59658E+0	1.12891E+0	-7.37447E-1
1.18084E+11	5.51086E-4	2.08791E+0	-6.23143E-1	-1.10860E+0
1.18130E+11	1.03886E-3	2.09579E+0	-1.18433E+0	4.66484E-1
1.18176E+11	1.35431E-3	2.56143E+0	3.13530E-1	1.30588E+0
1.18223E+11	5.21522E-4	1.79861E+0	1.22901E+0	-5.12072E-2
1.18269E+11	7.49049E-4	1.97063E+0	5.17618E-2	-1.25361E+0
1.18315E+11	1.57252E-3	2.06039E+0	-1.24793E+0	-2.23064E-1
1.18361E+11	5.50329E-4	1.79024E+0	-3.08877E-1	1.18944E+0
1.18408E+11	5.68080E-4	1.58033E+0	1.07422E+0	5.33816E-1
1.18454E+11	1.46711E-3	1.06825E+0	6.65513E-1	-9.14307E-1
1.18500E+11	5.81927E-4	1.42706E+0	-7.21250E-1	-9.32100E-1
1.18546E+11	5.10721E-4	1.32729E+0	-9.81859E-1	6.27232E-1
1.18593E+11	1.30819E-3	9.98027E-1	5.60776E-1	9.71537E-1
1.18639E+11	5.45892E-4	2.21786E-1	9.56048E-1	-3.71978E-1
1.18685E+11	3.68439E-4	6.56445E-1	-2.61948E-1	-1.04621E+0
1.18731E+11	8.25193E-4	4.65673E-1	-1.05411E+0	4.51600E-2
1.18778E+11	5.22766E-4	-6.33593E-1	-1.90819E-1	9.09857E-1
1.18824E+11	2.70073E-4	-7.17412E-1	7.69861E-1	5.05021E-1
1.18870E+11	5.30674E-4	-3.95171E-1	6.53572E-1	-6.97043E-1
1.18916E+11	6.69658E-4	-8.75718E-1	-6.11707E-1	-6.65734E-1
1.18963E+11	2.26036E-4	-2.13985E+0	-7.01813E-1	3.44125E-1
1.19009E+11	3.07182E-4	-1.62507E+0	2.06924E-1	8.03138E-1
1.19055E+11	1.01756E-3	-8.68960E-1	9.04144E-1	-3.44020E-2
1.19101E+11	2.60718E-4	-2.64161E+0	1.10506E-1	-7.29445E-1
1.19148E+11	2.76483E-4	-2.28902E+0	-6.98423E-1	-3.20217E-1
1.19194E+11	4.97304E-4	-2.21073E+0	-3.95613E-1	6.66755E-1
1.19240E+11	3.90593E-4	-1.99100E+0	6.61168E-1	4.41727E-1
1.19286E+11	1.75344E-4	-3.40497E+0	5.17743E-1	-4.34175E-1
1.19333E+11	3.76324E-4	-2.29814E+0	-2.39576E-1	-7.29177E-1
1.19379E+11	5.04506E-4	-2.12764E+0	-7.82734E-1	3.30426E-3
1.19425E+11	1.77918E-4	-3.29608E+0	-1.98261E-1	6.54867E-1
1.19471E+11	2.42724E-4	-3.46851E+0	5.32557E-1	4.07820E-1
1.19518E+11	5.40999E-4	-2.93407E+0	5.17816E-1	-4.90633E-1
1.19564E+11	2.31185E-4	-2.93117E+0	-4.36136E-1	-5.64782E-1
1.19610E+11	1.95093E-4	-4.12260E+0	-5.78092E-1	2.29860E-1
1.19656E+11	6.60801E-4	-3.34568E+0	-5.31434E-2	6.78245E-1
1.19703E+11	3.35451E-4	-2.61493E+0	6.82278E-1	2.86621E-1
1.19749E+11	1.99698E-4	-3.62527E+0	3.85675E-1	-5.34077E-1
1.19795E+11	4.59690E-4	-4.00792E+0	-3.64486E-1	-5.14327E-1
1.19841E+11	3.90033E-4	-3.62489E+0	-6.14450E-1	2.37641E-1
1.19888E+11	2.64860E-4	-2.77182E+0	1.96418E-1	6.99745E-1
1.19934E+11	3.90425E-4	-4.02084E+0	6.29386E-1	-8.66466E-3
1.19980E+11	5.48723E-4	-3.88999E+0	3.07239E-1	-5.60290E-1
1.20026E+11	3.26434E-4	-2.80119E+0	-4.40299E-1	-5.75153E-1
1.20073E+11	3.82647E-4	-3.13004E+0	-6.13642E-1	3.31431E-1
1.20119E+11	6.77313E-4	-3.80585E+0	1.25664E-1	6.32864E-1
1.20165E+11	3.04950E-4	-3.71249E+0	6.52068E-1	1.27061E-2
1.20211E+11	3.55598E-4	-2.51012E+0	9.33807E-2	-7.43177E-1
1.20258E+11	9.23580E-4	-3.06390E+0	-6.71844E-1	-2.06137E-1
1.20304E+11	3.57060E-4	-3.66256E+0	-4.38609E-1	4.87745E-1
1.20350E+11	3.30336E-4	-2.60039E+0	3.35293E-1	6.61112E-1
1.20396E+11	8.55355E-4	-2.48485E+0	7.02410E-1	-2.66320E-1
1.20443E+11	5.15212E-4	-3.35462E+0	-1.20574E-1	-6.68843E-1
1.20489E+11	3.15365E-4	-3.68013E+0	-6.47336E-1	-9.74283E-2
1.20535E+11	6.71923E-4	-1.99982E+0	-2.32250E-1	7.59634E-1
1.20581E+11	1.06101E-3	-2.60436E+0	6.82601E-1	2.88175E-1
1.20628E+11	4.20543E-4	-3.63479E+0	4.37652E-1	-4.91420E-1
1.20674E+11	5.40121E-4	-2.48775E+0	-4.06610E-1	-6.31346E-1
1.20720E+11	1.87700E-3	-2.10392E+0	-6.67928E-1	4.12203E-1
1.20766E+11	5.41804E-4	-3.55607E+0	2.91052E-1	5.96861E-1
1.20813E+11	3.69498E-4	-4.32370E+0	6.07546E-1	2.00286E-2
1.20859E+11	1.23897E-3	-2.34933E+0	3.05724E-1	-6.99089E-1
1.20905E+11	7.89951E-4	-2.53567E+0	-5.90389E-1	-4.57364E-1
1.20951E+11	3.32323E-4	-4.21468E+0	-5.31581E-1	3.10367E-1
1.20998E+11	6.92172E-4	-2.98792E+0	1.19898E-1	6.98718E-1
1.21044E+11	1.15874E-3	-2.10605E+0	7.77174E-1	-1.08339E-1
1.21090E+11	3.97905E-4	-3.24371E+0	-1.24332E-1	-6.77037E-1
1.21136E+11	4.81817E-4	-4.00123E+0	-6.16224E-1	-1.35135E-1
1.21183E+11	1.53090E-3	-2.23538E+0	-3.91681E-1	6.66526E-1
1.21229E+11	6.31035E-4	-2.19499E+0	5.66487E-1	5.31364E-1
1.21275E+11	4.65465E-4	-3.65854E+0	5.43204E-1	-3.68239E-1
1.21321E+11	1.35375E-3	-2.52110E+0	-1.41428E-1	-7.34584E-1
1.21368E+11	1.04977E-3	-1.51066E+0	-8.31254E-1	1.23402E-1
1.21414E+11	5.48751E-4	-2.57131E+0	8.17959E-2	7.39251E-1
1.21460E+11	9.95211E-4	-2.99443E+0	6.73286E-1	2.20265E-1
1.21506E+11	1.74535E-3	-1.74491E+0	4.76680E-1	-6.64758E-1
1.21553E+11	7.81473E-4	-1.25473E+0	-6.84186E-1	-5.30062E-1
1.21599E+11	1.10541E-3	-2.66234E+0	-4.74868E-1	5.62325E-1
1.21645E+11	2.16417E-3	-2.13522E+0	4.47531E-1	6.41351E-1
1.21691E+11	1.04548E-3	-1.10680E+0	7.90894E-1	-3.86677E-1
1.21738E+11	1.06974E-3	-1.62716E+0	-2.71116E-1	-7.83590E-1
1.21784E+11	1.80775E-3	-2.58508E+0	-7.18141E-1	-1.88959E-1
1.21830E+11	1.22431E-3	-1.83811E+0	-5.18365E-1	6.21464E-1
1.21876E+11	9.29787E-4	-8.18513E-1	6.01722E-1	6.82756E-1
1.21923E+11	1.95042E-3	-2.43498E+0	5.97057E-1	-4.62977E-1
1.21969E+11	1.33253E-3	-2.30962E+0	-3.23976E-1	-6.94680E-1
1.22015E+11	8.05293E-4	-1.26229E+0	-8.28758E-1	2.46850E-1
1.22061E+11	1.65939E-3	-1.25147E+0	1.44947E-1	8.53599E-1
1.22108E+11	1.53401E-3	-2.35438E+0	7.42136E-1	1.75357E-1
1.22154E+11	7.38135E-4	-1.79712E+0	4.70701E-1	-6.63003E-1
1.22200E+11	1.12839E-3	-6.82992E-1	-7.17120E-1	-5.83281E-1
1.22246E+11	2.13746E-3	-1.55399E+0	-5.87957E-1	5.94563E-1
1.22293E+11	8.48594E-4	-1.85104E+0	4.37962E-1	6.79090E-1
1.22339E+11	8.34303E-4	-1.02887E+0	8.60126E-1	-2.21920E-1
1.22385E+11	2.92105E-3	-6.88227E-1	-7.90831E-2	-9.20432E-1
1.22431E+11	1.25255E-3	-1.21799E+0	-8.38228E-1	-2.29814E-1
1.22478E+11	6.83578E-4	-1.71189E+0	-4.53086E-1	6.84797E-1
1.22524E+11	1.95462E-3	-7.68765E-1	7.01627E-1	5.87781E-1
1.22570E+11	1.96659E-3	-9.25907E-1	6.41246E-1	-6.29920E-1
1.22616E+11	7.31409E-4	-1.68823E+0	-4.53944E-1	-6.86915E-1
1.22663E+11	1.09610E-3	-1.32212E+0	-8.30545E-1	2.18493E-1
1.22709E+11	2.26509E-3	-7.34568E-1	2.85509E-3	9.18903E-1
1.22755E+11	9.60138E-4	-7.07318E-1	9.06507E-1	1.67182E-1
1.22801E+11	9.23083E-4	-1.16399E+0	4.01210E-1	-7.77126E-1
1.22848E+11	2.92829E-3	-7.75472E-1	-7.12185E-1	-5.73817E-1
1.22894E+11	1.49786E-3	-2.92428E-2	-7.44938E-1	6.62085E-1
1.22940E+11	8.97039E-4	-1.02915E+0	4.62689E-1	7.58243E-1
1.22986E+11	2.18549E-3	-1.04582E+0	8.53181E-1	-2.40986E-1
1.23033E+11	1.92723E-3	-2.32632E-1	-4.48983E-4	-9.73573E-1
1.23079E+11	1.05204E-3	2.77134E-1	-1.03047E+0	6.35073E-2
1.23125E+11	1.67781E-3	-6.66109E-1	-6.10318E-2	9.24165E-1
1.23171E+11	1.76060E-3	-8.82341E-1	8.42077E-1	3.27183E-1
1.23218E+11	1.18001E-3	7.15172E-1	6.00941E-1	-9.04367E-1
1.23264E+11	1.39736E-3	1.76580E-1	-7.18680E-1	-7.24566E-1
1.23310E+11	1.87275E-3	-7.90102E-1	-8.68215E-1	2.82603E-1
1.23356E+11	1.15847E-3	4.94170E-1	-8.51573E-2	1.05511E+0
1.23403E+11	1.25721E-3	1.15673E+0	1.13582E+0	1.22849E-1
1.23449E+11	2.18838E-3	-4.13956E-1	2.28793E-1	-9.25602E-1
1.23495E+11	1.09903E-3	-5.92002E-1	-8.15814E-1	-4.54992E-1
1.23541E+11	1.00848E-3	8.70396E-1	-6.79915E-1	8.71565E-1
1.23588E+11	2.25647E-3	1.11205E-1	7.89970E-1	6.33943E-1
1.23634E+11	1.23979E-3	-9.17756E-1	7.73673E-1	-4.59286E-1
1.23680E+11	8.21790E-4	-1.91503E-1	-2.76312E-1	-9.38357E-1
1.23726E+11	1.76459E-3	1.04124E+0	-1.08562E+0	3.03901E-1
1.23773E+11	1.39221E-3	-6.03124E-1	1.47605E-1	9.21168E-1
1.23819E+11	6.82065E-4	-6.65334E-1	9.12851E-1	1.57043E-1
1.23865E+11	9.99123E-4	6.08602E-1	5.09066E-1	-9.44077E-1
1.23911E+11	1.94757E-3	3.06520E-1	-8.57323E-1	-5.81487E-1
1.23958E+11	6.71736E-4	-8.06434E-1	-7.36191E-1	5.37173E-1
1.24004E+11	6.54051E-4	-6.35582E-1	2.84732E-1	8.84751E-1
1.24050E+11	2.40914E-3	6.19748E-1	1.01744E+0	-3.43791E-1
1.24096E+11	8.00458E-4	-5.54335E-1	-3.75321E-1	-8.59828E-1
1.24143E+11	5.26201E-4	-1.14256E+0	-8.45230E-1	2.32944E-1
1.24189E+11	1.42825E-3	1.55074E-1	-4.02018E-2	1.01722E+0
1.24235E+11	1.18817E-3	-2.50937E-2	9.75788E-1	2.05126E-1
1.24281E+11	6.27841E-4	-7.08670E-1	4.53209E-1	-8.02522E-1
1.24328E+11	8.51682E-4	-1.04417E+0	-5.20087E-1	-7.18193E-1
1.24374E+11	2.10027E-3	5.28880E-1	-8.71300E-1	6.08557E-1
1.24420E+11	8.55176E-4	1.52884E-1	6.24772E-1	8.03424E-1
1.24466E+11	7.16592E-4	-1.00977E+0	7.41346E-1	-4.92898E-1
1.24513E+11	2.06406E-3	-2.45777E-1	-3.08977E-1	-9.21690E-1
1.24559E+11	1.04733E-3	-5.63647E-2	-9.66578E-1	2.29854E-1
1.24605E+11	8.15074E-4	-4.52504E-1	1.96057E-1	9.28770E-1
1.24651E+11	1.41070E-3	-1.07062E+0	8.83852E-1	1.79455E-2
1.24698E+11	1.31633E-3	-1.44211E-1	1.47850E-1	-9.72358E-1
1.24744E+11	6.80352E-4	-6.56147E-2	-9.81196E-1	-1.49197E-1
1.24790E+11	9.09960E-4	-1.43393E+0	-3.25427E-1	7.82876E-1
1.24836E+11	1.21582E-3	-1.58683E+0	5.77836E-1	6.00031E-1
1.24883E+11	8.95101E-4	-4.46561E-1	8.10572E-1	-4.95235E-1
1.24929E+11	7.93553E-4	-1.58537E+0	-3.88838E-1	-7.36865E-1
1.24975E+11	1.56207E-3	-2.19245E+0	-7.21856E-1	2.87284E-1
1.25021E+11	8.56099E-4	-1.53319E+0	2.09303E-1	8.11633E-1
1.25068E+11	7.02400E-4	-9.98659E-1	8.57083E-1	-2.44914E-1
1.25114E+11	1.33732E-3	-2.52154E+0	-4.05654E-2	-7.46936E-1
1.25160E+11	6.87637E-4	-3.20553E+0	-6.37821E-1	-2.66844E-1
1.25206E+11	3.96725E-4	-2.17146E+0	-4.47639E-1	6.37300E-1
1.25253E+11	7.82190E-4	-2.42676E+0	5.81976E-1	4.82917E-1
1.25299E+11	4.01494E-4	-3.84555E+0	4.76221E-1	-4.30968E-1
1.25345E+11	2.50276E-4	-3.47749E+0	-2.91414E-1	-6.03393E-1
1.25391E+11	4.27067E-4	-2.93191E+0	-6.88785E-1	1.86232E-1
1.25438E+11	6.30675E-4	-3.52237E+0	-1.22326E-2	6.66513E-1
1.25484E+11	2.70359E-4	-3.95250E+0	6.04010E-1	1.94053E-1
1.25530E+11	3.26698E-4	-3.44401E+0	3.23341E-1	-5.89856E-1
1.25576E+11	1.03955E-3	-3.15344E+0	-6.23500E-1	-3.08282E-1
1.25623E+11	4.41085E-4	-4.15226E+0	-3.35120E-1	5.21619E-1
1.25669E+11	2.79059E-4	-4.70163E+0	3.83214E-1	4.38023E-1
1.25715E+11	7.25612E-4	-3.78771E+0	6.11811E-1	-2.09136E-1
1.25761E+11	5.18508E-4	-4.78839E+0	4.63195E-2	-5.74345E-1
1.25808E+11	3.10318E-4	-4.76956E+0	-5.33454E-1	-2.21105E-1
1.25854E+11	4.08507E-4	-4.77995E+0	-3.59959E-1	4.50658E-1
1.25900E+11	9.75002E-4	-4.05173E+0	4.74403E-1	4.10286E-1
1.25946E+11	4.35848E-4	-4.23443E+0	4.44311E-1	-4.23999E-1
1.25993E+11	3.33195E-4	-5.40408E+0	-1.99556E-1	-4.98307E-1
1.26039E+11	1.00588E-3	-4.82128E+0	-5.71844E-1	-5.00765E-2
1.26085E+11	5.55331E-4	-4.44411E+0	-1.53115E-1	5.79625E-1
1.26131E+11	3.07604E-4	-5.34022E+0	5.04407E-1	1.94869E-1
1.26178E+11	6.28677E-4	-5.61254E+0	2.96571E-1	-4.32058E-1
1.26224E+11	6.33779E-4	-5.37125E+0	-3.55627E-1	-4.04781E-1
1.26270E+11	3.29718E-4	-5.02827E+0	-5.08232E-1	2.36381E-1
1.26316E+11	4.28754E-4	-6.01035E+0	-9.85436E-2	4.90795E-1
1.26363E+11	8.68153E-4	-5.18814E+0	3.68388E-1	4.08793E-1
1.26409E+11	3.74210E-4	-4.69508E+0	4.88630E-1	-3.16969E-1
1.26455E+11	3.53363E-4	-5.28116E+0	-3.70455E-1	-3.98957E-1
1.26501E+11	9.07716E-4	-5.89854E+0	-3.81555E-1	3.33979E-1
1.26548E+11	4.92801E-4	-4.42572E+0	3.54228E-1	4.85239E-1
1.26594E+11	3.42441E-4	-4.29466E+0	5.38334E-1	-2.86686E-1
1.26640E+11	8.72554E-4	-4.99470E+0	-4.21102E-2	-5.61106E-1
1.26686E+11	4.69608E-4	-5.02049E+0	-4.97893E-1	-2.58538E-1
1.26733E+11	4.04551E-4	-3.43328E+0	-4.21748E-1	5.25098E-1
1.26779E+11	7.47570E-4	-4.24636E+0	4.50021E-1	4.16693E-1
1.26825E+11	7.56246E-4	-5.02635E+0	4.61244E-1	-3.18699E-1
1.26871E+11	3.63273E-4	-3.95215E+0	-1.64263E-1	-6.12810E-1
1.26918E+11	3.90934E-4	-5.06382E+0	-5.57851E-1	2.04228E-2
1.26964E+11	7.50759E-4	-5.38142E+0	-1.64325E-1	5.12481E-1
1.27010E+11	3.15039E-4	-5.54240E+0	4.12584E-1	3.29962E-1
1.27056E+11	3.23658E-4	-4.28285E+0	3.96897E-1	-4.64196E-1
1.27103E+11	1.01663E-3	-4.43586E+0	-4.16800E-1	-4.31706E-1
1.27149E+11	3.93863E-4	-5.47858E+0	-5.00928E-1	1.79730E-1
1.27195E+11	3.26082E-4	-4.10632E+0	-1.43259E-1	6.06594E-1
1.27241E+11	7.19289E-4	-4.06466E+0	4.71239E-1	4.12503E-1
1.27288E+11	7.54142E-4	-4.54586E+0	5.23882E-1	-2.76828E-1
1.27334E+11	3.20642E-4	-4.22134E+0	-1.75221E-1	-5.89596E-1
1.27380E+11	4.83545E-4	-3.88099E+0	-6.02215E-1	2.15648E-1
1.27426E+11	1.51301E-3	-3.54204E+0	2.01451E-1	6.33875E-1
1.27473E+11	3.54356E-4	-4.10560E+0	6.23119E-1	1.63122E-2
1.27519E+11	3.46101E-4	-3.62049E+0	2.98161E-1	-5.87844E-1
1.27565E+11	1.76156E-3	-2.96148E+0	-5.24273E-1	-4.80407E-1
1.27611E+11	4.78271E-4	-3.27832E+0	-5.18156E-1	4.48988E-1
1.27658E+11	3.55422E-4	-2.62525E+0	5.12292E-1	5.32834E-1
1.27704E+11	9.75529E-4	-2.75655E+0	5.93956E-1	-4.21071E-1
1.27750E+11	7.01980E-4	-3.15568E+0	-2.47292E-1	-6.49913E-1
1.27796E+11	3.60748E-4	-2.31418E+0	-7.58268E-1	-1.09337E-1
1.27843E+11	6.13576E-4	-2.27948E+0	-4.35878E-1	6.33753E-1
1.27889E+11	1.71392E-3	-1.70421E+0	5.25119E-1	6.32201E-1
1.27935E+11	3.79881E-4	-2.10112E+0	5.82998E-1	-5.25880E-1
1.27981E+11	4.52260E-4	-1.78743E+0	-6.59863E-1	-4.76644E-1
1.28028E+11	1.60174E-3	-2.31963E+0	-5.18890E-1	5.62976E-1
1.28074E+11	3.56962E-4	-2.45947E+0	3.84594E-1	6.47844E-1
1.28120E+11	3.21418E-4	-2.09462E+0	7.84760E-1	3.88598E-2
1.28166E+11	1.04632E-3	-2.44053E+0	3.56246E-1	-6.65721E-1
1.28213E+11	5.94198E-4	-1.73301E+0	-5.56071E-1	-6.01455E-1
1.28259E+11	3.82555E-4	-1.42074E+0	-6.79206E-1	5.09572E-1
1.28305E+11	7.34604E-4	-1.07870E+0	-8.16234E-1	3.37381E-1
1.28351E+11	8.96030E-4	-1.89679E+0	5.85139E-2	8.01691E-1
1.28398E+11	3.00823E-4	-1.80615E+0	7.65855E-1	2.70602E-1
1.28444E+11	4.42357E-4	-1.07111E+0	5.96942E-1	-6.51988E-1
1.28490E+11	1.27193E-3	-1.70963E+0	-5.63253E-1	-5.97773E-1
1.28536E+11	3.25565E-4	-1.57092E+0	-6.46387E-1	5.27886E-1
1.28583E+11	3.52075E-4	-8.59332E-1	5.84055E-1	6.92356E-1
1.28629E+11	1.25277E-3	-6.34212E-1	6.71674E-1	-6.42638E-1
1.28675E+11	4.13420E-4	-1.56675E+0	-2.64312E-1	-7.92015E-1
1.28721E+11	3.02096E-4	-1.01985E+0	-8.55420E-1	-2.42822E-1
1.28768E+11	7.91558E-4	2.56673E-1	-6.53565E-1	7.96075E-1
1.28814E+11	8.08472E-4	-9.63936E-2	7.39573E-1	6.56568E-1
1.28860E+11	3.29800E-4	-4.19126E-1	6.52016E-1	-6.94894E-1
1.28906E+11	5.06900E-4	1.73953E-1	-7.99208E-1	-6.34140E-1
1.28953E+11	1.46031E-3	1.62025E-1	-6.84791E-1	7.54370E-1
1.28999E+11	3.67320E-4	-5.45396E-1	3.57081E-1	8.68606E-1
1.29045E+11	4.02976E-4	-3.63355E-1	9.46772E-1	1.52843E-1
1.29091E+11	1.53279E-3	7.15082E-1	3.17816E-1	-1.03826E+0
1.29138E+11	6.00866E-4	9.65252E-2	-9.86202E-1	-2.23337E-1
1.29184E+11	3.83106E-4	-3.27325E-1	-3.16262E-1	9.09604E-1
1.29230E+11	9.19042E-4	7.85107E-1	9.56296E-1	5.32586E-1
1.29276E+11	1.14245E-3	7.57818E-1	8.28927E-1	-7.09594E-1
1.29323E+11	4.06847E-4	-2.45859E-1	-1.86009E-1	-9.54129E-1
1.29369E+11	6.53710E-4	1.17385E-1	-9.75488E-1	-2.75357E-1
1.29415E+11	1.81567E-3	7.42501E-1	-1.43639E-1	1.07973E+0
1.29461E+11	6.26310E-4	8.19548E-1	1.08626E+0	-1.66532E-1
1.29508E+11	5.02101E-4	-9.99975E-2	-4.38823E-2	-9.87579E-1
1.29554E+11	2.02612E-3	1.14161E+0	-1.11725E+0	-2.28914E-1
1.29600E+11	8.96388E-4	9.78720E-1	-7.04723E-1	8.69561E-1
1.29646E+11	5.71090E-4	6.56793E-1	4.22613E-1	9.92303E-1
1.29692E+11	1.25598E-3	1.16751E+0	1.14305E+0	4.33472E-2
1.29739E+11	1.27359E-3	1.11156E+0	-1.08154E-1	-1.13136E+0
1.29785E+11	6.37991E-4	1.08643E+0	-1.12126E+0	1.64309E-1
1.29831E+11	8.75909E-4	2.10995E-1	-7.85567E-2	1.02157E+0
1.29877E+11	1.94956E-3	1.14172E+0	1.02076E+0	5.08659E-1
1.29924E+11	6.91802E-4	1.16499E+0	8.54471E-1	-7.59969E-1
1.29970E+11	7.01294E-4	7.88092E-1	-5.95041E-1	-9.19184E-1
1.30016E+11	2.20359E-3	1.55496E+0	-1.02485E+0	6.16608E-1
1.30062E+11	1.04961E-3	1.29735E+0	8.33062E-1	8.08793E-1
1.30109E+11	7.23276E-4	7.74228E-1	8.05515E-1	-7.39118E-1
1.30155E+11	1.57629E-3	1.26104E-1	-2.48664E-1	-9.83681E-1
1.30201E+11	1.56051E-3	9.04539E-1	-1.03870E+0	-3.90709E-1
1.30247E+11	7.36943E-4	3.25722E-1	-8.04160E-1	6.56667E-1
1.30294E+11	1.16107E-3	1.66164E-1	5.83973E-1	8.35451E-1
1.30340E+11	2.34113E-3	8.51442E-1	8.59414E-1	-6.91374E-1
1.30386E+11	9.35152E-4	6.92729E-1	-8.96748E-1	-6.07269E-1
1.30432E+11	9.39947E-4	2.86901E-1	-6.61432E-1	7.94230E-1
1.30479E+11	1.99235E-3	-3.80204E-1	3.45610E-1	8.92598E-1
1.30525E+11	1.23949E-3	4.91334E-2	9.99807E-1	1.08456E-1
1.30571E+11	7.97378E-4	-5.75674E-1	4.01733E-1	-8.45261E-1
1.30617E+11	1.69858E-3	-5.78916E-1	-7.85123E-1	-5.08708E-1
1.30664E+11	1.84152E-3	5.10146E-2	-5.38752E-1	8.49448E-1
1.30710E+11	8.32088E-4	-4.29213E-1	7.52175E-1	5.83206E-1
1.30756E+11	1.18462E-3	-8.09083E-1	7.73707E-1	-4.81044E-1
1.30802E+11	2.17048E-3	-5.17193E-1	4.78974E-2	-9.40976E-1
1.30849E+11	9.68860E-4	-7.80680E-1	-8.68855E-1	-2.83837E-1
1.30895E+11	9.04049E-4	-1.00462E+0	-3.40406E-1	8.23169E-1
1.30941E+11	1.84607E-3	-1.71194E+0	7.93012E-1	2.12976E-1
1.30987E+11	1.30052E-3	-8.97174E-1	2.38457E-1	-8.69769E-1
1.31034E+11	8.00930E-4	-1.51727E+0	-7.30593E-1	-4.13969E-1
1.31080E+11	1.78744E-3	-1.69105E+0	-7.02793E-1	4.28439E-1
1.31126E+11	1.75494E-3	-1.45605E+0	-5.78911E-2	8.43680E-1
1.31172E+11	8.98239E-4	-1.30288E+0	8.17905E-1	2.68049E-1
1.31219E+11	1.35144E-3	-1.27274E+0	3.30896E-1	-7.97800E-1
1.31265E+11	1.96305E-3	-1.45654E+0	-7.85102E-1	-3.14134E-1
1.31311E+11	1.01824E-3	-1.36856E+0	-4.78972E-1	7.07309E-1
1.31357E+11	9.28396E-4	-1.75649E+0	4.25321E-1	6.97458E-1
1.31404E+11	2.24056E-3	-2.10195E+0	7.72608E-1	-1.39269E-1
1.31450E+11	1.36008E-3	-1.91907E+0	6.23314E-2	-7.99337E-1
1.31496E+11	8.19435E-4	-2.28609E+0	-7.63076E-1	9.19127E-2
1.31542E+11	2.28097E-3	-1.70720E+0	2.18063E-1	7.92093E-1
1.31589E+11	1.49302E-3	-2.65664E+0	7.29486E-1	-1.01347E-1
1.31635E+11	8.39826E-4	-2.24093E+0	2.11702E-1	-7.43027E-1
1.31681E+11	1.13396E-3	-2.82599E+0	-4.18514E-1	-5.88661E-1
1.31727E+11	2.26772E-3	-2.22571E+0	-7.70491E-1	7.31237E-2
1.31774E+11	9.26736E-4	-2.72849E+0	-1.97460E-1	7.03228E-1
1.31820E+11	9.22229E-4	-2.55554E+0	7.31899E-1	1.39710E-1
1.31866E+11	2.93294E-3	-2.32297E+0	3.64324E-2	-7.64467E-1
1.31912E+11	1.06132E-3	-3.21823E+0	-6.84099E-1	-9.29174E-2
1.31959E+11	6.99780E-4	-3.01735E+0	-3.62908E-1	6.06207E-1
1.32005E+11	1.86447E-3	-2.88710E+0	3.35863E-1	6.33706E-1
1.32051E+11	1.50239E-3	-2.52254E+0	7.46847E-1	-4.06144E-2
1.32097E+11	7.41360E-4	-2.95062E+0	1.22922E-1	-7.01290E-1
1.32144E+11	1.22844E-3	-2.71603E+0	-6.82250E-1	-2.63794E-1
1.32190E+11	2.41908E-3	-2.23270E+0	-4.28557E-1	6.43722E-1
1.32236E+11	8.87192E-4	-2.89711E+0	4.28914E-1	5.73791E-1
1.32282E+11	8.20668E-4	-3.11800E+0	6.81579E-1	-1.52327E-1
1.32329E+11	2.54861E-3	-2.80723E+0	4.01427E-2	-7.22719E-1
1.32375E+11	9.32327E-4	-2.41123E+0	-7.57557E-1	-7.85451E-3
1.32421E+11	7.62432E-4	-2.24931E+0	1.22357E-1	7.62093E-1
1.32467E+11	2.02537E-3	-2.05161E+0	7.84241E-1	-9.20299E-2
1.32514E+11	1.47740E-3	-1.75802E+0	2.51105E-1	-7.77211E-1
1.32560E+11	8.49091E-4	-1.30604E+0	-6.36691E-1	-5.78709E-1
1.32606E+11	1.23639E-3	-2.08393E+0	-7.64925E-1	1.83769E-1
1.32652E+11	2.10194E-3	-1.74740E+0	-8.45006E-2	8.13390E-1
1.32699E+11	7.97059E-4	-1.30815E+0	8.51924E-1	1.18935E-1
1.32745E+11	9.25978E-4	-1.65890E+0	-5.12865E-3	-8.26126E-1
1.32791E+11	2.62683E-3	-1.86202E+0	-8.00136E-1	-1.05396E-1
1.32837E+11	7.55617E-4	-2.29741E+0	-3.48828E-1	6.83750E-1
1.32884E+11	7.40807E-4	-1.60768E+0	5.94008E-1	5.81173E-1
1.32930E+11	1.60371E-3	-3.01654E+0	6.39180E-1	-3.01216E-1
1.32976E+11	9.48216E-4	-2.53540E+0	-1.79144E-1	-7.25040E-1
1.33022E+11	6.65857E-4	-2.13144E+0	-7.77860E-1	8.41472E-2
1.33069E+11	1.24457E-3	-2.40079E+0	7.80635E-2	7.54481E-1
1.33115E+11	1.30934E-3	-2.92148E+0	6.55590E-1	2.83781E-1
1.33161E+11	4.38882E-4	-3.21222E+0	5.58618E-1	-4.06486E-1
1.33207E+11	8.14433E-4	-1.83014E+0	-2.35287E-1	-7.75090E-1
1.33254E+11	1.90744E-3	-2.42032E+0	-7.49329E-1	1.06109E-1
1.33300E+11	5.16253E-4	-2.32282E+0	9.91189E-2	7.58902E-1
1.33346E+11	5.62829E-4	-2.22019E+0	7.74072E-1	2.40269E-2
1.33392E+11	1.82923E-3	-1.88912E+0	1.48481E-2	-8.04397E-1
1.33439E+11	6.72595E-4	-2.68306E+0	-6.32341E-1	-3.73196E-1
1.33485E+11	4.02090E-4	-3.04606E+0	-5.80825E-1	3.98173E-1
1.33531E+11	1.19318E-3	-1.58794E+0	2.18156E-1	8.03842E-1
1.33577E+11	8.38617E-4	-3.21897E+0	6.85815E-1	-7.87549E-2
1.33624E+11	4.05359E-4	-2.61088E+0	4.57865E-2	-7.38965E-1
1.33670E+11	6.00660E-4	-2.15138E+0	-7.17126E-1	-3.08338E-1
1.33716E+11	1.77234E-3	-1.56252E+0	-4.13165E-1	7.26031E-1
1.33762E+11	4.32154E-4	-2.24365E+0	4.78992E-1	6.05888E-1
1.33809E+11	4.49046E-4	-2.37366E+0	6.89033E-1	-3.22760E-1
1.33855E+11	1.76502E-3	-1.20660E+0	-2.64654E-1	-8.29086E-1
1.33901E+11	5.19002E-4	-2.17668E+0	-6.95811E-1	3.48785E-1
1.33947E+11	3.62492E-4	-2.40322E+0	2.06524E-1	7.29631E-1
1.33994E+11	6.91146E-4	-2.76574E+0	7.21945E-1	8.80839E-2
1.34040E+11	8.52506E-4	-2.04440E+0	3.26073E-1	-7.19872E-1
1.34086E+11	3.31261E-4	-2.88270E+0	-4.17640E-1	-5.83511E-1
1.34132E+11	4.72984E-4	-3.40516E+0	-6.61885E-1	1.35842E-1
1.34179E+11	1.51354E-3	-1.93136E+0	-5.66864E-2	7.98621E-1
1.34225E+11	4.41293E-4	-1.90935E+0	8.02378E-1	-2.13664E-2
1.34271E+11	4.45049E-4	-2.31940E+0	7.02178E-2	-7.62423E-1
1.34317E+11	1.00836E-3	-2.93158E+0	-6.74412E-1	-2.33055E-1
1.34364E+11	5.61900E-4	-1.86021E+0	-4.18455E-1	6.90284E-1
1.34410E+11	3.76077E-4	-2.66693E+0	5.03254E-1	5.36537E-1
1.34456E+11	7.04436E-4	-3.13372E+0	6.24291E-1	-3.10244E-1
1.34502E+11	7.92527E-4	-2.45205E+0	-6.44468E-2	-7.51286E-1
1.34549E+11	4.45260E-4	-1.35527E+0	-8.55365E-1	-1.69279E-2
1.34595E+11	6.11638E-4	-2.02056E+0	-2.35542E-1	7.56635E-1
1.34641E+11	1.01766E-3	-2.08315E+0	6.24999E-1	4.77878E-1
1.34687E+11	4.71440E-4	-1.12212E+0	6.96581E-1	-5.35797E-1
1.34734E+11	4.46846E-4	-2.09129E+0	-4.65193E-1	-6.33584E-1
1.34780E+11	7.80139E-4	-2.61001E+0	-6.93331E-1	2.59937E-1
1.34826E+11	5.62660E-4	-1.95699E+0	1.17362E-1	7.89597E-1
1.34872E+11	4.73132E-4	-7.01617E-1	9.16761E-1	-1.01836E-1
1.34919E+11	7.23281E-4	-1.74510E+0	3.30901E-2	-8.17315E-1
1.34965E+11	8.33322E-4	-2.07000E+0	-7.29013E-1	-2.99012E-1
1.35011E+11	4.77030E-4	-1.39472E+0	-5.70074E-1	6.32719E-1
1.35057E+11	7.15539E-4	-1.01120E+0	5.95219E-1	6.61813E-1
1.35104E+11	8.81960E-4	-2.30233E+0	7.00324E-1	-3.13168E-1
1.35150E+11	5.07837E-4	-1.91867E+0	-5.31296E-2	-8.00039E-1
1.35196E+11	5.56919E-4	-6.88234E-1	-9.15631E-1	-1.22747E-1
1.35242E+11	1.18783E-3	-1.73647E+0	-2.29003E-1	7.86122E-1
1.35289E+11	5.92292E-4	-2.13998E+0	7.12044E-1	3.22393E-1
1.35335E+11	4.62150E-4	-1.58151E+0	5.25465E-1	-6.47046E-1
1.35381E+11	1.05329E-3	-1.22281E+0	-7.39331E-1	-4.56063E-1
1.35427E+11	8.02285E-4	-1.99542E+0	-5.37349E-1	5.85558E-1
1.35474E+11	4.48580E-4	-2.32361E+0	4.49556E-1	6.19315E-1
1.35520E+11	6.95611E-4	-9.88060E-1	8.64715E-1	-2.20870E-1
1.35566E+11	9.13401E-4	-2.46585E+0	1.42509E-2	-7.52714E-1
1.35612E+11	5.97521E-4	-2.00739E+0	-7.04500E-1	-3.65464E-1
1.35659E+11	5.19990E-4	-1.76826E+0	-5.94109E-1	5.59084E-1
1.35705E+11	1.87757E-3	-1.48491E-2	7.74440E-1	6.29944E-1
1.35751E+11	8.97801E-4	-9.31237E-1	5.92334E-1	-6.75386E-1
1.35797E+11	5.90650E-4	-7.64801E-1	-6.91574E-1	-6.00215E-1
1.35844E+11	1.07404E-3	-8.41881E-2	-7.98774E-1	5.85459E-1
1.35890E+11	1.37667E-3	-4.95731E-1	4.26389E-1	8.42805E-1
1.35936E+11	7.88560E-4	-6.49190E-1	9.26557E-1	-5.14495E-2
1.35982E+11	7.81631E-4	-1.21661E+0	2.78670E-1	-8.23423E-1
1.36029E+11	1.91182E-3	-5.98280E-2	-8.85035E-1	-4.50591E-1
1.36075E+11	9.07003E-4	-1.21712E+0	-5.50341E-1	6.72843E-1
1.36121E+11	6.66080E-4	-1.84663E+0	5.29820E-1	6.10679E-1
1.36167E+11	1.61707E-3	-1.51028E+0	7.93611E-1	-2.76503E-1
1.36214E+11	1.12278E-3	-1.86663E+0	-9.41353E-2	-8.01107E-1
1.36260E+11	8.26415E-4	-1.24742E+0	-8.62162E-1	-8.37577E-2
1.36306E+11	1.01479E-3	-2.22112E+0	-1.58214E-1	7.58027E-1
1.36352E+11	1.68315E-3	-5.91566E-1	9.03458E-1	2.37531E-1
1.36399E+11	8.98883E-4	-1.62661E+0	3.38533E-1	-7.56968E-1
1.36445E+11	9.60928E-4	-1.25537E+0	-6.89166E-1	-5.23467E-1
1.36491E+11	1.79022E-3	-1.22513E+0	-7.87081E-1	3.67020E-1
1.36537E+11	1.10034E-3	-6.92002E-1	1.26586E-1	9.14704E-1
1.36584E+11	1.04341E-3	2.16494E-1	1.00962E+0	1.78266E-1
1.36630E+11	1.72984E-3	-7.14849E-1	2.93457E-1	-8.72993E-1
1.36676E+11	1.48076E-3	9.59583E-3	-8.54577E-1	-5.21450E-1
1.36722E+11	9.12895E-4	-3.60078E-1	-5.67156E-1	7.73801E-1
1.36769E+11	1.51724E-3	7.66260E-2	6.89439E-1	7.36528E-1
1.36815E+11	1.64758E-3	-6.09378E-1	8.62472E-1	-3.53873E-1
1.36861E+11	1.04462E-3	1.00568E-1	-2.46308E-1	-9.81203E-1
1.36907E+11	1.36698E-3	8.06162E-1	-1.08119E+0	1.87075E-1
1.36954E+11	1.90546E-3	2.59042E-2	1.29789E-1	9.94554E-1
1.37000E+11	1.18375E-3	-1.49082E-1	9.72194E-1	1.45239E-1
1.37046E+11	1.06760E-3	-1.70500E-1	5.25446E-1	-8.27893E-1
1.37092E+11	2.12810E-3	-7.60601E-2	-6.63532E-1	-7.36454E-1
1.37139E+11	1.19340E-3	-1.34157E+0	-8.17777E-1	2.55908E-1
1.37185E+11	7.93781E-4	-5.64472E-1	1.43479E-1	9.26030E-1
1.37231E+11	1.50394E-3	4.15255E-1	1.03801E+0	-1.51234E-1
1.37277E+11	1.80867E-3	6.99089E-2	-2.32592E-1	-9.80882E-1
1.37324E+11	7.66558E-4	-6.55167E-1	-9.24559E-1	-7.18435E-2
1.37370E+11	1.02342E-3	-3.53118E-1	-3.97932E-1	8.73819E-1
1.37416E+11	2.91689E-3	3.23718E-1	7.79758E-1	6.85101E-1
1.37462E+11	7.51235E-4	-1.17303E+0	7.49172E-1	-4.49493E-1
1.37509E+11	7.82949E-4	-1.04688E+0	-1.27122E-1	-8.77291E-1
1.37555E+11	2.67446E-3	1.59187E-1	-1.01618E+0	-6.86766E-2
1.37601E+11	9.91314E-4	-5.38199E-1	-2.27191E-1	9.12047E-1
1.37648E+11	6.14705E-4	-1.67034E+0	6.63980E-1	4.89742E-1
1.37694E+11	1.60862E-3	-5.35355E-1	7.50279E-1	-5.66662E-1
1.37740E+11	1.53677E-3	-5.45414E-2	-5.89716E-1	-7.99846E-1
1.37786E+11	6.85358E-4	-1.09621E+0	-6.42948E-1	6.02945E-1
1.37832E+11	1.06419E-3	-1.03943E+0	5.45921E-1	6.99371E-1
1.37879E+11	2.31540E-3	2.82995E-1	9.14976E-1	-4.79739E-1
1.37925E+11	8.13134E-4	-5.38688E-1	-1.89345E-1	-9.20595E-1
1.37971E+11	6.10389E-4	-2.12712E+0	-7.21270E-1	-3.04181E-1
1.38018E+11	1.77437E-3	-9.78732E-1	-7.15905E-1	5.34517E-1
1.38064E+11	1.14890E-3	-3.12733E-2	5.19005E-1	8.50564E-1
1.38110E+11	6.91893E-4	-1.22160E+0	7.34413E-1	-4.64167E-1
1.38156E+11	1.51535E-3	-1.32007E+0	-2.95712E-1	-8.06502E-1
1.38202E+11	1.53488E-3	-1.29026E-1	-9.75856E-1	1.35769E-1
1.38249E+11	8.58530E-4	-1.77499E-1	-5.07513E-2	9.78457E-1
1.38295E+11	9.31765E-4	-1.72837E+0	7.57481E-1	3.12896E-1
1.38341E+11	1.54716E-3	-7.46119E-1	7.09533E-1	-5.81989E-1
1.38388E+11	1.00637E-3	3.13742E-1	-6.03318E-1	-8.43162E-1
1.38434E+11	7.90001E-4	-6.90130E-1	-7.93316E-1	4.72995E-1
1.38480E+11	1.82095E-3	-1.39772E+0	1.59936E-1	8.36204E-1
1.38526E+11	1.01939E-3	-3.21837E-1	9.52481E-1	1.46126E-1
1.38572E+11	7.96138E-4	-4.63222E-1	3.50486E-1	-8.80903E-1
1.38619E+11	1.42333E-3	-1.53997E+0	-7.22636E-1	-4.23389E-1
1.38665E+11	1.11889E-3	-1.01463E+0	-6.66086E-1	5.89905E-1
1.38711E+11	8.18978E-4	4.13150E-2	7.16995E-1	7.03901E-1
1.38758E+11	1.16992E-3	-4.64947E-1	7.12174E-1	-6.25525E-1
1.38804E+11	1.04423E-3	-1.65775E+0	-3.01171E-1	-7.69407E-1
1.38850E+11	9.10921E-4	-3.73726E-1	-9.57263E-1	-3.45324E-2
1.38896E+11	9.22053E-4	-3.33073E-1	-1.83295E-1	9.44763E-1
1.38942E+11	1.42634E-3	-1.05244E+0	8.20267E-1	3.34601E-1
1.38989E+11	1.00706E-3	-1.29421E+0	6.12803E-1	-6.05618E-1
1.39035E+11	7.69129E-4	-1.83873E-1	-6.37028E-1	-7.43465E-1
1.39081E+11	1.58726E-3	-6.38592E-1	-8.29438E-1	4.18677E-1
1.39128E+11	8.50036E-4	-2.21830E+0	9.98476E-2	7.68151E-1
1.39174E+11	8.23675E-4	-4.86374E-1	9.36050E-1	1.33651E-1
1.39220E+11	1.19450E-3	2.42613E-2	1.37206E-1	-9.93366E-1
1.39266E+11	1.52226E-3	-2.63409E-1	-9.67623E-1	-6.96830E-2
1.39312E+11	7.31595E-4	-1.59374E+0	-2.21241E-1	8.02423E-1
1.39359E+11	6.61123E-4	-4.16120E-1	8.84364E-1	3.55713E-1
1.39405E+11	1.38143E-3	-1.18692E+0	6.13526E-1	-6.20042E-1
1.39451E+11	8.56655E-4	-2.01554E+0	-2.81485E-1	-7.41262E-1
1.39498E+11	6.89101E-4	-7.56801E-1	-9.14993E-1	-5.35446E-2
1.39544E+11	1.39958E-3	-5.56936E-1	-1.68737E-1	9.22589E-1
1.39590E+11	1.29976E-3	-9.05158E-1	8.79964E-1	1.93724E-1
1.39636E+11	5.56563E-4	-2.18496E+0	3.57142E-1	-6.90723E-1
1.39682E+11	9.29636E-4	-7.19487E-1	-7.46764E-1	-5.38211E-1
1.39729E+11	1.59931E-3	-1.29107E+0	-6.64775E-1	5.48553E-1
1.39775E+11	6.48651E-4	-1.86539E+0	3.24143E-1	7.38750E-1
1.39821E+11	7.75653E-4	-8.03189E-1	9.10437E-1	-4.75111E-2
1.39868E+11	2.11916E-3	-5.82456E-1	5.37978E-2	-9.33592E-1
1.39914E+11	9.58040E-4	-7.57450E-1	-9.05162E-1	-1.43651E-1
1.39960E+11	4.79101E-4	-2.85627E+0	-3.40994E-1	6.33857E-1
1.40006E+11	1.31354E-3	-8.19282E-1	6.19179E-1	6.66856E-1
1.40052E+11	1.24816E-3	-8.86638E-1	7.83868E-1	-4.48204E-1
1.40099E+11	7.02170E-4	-8.91548E-1	-3.97601E-1	-8.10140E-1
1.40145E+11	1.03187E-3	-3.73309E-1	-9.33207E-1	2.16234E-1
1.40191E+11	1.66821E-3	-3.00780E-1	2.72375E-1	9.26768E-1
1.40238E+11	7.63016E-4	-7.38161E-1	9.05059E-1	-1.56716E-1
1.40284E+11	6.24941E-4	-2.20126E+0	7.21900E-2	-7.72770E-1
1.40330E+11	1.49520E-3	-7.55591E-1	-7.70221E-1	-4.97064E-1
1.40376E+11	1.08662E-3	-6.23340E-1	-6.94095E-1	6.20103E-1
1.40422E+11	7.05669E-4	-7.11376E-1	4.64152E-1	7.95911E-1
1.40469E+11	1.03701E-3	-6.04189E-1	9.10196E-1	-2.04124E-1
1.40515E+11	1.39556E-3	-6.68610E-1	-1.10303E-1	-9.19318E-1
1.40561E+11	6.31192E-4	-8.53640E-1	-9.04766E-1	-5.43381E-2
1.40608E+11	7.86511E-4	-1.71931E+0	-2.67464E-1	7.75595E-1
1.40654E+11	1.80034E-3	-3.88763E-1	7.91721E-1	5.36239E-1
1.40700E+11	8.42896E-4	-3.19574E-1	6.11180E-1	-7.45330E-1
1.40746E+11	8.18002E-4	-7.52433E-1	-6.46051E-1	-6.50801E-1
1.40792E+11	1.35252E-3	-1.14463E+0	-7.87290E-1	3.85337E-1
1.40839E+11	9.50826E-4	-7.20276E-1	2.98006E-1	8.70842E-1
1.40885E+11	7.42847E-4	-6.89773E-1	9.23386E-1	-2.24127E-2
1.40931E+11	7.36108E-4	-2.16768E+0	1.89958E-1	-7.55630E-1
1.40978E+11	1.34452E-3	-8.61112E-1	-7.26568E-1	-5.40592E-1
1.41024E+11	6.81985E-4	-7.57434E-1	-6.39994E-1	6.56021E-1
1.41070E+11	7.16978E-4	-1.20446E+0	5.27643E-1	6.92381E-1
1.41116E+11	1.20065E-3	-2.18643E+0	7.43895E-1	-2.25976E-1
1.41162E+11	8.87919E-4	-7.05657E-1	-1.23729E-1	-9.13631E-1
1.41209E+11	7.03969E-4	-8.18469E-1	-9.08773E-1	-4.86400E-2
1.41255E+11	1.41537E-3	-1.41088E+0	-2.06958E-1	8.24495E-1
1.41301E+11	1.12387E-3	-9.83573E-1	7.88688E-1	4.18701E-1
1.41348E+11	7.73449E-4	-5.61088E-1	5.73386E-1	-7.41641E-1
1.41394E+11	1.21004E-3	-1.38156E+0	-5.37356E-1	-6.62395E-1
1.41440E+11	1.00320E-3	-2.10758E+0	-7.77487E-1	1.05038E-1
1.41486E+11	8.69347E-4	-7.54513E-1	-6.70878E-2	9.14342E-1
1.41532E+11	7.71699E-4	-6.93646E-1	9.06716E-1	1.73924E-1
1.41579E+11	1.64209E-3	-1.41248E+0	2.09352E-1	-8.23729E-1
1.41625E+11	1.17181E-3	-5.52827E-1	-8.60358E-1	-3.74513E-1
1.41671E+11	7.79100E-4	-4.29991E-1	-4.14610E-1	8.56640E-1
1.41718E+11	2.02745E-3	-8.85263E-1	7.33767E-1	5.26478E-1
1.41764E+11	9.31220E-4	-2.38220E+0	6.82534E-1	-3.34589E-1
1.41810E+11	8.02200E-4	-6.23129E-1	-4.34385E-2	-9.29758E-1
1.41856E+11	1.44130E-3	-5.91359E-1	-9.16272E-1	-1.82052E-1
1.41902E+11	1.15926E-3	-1.37754E+0	-2.59661E-1	8.12877E-1
1.41949E+11	8.82090E-4	-4.43318E-1	7.54377E-1	5.77819E-1
1.41995E+11	1.00353E-3	7.91909E-2	6.33699E-1	-7.85383E-1
1.42041E+11	2.27271E-3	-4.88534E-1	-6.26042E-1	-7.08293E-1
1.42088E+11	9.73877E-4	-1.48041E+0	-7.84953E-1	3.08214E-1
1.42134E+11	9.58909E-4	-3.25780E-1	3.70879E-2	9.62474E-1
1.42180E+11	2.60402E-3	-1.41845E-1	9.82611E-1	4.83878E-2
1.42226E+11	1.22276E-3	-1.06484E+0	1.60708E-1	-8.69902E-1
1.42272E+11	1.00382E-3	-5.44696E-1	-8.03521E-1	-4.86291E-1
1.42319E+11	1.42629E-3	-1.75712E-1	-6.24805E-1	7.54962E-1
1.42365E+11	1.95042E-3	-8.44469E-1	5.76765E-1	7.00452E-1
1.42411E+11	7.69268E-4	-2.42021E+0	7.16823E-1	-2.42763E-1
1.42458E+11	1.00443E-3	-1.18464E+0	3.07768E-2	-8.71963E-1
1.42504E+11	2.38938E-3	-6.78302E-1	-9.11804E-1	-1.54965E-1
1.42550E+11	9.96887E-4	-1.63233E+0	-2.78343E-1	7.80529E-1
1.42596E+11	7.42550E-4	-1.44017E+0	5.90007E-1	6.07995E-1
1.42642E+11	2.24731E-3	-2.52395E-1	7.43089E-1	-6.25587E-1
1.42689E+11	1.73832E-3	-4.74045E-1	-5.38042E-1	-7.79169E-1
1.42735E+11	7.40654E-4	-2.10908E+0	-7.12523E-1	3.28051E-1
1.42781E+11	1.29109E-3	-1.06938E+0	6.49878E-2	8.81768E-1
1.42828E+11	2.48770E-3	-4.20146E-1	9.48822E-1	8.67611E-2
1.42874E+11	9.34377E-4	-9.79453E-1	3.10027E-1	-8.37842E-1
1.42920E+11	8.50677E-4	-2.03953E+0	-5.46067E-1	-5.71885E-1
1.42966E+11	3.11871E-3	-3.20618E-1	-8.30196E-1	4.89498E-1
1.43012E+11	1.15691E-3	-5.76936E-1	4.14238E-1	8.39052E-1
1.43059E+11	9.24300E-4	-1.34168E+0	8.07971E-1	-2.85329E-1
1.43105E+11	1.80963E-3	-9.52735E-1	-2.25539E-1	-8.67267E-1
1.43151E+11	1.50983E-3	-3.24989E-1	-9.45598E-1	1.83694E-1
1.43198E+11	6.93065E-4	-1.53704E+0	5.77393E-2	8.35823E-1
1.43244E+11	6.69118E-4	-2.16166E+0	7.03669E-1	3.35786E-1
1.43290E+11	2.45518E-3	-7.25846E-1	6.30198E-1	-6.70029E-1
1.43336E+11	8.98007E-4	-6.79397E-1	-5.11117E-1	-7.70678E-1
1.43382E+11	8.73756E-4	-1.64356E+0	-7.73782E-1	2.93579E-1
1.43429E+11	2.57226E-3	-8.59428E-1	3.24260E-2	9.05212E-1
1.43475E+11	1.17973E-3	-2.61307E-1	9.69001E-1	5.14118E-2
1.43521E+11	8.28180E-4	-9.10176E-1	1.23544E-1	-8.92001E-1
1.43568E+11	1.17619E-3	-2.41269E+0	-6.81006E-1	-3.31648E-1
1.43614E+11	1.34468E-3	-8.09963E-1	-5.54175E-1	7.23013E-1
1.43660E+11	8.76179E-4	-4.10558E-1	6.85151E-1	6.63600E-1
1.43706E+11	1.26199E-3	-8.99446E-1	7.24546E-1	-5.36626E-1
1.43752E+11	1.52118E-3	-1.11229E+0	-1.62312E-1	-8.64701E-1
1.43799E+11	8.92121E-4	-3.32645E-1	-9.62363E-1	-1.11122E-2
1.43845E+11	7.87577E-4	-7.87027E-1	-1.93059E-1	8.92738E-1
1.43891E+11	1.33937E-3	-1.55554E+0	7.48538E-1	3.72345E-1
1.43938E+11	1.09028E-3	-5.35247E-1	5.66112E-1	-7.50709E-1
1.43984E+11	8.62405E-4	1.55559E-1	-8.36217E-1	-5.80697E-1
1.44030E+11	1.79834E-3	-4.86898E-1	-5.78373E-1	7.47950E-1
1.44076E+11	1.37313E-3	-5.10618E-1	5.86684E-1	7.38158E-1
1.44122E+11	7.94777E-4	-1.42188E-1	8.88869E-1	-4.21547E-1
1.44169E+11	1.28968E-3	-3.13915E-1	-1.86476E-1	-9.46306E-1
1.44215E+11	1.31683E-3	-1.73647E+0	-8.12122E-1	-1.04346E-1
1.44261E+11	7.49463E-4	-7.06143E-1	-3.57760E-1	8.49672E-1
1.44308E+11	9.99614E-4	-1.38164E-1	8.64038E-1	4.71302E-1
1.44354E+11	1.60888E-3	-1.05758E+0	5.01956E-1	-7.29319E-1
1.44400E+11	8.36617E-4	-7.77670E-1	-5.19672E-1	-7.52325E-1
1.44446E+11	7.71378E-4	-5.99723E-1	-8.54549E-1	3.75187E-1
1.44492E+11	1.27724E-3	-2.30514E-1	2.12040E-1	9.50445E-1
1.44539E+11	9.79559E-4	-1.70293E+0	8.20457E-1	-4.97733E-2
1.44585E+11	6.70841E-4	-7.96951E-1	2.10372E-1	-8.87745E-1
1.44631E+11	9.36150E-4	-1.92660E-1	-9.18822E-1	-3.35222E-1
1.44678E+11	1.92743E-3	-7.27763E-1	-4.29203E-1	8.13326E-1
1.44724E+11	7.46152E-4	-1.13803E+0	5.58827E-1	6.76160E-1
1.44770E+11	7.67937E-4	-7.39489E-1	8.28085E-1	-3.97127E-1
1.44816E+11	2.33408E-3	-4.02001E-1	-1.75180E-1	-9.38564E-1
1.44862E+11	9.93431E-4	-1.15122E+0	-8.71472E-1	-8.76420E-2
1.44909E+11	7.05833E-4	-5.87484E-1	-2.76156E-1	8.92869E-1
1.44955E+11	1.97995E-3	1.28134E-1	8.88929E-1	4.89642E-1
1.45001E+11	1.27415E-3	-4.50544E-1	5.24788E-1	-7.91237E-1
1.45048E+11	8.05318E-4	2.10072E-2	-5.86643E-1	-8.12834E-1
1.45094E+11	1.27047E-3	7.06012E-2	-8.50940E-1	5.40640E-1
1.45140E+11	2.17996E-3	5.16639E-1	3.77847E-1	9.91744E-1
1.45186E+11	7.64755E-4	-6.15016E-1	9.15235E-1	-1.74075E-1
1.45232E+11	1.00257E-3	4.82339E-1	1.58304E-1	-1.04518E+0
1.45279E+11	2.20575E-3	4.83670E-1	-9.32693E-1	-4.97887E-1
1.45325E+11	9.56114E-4	2.63360E-1	-6.29051E-1	8.16585E-1
1.45371E+11	7.56335E-4	-3.09917E-2	4.32607E-1	8.97630E-1
1.45418E+11	1.22313E-3	2.75420E-1	9.15369E-1	-4.77044E-1
1.45464E+11	1.79084E-3	9.28007E-1	-3.57099E-1	-1.05390E+0
1.45510E+11	8.46283E-4	4.00065E-1	-1.00281E+0	3.01440E-1
1.45556E+11	1.03718E-3	8.13527E-1	4.32199E-2	1.09734E+0
1.45602E+11	2.47863E-3	4.93861E-1	1.02702E+0	2.56257E-1
1.45649E+11	8.86637E-4	2.40175E-1	4.67967E-1	-9.15351E-1
1.45695E+11	8.78748E-4	7.30888E-2	-6.09290E-1	-8.03578E-1
1.45741E+11	3.15461E-3	9.78857E-1	-9.61986E-1	5.72184E-1
1.45788E+11	1.25407E-3	9.38284E-1	4.10119E-1	1.03584E+0
1.45834E+11	8.16091E-4	1.21209E-1	9.88255E-1	-2.27276E-1
1.45880E+11	1.63513E-3	8.29202E-1	6.50579E-2	-1.09825E+0
1.45926E+11	1.57635E-3	1.62776E-1	-9.63260E-1	-3.32148E-1
1.45972E+11	8.00151E-4	5.41733E-1	-5.47059E-1	9.13005E-1
1.46019E+11	9.93107E-4	-1.92089E-1	5.61713E-1	8.00757E-1
1.46065E+11	2.28298E-3	9.05813E-1	9.66134E-1	-5.46353E-1
1.46111E+11	1.03842E-3	9.82579E-1	-4.08216E-1	-1.04271E+0
1.46158E+11	8.57442E-4	-1.29771E-1	-9.67212E-1	1.87251E-1
1.46204E+11	2.13148E-3	6.47360E-1	-1.82425E-1	1.06182E+0
1.46250E+11	1.00656E-3	-1.03293E-1	9.26903E-1	3.42561E-1
1.46296E+11	8.47879E-4	6.94540E-1	6.57537E-1	-8.60852E-1
1.46342E+11	1.18820E-3	-5.52702E-1	-5.75547E-1	-7.41112E-1
1.46389E+11	1.68872E-3	1.08689E+0	-1.00684E+0	5.20238E-1
1.46435E+11	8.68715E-4	6.27899E-1	3.24793E-1	1.02473E+0
1.46481E+11	9.71456E-4	2.02469E-2	9.97426E-1	-9.90638E-2
1.46528E+11	1.92379E-3	3.38652E-1	2.73879E-1	-1.00304E+0
1.46574E+11	1.01461E-3	1.00309E+0	-1.04978E+0	-3.97228E-1
1.46620E+11	9.56986E-4	7.59739E-1	-6.26976E-1	8.93348E-1
1.46666E+11	1.48863E-3	4.92790E-1	6.55985E-1	8.30567E-1
1.46712E+11	1.44281E-3	1.21345E+0	9.92953E-1	-5.79992E-1
1.46759E+11	7.97901E-4	5.76550E-1	-3.32239E-1	-1.01567E+0
1.46805E+11	1.16936E-3	-8.91925E-2	-9.88775E-1	4.46776E-2
1.46851E+11	1.66971E-3	5.74558E-1	-4.90393E-1	9.49190E-1
1.46898E+11	9.87389E-4	1.37693E+0	9.96614E-1	6.16303E-1
1.46944E+11	1.15667E-3	1.12129E+0	6.76663E-1	-9.14716E-1
1.46990E+11	1.47133E-3	2.22018E-1	-7.64260E-1	-6.84366E-1
1.47036E+11	1.38498E-3	1.61636E+0	-8.96977E-1	8.03945E-1
1.47082E+11	9.16994E-4	1.04235E+0	6.77333E-1	9.01377E-1
1.47129E+11	1.53755E-3	2.95131E-1	9.80536E-1	-3.29951E-1
1.47175E+11	1.34339E-3	1.80489E-1	2.78886E-1	-9.82170E-1
1.47221E+11	8.79305E-4	1.26675E+0	-1.06656E+0	-4.48460E-1
1.47268E+11	1.03657E-3	3.42458E-1	-6.37340E-1	8.22097E-1
1.47314E+11	1.57695E-3	3.73982E-1	6.75969E-1	7.95610E-1
1.47360E+11	1.01700E-3	1.33948E+0	1.09660E+0	-3.98443E-1
1.47406E+11	9.55913E-4	1.05639E+0	-3.09652E-1	-1.08605E+0
1.47452E+11	1.83552E-3	8.14749E-1	-1.09713E+0	5.15283E-2
1.47499E+11	1.14339E-3	5.46150E-1	-3.18888E-1	1.01603E+0
1.47545E+11	1.01576E-3	1.88041E+0	1.15373E+0	4.59083E-1
1.47591E+11	1.42549E-3	5.48440E-1	5.77472E-1	-8.95058E-1
1.47638E+11	1.03702E-3	-3.55886E-1	-5.54823E-1	-7.83258E-1
1.47684E+11	8.53832E-4	1.06820E+0	-1.12179E+0	1.42928E-1
1.47730E+11	1.24189E-3	1.31049E+0	-3.47859E-2	1.16233E+0
1.47776E+11	1.69139E-3	8.19577E-1	1.06548E+0	2.69166E-1
1.47822E+11	9.90222E-4	5.84338E-1	5.18209E-1	-9.35671E-1
1.47869E+11	1.01596E-3	1.92468E+0	-1.13510E+0	-5.18828E-1
1.47915E+11	1.72894E-3	7.80308E-1	-5.00114E-1	9.72991E-1
1.47961E+11	8.10221E-4	-1.00298E-1	6.44562E-1	7.49473E-1
1.48008E+11	7.23767E-4	1.20436E+0	1.13248E+0	-1.92506E-1
1.48054E+11	1.65409E-3	1.32587E+0	-4.84045E-2	-1.16391E+0
1.48100E+11	1.00862E-3	8.41588E-1	-1.08723E+0	-1.78238E-1
1.48146E+11	5.40208E-4	-4.97187E-1	-3.74101E-1	8.67108E-1
1.48192E+11	9.02898E-4	2.08131E+0	1.14692E+0	5.47198E-1
1.48239E+11	1.48647E-3	7.41195E-1	6.13140E-1	-9.00085E-1
1.48285E+11	5.35493E-4	2.92387E-1	-4.93248E-1	-9.09037E-1
1.48331E+11	5.39592E-4	9.13562E-1	-1.11067E+0	-2.27931E-2
1.48378E+11	1.92249E-3	1.49512E+0	-1.54782E-1	1.17771E+0
1.48424E+11	5.52350E-4	6.61544E-1	1.05166E+0	2.41979E-1
1.48470E+11	4.37249E-4	8.18458E-1	4.56739E-1	-9.99387E-1
1.48516E+11	1.34672E-3	2.20444E+0	-1.16524E+0	-5.50905E-1
1.48562E+11	7.56502E-4	1.03345E+0	-6.18929E-1	9.41055E-1
1.48609E+11	3.32475E-4	1.85466E-1	5.77506E-1	8.42684E-1
1.48655E+11	6.06566E-4	1.40079E+0	1.17047E+0	-1.03165E-1
1.48701E+11	1.30927E-3	1.76044E+0	6.05830E-2	-1.22318E+0
1.48748E+11	3.48568E-4	1.05449E+0	-1.10054E+0	-2.52247E-1
1.48794E+11	3.93652E-4	4.87710E-1	-6.11478E-1	8.63101E-1
1.48840E+11	1.39033E-3	2.06212E+0	9.07953E-1	8.85069E-1
1.48886E+11	4.40995E-4	1.53289E+0	9.82755E-1	-6.76364E-1
1.48932E+11	2.82313E-4	6.46070E-1	-3.57658E-1	-1.01611E+0
1.48979E+11	8.01019E-4	1.70567E+0	-1.21230E+0	1.06577E-1
1.49025E+11	5.62834E-4	1.34611E+0	8.32173E-2	1.16466E+0
1.49071E+11	2.49584E-4	1.11529E+0	1.12703E+0	1.50288E-1
1.49118E+11	3.72993E-4	4.08101E-1	5.82146E-1	-8.71569E-1
1.49164E+11	9.73299E-4	1.44956E+0	-7.01611E-1	-9.50773E-1
1.49210E+11	2.30359E-4	9.91241E-1	-1.03078E+0	4.40308E-1
1.49256E+11	2.71742E-4	3.02028E-1	2.39412E-1	1.00732E+0
1.49302E+11	1.20888E-3	1.91056E+0	1.22496E+0	-2.28180E-1
1.49349E+11	3.20508E-4	1.14893E+0	-2.55441E-1	-1.11247E+0
1.49395E+11	2.53015E-4	1.24240E+0	-1.14044E+0	1.74897E-1
1.49441E+11	5.11362E-4	5.74750E-1	-3.95508E-1	9.92507E-1
1.49488E+11	5.65877E-4	1.71766E+0	9.60580E-1	7.49947E-1
1.49534E+11	2.31845E-4	1.48678E+0	9.72952E-1	-6.79417E-1
1.49580E+11	3.76130E-4	2.35269E-1	-4.25653E-1	-9.35140E-1
1.49626E+11	1.10518E-3	1.84546E+0	-1.21251E+0	2.43510E-1
1.49672E+11	2.67938E-4	1.50368E+0	5.47515E-2	1.18774E+0
1.49719E+11	3.07821E-4	9.81938E-1	1.11086E+0	1.40347E-1
1.49765E+11	6.93373E-4	2.84701E-1	6.50624E-1	-8.02770E-1
1.49811E+11	3.35174E-4	1.03849E+0	-6.59869E-1	-9.13622E-1
1.49858E+11	2.45267E-4	9.74586E-1	-1.00335E+0	4.94844E-1
1.49904E+11	5.64744E-4	3.43243E-2	2.71432E-1	9.66571E-1
1.49950E+11	6.42770E-4	1.37927E+0	1.17208E+0	-5.25717E-3
1.49996E+11	2.47082E-4	1.05023E+0	2.53257E-1	-1.09974E+0
1.50042E+11	4.08969E-4	3.63102E-1	-9.09482E-1	-5.09945E-1
1.50089E+11	6.53157E-4	2.98510E-2	-8.82908E-1	4.76833E-1
1.50135E+11	2.96730E-4	1.30163E+0	3.37509E-1	1.11156E+0
1.50181E+11	3.07410E-4	8.53945E-1	1.08786E+0	-1.83994E-1
1.50228E+11	6.88964E-4	-1.96920E-1	1.44478E-1	-9.66849E-1
1.50274E+11	5.39206E-4	1.63154E+0	-1.12220E+0	-4.43437E-1
1.50320E+11	2.59726E-4	5.63996E-1	-5.97088E-1	8.84398E-1
1.50366E+11	5.51833E-4	-2.47966E-1	5.45478E-1	8.04336E-1
1.50412E+11	5.11457E-4	-1.01030E-1	9.61413E-1	-2.29545E-1
1.50459E+11	2.93399E-4	8.40555E-1	-1.63355E-1	-1.08943E+0
1.50505E+11	4.27014E-4	7.31578E-1	-1.08591E+0	6.53972E-2
1.50551E+11	8.70066E-4	8.07035E-2	-3.05393E-1	9.62025E-1
1.50598E+11	3.55553E-4	9.96867E-1	9.61577E-1	5.77397E-1
1.50644E+11	2.87665E-4	5.79111E-1	8.07353E-1	-7.00590E-1
1.50690E+11	7.48402E-4	-1.88464E-1	-3.60386E-1	-9.09755E-1
1.50736E+11	4.33460E-4	7.18759E-1	-1.07596E+0	1.49309E-1
1.50782E+11	2.96130E-4	8.49759E-1	7.76974E-2	1.10004E+0
1.50829E+11	5.14195E-4	3.08351E-2	1.00352E+0	-8.53784E-3
1.50875E+11	6.97406E-4	3.33947E-2	2.59132E-1	-9.69830E-1
1.50921E+11	3.06536E-4	1.20558E-1	-9.22031E-1	-4.21908E-1
1.50968E+11	3.88207E-4	-2.50562E-1	-6.23558E-1	7.45060E-1
1.51014E+11	8.31273E-4	-9.79825E-1	3.93167E-1	8.02151E-1
1.51060E+11	3.31294E-4	-6.19903E-1	9.24558E-1	-1.10332E-1
1.51106E+11	3.26219E-4	-9.35158E-2	1.84359E-1	-9.71961E-1
1.51152E+11	6.74395E-4	-1.14889E+0	-7.48477E-1	-4.55347E-1
1.51199E+11	5.43759E-4	-1.33056E-1	-7.37727E-1	6.52370E-1
1.51245E+11	3.26534E-4	-3.62567E-1	4.43644E-1	8.50345E-1
1.51291E+11	5.65530E-4	-3.69682E-1	9.14201E-1	-2.87466E-1
1.51338E+11	8.72836E-4	-7.06324E-1	-7.06572E-2	-9.19188E-1
1.51384E+11	3.51855E-4	-2.47522E-1	-9.70465E-1	-5.28931E-2
1.51430E+11	4.37518E-4	-2.63117E-1	-3.53505E-1	9.03464E-1
1.51476E+11	1.20033E-3	-2.24029E-1	6.68294E-1	7.09300E-1
1.51522E+11	4.82655E-4	3.28775E-1	9.26405E-1	-4.69485E-1
1.51569E+11	4.01789E-4	2.24175E-1	-3.08795E-1	-9.78580E-1
1.51615E+11	7.81067E-4	-2.61227E-1	-9.51006E-1	1.92901E-1
1.51661E+11	8.26069E-4	5.79977E-1	2.27076E-1	1.04466E+0
1.51708E+11	4.16831E-4	4.38535E-1	1.03667E+0	-1.77660E-1
1.51754E+11	6.25951E-4	-2.01686E-1	2.46138E-2	-9.76737E-1
1.51800E+11	1.28099E-3	-1.36841E-5	-8.86309E-1	-4.63092E-1
1.51846E+11	4.11928E-4	-1.94514E-1	-6.59282E-1	7.22182E-1
1.51892E+11	4.84984E-4	-2.81505E-1	5.14639E-1	8.19990E-1
1.51939E+11	9.31828E-4	-1.34993E+0	8.14162E-1	-2.64531E-1
1.51985E+11	6.08468E-4	2.26581E-2	-2.88538E-1	-9.60196E-1
1.52031E+11	3.77858E-4	-1.02863E+0	-8.73130E-1	1.63562E-1
1.52078E+11	7.76820E-4	-1.08525E+0	-9.57444E-2	8.77337E-1
1.52124E+11	1.02204E-3	-1.03733E-1	8.96846E-1	4.14807E-1
1.52170E+11	4.29152E-4	-3.61203E-1	5.82561E-1	-7.62114E-1
1.52216E+11	6.13432E-4	-1.19793E+0	-5.46653E-1	-6.78314E-1
1.52262E+11	1.38472E-3	-7.89800E-1	-8.74608E-1	2.62261E-1
1.52309E+11	5.82371E-4	3.57102E-1	2.62812E-1	1.00828E+0
1.52355E+11	5.12239E-4	-2.85113E-1	9.57592E-1	-1.39561E-1
1.52401E+11	9.08077E-4	-1.39243E+0	8.20628E-2	-8.47919E-1
1.52448E+11	8.84933E-4	1.03278E+0	-1.05327E+0	-3.98858E-1
1.52494E+11	5.02949E-4	5.10329E-1	-4.62143E-1	9.54523E-1
1.52540E+11	8.82985E-4	-6.86961E-1	7.53776E-1	5.34340E-1
1.52586E+11	1.26946E-3	2.38425E-1	9.09895E-1	-4.78044E-1
1.52632E+11	5.40842E-4	6.39288E-1	-4.21034E-1	-9.90615E-1
1.52679E+11	6.81911E-4	3.44245E-2	-9.90490E-1	1.63977E-1
1.52725E+11	8.98403E-4	-1.62028E+0	-1.16989E-1	8.21536E-1
1.52771E+11	6.50507E-4	6.86269E-1	1.03521E+0	3.15471E-1
1.52818E+11	5.13758E-4	2.55255E-1	2.84637E-1	-9.89706E-1
1.52864E+11	9.25855E-4	-1.26896E+0	-7.81143E-1	-3.69381E-1
1.52910E+11	9.50840E-4	8.15025E-1	-7.98769E-1	7.53922E-1
1.52956E+11	5.24923E-4	7.82268E-1	6.62705E-1	8.70740E-1
1.53002E+11	8.36349E-4	-5.40595E-1	8.57195E-1	-3.84936E-1
1.53049E+11	8.33348E-4	-9.85579E-1	1.23596E-1	-8.84135E-1
1.53095E+11	5.29245E-4	7.78949E-1	-1.07420E+0	-2.06275E-1
1.53141E+11	5.92718E-4	9.69110E-2	-2.38173E-1	9.82771E-1
1.53188E+11	8.07477E-4	-1.38475E+0	7.66581E-1	3.73282E-1
1.53234E+11	6.40679E-4	1.09302E+0	7.41961E-1	-8.57715E-1
1.53280E+11	4.69246E-4	9.43383E-1	-8.00870E-1	-7.75388E-1
1.53326E+11	1.00377E-3	-1.09069E-3	-7.80240E-1	6.25279E-1
1.53373E+11	6.82771E-4	7.18627E-1	2.55623E-1	1.05575E+0
1.53419E+11	4.90279E-4	1.36939E+0	1.16271E+0	-1.37086E-1
1.53465E+11	6.48174E-4	3.76874E-1	1.75272E-1	-1.02953E+0
1.53511E+11	1.26737E-3	2.66670E-1	-8.61320E-1	-5.66971E-1
1.53557E+11	6.72569E-4	1.09975E+0	-8.12429E-1	7.92550E-1
1.53604E+11	5.52279E-4	4.31616E-1	6.42701E-1	8.31520E-1
1.53650E+11	1.44776E-3	-2.54198E-1	9.06304E-1	-3.48943E-1
1.53696E+11	7.76943E-4	1.07708E+0	-2.27029E-1	-1.10902E+0
1.53743E+11	6.55191E-4	1.78843E+0	-1.22237E+0	1.23844E-1
1.53789E+11	1.10570E-3	2.04214E-1	-2.47512E-1	9.93420E-1
1.53835E+11	1.47115E-3	8.96298E-1	9.41200E-1	5.85972E-1
1.53881E+11	6.15035E-4	7.05108E-1	8.40890E-1	-6.84971E-1
1.53927E+11	7.43172E-4	-1.34268E-1	-5.38481E-1	-8.24375E-1
1.53974E+11	1.95162E-3	1.88018E-1	-1.00989E+0	1.56120E-1
1.54020E+11	5.16396E-4	2.83827E-1	1.38616E-1	1.02388E+0
1.54066E+11	5.21351E-4	1.60941E-1	1.01339E+0	1.03857E-1
1.54113E+11	1.46184E-3	-4.41399E-1	5.05848E-1	-8.04659E-1
1.54159E+11	7.08342E-4	2.76667E-1	-6.53152E-1	-7.99481E-1
1.54205E+11	4.16935E-4	-4.44514E-1	-9.07784E-1	2.80427E-1
1.54251E+11	7.60867E-4	-7.59627E-1	1.65244E-2	9.16111E-1
1.54297E+11	1.48047E-3	9.76725E-1	1.11122E+0	1.31851E-1
1.54344E+11	4.83917E-4	8.58365E-1	5.82511E-2	-1.10233E+0
1.54390E+11	6.88854E-4	3.62664E-1	-1.00834E+0	-2.65218E-1
1.54436E+11	2.67097E-3	7.85458E-1	-6.76586E-1	8.60510E-1
1.54483E+11	5.83412E-4	7.79984E-1	6.45124E-1	8.83488E-1
1.54529E+11	5.17746E-4	1.29660E-1	9.66292E-1	-3.10782E-1
1.54575E+11	1.36652E-3	1.78181E-2	1.70053E-1	-9.87519E-1
1.54621E+11	8.79543E-4	1.23563E+0	-1.13130E+0	-2.21987E-1
1.54667E+11	4.41211E-4	4.40965E-1	-1.84113E-1	1.03584E+0
1.54714E+11	8.92272E-4	2.20519E-1	9.37295E-1	4.16612E-1
1.54760E+11	1.56646E-3	7.50488E-1	7.20442E-1	-8.18291E-1
1.54806E+11	4.44728E-4	7.82348E-1	-6.07533E-1	-9.10105E-1
1.54853E+11	5.82037E-4	-5.22543E-1	-9.11782E-1	2.35140E-1
1.54899E+11	2.61303E-3	6.73719E-1	-2.82503E-1	1.04307E+0
1.54945E+11	5.96813E-4	1.06712E+0	1.04348E+0	4.35526E-1
1.54991E+11	4.92421E-4	2.17414E-1	5.65340E-1	-8.55410E-1
1.55037E+11	9.50773E-4	-1.08615E+0	-4.05281E-1	-7.83883E-1
1.55084E+11	9.97977E-4	8.00908E-1	-1.06348E+0	2.67432E-1
1.55130E+11	4.83237E-4	8.64007E-1	9.61971E-2	1.10039E+0
1.55176E+11	9.46266E-4	-1.81824E-1	9.78950E-1	2.55732E-2
1.55223E+11	2.59478E-3	1.33107E+0	4.68673E-1	-1.06724E+0
1.55269E+11	4.82427E-4	7.67748E-1	-9.43983E-1	-5.49786E-1
1.55315E+11	5.45469E-4	1.02618E-2	-7.97373E-1	6.05444E-1
1.55361E+11	1.04147E-3	-1.50225E+0	-1.72349E-2	8.41001E-1
1.55407E+11	7.09185E-4	1.44705E+0	1.17169E+0	1.50205E-1
1.55454E+11	5.47726E-4	1.19899E+0	1.20789E-1	-1.14165E+0
1.55500E+11	1.77642E-3	5.90505E-1	-1.06957E+0	-4.07728E-2
1.55546E+11	1.70460E-3	1.47231E+0	-3.70868E-1	1.12517E+0
1.55593E+11	6.09914E-4	1.15534E+0	1.04203E+0	4.67910E-1
1.55639E+11	9.63420E-4	-1.94413E-1	7.75379E-1	-5.95826E-1
1.55685E+11	1.66628E-3	-8.98800E-1	3.12562E-2	-9.01154E-1
1.55731E+11	8.18267E-4	1.57662E+0	-1.18719E+0	-1.68104E-1
1.55777E+11	8.17119E-4	7.13056E-1	-1.23281E-2	1.08549E+0
1.55824E+11	2.25443E-3	-4.96571E-1	9.42904E-1	-5.37229E-2
1.55870E+11	1.29652E-3	1.11740E+0	3.11692E-1	-1.09374E+0
1.55916E+11	7.75343E-4	1.54135E+0	-1.10309E+0	-4.57436E-1
1.55963E+11	1.66302E-3	1.85918E-1	-7.28394E-1	7.16367E-1
1.56009E+11	1.14959E-3	-7.17926E-1	1.54447E-1	9.07622E-1
1.56055E+11	6.39317E-4	1.04963E+0	1.12845E+0	-6.79972E-4
1.56101E+11	9.35625E-4	9.99497E-2	2.32278E-3	-1.01157E+0
1.56147E+11	1.62408E-3	-1.03778E+0	-8.76735E-1	-1.37056E-1
1.56194E+11	7.06496E-4	3.61660E-1	-6.17573E-1	8.39908E-1
1.56240E+11	7.06672E-4	8.57088E-1	7.69238E-1	7.91483E-1
1.56286E+11	2.05391E-3	-1.43558E-1	9.01942E-1	-3.92410E-1
1.56333E+11	6.95761E-4	-4.51222E-1	-7.26594E-2	-9.46593E-1
1.56379E+11	6.27573E-4	1.56040E+0	-1.19602E+0	4.31465E-2
1.56425E+11	1.39498E-3	3.35141E-1	3.61199E-2	1.03871E+0
1.56471E+11	1.17207E-3	-2.66875E-1	8.91484E-1	3.81650E-1
1.56517E+11	6.24731E-4	8.74509E-1	9.04444E-1	-6.36436E-1
1.56564E+11	1.02341E-3	1.44880E+0	-3.95152E-1	-1.11348E+0
1.56610E+11	1.74872E-3	-5.98269E-1	-9.25809E-1	1.19113E-1
1.56656E+11	6.30545E-4	6.99617E-2	3.05462E-2	1.00762E+0
1.56703E+11	7.20774E-4	1.26103E+0	1.13999E+0	-1.93242E-1
1.56749E+11	2.18019E-3	3.41683E-1	-3.47359E-1	-9.80405E-1
1.56795E+11	7.63200E-4	-8.20333E-1	-8.87804E-1	-1.99204E-1
1.56841E+11	5.31914E-4	-1.55621E-1	-6.22502E-1	7.59798E-1
1.56887E+11	1.28459E-3	8.86209E-1	6.23855E-1	9.14972E-1
1.56934E+11	1.13291E-3	-1.00529E+0	7.73755E-1	-4.41208E-1
1.56980E+11	6.33780E-4	5.21504E-1	-3.58930E-1	-9.99378E-1
1.57026E+11	8.51667E-4	8.74403E-1	-1.02789E+0	4.08010E-1
1.57073E+11	1.98070E-3	-2.21586E-1	3.12138E-1	9.23487E-1
1.57119E+11	6.82691E-4	-9.36018E-1	8.77085E-1	1.91934E-1
1.57165E+11	7.11531E-4	1.75446E-1	4.78098E-1	-9.01470E-1
1.57211E+11	2.09574E-3	8.99521E-1	-8.84401E-1	-6.69304E-1
1.57257E+11	8.07516E-4	-1.72223E+0	-6.04086E-1	5.54717E-1
1.57304E+11	6.34829E-4	4.46713E-1	4.20500E-1	9.65151E-1
1.57350E+11	1.12991E-3	5.09306E-1	1.04974E+0	-1.49871E-1
1.57396E+11	1.83473E-3	2.30842E-2	1.42502E-1	-9.92483E-1
1.57443E+11	5.86217E-4	-1.24382E+0	-6.09696E-1	-6.15819E-1
1.57489E+11	8.68915E-4	1.13471E-1	-7.69093E-1	6.59521E-1
1.57535E+11	2.82209E-3	7.06548E-1	7.55089E-1	7.78788E-1
1.57581E+11	6.62009E-4	-2.06969E+0	5.28298E-1	-5.84649E-1
1.57627E+11	7.54165E-4	4.22152E-1	-3.55165E-1	-9.87898E-1
1.57674E+11	1.42341E-3	-2.66745E-1	-9.66427E-1	-8.02901E-2
1.57720E+11	1.70943E-3	-2.14490E-2	-4.43476E-1	8.93534E-1
1.57766E+11	6.61587E-4	-8.86102E-1	4.91595E-1	7.57476E-1
1.57813E+11	1.49735E-3	8.70579E-1	8.17166E-1	-7.44448E-1
1.57859E+11	3.12740E-3	8.36926E-1	-8.64588E-1	-6.81921E-1
1.57905E+11	7.63449E-4	-7.96864E-1	-4.91121E-1	7.68872E-1
1.57951E+11	9.01183E-4	7.01079E-1	4.05422E-1	1.00540E+0
1.57997E+11	2.06862E-3	7.41782E-2	1.00785E+0	3.82771E-2
1.58044E+11	1.07202E-3	3.49693E-2	4.99046E-1	-8.71228E-1
1.58090E+11	4.96948E-4	-9.47164E-1	-4.39879E-1	-7.81382E-1
1.58136E+11	1.52915E-3	4.62557E-1	-8.39591E-1	6.38336E-1
1.58183E+11	1.50200E-3	-1.93155E-1	6.26000E-1	7.51414E-1
1.58229E+11	4.16487E-4	-1.97695E+0	6.14500E-1	-5.06661E-1
1.58275E+11	6.91117E-4	-2.72863E-1	-3.42153E-2	-9.68470E-1
1.58321E+11	1.63493E-3	-4.41755E-1	-9.03277E-1	-2.95594E-1
1.58367E+11	5.82699E-4	-2.36825E-1	-6.51064E-1	7.23218E-1
1.58414E+11	4.16962E-4	-1.02575E+0	2.64247E-1	8.48414E-1
1.58460E+11	2.11625E-3	9.41625E-1	1.04158E+0	-3.96528E-1
1.58506E+11	7.94400E-4	5.83880E-1	-1.76675E-1	-1.05484E+0
1.58553E+11	3.35016E-4	-2.53292E-1	-9.69470E-1	-5.89296E-2
1.58599E+11	8.52013E-4	7.73238E-1	-7.16265E-1	8.25738E-1
1.58645E+11	9.77701E-4	1.82687E-1	6.41195E-1	7.94878E-1
1.58691E+11	3.37932E-4	3.96191E-1	9.17478E-1	-5.03737E-1
1.58737E+11	2.73159E-4	-1.53237E+0	-1.73747E-1	-8.20062E-1
1.58784E+11	1.94393E-3	8.56395E-1	-1.08857E+0	1.81642E-1
1.58830E+11	3.46899E-4	2.39612E-2	-1.97145E-1	9.83192E-1
1.58876E+11	2.71922E-4	-4.22580E-1	8.04391E-1	5.10134E-1
1.58923E+11	1.28969E-3	7.55967E-1	1.00053E+0	-4.34823E-1
1.58969E+11	5.10913E-4	2.78786E-1	-3.90642E-1	-9.55875E-1
1.59015E+11	3.02991E-4	6.65142E-1	-1.03669E+0	3.01306E-1
1.59061E+11	3.52421E-4	-1.74918E+0	3.45027E-2	8.16872E-1
1.59107E+11	1.25536E-3	1.08376E+0	1.13087E+0	6.76991E-2
1.59154E+11	2.66685E-4	1.68465E-2	3.85793E-1	-9.24689E-1
1.59200E+11	4.29657E-4	4.90349E-1	-7.89945E-1	-7.03928E-1
1.59246E+11	2.15068E-3	9.18792E-1	-1.01134E+0	4.61297E-1
1.59293E+11	4.76583E-4	6.47719E-1	5.46299E-1	9.28653E-1
1.59339E+11	3.87139E-4	6.08183E-1	9.59922E-1	-4.78402E-1
1.59385E+11	6.29692E-4	-1.82408E+0	-1.96634E-1	-7.86368E-1
1.59431E+11	8.78765E-4	1.12104E+0	-1.12189E+0	-1.89398E-1
1.59477E+11	3.02830E-4	-3.19588E-1	-5.60696E-1	7.84012E-1
1.59524E+11	6.35873E-4	5.55771E-1	6.09335E-1	8.74775E-1
1.59570E+11	1.89368E-3	9.19547E-1	1.06491E+0	-3.19025E-1
1.59616E+11	3.60399E-4	4.57870E-1	-5.58239E-1	-8.94179E-1
1.59663E+11	4.66267E-4	4.55391E-1	-9.60800E-1	4.32915E-1
1.59709E+11	1.40363E-3	-5.65367E-1	2.61478E-1	8.99759E-1
1.59755E+11	8.49053E-4	1.42369E+0	1.16225E+0	1.92666E-1
1.59801E+11	4.65399E-4	-2.58730E-1	5.25123E-1	-8.16340E-1
1.59847E+11	1.42610E-3	1.00302E+0	-6.94951E-1	-8.81387E-1
1.59894E+11	1.98514E-3	1.29307E+0	-1.09909E+0	3.72567E-1
1.59940E+11	6.92879E-4	1.46609E+0	6.31822E-1	1.00118E+0
1.59986E+11	8.70214E-4	7.01423E-1	1.05691E+0	-2.41311E-1
1.60033E+11	1.52765E-3	1.08397E-1	-1.84896E-1	-9.95533E-1
1.60079E+11	5.26445E-4	1.74777E+0	-1.19115E+0	-2.76809E-1
1.60125E+11	3.14602E-4	7.19320E-2	-3.99697E-1	9.25712E-1
1.60171E+11	1.41444E-3	1.12335E+0	8.84563E-1	7.16060E-1
1.60217E+11	6.71107E-4	7.76382E-1	8.91066E-1	-6.33834E-1
1.60264E+11	4.22225E-4	1.55604E+0	-7.98433E-1	-8.90723E-1
1.60310E+11	8.77017E-4	6.88354E-1	-1.03128E+0	3.28951E-1
1.60356E+11	1.47894E-3	1.51473E+0	1.33376E-1	1.18302E+0
1.60403E+11	7.08768E-4	2.53361E+0	1.28465E+0	3.76525E-1
1.60449E+11	7.16793E-4	5.59848E-1	4.42595E-1	-9.70411E-1
1.60495E+11	2.76307E-3	1.69058E+0	-9.47285E-1	-7.60628E-1
1.60541E+11	8.29240E-4	9.26161E-1	-7.47417E-1	8.24057E-1
1.60587E+11	7.15270E-4	1.52216E+0	9.54072E-1	7.13799E-1
1.60634E+11	1.50071E-3	4.08696E-1	8.99667E-1	-5.37843E-1
1.60680E+11	1.35627E-3	1.14818E+0	-3.77761E-1	-1.07699E+0
1.60726E+11	8.28760E-4	2.06786E+0	-1.26399E+0	-1.10410E-1
1.60773E+11	1.01222E-3	1.72045E-2	-2.15647E-1	9.78502E-1
1.60819E+11	2.37649E-3	1.13004E+0	9.40871E-1	6.41836E-1
1.60865E+11	6.18812E-4	-1.37096E-1	6.53097E-1	-7.36471E-1
1.60911E+11	8.08679E-4	1.12608E+0	-8.10808E-1	-7.99124E-1
1.60957E+11	1.91613E-3	-8.90419E-2	-9.01334E-1	4.09027E-1
1.61004E+11	1.05528E-3	1.35862E+0	2.58145E-1	1.14046E+0
1.61050E+11	7.02131E-4	1.30048E+0	1.14240E+0	2.09840E-1
1.61096E+11	1.54503E-3	4.96801E-1	3.51300E-1	-9.98890E-1
1.61143E+11	1.56992E-3	1.04008E+0	-8.68700E-1	-7.18303E-1
1.61189E+11	5.43428E-4	3.41842E-1	-7.16520E-1	7.53984E-1
1.61235E+11	8.11395E-4	2.80563E-1	5.16391E-1	8.94469E-1
1.61281E+11	1.75889E-3	-8.78999E-2	9.74675E-1	-1.73127E-1
1.61327E+11	7.53884E-4	1.41575E+0	9.56698E-2	-1.17314E+0
1.61374E+11	6.76078E-4	1.04074E+0	-1.06808E+0	-3.60542E-1
1.61420E+11	2.16288E-3	6.72476E-1	-5.15324E-1	9.49693E-1
1.61466E+11	9.43874E-4	9.70795E-1	7.78263E-1	8.02991E-1
1.61513E+11	5.27972E-4	9.20887E-1	9.39933E-1	-5.93908E-1
1.61559E+11	1.18309E-3	5.79084E-1	-2.68507E-1	-1.03467E+0
1.61605E+11	1.39555E-3	6.93389E-1	-1.04850E+0	-2.71592E-1
1.61651E+11	6.27708E-4	1.62034E+0	-4.62957E-1	1.11261E+0
1.61697E+11	7.69935E-4	1.12204E+0	9.99916E-1	5.43113E-1
1.61744E+11	2.40862E-3	5.63527E-1	4.59381E-1	-9.63079E-1
1.61790E+11	6.26322E-4	6.08018E-1	-8.48865E-1	-6.55518E-1
1.61836E+11	5.79735E-4	7.11708E-1	-8.51622E-1	6.72911E-1
1.61883E+11	1.39049E-3	1.10507E-2	5.56822E-4	1.00127E+0
1.61929E+11	8.53888E-4	5.55045E-1	8.99414E-1	5.72175E-1
1.61975E+11	5.57282E-4	1.57802E+0	8.47225E-1	-8.48736E-1
1.62021E+11	8.79731E-4	8.09680E-1	-8.27502E-1	-7.21240E-1
1.62067E+11	1.87727E-3	9.94794E-1	-7.68970E-1	8.16151E-1
1.62114E+11	5.19443E-4	1.28704E+0	8.63270E-1	7.74407E-1
1.62160E+11	7.54158E-4	1.64569E+0	1.03077E+0	-6.31058E-1
1.62206E+11	1.68051E-3	-3.22578E-2	-4.51108E-2	-9.95271E-1
1.62253E+11	6.90768E-4	9.57966E-1	-9.31955E-1	-6.15028E-1
1.62299E+11	5.20515E-4	7.86275E-1	4.23051E-2	1.09393E+0
1.62345E+11	1.35684E-3	5.34431E-1	1.06333E+0	1.63669E-2
1.62391E+11	1.09454E-3	-2.14822E-1	2.90744E-1	-9.31239E-1
1.62437E+11	5.25613E-4	1.02799E+0	-1.05548E+0	-3.91177E-1
1.62484E+11	8.98979E-4	3.83334E-1	-6.83208E-1	7.90889E-1
1.62530E+11	1.93747E-3	2.08823E-1	4.81658E-1	9.04027E-1
1.62576E+11	5.76981E-4	4.50149E-1	1.05066E+0	-7.29806E-2
1.62623E+11	7.01119E-4	5.75238E-1	-5.45297E-2	-1.06708E+0
1.62669E+11	1.89352E-3	-1.78575E-1	-9.79585E-1	1.13852E-2
1.62715E+11	7.30735E-4	-1.04607E+0	-3.71468E-1	8.04958E-1
1.62761E+11	5.94086E-4	9.79000E-1	8.25140E-1	7.56305E-1
1.62807E+11	1.53711E-3	6.14735E-1	9.59517E-1	-4.81022E-1
1.62854E+11	1.18666E-3	-5.13031E-1	-1.99674E-1	-9.21255E-1
1.62900E+11	5.51200E-4	5.96834E-1	-1.06964E+0	-5.65303E-2
1.62946E+11	8.55386E-4	-4.67752E-2	8.93668E-2	9.90606E-1
1.62993E+11	2.06158E-3	5.32083E-3	9.98864E-1	5.91394E-2
1.63039E+11	4.53470E-4	-1.64494E+0	4.91810E-1	-6.65456E-1
1.63085E+11	5.92716E-4	7.48141E-1	-6.72935E-1	-8.57410E-1
1.63131E+11	2.05197E-3	3.54459E-1	-9.63364E-1	3.96194E-1
1.63177E+11	7.43335E-4	9.83232E-3	3.29507E-1	9.45353E-1
1.63224E+11	4.50989E-4	6.45753E-1	1.07717E+0	-4.49738E-3
1.63270E+11	1.33494E-3	4.31083E-1	-6.96179E-2	-1.04857E+0
1.63316E+11	1.39036E-3	-7.24189E-2	-9.19176E-1	-3.72263E-1
1.63363E+11	2.90767E-4	-2.62792E+0	-5.58167E-1	4.84220E-1
1.63409E+11	7.66971E-4	1.22021E+0	2.39765E-1	1.12557E+0
1.63455E+11	2.30977E-3	6.27188E-1	1.06507E+0	-1.44894E-1
1.63501E+11	5.72264E-4	2.34884E-1	-1.08003E-1	-1.02172E+0
1.63547E+11	4.37435E-4	4.85294E-1	-1.04603E+0	-1.55040E-1
1.63594E+11	2.32098E-3	1.04183E+0	-2.05702E-1	1.10851E+0
1.63640E+11	7.71693E-4	-1.32666E-1	7.77253E-1	6.04808E-1
1.63686E+11	2.64931E-4	-2.07092E+0	7.43305E-1	-2.61219E-1
1.63733E+11	8.76478E-4	4.76560E-1	9.57665E-2	-1.05205E+0
1.63779E+11	1.28603E-3	-6.50990E-1	-9.17861E-1	-1.35381E-1
1.63825E+11	3.79827E-4	-7.15497E-1	-1.28786E-1	9.11877E-1
1.63871E+11	3.61572E-4	-9.25084E-1	7.45091E-1	5.02980E-1
1.63917E+11	2.64010E-3	2.65923E-1	6.60138E-1	-7.92062E-1
1.63964E+11	4.69761E-4	-6.65290E-1	-3.93774E-1	-8.38397E-1
1.64010E+11	2.89845E-4	-2.01806E+0	-7.77328E-1	1.55246E-1
1.64056E+11	1.22635E-3	6.64655E-2	-1.97768E-1	9.88084E-1
1.64103E+11	8.48999E-4	-4.01775E-1	9.53412E-1	5.14133E-2
1.64149E+11	3.61661E-4	-3.20021E-1	1.28709E-1	-9.55194E-1
1.64195E+11	3.68180E-4	-2.04747E+0	-5.81490E-1	-5.34759E-1
1.64241E+11	1.92816E-3	-1.46467E-1	-7.82267E-1	5.95732E-1
1.64287E+11	3.29337E-4	-1.62743E+0	1.22914E-1	8.19980E-1
1.64334E+11	3.89679E-4	-1.06423E+0	8.81182E-1	7.86441E-2
1.64380E+11	2.00299E-3	-4.65564E-2	4.60035E-1	-8.81876E-1
1.64426E+11	5.07417E-4	-4.63668E-1	-8.91531E-1	-3.22351E-1
1.64473E+11	3.21010E-4	-1.07368E+0	-5.12525E-1	7.19920E-1
1.64519E+11	4.26867E-4	-3.62674E+0	2.53733E-1	6.07829E-1
1.64565E+11	1.14391E-3	-2.81939E-1	9.67355E-1	-3.69904E-2
1.64611E+11	3.47722E-4	-1.01503E+0	7.72930E-2	-8.86346E-1
1.64657E+11	5.67989E-4	-1.12040E+0	-8.78931E-1	-9.41666E-3
1.64704E+11	2.71345E-3	-3.22888E-1	-4.84867E-1	8.32618E-1
1.64750E+11	4.33199E-4	-5.25653E-1	7.50119E-1	5.68616E-1
1.64796E+11	4.32900E-4	-1.02177E+0	7.52054E-1	-4.74101E-1
1.64843E+11	5.84311E-4	-4.14633E+0	-9.60895E-2	-6.12930E-1
1.64889E+11	6.75353E-4	-6.47418E-1	-9.11715E-1	-1.74015E-1
1.64935E+11	3.41296E-4	-1.48235E+0	-3.15494E-1	7.81851E-1
1.64981E+11	9.25933E-4	-1.19821E+0	7.79626E-1	3.88682E-1
1.65027E+11	1.49341E-3	-1.19705E+0	7.21838E-1	-4.87896E-1
1.65074E+11	3.91786E-4	-6.91579E-1	-4.78825E-1	-7.89630E-1
1.65120E+11	5.88544E-4	-9.90340E-1	-8.83842E-1	1.22153E-1
1.65166E+11	9.71451E-4	-2.77358E+0	-1.25817E-2	7.26534E-1
1.65213E+11	6.39219E-4	6.14721E-2	8.35268E-1	5.62656E-1
1.65259E+11	4.83684E-4	-7.82813E-1	5.84536E-1	-7.02410E-1
1.65305E+11	1.49877E-3	-5.50142E-1	-5.72209E-1	-7.44041E-1
1.65351E+11	8.76052E-4	-1.61711E+0	-8.24069E-1	1.00103E-1
1.65397E+11	4.33066E-4	-5.76260E-1	-3.84308E-2	9.35019E-1
1.65444E+11	8.11788E-4	-1.23309E+0	8.15077E-1	2.97437E-1
1.65490E+11	8.85844E-4	-2.54828E+0	3.02890E-1	-6.81456E-1
1.65536E+11	4.92176E-4	-4.45160E-1	-6.93577E-1	-6.49252E-1
1.65583E+11	5.75121E-4	-9.37609E-1	-5.62859E-1	6.99293E-1
1.65629E+11	1.70954E-3	-7.95707E-1	6.11558E-1	6.77188E-1
1.65675E+11	4.62432E-4	-2.94246E+0	7.10611E-1	-5.38855E-2
1.65721E+11	4.66583E-4	-6.55135E-1	1.81938E-1	-9.09327E-1
1.65767E+11	1.19434E-3	-8.94082E-1	-7.72195E-1	-4.66534E-1
1.65814E+11	8.32056E-4	-1.29053E+0	-5.57981E-1	6.56952E-1
1.65860E+11	5.06626E-4	1.35930E-1	4.55728E-1	9.07803E-1
1.65906E+11	8.22610E-4	-3.35571E-1	8.17828E-1	-5.06753E-1
1.65953E+11	1.91823E-3	-2.39143E-1	-4.66254E-1	-8.53833E-1
1.65999E+11	3.63738E-4	-3.85112E+0	-6.41403E-1	2.43445E-2
1.66045E+11	6.83798E-4	6.97773E-2	-1.35858E-1	9.98869E-1
1.66091E+11	1.73477E-3	-1.02893E+0	8.14109E-1	3.55361E-1
1.66137E+11	9.29602E-4	-5.12418E-1	5.32313E-1	-7.78042E-1
1.66184E+11	6.40222E-4	-2.99275E-1	-3.90723E-1	-8.83598E-1
1.66230E+11	1.62864E-3	-7.65603E-2	-8.93027E-1	4.30149E-1
1.66276E+11	1.71165E-3	-5.09519E-1	2.52606E-1	9.08565E-1
1.66323E+11	4.92357E-4	-2.76554E+0	7.20189E-1	-1.01566E-1
1.66369E+11	1.12771E-3	8.39146E-2	2.64269E-1	-9.74511E-1
1.66415E+11	2.45609E-3	-8.11249E-1	-8.61979E-1	-2.94285E-1
1.66461E+11	1.02339E-3	-6.31383E-1	-4.19220E-1	8.30028E-1
1.66507E+11	8.05453E-4	-6.57734E-1	5.00912E-1	7.80095E-1
1.66554E+11	2.84033E-3	4.52624E-1	8.23605E-1	-6.56902E-1
1.66600E+11	1.65073E-3	-2.20792E-2	-4.03063E-1	-9.12398E-1
1.66646E+11	6.23838E-4	-2.24737E+0	-7.36178E-1	2.32520E-1
1.66693E+11	1.72464E-3	7.40149E-1	-2.18440E-1	1.06681E+0
1.66739E+11	2.70211E-3	4.48006E-2	9.73529E-1	2.50221E-1
1.66785E+11	1.13076E-3	1.38391E-1	4.27682E-1	-9.21665E-1
1.66831E+11	7.85568E-4	-1.38657E+0	-4.29367E-1	-7.36426E-1
1.66877E+11	4.22247E-3	8.87149E-1	-8.48706E-1	7.11571E-1
1.66924E+11	1.46577E-3	2.62511E-1	5.13229E-1	8.93815E-1
1.66970E+11	9.13945E-4	-5.76925E-1	7.80479E-1	-5.16194E-1
1.67016E+11	2.32761E-3	9.61860E-1	-7.95959E-2	-1.11426E+0
1.67063E+11	2.01444E-3	2.34414E-1	-1.02016E+0	1.21341E-1
1.67109E+11	9.64265E-4	3.43035E-1	-1.17659E-1	1.03361E+0
1.67155E+11	5.49535E-4	-3.43261E+0	5.73039E-1	3.53970E-1
1.67201E+11	4.20829E-3	1.22877E+0	7.74428E-1	-8.52807E-1
1.67247E+11	8.91270E-4	-7.26235E-2	-5.56362E-1	-8.20901E-1
1.67294E+11	8.09905E-4	-4.60376E-1	-8.25496E-1	4.66879E-1
1.67340E+11	2.79642E-3	1.14028E+0	-6.92015E-2	1.13819E+0
1.67386E+11	1.43035E-3	1.07256E+0	1.12675E+0	-1.02855E-1
1.67433E+11	8.71368E-4	9.74420E-1	5.79180E-2	-1.11722E+0
1.67479E+11	6.91560E-4	-2.48949E+0	-7.27540E-1	-1.85442E-1
1.67525E+11	3.40236E-3	2.32273E+0	-6.48165E-1	1.13448E+0
1.67571E+11	8.07370E-4	1.04120E+0	9.38725E-1	6.24277E-1
1.67617E+11	1.09041E-3	1.12765E+0	7.38775E-1	-8.66423E-1
1.67664E+11	2.87894E-3	1.38165E+0	-1.69142E-1	-1.16015E+0
1.67710E+11	1.16566E-3	2.28199E+0	-1.23604E+0	4.04257E-1
1.67756E+11	7.73217E-4	1.56900E+0	1.85121E-1	1.18359E+0
1.67803E+11	8.94923E-4	-1.29159E+0	8.61136E-1	-3.45093E-2
1.67849E+11	2.13817E-3	3.03665E+0	5.81146E-1	-1.29400E+0
1.67895E+11	5.83785E-4	1.71492E+0	-1.15831E+0	-3.77500E-1
1.67941E+11	1.13016E-3	1.70073E+0	-4.62213E-1	1.12504E+0
1.67987E+11	1.60132E-3	4.45145E-2	4.51112E-1	8.98221E-1
1.68034E+11	6.22946E-4	2.85580E+0	9.87477E-1	-9.77235E-1
1.68080E+11	6.11236E-4	1.85431E+0	-7.03706E-1	-1.01853E+0
1.68126E+11	1.32768E-3	5.83304E-1	-9.49497E-1	4.92142E-1
1.68173E+11	9.58631E-4	3.64561E+0	-2.02423E-1	1.50800E+0
1.68219E+11	4.36314E-4	2.87250E+0	1.39021E+0	6.95617E-2
1.68265E+11	1.21699E-3	2.44170E+0	2.84712E-1	-1.29364E+0
1.68311E+11	5.92740E-4	-5.47509E-1	-6.78345E-1	-6.49155E-1
1.68357E+11	4.30022E-4	4.28441E+0	-1.00977E+0	1.28928E+0
1.68404E+11	6.04629E-4	2.35289E+0	9.77465E-1	8.73851E-1
1.68450E+11	9.66347E-4	1.06807E+0	7.74371E-1	-8.24113E-1
1.68496E+11	4.52208E-4	3.01718E+0	-2.43348E-1	-1.39426E+0
1.68543E+11	3.75266E-4	2.97005E+0	-1.29231E+0	5.58107E-1
1.68589E+11	1.34156E-3	1.41864E+0	2.38622E-1	1.15299E+0
1.68635E+11	2.09950E-4	-2.15166E+0	7.58539E-1	1.84183E-1
1.68681E+11	2.79111E-4	3.43795E+0	6.81153E-1	-1.32023E+0
1.68727E+11	7.00590E-4	1.76308E+0	-1.07651E+0	-5.84710E-1
1.68774E+11	5.33238E-4	9.75769E-1	-6.66025E-1	8.99073E-1
1.68820E+11	2.15948E-4	2.03211E+0	2.75270E-1	1.23324E+0
1.68866E+11	3.97480E-4	2.89315E+0	1.25008E+0	-6.19732E-1
1.68913E+11	1.20169E-3	1.58475E+0	-4.77285E-1	-1.10117E+0
1.68959E+11	1.37153E-4	-1.24554E+0	-7.98645E-1	3.35902E-1
1.69005E+11	2.41547E-4	3.53815E+0	1.66807E-1	1.49354E+0
1.69051E+11	1.18063E-3	1.77017E+0	1.20322E+0	-2.35488E-1
1.69097E+11	2.69406E-4	6.80724E-1	6.49437E-2	-1.07957E+0
1.69144E+11	1.22346E-4	2.91683E-1	-7.03494E-1	-7.58001E-1
1.69190E+11	5.26310E-4	2.36957E+0	-8.90389E-1	9.65854E-1
1.69236E+11	5.35926E-4	1.19559E+0	7.05735E-1	9.04907E-1
1.69283E+11	1.08787E-4	-1.07225E+0	7.41773E-1	-4.80620E-1
1.69329E+11	2.29018E-4	2.61908E+0	-1.45975E-1	-1.34403E+0
1.69375E+11	1.47258E-3	1.67062E+0	-1.15387E+0	3.71097E-1
1.69421E+11	1.65488E-4	7.04951E-1	2.02163E-1	1.06554E+0
1.69467E+11	9.08971E-5	-1.30744E+0	8.16294E-1	2.71485E-1
1.69514E+11	8.40678E-4	2.28957E+0	3.24754E-1	-1.26044E+0
1.69560E+11	2.85328E-4	8.41499E-1	-1.02192E+0	-4.11689E-1
1.69606E+11	9.84178E-5	-2.08571E-1	-5.37969E-1	8.14677E-1
1.69653E+11	2.56433E-4	1.87576E+0	4.38066E-1	1.16116E+0
1.69699E+11	7.83224E-4	1.72839E+0	1.06839E+0	-5.89360E-1
1.69745E+11	1.33527E-4	8.43585E-1	-3.70835E-1	-1.03772E+0
1.69791E+11	8.09861E-5	-2.47520E+0	-7.51706E-1	-2.23527E-2
1.69837E+11	1.38798E-3	2.09753E+0	-2.28316E-2	1.27294E+0
1.69884E+11	1.53488E-4	9.70118E-1	1.11249E+0	-1.12521E-1
1.69930E+11	1.27898E-4	3.68622E-1	3.76831E-2	-1.04267E+0
1.69976E+11	3.33872E-4	8.92318E-1	-8.78442E-1	-6.75599E-1
1.70023E+11	5.09957E-4	1.67539E+0	-7.08841E-1	9.84021E-1
1.70069E+11	1.33415E-4	4.09696E-1	7.48809E-1	7.33630E-1
1.70115E+11	1.47587E-4	-2.26448E+0	6.98758E-1	-3.24680E-1
1.70161E+11	1.66811E-3	1.02114E+0	5.46746E-2	-1.12342E+0
1.70207E+11	1.68488E-4	2.36078E-1	-1.01945E+0	-1.28818E-1
1.70254E+11	1.49775E-4	-8.47597E-1	-2.61548E-1	8.68499E-1
1.70300E+11	4.45956E-4	-1.05376E+0	5.89714E-1	6.60903E-1
1.70346E+11	2.96809E-4	3.74059E-1	7.53815E-1	-7.22296E-1
1.70393E+11	1.34973E-4	-5.15290E-1	-5.46898E-1	-7.67477E-1
1.70439E+11	2.69068E-4	-2.10940E+0	-7.12466E-1	3.28106E-1
1.70485E+11	8.75252E-4	9.00433E-1	-1.65726E-1	1.09678E+0
1.70531E+11	1.59440E-4	1.88010E+0	1.07836E+0	6.15534E-1
1.70577E+11	2.26991E-4	4.61136E+0	1.41507E+0	-9.42954E-1
1.70624E+11	6.19307E-4	8.85058E+0	8.91128E-1	-2.62308E+0
1.70670E+11	2.41860E-4	3.10185E+1	-2.67016E+1	-2.34800E+1
1.70716E+11	1.77078E-4	5.68306E+1	-6.39365E+2	2.70606E+2
1.70763E+11	6.24346E-4	6.00393E+1	-4.34494E+2	9.05702E+2
1.70809E+11	4.77402E-4	8.18098E+1	1.10681E+4	5.40320E+3
1.70855E+11	1.80381E-4	7.83747E+1	6.35868E+3	-5.32430E+3
1.70901E+11	4.08465E-4	1.03527E+2	4.13571E+4	1.44278E+5
1.70947E+11	4.35340E-4	6.19741E+1	6.80564E+2	-1.05466E+3
1.70994E+11	1.80343E-4	4.46784E+1	-9.16226E+1	-1.44814E+2
1.71040E+11	2.48743E-4	1.01387E+1	-2.85119E+0	1.48163E+0
1.71086E+11	8.51781E-4	8.64342E-1	7.57034E-1	8.04430E-1
1.71133E+11	3.06385E-4	-3.24721E-1	8.39958E-1	-4.71622E-1
1.71179E+11	1.95493E-4	-1.01976E-1	-5.41403E-1	-8.26847E-1
1.71225E+11	7.76853E-4	-3.02530E-1	-6.31033E-1	7.31101E-1
1.71271E+11	2.94337E-4	-2.97570E+0	5.87331E-1	3.98800E-1
1.71317E+11	1.88805E-4	-1.15228E+0	4.79368E-1	-7.32915E-1
1.71364E+11	4.60188E-4	3.29415E-2	-8.67028E-1	-5.05842E-1
1.71410E+11	9.39964E-4	-5.82860E-1	-5.95191E-1	7.21218E-1
1.71456E+11	2.82108E-4	-8.15409E-1	2.33556E-1	8.79926E-1
1.71503E+11	2.55384E-4	-6.98200E-2	9.72724E-1	1.94576E-1
1.71549E+11	1.42501E-3	1.45814E+0	6.46724E-1	-9.90321E-1
1.71595E+11	2.97476E-4	-8.33621E-1	-3.86681E-1	-8.22087E-1
1.71641E+11	2.14193E-4	-5.28069E-1	-8.89221E-1	-3.07889E-1
1.71687E+11	7.94910E-4	1.35266E+0	-8.00429E-1	8.51312E-1
1.71734E+11	9.22581E-4	5.22673E-1	6.89373E-1	8.07871E-1
1.71780E+11	2.66026E-4	-1.20852E+0	8.26262E-1	-2.72728E-1
1.71826E+11	3.00507E-4	-1.24939E+0	-4.71291E-3	-8.66012E-1
1.71873E+11	1.92074E-3	1.07046E-1	-1.00931E+0	7.90264E-2
1.71919E+11	3.15889E-4	-1.43095E+0	-8.82312E-3	8.48065E-1
1.71965E+11	2.88576E-4	-1.49668E+0	7.94078E-1	2.79155E-1
1.72011E+11	1.25220E-3	-1.00860E-1	7.24585E-1	-6.72325E-1
1.72057E+11	6.19014E-4	-5.88981E-1	-5.54002E-1	-7.52501E-1
1.72104E+11	2.41726E-4	-2.50306E+0	-7.26996E-1	1.82815E-1
1.72150E+11	3.34323E-4	-2.80772E+0	-4.17935E-2	7.22585E-1
1.72196E+11	1.45346E-3	-3.32046E-1	9.57450E-1	9.84058E-2
1.72243E+11	3.38541E-4	-1.04321E+0	2.21302E-1	-8.58772E-1
1.72289E+11	3.71390E-4	-1.59478E+0	-6.71219E-1	-4.92066E-1
1.72335E+11	1.63365E-3	-6.93590E-1	-7.76082E-1	5.00091E-1
1.72381E+11	5.20228E-4	-7.27768E-1	5.15499E-1	7.61560E-1
1.72427E+11	2.84255E-4	-2.67446E+0	6.19825E-1	-3.94989E-1
1.72474E+11	4.24290E-4	-3.51460E+0	-3.89240E-2	-6.66085E-1
1.72520E+11	1.07313E-3	-2.69243E-1	-9.66593E-1	-7.47399E-2
1.72566E+11	3.84771E-4	-5.42651E-1	3.75158E-2	9.38687E-1
1.72613E+11	5.02399E-4	-1.88443E+0	7.57041E-1	2.73612E-1
1.72659E+11	1.81287E-3	-1.00360E+0	7.06943E-1	-5.42127E-1
1.72705E+11	5.12664E-4	-4.97246E-1	-5.09348E-1	-7.95224E-1
1.72751E+11	4.52404E-4	-1.31213E+0	-6.89843E-1	5.13184E-1
1.72797E+11	3.60248E-4	-4.83806E+0	2.54090E-1	5.13498E-1
1.72844E+11	7.95127E-4	-1.21461E-1	9.05038E-1	-3.91568E-1
1.72890E+11	4.15709E-4	-4.47357E-1	-5.11565E-1	-8.00263E-1
1.72936E+11	6.58315E-4	-1.59964E+0	-7.73813E-1	3.05126E-1
1.72983E+11	1.16552E-3	-1.72413E+0	-8.16638E-2	8.15885E-1
1.73029E+11	3.83437E-4	-2.42416E-1	9.70181E-1	6.67858E-2
1.73075E+11	3.24568E-4	-8.44193E-1	1.72347E-2	-9.07219E-1
1.73121E+11	6.52674E-4	-3.13796E+0	-6.64317E-1	-2.10237E-1
1.73167E+11	5.08912E-4	-5.95843E-1	-7.60774E-1	5.41313E-1
1.73214E+11	4.35295E-4	-8.60432E-2	5.78403E-1	8.03637E-1
1.73260E+11	6.57157E-4	-2.43638E+0	6.53218E-1	-3.79402E-1
1.73306E+11	6.58677E-4	-2.32023E+0	-1.20222E-1	-7.56078E-1
1.73353E+11	3.58213E-4	-3.10506E-1	-9.20866E-1	2.88108E-1
1.73399E+11	6.94201E-4	-4.29126E-1	3.89883E-1	8.68278E-1
1.73445E+11	4.56940E-4	-3.74518E+0	6.38343E-1	-1.21171E-1
1.73491E+11	3.56169E-4	-7.33803E-1	4.32277E-1	-8.10972E-1
1.73537E+11	4.07932E-4	1.42357E-2	-8.79152E-1	-4.79975E-1
1.73584E+11	9.50360E-4	-1.35625E+0	-4.30426E-1	7.39259E-1
1.73630E+11	3.43129E-4	-3.17769E+0	2.81976E-1	6.33707E-1
1.73676E+11	2.90929E-4	-9.39085E-2	8.71757E-1	-4.67599E-1
1.73723E+11	7.91432E-4	-2.99991E-1	-6.11493E-1	-7.47886E-1
1.73769E+11	4.54915E-4	-1.97459E+0	-5.85685E-1	5.40031E-1
1.73815E+11	2.25142E-4	-1.28533E+0	9.19055E-2	8.57539E-1
1.73861E+11	4.07522E-4	6.33767E-2	9.75652E-1	-2.50607E-1
1.73907E+11	6.74529E-4	-1.97593E+0	-1.76451E-1	-7.76743E-1
1.73954E+11	1.18044E-4	-5.54958E+0	-5.08635E-1	-1.41173E-1
1.74000E+11	2.13008E-4	-5.79317E-1	-4.47399E-1	8.21557E-1
