Position	Channel 1	Channel 2	Channel 3	Channel 4
1.00000E+11	2.11743E-12	-2.11412E+1	7.90880E-2	-3.78724E-2
1.00046E+11	6.26743E-13	-2.69504E+1	3.79990E-2	2.39637E-2
1.00093E+11	5.67165E-13	-2.68049E+1	-3.41792E-2	-3.03106E-2
1.00139E+11	4.11293E-13	-2.50799E+1	-3.51412E-2	-4.32407E-2
1.00185E+11	1.41522E-12	-1.87817E+1	-1.13093E-1	-2.11741E-2
1.00231E+11	7.79585E-13	-2.05984E+1	-4.76158E-2	8.02844E-2
1.00278E+11	1.65884E-12	-1.94166E+1	6.32547E-2	8.62356E-2
1.00324E+11	9.73340E-12	-1.23017E+1	1.10050E-1	-2.16217E-1
1.00370E+11	9.24667E-12	-1.33328E+1	-1.77986E-1	-1.21417E-1
1.00416E+11	1.38355E-11	-1.11737E+1	-2.70124E-1	5.78852E-2
1.00463E+11	3.64841E-11	-6.75133E+0	2.31097E-1	3.97339E-1
1.00509E+11	2.94890E-11	-9.40379E+0	3.32093E-1	6.65533E-2
1.00555E+11	1.88423E-11	-9.57598E+0	6.68097E-2	-3.25257E-1
1.00601E+11	6.25483E-11	-4.18328E+0	-4.71211E-1	-3.99519E-1
1.00648E+11	2.15080E-11	-9.91736E+0	-1.96150E-1	2.51886E-1
1.00694E+11	1.48739E-11	-1.13587E+1	1.12125E-1	2.46097E-1
1.00740E+11	5.15747E-11	-6.20759E+0	4.28245E-1	-2.36792E-1
1.00786E+11	4.93342E-11	-7.22684E+0	-2.13198E-1	-3.79366E-1
1.00833E+11	1.46006E-11	-1.35394E+1	-2.05932E-1	4.30956E-2
1.00879E+11	2.84095E-11	-1.04130E+1	-1.29542E-1	2.72301E-1
1.00925E+11	8.92375E-11	-6.77747E+0	4.06626E-1	2.11357E-1
1.00971E+11	3.88423E-11	-1.09372E+1	1.71509E-1	-2.26219E-1
1.01018E+11	5.77729E-11	-9.53197E+0	-2.56644E-1	-2.13337E-1
1.01064E+11	9.90321E-11	-8.16477E+0	-3.87383E-1	5.02378E-2
1.01110E+11	5.07002E-11	-9.89392E+0	1.90607E-1	2.57180E-1
1.01156E+11	3.37457E-11	-1.11706E+1	2.68687E-1	-6.46604E-2
1.01203E+11	1.22187E-11	-1.38683E+1	1.44081E-1	-1.42398E-1
1.01249E+11	1.72253E-11	-1.07727E+1	-2.88284E-1	-2.43345E-2
1.01295E+11	3.11682E-12	-1.49482E+1	-1.32507E-1	1.20184E-1
1.01341E+11	1.06273E-13	-2.89818E+1	3.44058E-2	8.96954E-3
1.01388E+11	6.16204E-13	-1.73491E+1	1.15617E-1	-7.10241E-2
1.01434E+11	5.15671E-13	-1.74195E+1	4.95480E-2	-1.25143E-1
1.01480E+11	5.71062E-13	-1.15935E+1	-1.58724E-1	2.09984E-1
1.01526E+11	1.24520E-12	2.60726E-1	-7.14025E-1	7.42994E-1
1.01573E+11	1.15481E-13	-1.32679E+1	-1.96216E-2	2.16185E-1
1.01619E+11	1.05893E-12	-1.29753E+0	-1.27658E-1	8.51725E-1
1.01665E+11	1.35536E-12	-2.63935E+0	2.08484E-1	-7.07897E-1
1.01711E+11	1.30984E-12	1.70292E+1	-4.99271E+0	-5.05268E+0
1.01758E+11	3.88731E-12	8.56697E+0	1.98852E+0	-1.79868E+0
1.01804E+11	2.42805E-13	-3.85032E+0	3.83589E-1	5.14711E-1
1.01850E+11	1.29397E-12	-2.93663E+0	4.93058E-1	-5.15216E-1
1.01896E+11	1.07861E-12	5.40616E+0	1.84232E+0	-2.79524E-1
1.01943E+11	1.65624E-12	-1.41811E+0	8.19371E-1	2.23727E-1
1.01989E+11	2.10394E-13	-3.29702E+0	6.82369E-1	-4.92869E-2
1.02035E+11	2.42379E-12	-1.57409E+0	-3.69285E-1	7.48064E-1
1.02081E+11	1.65367E-13	1.20756E+1	3.54067E+0	-1.89499E+0
1.02128E+11	5.69943E-13	-2.06383E+0	4.00567E-1	6.79189E-1
1.02174E+11	7.12233E-14	-8.63603E+0	-2.17275E-1	-2.99482E-1
1.02220E+11	3.31973E-13	-7.45534E+0	2.36029E-1	-3.52075E-1
1.02266E+11	6.81306E-13	-2.32929E+0	6.30401E-1	4.32989E-1
1.02313E+11	9.10992E-13	-9.04198E+0	2.15521E-1	2.79700E-1
1.02359E+11	1.17913E-13	-4.17212E+0	-6.13605E-1	-7.82734E-2
1.02405E+11	1.88791E-12	-2.37493E+0	-7.58023E-1	6.45926E-2
1.02451E+11	7.65673E-13	-3.85085E+0	-5.42735E-1	-3.42718E-1
1.02498E+11	1.82843E-12	6.51481E-1	4.65050E-1	9.72406E-1
1.02544E+11	1.12501E-14	-1.88042E+1	4.84722E-2	1.04021E-1
1.02590E+11	2.14203E-13	-6.41228E+0	-4.67602E-1	9.89382E-2
1.02636E+11	3.41925E-13	2.86194E+0	-1.36843E+0	2.45438E-1
1.02683E+11	5.00407E-13	2.59989E+0	-8.14293E-1	-1.07545E+0
1.02729E+11	3.76864E-13	5.45376E+0	-1.03023E+0	1.56499E+0
1.02775E+11	8.47639E-14	-1.68803E+1	-1.13980E-1	-8.67111E-2
1.02821E+11	7.02395E-13	-4.51840E+0	-4.00177E-1	-4.39513E-1
1.02868E+11	2.04971E-13	-1.99980E+0	4.94836E-2	-7.92804E-1
1.02914E+11	9.68658E-13	4.04461E+0	-1.58830E+0	1.22991E-1
1.02960E+11	2.46518E-12	-4.55396E+0	5.45095E-1	-2.30877E-1
1.03006E+11	3.95922E-12	4.72744E+0	1.68690E+0	3.52558E-1
1.03053E+11	2.07222E-12	2.02313E+0	-1.17432E+0	-4.62962E-1
1.03099E+11	9.89452E-14	-1.39790E+1	1.71148E-1	1.03499E-1
1.03145E+11	1.23292E-13	-5.35973E+0	-1.66141E-1	-5.13310E-1
1.03191E+11	1.17013E-12	-6.91164E+0	-2.73810E-1	-3.58685E-1
1.03238E+11	4.23119E-13	-2.76206E+0	5.01272E-1	-5.27389E-1
1.03284E+11	7.50251E-15	-2.37017E+1	3.78001E-2	-5.32472E-2
1.03330E+11	2.10160E-12	1.17215E+0	1.14332E+0	-5.15216E-2
1.03376E+11	1.83281E-12	-2.72297E+0	-1.74561E-1	7.09737E-1
1.03423E+11	1.35842E-12	8.54338E-1	1.02495E+0	4.08496E-1
1.03469E+11	6.62234E-14	-8.60201E+0	3.71398E-1	-6.19012E-3
1.03515E+11	5.19631E-14	-1.73044E+1	-4.03787E-2	-1.30275E-1
1.03561E+11	1.24123E-12	3.09796E+0	5.46503E-1	-1.31989E+0
1.03608E+11	8.18204E-13	-3.95968E+0	3.70477E-1	-5.14361E-1
1.03654E+11	1.13024E-12	1.52063E+0	1.00421E+0	-6.40952E-1
1.03700E+11	1.10045E-13	-1.23455E+1	-1.52113E-1	1.87437E-1
1.03746E+11	1.65556E-13	-8.40577E+0	8.83697E-2	-3.69517E-1
1.03793E+11	7.11640E-13	8.71415E+0	2.68886E+0	4.55357E-1
1.03839E+11	5.92636E-13	1.49760E+0	-8.66786E-1	-8.12674E-1
1.03885E+11	1.62085E-12	9.94548E+0	5.64416E-1	-3.09139E+0
1.03931E+11	2.49493E-12	1.65488E+1	1.21111E+0	-6.61104E+0
1.03978E+11	1.67043E-12	9.36651E-1	3.23315E-1	-1.06591E+0
1.04024E+11	1.04865E-12	-1.99169E+0	5.54035E-1	5.70272E-1
1.04070E+11	4.22530E-13	-1.18175E+1	2.24646E-1	1.23844E-1
1.04116E+11	2.41706E-12	7.76842E-1	1.09111E+0	7.32147E-2
1.04163E+11	2.52983E-13	-1.04999E+1	-2.79192E-1	-1.05727E-1
1.04209E+11	3.09680E-13	-5.06842E-1	7.02327E-1	-6.29750E-1
1.04255E+11	4.16680E-14	-1.61289E+1	-2.17462E-2	1.54633E-1
1.04301E+11	2.89261E-13	-8.55599E+0	-6.82569E-3	3.73360E-1
1.04348E+11	3.64291E-14	-1.52830E+1	-1.61652E-1	-5.91293E-2
1.04394E+11	2.04465E-12	2.37466E+0	9.63906E-1	8.93630E-1
1.04440E+11	7.46259E-13	-3.67881E+0	6.33176E-1	-1.66596E-1
1.04486E+11	2.11044E-13	-5.90921E+0	5.49558E-2	-5.03463E-1
1.04533E+11	1.96650E-12	-2.08750E+0	5.47143E-1	-5.64807E-1
1.04579E+11	1.06283E-12	-8.37701E-1	-5.68450E-1	-7.08123E-1
1.04625E+11	8.61221E-13	-3.53710E+0	5.05812E-1	4.32478E-1
1.04671E+11	1.28099E-13	-1.13021E+1	1.55253E-1	-2.23587E-1
1.04718E+11	1.04371E-13	-1.08965E+1	-2.57533E-2	2.84052E-1
1.04764E+11	8.78866E-13	1.55316E+0	-9.36089E-1	7.44092E-1
1.04810E+11	5.95397E-13	6.23170E-1	1.01620E+0	3.48772E-1
1.04856E+11	3.89249E-13	-8.58905E+0	-2.81315E-1	2.43410E-1
1.04903E+11	7.77262E-14	-1.48162E+1	1.80198E-1	-2.27715E-2
1.04949E+11	8.62015E-13	8.19189E-1	9.01692E-1	6.28124E-1
1.04995E+11	1.17870E-13	-5.32489E+0	4.83799E-1	-2.43666E-1
1.05041E+11	3.23772E-13	5.00959E+0	-1.74256E+0	-3.64334E-1
1.05088E+11	4.80234E-13	-8.11651E+0	3.17459E-1	-2.31331E-1
1.05134E+11	2.94305E-13	-1.04829E+1	-7.12024E-2	2.90529E-1
1.05180E+11	2.63182E-13	-2.33658E+0	-6.25929E-1	4.38313E-1
1.05226E+11	6.73295E-13	-7.15054E+0	-3.84156E-1	-2.12491E-1
1.05273E+11	2.38142E-13	-5.60353E+0	4.73165E-1	-2.26525E-1
1.05319E+11	5.13567E-13	7.94854E+0	1.76857E+0	1.76278E+0
1.05365E+11	4.92702E-13	3.46421E+0	1.41919E+0	-4.54141E-1
1.05411E+11	1.03619E-12	-8.28399E-1	8.78543E-1	-2.33463E-1
1.05458E+11	4.77967E-13	-5.59490E+0	4.08779E-1	-3.29615E-1
1.05504E+11	1.13749E-12	8.06983E+0	-1.88704E+0	-1.68847E+0
1.05550E+11	6.26415E-14	-1.70340E+1	5.05010E-2	1.31327E-1
1.05596E+11	1.55319E-12	-4.62648E+0	3.04833E-1	5.01703E-1
1.05643E+11	1.63108E-12	-1.64855E+0	4.61798E-2	8.25837E-1
1.05689E+11	2.82816E-12	3.32524E+0	1.30606E+0	-6.66800E-1
1.05735E+11	3.51569E-13	-1.21709E+1	-2.03995E-1	1.38011E-1
1.05781E+11	4.03505E-13	-7.14082E+0	2.66637E-1	-3.49378E-1
1.05828E+11	5.46177E-13	6.48679E+0	-1.30074E+0	1.66173E+0
1.05874E+11	1.00090E-12	-5.80578E+0	4.62929E-1	-2.19941E-1
1.05920E+11	2.89386E-12	6.85057E+0	2.82672E-1	-2.18230E+0
1.05966E+11	7.45505E-13	4.06511E+0	1.41033E+0	-7.48867E-1
1.06012E+11	5.67646E-13	3.15131E+0	1.22275E+0	-7.55573E-1
1.06059E+11	2.58576E-12	2.99076E+0	-4.08036E-1	1.35075E+0
1.06105E+11	3.06553E-12	6.47488E+0	-7.04221E-1	-1.98624E+0
1.06151E+11	2.00770E-13	2.01953E+0	9.53731E-1	8.26095E-1
1.06197E+11	1.70275E-14	-1.89716E+1	-7.52014E-2	-8.37651E-2
1.06244E+11	1.44023E-12	-3.18791E+1	-2.08449E-2	1.46378E-2
1.06290E+11	4.39050E-14	-7.07863E+1	2.51198E-4	1.42612E-4
1.06336E+11	3.00718E-13	-7.46180E+1	-1.62139E-4	9.07780E-5
1.06382E+11	7.04318E-13	-7.76635E+1	-1.30404E-4	1.09793E-5
1.06429E+11	1.45782E-12	-7.84776E+1	-1.17393E-4	-2.04314E-5
1.06475E+11	2.27140E-12	-7.88749E+1	-4.79608E-5	-1.03232E-4
1.06521E+11	6.67237E-13	-8.57629E+1	-4.80888E-5	1.84469E-5
1.06567E+11	1.20923E-12	-8.41756E+1	-5.97595E-5	1.58778E-5
1.06614E+11	2.06823E-12	-8.26519E+1	-4.79104E-5	-5.59882E-5
1.06660E+11	3.79942E-13	-9.08415E+1	2.08985E-5	-1.96749E-5
1.06706E+11	1.33164E-13	-9.62308E+1	3.94128E-6	-1.49217E-5
1.06752E+11	2.52240E-12	-8.42155E+1	-5.68015E-5	-2.37046E-5
1.06799E+11	9.30719E-14	-9.89582E+1	1.07164E-5	-3.50252E-6
1.06845E+11	1.26881E-12	-8.76534E+1	-2.68410E-5	-3.15618E-5
1.06891E+11	1.74154E-13	-9.58595E+1	4.39252E-6	1.54969E-5
1.06937E+11	1.00739E-12	-8.77708E+1	3.81557E-5	1.46598E-5
1.06984E+11	1.06796E-10	-6.73866E+1	-2.88932E-4	3.14726E-4
1.07030E+11	1.16033E-11	-7.75189E+1	8.63514E-5	1.01238E-4
1.07076E+11	1.33449E-9	-5.77710E+1	1.25556E-3	3.07047E-4
1.07122E+11	1.25237E-6	-2.84707E+1	2.20479E-2	-3.05942E-2
1.07169E+11	1.36844E-6	-2.78166E+1	-4.01009E-2	6.72223E-3
1.07215E+11	9.47538E-7	-2.86735E+1	-2.24462E-2	2.92127E-2
1.07261E+11	3.41069E-6	-2.22041E+1	1.87757E-2	7.52820E-2
1.07307E+11	3.65681E-6	-2.03368E+1	7.05770E-2	-6.53662E-2
1.07354E+11	7.88029E-7	-2.50354E+1	-9.69231E-3	-5.51601E-2
1.07400E+11	8.90356E-7	-2.26820E+1	-6.69565E-2	-3.01576E-2
1.07446E+11	4.13827E-7	-2.41838E+1	-4.36622E-2	4.37005E-2
1.07492E+11	1.07946E-6	-1.81131E+1	1.15980E-1	4.46100E-2
1.07539E+11	6.06891E-7	-1.89587E+1	9.90327E-2	-5.38697E-2
1.07585E+11	4.35815E-6	-8.98416E+0	5.64898E-2	-3.50944E-1
1.07631E+11	5.85226E-6	-6.39333E+0	-4.78051E-1	-3.01084E-2
1.07677E+11	2.10244E-6	-9.83753E+0	-9.16054E-2	3.08902E-1
1.07724E+11	3.11567E-6	-7.08763E+0	2.10294E-1	3.88995E-1
1.07770E+11	7.44447E-6	-2.76194E+0	6.68468E-1	-2.87363E-1
1.07816E+11	3.70956E-6	-6.04584E+0	-3.66961E-1	-3.37478E-1
1.07862E+11	2.92758E-6	-7.21004E+0	-4.34715E-1	3.35955E-2
1.07909E+11	8.18935E-6	-2.88468E+0	-1.82531E-1	6.93798E-1
1.07955E+11	6.67797E-6	-3.60617E+0	6.58059E-1	-5.34208E-2
1.08001E+11	3.45319E-6	-5.96007E+0	9.11906E-2	-4.95170E-1
1.08047E+11	5.15389E-6	-4.07510E+0	-4.17902E-1	-4.65447E-1
1.08094E+11	6.72719E-6	-3.14044E+0	-4.21187E-1	5.54834E-1
1.08140E+11	4.00402E-6	-5.42380E+0	4.57117E-1	2.79054E-1
1.08186E+11	3.45543E-6	-6.40038E+0	3.99486E-1	-2.63586E-1
1.08232E+11	6.17469E-6	-4.59027E+0	-9.90985E-2	-5.81115E-1
1.08279E+11	6.21038E-6	-5.79123E+0	-4.40952E-1	2.62906E-1
1.08325E+11	6.28341E-6	-7.84138E+0	5.06578E-3	4.05413E-1
1.08371E+11	1.79474E-5	-5.44220E+0	4.95993E-1	1.99011E-1
1.08417E+11	2.68498E-5	-5.68524E+0	1.63878E-1	-4.93167E-1
1.08464E+11	1.93672E-5	-8.41905E+0	-3.51231E-1	-1.43345E-1
1.08510E+11	2.76734E-5	-7.79968E+0	-3.11130E-1	2.63000E-1
1.08556E+11	4.41452E-5	-6.45353E+0	1.32552E-1	4.56848E-1
1.08602E+11	3.90198E-5	-7.58765E+0	3.57690E-1	-2.15251E-1
1.08649E+11	2.73214E-5	-9.56255E+0	-2.62455E-2	-3.31525E-1
1.08695E+11	5.52188E-5	-6.91671E+0	-4.23501E-1	-1.55037E-1
1.08741E+11	4.30609E-5	-8.33788E+0	-5.41150E-2	3.79075E-1
1.08787E+11	2.94050E-5	-1.02498E+1	2.85133E-1	1.14496E-1
1.08834E+11	3.54881E-5	-9.79926E+0	2.16741E-1	-2.40321E-1
1.08880E+11	4.46030E-5	-9.08063E+0	-1.29500E-1	-3.26813E-1
1.08926E+11	5.91403E-5	-8.27350E+0	-3.16506E-1	2.20545E-1
1.08972E+11	5.24595E-5	-9.13076E+0	7.25917E-2	3.41890E-1
1.09019E+11	7.74304E-5	-7.76876E+0	4.03082E-1	6.84247E-2
1.09065E+11	7.11587E-5	-8.09792E+0	1.24631E-2	-3.93447E-1
1.09111E+11	6.31833E-5	-8.46021E+0	-3.65084E-1	-9.62662E-2
1.09157E+11	1.00833E-4	-6.66984E+0	-2.23608E-1	4.06553E-1
1.09204E+11	6.96885E-5	-8.64910E+0	2.44963E-1	2.76550E-1
1.09250E+11	1.01141E-4	-7.30882E+0	2.83459E-1	-3.24780E-1
1.09296E+11	8.12094E-5	-8.40450E+0	-1.82492E-1	-3.33303E-1
1.09342E+11	1.03018E-4	-7.50293E+0	-4.20522E-1	2.94819E-2
1.09389E+11	7.28114E-5	-8.89534E+0	9.45709E-2	3.46438E-1
1.09435E+11	5.81885E-5	-9.77278E+0	3.23418E-1	-2.77839E-2
1.09481E+11	9.42448E-5	-7.75381E+0	9.15516E-2	-3.99188E-1
1.09527E+11	8.50642E-5	-8.78386E+0	-3.15724E-1	-1.80650E-1
1.09574E+11	1.07572E-4	-7.71588E+0	-1.50577E-1	3.82794E-1
1.09620E+11	7.01746E-5	-9.98248E+0	2.32137E-1	2.15678E-1
1.09666E+11	1.37755E-4	-7.54994E+0	4.04517E-1	-1.10275E-1
1.09712E+11	1.48230E-4	-7.75244E+0	-2.30458E-1	-3.38637E-1
1.09759E+11	1.33065E-4	-8.94687E+0	-3.38719E-1	1.12747E-1
1.09805E+11	2.55229E-4	-6.55413E+0	1.53540E-2	4.69961E-1
1.09851E+11	1.87651E-4	-8.30653E+0	3.79650E-1	5.96213E-2
1.09897E+11	2.88168E-4	-7.08303E+0	4.76980E-2	-4.39856E-1
1.09944E+11	2.42772E-4	-8.43015E+0	-3.47709E-1	-1.50473E-1
1.09990E+11	3.63826E-4	-6.86637E+0	-3.22855E-1	3.18631E-1
1.10036E+11	3.05779E-4	-7.81020E+0	3.38181E-1	2.26280E-1
1.10082E+11	2.59916E-4	-8.61061E+0	3.12154E-1	-2.00652E-1
1.10129E+11	4.72471E-4	-6.11047E+0	-5.72481E-2	-4.91531E-1
1.10175E+11	3.67446E-4	-7.27269E+0	-4.31963E-1	2.81357E-2
1.10221E+11	3.31164E-4	-7.84709E+0	-8.13276E-3	4.05096E-1
1.10267E+11	3.26163E-4	-7.99291E+0	3.91550E-1	7.37343E-2
1.10314E+11	4.15630E-4	-6.86792E+0	2.70459E-1	-3.64060E-1
1.10360E+11	4.04801E-4	-7.28123E+0	-4.06172E-1	-1.48457E-1
1.10406E+11	2.85587E-4	-8.84387E+0	-2.48826E-1	2.61890E-1
1.10452E+11	4.89665E-4	-6.50107E+0	6.70908E-2	4.68311E-1
1.10499E+11	3.50595E-4	-7.73733E+0	4.06370E-1	-5.68705E-2
1.10545E+11	2.87885E-4	-8.23350E+0	-2.23697E-2	-3.86901E-1
1.10591E+11	2.75865E-4	-8.13732E+0	-3.84968E-1	-7.31856E-2
1.10637E+11	3.46664E-4	-7.02796E+0	-3.36035E-1	2.92107E-1
1.10684E+11	3.46162E-4	-6.96325E+0	3.41414E-1	2.90961E-1
1.10730E+11	3.00379E-4	-7.39344E+0	3.89362E-1	-1.75051E-1
1.10776E+11	4.43177E-4	-5.66819E+0	1.10448E-1	-5.08855E-1
1.10822E+11	3.76840E-4	-6.19982E+0	-4.89300E-1	-2.18881E-2
1.10869E+11	2.99571E-4	-6.94558E+0	-1.26904E-1	4.31205E-1
1.10915E+11	4.02925E-4	-5.36608E+0	4.29430E-1	3.25967E-1
1.10961E+11	4.90075E-4	-4.23731E+0	5.93808E-1	-1.55978E-1
1.11007E+11	4.68830E-4	-4.06546E+0	-2.17333E-1	-5.87297E-1
1.11054E+11	3.61629E-4	-4.74401E+0	-5.74095E-1	-7.64361E-2
1.11100E+11	5.93470E-4	-2.23523E+0	-5.20856E-1	5.71314E-1
1.11146E+11	5.96693E-4	-1.65803E+0	6.83248E-1	4.64565E-1
1.11192E+11	4.52481E-4	-2.48661E+0	4.91608E-1	-5.67803E-1
1.11239E+11	5.29947E-4	-1.22263E+0	-2.24247E-1	-8.39254E-1
1.11285E+11	7.21657E-4	1.00927E+0	-1.05323E+0	-3.90275E-1
1.11331E+11	9.10283E-4	3.07312E+0	-1.98589E-1	1.41057E+0
1.11377E+11	5.14797E-4	1.52002E+0	1.03122E+0	5.96369E-1
1.11424E+11	5.92667E-4	2.82354E+0	1.21867E+0	-6.56240E-1
1.11470E+11	9.19900E-4	5.64716E+0	-1.00157E+0	-1.63318E+0
1.11516E+11	5.82161E-4	4.20578E+0	-1.38859E+0	8.39992E-1
1.11562E+11	5.05541E-4	4.03772E+0	-2.19785E-1	1.57655E+0
1.11609E+11	7.52777E-4	5.84758E+0	1.46192E+0	1.30636E+0
1.11655E+11	1.03352E-3	7.18190E+0	6.87135E-1	-2.18039E+0
1.11701E+11	4.65370E-4	3.72106E+0	-1.18423E+0	-9.76329E-1
1.11747E+11	4.85526E-4	4.39706E+0	-1.31822E+0	1.00730E+0
1.11794E+11	1.17610E-3	9.68579E+0	1.43238E+0	2.69265E+0
1.11840E+11	2.65213E-4	4.33757E+0	1.03206E+0	-1.28444E+0
1.11886E+11	2.08260E-4	3.60690E+0	-2.41949E-2	-1.51457E+0
1.11932E+11	4.02518E-4	6.28433E+0	-1.84531E+0	-9.19372E-1
1.11979E+11	5.10018E-4	7.26987E+0	8.03038E-1	2.16525E+0
1.12025E+11	1.01366E-4	3.78526E-1	1.00775E+0	2.74774E-1
1.12071E+11	2.01606E-4	3.39914E+0	9.75379E-1	-1.11174E+0
1.12117E+11	8.27778E-4	9.88283E+0	-2.24591E+0	-2.16557E+0
1.12164E+11	1.20298E-4	1.98525E+0	-6.75295E-1	1.05995E+0
1.12210E+11	9.47652E-5	1.68800E+0	2.31634E-1	1.19221E+0
1.12256E+11	2.11930E-4	5.39939E+0	1.78074E+0	5.43918E-1
1.12302E+11	2.55425E-4	6.80908E+0	-9.43546E-1	-1.97637E+0
1.12349E+11	4.98579E-5	5.21824E-1	-1.04729E+0	-1.75627E-1
1.12395E+11	6.89850E-5	2.51792E+0	-8.50345E-1	1.03080E+0
1.12441E+11	3.44712E-4	9.87925E+0	1.83237E+0	2.52353E+0
1.12487E+11	4.28224E-5	9.72164E-1	7.29908E-1	-8.47417E-1
1.12534E+11	3.32068E-5	-4.01190E-1	-4.99304E-2	-9.53555E-1
1.12580E+11	8.15373E-5	2.87589E+0	-1.23928E+0	-6.35009E-1
1.12626E+11	8.95109E-5	2.44242E+0	7.29846E-1	1.10552E+0
1.12672E+11	1.90287E-5	-5.20299E+0	5.29635E-1	1.45857E-1
1.12719E+11	4.21290E-5	-2.71410E+0	5.82946E-1	-4.42114E-1
1.12765E+11	2.27830E-4	3.30817E+0	-1.05140E+0	-1.01811E+0
1.12811E+11	2.16138E-5	-8.00393E+0	-2.77538E-1	2.85164E-1
1.12857E+11	2.08813E-5	-9.49411E+0	3.39124E-2	3.33473E-1
1.12904E+11	1.15001E-4	-3.39077E+0	6.30807E-1	2.45241E-1
1.12950E+11	6.26820E-5	-7.12320E+0	-2.69750E-1	-3.48110E-1
1.12996E+11	1.82388E-5	-1.39766E+1	-1.99865E-1	-8.92646E-3
1.13042E+11	4.18888E-5	-1.19355E+1	-1.48206E-1	2.05121E-1
1.13089E+11	2.80265E-4	-4.97505E+0	5.33996E-1	1.81378E-1
1.13135E+11	3.20204E-5	-1.55396E+1	4.55475E-2	-1.60789E-1
1.13181E+11	5.09996E-5	-1.45398E+1	-1.37071E-1	-1.27941E-1
1.13227E+11	2.39996E-4	-8.62932E+0	-3.49777E-1	1.21513E-1
1.13274E+11	1.88646E-4	-1.01967E+1	3.00622E-1	7.20958E-2
1.13320E+11	8.99110E-5	-1.37977E+1	1.63794E-1	-1.21985E-1
1.13366E+11	2.55204E-4	-9.38858E+0	-1.14431E-1	-3.19411E-1
1.13412E+11	7.12070E-4	-4.73964E+0	-4.55383E-1	3.58318E-1
1.13459E+11	1.64003E-4	-1.10042E+1	1.50729E-1	2.37983E-1
1.13505E+11	3.20683E-4	-7.91495E+0	3.93725E-1	-8.12673E-2
1.13551E+11	9.08786E-4	-3.22238E+0	4.37558E-2	-6.88662E-1
1.13597E+11	5.87718E-4	-5.13699E+0	-5.04382E-1	2.28051E-1
1.13644E+11	3.75155E-4	-7.12839E+0	-9.90939E-2	4.28829E-1
1.13690E+11	9.16618E-4	-3.27393E+0	6.22680E-1	2.87787E-1
1.13736E+11	1.24982E-3	-2.07917E+0	6.97633E-2	-7.84024E-1
1.13782E+11	6.95140E-4	-4.84279E+0	-5.45105E-1	-1.75343E-1
1.13829E+11	1.03801E-3	-3.11940E+0	-4.14122E-1	5.62226E-1
1.13875E+11	1.49200E-3	-1.46610E+0	6.18030E-1	5.75788E-1
1.13921E+11	8.38718E-4	-3.87972E+0	3.69754E-1	-5.22081E-1
1.13967E+11	8.70164E-4	-3.66709E+0	-2.46294E-1	-6.07588E-1
1.14014E+11	1.17099E-3	-2.27778E+0	-7.54486E-1	1.50386E-1
1.14060E+11	9.44637E-4	-3.19685E+0	2.40707E-1	6.48874E-1
1.14106E+11	7.80254E-4	-3.88770E+0	6.35053E-1	-7.24107E-2
1.14152E+11	1.18263E-3	-2.00664E+0	2.46588E-1	-7.54446E-1
1.14199E+11	9.82425E-4	-2.40361E+0	-7.53585E-1	-8.40991E-2
1.14245E+11	5.11596E-4	-4.82232E+0	-1.70642E-1	5.48010E-1
1.14291E+11	7.40332E-4	-2.70900E+0	4.85670E-1	5.47763E-1
1.14337E+11	7.29096E-4	-1.95730E+0	6.67144E-1	-4.38304E-1
1.14384E+11	3.50437E-4	-4.78064E+0	-4.11106E-1	-4.04478E-1
1.14430E+11	3.87968E-4	-4.54483E+0	-5.08453E-1	3.04377E-1
1.14476E+11	6.39704E-4	-2.32092E+0	2.25200E-2	7.65184E-1
1.14522E+11	7.19026E-4	-1.80961E+0	7.66248E-1	-2.68510E-1
1.14569E+11	3.44759E-4	-5.05604E+0	-6.58475E-2	-5.54831E-1
1.14615E+11	5.10669E-4	-3.11674E+0	-6.20849E-1	-3.20063E-1
1.14661E+11	5.79172E-4	-2.59885E+0	-3.79688E-1	6.36807E-1
1.14707E+11	3.27818E-4	-4.99305E+0	5.24738E-1	2.03432E-1
1.14754E+11	3.69189E-4	-4.33863E+0	3.04415E-1	-5.24954E-1
1.14800E+11	5.20276E-4	-2.69105E+0	-3.39867E-1	-6.50100E-1
1.14846E+11	5.17617E-4	-2.82944E+0	-5.06633E-1	5.14378E-1
1.14892E+11	2.70569E-4	-5.52054E+0	2.47427E-1	4.68283E-1
1.14939E+11	4.00850E-4	-3.58105E+0	6.55007E-1	9.69083E-2
1.14985E+11	5.47966E-4	-2.44141E+0	1.21533E-1	-7.45123E-1
1.15031E+11	2.60189E-4	-5.79932E+0	-5.12863E-1	6.30445E-3
1.15077E+11	3.83452E-4	-4.29366E+0	-1.29390E-1	5.96101E-1
1.15124E+11	5.18582E-4	-3.15889E+0	4.40487E-1	5.37730E-1
1.15170E+11	6.46640E-4	-2.24313E+0	4.72762E-1	-6.10820E-1
1.15216E+11	2.75087E-4	-5.85242E+0	-3.21974E-1	-3.95226E-1
1.15262E+11	4.29824E-4	-4.13094E+0	-6.21152E-1	2.12839E-2
1.15309E+11	6.23524E-4	-2.64653E+0	1.16751E-1	7.28048E-1
1.15355E+11	3.03610E-4	-5.79884E+0	4.78278E-1	-1.85330E-1
1.15401E+11	4.03087E-4	-4.63496E+0	-4.57637E-2	-5.84690E-1
1.15447E+11	5.18816E-4	-3.50569E+0	-4.99980E-1	-4.42853E-1
1.15494E+11	6.44643E-4	-2.39101E+0	-4.47464E-1	6.13521E-1
1.15540E+11	3.25504E-4	-5.28596E+0	4.17819E-1	3.48574E-1
1.15586E+11	3.71789E-4	-4.68255E+0	5.66243E-1	-1.39916E-1
1.15632E+11	5.90315E-4	-2.59899E+0	-2.69815E-1	-6.90557E-1
1.15679E+11	2.81412E-4	-5.91548E+0	-4.31648E-1	2.64206E-1
1.15725E+11	4.70526E-4	-3.75640E+0	2.03938E-1	6.16023E-1
1.15771E+11	4.40280E-4	-3.91830E+0	5.59810E-1	3.03777E-1
1.15817E+11	5.78251E-4	-2.61140E+0	3.00494E-1	-6.76612E-1
1.15864E+11	2.72227E-4	-5.79694E+0	-4.49648E-1	-2.47040E-1
1.15910E+11	3.58316E-4	-4.42905E+0	-5.41879E-1	2.58890E-1
1.15956E+11	5.68321E-4	-2.33997E+0	3.62845E-1	6.72155E-1
1.16002E+11	2.65907E-4	-5.58578E+0	4.34508E-1	-2.95853E-1
1.16049E+11	3.34846E-4	-4.37248E+0	-1.10058E-1	-5.94368E-1
1.16095E+11	3.52662E-4	-3.97753E+0	-5.49021E-1	-3.14242E-1
1.16141E+11	5.15838E-4	-2.33934E+0	-2.53305E-1	7.20673E-1
1.16187E+11	2.81234E-4	-5.00673E+0	5.57312E-1	7.17079E-2
1.16234E+11	2.79055E-4	-4.94440E+0	4.05707E-1	-3.94593E-1
1.16280E+11	4.89454E-4	-2.47369E+0	-4.97875E-1	-5.63807E-1
1.16326E+11	2.97656E-4	-4.58892E+0	-4.51406E-1	3.79282E-1
1.16372E+11	3.63435E-4	-3.70083E+0	1.90339E-1	6.24715E-1
1.16419E+11	3.54148E-4	-3.78467E+0	5.70853E-1	3.04091E-1
1.16465E+11	5.35246E-4	-2.07710E+0	2.37480E-1	-7.50638E-1
1.16511E+11	3.65121E-4	-4.07932E+0	-6.23005E-1	-5.25968E-2
1.16557E+11	3.31578E-4	-4.51448E+0	-3.74101E-1	4.62256E-1
1.16604E+11	5.60724E-4	-1.93079E+0	4.64151E-1	6.52424E-1
1.16650E+11	2.99410E-4	-4.05071E+0	5.06897E-1	-3.69514E-1
1.16696E+11	3.37798E-4	-3.17313E+0	-1.59566E-1	-6.75381E-1
1.16742E+11	2.99111E-4	-3.81113E+0	-6.13342E-1	-1.99033E-1
1.16789E+11	4.85700E-4	-1.97412E+0	-1.40039E-1	7.84294E-1
1.16835E+11	3.57542E-4	-3.41796E+0	6.68785E-1	-8.90387E-2
1.16881E+11	3.32115E-4	-3.46738E+0	3.70417E-1	-5.59324E-1
1.16927E+11	5.85012E-4	-9.81181E-1	-6.21826E-1	-6.41179E-1
1.16974E+11	4.17964E-4	-2.63618E+0	-5.26317E-1	5.17661E-1
1.17020E+11	4.03479E-4	-2.91704E+0	3.86325E-1	6.01337E-1
1.17066E+11	4.59386E-4	-2.41318E+0	7.55649E-1	5.18785E-2
1.17112E+11	5.92441E-4	-1.29321E+0	-1.27202E-1	-8.52227E-1
1.17159E+11	5.40230E-4	-1.69464E+0	-7.48570E-1	3.41412E-1
1.17205E+11	3.47138E-4	-3.55744E+0	-1.03129E-1	6.55880E-1
1.17251E+11	6.96882E-4	-4.48101E-1	8.15258E-1	4.87155E-1
1.17297E+11	4.77139E-4	-1.87790E+0	3.94440E-1	-7.02400E-1
1.17344E+11	5.80880E-4	-9.09364E-1	-7.44864E-1	-5.06218E-1
1.17390E+11	4.70545E-4	-1.64603E+0	-7.44572E-1	3.60764E-1
1.17436E+11	5.21227E-4	-9.47831E-1	4.56494E-1	7.71713E-1
1.17482E+11	5.64669E-4	-6.94993E-1	7.60664E-1	-5.22981E-1
1.17529E+11	5.06535E-4	-1.20789E+0	-8.34878E-2	-8.66159E-1
1.17575E+11	6.18677E-4	-2.27724E-1	-9.63177E-1	-1.45621E-1
1.17621E+11	4.64914E-4	-1.48206E+0	-9.62824E-2	8.37619E-1
1.17667E+11	5.34840E-4	-7.77192E-1	9.11437E-1	7.36642E-2
1.17714E+11	5.38287E-4	-4.51282E-1	3.86534E-1	-8.67120E-1
1.17760E+11	4.43133E-4	-1.09144E+0	-8.45309E-1	-2.51460E-1
1.17806E+11	5.71824E-4	7.15334E-2	-1.61074E-1	9.95320E-1
1.17853E+11	4.31983E-4	-1.17140E+0	6.27850E-1	6.07779E-1
1.17899E+11	6.90756E-4	5.58375E-1	8.64687E-1	-6.24113E-1
1.17945E+11	5.23902E-4	-6.90456E-1	-4.86185E-1	-7.85261E-1
1.17991E+11	6.30001E-4	2.35992E-1	-8.18403E-1	6.21337E-1
1.18038E+11	4.49952E-4	-1.07863E+0	2.59850E-1	8.44129E-1
1.18084E+11	3.98841E-4	-1.61713E+0	7.83707E-1	-2.73699E-1
1.18130E+11	6.79014E-4	6.54072E-1	-5.35972E-1	-9.35560E-1
1.18176E+11	4.97904E-4	-4.81261E-1	-9.35451E-1	1.41548E-1
1.18223E+11	3.74905E-4	-1.73860E+0	-4.08002E-2	8.17580E-1
1.18269E+11	4.40598E-4	-1.06291E+0	8.77799E-1	1.11238E-1
1.18315E+11	5.45971E-4	-9.56933E-2	1.26726E-1	-9.80891E-1
1.18361E+11	5.47549E-4	-1.58880E-1	-9.46971E-1	-2.59467E-1
1.18408E+11	2.44583E-4	-3.76812E+0	-3.39305E-1	5.52098E-1
1.18454E+11	5.15041E-4	-5.06720E-1	8.27550E-1	4.52807E-1
1.18500E+11	5.05104E-4	-5.32195E-1	7.42960E-1	-5.76783E-1
1.18546E+11	3.42728E-4	-2.16400E+0	-4.39304E-1	-6.43884E-1
1.18593E+11	3.46211E-4	-2.14460E+0	-6.73522E-1	3.95807E-1
1.18639E+11	3.53812E-4	-1.98763E+0	3.38520E-1	7.19834E-1
1.18685E+11	4.60788E-4	-9.02530E-1	8.82516E-1	-1.83090E-1
1.18731E+11	1.85379E-4	-4.82273E+0	-5.98306E-2	-5.70809E-1
1.18778E+11	2.98741E-4	-2.63967E+0	-7.35396E-1	-6.11294E-2
1.18824E+11	3.00861E-4	-2.63341E+0	-3.09661E-1	6.70403E-1
1.18870E+11	2.04908E-4	-4.36541E+0	4.28826E-1	4.26719E-1
1.18916E+11	2.19413E-4	-4.08314E+0	3.85867E-1	-4.91595E-1
1.18963E+11	2.07982E-4	-4.30993E+0	-3.26435E-1	-5.13933E-1
1.19009E+11	3.00151E-4	-2.98928E+0	-6.38851E-1	3.07075E-1
1.19055E+11	1.38939E-4	-6.51549E+0	3.96025E-2	4.70645E-1
1.19101E+11	2.29796E-4	-4.64132E+0	5.85189E-1	3.17345E-2
1.19148E+11	3.11869E-4	-3.31868E+0	1.58181E-1	-6.63857E-1
1.19194E+11	1.29483E-4	-6.82767E+0	-4.22772E-1	-1.69903E-1
1.19240E+11	1.59435E-4	-5.77089E+0	-2.31732E-1	4.59452E-1
1.19286E+11	1.95888E-4	-4.99660E+0	3.88273E-1	4.07086E-1
1.19333E+11	3.04388E-4	-2.85426E+0	6.21183E-1	-3.63899E-1
1.19379E+11	8.64316E-5	-8.41952E+0	-1.23735E-1	-3.58588E-1
1.19425E+11	1.39330E-4	-6.56173E+0	-4.56223E-1	-1.12129E-1
1.19471E+11	2.57798E-4	-4.04861E+0	-2.75450E-1	5.63740E-1
1.19518E+11	1.65858E-4	-6.14567E+0	4.27769E-1	2.44778E-1
1.19564E+11	1.20639E-4	-7.64069E+0	2.26371E-1	-3.47729E-1
1.19610E+11	1.68165E-4	-6.28655E+0	-2.31117E-1	-4.26304E-1
1.19656E+11	2.78139E-4	-4.25575E+0	-6.07522E-1	7.91063E-2
1.19703E+11	1.32659E-4	-7.42552E+0	-1.84272E-2	4.24929E-1
1.19749E+11	1.47171E-4	-7.18657E+0	3.90062E-1	1.97454E-1
1.19795E+11	2.93805E-4	-4.34287E+0	3.90769E-1	-4.63881E-1
1.19841E+11	1.46422E-4	-7.59890E+0	-2.73500E-1	-3.14677E-1
1.19888E+11	1.94615E-4	-6.63377E+0	-3.83565E-1	2.64499E-1
1.19934E+11	2.12427E-4	-6.54450E+0	9.29970E-2	4.61456E-1
1.19980E+11	3.41100E-4	-4.53150E+0	5.79862E-1	1.26525E-1
1.20026E+11	1.43446E-4	-8.38309E+0	1.70422E-1	-3.40682E-1
1.20073E+11	2.34014E-4	-6.37989E+0	-3.14296E-1	-3.62447E-1
1.20119E+11	3.89898E-4	-4.02651E+0	-5.50338E-1	3.04651E-1
1.20165E+11	2.48635E-4	-6.01571E+0	2.25222E-1	4.46717E-1
1.20211E+11	1.87300E-4	-7.30676E+0	4.17413E-1	-1.08100E-1
1.20258E+11	2.71244E-4	-5.67647E+0	4.56379E-2	-5.18202E-1
1.20304E+11	3.85890E-4	-4.14747E+0	-5.44941E-1	-2.96403E-1
1.20350E+11	2.28003E-4	-6.58257E+0	-2.00000E-1	4.23859E-1
1.20396E+11	1.84607E-4	-7.53499E+0	2.56307E-1	3.32728E-1
1.20443E+11	4.29346E-4	-3.90436E+0	5.84582E-1	-2.55413E-1
1.20489E+11	3.01824E-4	-5.75253E+0	-1.45891E-1	-4.94604E-1
1.20535E+11	2.94409E-4	-6.17441E+0	-4.59141E-1	1.74615E-1
1.20581E+11	2.92232E-4	-6.52061E+0	-2.52097E-2	4.71356E-1
1.20628E+11	5.34080E-4	-4.11427E+0	5.56385E-1	2.79652E-1
1.20674E+11	3.88775E-4	-5.80158E+0	2.18717E-1	-4.63782E-1
1.20720E+11	3.32535E-4	-6.61565E+0	-4.13112E-1	-2.17550E-1
1.20766E+11	4.81958E-4	-5.06846E+0	-4.06128E-1	3.82547E-1
1.20813E+11	4.15606E-4	-5.66357E+0	2.44672E-1	4.59952E-1
1.20859E+11	3.30073E-4	-6.58594E+0	4.58765E-1	-9.49750E-2
1.20905E+11	3.89514E-4	-5.72571E+0	8.18843E-2	-5.10744E-1
1.20951E+11	5.35674E-4	-4.21066E+0	-4.57278E-1	-4.12497E-1
1.20998E+11	2.79695E-4	-6.96766E+0	-2.66899E-1	3.60253E-1
1.21044E+11	2.97011E-4	-6.62020E+0	3.03210E-1	3.54717E-1
1.21090E+11	4.43560E-4	-5.03259E+0	4.90066E-1	-2.71475E-1
1.21136E+11	5.14601E-4	-4.48219E+0	-1.89956E-1	-5.65852E-1
1.21183E+11	2.82879E-4	-7.08595E+0	-4.22269E-1	1.31551E-1
1.21229E+11	3.99558E-4	-5.67402E+0	-9.14340E-2	5.12258E-1
1.21275E+11	5.37817E-4	-4.46118E+0	4.49994E-1	3.94341E-1
1.21321E+11	5.40878E-4	-4.43979E+0	3.61148E-1	-4.78894E-1
1.21368E+11	3.28712E-4	-6.77643E+0	-3.79273E-1	-2.57329E-1
1.21414E+11	6.14550E-4	-4.43215E+0	-5.41036E-1	2.60154E-1
1.21460E+11	6.88838E-4	-4.15616E+0	1.30893E-1	6.05734E-1
1.21506E+11	5.73494E-4	-5.11351E+0	5.35163E-1	-1.47207E-1
1.21553E+11	5.73973E-4	-5.33723E+0	-6.32437E-2	-5.37217E-1
1.21599E+11	7.98767E-4	-4.12170E+0	-5.72478E-1	-2.43671E-1
1.21645E+11	7.79013E-4	-4.25807E+0	-1.60397E-1	5.91111E-1
1.21691E+11	7.19178E-4	-4.74655E+0	5.72485E-1	8.65560E-2
1.21738E+11	7.44169E-4	-4.62818E+0	3.93126E-1	-4.35828E-1
1.21784E+11	8.61292E-4	-3.90147E+0	-2.05923E-1	-6.04019E-1
1.21830E+11	6.19415E-4	-5.27158E+0	-5.34886E-1	1.04668E-1
1.21876E+11	8.00971E-4	-4.23644E+0	-2.17343E-2	6.13629E-1
1.21923E+11	7.30270E-4	-4.49256E+0	5.33085E-1	2.66913E-1
1.21969E+11	8.67644E-4	-3.51353E+0	2.62550E-1	-6.13483E-1
1.22015E+11	5.31550E-4	-5.66398E+0	-5.07054E-1	-1.19547E-1
1.22061E+11	7.96866E-4	-3.80910E+0	-4.70294E-1	4.41385E-1
1.22108E+11	7.93574E-4	-3.62960E+0	2.26942E-1	6.18100E-1
1.22154E+11	6.74994E-4	-4.28336E+0	5.69880E-1	-2.19540E-1
1.22200E+11	5.42780E-4	-5.21335E+0	-1.14491E-1	-5.36619E-1
1.22246E+11	7.55416E-4	-3.63168E+0	-6.39680E-1	-1.55413E-1
1.22293E+11	9.03898E-4	-2.88249E+0	-2.06883E-1	6.87119E-1
1.22339E+11	6.69485E-4	-4.27265E+0	6.09441E-1	4.96328E-2
1.22385E+11	6.62600E-4	-4.24958E+0	4.42751E-1	-4.24082E-1
1.22431E+11	7.87404E-4	-3.48595E+0	-2.10044E-1	-6.35620E-1
1.22478E+11	8.78243E-4	-3.15784E+0	-6.52150E-1	2.40833E-1
1.22524E+11	7.55828E-4	-3.81100E+0	3.04411E-1	5.68461E-1
1.22570E+11	6.37461E-4	-4.55948E+0	5.85630E-1	8.38128E-2
1.22616E+11	8.33108E-4	-3.31489E+0	1.85075E-1	-6.57176E-1
1.22663E+11	8.30061E-4	-3.29412E+0	-6.77617E-1	-9.59418E-2
1.22709E+11	8.14985E-4	-3.31234E+0	-3.54345E-1	5.83822E-1
1.22755E+11	7.34300E-4	-3.74576E+0	2.85745E-1	5.83488E-1
1.22801E+11	9.33599E-4	-2.85073E+0	6.37293E-1	-3.35517E-1
1.22848E+11	8.68702E-4	-3.23888E+0	-3.17045E-1	-6.11430E-1
1.22894E+11	8.35081E-4	-3.52212E+0	-6.66507E-1	-1.35180E-2
1.22940E+11	9.65016E-4	-2.93098E+0	-2.06801E-1	6.82971E-1
1.22986E+11	9.79574E-4	-2.69390E+0	7.33334E-1	2.83856E-3
1.23033E+11	8.65488E-4	-3.16978E+0	3.25992E-1	-6.12945E-1
1.23079E+11	8.71162E-4	-3.12723E+0	-4.92417E-1	-4.94210E-1
1.23125E+11	1.11773E-3	-1.95230E+0	-5.14469E-1	6.10940E-1
1.23171E+11	7.72056E-4	-3.35512E+0	5.95935E-1	3.26645E-1
1.23218E+11	8.22586E-4	-2.93464E+0	6.88902E-1	-1.84937E-1
1.23264E+11	1.00439E-3	-1.85922E+0	4.50437E-2	-8.06050E-1
1.23310E+11	1.21151E-3	-8.03590E-1	-9.11253E-1	2.63605E-2
1.23356E+11	6.30055E-4	-3.58598E+0	-2.08098E-1	6.28189E-1
1.23403E+11	7.55696E-4	-2.71190E+0	4.40637E-1	5.84296E-1
1.23449E+11	9.76256E-4	-1.49227E+0	6.38531E-1	-5.49076E-1
1.23495E+11	8.97163E-4	-1.91177E+0	-6.52647E-1	-4.66861E-1
1.23541E+11	5.87781E-4	-3.81126E+0	-5.81320E-1	2.79027E-1
1.23588E+11	8.49618E-4	-2.21177E+0	9.56059E-2	7.69278E-1
1.23634E+11	1.05391E-3	-1.23349E+0	8.31901E-1	-2.46357E-1
1.23680E+11	7.62426E-4	-2.59221E+0	-7.64025E-2	-7.38031E-1
1.23726E+11	6.38889E-4	-3.19516E+0	-6.64641E-1	-1.93431E-1
1.23773E+11	8.36348E-4	-1.74961E+0	-3.29488E-1	7.48225E-1
1.23819E+11	7.06422E-4	-2.29868E+0	7.37126E-1	2.13699E-1
1.23865E+11	5.30267E-4	-3.24416E+0	5.04502E-1	-4.68258E-1
1.23911E+11	5.63206E-4	-2.75709E+0	-2.54415E-1	-6.82123E-1
1.23958E+11	7.94493E-4	-1.39311E+0	-8.05128E-1	2.78126E-1
1.24004E+11	5.07422E-4	-3.47750E+0	9.35432E-2	6.63516E-1
1.24050E+11	5.04230E-4	-3.29468E+0	6.82181E-1	5.42096E-2
1.24096E+11	6.53391E-4	-2.08048E+0	8.00606E-2	-7.82919E-1
1.24143E+11	6.81176E-4	-1.97401E+0	-7.70679E-1	2.01986E-1
1.24189E+11	4.19325E-4	-4.14987E+0	-1.68250E-1	5.96905E-1
1.24235E+11	5.11152E-4	-3.45594E+0	5.09970E-1	4.37229E-1
1.24281E+11	8.42423E-4	-1.51835E+0	6.26490E-1	-5.58991E-1
1.24328E+11	6.42762E-4	-2.74809E+0	-4.16232E-1	-5.98221E-1
1.24374E+11	5.29110E-4	-3.58180E+0	-6.34439E-1	1.89303E-1
1.24420E+11	6.10774E-4	-3.01858E+0	1.64611E-1	6.86987E-1
1.24466E+11	8.11601E-4	-1.72632E+0	7.40685E-1	-3.51261E-1
1.24513E+11	6.54935E-4	-2.61743E+0	-2.06984E-1	-7.10279E-1
1.24559E+11	4.48224E-4	-4.50169E+0	-5.91909E-1	-6.57242E-2
1.24605E+11	7.73955E-4	-2.52594E+0	-5.23221E-2	7.45825E-1
1.24651E+11	9.71593E-4	-1.78002E+0	8.11564E-1	7.14396E-2
1.24698E+11	5.82281E-4	-3.48342E+0	1.86828E-1	-6.43030E-1
1.24744E+11	4.36162E-4	-4.27040E+0	-5.41370E-1	-2.84596E-1
1.24790E+11	6.45550E-4	-2.65593E+0	-3.91834E-1	6.23680E-1
1.24836E+11	6.87670E-4	-2.74846E+0	5.09726E-1	5.20819E-1
1.24883E+11	3.86947E-4	-5.75420E+0	4.88551E-1	-1.64722E-1
1.24929E+11	5.57976E-4	-4.38918E+0	-1.50915E-1	-5.84130E-1
1.24975E+11	8.15662E-4	-2.74556E+0	-6.66983E-1	2.94214E-1
1.25021E+11	5.11675E-4	-4.45778E+0	1.36603E-1	5.82769E-1
1.25068E+11	3.99524E-4	-5.57687E+0	5.23023E-1	-5.78025E-2
1.25114E+11	6.06409E-4	-4.07946E+0	6.61838E-2	-6.21699E-1
1.25160E+11	5.99044E-4	-3.71936E+0	-6.38955E-1	-1.28138E-1
1.25206E+11	2.42574E-4	-6.83778E+0	-3.24514E-1	3.19078E-1
1.25253E+11	2.42479E-4	-5.98878E+0	3.30812E-1	3.77361E-1
1.25299E+11	3.57968E-4	-3.95162E+0	4.67897E-1	-4.28532E-1
1.25345E+11	2.27827E-4	-6.13457E+0	-2.75183E-1	-4.09633E-1
1.25391E+11	1.56565E-4	-7.70360E+0	-4.07077E-1	6.30229E-2
1.25438E+11	2.21465E-4	-6.07908E+0	-5.58871E-2	4.93491E-1
1.25484E+11	3.99217E-4	-3.88094E+0	6.26984E-1	1.26738E-1
1.25530E+11	1.45175E-4	-8.63202E+0	1.72047E-1	-3.27757E-1
1.25576E+11	2.18347E-4	-7.23692E+0	-3.82161E-1	-2.07089E-1
1.25623E+11	4.11533E-4	-4.86500E+0	-2.86885E-1	4.93872E-1
1.25669E+11	3.57617E-4	-5.65175E+0	4.17536E-1	3.12769E-1
1.25715E+11	1.61155E-4	-9.18595E+0	3.21989E-1	-1.30151E-1
1.25761E+11	2.52262E-4	-7.41278E+0	1.83259E-2	-4.25558E-1
1.25808E+11	4.54331E-4	-4.98514E+0	-5.34428E-1	-1.78039E-1
1.25854E+11	2.45031E-4	-7.83214E+0	-1.93068E-1	3.57015E-1
1.25900E+11	2.10182E-4	-8.65908E+0	2.98118E-1	2.17484E-1
1.25946E+11	4.19829E-4	-5.93574E+0	3.51573E-1	-3.62394E-1
1.25993E+11	3.57551E-4	-6.82020E+0	-2.73621E-1	-3.64817E-1
1.26039E+11	2.03194E-4	-9.33375E+0	-3.39115E-1	3.97636E-2
1.26085E+11	2.83006E-4	-8.00848E+0	-7.09409E-2	3.91341E-1
1.26131E+11	5.61205E-4	-5.04137E+0	5.44143E-1	1.30913E-1
1.26178E+11	2.20145E-4	-9.09250E+0	1.12075E-1	-3.32684E-1
1.26224E+11	1.96546E-4	-9.67816E+0	-2.73877E-1	-1.80787E-1
1.26270E+11	3.76889E-4	-7.00929E+0	-3.90493E-1	2.15907E-1
1.26316E+11	4.16487E-4	-6.46190E+0	9.34613E-2	4.65950E-1
1.26363E+11	1.82761E-4	-9.96393E+0	2.48649E-1	1.97504E-1
1.26409E+11	2.66686E-4	-8.27687E+0	2.84792E-1	-2.59989E-1
1.26455E+11	5.08991E-4	-5.34130E+0	-4.08015E-1	-3.54755E-1
1.26501E+11	2.46450E-4	-8.36375E+0	-1.38518E-1	3.55764E-1
1.26548E+11	1.71945E-4	-9.94874E+0	2.54442E-1	1.90910E-1
1.26594E+11	3.74572E-4	-6.38776E+0	3.69124E-1	-3.05746E-1
1.26640E+11	4.06569E-4	-5.67887E+0	-2.22177E-1	-4.70217E-1
1.26686E+11	1.88112E-4	-9.08213E+0	-3.50899E-1	-2.01025E-2
1.26733E+11	3.00787E-4	-7.49123E+0	-1.66838E-1	3.87753E-1
1.26779E+11	6.01783E-4	-4.71808E+0	5.11659E-1	2.75031E-1
1.26825E+11	3.78719E-4	-6.62311E+0	2.72166E-1	-3.78868E-1
1.26871E+11	1.82401E-4	-9.48517E+0	-2.15223E-1	-2.57419E-1
1.26918E+11	3.23395E-4	-6.61603E+0	-4.49313E-1	1.26840E-1
1.26964E+11	3.61069E-4	-5.97162E+0	6.90171E-2	4.98068E-1
1.27010E+11	1.54412E-4	-9.70804E+0	3.18089E-1	7.59814E-2
1.27056E+11	1.99599E-4	-8.58210E+0	1.12256E-1	-3.54975E-1
1.27103E+11	3.70898E-4	-5.88174E+0	-4.50359E-1	-2.35159E-1
1.27149E+11	2.89348E-4	-7.25926E+0	-2.80956E-1	3.30193E-1
1.27195E+11	1.83309E-4	-9.40077E+0	8.16299E-2	3.28834E-1
1.27241E+11	3.58593E-4	-6.36803E+0	4.59465E-1	1.40255E-1
1.27288E+11	5.06786E-4	-4.78895E+0	3.35592E-1	-4.68351E-1
1.27334E+11	1.96537E-4	-8.94094E+0	-2.62323E-1	-2.42493E-1
1.27380E+11	2.58868E-4	-7.66636E+0	-2.75433E-1	3.08677E-1
1.27426E+11	4.26196E-4	-5.39891E+0	3.52037E-1	4.05642E-1
1.27473E+11	4.69599E-4	-4.96008E+0	4.86578E-1	-2.87037E-1
1.27519E+11	1.59370E-4	-9.49226E+0	-4.37766E-2	-3.32394E-1
1.27565E+11	3.83837E-4	-5.50061E+0	-5.20504E-1	-1.04282E-1
1.27611E+11	5.15645E-4	-4.23348E+0	-2.23024E-1	5.72303E-1
1.27658E+11	3.01237E-4	-6.48062E+0	4.56492E-1	1.28406E-1
1.27704E+11	2.54923E-4	-7.04779E+0	1.32832E-1	-4.23908E-1
1.27750E+11	4.24982E-4	-4.82985E+0	-4.56863E-1	-3.46611E-1
1.27796E+11	4.99588E-4	-4.10894E+0	-5.60188E-1	2.72826E-1
1.27843E+11	2.27100E-4	-7.21286E+0	2.48678E-2	4.35160E-1
1.27889E+11	3.98893E-4	-4.57718E+0	5.73446E-1	1.40440E-1
1.27935E+11	5.78898E-4	-2.80883E+0	1.63715E-1	-7.04939E-1
1.27981E+11	3.12071E-4	-5.40404E+0	-5.36392E-1	-2.04540E-2
1.28028E+11	2.37532E-4	-6.12049E+0	3.40925E-3	4.94271E-1
1.28074E+11	3.65724E-4	-4.70919E+0	5.13216E-1	2.73380E-1
1.28120E+11	4.16469E-4	-4.05730E+0	5.01417E-1	-3.76126E-1
1.28166E+11	1.89495E-4	-7.23548E+0	-8.63416E-2	-4.26076E-1
1.28213E+11	3.29638E-4	-4.76900E+0	-5.75399E-1	-4.91839E-2
1.28259E+11	5.01669E-4	-2.91509E+0	-1.34362E-1	7.02160E-1
1.28305E+11	3.20257E-4	-4.26843E+0	-2.94040E-1	5.36457E-1
1.28351E+11	2.18824E-4	-6.19619E+0	3.97240E-1	2.86870E-1
1.28398E+11	3.48513E-4	-4.09235E+0	5.89870E-1	-2.04412E-1
1.28444E+11	4.68628E-4	-2.52310E+0	3.41262E-2	-7.47123E-1
1.28490E+11	1.96347E-4	-6.16005E+0	-4.91097E-1	-3.03991E-2
1.28536E+11	2.40626E-4	-5.04734E+0	-3.49353E-2	5.58193E-1
1.28583E+11	3.83165E-4	-2.69597E+0	7.31097E-1	5.50268E-2
1.28629E+11	2.85746E-4	-3.83733E+0	3.53366E-2	-6.41914E-1
1.28675E+11	2.02078E-4	-5.43904E+0	-5.15580E-1	-1.41419E-1
1.28721E+11	3.22892E-4	-3.44177E+0	-6.02522E-1	2.99466E-1
1.28768E+11	4.51376E-4	-1.71423E+0	6.08297E-2	8.18640E-1
1.28814E+11	2.37783E-4	-4.44596E+0	5.93989E-1	-8.02107E-2
1.28860E+11	2.76521E-4	-3.72630E+0	-1.75126E-1	-6.27164E-1
1.28906E+11	4.02086E-4	-2.00481E+0	-7.87704E-1	9.88996E-2
1.28953E+11	3.78196E-4	-2.37174E+0	6.69520E-2	7.58099E-1
1.28999E+11	2.11824E-4	-4.99564E+0	5.55948E-1	8.64119E-2
1.29045E+11	3.87817E-4	-2.39218E+0	5.42596E-1	-5.31100E-1
1.29091E+11	4.94849E-4	-1.30802E+0	-4.08094E-1	-7.57233E-1
1.29138E+11	2.68593E-4	-4.15270E+0	-4.53899E-1	4.22290E-1
1.29184E+11	2.82150E-4	-4.12021E+0	4.06281E-1	4.71354E-1
1.29230E+11	5.03855E-4	-1.50970E+0	7.91516E-1	-2.82609E-1
1.29276E+11	4.98182E-4	-1.62904E+0	-4.32868E-2	-8.27857E-1
1.29323E+11	2.69670E-4	-4.36559E+0	-5.92257E-1	-1.23281E-1
1.29369E+11	4.11821E-4	-2.52470E+0	-5.35045E-1	5.22379E-1
1.29415E+11	6.04900E-4	-9.99194E-1	6.13118E-1	6.46964E-1
1.29461E+11	4.08738E-4	-3.00512E+0	2.71630E-1	-6.53310E-1
1.29508E+11	3.47480E-4	-3.69168E+0	-6.22345E-1	-2.00212E-1
1.29554E+11	5.88133E-4	-1.41222E+0	-6.48732E-1	5.49134E-1
1.29600E+11	6.35176E-4	-1.48400E+0	2.69717E-1	7.98631E-1
1.29646E+11	3.87558E-4	-3.56392E+0	6.63416E-1	-6.04470E-3
1.29692E+11	4.48889E-4	-2.83921E+0	3.10916E-1	-6.50709E-1
1.29739E+11	6.97428E-4	-9.46550E-1	-7.57084E-1	-4.80612E-1
1.29785E+11	5.01015E-4	-2.52702E+0	-2.11832E-1	7.16924E-1
1.29831E+11	4.28495E-4	-3.15957E+0	6.48379E-1	2.50422E-1
1.29877E+11	5.69004E-4	-1.86477E+0	6.61617E-1	-4.61710E-1
1.29924E+11	6.80794E-4	-9.31914E-1	-2.09430E-1	-8.73509E-1
1.29970E+11	3.54800E-4	-3.66391E+0	-6.26360E-1	1.94452E-1
1.30016E+11	5.28007E-4	-2.28057E+0	1.77038E-1	7.48426E-1
1.30062E+11	7.85535E-4	-8.59652E-1	8.80266E-1	-2.13422E-1
1.30109E+11	6.27626E-4	-2.10190E+0	-2.93050E-1	-7.28318E-1
1.30155E+11	4.25449E-4	-3.81585E+0	-6.44414E-1	8.99783E-3
1.30201E+11	7.00994E-4	-1.98487E+0	-5.78242E-1	5.46622E-1
1.30247E+11	7.75990E-4	-1.66895E+0	2.27169E-1	7.93302E-1
1.30294E+11	4.32917E-4	-4.34012E+0	5.52530E-1	-2.50659E-1
1.30340E+11	5.50351E-4	-3.37435E+0	-2.98782E-1	-6.08708E-1
1.30386E+11	8.81560E-4	-1.37203E+0	-7.54587E-1	3.99645E-1
1.30432E+11	7.23106E-4	-2.26409E+0	4.47333E-1	6.27397E-1
1.30479E+11	4.52410E-4	-4.61490E+0	5.46963E-1	-2.15361E-1
1.30525E+11	6.92141E-4	-3.06121E+0	3.15403E-1	-6.28247E-1
1.30571E+11	8.70944E-4	-2.24317E+0	-4.98865E-1	-5.89690E-1
1.30617E+11	4.99690E-4	-4.66203E+0	-3.86760E-1	4.38448E-1
1.30664E+11	5.89301E-4	-4.03552E+0	4.74422E-1	4.12054E-1
1.30710E+11	7.98205E-4	-2.76105E+0	6.38409E-1	-3.49242E-1
1.30756E+11	6.58337E-4	-3.73785E+0	-2.30383E-1	-6.08113E-1
1.30802E+11	4.64808E-4	-5.39971E+0	-5.36997E-1	-7.50546E-3
1.30849E+11	7.13081E-4	-3.66631E+0	-3.65173E-1	5.44565E-1
1.30895E+11	7.94919E-4	-3.26294E+0	5.28250E-1	4.38971E-1
1.30941E+11	4.67920E-4	-5.66092E+0	1.50771E-1	-4.98853E-1
1.30987E+11	5.39536E-4	-5.15757E+0	-5.20734E-1	-1.83836E-1
1.31034E+11	8.20713E-4	-3.62002E+0	-4.81166E-1	4.50542E-1
1.31080E+11	6.95474E-4	-4.47004E+0	2.39559E-1	5.47614E-1
1.31126E+11	4.57434E-4	-6.38796E+0	4.78518E-1	-2.72625E-2
1.31172E+11	6.82986E-4	-4.65070E+0	2.82305E-1	-5.12851E-1
1.31219E+11	8.77974E-4	-3.37346E+0	-5.46365E-1	-4.01716E-1
1.31265E+11	5.66131E-4	-5.26078E+0	-1.89131E-1	5.11887E-1
1.31311E+11	5.16150E-4	-5.88413E+0	4.34985E-1	2.62238E-1
1.31357E+11	7.67852E-4	-4.29077E+0	5.79111E-1	-1.92241E-1
1.31404E+11	7.24660E-4	-4.74760E+0	-3.10065E-2	-5.78091E-1
1.31450E+11	4.86007E-4	-6.78838E+0	-4.54165E-1	5.67753E-2
1.31496E+11	6.09683E-4	-5.83950E+0	4.94546E-2	5.08133E-1
1.31542E+11	8.74408E-4	-4.37678E+0	6.00675E-1	-6.49149E-2
1.31589E+11	5.90984E-4	-6.07332E+0	-1.29002E-1	-4.79940E-1
1.31635E+11	5.88426E-4	-6.13452E+0	-4.88083E-1	-7.28168E-2
1.31681E+11	7.20221E-4	-5.26167E+0	-4.72945E-1	2.72141E-1
1.31727E+11	8.03934E-4	-4.99608E+0	1.57371E-3	5.62593E-1
1.31774E+11	4.40292E-4	-7.52763E+0	4.19158E-1	3.17379E-2
1.31820E+11	6.01220E-4	-6.03684E+0	9.39107E-2	-4.90151E-1
1.31866E+11	7.36221E-4	-5.19120E+0	-5.47007E-1	-5.82376E-2
1.31912E+11	5.73698E-4	-6.42638E+0	3.09324E-2	4.76175E-1
1.31959E+11	3.94134E-4	-7.94509E+0	3.88458E-1	9.80099E-2
1.32005E+11	6.87817E-4	-5.56442E+0	4.71834E-1	-2.34651E-1
1.32051E+11	7.42430E-4	-5.35285E+0	-4.38942E-2	-5.38168E-1
1.32097E+11	4.68459E-4	-7.36764E+0	-4.25698E-1	4.59572E-2
1.32144E+11	5.43229E-4	-6.56306E+0	-9.71032E-2	4.59583E-1
1.32190E+11	7.89397E-4	-4.97658E+0	4.69532E-1	3.12214E-1
1.32236E+11	6.11576E-4	-6.07796E+0	3.21980E-1	-3.78218E-1
1.32282E+11	4.21406E-4	-7.58572E+0	-2.33983E-1	-3.45839E-1
1.32329E+11	5.34433E-4	-6.49415E+0	-4.73387E-1	-8.85724E-3
1.32375E+11	7.46432E-4	-4.88170E+0	2.25334E-2	5.69607E-1
1.32421E+11	4.39179E-4	-6.76343E+0	4.00258E-1	-2.24699E-1
1.32467E+11	5.88925E-4	-5.54123E+0	-2.21501E-1	-4.79700E-1
1.32514E+11	6.62331E-4	-4.98950E+0	-5.52544E-1	-1.08114E-1
1.32560E+11	6.60649E-4	-4.91491E+0	-2.63949E-1	5.02808E-1
1.32606E+11	4.24667E-4	-6.80151E+0	2.80033E-1	3.61163E-1
1.32652E+11	6.31899E-4	-4.93397E+0	5.61719E-1	-7.44563E-2
1.32699E+11	7.45277E-4	-4.08802E+0	7.25314E-3	-6.24554E-1
1.32745E+11	4.55846E-4	-6.00338E+0	-4.49099E-1	2.22044E-1
1.32791E+11	4.64647E-4	-5.96338E+0	1.02518E-1	4.92753E-1
1.32837E+11	6.20669E-4	-4.84741E+0	5.55383E-1	1.38151E-1
1.32884E+11	5.61275E-4	-5.26153E+0	2.49405E-1	-4.85329E-1
1.32930E+11	3.00513E-4	-7.98749E+0	-3.43625E-1	-2.02160E-1
1.32976E+11	4.52219E-4	-6.24542E+0	-4.30722E-1	2.27741E-1
1.33022E+11	6.17965E-4	-4.72257E+0	2.34479E-1	5.31138E-1
1.33069E+11	3.85197E-4	-6.61248E+0	3.94457E-1	-2.50104E-1
1.33115E+11	3.31191E-4	-7.27529E+0	-6.10479E-2	-4.28421E-1
1.33161E+11	4.34938E-4	-6.00803E+0	-3.74675E-1	-3.32180E-1
1.33207E+11	4.69475E-4	-5.45109E+0	-4.19016E-1	3.30842E-1
1.33254E+11	3.32437E-4	-6.74421E+0	3.22374E-1	3.28186E-1
1.33300E+11	3.35185E-4	-6.33943E+0	4.02130E-1	-2.65697E-1
1.33346E+11	4.59264E-4	-4.68138E+0	-2.07409E-1	-5.45235E-1
1.33392E+11	2.97099E-4	-6.64922E+0	-4.10044E-1	2.19486E-1
1.33439E+11	3.27138E-4	-6.46125E+0	2.48682E-2	4.74616E-1
1.33485E+11	3.23673E-4	-6.64574E+0	3.84606E-1	2.61844E-1
1.33531E+11	4.62384E-4	-5.06726E+0	4.15263E-1	-3.72726E-1
1.33577E+11	2.47431E-4	-7.59307E+0	-2.97710E-1	-2.92278E-1
1.33624E+11	3.59301E-4	-5.74321E+0	-4.72285E-1	2.08412E-1
1.33670E+11	3.73483E-4	-5.25198E+0	4.57113E-2	5.44346E-1
1.33716E+11	3.16240E-4	-5.89410E+0	5.05021E-1	-4.84037E-2
1.33762E+11	2.56007E-4	-6.62928E+0	1.00125E-1	-4.55281E-1
1.33809E+11	3.34843E-4	-5.42377E+0	-4.30106E-1	-3.19121E-1
1.33855E+11	3.58236E-4	-5.16083E+0	-3.53383E-1	4.24089E-1
1.33901E+11	2.53297E-4	-6.53538E+0	4.36457E-1	1.77655E-1
1.33947E+11	2.47946E-4	-6.48752E+0	3.03878E-1	-3.63558E-1
1.33994E+11	3.35043E-4	-5.21446E+0	-2.25716E-1	-5.00044E-1
1.34040E+11	2.92543E-4	-6.02485E+0	-4.84624E-1	1.22045E-1
1.34086E+11	2.21917E-4	-7.20464E+0	-5.30061E-2	4.33051E-1
1.34132E+11	2.11346E-4	-7.28533E+0	3.07560E-1	3.03720E-1
1.34179E+11	3.20706E-4	-5.51649E+0	4.55089E-1	-2.71412E-1
1.34225E+11	2.63094E-4	-6.37465E+0	-3.37651E-1	-3.41203E-1
1.34271E+11	2.86061E-4	-5.90504E+0	-3.90972E-1	3.22308E-1
1.34317E+11	2.59329E-4	-6.46911E+0	1.42350E-1	4.52997E-1
1.34364E+11	2.62523E-4	-6.23651E+0	4.76784E-1	-1.02724E-1
1.34410E+11	2.47425E-4	-6.68764E+0	-2.32104E-2	-4.62458E-1
1.34456E+11	2.75376E-4	-6.24462E+0	-4.60766E-1	-1.58510E-1
1.34502E+11	3.06966E-4	-5.73980E+0	-3.60359E-1	3.69918E-1
1.34549E+11	2.41699E-4	-6.57810E+0	3.60418E-1	2.99969E-1
1.34595E+11	2.95137E-4	-5.51002E+0	4.55354E-1	-2.71738E-1
1.34641E+11	2.94148E-4	-5.40923E+0	-6.32133E-2	-5.32724E-1
1.34687E+11	2.83192E-4	-5.38127E+0	-5.37439E-1	-2.84396E-2
1.34734E+11	2.34465E-4	-6.16026E+0	-2.22121E-2	4.91523E-1
1.34780E+11	3.00264E-4	-5.04608E+0	5.16563E-1	2.14601E-1
1.34826E+11	2.88018E-4	-5.10938E+0	3.19227E-1	-4.54375E-1
1.34872E+11	2.59714E-4	-5.66752E+0	-4.61301E-1	-2.41611E-1
1.34919E+11	2.44997E-4	-5.86879E+0	-3.05031E-1	4.07246E-1
1.34965E+11	2.65615E-4	-5.87736E+0	1.68581E-1	4.79545E-1
1.35011E+11	2.97751E-4	-5.58165E+0	5.13184E-1	-1.15029E-1
1.35057E+11	3.02562E-4	-5.45317E+0	-9.97438E-2	-5.24352E-1
1.35104E+11	3.03789E-4	-5.38957E+0	-5.29060E-1	-9.58728E-2
1.35150E+11	3.05895E-4	-5.40334E+0	-3.31861E-1	4.21959E-1
1.35196E+11	2.96231E-4	-5.48314E+0	4.16073E-1	3.31388E-1
1.35242E+11	3.43175E-4	-4.95332E+0	3.93383E-1	-4.06072E-1
1.35289E+11	2.64834E-4	-6.12606E+0	-2.27503E-1	-4.38457E-1
1.35335E+11	2.81566E-4	-5.84797E+0	-4.78803E-1	1.75742E-1
1.35381E+11	2.85605E-4	-5.89358E+0	2.23680E-1	4.55398E-1
1.35427E+11	3.53605E-4	-4.95791E+0	5.28923E-1	-1.98864E-1
1.35474E+11	2.57486E-4	-6.40139E+0	-3.73239E-3	-4.78539E-1
1.35520E+11	2.79609E-4	-6.15498E+0	-4.84417E-1	-8.78795E-2
1.35566E+11	3.15950E-4	-5.78159E+0	-2.63236E-1	4.41419E-1
1.35612E+11	3.49702E-4	-5.29987E+0	2.83042E-1	4.63699E-1
1.35659E+11	3.31772E-4	-5.56739E+0	4.99250E-1	-1.68071E-1
1.35705E+11	3.71742E-4	-5.01300E+0	-2.58673E-1	-4.98368E-1
1.35751E+11	4.10169E-4	-4.41905E+0	-5.25258E-1	2.92563E-1
1.35797E+11	3.99491E-4	-4.23046E+0	1.69304E-1	5.90651E-1
1.35844E+11	4.27181E-4	-4.34650E+0	5.81810E-1	-1.70516E-1
1.35890E+11	4.57492E-4	-4.46743E+0	-1.17012E-1	-5.86338E-1
1.35936E+11	3.88703E-4	-5.26563E+0	-5.12275E-1	-1.87192E-1
1.35982E+11	4.64525E-4	-4.57431E+0	-4.13468E-1	4.21709E-1
1.36029E+11	4.49742E-4	-4.82935E+0	3.99945E-1	4.11029E-1
1.36075E+11	4.91876E-4	-4.52426E+0	4.46145E-1	-3.92162E-1
1.36121E+11	3.96127E-4	-5.91093E+0	-1.03687E-1	-4.95623E-1
1.36167E+11	4.10235E-4	-6.00693E+0	-5.00433E-1	1.88279E-2
1.36214E+11	5.48821E-4	-5.17765E+0	-4.49314E-2	5.49122E-1
1.36260E+11	5.27290E-4	-5.17591E+0	5.19841E-1	1.82867E-1
1.36306E+11	4.18653E-4	-5.96546E+0	2.92035E-1	-4.09769E-1
1.36352E+11	4.46084E-4	-5.71602E+0	-4.55118E-1	-2.47043E-1
1.36399E+11	5.77002E-4	-4.67589E+0	-3.27474E-1	4.83210E-1
1.36445E+11	5.21483E-4	-5.14605E+0	3.10632E-1	4.57469E-1
1.36491E+11	4.98935E-4	-5.37533E+0	5.28704E-1	-1.02557E-1
1.36537E+11	5.38140E-4	-4.73798E+0	-1.75783E-2	-5.79297E-1
1.36584E+11	6.30326E-4	-3.91419E+0	-5.86866E-1	-2.48274E-1
1.36630E+11	5.20830E-4	-4.69583E+0	-3.52782E-1	4.63373E-1
1.36676E+11	5.42851E-4	-4.44867E+0	4.78248E-1	3.60985E-1
1.36722E+11	5.04918E-4	-4.56320E+0	3.69687E-1	-4.61540E-1
1.36769E+11	5.59213E-4	-4.23330E+0	-2.35632E-1	-5.67242E-1
1.36815E+11	5.89815E-4	-4.28614E+0	-6.03035E-1	9.52448E-2
1.36861E+11	6.81400E-4	-3.42730E+0	1.83487E-1	6.48503E-1
1.36907E+11	5.23085E-4	-4.43816E+0	5.92686E-1	-9.28701E-2
1.36954E+11	4.82396E-4	-4.82905E+0	1.06568E-1	-5.63531E-1
1.37000E+11	5.64300E-4	-4.31200E+0	-5.99300E-1	-1.06536E-1
1.37046E+11	6.57822E-4	-3.80054E+0	-2.60208E-1	5.90855E-1
1.37092E+11	4.48048E-4	-5.61474E+0	2.93490E-1	4.33997E-1
1.37139E+11	5.02563E-4	-4.91418E+0	5.60875E-1	-8.92082E-2
1.37185E+11	5.49313E-4	-4.06309E+0	-1.25279E-1	-6.13735E-1
1.37231E+11	6.30378E-4	-3.39986E+0	-6.65039E-1	1.21765E-1
1.37277E+11	3.96759E-4	-5.50520E+0	4.50082E-2	5.28654E-1
1.37324E+11	4.29466E-4	-5.10575E+0	5.55471E-1	-8.56305E-3
1.37370E+11	4.58710E-4	-4.70747E+0	1.45615E-1	-5.63079E-1
1.37416E+11	5.61559E-4	-4.08102E+0	-4.42340E-1	-4.41684E-1
1.37462E+11	4.07121E-4	-5.35914E+0	-4.79174E-1	2.48037E-1
1.37509E+11	4.33095E-4	-5.09799E+0	1.98251E-1	5.19489E-1
1.37555E+11	4.65889E-4	-4.90724E+0	5.68320E-1	8.19360E-3
1.37601E+11	4.54083E-4	-5.04429E+0	1.77963E-1	-5.30423E-1
1.37648E+11	4.37610E-4	-5.33239E+0	-4.70373E-1	-2.67726E-1
1.37694E+11	5.01574E-4	-4.74015E+0	-2.73503E-1	5.10806E-1
1.37740E+11	4.24614E-4	-5.30531E+0	3.50488E-1	4.14630E-1
1.37786E+11	3.94901E-4	-5.53215E+0	3.97950E-1	-3.48418E-1
1.37832E+11	4.99610E-4	-4.51396E+0	-4.70807E-1	-3.63339E-1
1.37879E+11	5.13354E-4	-4.41237E+0	-3.87076E-1	4.60671E-1
1.37925E+11	3.48187E-4	-5.98292E+0	9.25666E-2	4.93569E-1
1.37971E+11	3.71582E-4	-5.69936E+0	4.96720E-1	1.49874E-1
1.38018E+11	4.60727E-4	-4.93472E+0	2.75677E-1	-4.94994E-1
1.38064E+11	5.39239E-4	-4.27001E+0	-4.45909E-1	-4.18659E-1
1.38110E+11	3.06877E-4	-6.77035E+0	-3.93882E-1	2.34985E-1
1.38156E+11	4.34495E-4	-5.35378E+0	3.40455E-1	4.19022E-1
1.38202E+11	5.45386E-4	-4.30182E+0	5.31782E-1	-2.97637E-1
1.38249E+11	4.95442E-4	-4.63971E+0	-1.35029E-1	-5.70393E-1
1.38295E+11	3.75820E-4	-5.80737E+0	-4.95350E-1	-1.31184E-1
1.38341E+11	3.68882E-4	-5.62386E+0	-1.66553E-1	4.96159E-1
1.38388E+11	5.56591E-4	-3.67577E+0	5.06746E-1	4.14939E-1
1.38434E+11	3.61791E-4	-5.72375E+0	3.95184E-1	-3.33939E-1
1.38480E+11	4.27411E-4	-5.19337E+0	-3.44868E-1	-4.28395E-1
1.38526E+11	3.98961E-4	-5.45750E+0	-5.08789E-1	1.60447E-1
1.38572E+11	4.74679E-4	-4.68241E+0	-3.71097E-2	5.82102E-1
1.38619E+11	3.70408E-4	-5.85546E+0	4.89668E-1	1.41117E-1
1.38665E+11	4.18317E-4	-5.04238E+0	1.00391E-1	-5.50526E-1
1.38711E+11	4.43240E-4	-4.73332E+0	-5.55173E-1	-1.67444E-1
1.38758E+11	3.68105E-4	-5.46920E+0	-2.94454E-1	4.44006E-1
1.38804E+11	3.43960E-4	-5.67834E+0	4.16740E-1	3.11171E-1
1.38850E+11	4.87047E-4	-4.23912E+0	5.18195E-1	-3.29019E-1
1.38896E+11	3.47289E-4	-5.73163E+0	-1.31122E-1	-5.00008E-1
1.38942E+11	3.31705E-4	-5.91902E+0	-5.03070E-1	-5.32634E-2
1.38989E+11	3.66527E-4	-5.59371E+0	-5.26575E-2	5.22541E-1
1.39035E+11	5.29998E-4	-4.08610E+0	5.96779E-1	1.84787E-1
1.39081E+11	3.35894E-4	-6.32253E+0	2.85651E-1	-3.89375E-1
1.39128E+11	3.09237E-4	-6.61505E+0	-3.19635E-1	-3.40371E-1
1.39174E+11	4.41936E-4	-4.94372E+0	-5.06588E-1	2.52430E-1
1.39220E+11	4.75826E-4	-4.29457E+0	2.40748E-1	5.60393E-1
1.39266E+11	3.09885E-4	-5.83451E+0	4.53263E-1	-2.35579E-1
1.39312E+11	2.93450E-4	-5.89922E+0	-2.74105E-1	-4.26559E-1
1.39359E+11	4.07119E-4	-4.51709E+0	-5.84169E-1	1.10302E-1
1.39405E+11	3.65983E-4	-5.39766E+0	-9.37745E-2	5.28928E-1
1.39451E+11	2.90417E-4	-6.67579E+0	4.10170E-1	2.16223E-1
1.39498E+11	3.65862E-4	-5.94750E+0	3.61199E-1	-3.51822E-1
1.39544E+11	4.05636E-4	-5.34497E+0	-1.85641E-1	-5.07561E-1
1.39590E+11	3.17716E-4	-6.25142E+0	-4.46933E-1	1.93160E-1
1.39636E+11	3.35398E-4	-5.92847E+0	1.89567E-1	4.68428E-1
1.39682E+11	4.14420E-4	-5.14233E+0	5.41216E-1	-1.14530E-1
1.39729E+11	3.34026E-4	-6.21824E+0	1.37857E-1	-4.68906E-1
1.39775E+11	2.85115E-4	-6.97647E+0	-4.09998E-1	-1.80311E-1
1.39821E+11	4.15653E-4	-5.41292E+0	-3.16306E-1	4.33009E-1
1.39868E+11	4.41332E-4	-5.03799E+0	3.83799E-1	4.07642E-1
1.39914E+11	2.85578E-4	-6.75527E+0	3.99170E-1	-2.27498E-1
1.39960E+11	2.96123E-4	-6.57796E+0	-1.70514E-1	-4.36823E-1
1.40006E+11	4.20132E-4	-5.07513E+0	-5.57483E-1	-4.13782E-3
1.40052E+11	3.74591E-4	-5.59298E+0	-1.13611E-1	5.12797E-1
1.40099E+11	2.74095E-4	-7.03415E+0	4.26497E-1	1.26744E-1
1.40145E+11	3.31411E-4	-6.15630E+0	1.62955E-1	-4.64494E-1
1.40191E+11	4.92551E-4	-4.10190E+0	-5.57361E-1	-2.79685E-1
1.40238E+11	3.11200E-4	-5.88495E+0	-2.31143E-1	4.52222E-1
1.40284E+11	2.91183E-4	-6.37029E+0	3.69209E-1	3.07154E-1
1.40330E+11	2.81158E-4	-6.62000E+0	4.43964E-1	-1.43760E-1
1.40376E+11	4.31724E-4	-4.72115E+0	-9.60084E-3	-5.80608E-1
1.40422E+11	2.90400E-4	-6.40892E+0	-4.75622E-1	-4.89911E-2
1.40469E+11	3.40620E-4	-5.78840E+0	-7.44004E-2	5.08129E-1
1.40515E+11	3.09920E-4	-6.04341E+0	4.34836E-1	2.44148E-1
1.40561E+11	3.30506E-4	-5.73988E+0	3.45962E-1	-3.83410E-1
1.40608E+11	2.73065E-4	-6.57929E+0	-3.15672E-1	-3.46660E-1
1.40654E+11	3.73700E-4	-5.22742E+0	-4.84079E-1	2.56441E-1
1.40700E+11	3.31215E-4	-5.82370E+0	1.70177E-1	4.82322E-1
1.40746E+11	2.78790E-4	-6.68693E+0	4.52199E-1	-9.97853E-2
1.40792E+11	3.22415E-4	-5.97918E+0	-8.60708E-2	-4.94962E-1
1.40839E+11	4.01916E-4	-5.01241E+0	-5.57014E-1	-7.11356E-2
1.40885E+11	2.26650E-4	-7.28094E+0	-1.81843E-1	3.92378E-1
1.40931E+11	1.92433E-4	-7.88230E+0	3.13371E-1	2.54248E-1
1.40978E+11	3.05426E-4	-5.61739E+0	4.64113E-1	-2.42737E-1
1.41024E+11	3.51889E-4	-5.23307E+0	-2.13595E-1	-5.04065E-1
1.41070E+11	2.44108E-4	-7.07008E+0	-4.28084E-1	1.14353E-1
1.41116E+11	2.40646E-4	-7.25744E+0	6.22917E-2	4.29141E-1
1.41162E+11	3.62377E-4	-5.46034E+0	5.03453E-1	1.75951E-1
1.41209E+11	3.12640E-4	-6.17738E+0	1.99550E-1	-4.48682E-1
1.41255E+11	2.65329E-4	-7.15449E+0	-3.92910E-1	-1.95384E-1
1.41301E+11	2.95446E-4	-6.70796E+0	-2.82155E-1	3.65777E-1
1.41348E+11	3.97509E-4	-5.50343E+0	2.50303E-1	4.67936E-1
1.41394E+11	2.70918E-4	-7.09002E+0	4.16297E-1	-1.48762E-1
1.41440E+11	3.11129E-4	-6.36797E+0	-5.15756E-2	-4.77622E-1
1.41486E+11	2.92874E-4	-6.36378E+0	-4.65815E-1	-1.18411E-1
1.41532E+11	3.01789E-4	-6.52104E+0	-2.56190E-1	3.96430E-1
1.41579E+11	2.70489E-4	-7.28868E+0	3.91075E-1	1.83727E-1
1.41625E+11	3.74470E-4	-5.80893E+0	2.29977E-1	-4.57818E-1
1.41671E+11	3.86298E-4	-5.75126E+0	-4.21793E-1	-2.96792E-1
1.41718E+11	2.58353E-4	-7.69940E+0	-3.22119E-1	2.57074E-1
1.41764E+11	3.08060E-4	-6.95567E+0	1.70512E-1	4.15330E-1
1.41810E+11	4.28336E-4	-5.49940E+0	5.30723E-1	1.45048E-2
1.41856E+11	3.48221E-4	-6.44398E+0	1.29889E-1	-4.58157E-1
1.41902E+11	2.37867E-4	-7.69019E+0	-3.79967E-1	-1.60729E-1
1.41949E+11	3.14541E-4	-6.16475E+0	-2.86123E-1	3.99965E-1
1.41995E+11	5.20309E-4	-4.40105E+0	4.22158E-1	4.29853E-1
1.42041E+11	3.24014E-4	-6.70531E+0	3.69823E-1	-2.77067E-1
1.42088E+11	3.30101E-4	-6.76747E+0	-2.18248E-1	-4.03570E-1
1.42134E+11	3.73886E-4	-6.47412E+0	-4.74563E-1	6.08991E-4
1.42180E+11	4.91805E-4	-5.41390E+0	-8.15500E-2	5.29935E-1
1.42226E+11	3.32532E-4	-7.08803E+0	4.35896E-1	7.42783E-2
1.42272E+11	3.77707E-4	-6.40592E+0	1.39067E-1	-4.57641E-1
1.42319E+11	3.85048E-4	-6.18609E+0	-3.77539E-1	-3.13236E-1
1.42365E+11	3.03629E-4	-7.34838E+0	-3.34624E-1	2.68650E-1
1.42411E+11	3.40730E-4	-7.12356E+0	2.14378E-1	3.84671E-1
1.42458E+11	3.84955E-4	-6.82352E+0	4.47541E-1	-8.66497E-2
1.42504E+11	3.38323E-4	-7.21508E+0	6.21305E-2	-4.31306E-1
1.42550E+11	2.84489E-4	-7.63805E+0	-3.97751E-1	-1.18567E-1
1.42596E+11	3.92483E-4	-6.35877E+0	-2.05133E-1	4.34962E-1
1.42642E+11	4.40906E-4	-6.02629E+0	3.94527E-1	3.06628E-1
1.42689E+11	2.89392E-4	-7.89242E+0	2.95338E-1	-2.74299E-1
1.42735E+11	3.00002E-4	-7.80218E+0	-2.38439E-1	-3.30185E-1
1.42781E+11	4.15633E-4	-6.42408E+0	-4.48811E-1	1.62445E-1
1.42828E+11	4.12943E-4	-6.49097E+0	8.84795E-2	4.65306E-1
1.42874E+11	3.13989E-4	-7.64859E+0	4.13475E-1	2.97536E-2
1.42920E+11	2.89185E-4	-7.97155E+0	1.59953E-1	-3.65986E-1
1.42966E+11	4.69537E-4	-5.74168E+0	-3.61586E-1	-3.68563E-1
1.43012E+11	3.45782E-4	-7.10185E+0	-3.28786E-1	2.94620E-1
1.43059E+11	3.39275E-4	-7.12741E+0	3.08895E-1	3.13594E-1
1.43105E+11	2.93309E-4	-7.67328E+0	3.24789E-1	-2.55704E-1
1.43151E+11	3.34648E-4	-6.79393E+0	-2.12618E-1	-4.04988E-1
1.43198E+11	2.25214E-4	-8.00936E+0	-3.67203E-1	1.52676E-1
1.43244E+11	2.52585E-4	-7.65690E+0	7.06209E-2	4.08082E-1
1.43290E+11	3.28980E-4	-6.79744E+0	4.42933E-1	1.13415E-1
1.43336E+11	2.66394E-4	-7.82390E+0	2.44133E-1	-3.24726E-1
1.43382E+11	3.07291E-4	-7.32784E+0	-3.08712E-1	-2.99526E-1
1.43429E+11	3.65479E-4	-6.58813E+0	-3.69151E-1	2.88274E-1
1.43475E+11	3.25456E-4	-7.05377E+0	1.80090E-1	4.05757E-1
1.43521E+11	2.42322E-4	-8.29810E+0	3.72889E-1	-9.44965E-2
1.43568E+11	2.76758E-4	-7.62639E+0	-4.53413E-2	-4.13124E-1
1.43614E+11	4.13101E-4	-5.87632E+0	-5.08097E-1	-1.68086E-2
1.43660E+11	2.65577E-4	-7.72755E+0	-7.95124E-2	4.03024E-1
1.43706E+11	2.29886E-4	-8.12893E+0	3.67666E-1	1.36657E-1
1.43752E+11	3.30447E-4	-6.37230E+0	3.04813E-1	-3.71001E-1
1.43799E+11	2.89539E-4	-6.63417E+0	-2.61324E-1	-3.85709E-1
1.43845E+11	2.09706E-4	-7.84280E+0	-3.73916E-1	1.56582E-1
1.43891E+11	1.87484E-4	-8.42871E+0	9.62898E-2	3.66497E-1
1.43938E+11	3.37827E-4	-6.16084E+0	4.91465E-1	-2.27728E-2
1.43984E+11	2.86980E-4	-7.04162E+0	-1.88012E-2	-4.44150E-1
1.44030E+11	2.65719E-4	-7.24863E+0	-4.32418E-1	3.79359E-2
1.44076E+11	2.92546E-4	-6.75352E+0	-3.48583E-2	4.58217E-1
1.44122E+11	2.84260E-4	-6.92605E+0	4.08660E-1	1.89603E-1
1.44169E+11	2.36386E-4	-7.73202E+0	2.44459E-1	-3.29874E-1
1.44215E+11	2.12486E-4	-8.13578E+0	-2.57277E-1	-2.95668E-1
1.44261E+11	3.02153E-4	-6.68242E+0	-4.05756E-1	2.23664E-1
1.44308E+11	2.38096E-4	-7.76757E+0	1.21417E-1	3.90462E-1
1.44354E+11	1.98980E-4	-8.39557E+0	3.74718E-1	-6.54033E-2
1.44400E+11	2.80331E-4	-6.68161E+0	-1.43291E-3	-4.63359E-1
1.44446E+11	2.23842E-4	-7.42399E+0	-4.13470E-1	-1.00051E-1
1.44492E+11	1.73556E-4	-8.21659E+0	-1.59269E-1	3.54136E-1
1.44539E+11	1.45529E-4	-9.01823E+0	2.74763E-1	2.23318E-1
1.44585E+11	3.04219E-4	-6.03994E+0	3.62339E-1	-3.42928E-1
1.44631E+11	2.36253E-4	-7.49467E+0	-2.59101E-1	-3.33036E-1
1.44678E+11	1.80899E-4	-8.84836E+0	-3.16727E-1	1.73350E-1
1.44724E+11	2.24882E-4	-8.04486E+0	7.46389E-2	3.88960E-1
1.44770E+11	2.80110E-4	-7.06863E+0	4.38668E-1	6.29932E-2
1.44816E+11	2.24739E-4	-7.93051E+0	1.19341E-1	-3.83150E-1
1.44862E+11	1.76853E-4	-9.10614E+0	-3.05928E-1	-1.71060E-1
1.44909E+11	2.82287E-4	-7.12137E+0	-3.15431E-1	3.07458E-1
1.44955E+11	2.93955E-4	-6.84349E+0	2.53620E-1	3.77524E-1
1.45001E+11	2.31907E-4	-7.81485E+0	3.57295E-1	-1.94249E-1
1.45048E+11	2.70345E-4	-7.09111E+0	-1.80356E-1	-4.03554E-1
1.45094E+11	2.92401E-4	-6.64088E+0	-4.63158E-1	4.70228E-2
1.45140E+11	2.57197E-4	-7.18535E+0	-1.24195E-2	4.37076E-1
1.45186E+11	2.07868E-4	-7.94154E+0	3.88576E-1	9.82152E-2
1.45232E+11	3.00209E-4	-6.14351E+0	2.13335E-1	-4.44424E-1
1.45279E+11	2.35088E-4	-6.96619E+0	-3.13787E-1	-3.20349E-1
1.45325E+11	1.59008E-4	-8.54667E+0	-3.17667E-1	1.97057E-1
1.45371E+11	2.27627E-4	-6.88717E+0	1.36172E-1	4.31549E-1
1.45418E+11	2.88270E-4	-5.86094E+0	5.01196E-1	-9.03603E-2
1.45464E+11	2.41127E-4	-6.65698E+0	-6.51632E-2	-4.60085E-1
1.45510E+11	1.74240E-4	-8.24534E+0	-3.85020E-1	3.92933E-2
1.45556E+11	3.13465E-4	-5.82396E+0	-9.81800E-2	5.01937E-1
1.45602E+11	3.01539E-4	-6.13959E+0	4.55390E-1	1.89375E-1
1.45649E+11	2.21031E-4	-7.65893E+0	2.39579E-1	-3.37698E-1
1.45695E+11	2.17454E-4	-7.74621E+0	-2.42839E-1	-3.30237E-1
1.45741E+11	3.13060E-4	-6.17679E+0	-4.73844E-1	1.29000E-1
1.45788E+11	2.78616E-4	-6.40389E+0	1.10073E-1	4.65581E-1
1.45834E+11	2.16847E-4	-7.61379E+0	4.05560E-1	-9.35424E-2
1.45880E+11	2.45083E-4	-6.93331E+0	3.08619E-2	-4.49067E-1
1.45926E+11	2.71005E-4	-6.50432E+0	-4.32267E-1	-1.91818E-1
1.45972E+11	2.21573E-4	-7.45208E+0	-2.39288E-1	3.50060E-1
1.46019E+11	2.47963E-4	-6.86419E+0	3.15088E-1	3.26472E-1
1.46065E+11	2.72810E-4	-6.40066E+0	4.21274E-1	-2.27113E-1
1.46111E+11	2.71025E-4	-6.40156E+0	-1.82956E-1	-4.42189E-1
1.46158E+11	1.75634E-4	-8.33545E+0	-3.69757E-1	9.99413E-2
1.46204E+11	2.59414E-4	-6.49631E+0	-8.63191E-3	4.73274E-1
1.46250E+11	2.52483E-4	-6.66760E+0	4.34835E-1	1.62220E-1
1.46296E+11	2.00607E-4	-7.70743E+0	1.91717E-1	-3.64388E-1
1.46342E+11	1.92221E-4	-7.89727E+0	-2.94835E-1	-2.74510E-1
1.46389E+11	2.85293E-4	-6.08240E+0	-4.09162E-1	2.81166E-1
1.46435E+11	2.68413E-4	-6.24835E+0	2.35102E-1	4.26561E-1
1.46481E+11	1.58298E-4	-8.49993E+0	3.50544E-1	-1.35554E-1
1.46528E+11	1.97363E-4	-7.54463E+0	1.19918E-2	-4.19364E-1
1.46574E+11	3.18812E-4	-5.50284E+0	-5.07150E-1	-1.56375E-1
1.46620E+11	2.32694E-4	-6.82911E+0	-1.41410E-1	4.33055E-1
1.46666E+11	1.80403E-4	-7.71078E+0	3.72642E-1	1.74760E-1
1.46712E+11	2.24131E-4	-6.79960E+0	3.27809E-1	-3.18575E-1
1.46759E+11	2.78626E-4	-5.95071E+0	-2.85401E-1	-4.15454E-1
1.46805E+11	1.95147E-4	-7.45499E+0	-3.90321E-1	1.65318E-1
1.46851E+11	2.06067E-4	-7.18767E+0	2.51757E-2	4.36410E-1
1.46898E+11	2.89236E-4	-5.82065E+0	4.91263E-1	1.42969E-1
1.46944E+11	2.23974E-4	-7.03569E+0	1.11465E-1	-4.30661E-1
1.46990E+11	2.08166E-4	-7.08755E+0	-4.28195E-1	-1.10423E-1
1.47036E+11	2.58047E-4	-6.13369E+0	-1.98233E-1	4.51971E-1
1.47082E+11	2.91863E-4	-5.65055E+0	4.47155E-1	2.68864E-1
1.47129E+11	1.57130E-4	-8.28489E+0	2.60111E-1	-2.84198E-1
1.47175E+11	2.11611E-4	-6.94864E+0	-1.42443E-1	-4.26157E-1
1.47221E+11	2.84443E-4	-5.70435E+0	-5.18309E-1	-1.54736E-2
1.47268E+11	2.12663E-4	-7.04475E+0	-9.42485E-3	4.44288E-1
1.47314E+11	1.60476E-4	-8.24700E+0	3.74083E-1	9.89373E-2
1.47360E+11	2.42232E-4	-6.27254E+0	2.99026E-1	-3.82745E-1
1.47406E+11	3.04564E-4	-5.22683E+0	-3.91496E-1	-3.83231E-1
1.47452E+11	1.99054E-4	-7.10299E+0	-3.26585E-1	2.96972E-1
1.47499E+11	1.82403E-4	-7.51031E+0	1.71427E-1	3.84732E-1
1.47545E+11	3.16429E-4	-5.02404E+0	5.58106E-1	-5.47765E-2
1.47591E+11	2.23782E-4	-6.48632E+0	-5.92934E-2	-4.70173E-1
1.47638E+11	1.55001E-4	-8.08301E+0	-3.90649E-1	-5.36855E-2
1.47684E+11	2.07713E-4	-6.89357E+0	-3.12468E-1	3.26864E-1
1.47730E+11	2.52711E-4	-5.89510E+0	2.98657E-1	4.10041E-1
1.47776E+11	1.85107E-4	-7.32452E+0	3.73325E-1	-2.13983E-1
1.47822E+11	1.92231E-4	-7.15027E+0	-1.84508E-1	-3.98368E-1
1.47869E+11	3.13687E-4	-4.75159E+0	-5.56895E-1	1.57198E-1
1.47915E+11	2.06326E-4	-6.50624E+0	1.71131E-1	4.40755E-1
1.47961E+11	1.19544E-4	-8.78840E+0	3.63559E-1	-1.82906E-3
1.48008E+11	2.03373E-4	-6.39684E+0	2.34368E-1	-4.17523E-1
1.48054E+11	2.57446E-4	-5.14576E+0	-4.23511E-1	-3.55568E-1
1.48100E+11	1.38054E-4	-7.57318E+0	-2.76464E-1	3.13726E-1
1.48146E+11	1.35081E-4	-7.43145E+0	2.22088E-1	3.62400E-1
1.48192E+11	2.47693E-4	-4.62143E+0	5.46414E-1	-2.15548E-1
1.48239E+11	1.62853E-4	-6.48817E+0	-1.89414E-1	-4.34287E-1
1.48285E+11	8.70835E-5	-9.08702E+0	-3.51275E-1	-9.62101E-4
1.48331E+11	1.43628E-4	-6.72327E+0	-2.79099E-1	3.67093E-1
1.48378E+11	1.90522E-4	-5.27390E+0	3.96576E-1	3.73667E-1
1.48424E+11	1.24334E-4	-6.93930E+0	2.68548E-1	-3.60855E-1
1.48470E+11	1.02962E-4	-7.48918E+0	-2.81026E-1	-3.15112E-1
1.48516E+11	1.94627E-4	-4.56987E+0	-5.04925E-1	3.06922E-1
1.48562E+11	1.23194E-4	-6.48454E+0	2.55454E-1	3.99267E-1
1.48609E+11	7.76270E-5	-8.21024E+0	3.81147E-1	-7.56721E-2
1.48655E+11	1.16446E-4	-6.17016E+0	1.79530E-1	-4.57500E-1
1.48701E+11	1.55893E-4	-4.81182E+0	-5.03991E-1	-2.76087E-1
1.48748E+11	7.86970E-5	-7.70801E+0	-2.44313E-1	3.31395E-1
1.48794E+11	1.01625E-4	-6.66769E+0	2.72355E-1	3.75787E-1
1.48840E+11	1.50375E-4	-4.66420E+0	5.42771E-1	-2.16907E-1
1.48886E+11	9.85796E-5	-6.33271E+0	-1.94020E-1	-4.41611E-1
1.48932E+11	5.07270E-5	-8.94031E+0	-3.56950E-1	1.48793E-2
1.48979E+11	1.01338E-4	-5.70500E+0	-1.26556E-1	5.02820E-1
1.49025E+11	1.41122E-4	-4.26699E+0	6.05795E-1	8.59204E-2
1.49071E+11	5.88767E-5	-7.86710E+0	1.23875E-1	-3.84798E-1
1.49118E+11	6.09181E-5	-7.61276E+0	-2.79319E-1	-3.08628E-1
1.49164E+11	1.15542E-4	-4.72478E+0	-5.52865E-1	1.76795E-1
1.49210E+11	7.60908E-5	-6.55353E+0	1.28342E-1	4.52392E-1
1.49256E+11	4.69368E-5	-8.43772E+0	3.76890E-1	-3.53307E-2
1.49302E+11	9.26346E-5	-5.60039E+0	1.97299E-2	-5.24413E-1
1.49349E+11	1.11791E-4	-4.78854E+0	-5.71860E-1	7.05888E-2
1.49395E+11	6.17387E-5	-7.35540E+0	-1.62287E-2	4.28468E-1
1.49441E+11	6.67945E-5	-6.84316E+0	4.26509E-1	1.57969E-1
1.49488E+11	1.12850E-4	-4.69181E+0	3.97923E-1	-4.25606E-1
1.49534E+11	6.89093E-5	-6.78610E+0	-2.49502E-1	-3.83860E-1
1.49580E+11	5.39074E-5	-7.78032E+0	-3.88365E-1	1.26036E-1
1.49626E+11	1.07694E-4	-4.94666E+0	9.24665E-2	5.58198E-1
1.49672E+11	1.01884E-4	-5.14768E+0	5.47890E-1	-7.39691E-2
1.49719E+11	6.14158E-5	-7.39291E+0	1.01328E-1	-4.14729E-1
1.49765E+11	7.84420E-5	-6.41297E+0	-3.73490E-1	-2.98176E-1
1.49811E+11	1.19808E-4	-4.76174E+0	-4.62327E-1	3.46864E-1
1.49858E+11	7.18832E-5	-6.87543E+0	2.11968E-1	4.00502E-1
1.49904E+11	5.47632E-5	-8.12991E+0	3.74554E-1	-1.16308E-1
1.49950E+11	9.03279E-5	-6.06631E+0	-4.96178E-2	-4.94895E-1
1.49996E+11	1.07045E-4	-5.29847E+0	-5.39990E-1	-6.03015E-2
1.50042E+11	6.77278E-5	-7.28398E+0	-1.92019E-1	3.87331E-1
1.50089E+11	7.85009E-5	-6.72925E+0	2.86655E-1	3.60819E-1
1.50135E+11	1.09240E-4	-5.28803E+0	5.09120E-1	-1.91658E-1
1.50181E+11	1.06903E-4	-5.50999E+0	-1.68695E-1	-5.02725E-1
1.50228E+11	6.80982E-5	-7.50802E+0	-4.14900E-1	7.31982E-2
1.50274E+11	1.00749E-4	-6.02941E+0	-1.50756E-2	4.99266E-1
1.50320E+11	9.60464E-5	-6.26837E+0	4.50049E-1	1.83282E-1
1.50366E+11	8.05776E-5	-7.10718E+0	3.28268E-1	-2.94792E-1
1.50412E+11	8.84189E-5	-6.93664E+0	-2.34636E-1	-3.83933E-1
1.50459E+11	1.07591E-4	-6.10255E+0	-4.42002E-1	2.23519E-1
1.50505E+11	9.07431E-5	-6.58913E+0	9.64342E-2	4.58285E-1
1.50551E+11	6.67091E-5	-7.85455E+0	4.03052E-1	-3.78925E-2
1.50598E+11	9.36642E-5	-6.25868E+0	6.73911E-2	-4.81791E-1
1.50644E+11	8.91311E-5	-6.47576E+0	-4.16944E-1	-2.26458E-1
1.50690E+11	8.11205E-5	-6.96589E+0	-3.57692E-1	2.70473E-1
1.50736E+11	7.97728E-5	-7.26434E+0	2.23703E-1	3.71081E-1
1.50782E+11	1.18203E-4	-5.68333E+0	4.79888E-1	-1.99742E-1
1.50829E+11	1.23414E-4	-5.60126E+0	-1.83203E-1	-4.91711E-1
1.50875E+11	8.05578E-5	-7.60846E+0	-3.89495E-1	1.47430E-1
1.50921E+11	7.32405E-5	-8.23354E+0	3.61030E-2	3.85861E-1
1.50968E+11	1.14970E-4	-6.30581E+0	4.38258E-1	2.05035E-1
1.51014E+11	1.19813E-4	-6.38831E+0	2.71284E-1	-3.95106E-1
1.51060E+11	7.91875E-5	-8.32332E+0	-2.57129E-1	-2.84611E-1
1.51106E+11	8.16634E-5	-8.32526E+0	-3.72830E-1	8.97285E-2
1.51152E+11	1.56949E-4	-5.63277E+0	-8.29954E-2	5.16201E-1
1.51199E+11	9.92172E-5	-7.66536E+0	4.05505E-1	8.21586E-2
1.51245E+11	9.68455E-5	-7.70305E+0	1.63833E-1	-3.77973E-1
1.51291E+11	1.29962E-4	-6.62810E+0	-2.89535E-1	-3.65424E-1
1.51338E+11	1.49741E-4	-6.09023E+0	-3.50878E-1	3.50583E-1
1.51384E+11	9.97072E-5	-7.85445E+0	2.15726E-1	3.42569E-1
1.51430E+11	1.13633E-4	-7.34013E+0	4.22662E-1	-7.65049E-2
1.51476E+11	1.94588E-4	-5.03554E+0	1.11175E-1	-5.48900E-1
1.51522E+11	1.01216E-4	-7.80265E+0	-3.88650E-1	-1.21691E-1
1.51569E+11	1.00354E-4	-7.68849E+0	-2.39023E-1	3.36367E-1
1.51615E+11	1.90969E-4	-4.95641E+0	3.71843E-1	4.25618E-1
1.51661E+11	1.98966E-4	-5.11799E+0	2.62895E-1	-4.88506E-1
1.51708E+11	9.59262E-5	-8.27470E+0	-3.15787E-1	-2.21481E-1
1.51754E+11	1.42465E-4	-6.66013E+0	-4.15860E-1	2.06950E-1
1.51800E+11	2.77700E-4	-4.04489E+0	1.86456E-1	5.99373E-1
1.51846E+11	1.31143E-4	-7.34403E+0	4.21188E-1	-8.32534E-2
1.51892E+11	7.52474E-5	-9.58338E+0	6.77789E-2	-3.24768E-1
1.51939E+11	1.99346E-4	-5.56952E+0	-4.31708E-1	-3.01647E-1
1.51985E+11	1.91255E-4	-5.90301E+0	-1.68552E-1	4.77966E-1
1.52031E+11	9.72456E-5	-8.99545E+0	3.22681E-1	1.47991E-1
1.52078E+11	1.24634E-4	-7.98679E+0	3.25251E-1	-2.30616E-1
1.52124E+11	2.73528E-4	-4.66399E+0	-2.82848E-1	-5.11530E-1
1.52170E+11	1.37646E-4	-7.66890E+0	-3.96656E-1	1.17084E-1
1.52216E+11	1.30110E-4	-8.08162E+0	3.01188E-3	3.94372E-1
1.52262E+11	2.43617E-4	-5.44211E+0	4.97723E-1	1.94658E-1
1.52309E+11	1.95203E-4	-6.23715E+0	9.20653E-2	-4.78919E-1
1.52355E+11	9.80056E-5	-9.16787E+0	-2.93706E-1	-1.86698E-1
1.52401E+11	1.82177E-4	-6.46309E+0	-3.58030E-1	3.12406E-1
1.52448E+11	3.63636E-4	-3.30323E+0	4.62072E-1	5.03862E-1
1.52494E+11	1.35044E-4	-7.47226E+0	3.22472E-1	-2.73824E-1
1.52540E+11	1.16906E-4	-8.35079E+0	-9.13094E-2	-3.71287E-1
1.52586E+11	3.03598E-4	-4.21128E+0	-6.15151E-1	-2.81512E-2
1.52632E+11	2.64906E-4	-4.70817E+0	3.71704E-2	5.80367E-1
1.52679E+11	9.83959E-5	-9.02062E+0	3.42554E-1	8.91798E-2
1.52725E+11	1.92208E-4	-6.20141E+0	3.11738E-1	-3.77658E-1
1.52771E+11	3.04971E-4	-4.16370E+0	-4.59175E-1	-4.15378E-1
1.52818E+11	1.72502E-4	-6.29598E+0	-2.83292E-1	3.92919E-1
1.52864E+11	1.24931E-4	-7.76639E+0	2.30506E-1	3.37809E-1
1.52910E+11	2.45251E-4	-4.93229E+0	5.31110E-1	-1.97785E-1
1.52956E+11	2.09882E-4	-5.67209E+0	-1.29085E-1	-5.04208E-1
1.53002E+11	1.20025E-4	-7.99789E+0	-3.98203E-1	-5.18224E-4
1.53049E+11	1.82178E-4	-6.22190E+0	-1.57071E-1	4.62607E-1
1.53095E+11	2.49682E-4	-4.69283E+0	5.19213E-1	2.64238E-1
1.53141E+11	1.44584E-4	-6.83652E+0	2.80923E-1	-3.58137E-1
1.53188E+11	1.55368E-4	-6.30510E+0	-3.46539E-1	-3.37725E-1
1.53234E+11	2.33940E-4	-4.27149E+0	-4.90225E-1	3.65598E-1
1.53280E+11	1.60797E-4	-5.65042E+0	2.92599E-1	4.32007E-1
1.53326E+11	1.28214E-4	-6.57019E+0	4.58204E-1	-1.01649E-1
1.53373E+11	1.57725E-4	-5.67381E+0	-3.32164E-2	-5.19306E-1
1.53419E+11	2.48184E-4	-3.75543E+0	-6.45833E-1	-6.37927E-2
1.53465E+11	1.81745E-4	-5.54536E+0	-2.07087E-1	4.85824E-1
1.53511E+11	1.65239E-4	-6.20905E+0	4.02414E-1	2.78294E-1
1.53557E+11	2.25787E-4	-5.07431E+0	4.75826E-1	-2.90607E-1
1.53604E+11	3.20006E-4	-3.63838E+0	-2.31537E-1	-6.15683E-1
1.53650E+11	2.30410E-4	-5.11587E+0	-5.34595E-1	1.48694E-1
1.53696E+11	1.65454E-4	-6.58566E+0	6.35603E-2	4.64177E-1
1.53743E+11	2.74707E-4	-4.55592E+0	5.75520E-1	1.38024E-1
1.53789E+11	4.23114E-4	-3.15812E+0	2.49108E-1	-6.49009E-1
1.53835E+11	2.14516E-4	-6.21782E+0	-4.49809E-1	-1.91242E-1
1.53881E+11	1.98757E-4	-6.42855E+0	-3.77381E-1	2.91837E-1
1.53927E+11	3.66613E-4	-3.55497E+0	1.20340E-1	6.53134E-1
1.53974E+11	2.53707E-4	-5.14748E+0	5.30996E-1	-1.53990E-1
1.54020E+11	1.76458E-4	-6.49156E+0	-8.33011E-2	-4.66228E-1
1.54066E+11	2.31577E-4	-5.38200E+0	-5.07359E-1	-1.79411E-1
1.54113E+11	3.08462E-4	-4.23142E+0	-2.42407E-1	5.64524E-1
1.54159E+11	1.36970E-4	-7.72952E+0	2.79538E-1	3.00887E-1
1.54205E+11	1.91406E-4	-6.10067E+0	4.81009E-1	-1.18587E-1
1.54251E+11	3.99344E-4	-2.79222E+0	4.96754E-2	-7.23381E-1
1.54297E+11	2.01416E-4	-5.79938E+0	-5.06954E-1	7.78609E-2
1.54344E+11	1.60188E-4	-6.91126E+0	-2.38105E-2	4.50642E-1
1.54390E+11	3.34097E-4	-3.77799E+0	5.90985E-1	2.64054E-1
1.54436E+11	4.07404E-4	-3.05796E+0	2.24724E-1	-6.66365E-1
1.54483E+11	1.56146E-4	-6.98141E+0	-3.36046E-1	-2.95728E-1
1.54529E+11	1.99208E-4	-5.81962E+0	-4.94460E-1	1.31723E-1
1.54575E+11	4.47837E-4	-2.40076E+0	9.96869E-3	7.58446E-1
1.54621E+11	2.75732E-4	-4.30414E+0	6.04544E-1	-7.55485E-2
1.54667E+11	1.42046E-4	-7.21277E+0	2.84262E-2	-4.34946E-1
1.54714E+11	3.37441E-4	-3.58128E+0	-6.17219E-1	-2.39670E-1
1.54760E+11	2.99284E-4	-4.11924E+0	-2.62885E-1	5.64107E-1
1.54806E+11	1.80331E-4	-6.20930E+0	3.70428E-1	3.19614E-1
1.54853E+11	2.12370E-4	-5.47257E+0	5.07668E-1	-1.60928E-1
1.54899E+11	3.67770E-4	-3.21072E+0	-1.04792E-1	-6.82985E-1
1.54945E+11	2.31564E-4	-5.26331E+0	-5.39539E-1	-8.07578E-2
1.54991E+11	1.85051E-4	-6.30334E+0	-1.86447E-1	4.46632E-1
1.55037E+11	3.28879E-4	-4.00493E+0	4.76420E-1	4.13133E-1
1.55084E+11	2.76153E-4	-4.68580E+0	4.35681E-1	-3.87474E-1
1.55130E+11	1.72538E-4	-6.72597E+0	-1.49620E-1	-4.36045E-1
1.55176E+11	2.85754E-4	-4.55133E+0	-5.83592E-1	1.00326E-1
1.55223E+11	4.24339E-4	-2.73030E+0	8.61027E-2	7.25179E-1
1.55269E+11	2.06533E-4	-5.72193E+0	5.11274E-1	7.99785E-2
1.55315E+11	1.64327E-4	-6.59384E+0	2.86826E-1	-3.69889E-1
1.55361E+11	2.74317E-4	-4.50262E+0	-2.78314E-1	-5.26442E-1
1.55407E+11	3.31334E-4	-3.51488E+0	-6.28968E-1	2.22611E-1
1.55454E+11	2.05890E-4	-5.77899E+0	1.30025E-1	4.97389E-1
1.55500E+11	3.00318E-4	-4.47923E+0	5.55695E-1	-2.18443E-1
1.55546E+11	3.55969E-4	-4.07293E+0	-1.66131E-1	-6.03223E-1
1.55593E+11	3.65672E-4	-4.16407E+0	-6.15302E-1	-6.89309E-2
1.55639E+11	2.84121E-4	-5.57695E+0	-2.22396E-1	4.76895E-1
1.55685E+11	3.30466E-4	-5.06015E+0	3.57897E-1	4.28705E-1
1.55731E+11	3.23737E-4	-5.10489E+0	5.19502E-1	-1.96976E-1
1.55777E+11	4.02055E-4	-4.28754E+0	-1.97751E-1	-5.77492E-1
1.55824E+11	4.12100E-4	-4.26558E+0	-5.06911E-1	3.42831E-1
1.55870E+11	3.99976E-4	-4.38385E+0	2.93740E-1	5.27397E-1
1.55916E+11	3.51869E-4	-4.87463E+0	5.68577E-1	4.70074E-2
1.55963E+11	3.57848E-4	-4.81918E+0	1.64781E-1	-5.50017E-1
1.56009E+11	3.49536E-4	-4.67880E+0	-4.70439E-1	-3.45239E-1
1.56055E+11	2.76310E-4	-5.63203E+0	-4.10699E-1	3.23613E-1
1.56101E+11	3.29747E-4	-4.91107E+0	2.30722E-1	5.19170E-1
1.56147E+11	2.59643E-4	-6.02368E+0	4.40767E-1	-2.35684E-1
1.56194E+11	3.64333E-4	-4.36621E+0	-1.01005E-1	-5.96416E-1
1.56240E+11	3.15763E-4	-4.88788E+0	-5.45222E-1	-1.65018E-1
1.56286E+11	3.20166E-4	-4.76659E+0	-2.39938E-1	5.25469E-1
1.56333E+11	2.67033E-4	-5.29714E+0	4.31694E-1	3.30085E-1
1.56379E+11	3.22473E-4	-4.33340E+0	4.89743E-1	-3.58944E-1
1.56425E+11	4.70148E-4	-2.97614E+0	-3.72602E-1	-6.04248E-1
1.56471E+11	2.68566E-4	-5.28171E+0	-4.91358E-1	2.34379E-1
1.56517E+11	2.55164E-4	-5.49843E+0	-6.66259E-2	5.26784E-1
1.56564E+11	3.73881E-4	-3.82446E+0	4.44323E-1	4.65946E-1
1.56610E+11	3.88880E-4	-3.89331E+0	3.55788E-1	-5.30493E-1
1.56656E+11	2.58880E-4	-5.60936E+0	-4.70548E-1	-2.31116E-1
1.56703E+11	2.65703E-4	-5.52469E+0	-3.36341E-1	4.08798E-1
1.56749E+11	5.16950E-4	-2.66914E+0	5.63160E-1	4.72983E-1
1.56795E+11	2.77233E-4	-5.24240E+0	3.82668E-1	-3.90674E-1
1.56841E+11	2.57129E-4	-5.56727E+0	-1.59835E-1	-5.01955E-1
1.56887E+11	3.69793E-4	-4.20224E+0	-5.48608E-1	-2.81109E-1
1.56934E+11	3.54653E-4	-4.36838E+0	-1.08655E-1	5.94916E-1
1.56980E+11	2.81077E-4	-5.31833E+0	5.35837E-1	8.21982E-2
1.57026E+11	2.98335E-4	-5.22481E+0	1.83523E-1	-5.16328E-1
1.57073E+11	5.63039E-4	-2.56033E+0	-6.46279E-1	-3.70009E-1
1.57119E+11	2.67908E-4	-5.83970E+0	-3.23583E-1	3.94877E-1
1.57165E+11	3.10703E-4	-5.34302E+0	2.22947E-1	4.92449E-1
1.57211E+11	4.96137E-4	-3.34786E+0	6.80132E-1	5.42461E-3
1.57257E+11	3.95686E-4	-4.10730E+0	-1.59224E-1	-6.02528E-1
1.57304E+11	2.39011E-4	-6.40276E+0	-4.78393E-1	9.03204E-3
1.57350E+11	3.69052E-4	-4.66322E+0	-3.46706E-1	4.70661E-1
1.57396E+11	7.08867E-4	-1.98356E+0	4.81267E-1	6.33824E-1
1.57443E+11	3.12641E-4	-5.57230E+0	4.54952E-1	-2.64960E-1
1.57489E+11	2.72300E-4	-6.35914E+0	-7.72405E-2	-4.74643E-1
1.57535E+11	5.82526E-4	-3.18443E+0	-6.90787E-1	-5.62272E-2
1.57581E+11	5.07927E-4	-3.69461E+0	1.73807E-1	6.30000E-1
1.57627E+11	3.04187E-4	-6.03537E+0	4.96296E-1	-5.33064E-2
1.57674E+11	3.88381E-4	-5.17544E+0	3.77534E-1	-4.01467E-1
1.57720E+11	7.66900E-4	-2.31472E+0	-3.32318E-1	-6.90229E-1
1.57766E+11	4.03603E-4	-5.14464E+0	-5.29155E-1	1.60823E-1
1.57813E+11	4.17536E-4	-5.21788E+0	1.54584E-1	5.26173E-1
1.57859E+11	6.92773E-4	-2.83410E+0	7.07031E-1	-1.44255E-1
1.57905E+11	5.88579E-4	-3.37249E+0	-3.20348E-1	-5.97804E-1
1.57951E+11	3.57909E-4	-5.45921E+0	-5.21524E-1	1.11850E-1
1.57997E+11	4.42735E-4	-4.30047E+0	-3.37198E-1	5.07733E-1
1.58044E+11	7.07426E-4	-2.02930E+0	4.12654E-1	6.75598E-1
1.58090E+11	2.87112E-4	-5.73426E+0	4.81167E-1	-1.88460E-1
1.58136E+11	2.80868E-4	-5.84883E+0	-1.12339E-1	-4.97459E-1
1.58183E+11	5.23466E-4	-3.00566E+0	-7.03929E-1	7.08403E-2
1.58229E+11	4.30369E-4	-3.73345E+0	2.13588E-1	6.14563E-1
1.58275E+11	1.95191E-4	-6.90340E+0	4.50391E-1	3.40890E-2
1.58321E+11	3.10601E-4	-4.58314E+0	4.36508E-1	-3.96921E-1
1.58367E+11	5.22198E-4	-2.24174E+0	-3.21851E-1	-7.02288E-1
1.58414E+11	2.97515E-4	-4.86053E+0	-5.40723E-1	1.84844E-1
1.58460E+11	2.29865E-4	-5.30951E+0	4.04494E-2	5.41146E-1
1.58506E+11	3.76795E-4	-2.54633E+0	7.20673E-1	1.92368E-1
1.58553E+11	3.46662E-4	-2.68770E+0	2.90681E-1	-6.73840E-1
1.58599E+11	1.95700E-4	-5.02952E+0	-4.13194E-1	-3.78624E-1
1.58645E+11	2.37391E-4	-4.07794E+0	-5.93723E-1	1.96262E-1
1.58691E+11	3.54057E-4	-2.13246E+0	1.72227E-1	7.63113E-1
1.58737E+11	1.96453E-4	-4.47824E+0	5.83243E-1	-1.28152E-1
1.58784E+11	1.72537E-4	-4.79239E+0	-1.83104E-3	-5.75941E-1
1.58830E+11	2.69321E-4	-2.58104E+0	-6.47663E-1	-3.63975E-1
1.58876E+11	2.52118E-4	-3.12086E+0	-4.86014E-1	5.01221E-1
1.58923E+11	1.66276E-4	-4.99588E+0	2.25188E-1	5.15576E-1
1.58969E+11	2.12018E-4	-3.87865E+0	6.33182E-1	-9.20194E-2
1.59015E+11	3.87350E-4	-1.41213E+0	-9.42077E-2	-8.44714E-1
1.59061E+11	2.04794E-4	-4.22855E+0	-6.09094E-1	8.18719E-2
1.59107E+11	1.73418E-4	-4.57021E+0	-7.50724E-2	5.86078E-1
1.59154E+11	2.54563E-4	-2.69245E+0	5.82189E-1	4.46119E-1
1.59200E+11	3.15954E-4	-2.20400E+0	5.78383E-1	-5.17182E-1
1.59246E+11	1.79013E-4	-4.99841E+0	-2.97056E-1	-4.77599E-1
1.59293E+11	2.38945E-4	-3.94392E+0	-5.70746E-1	2.78444E-1
1.59339E+11	4.36793E-4	-1.64868E+0	2.97819E-1	7.71637E-1
1.59385E+11	2.83018E-4	-3.56637E+0	6.41774E-1	-1.67437E-1
1.59431E+11	2.15264E-4	-4.54843E+0	6.47958E-2	-5.88795E-1
1.59477E+11	3.22029E-4	-2.63947E+0	-5.51257E-1	-4.90596E-1
1.59524E+11	3.46491E-4	-2.29294E+0	-6.59252E-1	3.93939E-1
1.59570E+11	2.10713E-4	-4.23497E+0	3.09457E-1	5.30450E-1
1.59616E+11	2.30892E-4	-4.02476E+0	5.31126E-1	-3.37268E-1
1.59663E+11	4.24500E-4	-1.92976E+0	-3.92145E-1	-6.98188E-1
1.59709E+11	3.32995E-4	-3.38875E+0	-6.55205E-1	1.70234E-1
1.59755E+11	3.05224E-4	-4.21632E+0	4.58612E-3	6.15421E-1
1.59801E+11	4.74360E-4	-2.57294E+0	6.27543E-1	3.98956E-1
1.59847E+11	5.36737E-4	-2.23679E+0	5.32952E-1	-5.59856E-1
1.59894E+11	4.23218E-4	-3.17450E+0	-4.10358E-1	-5.59513E-1
1.59940E+11	4.51343E-4	-3.08893E+0	-5.67473E-1	4.11100E-1
1.59986E+11	6.77022E-4	-1.36076E+0	3.37811E-1	7.85427E-1
1.60033E+11	4.42618E-4	-2.30025E+0	7.51294E-1	-1.56100E-1
1.60079E+11	2.36263E-4	-3.81896E+0	-2.23426E-2	-6.43859E-1
1.60125E+11	2.48310E-4	-2.89494E+0	-6.75142E-1	-2.40089E-1
1.60171E+11	3.23700E-4	-1.75818E+0	-3.91463E-1	7.16828E-1
1.60217E+11	2.67123E-4	-2.96833E+0	6.22648E-1	3.42294E-1
1.60264E+11	2.62159E-4	-3.57402E+0	3.79386E-1	-5.43324E-1
1.60310E+11	4.49187E-4	-1.61944E+0	-4.46181E-1	-6.99760E-1
1.60356E+11	5.14664E-4	-1.18724E+0	-8.54432E-1	1.75373E-1
1.60403E+11	4.02528E-4	-2.69705E+0	8.33997E-2	7.28314E-1
1.60449E+11	4.81691E-4	-2.21181E+0	7.57457E-1	1.64866E-1
1.60495E+11	5.41210E-4	-1.75897E+0	3.36970E-1	-7.43919E-1
1.60541E+11	5.94329E-4	-1.40812E+0	-8.08351E-1	-2.63915E-1
1.60587E+11	4.37707E-4	-3.08740E+0	-2.07951E-1	6.69296E-1
1.60634E+11	6.14055E-4	-1.66797E+0	6.63657E-1	4.90557E-1
1.60680E+11	6.61615E-4	-1.43417E+0	7.69030E-1	-3.56863E-1
1.60726E+11	4.69741E-4	-3.16279E+0	-2.78950E-1	-6.36345E-1
1.60773E+11	4.80257E-4	-3.08320E+0	-6.99976E-1	4.13667E-2
1.60819E+11	5.88219E-4	-2.08679E+0	-1.90781E-1	7.62939E-1
1.60865E+11	6.18851E-4	-1.83836E+0	7.77081E-1	2.25895E-1
1.60911E+11	3.83543E-4	-3.97570E+0	1.98881E-1	-6.00656E-1
1.60957E+11	5.80374E-4	-2.24827E+0	-5.68228E-1	-5.22510E-1
1.61004E+11	7.61611E-4	-1.07739E+0	-8.03587E-1	3.66805E-1
1.61050E+11	4.77529E-4	-3.22659E+0	2.92762E-1	6.24499E-1
1.61096E+11	4.33174E-4	-3.51355E+0	6.64105E-1	-6.52416E-2
1.61143E+11	5.98782E-4	-1.79767E+0	2.56005E-1	-7.71693E-1
1.61189E+11	7.16079E-4	-1.03444E+0	-8.42351E-1	-2.80177E-1
1.61235E+11	3.60154E-4	-3.95358E+0	-2.59250E-1	5.78943E-1
1.61281E+11	4.06407E-4	-3.23986E+0	4.15297E-1	5.49350E-1
1.61327E+11	7.20630E-4	-7.33277E-1	9.06287E-1	-1.52596E-1
1.61374E+11	4.67652E-4	-2.77708E+0	-2.59765E-1	-6.78312E-1
1.61420E+11	3.93049E-4	-3.38695E+0	-6.71016E-1	9.05602E-2
1.61466E+11	4.48732E-4	-2.61067E+0	-2.80939E-1	6.85029E-1
1.61513E+11	7.70987E-4	-2.16114E-1	8.50463E-1	4.77669E-1
1.61559E+11	3.71588E-4	-3.33769E+0	4.53242E-1	-5.08198E-1
1.61605E+11	3.96653E-4	-2.94536E+0	-2.62425E-1	-6.62319E-1
1.61651E+11	7.12086E-4	-5.54214E-1	-9.35659E-1	-6.88254E-2
1.61697E+11	5.13605E-4	-2.12079E+0	2.30014E-1	7.48828E-1
1.61744E+11	3.70954E-4	-3.36983E+0	6.50315E-1	-1.93301E-1
1.61790E+11	4.78918E-4	-2.22581E+0	1.53701E-1	-7.58528E-1
1.61836E+11	8.15733E-4	-7.41781E-2	-9.31946E-1	-3.38441E-1
1.61883E+11	3.24074E-4	-3.91351E+0	-4.41153E-1	4.59890E-1
1.61929E+11	3.22284E-4	-3.72441E+0	8.04863E-2	6.46306E-1
1.61975E+11	7.64242E-4	9.81874E-2	9.43177E-1	3.65079E-1
1.62021E+11	5.51649E-4	-1.18859E+0	-1.23216E-1	-8.63361E-1
1.62067E+11	2.95383E-4	-3.75350E+0	-6.34694E-1	1.36089E-1
1.62114E+11	4.50219E-4	-2.05905E+0	-2.34060E-1	7.53427E-1
1.62160E+11	8.87947E-4	6.88458E-1	1.00324E+0	4.06564E-1
1.62206E+11	3.55610E-4	-3.24409E+0	4.42348E-1	-5.27374E-1
1.62253E+11	3.06172E-4	-3.96681E+0	-1.58776E-1	-6.13149E-1
1.62299E+11	7.90620E-4	-2.76986E-2	-8.72247E-1	4.82522E-1
1.62345E+11	5.42972E-4	-1.52290E+0	6.55028E-1	5.24557E-1
1.62391E+11	2.99810E-4	-4.26254E+0	4.16550E-1	-4.48598E-1
1.62437E+11	3.88784E-4	-3.36576E+0	-1.16791E-1	-6.68630E-1
1.62484E+11	8.78906E-4	-3.58403E-2	-9.95840E-1	-9.12513E-3
1.62530E+11	3.72967E-4	-3.72200E+0	-1.11877E-1	6.41800E-1
1.62576E+11	3.54577E-4	-4.07573E+0	5.40957E-1	3.13992E-1
1.62623E+11	9.03905E-4	-2.73554E-1	7.82513E-1	-5.71514E-1
1.62669E+11	6.77638E-4	-1.47379E+0	-6.98036E-1	-4.74317E-1
1.62715E+11	3.35499E-4	-4.60240E+0	-4.29505E-1	4.02580E-1
1.62761E+11	4.29280E-4	-3.68167E+0	-4.19092E-2	6.53167E-1
1.62807E+11	1.00959E-3	1.37020E-1	9.64752E-1	3.18287E-1
1.62854E+11	4.05771E-4	-3.67956E+0	1.93575E-1	-6.25397E-1
1.62900E+11	3.37365E-4	-4.61126E+0	-5.03175E-1	-3.04390E-1
1.62946E+11	8.47949E-4	-5.43458E-1	-7.67476E-1	5.41626E-1
1.62993E+11	7.34972E-4	-9.03230E-1	7.29716E-1	5.28906E-1
1.63039E+11	2.94120E-4	-4.87612E+0	4.17769E-1	-3.88390E-1
1.63085E+11	3.59323E-4	-4.02251E+0	7.89521E-2	-6.24352E-1
1.63131E+11	9.25935E-4	2.96958E-1	-9.90753E-1	-2.98626E-1
1.63177E+11	4.39877E-4	-2.92438E+0	-1.13119E-1	7.05120E-1
1.63224E+11	2.97118E-4	-4.64763E+0	5.62271E-1	1.63725E-1
1.63270E+11	6.37469E-4	-1.23362E+0	6.99348E-1	-5.13459E-1
1.63316E+11	6.82686E-4	-8.94051E-1	-5.86626E-1	-6.85430E-1
1.63363E+11	3.08466E-4	-4.50191E+0	-5.58683E-1	2.06231E-1
1.63409E+11	3.45899E-4	-3.90431E+0	-2.34562E-1	5.93260E-1
1.63455E+11	9.32478E-4	7.75866E-1	9.70030E-1	5.04622E-1
1.63501E+11	4.53486E-4	-2.34776E+0	1.77555E-1	-7.42211E-1
1.63547E+11	2.71313E-4	-4.66996E+0	-5.56155E-1	-1.78572E-1
1.63594E+11	5.58568E-4	-1.37483E+0	-7.36721E-1	4.31148E-1
1.63640E+11	6.91798E-4	-4.35068E-1	4.56956E-1	8.34187E-1
1.63686E+11	2.54008E-4	-4.84158E+0	5.68849E-1	-6.62325E-2
1.63733E+11	2.71781E-4	-4.67503E+0	3.06981E-1	-4.96549E-1
1.63779E+11	7.47999E-4	-1.96188E-1	-7.28990E-1	-6.51464E-1
1.63825E+11	4.42344E-4	-2.81431E+0	-2.81499E-1	6.66213E-1
1.63871E+11	1.92073E-4	-6.14575E+0	4.08240E-1	2.76114E-1
1.63917E+11	3.83734E-4	-2.77298E+0	7.18001E-1	-1.12059E-1
1.63964E+11	6.09232E-4	-8.73251E-1	-1.03875E-1	-8.98366E-1
1.64010E+11	2.44129E-4	-5.03571E+0	-5.58966E-1	-3.45784E-2
1.64056E+11	2.20625E-4	-5.48240E+0	-2.66275E-1	4.60522E-1
1.64103E+11	7.24640E-4	-2.74654E-1	8.02139E-1	5.43405E-1
1.64149E+11	4.57209E-4	-2.49943E+0	2.40374E-1	-7.10377E-1
1.64195E+11	1.95209E-4	-6.05159E+0	-4.15908E-1	-2.74305E-1
1.64241E+11	3.24389E-4	-3.73405E+0	-6.50273E-1	1.98448E-2
1.64287E+11	5.93142E-4	-1.41760E+0	-6.91527E-2	8.46595E-1
1.64334E+11	2.49565E-4	-5.00518E+0	5.39635E-1	1.56985E-1
1.64380E+11	2.22932E-4	-5.39104E+0	3.18376E-1	-4.33169E-1
1.64426E+11	6.56360E-4	-7.35379E-1	-5.85103E-1	-7.08440E-1
1.64473E+11	4.11121E-4	-2.91910E+0	-4.54310E-1	5.51555E-1
1.64519E+11	1.95421E-4	-6.14876E+0	2.22179E-1	4.39735E-1
1.64565E+11	3.16023E-4	-4.13931E+0	5.70698E-1	2.44629E-1
1.64611E+11	7.37082E-4	-8.05210E-1	2.66714E-1	-8.71568E-1
1.64657E+11	2.91455E-4	-4.78486E+0	-5.73823E-1	-5.49083E-2
1.64704E+11	2.30199E-4	-5.71675E+0	-2.75516E-1	4.38416E-1
1.64750E+11	5.97853E-4	-1.65725E+0	3.83848E-1	7.31732E-1
1.64796E+11	5.66919E-4	-2.11804E+0	6.76570E-1	-3.95338E-1
1.64843E+11	2.10511E-4	-6.29531E+0	-1.40848E-1	-4.63506E-1
1.64889E+11	2.97370E-4	-4.80347E+0	-5.09389E-1	-2.67188E-1
1.64935E+11	6.72307E-4	-1.49970E+0	-4.41299E-1	7.16414E-1
1.64981E+11	3.15258E-4	-4.62366E+0	5.11056E-1	2.89265E-1
1.65027E+11	2.17777E-4	-6.29025E+0	3.45319E-1	-3.40153E-1
1.65074E+11	5.80258E-4	-2.13806E+0	-1.79842E-1	-7.60836E-1
1.65120E+11	5.56365E-4	-2.34562E+0	-7.56056E-1	1.05213E-1
1.65166E+11	2.68930E-4	-5.38416E+0	-5.60668E-2	5.35082E-1
1.65213E+11	3.56513E-4	-4.37301E+0	4.64977E-1	3.86185E-1
1.65259E+11	7.81477E-4	-1.06853E+0	6.16475E-1	-6.33917E-1
1.65305E+11	4.15792E-4	-3.58845E+0	-4.20330E-1	-5.10883E-1
1.65351E+11	2.56378E-4	-5.75103E+0	-4.62504E-1	2.28252E-1
1.65397E+11	5.36871E-4	-2.70305E+0	-1.82679E-1	7.09424E-1
1.65444E+11	6.25522E-4	-1.83380E+0	7.91961E-1	1.68427E-1
1.65490E+11	2.70142E-4	-5.62308E+0	1.85752E-1	-4.89345E-1
1.65536E+11	2.97408E-4	-5.19299E+0	-4.19523E-1	-3.55645E-1
1.65583E+11	7.06928E-4	-1.43863E+0	-5.96602E-1	6.01736E-1
1.65629E+11	4.17531E-4	-3.64292E+0	5.17367E-1	4.05653E-1
1.65675E+11	2.32441E-4	-6.19083E+0	4.29829E-1	-2.35876E-1
1.65721E+11	4.80477E-4	-3.14477E+0	1.77460E-1	-6.73249E-1
1.65767E+11	5.94351E-4	-1.93317E+0	-7.15555E-1	-3.58778E-1
1.65814E+11	3.13895E-4	-4.80224E+0	-3.08832E-1	4.85369E-1
1.65860E+11	3.09020E-4	-4.91807E+0	3.47179E-1	4.49129E-1
1.65906E+11	6.50428E-4	-1.73212E+0	6.64519E-1	-4.79079E-1
1.65953E+11	6.24177E-4	-2.11566E+0	-4.71842E-1	-6.25893E-1
1.65999E+11	3.67422E-4	-4.80952E+0	-4.87892E-1	3.03921E-1
1.66045E+11	5.43171E-4	-3.07440E+0	-3.55742E-2	7.01006E-1
1.66091E+11	6.03126E-4	-2.64163E+0	7.16672E-1	1.75153E-1
1.66137E+11	5.54881E-4	-3.44659E+0	2.65638E-1	-6.17776E-1
1.66184E+11	4.37179E-4	-4.79692E+0	-4.33814E-1	-3.78380E-1
1.66230E+11	9.38832E-4	-1.59700E+0	-7.04848E-1	4.42152E-1
1.66276E+11	6.68001E-4	-3.17347E+0	2.86837E-1	6.31893E-1
1.66323E+11	5.10061E-4	-4.56498E+0	5.41656E-1	-2.36966E-1
1.66369E+11	6.44276E-4	-3.58245E+0	3.15872E-2	-6.61276E-1
1.66415E+11	9.91483E-4	-1.80552E+0	-8.07267E-1	-9.04121E-2
1.66461E+11	6.92340E-4	-3.65226E+0	-1.37612E-1	6.42151E-1
1.66507E+11	5.43840E-4	-4.76592E+0	5.32538E-1	2.23927E-1
1.66554E+11	9.81647E-4	-2.07982E+0	5.09215E-1	-6.00139E-1
1.66600E+11	1.08268E-3	-1.62894E+0	-5.32941E-1	-6.34988E-1
1.66646E+11	6.59561E-4	-3.86337E+0	-5.09452E-1	3.88960E-1
1.66693E+11	7.39345E-4	-3.28410E+0	1.19189E-1	6.74719E-1
1.66739E+11	9.60683E-4	-2.19025E+0	7.75669E-1	4.74486E-2
1.66785E+11	1.12542E-3	-1.76376E+0	9.00141E-2	-8.11250E-1
1.66831E+11	6.06757E-4	-4.32624E+0	-5.94288E-1	-1.26960E-1
1.66877E+11	9.47033E-4	-2.32166E+0	-3.89520E-1	6.58929E-1
1.66924E+11	1.10567E-3	-1.77517E+0	5.50934E-1	6.00794E-1
1.66970E+11	9.00305E-4	-2.60475E+0	4.12039E-1	-6.15763E-1
1.67016E+11	6.91322E-4	-3.49425E+0	-4.08121E-1	-5.29823E-1
1.67063E+11	8.68079E-4	-2.45094E+0	-6.45042E-1	3.90705E-1
1.67109E+11	1.22779E-3	-9.57183E-1	2.32189E-1	8.65036E-1
1.67155E+11	5.75411E-4	-3.98981E+0	6.18832E-1	-1.26842E-1
1.67201E+11	8.08883E-4	-2.30204E+0	2.30063E-1	-7.31873E-1
1.67247E+11	7.83734E-4	-2.36096E+0	-6.29953E-1	-4.28713E-1
1.67294E+11	8.07530E-4	-2.02520E+0	-4.39510E-1	6.58892E-1
1.67340E+11	5.78273E-4	-3.26411E+0	4.43990E-1	5.23917E-1
1.67386E+11	8.15341E-4	-1.82116E+0	7.19595E-1	-3.73717E-1
1.67433E+11	1.13660E-3	-3.11194E-1	-3.63825E-1	-8.93579E-1
1.67479E+11	6.01406E-4	-2.76455E+0	-6.63646E-1	2.97796E-1
1.67525E+11	7.23223E-4	-1.87502E+0	8.28807E-2	8.01567E-1
1.67571E+11	9.16888E-4	-8.39844E-1	8.73893E-1	2.45925E-1
1.67617E+11	9.66737E-4	-2.36322E-1	1.04671E-1	-9.67514E-1
1.67664E+11	5.38153E-4	-2.62966E+0	-6.67706E-1	-3.16181E-1
1.67710E+11	6.07361E-4	-2.03496E+0	-5.41875E-1	5.76429E-1
1.67756E+11	1.24776E-3	1.47228E+0	6.39394E-1	9.97359E-1
1.67803E+11	5.83626E-4	-1.54148E+0	6.12168E-1	-5.71373E-1
1.67849E+11	5.27128E-4	-1.83965E+0	-2.92170E-1	-7.54536E-1
1.67895E+11	5.38284E-4	-1.59592E+0	-8.31394E-1	-3.55797E-2
1.67941E+11	8.83268E-4	1.00559E+0	2.91506E-1	1.08424E+0
1.67987E+11	3.93670E-4	-2.32388E+0	7.61917E-1	-7.13931E-2
1.68034E+11	4.51922E-4	-1.51033E+0	1.30976E-1	-8.30126E-1
1.68080E+11	7.22938E-4	9.25290E-1	-9.29506E-1	-6.11124E-1
1.68126E+11	4.61539E-4	-5.35236E-1	-3.43693E-1	8.75171E-1
1.68173E+11	3.79662E-4	-1.11180E+0	6.46593E-1	5.96706E-1
1.68219E+11	4.15914E-4	-3.39044E-1	8.73127E-1	-4.03176E-1
1.68265E+11	6.25680E-4	1.80638E+0	-5.44600E-1	-1.10417E+0
1.68311E+11	3.18318E-4	-1.05091E+0	-8.29453E-1	3.11575E-1
1.68357E+11	3.15972E-4	-9.62813E-1	7.04108E-2	8.92301E-1
1.68404E+11	5.27600E-4	1.69164E+0	1.18952E+0	2.47581E-1
1.68450E+11	3.61738E-4	-2.78754E-2	-9.79011E-2	-9.91976E-1
1.68496E+11	2.54474E-4	-1.65720E+0	-7.98721E-1	-2.11719E-1
1.68543E+11	2.70886E-4	-1.16895E+0	-5.60820E-1	6.70449E-1
1.68589E+11	5.19102E-4	2.06530E+0	1.07037E+0	6.80594E-1
1.68635E+11	2.08476E-4	-1.96872E+0	5.11641E-1	-6.11345E-1
1.68681E+11	2.02533E-4	-2.01839E+0	-3.33277E-1	-7.19179E-1
1.68727E+11	3.68011E-4	9.28164E-1	-1.11259E+0	-2.03383E-2
1.68774E+11	3.10395E-4	7.69194E-2	3.16219E-1	9.58058E-1
1.68820E+11	1.78414E-4	-2.10066E+0	7.85114E-1	9.87775E-3
1.68866E+11	1.78943E-4	-1.78939E+0	3.52512E-1	-7.33516E-1
1.68913E+11	4.12305E-4	2.03384E+0	-1.18695E+0	-4.34109E-1
1.68959E+11	1.99780E-4	-1.27490E+0	-1.27391E-1	8.54037E-1
1.69005E+11	1.60937E-4	-2.04803E+0	7.44942E-1	2.62830E-1
1.69051E+11	2.46797E-4	-2.12555E-2	6.89418E-1	-7.20986E-1
1.69097E+11	2.79723E-4	3.87448E-1	-8.68793E-1	-5.81817E-1
1.69144E+11	1.45547E-4	-2.32498E+0	-6.10302E-1	4.61517E-1
1.69190E+11	1.41442E-4	-2.28944E+0	5.81959E-2	7.66088E-1
1.69236E+11	3.34879E-4	1.36442E+0	1.16584E+0	9.97353E-2
1.69283E+11	1.56623E-4	-1.89276E+0	-3.64572E-2	-8.03369E-1
1.69329E+11	1.23296E-4	-2.70922E+0	-7.13159E-1	-1.65219E-1
1.69375E+11	2.12364E-4	-2.96364E-1	-5.29562E-1	8.08455E-1
1.69421E+11	2.68542E-4	4.56296E-1	1.03105E+0	2.18452E-1
1.69467E+11	1.02602E-4	-3.45791E+0	2.86224E-1	-6.07544E-1
1.69514E+11	1.13908E-4	-2.81128E+0	-4.62438E-1	-5.56414E-1
1.69560E+11	3.24688E-4	1.37706E+0	-1.04012E+0	5.39689E-1
1.69606E+11	1.26474E-4	-1.68563E+0	4.87759E-1	6.63638E-1
1.69653E+11	1.02324E-4	-3.21779E+0	6.76605E-1	-1.37401E-1
1.69699E+11	1.73383E-4	-9.17054E-1	2.49805E-1	-8.64432E-1
1.69745E+11	2.77683E-4	9.52152E-1	-1.11555E+0	-2.62742E-2
1.69791E+11	1.05201E-4	-3.00723E+0	-9.61241E-2	7.00795E-1
1.69837E+11	1.13340E-4	-2.75326E+0	6.38434E-1	3.50554E-1
1.69884E+11	2.11877E-4	8.46724E-1	5.92028E-1	-9.29931E-1
1.69930E+11	1.44315E-4	-1.94307E+0	-7.59063E-1	-2.51209E-1
1.69976E+11	1.05375E-4	-3.43228E+0	-4.17118E-1	5.28882E-1
1.70023E+11	1.90366E-4	-1.23165E+0	2.66861E-1	8.25745E-1
1.70069E+11	2.45881E-4	-3.33879E-1	8.37375E-1	-4.74137E-1
1.70115E+11	1.07829E-4	-4.02349E+0	-1.31845E-1	-6.15286E-1
1.70161E+11	1.25787E-4	-3.64542E+0	-6.05110E-1	-2.56548E-1
1.70207E+11	3.34786E-4	2.37275E-1	-6.56032E-1	7.91060E-1
1.70254E+11	1.33328E-4	-3.39741E+0	6.20784E-1	2.68306E-1
1.70300E+11	9.69804E-5	-4.84906E+0	4.12807E-1	-3.96235E-1
1.70346E+11	1.85096E-4	-2.36173E+0	-1.73402E-1	-7.41933E-1
1.70393E+11	3.07508E-4	-2.32317E-1	-8.88254E-1	3.98646E-1
1.70439E+11	9.44365E-5	-5.32233E+0	1.64823E-1	5.16179E-1
1.70485E+11	1.18799E-4	-4.11204E+0	5.58501E-1	2.75761E-1
1.70531E+11	3.06942E-4	1.11339E+0	9.77771E-1	-5.79819E-1
1.70577E+11	1.79400E-4	2.48217E+0	-7.19084E-1	-1.11978E+0
1.70624E+11	9.62984E-5	7.49264E+0	-2.32342E+0	-4.64342E-1
1.70670E+11	2.07104E-4	2.56569E+1	-1.69020E+1	9.06571E+0
1.70716E+11	3.52449E-4	5.07460E+1	3.91770E+1	3.42352E+2
1.70763E+11	1.29760E-4	6.96475E+1	2.88027E+3	9.61417E+2
1.70809E+11	1.26553E-4	7.47773E+1	5.41914E+3	8.21752E+2
1.70855E+11	3.56744E-4	8.42984E+1	2.01612E+3	-1.62785E+4
1.70901E+11	2.23270E-4	7.64008E+1	-2.73894E+3	-6.01312E+3
1.70947E+11	1.24507E-4	7.00883E+1	-2.48002E+3	-2.01369E+3
1.70994E+11	2.02121E-4	3.60700E+1	-6.13468E+1	1.68034E+1
1.71040E+11	3.72692E-4	9.99337E+0	1.19531E+0	2.92506E+0
1.71086E+11	1.11325E-4	-4.06003E+0	4.60278E-1	-4.25190E-1
1.71133E+11	1.23437E-4	-5.26315E+0	-2.49908E-1	-4.84955E-1
1.71179E+11	3.39735E-4	-1.12120E+0	-8.27327E-1	2.96644E-1
1.71225E+11	2.77682E-4	-2.14752E+0	6.94915E-1	3.56339E-1
1.71271E+11	9.61781E-5	-7.00214E+0	2.32023E-1	-3.81567E-1
1.71317E+11	2.16006E-4	-3.65101E+0	-4.47264E-1	-4.81013E-1
1.71364E+11	5.29641E-4	3.39955E-1	-6.25371E-1	8.30863E-1
1.71410E+11	1.69576E-4	-4.81018E+0	5.23046E-1	2.38283E-1
1.71456E+11	1.33135E-4	-5.80326E+0	4.95358E-1	-1.32096E-1
1.71503E+11	3.55235E-4	-1.09238E+0	2.89487E-1	-8.32951E-1
1.71549E+11	4.54124E-4	1.92046E-1	-9.39832E-1	-4.02402E-1
1.71595E+11	1.09170E-4	-5.97230E+0	-3.96741E-1	3.08856E-1
1.71641E+11	2.31667E-4	-2.81802E+0	-3.74893E-1	6.18134E-1
1.71687E+11	4.91362E-4	2.08070E-1	7.24027E-1	7.24472E-1
1.71734E+11	2.79936E-4	-2.94399E+0	3.92059E-1	-5.94965E-1
1.71780E+11	1.20320E-4	-6.89337E+0	-1.95022E-1	-4.07985E-1
1.71826E+11	4.02218E-4	-1.83062E+0	-8.09960E-1	3.99209E-3
1.71873E+11	4.50168E-4	-1.68276E+0	3.11822E-1	7.62587E-1
1.71919E+11	1.52383E-4	-6.62407E+0	4.57020E-1	-9.32728E-2
1.71965E+11	2.37007E-4	-4.66669E+0	3.17907E-1	-4.90294E-1
1.72011E+11	6.41802E-4	-3.89124E-1	-7.07718E-1	-6.42988E-1
1.72057E+11	2.31951E-4	-5.05987E+0	-2.54781E-1	4.96976E-1
1.72104E+11	1.39715E-4	-7.18552E+0	1.80327E-1	3.98327E-1
1.72150E+11	3.69784E-4	-2.86321E+0	7.17737E-1	4.55837E-2
1.72196E+11	6.95862E-4	-5.21304E-1	-2.89356E-1	-8.96193E-1
1.72243E+11	9.91306E-5	-8.96386E+0	-3.55311E-1	2.64232E-2
1.72289E+11	2.41321E-4	-4.93035E+0	-3.86807E-1	4.14391E-1
1.72335E+11	5.98989E-4	-1.12517E+0	5.31404E-1	6.99551E-1
1.72381E+11	3.74653E-4	-3.43031E+0	1.91143E-1	-6.46044E-1
1.72427E+11	9.66469E-5	-9.10948E+0	-1.71693E-1	-3.05418E-1
1.72474E+11	3.98056E-4	-3.09388E+0	-6.96700E-1	7.12655E-2
1.72520E+11	7.16760E-4	-7.73765E-1	2.16194E-1	8.88855E-1
1.72566E+11	1.75118E-4	-6.90971E+0	3.64650E-1	-2.65986E-1
1.72613E+11	2.58067E-4	-5.23785E+0	2.30473E-1	-4.96242E-1
1.72659E+11	6.25902E-4	-1.54675E+0	-6.68299E-1	-5.03728E-1
1.72705E+11	4.22915E-4	-3.22236E+0	-3.13503E-1	6.14725E-1
1.72751E+11	9.93038E-5	-9.43109E+0	2.67957E-1	2.05415E-1
1.72797E+11	3.58191E-4	-3.39257E+0	5.98722E-1	-3.15282E-1
1.72844E+11	6.59343E-4	-1.23404E+0	-7.06487E-1	-5.03518E-1
1.72890E+11	1.75684E-4	-6.86399E+0	-2.60840E-1	3.71263E-1
1.72936E+11	2.38384E-4	-5.44373E+0	2.06478E-1	4.92830E-1
1.72983E+11	5.74503E-4	-1.61402E+0	8.12649E-1	-1.70888E-1
1.73029E+11	3.04919E-4	-3.71787E+0	-4.37814E-1	-4.82852E-1
1.73075E+11	5.83505E-5	-8.94331E+0	-3.56229E-1	2.54464E-2
1.73121E+11	3.12833E-4	-3.47759E+0	-2.63618E-1	6.16036E-1
1.73167E+11	7.82762E-4	-1.61608E-2	9.20508E-1	3.85941E-1
1.73214E+11	1.21401E-4	-8.11691E+0	9.90229E-2	-3.80098E-1
1.73260E+11	2.22925E-4	-5.39470E+0	-2.73450E-1	-4.62580E-1
1.73306E+11	4.64122E-4	-2.29505E+0	-6.63561E-1	3.86268E-1
1.73353E+11	5.64395E-4	-1.06661E+0	7.92830E-1	3.91995E-1
1.73399E+11	6.62208E-5	-1.02750E+1	2.37069E-1	-1.94068E-1
1.73445E+11	2.94015E-4	-3.70260E+0	-8.61908E-2	-6.47221E-1
1.73491E+11	4.36273E-4	-1.86182E+0	-8.03976E-1	7.05554E-2
1.73537E+11	2.25271E-4	-4.49243E+0	1.64810E-1	5.72949E-1
1.73584E+11	1.65038E-4	-5.80693E+0	4.09921E-1	3.07526E-1
1.73630E+11	3.66922E-4	-2.32599E+0	4.94044E-1	-5.84167E-1
1.73676E+11	2.95466E-4	-2.97095E+0	-6.71901E-1	-2.30434E-1
1.73723E+11	1.15578E-4	-6.95155E+0	-1.51782E-1	4.22761E-1
1.73769E+11	2.46137E-4	-3.78443E+0	4.23241E-1	4.89115E-1
1.73815E+11	4.35501E-4	-1.01899E+0	6.08119E-1	-6.48887E-1
1.73861E+11	1.41572E-4	-5.56095E+0	-3.87963E-1	-3.56925E-1
1.73907E+11	1.25394E-4	-6.14360E+0	-4.53848E-1	1.92461E-1
1.73954E+11	2.55612E-4	-2.89548E+0	1.10132E-1	7.08002E-1
1.74000E+11	2.98324E-4	-1.73898E+0	7.04100E-1	-4.17475E-1
