Position	Channel 1	Channel 2	Channel 3	Channel 4
1.00000E+11	4.42611E-13	-3.04480E+1	-7.77807E-3	-2.90084E-2
1.00046E+11	2.40025E-12	-2.05431E+1	-4.29945E-2	-8.35223E-2
1.00093E+11	3.14442E-13	-2.76774E+1	-4.13164E-2	2.06734E-4
1.00139E+11	1.13045E-12	-2.23966E+1	6.18055E-2	-4.40340E-2
1.00185E+11	4.82168E-13	-2.52695E+1	1.97130E-2	5.08272E-2
1.00231E+11	7.17840E-13	-2.05564E+1	-5.13404E-2	-7.84965E-2
1.00278E+11	6.25781E-12	-1.41606E+1	1.09999E-1	1.62067E-1
1.00324E+11	5.49050E-12	-1.38577E+1	2.01348E-1	-2.44150E-2
1.00370E+11	1.47326E-11	-1.00049E+1	-7.52425E-2	-3.06962E-1
1.00416E+11	3.56384E-11	-7.44843E+0	-3.56951E-1	-2.29213E-1
1.00463E+11	6.26123E-11	-4.87690E+0	-3.76282E-1	4.28639E-1
1.00509E+11	2.38155E-11	-6.66821E+0	2.77905E-1	3.71666E-1
1.00555E+11	5.50183E-11	-5.77262E+0	4.66412E-1	-2.17142E-1
1.00601E+11	7.80450E-11	-5.56463E+0	-1.83110E-1	-4.94111E-1
1.00648E+11	2.20879E-11	-7.86510E+0	-3.95010E-1	-8.63522E-2
1.00694E+11	6.30597E-11	-6.45223E+0	-1.42502E-1	4.53918E-1
1.00740E+11	1.14276E-10	-5.79857E+0	4.48660E-1	2.48631E-1
1.00786E+11	2.85223E-11	-7.00181E+0	1.21475E-1	-4.29752E-1
1.00833E+11	3.99732E-11	-8.08992E+0	-2.25459E-1	-3.23125E-1
1.00879E+11	8.46628E-11	-8.00572E+0	-3.72120E-1	1.40738E-1
1.00925E+11	5.66466E-11	-4.58325E+0	1.80414E-1	5.61718E-1
1.00971E+11	8.28750E-11	-8.02590E+0	3.96782E-1	1.05174E-2
1.01018E+11	1.59420E-10	-7.31402E+0	1.65097E-1	-3.97934E-1
1.01064E+11	9.27198E-11	-5.88956E+0	-3.63845E-1	-3.53943E-1
1.01110E+11	9.55975E-11	-7.48517E+0	-2.00654E-1	3.71718E-1
1.01156E+11	9.71384E-11	-9.12500E+0	1.98203E-1	2.88160E-1
1.01203E+11	2.89517E-11	-7.58519E+0	3.79114E-1	-1.75061E-1
1.01249E+11	1.92413E-11	-9.84666E+0	-7.63133E-2	-3.12682E-1
1.01295E+11	2.00845E-11	-1.01045E+1	-3.11105E-1	2.89141E-2
1.01341E+11	1.76306E-12	-1.40356E+1	-2.54964E-2	1.97068E-1
1.01388E+11	4.60557E-12	-1.12061E+1	2.08955E-1	1.79136E-1
1.01434E+11	8.76737E-13	-1.83470E+1	7.91834E-2	-9.14437E-2
1.01480E+11	1.76622E-13	-1.78601E+1	-1.27909E-1	2.63835E-3
1.01526E+11	7.74982E-13	1.82779E+0	3.66731E-1	1.17847E+0
1.01573E+11	1.19812E-12	-6.74561E+0	4.41809E-1	-1.27935E-1
1.01619E+11	9.67678E-14	-4.12398E+0	3.06545E-1	5.41233E-1
1.01665E+11	2.46669E-14	-1.39446E+1	-1.09540E-1	-1.68293E-1
1.01711E+11	4.04359E-13	-9.04003E+0	3.41349E-1	9.06564E-2
1.01758E+11	6.24599E-12	6.96951E+0	2.90254E-1	2.21191E+0
1.01804E+11	5.60717E-13	1.89667E+0	5.07621E-1	1.13576E+0
1.01850E+11	3.92118E-13	-1.44314E+0	7.89940E-1	3.05402E-1
1.01896E+11	3.12982E-13	-2.59186E+0	5.99400E-1	4.37369E-1
1.01943E+11	3.59813E-13	3.21063E+0	-1.15000E+0	-8.78587E-1
1.01989E+11	8.80240E-13	7.22914E+0	-2.28894E+0	2.10189E-1
1.02035E+11	1.77414E-12	4.56490E+0	1.13911E+0	-1.25030E+0
1.02081E+11	5.35659E-13	-2.64463E+0	-2.21824E-1	-7.03361E-1
1.02128E+11	6.47489E-13	-8.53512E+0	2.11856E-1	3.08599E-1
1.02174E+11	7.78840E-13	-5.18188E+0	-4.38566E-1	3.33043E-1
1.02220E+11	8.07259E-13	-3.36940E+0	-4.61911E-1	-4.96949E-1
1.02266E+11	8.86758E-13	1.52267E+0	6.48144E-1	-9.99920E-1
1.02313E+11	6.20946E-13	-6.14043E+0	2.38833E-1	-4.31457E-1
1.02359E+11	4.00941E-14	-1.42912E+1	3.81804E-2	-1.89132E-1
1.02405E+11	5.15942E-13	3.46059E-1	-9.44100E-1	4.37742E-1
1.02451E+11	1.50980E-12	2.81249E+0	1.01323E-1	1.37865E+0
1.02498E+11	5.43802E-14	-9.29640E-1	8.85053E-1	-1.54866E-1
1.02544E+11	1.28676E-12	9.07695E+0	-2.01283E-2	2.84339E+0
1.02590E+11	6.11749E-13	-1.80383E-1	6.70991E-1	-7.13503E-1
1.02636E+11	1.80930E-13	-6.91148E+0	-3.36139E-1	3.01074E-1
1.02683E+11	8.11915E-13	-4.73787E+0	3.06176E-1	4.92096E-1
1.02729E+11	9.03025E-13	-5.39787E+0	3.90161E-1	3.69214E-1
1.02775E+11	2.11425E-12	1.64645E+0	-9.82057E-1	7.04660E-1
1.02821E+11	1.97870E-13	-2.12106E+0	2.56985E-2	-7.82913E-1
1.02868E+11	1.43951E-12	5.73045E-1	5.77917E-1	8.98366E-1
1.02914E+11	1.23161E-12	9.13181E+0	2.85931E+0	1.11383E-1
1.02960E+11	3.53470E-13	4.18349E-1	8.81100E-1	5.69897E-1
1.03006E+11	3.25283E-13	-9.18340E+0	1.32185E-1	-3.21269E-1
1.03053E+11	1.64077E-13	-6.28515E+0	-4.32082E-1	-2.20298E-1
1.03099E+11	3.02103E-13	1.98365E+0	-5.12226E-1	1.14741E+0
1.03145E+11	2.89599E-13	-5.25779E+0	1.84797E-1	5.13667E-1
1.03191E+11	1.06518E-12	-8.24294E+0	3.86823E-1	1.53328E-2
1.03238E+11	2.66888E-12	3.00216E+0	6.38396E-1	1.26044E+0
1.03284E+11	1.24013E-12	-5.85871E+0	-2.99138E-1	-4.12325E-1
1.03330E+11	4.33888E-14	-8.56117E+0	1.21122E-1	3.52998E-1
1.03376E+11	2.01650E-12	9.87381E+0	-2.89302E+0	-1.15933E+0
1.03423E+11	1.17939E-13	-1.15281E+1	-3.38818E-2	-2.63039E-1
1.03469E+11	4.19055E-13	-3.77475E+0	-6.02784E-1	-2.36541E-1
1.03515E+11	2.15672E-13	-1.02221E+1	-9.94663E-2	2.91754E-1
1.03561E+11	2.92826E-13	-4.01702E+0	-6.29608E-1	1.19882E-2
1.03608E+11	7.49239E-14	-1.44546E+1	1.44643E-1	1.22199E-1
1.03654E+11	2.61966E-13	-7.86758E+0	2.89343E-1	2.82271E-1
1.03700E+11	1.57113E-13	-1.26018E+1	1.40346E-1	-1.87709E-1
1.03746E+11	1.62610E-13	-1.28779E+1	-2.09195E-1	8.82347E-2
1.03793E+11	4.19500E-13	1.86766E+0	-1.20953E+0	-2.72675E-1
1.03839E+11	1.58411E-12	-2.85072E+0	-6.47001E-1	-3.16391E-1
1.03885E+11	5.96775E-13	-7.27870E+0	3.01841E-1	3.09865E-1
1.03931E+11	6.40099E-13	8.51314E+0	8.68239E-1	-2.51934E+0
1.03978E+11	2.35581E-13	-4.69864E+0	-5.67578E-1	1.29637E-1
1.04024E+11	1.49526E-12	-3.35098E+0	-5.17977E-1	-4.40427E-1
1.04070E+11	3.30984E-13	-4.17567E+0	-4.31833E-2	-6.16815E-1
1.04116E+11	1.45754E-12	3.46169E-1	5.41645E-1	-8.88590E-1
1.04163E+11	2.91324E-13	-7.10688E+0	1.13607E-1	4.26344E-1
1.04209E+11	3.30425E-15	-9.38669E+0	2.68250E-1	-2.07869E-1
1.04255E+11	1.83016E-13	-7.42794E+0	-4.18149E-1	-7.71680E-2
1.04301E+11	1.43454E-12	1.85505E+0	7.20835E-1	-1.00661E+0
1.04348E+11	8.84996E-13	-4.76000E+0	5.77934E-1	1.36648E-2
1.04394E+11	4.66177E-13	6.81461E+0	1.98858E+0	9.20867E-1
1.04440E+11	1.98057E-12	3.09569E-1	7.73039E-1	6.90140E-1
1.04486E+11	3.40036E-12	1.52843E+0	8.27689E-1	8.58338E-1
1.04533E+11	1.93531E-12	1.03501E+1	-3.70637E-1	3.27143E+0
1.04579E+11	1.94127E-13	-7.27582E+0	-4.16679E-1	1.16733E-1
1.04625E+11	1.80750E-13	-9.44534E+0	-2.89914E-1	1.71968E-1
1.04671E+11	1.25406E-13	-1.22370E+1	2.36609E-1	6.13300E-2
1.04718E+11	4.81551E-14	-1.70601E+1	7.47796E-2	1.18686E-1
1.04764E+11	1.72153E-12	2.13064E+0	1.01400E+0	-7.77878E-1
1.04810E+11	6.25273E-14	-1.89960E+1	9.18888E-2	6.44770E-2
1.04856E+11	1.62337E-13	-1.10448E+1	-2.65271E-1	9.08206E-2
1.04903E+11	2.10226E-13	-1.04304E+1	2.78308E-1	1.14497E-1
1.04949E+11	9.48643E-13	4.51436E+0	-7.24491E-1	-1.51751E+0
1.04995E+11	6.94391E-14	-4.21212E-1	-6.07225E-1	-7.34061E-1
1.05041E+11	1.63759E-13	-1.14650E+1	2.45222E-1	1.05987E-1
1.05088E+11	6.64764E-13	7.25437E+0	8.17668E-2	2.30380E+0
1.05134E+11	7.10756E-13	-5.09114E-1	-2.31580E-1	9.14195E-1
1.05180E+11	2.74729E-13	-8.97285E+0	-1.83978E-1	-3.04687E-1
1.05226E+11	2.56784E-13	-7.53559E+0	3.22886E-1	-2.68554E-1
1.05273E+11	7.66812E-13	5.35933E+0	-1.03982E-1	1.85047E+0
1.05319E+11	9.24177E-14	-1.04456E+1	6.77353E-2	-2.92677E-1
1.05365E+11	2.02219E-12	-1.73652E+0	-1.13860E-1	8.10837E-1
1.05411E+11	8.66011E-14	-9.50322E+0	3.11255E-1	1.23446E-1
1.05458E+11	4.60418E-14	-1.46122E+1	9.18910E-2	-1.61655E-1
1.05504E+11	3.57739E-13	-5.63095E+0	4.79238E-1	-2.09279E-1
1.05550E+11	1.02405E-13	-1.17867E+1	2.48816E-1	-6.60443E-2
1.05596E+11	9.77689E-13	-9.14615E-1	-6.08112E-1	-6.63550E-1
1.05643E+11	7.41365E-13	4.01347E+0	1.58526E+0	-8.14000E-2
1.05689E+11	1.69927E-13	-7.22757E+0	1.97877E-2	-4.34682E-1
1.05735E+11	3.77707E-13	-3.46816E+0	6.29378E-1	2.32064E-1
1.05781E+11	5.02958E-13	-5.85165E+0	8.72253E-2	-5.02304E-1
1.05828E+11	9.67712E-13	1.38122E-1	-8.82193E-1	-5.04034E-1
1.05874E+11	1.85590E-12	4.90362E-1	9.84242E-1	3.88329E-1
1.05920E+11	5.06471E-13	-6.64638E+0	-2.44231E-1	3.95985E-1
1.05966E+11	7.29542E-13	-2.94638E+0	-5.76001E-1	-4.19090E-1
1.06012E+11	8.32401E-13	1.17472E+1	3.86664E+0	-4.42752E-2
1.06059E+11	9.44378E-13	2.85555E+0	9.48140E-1	-1.01539E+0
1.06105E+11	1.51188E-12	2.39481E-1	7.49492E-1	-7.03529E-1
1.06151E+11	2.30535E-13	9.78617E+0	1.52178E+0	2.68398E+0
1.06197E+11	2.52085E-12	-6.46175E-1	8.66770E-1	3.32357E-1
1.06244E+11	3.59965E-14	-5.23947E+1	1.02032E-3	2.17264E-3
1.06290E+11	2.18616E-12	-4.69886E+1	4.30068E-3	1.22854E-3
1.06336E+11	5.15988E-12	-6.06187E+1	-5.98625E-5	9.29326E-4
1.06382E+11	1.80891E-13	-8.57368E+1	3.80142E-5	3.49818E-5
1.06429E+11	3.33173E-14	-9.34401E+1	-1.15422E-5	-1.78792E-5
1.06475E+11	6.28208E-13	-8.26668E+1	4.14440E-5	-6.07773E-5
1.06521E+11	4.56851E-13	-8.90938E+1	-2.92095E-5	1.94639E-5
1.06567E+11	2.43964E-13	-9.05431E+1	2.91852E-5	5.53850E-6
1.06614E+11	4.59060E-14	-9.76403E+1	-1.65465E-7	1.31205E-5
1.06660E+11	1.40832E-12	-8.63920E+1	1.35297E-5	-4.59570E-5
1.06706E+11	4.35160E-13	-9.08956E+1	-9.13442E-6	-2.70226E-5
1.06752E+11	9.84191E-13	-8.66123E+1	1.91339E-5	4.26085E-5
1.06799E+11	1.25415E-12	-8.80144E+1	-1.66203E-5	3.61028E-5
1.06845E+11	1.27386E-12	-8.77573E+1	4.42652E-6	4.06988E-5
1.06891E+11	9.36939E-13	-8.76036E+1	8.73042E-6	-4.07450E-5
1.06937E+11	5.29131E-13	-9.03872E+1	-2.70062E-5	1.36151E-5
1.06984E+11	1.55800E-11	-7.70351E+1	-9.20661E-7	-1.40681E-4
1.07030E+11	6.17015E-11	-6.90861E+1	-3.14005E-4	-1.57554E-4
1.07076E+11	5.23277E-9	-5.07045E+1	-1.57445E-3	2.45431E-3
1.07122E+11	7.69085E-7	-3.23654E+1	1.70218E-2	1.70383E-2
1.07169E+11	1.77235E-6	-2.51630E+1	4.81949E-2	-2.68899E-2
1.07215E+11	2.68583E-6	-2.34331E+1	-1.57240E-2	-6.54899E-2
1.07261E+11	7.15692E-6	-2.14018E+1	-8.47426E-2	7.75458E-3
1.07307E+11	1.98312E-6	-2.07322E+1	-2.72302E-2	8.77895E-2
1.07354E+11	1.47545E-6	-2.12017E+1	6.87323E-2	5.34663E-2
1.07400E+11	2.34542E-6	-2.21631E+1	6.66436E-2	-4.04429E-2
1.07446E+11	5.43705E-7	-2.07864E+1	-3.32544E-2	-8.50758E-2
1.07492E+11	8.12353E-7	-1.75520E+1	-1.28219E-1	3.36307E-2
1.07539E+11	4.49894E-6	-1.33537E+1	-4.59314E-2	2.09975E-1
1.07585E+11	2.59868E-6	-9.62786E+0	2.59543E-1	2.03922E-1
1.07631E+11	3.18553E-6	-6.92802E+0	3.72377E-1	-2.53369E-1
1.07677E+11	1.25223E-5	-5.68363E+0	-1.63444E-1	-4.93412E-1
1.07724E+11	4.18520E-6	-5.12029E+0	-5.54542E-1	-8.49004E-3
1.07770E+11	3.37026E-6	-3.89837E+0	-1.25629E-1	6.25900E-1
1.07816E+11	1.13037E-5	-3.49449E+0	6.15892E-1	2.60629E-1
1.07862E+11	6.92067E-6	-3.15640E+0	3.66844E-1	-5.90665E-1
1.07909E+11	4.83760E-6	-2.58370E+0	-5.34789E-1	-5.15372E-1
1.07955E+11	1.13651E-5	-2.69615E+0	-5.89050E-1	4.36495E-1
1.08001E+11	7.77943E-6	-3.25573E+0	2.31483E-1	6.47258E-1
1.08047E+11	4.06291E-6	-2.82059E+0	7.13409E-1	-1.15646E-1
1.08094E+11	7.40332E-6	-2.81685E+0	-5.51476E-2	-7.20926E-1
1.08140E+11	9.62162E-6	-3.54849E+0	-6.62899E-1	-4.78405E-2
1.08186E+11	3.72486E-6	-3.94599E+0	-1.53677E-1	6.16013E-1
1.08232E+11	6.06397E-6	-3.60662E+0	6.01650E-1	2.71787E-1
1.08279E+11	1.52950E-5	-4.69749E+0	3.44562E-1	-4.69380E-1
1.08325E+11	8.68297E-6	-4.66529E+0	-3.28608E-1	-4.83301E-1
1.08371E+11	1.44053E-5	-4.94715E+0	-5.00992E-1	2.62881E-1
1.08417E+11	5.12254E-5	-5.40842E+0	1.82630E-1	5.04471E-1
1.08464E+11	2.92125E-5	-5.95672E+0	5.02720E-1	-3.12485E-2
1.08510E+11	3.37921E-5	-5.06269E+0	1.04935E-1	-5.48347E-1
1.08556E+11	7.08835E-5	-5.71419E+0	-4.77648E-1	-2.00319E-1
1.08602E+11	4.69044E-5	-6.95078E+0	-2.95471E-1	3.38375E-1
1.08649E+11	3.74249E-5	-6.38142E+0	2.60710E-1	4.02616E-1
1.08695E+11	7.27709E-5	-6.49415E+0	4.10933E-1	-2.35177E-1
1.08741E+11	5.81571E-5	-7.47453E+0	-1.62792E-1	-3.90349E-1
1.08787E+11	3.38439E-5	-8.47977E+0	-3.76090E-1	2.16689E-2
1.08834E+11	6.52026E-5	-7.01202E+0	-1.04207E-1	4.33723E-1
1.08880E+11	7.12775E-5	-7.56503E+0	3.88259E-1	1.56334E-1
1.08926E+11	5.31605E-5	-8.19324E+0	2.42691E-1	-3.04455E-1
1.08972E+11	8.08129E-5	-6.56679E+0	-2.88447E-1	-3.70478E-1
1.09019E+11	1.12373E-4	-6.49984E+0	-3.84133E-1	2.76264E-1
1.09065E+11	9.67705E-5	-6.82981E+0	1.94999E-1	4.11674E-1
1.09111E+11	8.97492E-5	-6.30617E+0	4.79392E-1	-6.53679E-2
1.09157E+11	1.23524E-4	-5.20712E+0	2.01005E-2	-5.48723E-1
1.09204E+11	1.40870E-4	-6.43063E+0	-4.62781E-1	-1.15370E-1
1.09250E+11	9.75037E-5	-7.00825E+0	-1.89316E-1	4.04112E-1
1.09296E+11	1.02308E-4	-6.00030E+0	3.85058E-1	3.20783E-1
1.09342E+11	1.89469E-4	-6.54120E+0	3.00664E-1	-3.62435E-1
1.09389E+11	9.82773E-5	-7.41177E+0	-2.52358E-1	-3.43209E-1
1.09435E+11	6.91633E-5	-7.35841E+0	-4.01312E-1	1.50565E-1
1.09481E+11	1.95276E-4	-6.27125E+0	9.71914E-2	4.75956E-1
1.09527E+11	1.13909E-4	-7.53017E+0	4.19662E-1	-2.19307E-2
1.09574E+11	7.36485E-5	-7.52837E+0	6.94982E-2	-4.14536E-1
1.09620E+11	1.66940E-4	-6.96120E+0	-3.96123E-1	-2.10721E-1
1.09666E+11	2.16589E-4	-6.51604E+0	-2.49986E-1	4.00692E-1
1.09712E+11	1.21844E-4	-6.45327E+0	3.34207E-1	3.38526E-1
1.09759E+11	2.20712E-4	-6.62717E+0	3.82033E-1	-2.67326E-1
1.09805E+11	4.49436E-4	-6.28802E+0	-1.76942E-1	-4.51400E-1
1.09851E+11	1.99717E-4	-6.01637E+0	-4.75188E-1	1.56334E-1
1.09897E+11	3.10235E-4	-5.90361E+0	6.06604E-2	5.03136E-1
1.09944E+11	7.06899E-4	-6.11121E+0	4.90324E-1	6.64918E-2
1.09990E+11	3.07304E-4	-6.09707E+0	1.25163E-1	-4.79553E-1
1.10036E+11	3.35925E-4	-5.87439E+0	-4.43305E-1	-2.49080E-1
1.10082E+11	7.60570E-4	-6.23160E+0	-3.41861E-1	3.48246E-1
1.10129E+11	4.05567E-4	-5.89646E+0	2.44338E-1	4.44464E-1
1.10175E+11	3.27540E-4	-6.05351E+0	4.60478E-1	-1.89929E-1
1.10221E+11	8.97791E-4	-5.61971E+0	-1.09299E-1	-5.12084E-1
1.10267E+11	4.75147E-4	-6.11901E+0	-4.94294E-1	8.48319E-3
1.10314E+11	3.54914E-4	-5.25153E+0	-6.09056E-2	5.42885E-1
1.10360E+11	7.96750E-4	-5.74667E+0	4.77138E-1	1.96509E-1
1.10406E+11	5.00246E-4	-6.58522E+0	2.83458E-1	-3.73060E-1
1.10452E+11	3.17231E-4	-6.37602E+0	-2.38313E-1	-4.16608E-1
1.10499E+11	7.02751E-4	-5.44860E+0	-4.98127E-1	1.92517E-1
1.10545E+11	6.93299E-4	-5.72465E+0	8.80789E-2	5.09777E-1
1.10591E+11	2.40779E-4	-6.88325E+0	4.51781E-1	2.92661E-2
1.10637E+11	4.19951E-4	-5.43558E+0	2.46579E-1	-4.74604E-1
1.10684E+11	7.20373E-4	-5.33925E+0	-3.86684E-1	-3.78076E-1
1.10730E+11	2.71752E-4	-6.05772E+0	-4.43153E-1	2.26910E-1
1.10776E+11	3.86240E-4	-5.34449E+0	6.49003E-2	5.36564E-1
1.10822E+11	1.31366E-3	-2.84825E+0	7.20046E-1	2.33181E-2
1.10869E+11	3.79386E-4	-4.63769E+0	9.94222E-2	-5.77803E-1
1.10915E+11	3.71835E-4	-4.49543E+0	-4.91318E-1	-3.37333E-1
1.10961E+11	1.40089E-3	-1.73896E+0	-6.96110E-1	4.30669E-1
1.11007E+11	4.75738E-4	-3.07532E+0	1.32073E-1	6.89295E-1
1.11054E+11	4.08722E-4	-2.80090E+0	7.17764E-1	9.75386E-2
1.11100E+11	1.14264E-3	-9.06361E-1	4.27749E-1	-7.92888E-1
1.11146E+11	7.43438E-4	-1.33814E-1	-8.16722E-1	-5.50113E-1
1.11192E+11	5.32080E-4	-3.85340E-1	-7.21448E-1	6.28178E-1
1.11239E+11	9.62509E-4	6.57447E-1	3.48800E-1	1.02068E+0
1.11285E+11	1.10039E-3	2.61855E+0	1.34677E+0	1.17058E-1
1.11331E+11	6.85554E-4	3.27319E+0	4.73871E-1	-1.37850E+0
1.11377E+11	9.31429E-4	4.32046E+0	-1.35496E+0	-9.31834E-1
1.11424E+11	1.15774E-3	4.45444E+0	-1.29625E+0	1.05295E+0
1.11470E+11	8.53076E-4	6.69939E+0	1.04149E+0	1.89525E+0
1.11516E+11	6.90910E-4	6.03422E+0	1.94925E+0	-4.61503E-1
1.11562E+11	1.26812E-3	5.80971E+0	2.82801E-1	-1.93143E+0
1.11609E+11	8.49022E-4	6.80803E+0	-1.89696E+0	-1.09393E+0
1.11655E+11	6.84612E-4	7.93568E+0	-1.56232E+0	1.94319E+0
1.11701E+11	1.58099E-3	6.52927E+0	1.55473E+0	1.44217E+0
1.11747E+11	8.65006E-4	6.86325E+0	1.69720E+0	-1.40572E+0
1.11794E+11	4.30176E-4	7.76275E+0	-1.29745E+0	-2.07142E+0
1.11840E+11	5.49300E-4	6.82946E+0	-2.10250E+0	6.31169E-1
1.11886E+11	6.88659E-4	5.73764E+0	3.95042E-2	1.93549E+0
1.11932E+11	2.49786E-4	8.05325E+0	2.46643E+0	5.51504E-1
1.11979E+11	4.32847E-4	6.20288E+0	4.75862E-1	-1.98621E+0
1.12025E+11	6.27368E-4	5.06671E+0	-1.64106E+0	-7.19828E-1
1.12071E+11	2.08271E-4	6.57407E+0	-1.19275E+0	1.76664E+0
1.12117E+11	2.97484E-4	6.44109E+0	1.36864E+0	1.59169E+0
1.12164E+11	3.77547E-4	5.28640E+0	1.66264E+0	-7.83250E-1
1.12210E+11	2.17913E-4	6.31922E+0	-2.17371E-1	-2.05851E+0
1.12256E+11	1.62431E-4	6.02955E+0	-1.98861E+0	-2.31733E-1
1.12302E+11	2.90286E-4	5.88315E+0	-4.59207E-1	1.91429E+0
1.12349E+11	1.99371E-4	5.64799E+0	1.70556E+0	8.73042E-1
1.12395E+11	8.12443E-5	5.48554E+0	1.12748E+0	-1.50503E+0
1.12441E+11	1.16233E-4	4.92007E+0	-6.79603E-1	-1.62565E+0
1.12487E+11	1.78737E-4	4.69603E+0	-1.69609E+0	2.67955E-1
1.12534E+11	4.80452E-5	4.40791E+0	3.97272E-2	1.66062E+0
1.12580E+11	6.30435E-5	3.04228E+0	1.39718E+0	2.50362E-1
1.12626E+11	2.40044E-4	1.13058E+0	4.28474E-1	-1.05535E+0
1.12672E+11	4.56898E-5	1.42001E+0	-1.01868E+0	-5.90811E-1
1.12719E+11	4.69479E-5	4.61732E-1	-7.59164E-1	7.32015E-1
1.12765E+11	2.19977E-4	-2.28496E+0	2.83879E-1	7.14352E-1
1.12811E+11	4.01296E-5	-2.82766E+0	7.20460E-1	-4.91286E-2
1.12857E+11	3.86624E-5	-3.81456E+0	2.27613E-2	-6.44171E-1
1.12904E+11	1.96237E-4	-5.34984E+0	-5.39132E-1	-3.30109E-2
1.12950E+11	5.39864E-5	-6.37253E+0	-1.38764E-1	4.59658E-1
1.12996E+11	3.57330E-5	-8.40853E+0	3.35766E-1	1.77542E-1
1.13042E+11	2.14348E-4	-7.47067E+0	2.30987E-1	-3.54511E-1
1.13089E+11	9.12125E-5	-9.64352E+0	-1.88116E-1	-2.70494E-1
1.13135E+11	5.60862E-5	-1.03726E+1	-2.61987E-1	1.52125E-1
1.13181E+11	2.00157E-4	-9.41206E+0	1.65071E-1	2.95379E-1
1.13227E+11	2.01849E-4	-1.00823E+1	2.75002E-1	-1.49986E-1
1.13274E+11	1.16698E-4	-9.73563E+0	-1.00774E-1	-3.10034E-1
1.13320E+11	3.33379E-4	-8.42333E+0	-3.59887E-1	1.19376E-1
1.13366E+11	5.53041E-4	-7.60484E+0	6.28895E-2	4.11864E-1
1.13412E+11	2.44272E-4	-7.55783E+0	4.18329E-1	2.18317E-2
1.13459E+11	4.16653E-4	-5.76926E+0	6.76147E-2	-5.10219E-1
1.13505E+11	1.10942E-3	-4.82735E+0	-5.59863E-1	-1.24922E-1
1.13551E+11	5.25199E-4	-4.38673E+0	-1.37241E-1	5.87668E-1
1.13597E+11	5.36570E-4	-3.62305E+0	5.98715E-1	2.75219E-1
1.13644E+11	1.77777E-3	-2.77702E+0	4.12701E-1	-5.97720E-1
1.13690E+11	1.16693E-3	-2.00202E+0	-5.81258E-1	-5.41113E-1
1.13736E+11	7.48716E-4	-2.00862E+0	-6.21857E-1	4.92951E-1
1.13782E+11	2.11734E-3	-1.55355E+0	5.01227E-1	6.69360E-1
1.13829E+11	1.75053E-3	-1.52580E+0	7.50903E-1	-3.74028E-1
1.13875E+11	8.96637E-4	-1.44964E+0	-3.36202E-1	-7.76641E-1
1.13921E+11	1.60457E-3	-1.34477E+0	-8.46760E-1	1.29244E-1
1.13967E+11	1.74647E-3	-1.19956E+0	-3.21494E-2	8.70414E-1
1.14014E+11	1.12481E-3	-9.16283E-1	8.54328E-1	2.82687E-1
1.14060E+11	1.25241E-3	-1.18321E+0	3.42850E-1	-8.02477E-1
1.14106E+11	1.76255E-3	-1.08006E+0	-7.48609E-1	-4.68407E-1
1.14152E+11	1.19783E-3	-1.35328E+0	-5.43518E-1	6.60953E-1
1.14199E+11	1.03771E-3	-9.88874E-1	5.96687E-1	6.63574E-1
1.14245E+11	1.21230E-3	-1.33521E+0	7.62543E-1	-3.92240E-1
1.14291E+11	1.15509E-3	-1.14549E+0	-1.62526E-1	-8.61246E-1
1.14337E+11	7.04811E-4	-9.80739E-1	-8.92776E-1	-2.84521E-2
1.14384E+11	6.88067E-4	-1.45288E+0	-2.26237E-2	8.45670E-1
1.14430E+11	1.17204E-3	-2.13498E+0	7.65225E-1	1.61491E-1
1.14476E+11	5.43472E-4	-1.44105E+0	3.15748E-1	-7.86082E-1
1.14522E+11	6.25555E-4	-8.24186E-1	-7.97606E-1	-4.37001E-1
1.14569E+11	1.67403E-3	-1.70476E+0	-5.56504E-1	6.04687E-1
1.14615E+11	4.48645E-4	-1.94415E+0	3.72380E-1	7.07430E-1
1.14661E+11	4.45735E-4	-1.27902E+0	8.33409E-1	-2.24343E-1
1.14707E+11	1.72173E-3	-1.40050E+0	-2.66429E-1	-8.08312E-1
1.14754E+11	4.11237E-4	-2.48999E+0	-7.33459E-1	1.60240E-1
1.14800E+11	3.49235E-4	-2.24705E+0	3.97194E-3	7.72044E-1
1.14846E+11	1.54819E-3	-1.08746E+0	8.68289E-1	1.56738E-1
1.14892E+11	4.98110E-4	-2.15423E+0	3.19272E-1	-7.12046E-1
1.14939E+11	3.08958E-4	-2.08746E+0	-5.61162E-1	-5.50886E-1
1.14985E+11	8.44737E-4	-1.57790E+0	-6.91065E-1	4.66679E-1
1.15031E+11	8.74891E-4	-1.46872E+0	4.79440E-1	6.95127E-1
1.15077E+11	2.98800E-4	-2.71762E+0	6.65706E-1	-3.02809E-1
1.15124E+11	7.17046E-4	-1.95124E+0	-1.04412E-1	-7.91947E-1
1.15170E+11	1.36885E-3	-1.29416E+0	-8.55985E-1	-9.79613E-2
1.15216E+11	3.55412E-4	-2.31443E+0	-2.50411E-1	7.24006E-1
1.15262E+11	4.83373E-4	-2.38805E+0	6.33646E-1	4.18949E-1
1.15309E+11	1.57733E-3	-1.65866E+0	5.43898E-1	-6.21872E-1
1.15355E+11	4.81373E-4	-1.66445E+0	-6.40187E-1	-5.21346E-1
1.15401E+11	3.85264E-4	-3.00024E+0	-5.72864E-1	4.15917E-1
1.15447E+11	1.54358E-3	-2.15627E+0	1.47344E-1	7.66125E-1
1.15494E+11	6.19786E-4	-1.18046E+0	8.68685E-1	8.59300E-2
1.15540E+11	3.84767E-4	-2.19515E+0	2.01600E-1	-7.50060E-1
1.15586E+11	1.21832E-3	-2.30038E+0	-6.94202E-1	-3.26917E-1
1.15632E+11	6.44127E-4	-1.95333E+0	-4.43687E-1	6.64016E-1
1.15679E+11	4.03025E-4	-1.58954E+0	7.00340E-1	4.50581E-1
1.15725E+11	9.72611E-4	-2.17657E+0	5.58545E-1	-5.42076E-1
1.15771E+11	6.74271E-4	-2.03919E+0	-2.77842E-1	-7.40333E-1
1.15817E+11	3.93585E-4	-1.65676E+0	-8.26192E-1	1.59682E-2
1.15864E+11	7.35043E-4	-1.79529E+0	-1.00250E-1	8.07069E-1
1.15910E+11	7.73469E-4	-2.09758E+0	7.45555E-1	2.47158E-1
1.15956E+11	3.62655E-4	-2.27601E+0	3.93648E-1	-6.61171E-1
1.16002E+11	5.25184E-4	-1.75376E+0	-6.38837E-1	-5.09562E-1
1.16049E+11	9.94027E-4	-1.75867E+0	-6.69188E-1	4.68186E-1
1.16095E+11	3.43813E-4	-2.25341E+0	2.15030E-1	7.40917E-1
1.16141E+11	4.12278E-4	-1.65527E+0	8.22854E-1	-7.74144E-2
1.16187E+11	1.25343E-3	-1.28156E+0	-6.38437E-2	-8.60458E-1
1.16234E+11	4.51832E-4	-1.61499E+0	-8.29956E-1	-2.49153E-2
1.16280E+11	3.67794E-4	-2.08006E+0	-2.61151E-1	7.42450E-1
1.16326E+11	1.06151E-3	-9.08512E-1	7.20623E-1	5.40315E-1
1.16372E+11	6.10484E-4	-1.01412E+0	7.36245E-1	-4.99693E-1
1.16419E+11	3.75558E-4	-1.78466E+0	-2.33618E-1	-7.80035E-1
1.16465E+11	6.76807E-4	-1.27451E+0	-8.60676E-1	7.00724E-2
1.16511E+11	9.29334E-4	-6.54825E-1	3.23869E-2	9.26817E-1
1.16557E+11	5.07295E-4	-9.71295E-1	8.93558E-1	3.39096E-2
1.16604E+11	5.17800E-4	-1.96407E+0	3.46939E-1	-7.18215E-1
1.16650E+11	7.99021E-4	-6.40424E-1	-6.29689E-1	-6.82925E-1
1.16696E+11	6.64054E-4	-1.77234E-1	-8.51636E-1	4.84488E-1
1.16742E+11	3.42284E-4	-1.14093E+0	3.05552E-1	8.21951E-1
1.16789E+11	8.25564E-4	-7.68695E-1	9.03522E-1	-1.46388E-1
1.16835E+11	8.73008E-4	7.19519E-2	-9.43337E-2	-1.00390E+0
1.16881E+11	4.69080E-4	7.99682E-2	-1.00846E+0	3.99753E-2
1.16927E+11	6.17104E-4	-7.23994E-1	-3.20637E-1	8.62346E-1
1.16974E+11	1.17643E-3	-2.63994E-3	7.50856E-1	6.60006E-1
1.17020E+11	5.22021E-4	6.86442E-1	8.60213E-1	-6.56710E-1
1.17066E+11	6.59070E-4	-1.21409E-1	-5.78187E-1	-7.98831E-1
1.17112E+11	1.38281E-3	1.65150E-1	-9.20391E-1	4.37767E-1
1.17159E+11	6.78637E-4	9.93821E-1	3.81334E-1	1.05438E+0
1.17205E+11	6.12945E-4	7.94819E-1	1.05489E+0	-2.96704E-1
1.17251E+11	1.26077E-3	1.58652E-1	1.08823E-1	-1.01260E+0
1.17297E+11	7.74299E-4	8.72199E-1	-1.00336E+0	-4.64423E-1
1.17344E+11	6.21092E-4	1.89632E+0	-6.63184E-1	1.05247E+0
1.17390E+11	1.43360E-3	9.72610E-1	9.35384E-1	6.13243E-1
1.17436E+11	1.00163E-3	1.30680E+0	8.61249E-1	-7.80594E-1
1.17482E+11	5.60355E-4	1.94789E+0	-6.33519E-1	-1.07919E+0
1.17529E+11	1.39821E-3	2.07177E+0	-1.13273E+0	5.72900E-1
1.17575E+11	1.00847E-3	1.00269E+0	2.20603E-1	1.10047E+0
1.17621E+11	5.79481E-4	1.67013E+0	1.21062E+0	5.80179E-2
1.17667E+11	9.16449E-4	2.46028E+0	7.27529E-2	-1.32544E+0
1.17714E+11	1.54262E-3	2.01525E+0	-1.26111E+0	8.15420E-3
1.17760E+11	6.50919E-4	1.91883E+0	-1.93759E-1	1.23207E+0
1.17806E+11	6.54320E-4	2.42061E+0	1.26168E+0	3.92713E-1
1.17853E+11	2.13703E-3	2.59818E+0	6.30699E-1	-1.19212E+0
1.17899E+11	7.04188E-4	1.71204E+0	-9.17105E-1	-8.01332E-1
1.17945E+11	5.91288E-4	2.13085E+0	-1.05315E+0	7.24055E-1
1.17991E+11	1.69821E-3	2.45436E+0	7.41877E-1	1.09968E+0
1.18038E+11	1.07388E-3	2.60420E+0	1.12295E+0	-7.48630E-1
1.18084E+11	5.50192E-4	2.10976E+0	-6.34568E-1	-1.10579E+0
1.18130E+11	1.03883E-3	2.09850E+0	-1.17998E+0	4.78420E-1
1.18176E+11	1.35875E-3	2.57874E+0	3.27510E-1	1.30520E+0
1.18223E+11	5.22592E-4	1.82081E+0	1.23162E+0	-6.27018E-2
1.18269E+11	7.50207E-4	1.98783E+0	4.11686E-2	-1.25649E+0
1.18315E+11	1.58354E-3	2.08108E+0	-1.25229E+0	-2.15711E-1
1.18361E+11	5.53147E-4	1.81913E+0	-2.98767E-1	1.19624E+0
1.18408E+11	5.67673E-4	1.57398E+0	1.07792E+0	5.24298E-1
1.18454E+11	1.46420E-3	1.06231E+0	6.58022E-1	-9.18763E-1
1.18500E+11	5.84459E-4	1.42172E+0	-7.28730E-1	-9.25342E-1
1.18546E+11	5.06129E-4	1.32828E+0	-9.73533E-1	6.40318E-1
1.18593E+11	1.29493E-3	9.94109E-1	5.71740E-1	9.64537E-1
1.18639E+11	5.47621E-4	2.21698E-1	9.51775E-1	-3.82751E-1
1.18685E+11	3.68817E-4	6.77406E-1	-2.74126E-1	-1.04578E+0
1.18731E+11	8.27713E-4	4.86712E-1	-1.05596E+0	5.94025E-2
1.18778E+11	5.26776E-4	-5.91966E-1	-1.82470E-1	9.16123E-1
1.18824E+11	2.72303E-4	-6.99735E-1	7.76528E-1	4.98190E-1
1.18870E+11	5.31655E-4	-3.95541E-1	6.46529E-1	-7.03525E-1
1.18916E+11	6.72243E-4	-8.81816E-1	-6.15513E-1	-6.61351E-1
1.18963E+11	2.25338E-4	-2.14241E+0	-6.98907E-1	3.49474E-1
1.19009E+11	3.06831E-4	-1.62037E+0	2.13339E-1	8.01922E-1
1.19055E+11	1.00142E-3	-9.01694E-1	9.00322E-1	-4.39826E-2
1.19101E+11	2.57554E-4	-2.68731E+0	1.00390E-1	-7.26997E-1
1.19148E+11	2.74340E-4	-2.29653E+0	-7.01888E-1	-3.10916E-1
1.19194E+11	4.97440E-4	-2.22133E+0	-3.85753E-1	6.71418E-1
1.19240E+11	3.92658E-4	-1.96640E+0	6.68553E-1	4.34622E-1
1.19286E+11	1.74982E-4	-3.38188E+0	5.14034E-1	-4.41326E-1
1.19333E+11	3.78815E-4	-2.27208E+0	-2.47282E-1	-7.29036E-1
1.19379E+11	5.06813E-4	-2.09563E+0	-7.85563E-1	1.03314E-2
1.19425E+11	1.76923E-4	-3.28628E+0	-1.91775E-1	6.57600E-1
1.19471E+11	2.41559E-4	-3.46877E+0	5.36067E-1	4.03162E-1
1.19518E+11	5.36543E-4	-2.96033E+0	5.10317E-1	-4.95341E-1
1.19564E+11	2.28988E-4	-2.97059E+0	-4.39813E-1	-5.57814E-1
1.19610E+11	1.93249E-4	-4.15290E+0	-5.73004E-1	2.36645E-1
1.19656E+11	6.51884E-4	-3.36474E+0	-4.26634E-2	6.77491E-1
1.19703E+11	3.36518E-4	-2.60656E+0	6.87048E-1	2.76904E-1
1.19749E+11	1.99856E-4	-3.62029E+0	3.78045E-1	-5.39966E-1
1.19795E+11	4.58612E-4	-3.98067E+0	-3.73871E-1	-5.10004E-1
1.19841E+11	3.92580E-4	-3.62104E+0	-6.11635E-1	2.45580E-1
1.19888E+11	2.65048E-4	-2.75848E+0	2.02178E-1	6.99266E-1
1.19934E+11	3.93256E-4	-3.98795E+0	6.31695E-1	-1.32465E-2
1.19980E+11	5.52081E-4	-3.87417E+0	3.03863E-1	-5.63452E-1
1.20026E+11	3.23826E-4	-2.82349E+0	-4.45049E-1	-5.69130E-1
1.20073E+11	3.79194E-4	-3.16747E+0	-6.07089E-1	3.37152E-1
1.20119E+11	6.70569E-4	-3.85574E+0	1.32923E-1	6.27602E-1
1.20165E+11	3.00661E-4	-3.73389E+0	6.50574E-1	4.18513E-3
1.20211E+11	3.54780E-4	-2.52623E+0	8.27264E-2	-7.43042E-1
1.20258E+11	9.23390E-4	-3.05426E+0	-6.75989E-1	-1.94945E-1
1.20304E+11	3.58198E-4	-3.64627E+0	-4.30502E-1	4.96546E-1
1.20350E+11	3.31907E-4	-2.56286E+0	3.45845E-1	6.59281E-1
1.20396E+11	8.62192E-4	-2.43200E+0	7.03717E-1	-2.75678E-1
1.20443E+11	5.17691E-4	-3.31632E+0	-1.26554E-1	-6.70794E-1
1.20489E+11	3.17130E-4	-3.66361E+0	-6.49537E-1	-9.09456E-2
1.20535E+11	6.70225E-4	-2.00179E+0	-2.27269E-1	7.60950E-1
1.20581E+11	1.04681E-3	-2.62294E+0	6.84747E-1	2.78868E-1
1.20628E+11	4.15877E-4	-3.65930E+0	4.30587E-1	-4.95167E-1
1.20674E+11	5.37303E-4	-2.51738E+0	-4.13792E-1	-6.23596E-1
1.20720E+11	1.86109E-3	-2.11830E+0	-6.59788E-1	4.22707E-1
1.20766E+11	5.41872E-4	-3.55139E+0	3.01845E-1	5.91877E-1
1.20813E+11	3.69990E-4	-4.31763E+0	6.08222E-1	9.83388E-3
1.20859E+11	1.24882E-3	-2.30135E+0	2.96982E-1	-7.07434E-1
1.20905E+11	8.05972E-4	-2.46400E+0	-6.00724E-1	-4.54040E-1
1.20951E+11	3.36247E-4	-4.18308E+0	-5.30412E-1	3.16760E-1
1.20998E+11	6.93262E-4	-2.96790E+0	1.26119E-1	6.99285E-1
1.21044E+11	1.15849E-3	-2.10964E+0	7.75898E-1	-1.14937E-1
1.21090E+11	3.96297E-4	-3.25559E+0	-1.30260E-1	-6.74963E-1
1.21136E+11	4.78106E-4	-4.04175E+0	-6.15046E-1	-1.26558E-1
1.21183E+11	1.51073E-3	-2.28647E+0	-3.81348E-1	6.67274E-1
1.21229E+11	6.28201E-4	-2.23273E+0	5.71827E-1	5.20624E-1
1.21275E+11	4.65608E-4	-3.65804E+0	5.36605E-1	-3.77857E-1
1.21321E+11	1.34429E-3	-2.50299E+0	-1.56422E-1	-7.33135E-1
1.21368E+11	1.05664E-3	-1.46297E+0	-8.33980E-1	1.35957E-1
1.21414E+11	5.51932E-4	-2.52064E+0	9.38926E-2	7.42199E-1
1.21460E+11	1.00448E-3	-2.96544E+0	6.77450E-1	2.15067E-1
1.21506E+11	1.75482E-3	-1.70282E+0	4.73400E-1	-6.71965E-1
1.21553E+11	7.84717E-4	-1.21299E+0	-6.92935E-1	-5.25503E-1
1.21599E+11	1.10280E-3	-2.66791E+0	-4.69112E-1	5.66523E-1
1.21645E+11	2.13489E-3	-2.18261E+0	4.50251E-1	6.34233E-1
1.21691E+11	1.03339E-3	-1.15414E+0	7.81915E-1	-3.94003E-1
1.21738E+11	1.05793E-3	-1.65916E+0	-2.80058E-1	-7.77199E-1
1.21784E+11	1.78890E-3	-2.61258E+0	-7.19294E-1	-1.74836E-1
1.21830E+11	1.22140E-3	-1.84703E+0	-5.07211E-1	6.29535E-1
1.21876E+11	9.36138E-4	-7.84077E-1	6.16952E-1	6.73936E-1
1.21923E+11	1.96226E-3	-2.40855E+0	5.93035E-1	-4.71824E-1
1.21969E+11	1.33951E-3	-2.26372E+0	-3.33281E-1	-6.94771E-1
1.22015E+11	8.10819E-4	-1.20477E+0	-8.31590E-1	2.57300E-1
1.22061E+11	1.67044E-3	-1.21860E+0	1.54354E-1	8.55283E-1
1.22108E+11	1.52369E-3	-2.38327E+0	7.40456E-1	1.71421E-1
1.22154E+11	7.33341E-4	-1.84110E+0	4.65117E-1	-6.61919E-1
1.22200E+11	1.10403E-3	-7.42732E-1	-7.17668E-1	-5.72500E-1
1.22246E+11	2.12241E-3	-1.59241E+0	-5.74455E-1	6.02531E-1
1.22293E+11	8.39068E-4	-1.90157E+0	4.47224E-1	6.67392E-1
1.22339E+11	8.25486E-4	-1.05746E+0	8.53650E-1	-2.34881E-1
1.22385E+11	2.91946E-3	-6.88069E-1	-9.41314E-2	-9.19031E-1
1.22431E+11	1.26565E-3	-1.18425E+0	-8.45347E-1	-2.16154E-1
1.22478E+11	6.96571E-4	-1.64114E+0	-4.45809E-1	6.97541E-1
1.22524E+11	1.97972E-3	-7.09939E-1	7.14829E-1	5.81560E-1
1.22570E+11	1.95983E-3	-9.11436E-1	6.40193E-1	-6.33124E-1
1.22616E+11	7.28592E-4	-1.68783E+0	-4.56546E-1	-6.85234E-1
1.22663E+11	1.08408E-3	-1.34563E+0	-8.26986E-1	2.22835E-1
1.22709E+11	2.25760E-3	-7.59933E-1	1.37029E-2	9.16125E-1
1.22755E+11	9.42903E-4	-7.60204E-1	9.02573E-1	1.57426E-1
1.22801E+11	9.06969E-4	-1.23538E+0	3.86398E-1	-7.76608E-1
1.22848E+11	2.90908E-3	-8.01722E-1	-7.18614E-1	-5.61273E-1
1.22894E+11	1.48986E-3	-3.79796E-2	-7.30738E-1	6.76251E-1
1.22940E+11	9.01374E-4	-1.02118E+0	4.75176E-1	7.51447E-1
1.22986E+11	2.21185E-3	-9.77083E-1	8.56149E-1	-2.56007E-1
1.23033E+11	1.94897E-3	-1.90286E-1	-1.08775E-2	-9.78270E-1
1.23079E+11	1.05586E-3	3.09391E-1	-1.03366E+0	7.33754E-2
1.23125E+11	1.66914E-3	-6.68303E-1	-5.72367E-2	9.24174E-1
1.23171E+11	1.75662E-3	-9.05868E-1	8.41743E-1	3.21251E-1
1.23218E+11	1.16500E-3	6.79200E-1	5.92367E-1	-9.04646E-1
1.23264E+11	1.35988E-3	1.19899E-1	-7.19458E-1	-7.14404E-1
1.23310E+11	1.84428E-3	-8.54941E-1	-8.59251E-1	2.88088E-1
1.23356E+11	1.14736E-3	4.55293E-1	-7.08113E-2	1.05143E+0
1.23403E+11	1.25195E-3	1.14662E+0	1.13679E+0	9.93171E-2
1.23449E+11	2.19214E-3	-3.87940E-1	2.12278E-1	-9.32462E-1
1.23495E+11	1.11427E-3	-5.44944E-1	-8.27961E-1	-4.43346E-1
1.23541E+11	1.01595E-3	9.16438E-1	-6.76685E-1	8.81494E-1
1.23588E+11	2.26870E-3	1.71612E-1	7.98232E-1	6.34927E-1
1.23634E+11	1.25394E-3	-8.74266E-1	7.75593E-1	-4.64884E-1
1.23680E+11	8.28449E-4	-1.83785E-1	-2.81261E-1	-9.37794E-1
1.23726E+11	1.76047E-3	1.01631E+0	-1.08162E+0	3.06219E-1
1.23773E+11	1.38186E-3	-6.65493E-1	1.51752E-1	9.13728E-1
1.23819E+11	6.73681E-4	-7.31449E-1	9.06810E-1	1.50643E-1
1.23865E+11	9.85234E-4	5.61381E-1	4.93738E-1	-9.45628E-1
1.23911E+11	1.94254E-3	2.72385E-1	-8.61355E-1	-5.68151E-1
1.23958E+11	6.80551E-4	-7.65915E-1	-7.32430E-1	5.49421E-1
1.24004E+11	6.57733E-4	-6.05187E-1	2.99291E-1	8.83373E-1
1.24050E+11	2.43170E-3	6.60516E-1	1.01841E+0	-3.56505E-1
1.24096E+11	8.08786E-4	-4.93780E-1	-3.84760E-1	-8.62837E-1
1.24143E+11	5.31371E-4	-1.08966E+0	-8.49814E-1	2.36462E-1
1.24189E+11	1.43402E-3	1.80605E-1	-4.05715E-2	1.02020E+0
1.24235E+11	1.18481E-3	-3.82731E-2	9.74379E-1	2.04479E-1
1.24281E+11	6.24265E-4	-7.36101E-1	4.51395E-1	-8.00209E-1
1.24328E+11	8.41487E-4	-1.08607E+0	-5.23130E-1	-7.10687E-1
1.24374E+11	2.08720E-3	4.85523E-1	-8.57811E-1	6.18422E-1
1.24420E+11	8.44981E-4	1.13642E-1	6.33316E-1	7.90837E-1
1.24466E+11	7.14982E-4	-1.01801E+0	7.34057E-1	-5.02197E-1
1.24513E+11	2.06544E-3	-2.39778E-1	-3.19826E-1	-9.18693E-1
1.24559E+11	1.06144E-3	1.22119E-3	-9.69618E-1	2.45197E-1
1.24605E+11	8.23719E-4	-3.72864E-1	2.09769E-1	9.34732E-1
1.24651E+11	1.42368E-3	-1.02097E+0	8.89039E-1	1.06128E-2
1.24698E+11	1.33731E-3	-1.03475E-1	1.45665E-1	-9.77362E-1
1.24744E+11	6.77008E-4	-5.00634E-2	-9.83498E-1	-1.45847E-1
1.24790E+11	9.01902E-4	-1.46965E+0	-3.21723E-1	7.80644E-1
1.24836E+11	1.20846E-3	-1.62045E+0	5.79807E-1	5.93638E-1
1.24883E+11	8.80707E-4	-4.91603E-1	8.01704E-1	-5.00246E-1
1.24929E+11	7.91434E-4	-1.59013E+0	-3.99436E-1	-7.30654E-1
1.24975E+11	1.55548E-3	-2.21444E+0	-7.14049E-1	3.01154E-1
1.25021E+11	8.55980E-4	-1.55867E+0	2.25030E-1	8.04864E-1
1.25068E+11	7.05399E-4	-9.54902E-1	8.56853E-1	-2.61576E-1
1.25114E+11	1.34029E-3	-2.47532E+0	-5.19024E-2	-7.50235E-1
1.25160E+11	7.04548E-4	-3.12707E+0	-6.46206E-1	-2.62970E-1
1.25206E+11	4.02131E-4	-2.10967E+0	-4.46170E-1	6.45101E-1
1.25253E+11	7.80449E-4	-2.40799E+0	5.87120E-1	4.79241E-1
1.25299E+11	4.00745E-4	-3.86740E+0	4.70599E-1	-4.34725E-1
1.25345E+11	2.47495E-4	-3.50564E+0	-2.94418E-1	-5.99518E-1
1.25391E+11	4.22734E-4	-2.98366E+0	-6.82959E-1	1.91425E-1
1.25438E+11	6.27158E-4	-3.55765E+0	-2.16330E-3	6.63919E-1
1.25484E+11	2.65609E-4	-4.01852E+0	6.03628E-1	1.79017E-1
1.25530E+11	3.24142E-4	-3.47252E+0	3.10090E-1	-5.94444E-1
1.25576E+11	1.04623E-3	-3.12710E+0	-6.31503E-1	-2.96541E-1
1.25623E+11	4.45502E-4	-4.09100E+0	-3.28052E-1	5.31257E-1
1.25669E+11	2.84129E-4	-4.61732E+0	3.92967E-1	4.36959E-1
1.25715E+11	7.32203E-4	-3.74784E+0	6.12051E-1	-2.17485E-1
1.25761E+11	5.17652E-4	-4.80119E+0	4.30869E-2	-5.73746E-1
1.25808E+11	3.11312E-4	-4.76168E+0	-5.35799E-1	-2.16760E-1
1.25854E+11	4.06822E-4	-4.78987E+0	-3.55332E-1	4.53480E-1
1.25900E+11	9.76155E-4	-4.06537E+0	4.79072E-1	4.03299E-1
1.25946E+11	4.30218E-4	-4.29411E+0	4.34082E-1	-4.28500E-1
1.25993E+11	3.27988E-4	-5.47861E+0	-2.08130E-1	-4.89808E-1
1.26039E+11	9.97792E-4	-4.85403E+0	-5.70542E-1	-3.89663E-2
1.26085E+11	5.64461E-4	-4.41538E+0	-1.39719E-1	5.85041E-1
1.26131E+11	3.10398E-4	-5.29655E+0	5.10850E-1	1.85440E-1
1.26178E+11	6.31959E-4	-5.57086E+0	2.89441E-1	-4.39887E-1
1.26224E+11	6.38923E-4	-5.34806E+0	-3.62427E-1	-4.00649E-1
1.26270E+11	3.32442E-4	-4.98471E+0	-5.08522E-1	2.42381E-1
1.26316E+11	4.30376E-4	-5.99243E+0	-9.39533E-2	4.92747E-1
1.26363E+11	8.64280E-4	-5.19561E+0	3.72578E-1	4.04334E-1
1.26409E+11	3.70292E-4	-4.74793E+0	4.83037E-1	-3.19062E-1
1.26455E+11	3.46624E-4	-5.34390E+0	-3.74279E-1	-3.89959E-1
1.26501E+11	8.93150E-4	-5.97749E+0	-3.72426E-1	3.37331E-1
1.26548E+11	4.90949E-4	-4.44527E+0	3.63252E-1	4.76824E-1
1.26594E+11	3.43190E-4	-4.29321E+0	5.32618E-1	-2.97380E-1
1.26640E+11	8.63234E-4	-4.98723E+0	-5.36767E-2	-5.60605E-1
1.26686E+11	4.69200E-4	-5.00564E+0	-5.03966E-1	-2.48666E-1
1.26733E+11	4.07189E-4	-3.39886E+0	-4.15454E-1	5.33485E-1
1.26779E+11	7.49695E-4	-4.18066E+0	4.58674E-1	4.14131E-1
1.26825E+11	7.71020E-4	-4.97412E+0	4.59938E-1	-3.26459E-1
1.26871E+11	3.65659E-4	-3.94491E+0	-1.70341E-1	-6.11697E-1
1.26918E+11	3.86042E-4	-5.07685E+0	-5.56746E-1	2.67398E-2
1.26964E+11	7.42380E-4	-5.43159E+0	-1.56095E-1	5.11808E-1
1.27010E+11	3.08950E-4	-5.60008E+0	4.15011E-1	3.21222E-1
1.27056E+11	3.21895E-4	-4.30529E+0	3.86407E-1	-4.70927E-1
1.27103E+11	1.01057E-3	-4.46881E+0	-4.23110E-1	-4.22314E-1
1.27149E+11	3.94178E-4	-5.47624E+0	-4.97264E-1	1.90034E-1
1.27195E+11	3.28791E-4	-4.08828E+0	-1.31233E-1	6.10634E-1
1.27241E+11	7.21154E-4	-4.01572E+0	4.81304E-1	4.06221E-1
1.27288E+11	7.65498E-4	-4.48567E+0	5.24136E-1	-2.85074E-1
1.27334E+11	3.23917E-4	-4.19168E+0	-1.81195E-1	-5.89989E-1
1.27380E+11	4.80287E-4	-3.89067E+0	-5.99495E-1	2.21048E-1
1.27426E+11	1.52103E-3	-3.55112E+0	2.07646E-1	6.31142E-1
1.27473E+11	3.52029E-4	-4.15113E+0	6.19989E-1	1.02560E-2
1.27519E+11	3.42767E-4	-3.65107E+0	2.90349E-1	-5.89161E-1
1.27565E+11	1.73986E-3	-3.00246E+0	-5.28519E-1	-4.70714E-1
1.27611E+11	4.77435E-4	-3.32021E+0	-5.07538E-1	4.56036E-1
1.27658E+11	3.55164E-4	-2.62410E+0	5.21736E-1	5.23728E-1
1.27704E+11	9.64443E-4	-2.74923E+0	5.87032E-1	-4.31709E-1
1.27750E+11	7.13350E-4	-3.10660E+0	-2.57873E-1	-6.50028E-1
1.27796E+11	3.67151E-4	-2.25721E+0	-7.64316E-1	-1.02445E-1
1.27843E+11	6.14182E-4	-2.25175E+0	-4.32279E-1	6.39184E-1
1.27889E+11	1.72634E-3	-1.68570E+0	5.32031E-1	6.28694E-1
1.27935E+11	3.76656E-4	-2.11636E+0	5.76899E-1	-5.30532E-1
1.27981E+11	4.46561E-4	-1.81329E+0	-6.61631E-1	-4.70020E-1
1.28028E+11	1.63517E-3	-2.34281E+0	-5.13042E-1	5.65558E-1
1.28074E+11	3.52604E-4	-2.49817E+0	3.90095E-1	6.40628E-1
1.28120E+11	3.20814E-4	-2.14341E+0	7.80836E-1	2.75340E-2
1.28166E+11	1.03040E-3	-2.48182E+0	3.43010E-1	-6.68614E-1
1.28213E+11	5.89558E-4	-1.72178E+0	-5.66978E-1	-5.92652E-1
1.28259E+11	3.83481E-4	-1.40752E+0	-6.73777E-1	5.18852E-1
1.28305E+11	7.44330E-4	-1.02819E+0	-8.16743E-1	3.49456E-1
1.28351E+11	9.10120E-4	-1.85718E+0	6.76205E-2	8.04661E-1
1.28398E+11	3.00710E-4	-1.77042E+0	7.70460E-1	2.67581E-1
1.28444E+11	4.46128E-4	-1.06335E+0	5.94839E-1	-6.54975E-1
1.28490E+11	1.27464E-3	-1.71565E+0	-5.63311E-1	-5.96935E-1
1.28536E+11	3.26125E-4	-1.61025E+0	-6.39260E-1	5.30610E-1
1.28583E+11	3.54899E-4	-9.07081E-1	5.87565E-1	6.82842E-1
1.28629E+11	1.22282E-3	-6.87252E-1	6.60598E-1	-6.45949E-1
1.28675E+11	4.17576E-4	-1.59101E+0	-2.74387E-1	-7.86114E-1
1.28721E+11	3.07956E-4	-1.01726E+0	-8.58914E-1	-2.31179E-1
1.28768E+11	7.88572E-4	2.79922E-1	-6.44344E-1	8.07093E-1
1.28814E+11	8.27975E-4	-6.87090E-2	7.51798E-1	6.47382E-1
1.28860E+11	3.29190E-4	-3.84572E-1	6.46861E-1	-7.04860E-1
1.28906E+11	5.12921E-4	2.33877E-1	-8.12860E-1	-6.28162E-1
1.28953E+11	1.46820E-3	1.91883E-1	-6.82889E-1	7.60813E-1
1.28999E+11	3.70863E-4	-5.36323E-1	3.61450E-1	8.67860E-1
1.29045E+11	3.97683E-4	-3.69997E-1	9.46875E-1	1.47517E-1
1.29091E+11	1.51169E-3	6.60599E-1	3.05904E-1	-1.03475E+0
1.29138E+11	5.88764E-4	6.15514E-2	-9.84943E-1	-2.10145E-1
1.29184E+11	3.90132E-4	-3.30174E-1	-3.04322E-1	9.13335E-1
1.29230E+11	8.95680E-4	7.73724E-1	9.60990E-1	5.21066E-1
1.29276E+11	1.15695E-3	7.84188E-1	8.19813E-1	-7.25122E-1
1.29323E+11	4.04145E-4	-2.37507E-1	-1.99564E-1	-9.52342E-1
1.29369E+11	6.65980E-4	1.55925E-1	-9.83306E-1	-2.63940E-1
1.29415E+11	1.86153E-3	7.74797E-1	-1.35371E-1	1.08489E+0
1.29461E+11	6.31213E-4	8.50161E-1	1.08892E+0	-1.74595E-1
1.29508E+11	5.04905E-4	-8.79017E-2	-5.14114E-2	-9.88595E-1
1.29554E+11	2.04804E-3	1.13077E+0	-1.11735E+0	-2.21214E-1
1.29600E+11	9.02887E-4	9.38137E-1	-6.95423E-1	8.70349E-1
1.29646E+11	5.75359E-4	6.32412E-1	4.31278E-1	9.85268E-1
1.29692E+11	1.26680E-3	1.11833E+0	1.13704E+0	2.88571E-2
1.29739E+11	1.28817E-3	1.09825E+0	-1.22321E-1	-1.12817E+0
1.29785E+11	6.41705E-4	1.07681E+0	-1.11718E+0	1.82453E-1
1.29831E+11	8.80655E-4	2.28713E-1	-6.20325E-2	1.02481E+0
1.29877E+11	1.98364E-3	1.19001E+0	1.03357E+0	4.96948E-1
1.29924E+11	7.07567E-4	1.21061E+0	8.52340E-1	-7.71361E-1
1.29970E+11	7.12922E-4	8.23073E-1	-6.06797E-1	-9.16770E-1
1.30016E+11	2.21185E-3	1.56668E+0	-1.01961E+0	6.28324E-1
1.30062E+11	1.03982E-3	1.29199E+0	8.39940E-1	8.00612E-1
1.30109E+11	7.16774E-4	7.64774E-1	8.01944E-1	-7.41241E-1
1.30155E+11	1.57030E-3	1.17851E-1	-2.58146E-1	-9.80239E-1
1.30201E+11	1.54933E-3	8.83930E-1	-1.03999E+0	-3.79664E-1
1.30247E+11	7.36845E-4	3.11027E-1	-7.93630E-1	6.66629E-1
1.30294E+11	1.14189E-3	1.35648E-1	5.95966E-1	8.22527E-1
1.30340E+11	2.33504E-3	8.52945E-1	8.49652E-1	-7.03635E-1
1.30386E+11	9.45796E-4	7.17261E-1	-9.05958E-1	-5.99012E-1
1.30432E+11	9.26345E-4	3.26881E-1	-6.55089E-1	8.05624E-1
1.30479E+11	1.96851E-3	-3.53052E-1	3.55190E-1	8.92056E-1
1.30525E+11	1.23775E-3	6.88418E-2	1.00319E+0	9.79070E-2
1.30571E+11	7.88994E-4	-5.62471E-1	3.94729E-1	-8.50124E-1
1.30617E+11	1.67131E-3	-5.76197E-1	-7.89292E-1	-5.02761E-1
1.30664E+11	1.83000E-3	1.60649E-2	-5.27436E-1	8.51773E-1
1.30710E+11	8.09920E-4	-4.61000E-1	7.55281E-1	5.73447E-1
1.30756E+11	1.16814E-3	-8.44146E-1	7.64386E-1	-4.88943E-1
1.30802E+11	2.15070E-3	-5.36894E-1	3.58186E-2	-9.39377E-1
1.30849E+11	9.73593E-4	-7.58515E-1	-8.74638E-1	-2.73416E-1
1.30895E+11	8.99472E-4	-9.87577E-1	-3.30549E-1	8.29060E-1
1.30941E+11	1.88740E-3	-1.69061E+0	7.97457E-1	2.03984E-1
1.30987E+11	1.29348E-3	-8.82097E-1	2.30061E-1	-8.73648E-1
1.31034E+11	8.09040E-4	-1.49188E+0	-7.35652E-1	-4.09984E-1
1.31080E+11	1.75480E-3	-1.69162E+0	-7.01548E-1	4.30370E-1
1.31126E+11	1.77827E-3	-1.44352E+0	-5.47725E-2	8.45111E-1
1.31172E+11	8.88589E-4	-1.31590E+0	8.17922E-1	2.63829E-1
1.31219E+11	1.33586E-3	-1.32763E+0	3.21935E-1	-7.95592E-1
1.31265E+11	1.96341E-3	-1.48597E+0	-7.86171E-1	-3.03599E-1
1.31311E+11	1.00235E-3	-1.40040E+0	-4.69070E-1	7.10170E-1
1.31357E+11	9.30949E-4	-1.75909E+0	4.33063E-1	6.92390E-1
1.31404E+11	2.25640E-3	-2.08741E+0	7.72223E-1	-1.48516E-1
1.31450E+11	1.37674E-3	-1.90695E+0	5.62951E-2	-8.00907E-1
1.31496E+11	8.34093E-4	-2.25121E+0	-7.65056E-1	1.00923E-1
1.31542E+11	2.27663E-3	-1.68988E+0	2.24404E-1	7.92024E-1
1.31589E+11	1.52948E-3	-2.64086E+0	7.30489E-1	-1.03831E-1
1.31635E+11	8.53951E-4	-2.24973E+0	2.09362E-1	-7.42878E-1
1.31681E+11	1.10603E-3	-2.84645E+0	-4.18223E-1	-5.86783E-1
1.31727E+11	2.26954E-3	-2.24194E+0	-7.68588E-1	7.77250E-2
1.31774E+11	9.18067E-4	-2.74907E+0	-1.90867E-1	7.03255E-1
1.31820E+11	9.15324E-4	-2.56993E+0	7.32305E-1	1.30720E-1
1.31866E+11	2.94534E-3	-2.33874E+0	2.72781E-2	-7.63460E-1
1.31912E+11	1.06586E-3	-3.24634E+0	-6.83135E-1	-8.29263E-2
1.31959E+11	7.15073E-4	-3.00627E+0	-3.56026E-1	6.11318E-1
1.32005E+11	1.85483E-3	-2.85607E+0	3.42295E-1	6.33175E-1
1.32051E+11	1.49556E-3	-2.49282E+0	7.49115E-1	-4.58119E-2
1.32097E+11	7.46348E-4	-2.90928E+0	1.18439E-1	-7.05506E-1
1.32144E+11	1.21544E-3	-2.72739E+0	-6.83658E-1	-2.57426E-1
1.32190E+11	2.41184E-3	-2.25021E+0	-4.21252E-1	6.46668E-1
1.32236E+11	8.73017E-4	-2.89707E+0	4.35365E-1	5.68915E-1
1.32282E+11	8.14631E-4	-3.15512E+0	6.77122E-1	-1.58455E-1
1.32329E+11	2.50827E-3	-2.82871E+0	3.35721E-2	-7.21265E-1
1.32375E+11	9.33141E-4	-2.42520E+0	-7.56379E-1	1.19577E-3
1.32421E+11	7.61417E-4	-2.26178E+0	1.32723E-1	7.59232E-1
1.32467E+11	2.04963E-3	-2.03337E+0	7.84305E-1	-1.04844E-1
1.32514E+11	1.45917E-3	-1.76255E+0	2.40379E-1	-7.80150E-1
1.32560E+11	8.41431E-4	-1.29606E+0	-6.42625E-1	-5.73600E-1
1.32606E+11	1.24824E-3	-2.06709E+0	-7.64801E-1	1.90695E-1
1.32652E+11	2.12380E-3	-1.74100E+0	-7.83314E-2	8.14613E-1
1.32699E+11	7.87237E-4	-1.31049E+0	8.52853E-1	1.10286E-1
1.32745E+11	9.28994E-4	-1.67265E+0	-1.56192E-2	-8.24687E-1
1.32791E+11	2.64817E-3	-1.88001E+0	-7.99746E-1	-9.50747E-2
1.32837E+11	7.63671E-4	-2.32512E+0	-3.39490E-1	6.85707E-1
1.32884E+11	7.43998E-4	-1.63148E+0	6.00469E-1	5.71202E-1
1.32930E+11	1.59781E-3	-3.03431E+0	6.33826E-1	-3.09043E-1
1.32976E+11	9.62127E-4	-2.53778E+0	-1.89550E-1	-7.22179E-1
1.33022E+11	6.70304E-4	-2.12962E+0	-7.76492E-1	9.72849E-2
1.33069E+11	1.26775E-3	-2.37246E+0	8.78278E-2	7.55901E-1
1.33115E+11	1.28546E-3	-2.90771E+0	6.60893E-1	2.74175E-1
1.33161E+11	4.44090E-4	-3.19191E+0	5.54238E-1	-4.15143E-1
1.33207E+11	8.08406E-4	-1.83852E+0	-2.44406E-1	-7.71443E-1
1.33254E+11	1.90834E-3	-2.43324E+0	-7.47067E-1	1.13770E-1
1.33300E+11	5.23113E-4	-2.33966E+0	1.06197E-1	7.56448E-1
1.33346E+11	5.66216E-4	-2.23131E+0	7.73356E-1	1.23108E-2
1.33392E+11	1.80576E-3	-1.89354E+0	1.92207E-3	-8.04121E-1
1.33439E+11	6.64316E-4	-2.68501E+0	-6.36515E-1	-3.65701E-1
1.33485E+11	4.00628E-4	-3.03816E+0	-5.76052E-1	4.06161E-1
1.33531E+11	1.16761E-3	-1.60234E+0	2.26731E-1	8.00032E-1
1.33577E+11	8.38027E-4	-3.21157E+0	6.85317E-1	-8.77306E-2
1.33624E+11	4.09306E-4	-2.61491E+0	3.68625E-2	-7.39120E-1
1.33670E+11	6.03824E-4	-2.16879E+0	-7.19793E-1	-2.98000E-1
1.33716E+11	1.77948E-3	-1.55581E+0	-4.02512E-1	7.32728E-1
1.33762E+11	4.37938E-4	-2.25293E+0	4.85670E-1	5.99487E-1
1.33809E+11	4.38485E-4	-2.35906E+0	6.86063E-1	-3.31975E-1
1.33855E+11	1.76009E-3	-1.22259E+0	-2.77094E-1	-8.23323E-1
1.33901E+11	5.17281E-4	-2.17610E+0	-6.90179E-1	3.59914E-1
1.33947E+11	3.61197E-4	-2.40745E+0	2.19305E-1	7.25506E-1
1.33994E+11	6.69725E-4	-2.77612E+0	7.22245E-1	7.78658E-2
1.34040E+11	8.61834E-4	-2.04396E+0	3.15296E-1	-7.24701E-1
1.34086E+11	3.37218E-4	-2.87060E+0	-4.26344E-1	-5.78425E-1
1.34132E+11	4.70899E-4	-3.41986E+0	-6.58798E-1	1.44873E-1
1.34179E+11	1.50151E-3	-1.94214E+0	-4.63349E-2	7.98293E-1
1.34225E+11	4.38975E-4	-1.90642E+0	8.02279E-1	-3.23861E-2
1.34271E+11	4.34161E-4	-2.32850E+0	5.92696E-2	-7.62548E-1
1.34317E+11	1.00592E-3	-2.94058E+0	-6.76678E-1	-2.24049E-1
1.34364E+11	5.65140E-4	-1.86794E+0	-4.09298E-1	6.94920E-1
1.34410E+11	3.78714E-4	-2.66915E+0	5.10227E-1	5.29649E-1
1.34456E+11	6.91856E-4	-3.11632E+0	6.21340E-1	-3.19184E-1
1.34502E+11	7.77531E-4	-2.47331E+0	-7.27145E-2	-7.48679E-1
1.34549E+11	4.40611E-4	-1.35877E+0	-8.55154E-1	-7.65662E-3
1.34595E+11	6.20151E-4	-2.02653E+0	-2.24800E-1	7.59328E-1
1.34641E+11	1.01811E-3	-2.08868E+0	6.29603E-1	4.70961E-1
1.34687E+11	4.79141E-4	-1.11888E+0	6.91824E-1	-5.42458E-1
1.34734E+11	4.48865E-4	-2.09373E+0	-4.72393E-1	-6.27958E-1
1.34780E+11	7.66201E-4	-2.61829E+0	-6.87815E-1	2.72288E-1
1.34826E+11	5.68728E-4	-1.96588E+0	1.29634E-1	7.86847E-1
1.34872E+11	4.76807E-4	-7.14955E-1	9.13902E-1	-1.13998E-1
1.34919E+11	7.13758E-4	-1.73079E+0	2.29923E-2	-8.19011E-1
1.34965E+11	8.33987E-4	-2.06168E+0	-7.33651E-1	-2.89510E-1
1.35011E+11	4.76953E-4	-1.37679E+0	-5.64456E-1	6.40084E-1
1.35057E+11	7.12913E-4	-1.00473E+0	6.02489E-1	6.56102E-1
1.35104E+11	8.80966E-4	-2.30762E+0	6.95006E-1	-3.23695E-1
1.35150E+11	5.14930E-4	-1.91100E+0	-6.24385E-2	-8.00077E-1
1.35196E+11	5.58969E-4	-6.93180E-1	-9.16379E-1	-1.12802E-1
1.35242E+11	1.18747E-3	-1.75087E+0	-2.19293E-1	7.87477E-1
1.35289E+11	5.97162E-4	-2.15415E+0	7.15143E-1	3.12289E-1
1.35335E+11	4.48317E-4	-1.60960E+0	5.14540E-1	-6.52344E-1
1.35381E+11	1.04367E-3	-1.22245E+0	-7.45878E-1	-4.45346E-1
1.35427E+11	8.06877E-4	-1.98535E+0	-5.28652E-1	5.94656E-1
1.35474E+11	4.54769E-4	-2.32907E+0	4.58469E-1	6.12145E-1
1.35520E+11	6.94776E-4	-9.76456E-1	8.63196E-1	-2.31386E-1
1.35566E+11	9.16695E-4	-2.45474E+0	6.09632E-3	-7.53787E-1
1.35612E+11	6.07107E-4	-2.00906E+0	-7.07691E-1	-3.58908E-1
1.35659E+11	5.20270E-4	-1.78409E+0	-5.87150E-1	5.64247E-1
1.35705E+11	1.89360E-3	-4.13977E-2	7.77907E-1	6.20785E-1
1.35751E+11	8.73528E-4	-1.01572E+0	5.80701E-1	-6.73976E-1
1.35797E+11	5.94050E-4	-7.96943E-1	-6.95422E-1	-5.90540E-1
1.35844E+11	1.05430E-3	-1.21542E-1	-7.88474E-1	5.92208E-1
1.35890E+11	1.37108E-3	-5.09777E-1	4.36695E-1	8.35789E-1
1.35936E+11	7.86071E-4	-6.38436E-1	9.26955E-1	-6.35954E-2
1.35982E+11	7.63221E-4	-1.20918E+0	2.69242E-1	-8.27336E-1
1.36029E+11	1.93069E-3	-4.20659E-2	-8.92487E-1	-4.40259E-1
1.36075E+11	9.27079E-4	-1.19649E+0	-5.43753E-1	6.80826E-1
1.36121E+11	6.63258E-4	-1.82618E+0	5.36612E-1	6.07264E-1
1.36167E+11	1.61229E-3	-1.50516E+0	7.91046E-1	-2.85221E-1
1.36214E+11	1.10678E-3	-1.89540E+0	-1.03424E-1	-7.97271E-1
1.36260E+11	8.33139E-4	-1.28229E+0	-8.59531E-1	-7.44733E-2
1.36306E+11	9.99549E-4	-2.26144E+0	-1.46919E-1	7.56644E-1
1.36352E+11	1.66911E-3	-6.18798E-1	9.03357E-1	2.26159E-1
1.36399E+11	8.90446E-4	-1.66250E+0	3.25691E-1	-7.58861E-1
1.36445E+11	9.51757E-4	-1.26541E+0	-6.95307E-1	-5.13601E-1
1.36491E+11	1.82778E-3	-1.21906E+0	-7.83165E-1	3.76708E-1
1.36537E+11	1.11764E-3	-6.99842E-1	1.37277E-1	9.12318E-1
1.36584E+11	1.04202E-3	2.28786E-1	1.01292E+0	1.67600E-1
1.36630E+11	1.73175E-3	-6.99688E-1	2.86717E-1	-8.76922E-1
1.36676E+11	1.45239E-3	3.26340E-2	-8.61586E-1	-5.14988E-1
1.36722E+11	8.92604E-4	-4.02274E-1	-5.55560E-1	7.76458E-1
1.36769E+11	1.51126E-3	4.01837E-2	6.93093E-1	7.27267E-1
1.36815E+11	1.63739E-3	-6.66653E-1	8.52603E-1	-3.61617E-1
1.36861E+11	1.02553E-3	6.45855E-2	-2.56946E-1	-9.74146E-1
1.36907E+11	1.35706E-3	7.99118E-1	-1.07713E+0	2.04477E-1
1.36954E+11	1.90546E-3	4.50695E-3	1.46361E-1	9.89756E-1
1.37000E+11	1.17930E-3	-1.40042E-1	9.75385E-1	1.29971E-1
1.37046E+11	1.09065E-3	-1.44396E-1	5.14085E-1	-8.38460E-1
1.37092E+11	2.13433E-3	-4.75959E-2	-6.75362E-1	-7.30059E-1
1.37139E+11	1.21809E-3	-1.29950E+0	-8.18880E-1	2.66142E-1
1.37185E+11	7.91554E-4	-5.59723E-1	1.51050E-1	9.25345E-1
1.37231E+11	1.52989E-3	4.13267E-1	1.03621E+0	-1.61542E-1
1.37277E+11	1.81153E-3	4.18095E-2	-2.40709E-1	-9.75568E-1
1.37324E+11	7.60874E-4	-6.87828E-1	-9.21661E-1	-6.37741E-2
1.37370E+11	1.01571E-3	-4.01513E-1	-3.84780E-1	8.73864E-1
1.37416E+11	2.88206E-3	3.09600E-1	7.88851E-1	6.72015E-1
1.37462E+11	7.51055E-4	-1.17876E+0	7.41583E-1	-4.60816E-1
1.37509E+11	7.55676E-4	-1.05182E+0	-1.40714E-1	-8.74703E-1
1.37555E+11	2.66713E-3	1.87660E-1	-1.02057E+0	-5.08700E-2
1.37601E+11	1.00464E-3	-4.84384E-1	-2.16261E-1	9.20702E-1
1.37648E+11	6.28389E-4	-1.60236E+0	6.76781E-1	4.83138E-1
1.37694E+11	1.58566E-3	-4.87604E-1	7.47267E-1	-5.79129E-1
1.37740E+11	1.56811E-3	-5.55739E-2	-5.96414E-1	-7.94717E-1
1.37786E+11	6.82926E-4	-1.09795E+0	-6.36530E-1	6.09462E-1
1.37832E+11	1.05229E-3	-1.04667E+0	5.52116E-1	6.93546E-1
1.37879E+11	2.29700E-3	2.53464E-1	9.06853E-1	-4.87561E-1
1.37925E+11	8.24888E-4	-5.75833E-1	-2.03760E-1	-9.13403E-1
1.37971E+11	6.00198E-4	-2.15135E+0	-7.24942E-1	-2.89493E-1
1.38018E+11	1.76124E-3	-9.81038E-1	-7.06072E-1	5.47052E-1
1.38064E+11	1.16301E-3	-3.60442E-5	5.36179E-1	8.44099E-1
1.38110E+11	6.90402E-4	-1.13367E+0	7.33777E-1	-4.81481E-1
1.38156E+11	1.51933E-3	-1.26793E+0	-3.11992E-1	-8.05894E-1
1.38202E+11	1.53821E-3	-8.48434E-2	-9.79104E-1	1.48352E-1
1.38249E+11	8.65242E-4	-1.42768E-1	-4.01991E-2	9.82876E-1
1.38295E+11	9.49194E-4	-1.72627E+0	7.60060E-1	3.07107E-1
1.38341E+11	1.53654E-3	-7.59453E-1	7.02166E-1	-5.88667E-1
1.38388E+11	9.92409E-4	2.91541E-1	-6.09651E-1	-8.35321E-1
1.38434E+11	7.85242E-4	-7.24055E-1	-7.83620E-1	4.82054E-1
1.38480E+11	1.79304E-3	-1.45322E+0	1.74772E-1	8.27688E-1
1.38526E+11	1.03045E-3	-3.19419E-1	9.55956E-1	1.23447E-1
1.38572E+11	7.91564E-4	-4.38582E-1	3.31638E-1	-8.91045E-1
1.38619E+11	1.42488E-3	-1.47634E+0	-7.36446E-1	-4.11656E-1
1.38665E+11	1.12610E-3	-9.86505E-1	-6.57280E-1	6.03973E-1
1.38711E+11	8.29203E-4	8.95085E-2	7.30735E-1	6.97746E-1
1.38758E+11	1.18333E-3	-4.08925E-1	7.08866E-1	-6.38473E-1
1.38804E+11	1.06373E-3	-1.62969E+0	-3.09341E-1	-7.69042E-1
1.38850E+11	8.88251E-4	-3.89087E-1	-9.55889E-1	-2.41365E-2
1.38896E+11	9.04140E-4	-3.59767E-1	-1.70417E-1	9.44170E-1
1.38942E+11	1.42596E-3	-1.10767E+0	8.19929E-1	3.20302E-1
1.38989E+11	9.83213E-4	-1.33892E+0	5.98006E-1	-6.14074E-1
1.39035E+11	7.66350E-4	-2.12456E-1	-6.53065E-1	-7.25096E-1
1.39081E+11	1.61352E-3	-6.20693E-1	-8.20363E-1	4.40258E-1
1.39128E+11	8.53518E-4	-2.22320E+0	1.22032E-1	7.64498E-1
1.39174E+11	8.44168E-4	-4.47971E-1	9.42973E-1	1.13111E-1
1.39220E+11	1.18604E-3	7.17507E-2	1.18624E-1	-1.00129E+0
1.39266E+11	1.51091E-3	-2.16314E-1	-9.73803E-1	-5.58516E-2
1.39312E+11	7.32036E-4	-1.54941E+0	-2.06992E-1	8.10612E-1
1.39359E+11	6.62615E-4	-4.04110E-1	8.89100E-1	3.47345E-1
1.39405E+11	1.34015E-3	-1.22692E+0	6.02218E-1	-6.25479E-1
1.39451E+11	8.36740E-4	-2.07229E+0	-2.91897E-1	-7.31668E-1
1.39498E+11	6.77350E-4	-8.02692E-1	-9.11045E-1	-3.52884E-2
1.39544E+11	1.38931E-3	-5.81118E-1	-1.47229E-1	9.23624E-1
1.39590E+11	1.30221E-3	-9.26165E-1	8.82534E-1	1.70536E-1
1.39636E+11	5.48419E-4	-2.22114E+0	3.39493E-1	-6.95973E-1
1.39682E+11	9.19818E-4	-6.87055E-1	-7.61649E-1	-5.23039E-1
1.39729E+11	1.61872E-3	-1.22719E+0	-6.57093E-1	5.67515E-1
1.39775E+11	6.47322E-4	-1.82386E+0	3.39825E-1	7.35930E-1
1.39821E+11	7.78109E-4	-7.82047E-1	9.12000E-1	-5.88626E-2
1.39868E+11	2.07613E-3	-5.80742E-1	4.39067E-2	-9.34295E-1
1.39914E+11	9.42012E-4	-8.09306E-1	-9.01231E-1	-1.33292E-1
1.39960E+11	4.77196E-4	-2.89275E+0	-3.30998E-1	6.35735E-1
1.40006E+11	1.28695E-3	-8.81914E-1	6.25779E-1	6.51631E-1
1.40052E+11	1.21836E-3	-9.31918E-1	7.70717E-1	-4.61382E-1
1.40099E+11	6.93114E-4	-9.33186E-1	-4.17054E-1	-7.95430E-1
1.40145E+11	1.04556E-3	-3.86848E-1	-9.26607E-1	2.37015E-1
1.40191E+11	1.65960E-3	-2.91837E-1	2.94101E-1	9.21149E-1
1.40238E+11	7.70635E-4	-6.93594E-1	9.06358E-1	-1.75814E-1
1.40284E+11	6.26916E-4	-2.13896E+0	6.10570E-2	-7.79333E-1
1.40330E+11	1.48569E-3	-7.19045E-1	-7.78856E-1	-4.90711E-1
1.40376E+11	1.09085E-3	-6.16759E-1	-6.87886E-1	6.28030E-1
1.40422E+11	7.04762E-4	-7.28564E-1	4.72079E-1	7.89113E-1
1.40469E+11	1.02086E-3	-6.32012E-1	9.04253E-1	-2.16550E-1
1.40515E+11	1.38133E-3	-7.23092E-1	-1.22923E-1	-9.11874E-1
1.40561E+11	6.14657E-4	-9.25219E-1	-8.98074E-1	-3.98339E-2
1.40608E+11	7.69217E-4	-1.75449E+0	-2.50351E-1	7.77803E-1
1.40654E+11	1.79552E-3	-4.00707E-1	8.03189E-1	5.16479E-1
1.40700E+11	8.61088E-4	-3.02537E-1	5.95049E-1	-7.60675E-1
1.40746E+11	8.24873E-4	-7.16943E-1	-6.62787E-1	-6.39169E-1
1.40792E+11	1.35356E-3	-1.10697E+0	-7.84197E-1	4.00045E-1
1.40839E+11	9.65409E-4	-6.79155E-1	3.10472E-1	8.71114E-1
1.40885E+11	7.29892E-4	-6.87716E-1	9.23263E-1	-3.36861E-2
1.40931E+11	7.39999E-4	-2.15848E+0	1.82205E-1	-7.58386E-1
1.40978E+11	1.29680E-3	-8.93937E-1	-7.29129E-1	-5.31354E-1
1.41024E+11	6.69508E-4	-8.05595E-1	-6.29223E-1	6.59372E-1
1.41070E+11	6.92446E-4	-1.26993E+0	5.34432E-1	6.78854E-1
1.41116E+11	1.15994E-3	-2.25167E+0	7.33303E-1	-2.40210E-1
1.41162E+11	8.75212E-4	-7.27994E-1	-1.46069E-1	-9.07928E-1
1.41209E+11	7.09650E-4	-8.13560E-1	-9.10128E-1	-2.89482E-2
1.41255E+11	1.39361E-3	-1.37623E+0	-1.90719E-1	8.31888E-1
1.41301E+11	1.14206E-3	-9.18970E-1	8.02403E-1	4.06740E-1
1.41348E+11	7.97667E-4	-5.13050E-1	5.64142E-1	-7.55196E-1
1.41394E+11	1.21583E-3	-1.33958E+0	-5.48148E-1	-6.58878E-1
1.41440E+11	9.95639E-4	-2.09515E+0	-7.77201E-1	1.15077E-1
1.41486E+11	8.76226E-4	-7.59430E-1	-5.70604E-2	9.14502E-1
1.41532E+11	7.68982E-4	-7.32600E-1	9.04749E-1	1.61871E-1
1.41579E+11	1.58526E-3	-1.44899E+0	1.96361E-1	-8.23258E-1
1.41625E+11	1.15594E-3	-5.92192E-1	-8.64534E-1	-3.53710E-1
1.41671E+11	7.76975E-4	-4.62308E-1	-3.91923E-1	8.63375E-1
1.41718E+11	2.02326E-3	-8.89152E-1	7.46669E-1	5.07295E-1
1.41764E+11	9.28705E-4	-2.35236E+0	6.78101E-1	-3.49236E-1
1.41810E+11	8.07271E-4	-5.85164E-1	-6.30685E-2	-9.32720E-1
1.41856E+11	1.44544E-3	-5.40038E-1	-9.25169E-1	-1.64726E-1
1.41902E+11	1.18522E-3	-1.31759E+0	-2.47098E-1	8.22956E-1
1.41949E+11	8.81241E-4	-4.09277E-1	7.64814E-1	5.70197E-1
1.41995E+11	9.81448E-4	7.76468E-2	6.22947E-1	-7.93710E-1
1.42041E+11	2.25099E-3	-5.26067E-1	-6.34373E-1	-6.95334E-1
1.42088E+11	9.41795E-4	-1.53413E+0	-7.73653E-1	3.22281E-1
1.42134E+11	9.40558E-4	-3.72486E-1	5.71560E-2	9.56316E-1
1.42180E+11	2.59165E-3	-1.69414E-1	9.80446E-1	2.16249E-2
1.42226E+11	1.22266E-3	-1.06625E+0	1.37698E-1	-8.73695E-1
1.42272E+11	1.00251E-3	-5.07989E-1	-8.19913E-1	-4.66215E-1
1.42319E+11	1.45669E-3	-1.34215E-1	-6.06289E-1	7.75875E-1
1.42365E+11	1.95437E-3	-7.82863E-1	5.99181E-1	6.89953E-1
1.42411E+11	7.72045E-4	-2.34225E+0	7.17300E-1	-2.61961E-1
1.42458E+11	1.02624E-3	-1.14417E+0	1.55913E-2	-8.76441E-1
1.42504E+11	2.39107E-3	-6.65899E-1	-9.15404E-1	-1.41007E-1
1.42550E+11	9.72362E-4	-1.64561E+0	-2.63388E-1	7.84366E-1
1.42596E+11	7.43654E-4	-1.48400E+0	6.00040E-1	5.92040E-1
1.42642E+11	2.17622E-3	-3.01038E-1	7.25644E-1	-6.37551E-1
1.42689E+11	1.73958E-3	-5.13531E-1	-5.54817E-1	-7.62008E-1
1.42735E+11	7.44412E-4	-2.13108E+0	-7.01541E-1	3.46465E-1
1.42781E+11	1.30439E-3	-1.08012E+0	8.99896E-2	8.78470E-1
1.42828E+11	2.52521E-3	-4.00985E-1	9.52905E-1	6.14483E-2
1.42874E+11	9.45027E-4	-9.33185E-1	2.90235E-1	-8.49945E-1
1.42920E+11	8.47133E-4	-1.98733E+0	-5.63112E-1	-5.61876E-1
1.42966E+11	3.10669E-3	-2.86562E-1	-8.24679E-1	5.06015E-1
1.43012E+11	1.14800E-3	-5.70637E-1	4.29937E-1	8.31881E-1
1.43059E+11	9.11915E-4	-1.35639E+0	8.00496E-1	-3.01583E-1
1.43105E+11	1.81151E-3	-1.00946E+0	-2.40358E-1	-8.57221E-1
1.43151E+11	1.47601E-3	-3.53673E-1	-9.38675E-1	2.01693E-1
1.43198E+11	7.05170E-4	-1.57787E+0	7.67452E-2	8.30347E-1
1.43244E+11	6.55156E-4	-2.19472E+0	7.09685E-1	3.15658E-1
1.43290E+11	2.45102E-3	-7.43085E-1	6.09920E-1	-6.86100E-1
1.43336E+11	8.84860E-4	-6.86956E-1	-5.31963E-1	-7.55456E-1
1.43382E+11	8.71231E-4	-1.61238E+0	-7.69254E-1	3.13224E-1
1.43429E+11	2.64132E-3	-8.16732E-1	5.08152E-2	9.08836E-1
1.43475E+11	1.18746E-3	-2.20993E-1	9.74324E-1	3.28543E-2
1.43521E+11	8.28901E-4	-8.81488E-1	1.06924E-1	-8.97145E-1
1.43568E+11	1.15882E-3	-2.42609E+0	-6.86296E-1	-3.17792E-1
1.43614E+11	1.34588E-3	-8.48384E-1	-5.38720E-1	7.29609E-1
1.43660E+11	8.75167E-4	-4.47555E-1	6.92773E-1	6.49726E-1
1.43706E+11	1.23680E-3	-9.24503E-1	7.13085E-1	-5.47511E-1
1.43752E+11	1.50602E-3	-1.15890E+0	-1.81879E-1	-8.55985E-1
1.43799E+11	8.96526E-4	-3.58274E-1	-9.59489E-1	1.39770E-2
1.43845E+11	7.94947E-4	-7.79918E-1	-1.71311E-1	8.97926E-1
1.43891E+11	1.35909E-3	-1.52783E+0	7.59025E-1	3.56797E-1
1.43938E+11	1.10188E-3	-5.06253E-1	5.50598E-1	-7.66035E-1
1.43984E+11	8.50086E-4	1.80959E-1	-8.51318E-1	-5.63742E-1
1.44030E+11	1.80665E-3	-4.85044E-1	-5.64865E-1	7.58454E-1
1.44076E+11	1.36387E-3	-5.46246E-1	5.93614E-1	7.27621E-1
1.44122E+11	7.78316E-4	-1.51780E-1	8.81795E-1	-4.33697E-1
1.44169E+11	1.29053E-3	-3.38694E-1	-2.02072E-1	-9.40289E-1
1.44215E+11	1.31669E-3	-1.78712E+0	-8.09136E-1	-8.91880E-2
1.44261E+11	7.56899E-4	-7.70063E-1	-3.36107E-1	8.51205E-1
1.44308E+11	9.81560E-4	-1.76174E-1	8.72134E-1	4.46799E-1
1.44354E+11	1.63811E-3	-1.07090E+0	4.86635E-1	-7.38005E-1
1.44400E+11	8.43660E-4	-7.52152E-1	-5.33953E-1	-7.45568E-1
1.44446E+11	7.80535E-4	-5.58248E-1	-8.50402E-1	3.95214E-1
1.44492E+11	1.28624E-3	-1.94994E-1	2.32895E-1	9.49660E-1
1.44539E+11	9.69767E-4	-1.69813E+0	8.19980E-1	-6.33059E-2
1.44585E+11	6.77590E-4	-7.69146E-1	1.98750E-1	-8.93416E-1
1.44631E+11	9.23801E-4	-1.96354E-1	-9.23391E-1	-3.21161E-1
1.44678E+11	1.91068E-3	-7.37978E-1	-4.16253E-1	8.18817E-1
1.44724E+11	7.46084E-4	-1.20059E+0	5.66907E-1	6.61129E-1
1.44770E+11	7.59624E-4	-7.72251E-1	8.15998E-1	-4.13814E-1
1.44816E+11	2.34677E-3	-4.29434E-1	-1.96361E-1	-9.31286E-1
1.44862E+11	9.98967E-4	-1.14602E+0	-8.73672E-1	-6.90043E-2
1.44909E+11	7.10592E-4	-5.73094E-1	-2.54810E-1	9.00804E-1
1.44955E+11	1.95142E-3	1.39454E-1	9.01026E-1	4.69876E-1
1.45001E+11	1.26169E-3	-4.43343E-1	5.07065E-1	-8.03641E-1
1.45048E+11	8.04288E-4	2.81166E-2	-5.99642E-1	-8.04316E-1
1.45094E+11	1.29288E-3	1.03319E-1	-8.45775E-1	5.55644E-1
1.45140E+11	2.17300E-3	5.29754E-1	3.95144E-1	9.86708E-1
1.45186E+11	7.60593E-4	-6.48511E-1	9.07978E-1	-1.92005E-1
1.45232E+11	9.72943E-4	4.39021E-1	1.37855E-1	-1.04277E+0
1.45279E+11	2.19807E-3	4.47035E-1	-9.38413E-1	-4.77283E-1
1.45325E+11	9.39116E-4	2.35095E-1	-6.10728E-1	8.26218E-1
1.45371E+11	7.54747E-4	-2.04109E-2	4.56365E-1	8.87154E-1
1.45418E+11	1.22501E-3	2.93425E-1	9.04800E-1	-5.01234E-1
1.45464E+11	1.75768E-3	9.40681E-1	-3.85361E-1	-1.04563E+0
1.45510E+11	8.51418E-4	4.06650E-1	-9.95426E-1	3.27545E-1
1.45556E+11	1.02429E-3	8.46387E-1	6.61187E-2	1.10036E+0
1.45602E+11	2.48740E-3	5.22816E-1	1.03514E+0	2.37504E-1
1.45649E+11	8.83515E-4	2.66851E-1	4.51045E-1	-9.27324E-1
1.45695E+11	8.69212E-4	2.91565E-2	-6.25562E-1	-7.84480E-1
1.45741E+11	3.10617E-3	9.62231E-1	-9.46219E-1	5.93881E-1
1.45788E+11	1.24799E-3	9.20738E-1	4.32756E-1	1.02415E+0
1.45834E+11	8.09834E-4	1.22726E-1	9.82837E-1	-2.50386E-1
1.45880E+11	1.62819E-3	8.31097E-1	3.46428E-2	-1.09987E+0
1.45926E+11	1.56679E-3	1.62387E-1	-9.73315E-1	-3.01258E-1
1.45972E+11	8.05481E-4	5.45882E-1	-5.19879E-1	9.29334E-1
1.46019E+11	9.97311E-4	-1.65935E-1	5.83122E-1	7.88975E-1
1.46065E+11	2.33205E-3	9.46315E-1	9.56399E-1	-5.73375E-1
1.46111E+11	1.04963E-3	1.01965E+0	-4.36986E-1	-1.03618E+0
1.46158E+11	8.52014E-4	-1.31855E-1	-9.61519E-1	2.13485E-1
1.46204E+11	2.11559E-3	6.34039E-1	-1.58751E-1	1.06395E+0
1.46250E+11	9.91337E-4	-1.29135E-1	9.32186E-1	3.18955E-1
1.46296E+11	8.46840E-4	6.74353E-1	6.33011E-1	-8.75944E-1
1.46342E+11	1.20462E-3	-5.41756E-1	-5.96423E-1	-7.25950E-1
1.46389E+11	1.67203E-3	1.08003E+0	-9.89962E-1	5.49832E-1
1.46435E+11	8.73011E-4	6.17742E-1	3.54931E-1	1.01335E+0
1.46481E+11	9.55934E-4	2.49161E-2	9.94331E-1	-1.30612E-1
1.46528E+11	1.90604E-3	3.67953E-1	2.45645E-1	-1.01394E+0
1.46574E+11	1.02820E-3	1.02515E+0	-1.06241E+0	-3.70837E-1
1.46620E+11	9.50515E-4	7.79945E-1	-6.03826E-1	9.12206E-1
1.46666E+11	1.50388E-3	4.87845E-1	6.78491E-1	8.11500E-1
1.46712E+11	1.43995E-3	1.21317E+0	9.78341E-1	-6.04241E-1
1.46759E+11	8.08027E-4	5.67208E-1	-3.56519E-1	-1.00619E+0
1.46805E+11	1.15215E-3	-9.45059E-2	-9.86621E-1	7.10828E-2
1.46851E+11	1.65194E-3	5.49271E-1	-4.59232E-1	9.61211E-1
1.46898E+11	9.91247E-4	1.34595E+0	1.01187E+0	5.82616E-1
1.46944E+11	1.15270E-3	1.10935E+0	6.49895E-1	-9.32021E-1
1.46990E+11	1.45297E-3	2.29163E-1	-7.83922E-1	-6.63061E-1
1.47036E+11	1.37169E-3	1.63701E+0	-8.76264E-1	8.30645E-1
1.47082E+11	9.21649E-4	1.07716E+0	7.04462E-1	8.86130E-1
1.47129E+11	1.53525E-3	3.17048E-1	9.73713E-1	-3.57236E-1
1.47175E+11	1.33250E-3	1.69806E-1	2.53570E-1	-9.87712E-1
1.47221E+11	8.84284E-4	1.25987E+0	-1.07615E+0	-4.22438E-1
1.47268E+11	1.01719E-3	3.30945E-1	-6.17012E-1	8.35750E-1
1.47314E+11	1.58041E-3	3.72137E-1	6.94718E-1	7.78995E-1
1.47360E+11	9.97596E-4	1.31547E+0	1.08197E+0	-4.27920E-1
1.47406E+11	9.48352E-4	1.03050E+0	-3.39614E-1	-1.07353E+0
1.47452E+11	1.87716E-3	8.06610E-1	-1.09430E+0	8.12180E-2
1.47499E+11	1.12661E-3	5.41677E-1	-2.88778E-1	1.02442E+0
1.47545E+11	9.99595E-4	1.89463E+0	1.16722E+0	4.29533E-1
1.47591E+11	1.42395E-3	5.90029E-1	5.54342E-1	-9.15547E-1
1.47638E+11	1.04103E-3	-3.49393E-1	-5.76614E-1	-7.68256E-1
1.47684E+11	8.66677E-4	1.07991E+0	-1.11967E+0	1.69237E-1
1.47730E+11	1.23517E-3	1.32371E+0	-8.63189E-3	1.16459E+0
1.47776E+11	1.69156E-3	8.24907E-1	1.07211E+0	2.44456E-1
1.47822E+11	9.56017E-4	5.66700E-1	4.93190E-1	-9.46651E-1
1.47869E+11	9.96125E-4	1.90296E+0	-1.14487E+0	-4.89021E-1
1.47915E+11	1.71776E-3	7.60191E-1	-4.74826E-1	9.82769E-1
1.47961E+11	8.12378E-4	-9.64370E-2	6.61651E-1	7.35022E-1
1.48008E+11	7.42855E-4	1.21068E+0	1.12787E+0	-2.22297E-1
1.48054E+11	1.62310E-3	1.34445E+0	-8.17183E-2	-1.16454E+0
1.48100E+11	1.01047E-3	8.58580E-1	-1.09369E+0	-1.49790E-1
1.48146E+11	5.38071E-4	-4.90206E-1	-3.52722E-1	8.76841E-1
1.48192E+11	9.03431E-4	2.09579E+0	1.16094E+0	5.21978E-1
1.48239E+11	1.48846E-3	7.63191E-1	5.94709E-1	-9.15663E-1
1.48285E+11	5.34815E-4	3.05915E-1	-5.14955E-1	-8.98777E-1
1.48331E+11	5.33747E-4	9.00814E-1	-1.10928E+0	2.84813E-3
1.48378E+11	1.91174E-3	1.47855E+0	-1.23421E-1	1.17913E+0
1.48424E+11	5.57093E-4	6.48573E-1	1.05602E+0	2.14202E-1
1.48470E+11	4.31112E-4	8.18359E-1	4.30814E-1	-1.01082E+0
1.48516E+11	1.33916E-3	2.19969E+0	-1.17749E+0	-5.22487E-1
1.48562E+11	7.53465E-4	1.04975E+0	-5.95502E-1	9.58544E-1
1.48609E+11	3.33470E-4	1.83072E-1	6.00121E-1	8.26384E-1
1.48655E+11	6.07287E-4	1.40929E+0	1.16912E+0	-1.28490E-1
1.48701E+11	1.33669E-3	1.78216E+0	3.56854E-2	-1.22723E+0
1.48748E+11	3.40324E-4	1.07023E+0	-1.10854E+0	-2.24895E-1
1.48794E+11	3.89266E-4	4.80357E-1	-5.89757E-1	8.77007E-1
1.48840E+11	1.39328E-3	2.04359E+0	9.24811E-1	8.63485E-1
1.48886E+11	4.35573E-4	1.51317E+0	9.66171E-1	-6.95228E-1
1.48932E+11	2.76080E-4	6.22070E-1	-3.80178E-1	-1.00472E+0
1.48979E+11	7.89623E-4	1.70285E+0	-1.20866E+0	1.38608E-1
1.49025E+11	5.58909E-4	1.34674E+0	1.13624E-1	1.16217E+0
1.49071E+11	2.44427E-4	1.10958E+0	1.12981E+0	1.20932E-1
1.49118E+11	3.71143E-4	3.94303E-1	5.57603E-1	-8.85505E-1
1.49164E+11	9.67966E-4	1.46085E+0	-7.26451E-1	-9.33879E-1
1.49210E+11	2.31179E-4	1.00700E+0	-1.02233E+0	4.64544E-1
1.49256E+11	2.72101E-4	3.13392E-1	2.62713E-1	1.00290E+0
1.49302E+11	1.18040E-3	1.90043E+0	1.21753E+0	-2.58054E-1
1.49349E+11	3.12602E-4	1.13387E+0	-2.84798E-1	-1.10328E+0
1.49395E+11	2.48497E-4	1.23231E+0	-1.13473E+0	2.01232E-1
1.49441E+11	5.06001E-4	5.73880E-1	-3.70344E-1	1.00206E+0
1.49488E+11	5.66396E-4	1.70703E+0	9.79640E-1	7.22365E-1
1.49534E+11	2.30183E-4	1.48487E+0	9.54211E-1	-7.05059E-1
1.49580E+11	3.73759E-4	2.12659E-1	-4.49538E-1	-9.20924E-1
1.49626E+11	1.12040E-3	1.85124E+0	-1.20646E+0	2.75644E-1
1.49672E+11	2.68482E-4	1.50969E+0	8.68447E-2	1.18666E+0
1.49719E+11	3.04823E-4	9.97723E-1	1.11640E+0	1.09198E-1
1.49765E+11	6.93215E-4	2.79491E-1	6.28105E-1	-8.19729E-1
1.49811E+11	3.37564E-4	1.03404E+0	-6.83378E-1	-8.95448E-1
1.49858E+11	2.45558E-4	9.67788E-1	-9.88882E-1	5.21282E-1
1.49904E+11	5.68893E-4	3.92261E-2	2.96996E-1	9.59618E-1
1.49950E+11	6.20652E-4	1.38295E+0	1.17201E+0	-3.71373E-2
1.49996E+11	2.38957E-4	1.03600E+0	2.21778E-1	-1.10464E+0
1.50042E+11	3.99570E-4	3.58573E-1	-9.22558E-1	-4.84722E-1
1.50089E+11	6.45810E-4	2.10731E-2	-8.68525E-1	5.00529E-1
1.50135E+11	2.96285E-4	1.30322E+0	3.67602E-1	1.10219E+0
1.50181E+11	3.05944E-4	8.65475E-1	1.08361E+0	-2.15231E-1
1.50228E+11	6.86381E-4	-1.93511E-1	1.18486E-1	-9.70763E-1
1.50274E+11	5.45138E-4	1.63438E+0	-1.13333E+0	-4.15328E-1
1.50320E+11	2.60782E-4	5.84794E-1	-5.75302E-1	9.01759E-1
1.50366E+11	5.55118E-4	-2.46521E-1	5.66066E-1	7.90181E-1
1.50412E+11	5.12037E-4	-1.02010E-1	9.55228E-1	-2.53624E-1
1.50459E+11	2.90780E-4	8.41029E-1	-1.91392E-1	-1.08492E+0
1.50505E+11	4.20754E-4	7.06834E-1	-1.08080E+0	9.28422E-2
1.50551E+11	8.67584E-4	5.57612E-2	-2.81017E-1	9.66412E-1
1.50598E+11	3.59136E-4	1.00736E+0	9.75860E-1	5.55659E-1
1.50644E+11	2.87379E-4	5.77152E-1	7.89845E-1	-7.19912E-1
1.50690E+11	7.47125E-4	-1.77153E-1	-3.84489E-1	-9.01220E-1
1.50736E+11	4.25571E-4	7.06866E-1	-1.07049E+0	1.75545E-1
1.50782E+11	2.92248E-4	8.53157E-1	1.03618E-1	1.09833E+0
1.50829E+11	5.11274E-4	3.80316E-2	1.00383E+0	-3.35345E-2
1.50875E+11	7.05739E-4	3.27588E-2	2.35811E-1	-9.75687E-1
1.50921E+11	3.09045E-4	1.28645E-1	-9.32510E-1	-4.00612E-1
1.50968E+11	3.81494E-4	-2.55927E-1	-6.06579E-1	7.58179E-1
1.51014E+11	8.43529E-4	-9.86858E-1	4.11083E-1	7.92305E-1
1.51060E+11	3.31890E-4	-6.22773E-1	9.21525E-1	-1.31150E-1
1.51106E+11	3.29199E-4	-8.81289E-2	1.63583E-1	-9.76295E-1
1.51152E+11	6.68148E-4	-1.16271E+0	-7.56315E-1	-4.39439E-1
1.51199E+11	5.44421E-4	-1.31384E-1	-7.25340E-1	6.66395E-1
1.51245E+11	3.23845E-4	-3.64542E-1	4.61446E-1	8.40569E-1
1.51291E+11	5.52789E-4	-3.64493E-1	9.08892E-1	-3.05635E-1
1.51338E+11	8.78316E-4	-7.19377E-1	-8.76360E-2	-9.16335E-1
1.51384E+11	3.43547E-4	-2.56866E-1	-9.70109E-1	-3.81734E-2
1.51430E+11	4.39692E-4	-2.54976E-1	-3.34958E-1	9.11473E-1
1.51476E+11	1.21068E-3	-2.19715E-1	6.81736E-1	6.97068E-1
1.51522E+11	4.78124E-4	3.19076E-1	9.17214E-1	-4.84722E-1
1.51569E+11	3.97854E-4	2.27865E-1	-3.24592E-1	-9.73914E-1
1.51615E+11	7.64042E-4	-2.65500E-1	-9.46628E-1	2.11169E-1
1.51661E+11	8.25658E-4	5.87287E-1	2.46808E-1	1.04110E+0
1.51708E+11	4.07617E-4	4.39897E-1	1.03336E+0	-1.96887E-1
1.51754E+11	6.28414E-4	-1.85413E-1	7.54685E-3	-9.78851E-1
1.51800E+11	1.28733E-3	1.01525E-2	-8.95874E-1	-4.46934E-1
1.51846E+11	4.13124E-4	-2.01155E-1	-6.46269E-1	7.32854E-1
1.51892E+11	4.75975E-4	-2.63480E-1	5.30503E-1	8.12220E-1
1.51939E+11	9.32592E-4	-1.34769E+0	8.09359E-1	-2.79559E-1
1.51985E+11	6.00808E-4	3.03001E-2	-3.06376E-1	-9.55581E-1
1.52031E+11	3.79005E-4	-1.03917E+0	-8.68997E-1	1.78994E-1
1.52078E+11	7.72207E-4	-1.08635E+0	-8.05237E-2	8.78753E-1
1.52124E+11	1.02012E-3	-9.81876E-2	9.03788E-1	4.01015E-1
1.52170E+11	4.25701E-4	-3.48229E-1	5.72167E-1	-7.71734E-1
1.52216E+11	6.05100E-4	-1.19421E+0	-5.59686E-1	-6.68087E-1
1.52262E+11	1.38089E-3	-7.97443E-1	-8.69269E-1	2.76811E-1
1.52309E+11	5.76055E-4	3.49553E-1	2.78687E-1	1.00307E+0
1.52355E+11	5.08224E-4	-2.97638E-1	9.54248E-1	-1.52228E-1
1.52401E+11	9.10340E-4	-1.38346E+0	6.71929E-2	-8.50109E-1
1.52448E+11	8.86021E-4	1.03754E+0	-1.05972E+0	-3.83221E-1
1.52494E+11	4.99495E-4	5.18219E-1	-4.47309E-1	9.62627E-1
1.52540E+11	8.85064E-4	-6.88445E-1	7.61940E-1	5.22354E-1
1.52586E+11	1.28209E-3	2.41030E-1	9.02318E-1	-4.92840E-1
1.52632E+11	5.37497E-4	6.35101E-1	-4.36508E-1	-9.83327E-1
1.52679E+11	6.74877E-4	4.77517E-2	-9.89357E-1	1.79521E-1
1.52725E+11	8.85847E-4	-1.60793E+0	-1.04091E-1	8.24459E-1
1.52771E+11	6.49457E-4	6.89994E-1	1.04078E+0	2.98275E-1
1.52818E+11	5.06450E-4	2.43774E-1	2.67284E-1	-9.93124E-1
1.52864E+11	9.18822E-4	-1.24286E+0	-7.89976E-1	-3.56463E-1
1.52910E+11	9.66230E-4	8.22098E-1	-7.84415E-1	7.70124E-1
1.52956E+11	5.21295E-4	7.86588E-1	6.79373E-1	8.58493E-1
1.53002E+11	8.17415E-4	-5.29438E-1	8.50755E-1	-4.01803E-1
1.53049E+11	8.32680E-4	-9.78751E-1	1.03549E-1	-8.87413E-1
1.53095E+11	5.33885E-4	7.97580E-1	-1.08058E+0	-1.84223E-1
1.53141E+11	5.93061E-4	1.13365E-1	-2.19713E-1	9.89026E-1
1.53188E+11	8.14017E-4	-1.36510E+0	7.76421E-1	3.57003E-1
1.53234E+11	6.49584E-4	1.08620E+0	7.24169E-1	-8.71632E-1
1.53280E+11	4.63225E-4	9.40593E-1	-8.16223E-1	-7.58685E-1
1.53326E+11	9.86777E-4	1.90842E-3	-7.68570E-1	6.40110E-1
1.53373E+11	6.94506E-4	7.22038E-1	2.77250E-1	1.05072E+0
1.53419E+11	4.85604E-4	1.37831E+0	1.16082E+0	-1.61240E-1
1.53465E+11	6.44256E-4	3.83493E-1	1.50809E-1	-1.03420E+0
1.53511E+11	1.25950E-3	2.45890E-1	-8.71687E-1	-5.46272E-1
1.53557E+11	6.79044E-4	1.11422E+0	-7.95747E-1	8.11950E-1
1.53604E+11	5.53072E-4	4.30719E-1	6.59338E-1	8.18251E-1
1.53650E+11	1.43154E-3	-2.26664E-1	8.99607E-1	-3.73970E-1
1.53696E+11	7.81457E-4	1.10055E+0	-2.55958E-1	-1.10585E+0
1.53743E+11	6.54878E-4	1.80360E+0	-1.22124E+0	1.52948E-1
1.53789E+11	1.10173E-3	2.13831E-1	-2.25846E-1	9.99731E-1
1.53835E+11	1.50361E-3	8.96092E-1	9.54136E-1	5.64612E-1
1.53881E+11	6.16104E-4	7.06815E-1	8.24340E-1	-7.05128E-1
1.53927E+11	7.19656E-4	-1.29152E-1	-5.60726E-1	-8.10115E-1
1.53974E+11	1.93419E-3	1.74640E-1	-1.00361E+0	1.83858E-1
1.54020E+11	5.17575E-4	2.75631E-1	1.64721E-1	1.01901E+0
1.54066E+11	5.25463E-4	1.72591E-1	1.01727E+0	7.54678E-2
1.54113E+11	1.40428E-3	-4.40447E-1	4.83552E-1	-8.18372E-1
1.54159E+11	7.15475E-4	2.84581E-1	-6.74677E-1	-7.82645E-1
1.54205E+11	4.18965E-4	-4.39386E-1	-9.00443E-1	3.04926E-1
1.54251E+11	7.63936E-4	-7.64821E-1	4.24652E-2	9.14727E-1
1.54297E+11	1.47604E-3	9.84825E-1	1.11519E+0	1.04323E-1
1.54344E+11	4.89238E-4	8.82740E-1	3.29640E-2	-1.10648E+0
1.54390E+11	6.87290E-4	3.53485E-1	-1.01348E+0	-2.40132E-1
1.54436E+11	2.65490E-3	7.70695E-1	-6.55099E-1	8.74657E-1
1.54483E+11	5.79105E-4	7.68341E-1	6.66106E-1	8.65930E-1
1.54529E+11	5.17934E-4	1.28376E-1	9.58915E-1	-3.32390E-1
1.54575E+11	1.36467E-3	5.83777E-3	1.42782E-1	-9.90433E-1
1.54621E+11	8.71273E-4	1.24074E+0	-1.13722E+0	-1.93427E-1
1.54667E+11	4.40054E-4	4.51285E-1	-1.56526E-1	1.04163E+0
1.54714E+11	8.82993E-4	2.38079E-1	9.49420E-1	3.93639E-1
1.54760E+11	1.56304E-3	7.73469E-1	7.01769E-1	-8.38131E-1
1.54806E+11	4.41520E-4	7.90350E-1	-6.31336E-1	-8.94992E-1
1.54853E+11	5.81557E-4	-4.87290E-1	-9.09525E-1	2.58124E-1
1.54899E+11	2.54122E-3	6.60536E-1	-2.57595E-1	1.04781E+0
1.54945E+11	5.93448E-4	1.06963E+0	1.05340E+0	4.11854E-1
1.54991E+11	4.83713E-4	2.19121E-1	5.43999E-1	-8.69376E-1
1.55037E+11	9.38934E-4	-1.09790E+0	-4.25365E-1	-7.71808E-1
1.55084E+11	9.87658E-4	7.94485E-1	-1.05520E+0	2.95457E-1
1.55130E+11	4.70276E-4	8.55685E-1	1.24950E-1	1.09643E+0
1.55176E+11	9.28292E-4	-1.91895E-1	9.78149E-1	-3.09305E-4
1.55223E+11	2.57913E-3	1.33789E+0	4.43996E-1	-1.07873E+0
1.55269E+11	4.82882E-4	7.92427E-1	-9.60277E-1	-5.27294E-1
1.55315E+11	5.41226E-4	3.25162E-2	-7.84556E-1	6.26089E-1
1.55361E+11	1.02997E-3	-1.53190E+0	5.76855E-3	8.38291E-1
1.55407E+11	7.06634E-4	1.44215E+0	1.17417E+0	1.23203E-1
1.55454E+11	5.37620E-4	1.17958E+0	9.27776E-2	-1.14169E+0
1.55500E+11	1.71292E-3	5.76955E-1	-1.06854E+0	-1.71085E-2
1.55546E+11	1.70517E-3	1.47572E+0	-3.44866E-1	1.13390E+0
1.55593E+11	6.10404E-4	1.16162E+0	1.05293E+0	4.44977E-1
1.55639E+11	9.48193E-4	-1.99373E-1	7.59436E-1	-6.15132E-1
1.55685E+11	1.67348E-3	-9.17652E-1	7.15980E-3	-8.99712E-1
1.55731E+11	8.21587E-4	1.58323E+0	-1.19174E+0	-1.40080E-1
1.55777E+11	8.11945E-4	7.28081E-1	1.06077E-2	1.08739E+0
1.55824E+11	2.27776E-3	-4.55470E-1	9.45955E-1	-7.48639E-2
1.55870E+11	1.28025E-3	1.11811E+0	2.88850E-1	-1.10009E+0
1.55916E+11	7.65899E-4	1.54848E+0	-1.11256E+0	-4.36571E-1
1.55963E+11	1.66038E-3	1.84332E-1	-7.16645E-1	7.27858E-1
1.56009E+11	1.14043E-3	-7.17676E-1	1.74234E-1	9.04059E-1
1.56055E+11	6.30161E-4	1.04324E+0	1.12734E+0	-2.51311E-2
1.56101E+11	9.36526E-4	9.95055E-2	-1.94289E-2	-1.01134E+0
1.56147E+11	1.61060E-3	-1.08258E+0	-8.74944E-1	-1.17644E-1
1.56194E+11	7.12764E-4	3.57155E-1	-5.98438E-1	8.52986E-1
1.56240E+11	7.15351E-4	8.61358E-1	7.87149E-1	7.74447E-1
1.56286E+11	2.03572E-3	-1.25770E-1	8.96112E-1	-4.10412E-1
1.56333E+11	6.92048E-4	-4.26526E-1	-9.45521E-2	-9.47374E-1
1.56379E+11	6.27458E-4	1.56013E+0	-1.19497E+0	6.53311E-2
1.56425E+11	1.37432E-3	3.51235E-1	5.44951E-2	1.03984E+0
1.56471E+11	1.18333E-3	-2.54892E-1	8.98182E-1	3.69144E-1
1.56517E+11	6.31511E-4	8.86549E-1	8.94763E-1	-6.52582E-1
1.56564E+11	1.00754E-3	1.44708E+0	-4.16526E-1	-1.10541E+0
1.56610E+11	1.73828E-3	-6.27582E-1	-9.20434E-1	1.35094E-1
1.56656E+11	6.20060E-4	4.87999E-2	5.03837E-2	1.00437E+0
1.56703E+11	7.03957E-4	1.26309E+0	1.13636E+0	-2.15035E-1
1.56749E+11	2.18586E-3	3.72626E-1	-3.67839E-1	-9.76874E-1
1.56795E+11	7.64073E-4	-8.08348E-1	-8.92836E-1	-1.81687E-1
1.56841E+11	5.23135E-4	-1.47959E-1	-6.06866E-1	7.73446E-1
1.56887E+11	1.28506E-3	9.10831E-1	6.41452E-1	9.06576E-1
1.56934E+11	1.13865E-3	-9.75719E-1	7.70437E-1	-4.53000E-1
1.56980E+11	6.30713E-4	5.41081E-1	-3.78555E-1	-9.94675E-1
1.57026E+11	8.54546E-4	8.75144E-1	-1.02009E+0	4.27402E-1
1.57073E+11	1.95057E-3	-2.22552E-1	3.27104E-1	9.18177E-1
1.57119E+11	6.69761E-4	-9.61826E-1	8.77385E-1	1.77583E-1
1.57165E+11	7.19483E-4	1.71910E-1	4.60300E-1	-9.10221E-1
1.57211E+11	2.05937E-3	9.03921E-1	-8.98953E-1	-6.50587E-1
1.57257E+11	7.93611E-4	-1.72655E+0	-5.91187E-1	5.67856E-1
1.57304E+11	6.29670E-4	4.44605E-1	4.40877E-1	9.55733E-1
1.57350E+11	1.11767E-3	5.08825E-1	1.04621E+0	-1.72444E-1
1.57396E+11	1.86547E-3	6.04598E-2	1.23485E-1	-9.99385E-1
1.57443E+11	5.90771E-4	-1.20593E+0	-6.26232E-1	-6.04464E-1
1.57489E+11	8.71781E-4	1.52205E-1	-7.59219E-1	6.77683E-1
1.57535E+11	2.80446E-3	7.16906E-1	7.71975E-1	7.63894E-1
1.57581E+11	6.57353E-4	-2.08564E+0	5.13693E-1	-5.95614E-1
1.57627E+11	7.57976E-4	4.00953E-1	-3.74126E-1	-9.78135E-1
1.57674E+11	1.41198E-3	-2.81054E-1	-9.66356E-1	-5.90806E-2
1.57720E+11	1.72048E-3	-3.39663E-2	-4.20747E-1	9.02874E-1
1.57766E+11	6.64360E-4	-9.02887E-1	5.10008E-1	7.43089E-1
1.57813E+11	1.47662E-3	8.73777E-1	7.97186E-1	-7.66392E-1
1.57859E+11	3.12472E-3	8.35857E-1	-8.80807E-1	-6.60613E-1
1.57905E+11	7.71302E-4	-7.55128E-1	-4.74378E-1	7.84454E-1
1.57951E+11	8.92364E-4	7.25128E-1	4.32308E-1	9.97409E-1
1.57997E+11	2.03991E-3	1.05570E-1	1.01215E+0	1.25928E-2
1.58044E+11	1.08287E-3	4.73668E-2	4.80467E-1	-8.83243E-1
1.58090E+11	4.89115E-4	-9.62184E-1	-4.57751E-1	-7.69246E-1
1.58136E+11	1.53035E-3	4.60646E-1	-8.25226E-1	6.56429E-1
1.58183E+11	1.52336E-3	-1.95275E-1	6.45391E-1	7.34508E-1
1.58229E+11	4.09665E-4	-1.98655E+0	5.99356E-1	-5.23151E-1
1.58275E+11	6.85137E-4	-3.08738E-1	-6.10817E-2	-9.63145E-1
1.58321E+11	1.61192E-3	-4.64580E-1	-9.09246E-1	-2.67996E-1
1.58367E+11	5.72645E-4	-2.49979E-1	-6.30143E-1	7.39585E-1
1.58414E+11	4.23468E-4	-1.03529E+0	2.87488E-1	8.39792E-1
1.58460E+11	2.08880E-3	9.71283E-1	1.03424E+0	-4.25406E-1
1.58506E+11	8.14443E-4	6.06586E-1	-2.03827E-1	-1.05278E+0
1.58553E+11	3.31674E-4	-2.40427E-1	-9.72118E-1	-3.36126E-2
1.58599E+11	8.54221E-4	7.58882E-1	-6.96237E-1	8.40351E-1
1.58645E+11	9.80717E-4	1.93064E-1	6.58349E-1	7.82326E-1
1.58691E+11	3.37670E-4	3.84993E-1	9.04300E-1	-5.24345E-1
1.58737E+11	2.70550E-4	-1.57228E+0	-1.94074E-1	-8.11539E-1
1.58784E+11	1.92697E-3	8.25953E-1	-1.07927E+0	2.11294E-1
1.58830E+11	3.45601E-4	5.09170E-3	-1.70029E-1	9.86034E-1
1.58876E+11	2.71137E-4	-4.17611E-1	8.17779E-1	4.89447E-1
1.58923E+11	1.27936E-3	7.82744E-1	9.92495E-1	-4.60924E-1
1.58969E+11	5.16367E-4	3.20571E-1	-4.20257E-1	-9.48678E-1
1.59015E+11	3.00254E-4	6.84346E-1	-1.03071E+0	3.29088E-1
1.59061E+11	3.49409E-4	-1.74379E+0	5.56805E-2	8.16211E-1
1.59107E+11	1.28452E-3	1.08681E+0	1.13241E+0	4.45036E-2
1.59154E+11	2.70802E-4	4.88571E-2	3.66974E-1	-9.36292E-1
1.59200E+11	4.22010E-4	4.94439E-1	-8.05743E-1	-6.86558E-1
1.59246E+11	2.12877E-3	8.97085E-1	-9.97195E-1	4.84814E-1
1.59293E+11	4.68435E-4	6.03332E-1	5.66038E-1	9.10294E-1
1.59339E+11	3.82018E-4	5.90658E-1	9.45636E-1	-5.01457E-1
1.59385E+11	6.27056E-4	-1.80920E+0	-2.19525E-1	-7.81731E-1
1.59431E+11	9.00815E-4	1.14788E+0	-1.12974E+0	-1.61907E-1
1.59477E+11	3.06890E-4	-2.91701E-1	-5.43154E-1	8.00015E-1
1.59524E+11	6.38193E-4	5.80715E-1	6.32050E-1	8.62310E-1
1.59570E+11	1.92520E-3	9.20257E-1	1.05792E+0	-3.41782E-1
1.59616E+11	3.68196E-4	4.96936E-1	-5.76935E-1	-8.87904E-1
1.59663E+11	4.69706E-4	4.76248E-1	-9.52964E-1	4.55806E-1
1.59709E+11	1.38769E-3	-5.51471E-1	2.81137E-1	8.95384E-1
1.59755E+11	8.42708E-4	1.39658E+0	1.16256E+0	1.66570E-1
1.59801E+11	4.60299E-4	-2.93244E-1	5.05529E-1	-8.24104E-1
1.59847E+11	1.43865E-3	9.84892E-1	-7.13006E-1	-8.63815E-1
1.59894E+11	2.01092E-3	1.27841E+0	-1.08884E+0	3.95861E-1
1.59940E+11	7.03007E-4	1.50007E+0	6.60864E-1	9.87835E-1
1.59986E+11	8.72370E-4	6.90102E-1	1.04942E+0	-2.66363E-1
1.60033E+11	1.52913E-3	1.19427E-1	-2.06811E-1	-9.92527E-1
1.60079E+11	5.37714E-4	1.76604E+0	-1.19817E+0	-2.57229E-1
1.60125E+11	3.22986E-4	1.41140E-1	-3.87987E-1	9.39414E-1
1.60171E+11	1.40812E-3	1.14574E+0	9.00463E-1	7.00754E-1
1.60217E+11	6.76545E-4	7.55004E-1	8.76611E-1	-6.49173E-1
1.60264E+11	4.22299E-4	1.50851E+0	-8.12674E-1	-8.68832E-1
1.60310E+11	8.77997E-4	6.53372E-1	-1.02130E+0	3.45381E-1
1.60356E+11	1.46751E-3	1.49905E+0	1.53384E-1	1.17843E+0
1.60403E+11	7.10081E-4	2.53585E+0	1.29187E+0	3.52270E-1
1.60449E+11	7.27570E-4	5.69410E-1	4.17413E-1	-9.82783E-1
1.60495E+11	2.73181E-3	1.69447E+0	-9.66376E-1	-7.37118E-1
1.60541E+11	8.33855E-4	9.29943E-1	-7.27998E-1	8.41902E-1
1.60587E+11	7.13661E-4	1.55309E+0	9.71549E-1	6.97139E-1
1.60634E+11	1.51698E-3	4.70190E-1	8.93577E-1	-5.62018E-1
1.60680E+11	1.39005E-3	1.17404E+0	-3.99754E-1	-1.07266E+0
1.60726E+11	8.10703E-4	2.05956E+0	-1.26463E+0	-8.65247E-2
1.60773E+11	1.00249E-3	4.20254E-3	-1.97306E-1	9.80836E-1
1.60819E+11	2.34917E-3	1.11788E+0	9.52764E-1	6.21131E-1
1.60865E+11	6.20493E-4	-1.49069E-1	6.34006E-1	-7.51195E-1
1.60911E+11	7.99472E-4	1.12376E+0	-8.30981E-1	-7.77680E-1
1.60957E+11	1.89134E-3	-1.26636E-1	-8.85302E-1	4.33015E-1
1.61004E+11	1.07429E-3	1.36766E+0	2.85926E-1	1.13507E+0
1.61050E+11	7.01880E-4	1.32038E+0	1.14999E+0	1.81205E-1
1.61096E+11	1.55027E-3	5.54565E-1	3.30492E-1	-1.01340E+0
1.61143E+11	1.58101E-3	1.06952E+0	-8.89491E-1	-6.98602E-1
1.61189E+11	5.42487E-4	3.57780E-1	-6.98980E-1	7.72850E-1
1.61235E+11	7.89045E-4	2.78722E-1	5.37058E-1	8.81958E-1
1.61281E+11	1.77846E-3	-1.01270E-1	9.69638E-1	-1.91715E-1
1.61327E+11	7.33627E-4	1.40905E+0	7.19259E-2	-1.17392E+0
1.61374E+11	6.75371E-4	1.04897E+0	-1.07759E+0	-3.34675E-1
1.61420E+11	2.15143E-3	6.57171E-1	-4.85709E-1	9.63045E-1
1.61466E+11	9.23938E-4	9.16184E-1	7.96282E-1	7.75110E-1
1.61513E+11	5.26386E-4	9.05067E-1	9.20967E-1	-6.19294E-1
1.61559E+11	1.17942E-3	6.12308E-1	-2.94475E-1	-1.03184E+0
1.61605E+11	1.43172E-3	7.49302E-1	-1.06123E+0	-2.49183E-1
1.61651E+11	6.28760E-4	1.63618E+0	-4.32970E-1	1.12697E+0
1.61697E+11	7.64015E-4	1.13265E+0	1.01659E+0	5.14313E-1
1.61744E+11	2.42509E-3	5.73181E-1	4.36166E-1	-9.75113E-1
1.61790E+11	6.36288E-4	6.39469E-1	-8.63093E-1	-6.43200E-1
1.61836E+11	5.78385E-4	7.21461E-1	-8.36324E-1	6.93744E-1
1.61883E+11	1.37014E-3	-1.25473E-2	2.93250E-2	9.98126E-1
1.61929E+11	8.46474E-4	5.07686E-1	9.10096E-1	5.43812E-1
1.61975E+11	5.53997E-4	1.53841E+0	8.24125E-1	-8.63657E-1
1.62021E+11	8.81964E-4	8.30018E-1	-8.46496E-1	-7.02885E-1
1.62067E+11	1.91496E-3	1.01309E+0	-7.49052E-1	8.37643E-1
1.62114E+11	5.29079E-4	1.35801E+0	8.91127E-1	7.56966E-1
1.62160E+11	7.61497E-4	1.68106E+0	1.01938E+0	-6.58440E-1
1.62206E+11	1.64130E-3	-1.91376E-2	-6.40079E-2	-9.95744E-1
1.62253E+11	6.95259E-4	9.62525E-1	-9.44420E-1	-5.96808E-1
1.62299E+11	5.20517E-4	8.20381E-1	6.07770E-2	1.09737E+0
1.62345E+11	1.31250E-3	5.37556E-1	1.06384E+0	-1.97740E-3
1.62391E+11	1.08830E-3	-2.16774E-1	2.71520E-1	-9.36797E-1
1.62437E+11	5.32134E-4	9.82986E-1	-1.05800E+0	-3.66938E-1
1.62484E+11	8.82956E-4	3.75937E-1	-6.64889E-1	8.05197E-1
1.62530E+11	1.93660E-3	1.79543E-1	4.97845E-1	8.91268E-1
1.62576E+11	5.78316E-4	4.69967E-1	1.05125E+0	-9.57077E-2
1.62623E+11	6.87625E-4	5.60191E-1	-8.14199E-2	-1.06351E+0
1.62669E+11	1.87804E-3	-1.68316E-1	-9.80283E-1	3.20921E-2
1.62715E+11	7.23603E-4	-1.03987E+0	-3.54480E-1	8.13273E-1
1.62761E+11	6.11855E-4	9.97317E-1	8.37319E-1	7.46355E-1
1.62807E+11	1.54985E-3	6.25476E-1	9.52354E-1	-4.97926E-1
1.62854E+11	1.17917E-3	-5.20121E-1	-2.13837E-1	-9.17281E-1
1.62900E+11	5.38902E-4	5.48045E-1	-1.06451E+0	-3.64410E-2
1.62946E+11	8.39090E-4	-1.10776E-1	1.06660E-1	9.81549E-1
1.62993E+11	2.08612E-3	9.26485E-4	9.99252E-1	4.13457E-2
1.63039E+11	4.45165E-4	-1.68927E+0	4.76519E-1	-6.71331E-1
1.63085E+11	6.01578E-4	7.67092E-1	-6.93851E-1	-8.43659E-1
1.63131E+11	2.04089E-3	3.45667E-1	-9.52627E-1	4.18745E-1
1.63177E+11	7.48313E-4	1.08692E-2	3.45392E-1	9.39793E-1
1.63224E+11	4.60101E-4	6.63599E-1	1.07919E+0	-2.11418E-2
1.63270E+11	1.31774E-3	4.67747E-1	-8.28577E-2	-1.05207E+0
1.63316E+11	1.37718E-3	-4.10501E-2	-9.28590E-1	-3.58208E-1
1.63363E+11	2.88574E-4	-2.57595E+0	-5.52957E-1	4.96821E-1
1.63409E+11	7.57110E-4	1.18153E+0	2.55820E-1	1.11679E+0
1.63455E+11	2.28054E-3	6.05117E-1	1.06033E+0	-1.58788E-1
1.63501E+11	5.61897E-4	2.05938E-1	-1.25831E-1	-1.01623E+0
1.63547E+11	4.31179E-4	4.76164E-1	-1.04751E+0	-1.36346E-1
1.63594E+11	2.33045E-3	1.04001E+0	-1.83491E-1	1.11216E+0
1.63640E+11	7.72182E-4	-1.40090E-1	7.87959E-1	5.89389E-1
1.63686E+11	2.60350E-4	-2.01720E+0	7.42043E-1	-2.78991E-1
1.63733E+11	8.73358E-4	5.30173E-1	8.06419E-2	-1.05988E+0
1.63779E+11	1.31128E-3	-6.03732E-1	-9.25215E-1	-1.19132E-1
1.63825E+11	3.80195E-4	-7.12650E-1	-1.13766E-1	9.14177E-1
1.63871E+11	3.56164E-4	-9.59066E-1	7.50845E-1	4.87937E-1
1.63917E+11	2.58915E-3	2.31794E-1	6.46765E-1	-7.97820E-1
1.63964E+11	4.67016E-4	-6.56528E-1	-4.07206E-1	-8.32997E-1
1.64010E+11	2.82985E-4	-2.02536E+0	-7.72729E-1	1.73708E-1
1.64056E+11	1.20568E-3	6.02864E-2	-1.75965E-1	9.91471E-1
1.64103E+11	8.17418E-4	-4.26712E-1	9.51690E-1	2.65487E-2
1.64149E+11	3.61430E-4	-3.23667E-1	1.07467E-1	-9.57410E-1
1.64195E+11	3.58716E-4	-2.06937E+0	-5.89842E-1	-5.22537E-1
1.64241E+11	1.96494E-3	-1.04072E-1	-7.76344E-1	6.11238E-1
1.64287E+11	3.25234E-4	-1.58605E+0	1.39245E-1	8.21382E-1
1.64334E+11	3.93983E-4	-1.03717E+0	8.85327E-1	6.12773E-2
1.64380E+11	1.98838E-3	-5.72416E-2	4.42988E-1	-8.89195E-1
1.64426E+11	5.16026E-4	-4.82234E-1	-8.94486E-1	-3.07895E-1
1.64473E+11	3.12361E-4	-1.07908E+0	-4.97883E-1	7.29457E-1
1.64519E+11	4.21519E-4	-3.63254E+0	2.66786E-1	6.01732E-1
1.64565E+11	1.14415E-3	-2.93459E-1	9.65063E-1	-5.75758E-2
1.64611E+11	3.48006E-4	-1.03410E+0	5.62123E-2	-8.85978E-1
1.64657E+11	5.65794E-4	-1.12141E+0	-8.78814E-1	1.07889E-2
1.64704E+11	2.69880E-3	-3.03035E-1	-4.68371E-1	8.44530E-1
1.64750E+11	4.27634E-4	-4.96019E-1	7.65180E-1	5.53686E-1
1.64796E+11	4.28378E-4	-1.00127E+0	7.43896E-1	-4.90627E-1
1.64843E+11	5.75271E-4	-4.13383E+0	-1.08695E-1	-6.11729E-1
1.64889E+11	6.87478E-4	-6.56701E-1	-9.13801E-1	-1.56953E-1
1.64935E+11	3.39018E-4	-1.45471E+0	-3.03153E-1	7.89598E-1
1.64981E+11	9.27432E-4	-1.19807E+0	7.87044E-1	3.73466E-1
1.65027E+11	1.50453E-3	-1.20747E+0	7.09746E-1	-5.03522E-1
1.65074E+11	3.94099E-4	-7.23688E-1	-4.97236E-1	-7.74122E-1
1.65120E+11	5.88275E-4	-1.02016E+0	-8.77788E-1	1.41909E-1
1.65166E+11	9.70784E-4	-2.78866E+0	1.35668E-3	7.25381E-1
1.65213E+11	6.22823E-4	7.82568E-2	8.47352E-1	5.47885E-1
1.65259E+11	4.84501E-4	-7.44383E-1	5.71247E-1	-7.18443E-1
1.65305E+11	1.48937E-3	-5.27554E-1	-5.89843E-1	-7.33280E-1
1.65351E+11	8.86070E-4	-1.62004E+0	-8.21496E-1	1.17432E-1
1.65397E+11	4.29904E-4	-5.81464E-1	-2.39619E-2	9.34941E-1
1.65444E+11	8.21547E-4	-1.21759E+0	8.21042E-1	2.85307E-1
1.65490E+11	8.93506E-4	-2.54754E+0	2.90679E-1	-6.86822E-1
1.65536E+11	4.87680E-4	-4.60277E-1	-7.03488E-1	-6.36038E-1
1.65583E+11	5.67383E-4	-9.71365E-1	-5.46698E-1	7.07604E-1
1.65629E+11	1.69271E-3	-8.37155E-1	6.21418E-1	6.62207E-1
1.65675E+11	4.61464E-4	-2.98279E+0	7.06061E-1	-6.82264E-2
1.65721E+11	4.63333E-4	-6.49917E-1	1.64689E-1	-9.13175E-1
1.65767E+11	1.15557E-3	-9.12938E-1	-7.80020E-1	-4.49423E-1
1.65814E+11	8.23909E-4	-1.29669E+0	-5.44319E-1	6.67527E-1
1.65860E+11	5.00536E-4	1.30404E-1	4.70807E-1	8.99346E-1
1.65906E+11	8.29484E-4	-3.11033E-1	8.13638E-1	-5.18536E-1
1.65953E+11	1.89267E-3	-2.29675E-1	-4.79115E-1	-8.47902E-1
1.65999E+11	3.66466E-4	-3.86881E+0	-6.39476E-1	3.72453E-2
1.66045E+11	6.95609E-4	5.70199E-2	-1.19082E-1	9.99518E-1
1.66091E+11	1.71135E-3	-1.07062E+0	8.15304E-1	3.41754E-1
1.66137E+11	9.52893E-4	-5.36341E-1	5.21056E-1	-7.82512E-1
1.66184E+11	6.51326E-4	-3.02860E-1	-4.05160E-1	-8.76633E-1
1.66230E+11	1.66509E-3	-7.03617E-2	-8.84969E-1	4.48061E-1
1.66276E+11	1.71913E-3	-4.90293E-1	2.69765E-1	9.05799E-1
1.66323E+11	4.95805E-4	-2.73713E+0	7.20598E-1	-1.14881E-1
1.66369E+11	1.11281E-3	8.48127E-2	2.49180E-1	-9.78586E-1
1.66415E+11	2.50307E-3	-7.75545E-1	-8.69228E-1	-2.84434E-1
1.66461E+11	1.00411E-3	-6.09070E-1	-4.07180E-1	8.38660E-1
1.66507E+11	8.04055E-4	-6.78582E-1	5.12453E-1	7.69895E-1
1.66554E+11	2.87105E-3	4.30114E-1	8.12335E-1	-6.66498E-1
1.66600E+11	1.64106E-3	-2.72952E-2	-4.16123E-1	-9.05857E-1
1.66646E+11	6.30781E-4	-2.21004E+0	-7.36396E-1	2.42670E-1
1.66693E+11	1.67439E-3	7.40262E-1	-2.03080E-1	1.06986E+0
1.66739E+11	2.71276E-3	3.27087E-2	9.76081E-1	2.34148E-1
1.66785E+11	1.10430E-3	1.28351E-1	4.12704E-1	-9.27184E-1
1.66831E+11	7.60262E-4	-1.42729E+0	-4.37737E-1	-7.26832E-1
1.66877E+11	4.24195E-3	8.90359E-1	-8.39500E-1	7.23036E-1
1.66924E+11	1.47238E-3	2.75286E-1	5.27106E-1	8.87467E-1
1.66970E+11	9.30935E-4	-5.43216E-1	7.74739E-1	-5.31230E-1
1.67016E+11	2.33246E-3	9.54682E-1	-9.45124E-2	-1.11217E+0
1.67063E+11	1.97485E-3	2.26234E-1	-1.01720E+0	1.37004E-1
1.67109E+11	9.38399E-4	3.24991E-1	-1.04835E-1	1.03282E+0
1.67155E+11	5.50077E-4	-3.43705E+0	5.78991E-1	3.43474E-1
1.67201E+11	4.28009E-3	1.22466E+0	7.61345E-1	-8.63781E-1
1.67247E+11	8.88545E-4	-8.91505E-2	-5.68703E-1	-8.10098E-1
1.67294E+11	7.94404E-4	-4.68255E-1	-8.17380E-1	4.79249E-1
1.67340E+11	2.73685E-3	1.13891E+0	-5.62008E-2	1.13872E+0
1.67386E+11	1.40742E-3	1.06352E+0	1.12377E+0	-1.20883E-1
1.67433E+11	8.73206E-4	9.77413E-1	4.28712E-2	-1.11828E+0
1.67479E+11	6.77177E-4	-2.50127E+0	-7.29894E-1	-1.71556E-1
1.67525E+11	3.42016E-3	2.32000E+0	-6.36599E-1	1.14054E+0
1.67571E+11	8.25309E-4	1.05048E+0	9.46502E-1	6.14636E-1
1.67617E+11	1.07905E-3	1.12843E+0	7.29208E-1	-8.74623E-1
1.67664E+11	2.86631E-3	1.37423E+0	-1.80706E-1	-1.15739E+0
1.67710E+11	1.15530E-3	2.27052E+0	-1.22950E+0	4.18444E-1
1.67756E+11	7.65329E-4	1.56227E+0	1.99820E-1	1.18026E+0
1.67803E+11	8.93243E-4	-1.28568E+0	8.61269E-1	-4.44449E-2
1.67849E+11	2.16955E-3	3.03857E+0	5.66307E-1	-1.30091E+0
1.67895E+11	5.83013E-4	1.71903E+0	-1.16371E+0	-3.62452E-1
1.67941E+11	1.10665E-3	1.72035E+0	-4.46754E-1	1.13422E+0
1.67987E+11	1.59249E-3	-1.94850E-3	4.60046E-1	8.87643E-1
1.68034E+11	6.19427E-4	2.85850E+0	9.76684E-1	-9.88630E-1
1.68080E+11	6.05872E-4	1.84744E+0	-7.14184E-1	-1.01001E+0
1.68126E+11	1.33288E-3	6.15070E-1	-9.47737E-1	5.03924E-1
1.68173E+11	9.48876E-4	3.64308E+0	-1.85879E-1	1.50969E+0
1.68219E+11	4.38208E-4	2.88291E+0	1.39254E+0	5.49177E-2
1.68265E+11	1.23491E-3	2.45729E+0	2.71807E-1	-1.29884E+0
1.68311E+11	5.92260E-4	-5.59097E-1	-6.84816E-1	-6.40494E-1
1.68357E+11	4.27947E-4	4.29099E+0	-9.93974E-1	1.30306E+0
1.68404E+11	5.90549E-4	2.35298E+0	9.88347E-1	8.61545E-1
1.68450E+11	9.73017E-4	1.07869E+0	7.66728E-1	-8.33110E-1
1.68496E+11	4.56236E-4	3.00735E+0	-2.57676E-1	-1.39005E+0
1.68543E+11	3.70976E-4	2.98434E+0	-1.28775E+0	5.74267E-1
1.68589E+11	1.32109E-3	1.43405E+0	2.53297E-1	1.15199E+0
1.68635E+11	2.12914E-4	-2.13457E+0	7.62797E-1	1.72765E-1
1.68681E+11	2.81221E-4	3.44638E+0	6.65960E-1	-1.32957E+0
1.68727E+11	7.09777E-4	1.77092E+0	-1.08426E+0	-5.72581E-1
1.68774E+11	5.48800E-4	1.01037E+0	-6.59071E-1	9.09704E-1
1.68820E+11	2.21312E-4	2.03879E+0	2.86673E-1	1.23164E+0
1.68866E+11	3.87092E-4	2.90533E+0	1.24588E+0	-6.32478E-1
1.68913E+11	1.18784E-3	1.59214E+0	-4.91874E-1	-1.09585E+0
1.68959E+11	1.38326E-4	-1.27286E+0	-7.91489E-1	3.45690E-1
1.69005E+11	2.44637E-4	3.53187E+0	1.80884E-1	1.49080E+0
1.69051E+11	1.18907E-3	1.77050E+0	1.20070E+0	-2.48272E-1
1.69097E+11	2.64441E-4	6.81864E-1	5.17100E-2	-1.08043E+0
1.69144E+11	1.22952E-4	2.81258E-1	-7.13194E-1	-7.47168E-1
1.69190E+11	5.11893E-4	2.38850E+0	-8.78454E-1	9.80573E-1
1.69236E+11	5.40855E-4	1.21442E+0	7.19042E-1	8.97564E-1
1.69283E+11	1.07605E-4	-1.04388E+0	7.38505E-1	-4.90869E-1
1.69329E+11	2.24695E-4	2.64181E+0	-1.64667E-1	-1.34543E+0
1.69375E+11	1.49802E-3	1.69032E+0	-1.15154E+0	3.87019E-1
1.69421E+11	1.65599E-4	7.03023E-1	2.13562E-1	1.06306E+0
1.69467E+11	8.97271E-5	-1.31809E+0	8.18231E-1	2.62160E-1
1.69514E+11	8.27461E-4	2.29982E+0	3.10974E-1	-1.26549E+0
1.69560E+11	2.84985E-4	8.44987E-1	-1.02850E+0	-3.96203E-1
1.69606E+11	9.66608E-5	-2.17223E-1	-5.25554E-1	8.21587E-1
1.69653E+11	2.51791E-4	1.86494E+0	4.54010E-1	1.15336E+0
1.69699E+11	7.85385E-4	1.73014E+0	1.05947E+0	-6.05742E-1
1.69745E+11	1.31258E-4	8.65493E-1	-3.86142E-1	-1.03510E+0
1.69791E+11	8.13479E-5	-2.44523E+0	-7.54576E-1	-9.64843E-3
1.69837E+11	1.37678E-3	2.13488E+0	-4.36906E-3	1.27862E+0
1.69884E+11	1.60410E-4	9.99279E-1	1.11461E+0	-1.27933E-1
1.69930E+11	1.26411E-4	3.81458E-1	2.55862E-2	-1.04458E+0
1.69976E+11	3.26400E-4	8.87031E-1	-8.84433E-1	-6.66617E-1
1.70023E+11	5.07844E-4	1.67823E+0	-6.96994E-1	9.92931E-1
1.70069E+11	1.34237E-4	4.01671E-1	7.58830E-1	7.21857E-1
1.70115E+11	1.45504E-4	-2.25218E+0	6.94181E-1	-3.36861E-1
1.70161E+11	1.66411E-3	1.02681E+0	3.60518E-2	-1.12491E+0
1.70207E+11	1.65608E-4	2.55408E-1	-1.02382E+0	-1.11212E-1
1.70254E+11	1.52351E-4	-8.16982E-1	-2.42290E-1	8.77390E-1
1.70300E+11	4.32751E-4	-1.05486E+0	6.04613E-1	6.47147E-1
1.70346E+11	3.00049E-4	3.92530E-1	7.41177E-1	-7.38411E-1
1.70393E+11	1.32866E-4	-5.11361E-1	-5.61530E-1	-7.57368E-1
1.70439E+11	2.67882E-4	-2.11916E+0	-7.04076E-1	3.43740E-1
1.70485E+11	8.87380E-4	8.32425E-1	-1.38835E-1	1.09179E+0
1.70531E+11	1.59525E-4	1.72878E+0	1.07507E+0	5.77213E-1
1.70577E+11	2.22664E-4	4.14103E+0	1.31088E+0	-9.36155E-1
1.70624E+11	6.00651E-4	8.24806E+0	7.58497E-1	-2.47086E+0
1.70670E+11	2.40543E-4	2.94425E+1	-2.29656E+1	-1.87646E+1
1.70716E+11	1.75870E-4	5.57516E+1	-5.78728E+2	2.02609E+2
1.70763E+11	6.28333E-4	5.86045E+1	-3.34856E+2	7.82982E+2
1.70809E+11	4.86992E-4	9.70491E+1	-6.83796E+4	-1.98254E+4
1.70855E+11	1.83165E-4	8.46928E+1	-6.97215E+3	-1.56851E+4
1.70901E+11	4.08562E-4	8.05156E+1	4.87637E+2	-1.06004E+4
1.70947E+11	4.32829E-4	6.28166E+1	7.07023E+2	-1.18865E+3
1.70994E+11	1.80928E-4	4.58016E+1	-1.09684E+2	-1.61254E+2
1.71040E+11	2.45921E-4	1.07304E+1	-3.04461E+0	1.60056E+0
1.71086E+11	8.42305E-4	9.45779E-1	7.63465E-1	8.12667E-1
1.71133E+11	3.03943E-4	-3.44591E-1	8.38978E-1	-4.68867E-1
1.71179E+11	1.94163E-4	-1.32916E-1	-5.43983E-1	-8.20939E-1
1.71225E+11	7.73550E-4	-3.12596E-1	-6.21728E-1	7.37567E-1
1.71271E+11	2.94771E-4	-2.97456E+0	5.94114E-1	3.88793E-1
1.71317E+11	1.91571E-4	-1.15930E+0	4.68243E-1	-7.39235E-1
1.71364E+11	4.64750E-4	4.26938E-2	-8.77484E-1	-4.89797E-1
1.71410E+11	9.58136E-4	-5.58433E-1	-5.80728E-1	7.36271E-1
1.71456E+11	2.84253E-4	-8.08235E-1	2.58476E-1	8.73715E-1
1.71503E+11	2.50755E-4	-1.11631E-1	9.72677E-1	1.68887E-1
1.71549E+11	1.40880E-3	1.39246E+0	6.14687E-1	-1.00007E+0
1.71595E+11	2.89014E-4	-8.88440E-1	-4.07460E-1	-8.05589E-1
1.71641E+11	2.12505E-4	-5.27727E-1	-8.95140E-1	-2.90349E-1
1.71687E+11	7.85284E-4	1.29499E+0	-7.73849E-1	8.65198E-1
1.71734E+11	9.04242E-4	4.98529E-1	7.06401E-1	7.89073E-1
1.71780E+11	2.63052E-4	-1.22638E+0	8.17342E-1	-2.93149E-1
1.71826E+11	3.00426E-4	-1.24024E+0	-2.17219E-2	-8.66666E-1
1.71873E+11	1.94574E-3	1.28223E-1	-1.00996E+0	9.96979E-2
1.71919E+11	3.27783E-4	-1.39888E+0	7.08570E-3	8.51218E-1
1.71965E+11	2.92858E-4	-1.45367E+0	8.02535E-1	2.67351E-1
1.72011E+11	1.22934E-3	-9.16922E-2	7.17247E-1	-6.81664E-1
1.72057E+11	6.32362E-4	-5.87216E-1	-5.63510E-1	-7.45646E-1
1.72104E+11	2.40356E-4	-2.52817E+0	-7.22707E-1	1.90787E-1
1.72150E+11	3.34161E-4	-2.84761E+0	-2.90400E-2	7.19891E-1
1.72196E+11	1.46607E-3	-3.55779E-1	9.56379E-1	8.17540E-2
1.72243E+11	3.34624E-4	-1.08051E+0	2.04011E-1	-8.59137E-1
1.72289E+11	3.58212E-4	-1.62905E+0	-6.77274E-1	-4.78037E-1
1.72335E+11	1.60427E-3	-6.90972E-1	-7.66523E-1	5.15124E-1
1.72381E+11	5.12606E-4	-7.06873E-1	5.31666E-1	7.53076E-1
1.72427E+11	2.81823E-4	-2.62633E+0	6.14946E-1	-4.09952E-1
1.72474E+11	4.19721E-4	-3.51348E+0	-5.09547E-2	-6.65359E-1
1.72520E+11	1.10317E-3	-2.29728E-1	-9.71424E-1	-6.93825E-2
1.72566E+11	3.91812E-4	-5.21397E-1	5.18071E-2	9.40312E-1
1.72613E+11	4.92708E-4	-1.87704E+0	7.59930E-1	2.67548E-1
1.72659E+11	1.78022E-3	-1.04821E+0	6.94458E-1	-5.50715E-1
1.72705E+11	5.00240E-4	-5.31560E-1	-5.21002E-1	-7.83170E-1
1.72751E+11	4.44060E-4	-1.33666E+0	-6.78086E-1	5.24671E-1
1.72797E+11	3.68830E-4	-4.80129E+0	2.63591E-1	5.11423E-1
1.72844E+11	7.89157E-4	-1.26414E-1	8.96258E-1	-4.09918E-1
1.72890E+11	4.14423E-4	-4.23818E-1	-5.30367E-1	-7.91033E-1
1.72936E+11	6.63973E-4	-1.57850E+0	-7.69922E-1	3.20133E-1
1.72983E+11	1.18258E-3	-1.70625E+0	-6.87849E-2	8.18767E-1
1.73029E+11	3.86720E-4	-2.12771E-1	9.74312E-1	5.38890E-2
1.73075E+11	3.22220E-4	-8.10826E-1	5.58589E-3	-9.10858E-1
1.73121E+11	6.41998E-4	-3.07654E+0	-6.72266E-1	-2.01220E-1
1.73167E+11	5.03018E-4	-6.16360E-1	-7.52829E-1	5.48578E-1
1.73214E+11	4.28884E-4	-1.19309E-1	5.87242E-1	7.92496E-1
1.73260E+11	6.65030E-4	-2.45424E+0	6.45779E-1	-3.88932E-1
1.73306E+11	6.59133E-4	-2.34851E+0	-1.36869E-1	-7.50713E-1
1.73353E+11	3.54326E-4	-3.31158E-1	-9.13069E-1	3.04774E-1
1.73399E+11	6.83871E-4	-4.31259E-1	4.07572E-1	8.59857E-1
1.73445E+11	4.65536E-4	-3.75917E+0	6.34111E-1	-1.36786E-1
1.73491E+11	3.65994E-4	-7.03004E-1	4.17383E-1	-8.22400E-1
1.73537E+11	4.02686E-4	5.75307E-2	-8.91156E-1	-4.68163E-1
1.73584E+11	9.53519E-4	-1.32947E+0	-4.19930E-1	7.48301E-1
1.73630E+11	3.37299E-4	-3.21213E+0	2.90970E-1	6.26603E-1
1.73676E+11	2.87567E-4	-1.03983E-1	8.62882E-1	-4.81431E-1
1.73723E+11	7.77403E-4	-3.24445E-1	-6.20297E-1	-7.37053E-1
1.73769E+11	4.49313E-4	-2.01730E+0	-5.75133E-1	5.45591E-1
1.73815E+11	2.16090E-4	-1.31742E+0	1.08583E-1	8.52380E-1
1.73861E+11	4.05266E-4	5.89108E-2	9.68842E-1	-2.73866E-1
1.73907E+11	6.63373E-4	-2.00484E+0	-1.96470E-1	-7.69190E-1
1.73954E+11	1.18173E-4	-5.55285E+0	-5.10800E-1	-1.32334E-1
1.74000E+11	2.10657E-4	-5.58566E-1	-4.31835E-1	8.32365E-1
