Position	Channel 1	Channel 2	Channel 3	Channel 4
1.00000E+11	1.93340E-12	-2.39657E+1	-6.21009E-2	-1.24961E-2
1.00046E+11	2.13269E-13	-3.15503E+1	-2.29269E-2	1.31968E-2
1.00093E+11	8.60410E-14	-3.27241E+1	-2.06593E-2	-1.03566E-2
1.00139E+11	2.32114E-12	-1.94323E+1	9.36295E-2	5.12839E-2
1.00185E+11	1.38136E-12	-1.91524E+1	-7.78258E-2	7.80921E-2
1.00231E+11	2.19525E-12	-1.59457E+1	-1.38181E-1	7.96312E-2
1.00278E+11	1.60982E-11	-1.04955E+1	-1.15073E-2	2.98472E-1
1.00324E+11	1.71969E-12	-1.93520E+1	1.04412E-1	-2.65922E-2
1.00370E+11	7.84303E-12	-1.20202E+1	1.06027E-1	-2.27071E-1
1.00416E+11	3.99660E-11	-7.41975E+0	-4.20082E-1	-6.83791E-2
1.00463E+11	6.63810E-11	-5.88191E+0	-1.04926E-1	4.97095E-1
1.00509E+11	2.27713E-11	-6.90938E+0	3.69400E-1	2.59378E-1
1.00555E+11	5.03087E-11	-6.04424E+0	4.54105E-1	-2.05989E-1
1.00601E+11	9.08079E-11	-4.33264E+0	-1.40265E-1	-5.90829E-1
1.00648E+11	3.73096E-11	-5.54606E+0	-5.28076E-1	8.43990E-4
1.00694E+11	5.76011E-11	-6.71817E+0	-1.69970E-1	4.28969E-1
1.00740E+11	9.02474E-11	-6.90459E+0	4.08957E-1	1.91603E-1
1.00786E+11	3.33996E-11	-6.79176E+0	2.08118E-1	-4.07447E-1
1.00833E+11	4.81469E-11	-6.98369E+0	-2.31156E-1	-3.83202E-1
1.00879E+11	1.20751E-10	-5.68715E+0	-4.85263E-1	1.85663E-1
1.00925E+11	6.39566E-11	-5.10488E+0	1.85141E-2	5.55283E-1
1.00971E+11	9.91483E-11	-7.14559E+0	4.39010E-1	1.47887E-2
1.01018E+11	1.61787E-10	-7.29563E+0	9.62874E-2	-4.20862E-1
1.01064E+11	6.97353E-11	-6.87702E+0	-4.03056E-1	-2.06889E-1
1.01110E+11	8.60114E-11	-7.56189E+0	-2.63189E-1	3.25643E-1
1.01156E+11	7.37222E-11	-1.04588E+1	1.82059E-1	2.38387E-1
1.01203E+11	1.45633E-11	-1.07065E+1	2.59621E-1	-1.32607E-1
1.01249E+11	1.40347E-11	-1.06740E+1	-7.86349E-2	-2.81853E-1
1.01295E+11	1.68692E-11	-1.14337E+1	-2.62305E-1	-5.54883E-2
1.01341E+11	1.48091E-12	-1.26104E+1	-1.33416E-1	1.92414E-1
1.01388E+11	5.46583E-12	-8.80977E+0	3.54335E-1	-7.73032E-2
1.01434E+11	7.80218E-13	-1.81523E+1	-5.34860E-2	-1.11544E-1
1.01480E+11	6.05878E-13	-1.45170E+1	-1.46786E-1	1.17458E-1
1.01526E+11	9.95117E-13	-8.14817E+0	3.63318E-1	-1.45511E-1
1.01573E+11	5.98336E-14	-5.17508E+0	2.32635E-1	4.99613E-1
1.01619E+11	6.82382E-13	-3.63230E-1	-3.11027E-1	9.07209E-1
1.01665E+11	1.58683E-12	3.58782E+0	7.52994E-1	1.31051E+0
1.01711E+11	5.71579E-13	-5.54435E+0	4.85072E-2	-5.25949E-1
1.01758E+11	2.87373E-12	3.14639E+0	2.47851E-1	1.41500E+0
1.01804E+11	6.71852E-13	-7.14730E-1	9.18715E-1	6.49462E-2
1.01850E+11	2.26961E-14	-1.86576E+1	-5.65389E-2	-1.02105E-1
1.01896E+11	2.48633E-13	-6.52870E+0	4.64654E-1	-8.05838E-2
1.01943E+11	2.01747E-12	3.68104E+0	-2.24229E-1	1.51120E+0
1.01989E+11	2.35820E-13	-6.43285E+0	2.46079E-1	-4.08419E-1
1.02035E+11	7.56429E-13	-3.04839E+0	7.00966E-1	6.54225E-2
1.02081E+11	1.82882E-13	-7.37665E+0	-4.11561E-1	-1.16485E-1
1.02128E+11	4.17668E-13	-6.24121E+0	-4.30252E-1	-2.29132E-1
1.02174E+11	1.08051E-13	-1.03044E+1	1.65442E-1	2.56631E-1
1.02220E+11	4.60600E-13	6.75797E+0	1.77663E+0	-1.25849E+0
1.02266E+11	3.75870E-14	-1.20388E+1	2.42348E-1	6.16657E-2
1.02313E+11	9.66173E-13	-2.58957E+0	-7.42128E-1	1.03597E-2
1.02359E+11	1.73986E-14	-1.75201E+1	-9.78899E-2	9.01024E-2
1.02405E+11	5.84791E-13	-9.10064E+0	1.91463E-1	-2.93855E-1
1.02451E+11	2.93744E-12	9.58211E+0	2.51801E+0	1.65597E+0
1.02498E+11	4.56126E-13	3.80677E+0	1.21278E+0	-9.65261E-1
1.02544E+11	1.60833E-13	-4.47603E+0	-5.82026E-1	-1.34251E-1
1.02590E+11	2.04904E-13	-6.29610E+0	4.38191E-1	-2.06451E-1
1.02636E+11	9.88072E-13	-3.49003E+0	1.86266E-1	-6.42663E-1
1.02683E+11	6.36610E-14	-8.01003E+0	-3.96623E-1	2.85234E-2
1.02729E+11	7.76183E-13	5.36204E-1	8.98537E-1	5.69247E-1
1.02775E+11	4.03840E-13	-7.55508E+0	-3.59144E-1	2.15876E-1
1.02821E+11	7.37153E-13	-5.17212E+0	-2.43747E-1	-4.94497E-1
1.02868E+11	8.36859E-13	-3.86338E-1	-8.92836E-1	3.43116E-1
1.02914E+11	4.66200E-13	3.60628E+0	1.47355E+0	-3.50484E-1
1.02960E+11	3.56056E-12	-1.36064E+0	8.49364E-1	9.80400E-2
1.03006E+11	2.46950E-12	-3.03755E+0	6.98455E-1	9.50444E-2
1.03053E+11	6.48861E-14	-1.83231E+1	-9.28685E-2	-7.80256E-2
1.03099E+11	7.06998E-14	-6.53598E+0	2.16960E-1	-4.18274E-1
1.03145E+11	2.88688E-13	-4.14646E+0	6.07930E-1	1.23800E-1
1.03191E+11	1.59850E-12	6.64583E-1	1.91680E-2	-1.07935E+0
1.03238E+11	7.39037E-14	-9.18043E+0	-3.41166E-1	6.61464E-2
1.03284E+11	2.91868E-12	5.78988E+0	-1.35349E+0	-1.40039E+0
1.03330E+11	3.38718E-14	-1.92564E+1	-2.02779E-2	-1.07034E-1
1.03376E+11	1.34077E-13	-1.73777E+1	-7.85504E-2	-1.10093E-1
1.03423E+11	6.71165E-13	-9.39724E+0	2.49734E-1	2.29176E-1
1.03469E+11	2.96751E-13	1.93066E+1	-8.14999E+0	-4.33838E+0
1.03515E+11	1.67573E-12	1.22065E+1	4.04426E+0	5.14374E-1
1.03561E+11	8.36390E-14	-1.67839E+1	-1.23773E-1	-7.51722E-2
1.03608E+11	1.06439E-13	-1.31063E+1	9.26602E-2	-2.00802E-1
1.03654E+11	9.31598E-13	-4.29676E+0	4.80683E-1	3.75175E-1
1.03700E+11	1.98377E-13	2.82613E+0	-5.82129E-1	1.25622E+0
1.03746E+11	5.54543E-13	1.66506E+0	-1.21026E+0	-5.01543E-2
1.03793E+11	1.98443E-12	2.70470E+0	8.83924E-1	-1.04057E+0
1.03839E+11	4.73446E-13	-7.15612E+0	4.12320E-1	-1.49912E-1
1.03885E+11	5.39155E-13	1.09898E-1	1.53514E-1	-1.00103E+0
1.03931E+11	3.25070E-13	1.52590E+1	4.74881E+0	-3.31886E+0
1.03978E+11	7.10438E-13	1.15990E+1	1.73451E+0	-3.38270E+0
1.04024E+11	5.63045E-13	-1.25683E+0	-4.22610E-1	7.55061E-1
1.04070E+11	1.41506E-12	1.55155E+0	-1.13816E+0	3.66070E-1
1.04116E+11	2.19726E-13	-1.27241E+1	-1.51264E-1	-1.74716E-1
1.04163E+11	2.30257E-13	-7.96791E+0	3.83678E-1	-1.11606E-1
1.04209E+11	5.58424E-13	8.89029E+0	1.50643E+0	-2.34004E+0
1.04255E+11	5.21012E-13	6.96739E+0	4.74204E-1	2.17934E+0
1.04301E+11	4.13064E-13	-7.67788E+0	3.88722E-1	1.39951E-1
1.04348E+11	2.33185E-13	1.73079E+0	2.86045E-1	1.18651E+0
1.04394E+11	5.20726E-13	-4.67771E+0	5.53741E-1	-1.84279E-1
1.04440E+11	3.96951E-13	-8.87928E+0	6.47156E-2	3.53911E-1
1.04486E+11	8.78031E-13	1.85153E+0	-1.11783E+0	-5.31109E-1
1.04533E+11	3.25519E-13	-6.32297E+0	1.04328E-1	4.71489E-1
1.04579E+11	1.05223E-13	-4.83096E+0	-4.25233E-1	-3.84649E-1
1.04625E+11	9.70937E-13	1.16294E+1	-3.62595E+0	-1.18542E+0
1.04671E+11	1.41939E-13	-4.62001E+0	-3.70153E-1	4.56213E-1
1.04718E+11	4.95131E-13	-5.07014E+0	-5.10043E-1	2.25872E-1
1.04764E+11	2.12447E-12	6.05760E+0	1.06481E+0	1.70306E+0
1.04810E+11	6.55001E-15	-2.32401E+1	3.22491E-2	-6.08463E-2
1.04856E+11	1.14018E-12	1.17897E+0	-4.69036E-1	-1.04494E+0
1.04903E+11	2.00476E-12	2.18324E+0	8.25482E-1	9.85787E-1
1.04949E+11	8.78654E-13	-3.38090E+0	-7.39342E-2	-6.73526E-1
1.04995E+11	1.80928E-13	-1.31099E+1	1.95810E-1	-1.02589E-1
1.05041E+11	4.09527E-13	-3.87752E+0	1.61636E-1	6.19167E-1
1.05088E+11	5.91237E-12	6.00346E+0	1.98585E+0	-2.01558E-1
1.05134E+11	1.10579E-12	-1.70454E+0	-7.91623E-1	2.20702E-1
1.05180E+11	8.18740E-14	-2.18072E+0	7.75222E-1	6.53586E-2
1.05226E+11	1.29613E-12	1.53904E-1	2.00325E-1	9.97969E-1
1.05273E+11	1.97651E-13	-1.04596E+1	-7.93194E-2	2.89251E-1
1.05319E+11	8.94421E-13	9.79127E+0	-2.90526E+0	-1.04415E+0
1.05365E+11	8.91172E-13	-3.77376E+0	6.38206E-1	1.09947E-1
1.05411E+11	2.16186E-12	2.07622E+0	2.14788E-1	1.25173E+0
1.05458E+11	5.98558E-13	5.45511E+0	1.46042E+0	1.17423E+0
1.05504E+11	8.95420E-13	-1.13077E+0	5.93800E-1	6.46659E-1
1.05550E+11	2.29484E-13	-1.09922E+1	2.18804E-1	1.78049E-1
1.05596E+11	7.34093E-13	-2.45920E+0	3.76661E-1	-6.52515E-1
1.05643E+11	3.76254E-12	-8.77436E-1	8.85826E-1	-1.79938E-1
1.05689E+11	1.36165E-12	-1.83599E+0	5.77758E-1	-5.66954E-1
1.05735E+11	2.01205E-12	1.53585E+1	-4.65431E+0	3.56106E+0
1.05781E+11	2.51288E-12	1.39066E+0	9.59849E-1	6.75359E-1
1.05828E+11	1.62708E-12	5.62181E-1	1.76971E-1	-1.05208E+0
1.05874E+11	4.78464E-14	-6.16671E+0	-3.36750E-1	3.58229E-1
1.05920E+11	1.06492E-12	8.27713E+0	-1.23337E+0	-2.28125E+0
1.05966E+11	9.14244E-13	2.63117E+0	-7.34457E-1	-1.13727E+0
1.06012E+11	6.82522E-13	-4.90055E+0	5.47884E-1	-1.52890E-1
1.06059E+11	6.16554E-13	-7.95653E-1	8.51231E-1	-3.28638E-1
1.06105E+11	2.15751E-13	-9.80586E+0	2.78966E-1	-1.63553E-1
1.06151E+11	2.81143E-13	-7.53822E+0	4.08737E-1	-9.59354E-2
1.06197E+11	2.88738E-13	-1.11405E+1	6.77117E-2	-2.68922E-1
1.06244E+11	2.01716E-12	-3.33417E+1	-9.61702E-3	-1.92557E-2
1.06290E+11	5.76275E-14	-6.17786E+1	8.13549E-4	-4.58235E-5
1.06336E+11	3.32544E-13	-7.21869E+1	-2.37514E-4	6.34421E-5
1.06382E+11	1.61556E-12	-7.60786E+1	-1.54021E-4	3.07555E-5
1.06429E+11	3.21757E-13	-8.34927E+1	6.67788E-5	-3.86942E-6
1.06475E+11	6.99495E-14	-9.21601E+1	-2.41237E-5	5.11565E-6
1.06521E+11	2.78790E-12	-8.12042E+1	-8.40350E-5	-2.27289E-5
1.06567E+11	9.84845E-14	-9.44601E+1	3.45803E-6	1.86045E-5
1.06614E+11	1.36555E-12	-8.28666E+1	-7.00033E-5	1.63614E-5
1.06660E+11	9.37734E-13	-8.81239E+1	-1.65744E-5	-3.55755E-5
1.06706E+11	4.68299E-13	-9.05543E+1	-1.00309E-5	-2.79205E-5
1.06752E+11	4.33430E-13	-9.01420E+1	-3.68534E-9	-3.11101E-5
1.06799E+11	3.14213E-13	-9.39733E+1	-1.85718E-5	-7.45982E-6
1.06845E+11	9.48006E-13	-8.90029E+1	-1.45173E-5	3.23626E-5
1.06891E+11	1.78492E-13	-9.47862E+1	9.63926E-6	-1.54683E-5
1.06937E+11	7.07075E-13	-8.91281E+1	3.32680E-5	1.07509E-5
1.06984E+11	5.73911E-12	-8.13214E+1	3.26098E-5	-7.94565E-5
1.07030E+11	7.61816E-11	-6.81701E+1	-3.50122E-4	-1.72680E-4
1.07076E+11	4.77819E-9	-5.10189E+1	-1.54727E-3	2.34834E-3
1.07122E+11	7.19892E-7	-3.26252E+1	1.64524E-2	1.66036E-2
1.07169E+11	1.69577E-6	-2.52843E+1	4.75908E-2	-2.64008E-2
1.07215E+11	2.62509E-6	-2.34896E+1	-1.51073E-2	-6.51870E-2
1.07261E+11	6.97304E-6	-2.14423E+1	-8.43644E-2	7.53510E-3
1.07307E+11	1.91925E-6	-2.07554E+1	-2.68541E-2	8.76491E-2
1.07354E+11	1.43575E-6	-2.12043E+1	6.88196E-2	5.33117E-2
1.07400E+11	2.25317E-6	-2.22091E+1	6.63439E-2	-4.01423E-2
1.07446E+11	5.12150E-7	-2.08882E+1	-3.25963E-2	-8.41900E-2
1.07492E+11	7.71066E-7	-1.76110E+1	-1.27304E-1	3.35839E-2
1.07539E+11	4.20133E-6	-1.34684E+1	-4.37867E-2	2.07549E-1
1.07585E+11	2.45976E-6	-9.67512E+0	2.57885E-1	2.03132E-1
1.07631E+11	3.02892E-6	-6.97287E+0	3.71231E-1	-2.50926E-1
1.07677E+11	1.18492E-5	-5.70450E+0	-1.61399E-1	-4.92773E-1
1.07724E+11	3.97403E-6	-5.13748E+0	-5.53456E-1	-7.83413E-3
1.07770E+11	3.19712E-6	-3.93740E+0	-1.27506E-1	6.22599E-1
1.07816E+11	1.07694E-5	-3.49133E+0	6.15411E-1	2.62384E-1
1.07862E+11	6.59202E-6	-3.15076E+0	3.67715E-1	-5.90654E-1
1.07909E+11	4.63591E-6	-2.58199E+0	-5.35549E-1	-5.14793E-1
1.07955E+11	1.08350E-5	-2.70544E+0	-5.87648E-1	4.37069E-1
1.08001E+11	7.44261E-6	-3.25653E+0	2.31957E-1	6.47021E-1
1.08047E+11	3.83379E-6	-2.82166E+0	7.13496E-1	-1.14543E-1
1.08094E+11	6.99425E-6	-2.80412E+0	-5.36373E-2	-7.22103E-1
1.08140E+11	9.06958E-6	-3.54200E+0	-6.63412E-1	-4.76280E-2
1.08186E+11	3.51460E-6	-3.92945E+0	-1.54006E-1	6.17178E-1
1.08232E+11	5.69783E-6	-3.59111E+0	6.03521E-1	2.70506E-1
1.08279E+11	1.43660E-5	-4.69281E+0	3.43914E-1	-4.70243E-1
1.08325E+11	8.27212E-6	-4.66479E+0	-3.28922E-1	-4.83129E-1
1.08371E+11	1.39249E-5	-4.93864E+0	-5.01061E-1	2.63943E-1
1.08417E+11	4.95884E-5	-5.38905E+0	1.84910E-1	5.04916E-1
1.08464E+11	2.83931E-5	-5.94976E+0	5.03025E-1	-3.28268E-2
1.08510E+11	3.32281E-5	-5.04154E+0	1.03462E-1	-5.50012E-1
1.08556E+11	6.95298E-5	-5.69257E+0	-4.79727E-1	-1.98686E-1
1.08602E+11	4.63997E-5	-6.93057E+0	-2.94541E-1	3.40569E-1
1.08649E+11	3.68128E-5	-6.37115E+0	2.62916E-1	4.01857E-1
1.08695E+11	7.18107E-5	-6.46828E+0	4.11567E-1	-2.36908E-1
1.08741E+11	5.67927E-5	-7.47189E+0	-1.64630E-1	-3.89717E-1
1.08787E+11	3.32048E-5	-8.48075E+0	-3.76006E-1	2.23803E-2
1.08834E+11	6.43531E-5	-7.00339E+0	-1.02918E-1	4.34486E-1
1.08880E+11	7.03223E-5	-7.55877E+0	3.88977E-1	1.55353E-1
1.08926E+11	5.20223E-5	-8.19982E+0	2.40613E-1	-3.05725E-1
1.08972E+11	7.90309E-5	-6.58564E+0	-2.90349E-1	-3.67693E-1
1.09019E+11	1.10814E-4	-6.51077E+0	-3.82383E-1	2.77670E-1
1.09065E+11	9.52883E-5	-6.83160E+0	1.95862E-1	4.11160E-1
1.09111E+11	8.93884E-5	-6.30578E+0	4.79132E-1	-6.74044E-2
1.09157E+11	1.21910E-4	-5.19114E+0	1.77701E-2	-5.49815E-1
1.09204E+11	1.38804E-4	-6.39128E+0	-4.65516E-1	-1.13323E-1
1.09250E+11	9.63402E-5	-6.99851E+0	-1.88049E-1	4.05256E-1
1.09296E+11	1.01469E-4	-5.99426E+0	3.86472E-1	3.19625E-1
1.09342E+11	1.88581E-4	-6.52503E+0	3.00177E-1	-3.63977E-1
1.09389E+11	9.77468E-5	-7.40963E+0	-2.53973E-1	-3.42148E-1
1.09435E+11	6.92487E-5	-7.35278E+0	-4.00975E-1	1.52244E-1
1.09481E+11	1.94517E-4	-6.27182E+0	9.84762E-2	4.75659E-1
1.09527E+11	1.12816E-4	-7.52678E+0	4.19705E-1	-2.41295E-2
1.09574E+11	7.37354E-5	-7.52667E+0	6.71382E-2	-4.15008E-1
1.09620E+11	1.66559E-4	-6.95746E+0	-3.97158E-1	-2.09178E-1
1.09666E+11	2.17196E-4	-6.50448E+0	-2.49242E-1	4.01895E-1
1.09712E+11	1.20982E-4	-6.45760E+0	3.35668E-1	3.36742E-1
1.09759E+11	2.18309E-4	-6.62392E+0	3.81021E-1	-2.69067E-1
1.09805E+11	4.45810E-4	-6.29020E+0	-1.78264E-1	-4.50749E-1
1.09851E+11	2.00289E-4	-6.03135E+0	-4.73992E-1	1.57205E-1
1.09897E+11	3.08404E-4	-5.91182E+0	6.33679E-2	5.02320E-1
1.09944E+11	7.01715E-4	-6.12148E+0	4.90071E-1	6.39572E-2
1.09990E+11	3.03899E-4	-6.12108E+0	1.23363E-1	-4.78606E-1
1.10036E+11	3.38122E-4	-5.88873E+0	-4.43086E-1	-2.47755E-1
1.10082E+11	7.58041E-4	-6.22730E+0	-3.39775E-1	3.50618E-1
1.10129E+11	4.06880E-4	-5.88946E+0	2.47778E-1	4.43024E-1
1.10175E+11	3.28915E-4	-6.02556E+0	4.61133E-1	-1.92538E-1
1.10221E+11	8.97804E-4	-5.61644E+0	-1.11622E-1	-5.11784E-1
1.10267E+11	4.70168E-4	-6.11875E+0	-4.94271E-1	1.04822E-2
1.10314E+11	3.53118E-4	-5.25494E+0	-5.91525E-2	5.42863E-1
1.10360E+11	7.96993E-4	-5.73591E+0	4.77920E-1	1.96290E-1
1.10406E+11	4.95577E-4	-6.59349E+0	2.82423E-1	-3.73285E-1
1.10452E+11	3.15417E-4	-6.38594E+0	-2.40239E-1	-4.14868E-1
1.10499E+11	6.99622E-4	-5.46203E+0	-4.95856E-1	1.96062E-1
1.10545E+11	6.92392E-4	-5.75291E+0	8.99452E-2	5.07744E-1
1.10591E+11	2.39888E-4	-6.88376E+0	4.51879E-1	2.72852E-2
1.10637E+11	4.17689E-4	-5.44528E+0	2.44029E-1	-4.75249E-1
1.10684E+11	7.24543E-4	-5.32067E+0	-3.89883E-1	-3.76445E-1
1.10730E+11	2.69755E-4	-6.06545E+0	-4.41500E-1	2.29149E-1
1.10776E+11	3.84035E-4	-5.34419E+0	6.57839E-2	5.36476E-1
1.10822E+11	1.30958E-3	-2.84916E+0	7.20032E-1	2.13322E-2
1.10869E+11	3.78571E-4	-4.63596E+0	9.70865E-2	-5.78318E-1
1.10915E+11	3.69642E-4	-4.52016E+0	-4.91303E-1	-3.34353E-1
1.10961E+11	1.39200E-3	-1.76121E+0	-6.92531E-1	4.32460E-1
1.11007E+11	4.68299E-4	-3.12926E+0	1.32710E-1	6.84747E-1
1.11054E+11	4.04642E-4	-2.82726E+0	7.15907E-1	9.48684E-2
1.11100E+11	1.13881E-3	-9.18950E-1	4.24159E-1	-7.93335E-1
1.11146E+11	7.37607E-4	-1.60369E-1	-8.16882E-1	-5.44473E-1
1.11192E+11	5.29494E-4	-4.28428E-1	-7.16213E-1	6.26976E-1
1.11239E+11	9.56590E-4	6.32554E-1	3.49660E-1	1.01712E+0
1.11285E+11	1.09967E-3	2.60357E+0	1.34478E+0	1.13015E-1
1.11331E+11	6.85538E-4	3.26129E+0	4.71001E-1	-1.37737E+0
1.11377E+11	9.26665E-4	4.32150E+0	-1.35646E+0	-9.30008E-1
1.11424E+11	1.15376E-3	4.45327E+0	-1.29563E+0	1.05336E+0
1.11470E+11	8.51609E-4	6.69169E+0	1.04588E+0	1.89065E+0
1.11516E+11	6.90875E-4	6.02318E+0	1.94609E+0	-4.63787E-1
1.11562E+11	1.26408E-3	5.80833E+0	2.78312E-1	-1.93177E+0
1.11609E+11	8.42786E-4	6.79741E+0	-1.89764E+0	-1.08738E+0
1.11655E+11	6.84048E-4	7.93148E+0	-1.55113E+0	1.95059E+0
1.11701E+11	1.58199E-3	6.52771E+0	1.55822E+0	1.43784E+0
1.11747E+11	8.66236E-4	6.85382E+0	1.69367E+0	-1.40623E+0
1.11794E+11	4.33265E-4	7.75902E+0	-1.30094E+0	-2.06798E+0
1.11840E+11	5.52609E-4	6.83002E+0	-2.09996E+0	6.40063E-1
1.11886E+11	6.84986E-4	5.73596E+0	4.62405E-2	1.93497E+0
1.11932E+11	2.49669E-4	8.03500E+0	2.46249E+0	5.44785E-1
1.11979E+11	4.28535E-4	6.16187E+0	4.73431E-1	-1.97690E+0
1.12025E+11	6.27211E-4	5.06518E+0	-1.64265E+0	-7.15391E-1
1.12071E+11	2.08312E-4	6.55398E+0	-1.18428E+0	1.76640E+0
1.12117E+11	2.94042E-4	6.42419E+0	1.37409E+0	1.58159E+0
1.12164E+11	3.76612E-4	5.26157E+0	1.65335E+0	-7.90590E-1
1.12210E+11	2.17495E-4	6.29616E+0	-2.28378E-1	-2.05180E+0
1.12256E+11	1.60789E-4	6.01709E+0	-1.98702E+0	-2.20242E-1
1.12302E+11	2.92917E-4	5.90015E+0	-4.52162E-1	1.91993E+0
1.12349E+11	1.99790E-4	5.64070E+0	1.70628E+0	8.68086E-1
1.12395E+11	8.11183E-5	5.50086E+0	1.12916E+0	-1.50792E+0
1.12441E+11	1.16777E-4	4.91906E+0	-6.82341E-1	-1.62428E+0
1.12487E+11	1.77491E-4	4.69252E+0	-1.69527E+0	2.68690E-1
1.12534E+11	4.80165E-5	4.41275E+0	4.08411E-2	1.66152E+0
1.12580E+11	6.24064E-5	3.05646E+0	1.40041E+0	2.45424E-1
1.12626E+11	2.40818E-4	1.14952E+0	4.25987E-1	-1.05904E+0
1.12672E+11	4.56740E-5	1.44212E+0	-1.02366E+0	-5.88174E-1
1.12719E+11	4.65720E-5	4.90121E-1	-7.59319E-1	7.36820E-1
1.12765E+11	2.19304E-4	-2.24370E+0	2.85736E-1	7.17552E-1
1.12811E+11	4.03376E-5	-2.74669E+0	7.26994E-1	-5.26252E-2
1.12857E+11	3.84133E-5	-3.77274E+0	2.06144E-2	-6.47356E-1
1.12904E+11	1.94019E-4	-5.34004E+0	-5.39748E-1	-3.29259E-2
1.12950E+11	5.29995E-5	-6.37738E+0	-1.39088E-1	4.59279E-1
1.12996E+11	3.53028E-5	-8.37789E+0	3.36313E-1	1.79375E-1
1.13042E+11	2.12350E-4	-7.46728E+0	2.31406E-1	-3.54435E-1
1.13089E+11	8.98154E-5	-9.64564E+0	-1.88288E-1	-2.70276E-1
1.13135E+11	5.48439E-5	-1.04032E+1	-2.61033E-1	1.51640E-1
1.13181E+11	1.98277E-4	-9.43845E+0	1.64566E-1	2.94485E-1
1.13227E+11	1.99505E-4	-1.01214E+1	2.73727E-1	-1.49384E-1
1.13274E+11	1.15171E-4	-9.75013E+0	-1.00911E-1	-3.09417E-1
1.13320E+11	3.30051E-4	-8.44352E+0	-3.58929E-1	1.19470E-1
1.13366E+11	5.50426E-4	-7.62442E+0	6.18319E-2	4.11075E-1
1.13412E+11	2.42463E-4	-7.58688E+0	4.16942E-1	2.15763E-2
1.13459E+11	4.13263E-4	-5.79696E+0	6.93284E-2	-5.08335E-1
1.13505E+11	1.10727E-3	-4.84442E+0	-5.58756E-1	-1.24711E-1
1.13551E+11	5.22396E-4	-4.41604E+0	-1.37730E-1	5.85466E-1
1.13597E+11	5.29749E-4	-3.66835E+0	5.96320E-1	2.72218E-1
1.13644E+11	1.75354E-3	-2.81737E+0	4.10482E-1	-5.95162E-1
1.13690E+11	1.16109E-3	-2.01495E+0	-5.81094E-1	-5.39554E-1
1.13736E+11	7.43891E-4	-2.01190E+0	-6.20078E-1	4.94707E-1
1.13782E+11	2.12583E-3	-1.53228E+0	5.07132E-1	6.67473E-1
1.13829E+11	1.74011E-3	-1.53362E+0	7.48892E-1	-3.76360E-1
1.13875E+11	8.95560E-4	-1.44417E+0	-3.37424E-1	-7.76692E-1
1.13921E+11	1.60509E-3	-1.33533E+0	-8.47611E-1	1.29841E-1
1.13967E+11	1.74737E-3	-1.17599E+0	-3.28921E-2	8.72755E-1
1.14014E+11	1.11869E-3	-9.13332E-1	8.55742E-1	2.79364E-1
1.14060E+11	1.24588E-3	-1.20157E+0	3.38960E-1	-8.02128E-1
1.14106E+11	1.74279E-3	-1.10926E+0	-7.46826E-1	-4.65666E-1
1.14152E+11	1.19782E-3	-1.34074E+0	-5.42383E-1	6.63483E-1
1.14199E+11	1.03967E-3	-1.00358E+0	5.98860E-1	6.59576E-1
1.14245E+11	1.21800E-3	-1.32404E+0	7.61633E-1	-3.96401E-1
1.14291E+11	1.15836E-3	-1.13889E+0	-1.68950E-1	-8.60688E-1
1.14337E+11	7.06701E-4	-9.62990E-1	-8.94728E-1	-2.42645E-2
1.14384E+11	6.87963E-4	-1.41512E+0	-2.04225E-2	8.49412E-1
1.14430E+11	1.17060E-3	-2.10359E+0	7.68466E-1	1.59828E-1
1.14476E+11	5.46178E-4	-1.40934E+0	3.14522E-1	-7.89909E-1
1.14522E+11	6.22971E-4	-8.20174E-1	-7.98583E-1	-4.36090E-1
1.14569E+11	1.65881E-3	-1.72919E+0	-5.52737E-1	6.05010E-1
1.14615E+11	4.48398E-4	-1.95000E+0	3.72863E-1	7.06567E-1
1.14661E+11	4.45447E-4	-1.27344E+0	8.32590E-1	-2.29462E-1
1.14707E+11	1.70198E-3	-1.40390E+0	-2.72301E-1	-8.06001E-1
1.14754E+11	4.09097E-4	-2.49258E+0	-7.31534E-1	1.67812E-1
1.14800E+11	3.47848E-4	-2.26532E+0	1.15462E-2	7.70345E-1
1.14846E+11	1.54220E-3	-1.07041E+0	8.70806E-1	1.52481E-1
1.14892E+11	4.99256E-4	-2.11327E+0	3.17068E-1	-7.17064E-1
1.14939E+11	3.10164E-4	-2.05626E+0	-5.67159E-1	-5.48788E-1
1.14985E+11	8.46881E-4	-1.56144E+0	-6.89624E-1	4.71614E-1
1.15031E+11	8.68254E-4	-1.46628E+0	4.81821E-1	6.93767E-1
1.15077E+11	2.96764E-4	-2.72390E+0	6.64329E-1	-3.04551E-1
1.15124E+11	7.10270E-4	-1.94536E+0	-1.04839E-1	-7.92436E-1
1.15170E+11	1.35459E-3	-1.30602E+0	-8.55685E-1	-8.99227E-2
1.15216E+11	3.51807E-4	-2.34840E+0	-2.44178E-1	7.22977E-1
1.15262E+11	4.80389E-4	-2.40108E+0	6.36699E-1	4.12202E-1
1.15309E+11	1.58839E-3	-1.63858E+0	5.40763E-1	-6.27126E-1
1.15355E+11	4.84825E-4	-1.63051E+0	-6.45942E-1	-5.19373E-1
1.15401E+11	3.89622E-4	-2.95061E+0	-5.72419E-1	4.23386E-1
1.15447E+11	1.54858E-3	-2.12772E+0	1.54083E-1	7.67418E-1
1.15494E+11	6.22879E-4	-1.17590E+0	8.69814E-1	7.88731E-2
1.15540E+11	3.85373E-4	-2.18973E+0	1.99582E-1	-7.51102E-1
1.15586E+11	1.20917E-3	-2.29965E+0	-6.93796E-1	-3.27929E-1
1.15632E+11	6.40031E-4	-1.95834E+0	-4.40653E-1	6.65480E-1
1.15679E+11	3.97892E-4	-1.61712E+0	7.01177E-1	4.44364E-1
1.15725E+11	9.62150E-4	-2.21019E+0	5.51270E-1	-5.45205E-1
1.15771E+11	6.67211E-4	-2.06646E+0	-2.84133E-1	-7.35285E-1
1.15817E+11	3.90298E-4	-1.67539E+0	-8.24287E-1	2.18476E-2
1.15864E+11	7.38222E-4	-1.77546E+0	-9.28936E-2	8.09820E-1
1.15910E+11	7.74998E-4	-2.06415E+0	7.50883E-1	2.40585E-1
1.15956E+11	3.64127E-4	-2.26963E+0	3.89305E-1	-6.64393E-1
1.16002E+11	5.29682E-4	-1.72217E+0	-6.42739E-1	-5.09438E-1
1.16049E+11	1.00104E-3	-1.72919E+0	-6.69984E-1	4.71886E-1
1.16095E+11	3.44712E-4	-2.23710E+0	2.17207E-1	7.41792E-1
1.16141E+11	4.09485E-4	-1.67653E+0	8.20543E-1	-8.03427E-2
1.16187E+11	1.22586E-3	-1.34712E+0	-6.78163E-2	-8.53647E-1
1.16234E+11	4.48354E-4	-1.63808E+0	-8.27862E-1	-2.08662E-2
1.16280E+11	3.67419E-4	-2.10278E+0	-2.55085E-1	7.42383E-1
1.16326E+11	1.06549E-3	-9.16977E-1	7.25200E-1	5.32676E-1
1.16372E+11	6.11845E-4	-1.00020E+0	7.32201E-1	-5.08108E-1
1.16419E+11	3.73705E-4	-1.78653E+0	-2.42568E-1	-7.77114E-1
1.16465E+11	6.81159E-4	-1.24316E+0	-8.63209E-1	7.71172E-2
1.16511E+11	9.33414E-4	-6.21714E-1	3.71440E-2	9.30183E-1
1.16557E+11	5.09322E-4	-9.53554E-1	8.95396E-1	3.36965E-2
1.16604E+11	5.20362E-4	-1.93688E+0	3.45123E-1	-7.21862E-1
1.16650E+11	7.95390E-4	-6.57169E-1	-6.31927E-1	-6.78412E-1
1.16696E+11	6.59494E-4	-2.03631E-1	-8.46568E-1	4.87357E-1
1.16742E+11	3.39590E-4	-1.18079E+0	3.08456E-1	8.16575E-1
1.16789E+11	8.06053E-4	-8.14740E-1	8.97922E-1	-1.50604E-1
1.16835E+11	8.66715E-4	4.43921E-2	-1.02965E-1	-9.99836E-1
1.16881E+11	4.72135E-4	7.80842E-2	-1.00761E+0	5.35529E-2
1.16927E+11	6.16002E-4	-7.09073E-1	-3.12981E-1	8.66836E-1
1.16974E+11	1.18086E-3	3.73446E-2	7.57899E-1	6.58958E-1
1.17020E+11	5.23530E-4	7.22880E-1	8.59823E-1	-6.64686E-1
1.17066E+11	6.61843E-4	-1.06775E-1	-5.82860E-1	-7.97488E-1
1.17112E+11	1.37785E-3	1.56170E-1	-9.18658E-1	4.38955E-1
1.17159E+11	6.78714E-4	9.88527E-1	3.81852E-1	1.05347E+0
1.17205E+11	6.09867E-4	7.81341E-1	1.05370E+0	-2.94652E-1
1.17251E+11	1.24500E-3	1.39336E-1	1.05119E-1	-1.01072E+0
1.17297E+11	7.68885E-4	8.23065E-1	-1.00032E+0	-4.56105E-1
1.17344E+11	6.12664E-4	1.87050E+0	-6.54283E-1	1.05368E+0
1.17390E+11	1.42281E-3	9.56777E-1	9.40866E-1	6.01024E-1
1.17436E+11	1.00210E-3	1.32105E+0	8.55910E-1	-7.89261E-1
1.17482E+11	5.62541E-4	1.97440E+0	-6.42837E-1	-1.07812E+0
1.17529E+11	1.40941E-3	2.10111E+0	-1.13517E+0	5.77586E-1
1.17575E+11	1.01865E-3	1.04148E+0	2.20139E-1	1.10569E+0
1.17621E+11	5.84240E-4	1.71599E+0	1.21715E+0	5.57151E-2
1.17667E+11	9.09345E-4	2.45118E+0	7.36496E-2	-1.32400E+0
1.17714E+11	1.53330E-3	1.99685E+0	-1.25846E+0	3.75124E-3
1.17760E+11	6.46854E-4	1.87268E+0	-1.96415E-1	1.22496E+0
1.17806E+11	6.46822E-4	2.39762E+0	1.25901E+0	3.89526E-1
1.17853E+11	2.11759E-3	2.57785E+0	6.20466E-1	-1.19393E+0
1.17899E+11	7.02973E-4	1.71035E+0	-9.19641E-1	-7.98059E-1
1.17945E+11	5.97134E-4	2.16030E+0	-1.05138E+0	7.34223E-1
1.17991E+11	1.71406E-3	2.51054E+0	7.55644E-1	1.10073E+0
1.18038E+11	1.07828E-3	2.64354E+0	1.12239E+0	-7.60448E-1
1.18084E+11	5.56201E-4	2.15313E+0	-6.38334E-1	-1.11099E+0
1.18130E+11	1.05104E-3	2.13905E+0	-1.18600E+0	4.79433E-1
1.18176E+11	1.36294E-3	2.58647E+0	3.21965E-1	1.30781E+0
1.18223E+11	5.22599E-4	1.84593E+0	1.23525E+0	-6.17307E-2
1.18269E+11	7.36718E-4	1.94072E+0	3.94684E-2	-1.24974E+0
1.18315E+11	1.56446E-3	2.04754E+0	-1.24851E+0	-2.08708E-1
1.18361E+11	5.46639E-4	1.78563E+0	-2.93867E-1	1.19256E+0
1.18408E+11	5.61564E-4	1.57260E+0	1.08254E+0	5.14247E-1
1.18454E+11	1.45839E-3	1.06776E+0	6.51085E-1	-9.24558E-1
1.18500E+11	5.84450E-4	1.44749E+0	-7.38139E-1	-9.22341E-1
1.18546E+11	5.08622E-4	1.34894E+0	-9.76277E-1	6.41199E-1
1.18593E+11	1.31521E-3	1.07185E+0	5.80007E-1	9.71349E-1
1.18639E+11	5.52674E-4	2.79380E-1	9.57330E-1	-3.87251E-1
1.18685E+11	3.70932E-4	7.26444E-1	-2.74310E-1	-1.05206E+0
1.18731E+11	8.15078E-4	4.54799E-1	-1.05234E+0	5.46790E-2
1.18778E+11	5.18489E-4	-6.43578E-1	-1.80882E-1	9.10796E-1
1.18824E+11	2.68986E-4	-7.07970E-1	7.77596E-1	4.94896E-1
1.18870E+11	5.23970E-4	-3.83501E-1	6.42162E-1	-7.09302E-1
1.18916E+11	6.69933E-4	-8.83296E-1	-6.21314E-1	-6.55692E-1
1.18963E+11	2.23532E-4	-2.14296E+0	-6.94589E-1	3.57872E-1
1.19009E+11	3.04032E-4	-1.62340E+0	2.25044E-1	7.98416E-1
1.19055E+11	1.01171E-3	-8.39806E-1	9.06460E-1	-5.00547E-2
1.19101E+11	2.59628E-4	-2.61473E+0	9.77509E-2	-7.33570E-1
1.19148E+11	2.75077E-4	-2.25537E+0	-7.06861E-1	-3.08664E-1
1.19194E+11	5.05823E-4	-2.19259E+0	-3.84776E-1	6.74934E-1
1.19240E+11	3.88046E-4	-1.97571E+0	6.68067E-1	4.33800E-1
1.19286E+11	1.74102E-4	-3.39628E+0	5.13887E-1	-4.39773E-1
1.19333E+11	3.77556E-4	-2.30043E+0	-2.49940E-1	-7.25476E-1
1.19379E+11	4.95544E-4	-2.15994E+0	-7.79645E-1	1.72385E-2
1.19425E+11	1.74471E-4	-3.33547E+0	-1.85299E-1	6.55435E-1
1.19471E+11	2.39991E-4	-3.49455E+0	5.39839E-1	3.94738E-1
1.19518E+11	5.33614E-4	-2.96604E+0	5.04652E-1	-5.00448E-1
1.19564E+11	2.31585E-4	-2.90895E+0	-4.48826E-1	-5.57100E-1
1.19610E+11	1.95242E-4	-4.07771E+0	-5.75502E-1	2.44631E-1
1.19656E+11	6.61888E-4	-3.31243E+0	-3.95268E-2	6.81789E-1
1.19703E+11	3.37516E-4	-2.59438E+0	6.89550E-1	2.73447E-1
1.19749E+11	1.99291E-4	-3.62154E+0	3.77393E-1	-5.40306E-1
1.19795E+11	4.55741E-4	-3.98749E+0	-3.73080E-1	-5.09968E-1
1.19841E+11	3.91263E-4	-3.61513E+0	-6.11439E-1	2.47265E-1
1.19888E+11	2.61134E-4	-2.80371E+0	2.06508E-1	6.94056E-1
1.19934E+11	3.84916E-4	-4.05836E+0	6.26353E-1	-2.17878E-2
1.19980E+11	5.45670E-4	-3.92296E+0	2.92851E-1	-5.65217E-1
1.20026E+11	3.23141E-4	-2.81082E+0	-4.52299E-1	-5.64737E-1
1.20073E+11	3.79967E-4	-3.11793E+0	-6.06005E-1	3.47158E-1
1.20119E+11	6.78171E-4	-3.80208E+0	1.40877E-1	6.29939E-1
1.20165E+11	3.02277E-4	-3.70752E+0	6.52560E-1	-2.70188E-3
1.20211E+11	3.56459E-4	-2.47463E+0	7.88399E-2	-7.47944E-1
1.20258E+11	9.26813E-4	-3.02971E+0	-6.78073E-1	-1.94902E-1
1.20304E+11	3.58955E-4	-3.62939E+0	-4.30929E-1	4.97867E-1
1.20350E+11	3.27382E-4	-2.59603E+0	3.47445E-1	6.55229E-1
1.20396E+11	8.48372E-4	-2.51370E+0	6.95438E-1	-2.77374E-1
1.20443E+11	5.08655E-4	-3.36047E+0	-1.33149E-1	-6.65987E-1
1.20489E+11	3.13123E-4	-3.69202E+0	-6.48284E-1	-8.42160E-2
1.20535E+11	6.63223E-4	-2.00308E+0	-2.15951E-1	7.64117E-1
1.20581E+11	1.05164E-3	-2.58964E+0	6.90969E-1	2.70951E-1
1.20628E+11	4.17226E-4	-3.64713E+0	4.24476E-1	-5.01622E-1
1.20674E+11	5.41210E-4	-2.45285E+0	-4.23361E-1	-6.23895E-1
1.20720E+11	1.87162E-3	-2.07520E+0	-6.60243E-1	4.29191E-1
1.20766E+11	5.44806E-4	-3.51971E+0	3.05165E-1	5.92904E-1
1.20813E+11	3.71999E-4	-4.28962E+0	6.10221E-1	7.41473E-3
1.20859E+11	1.22855E-3	-2.34261E+0	2.92626E-1	-7.05312E-1
1.20905E+11	7.92181E-4	-2.51646E+0	-6.00437E-1	-4.46866E-1
1.20951E+11	3.32118E-4	-4.22643E+0	-5.24676E-1	3.20309E-1
1.20998E+11	6.85782E-4	-3.00417E+0	1.33388E-1	6.94920E-1
1.21044E+11	1.14122E-3	-2.12406E+0	7.73163E-1	-1.24129E-1
1.21090E+11	3.94222E-4	-3.26785E+0	-1.39835E-1	-6.72054E-1
1.21136E+11	4.82790E-4	-3.98426E+0	-6.20469E-1	-1.20711E-1
1.21183E+11	1.52128E-3	-2.21922E+0	-3.77211E-1	6.76470E-1
1.21229E+11	6.33088E-4	-2.18088E+0	5.79423E-1	5.19121E-1
1.21275E+11	4.64225E-4	-3.64148E+0	5.35864E-1	-3.81072E-1
1.21321E+11	1.33656E-3	-2.50786E+0	-1.56468E-1	-7.32695E-1
1.21368E+11	1.04844E-3	-1.49202E+0	-8.30961E-1	1.36937E-1
1.21414E+11	5.44020E-4	-2.55628E+0	9.35424E-2	7.39155E-1
1.21460E+11	9.87067E-4	-3.01367E+0	6.76048E-1	2.06328E-1
1.21506E+11	1.73264E-3	-1.75176E+0	4.65380E-1	-6.71933E-1
1.21553E+11	7.71820E-4	-1.27256E+0	-6.92749E-1	-5.15857E-1
1.21599E+11	1.08783E-3	-2.69521E+0	-4.60340E-1	5.70711E-1
1.21645E+11	2.14077E-3	-2.15886E+0	4.60602E-1	6.29397E-1
1.21691E+11	1.04345E-3	-1.11322E+0	7.80985E-1	-4.04907E-1
1.21738E+11	1.06298E-3	-1.63060E+0	-2.84267E-1	-7.78566E-1
1.21784E+11	1.80215E-3	-2.55353E+0	-7.23840E-1	-1.77508E-1
1.21830E+11	1.23017E-3	-1.81515E+0	-5.07372E-1	6.33219E-1
1.21876E+11	9.32095E-4	-7.70369E-1	6.18907E-1	6.74101E-1
1.21923E+11	1.94621E-3	-2.42262E+0	5.88547E-1	-4.75460E-1
1.21969E+11	1.32475E-3	-2.31390E+0	-3.32385E-1	-6.90277E-1
1.22015E+11	7.98807E-4	-1.27932E+0	-8.23737E-1	2.57497E-1
1.22061E+11	1.65101E-3	-1.24809E+0	1.60767E-1	8.51104E-1
1.22108E+11	1.51936E-3	-2.39681E+0	7.41298E-1	1.62295E-1
1.22154E+11	7.39046E-4	-1.82407E+0	4.56691E-1	-6.69683E-1
1.22200E+11	1.10957E-3	-7.04398E-1	-7.28507E-1	-5.65291E-1
1.22246E+11	2.13351E-3	-1.55275E+0	-5.75907E-1	6.06408E-1
1.22293E+11	8.46950E-4	-1.84211E+0	4.54511E-1	6.69133E-1
1.22339E+11	8.33483E-4	-1.00679E+0	8.57920E-1	-2.38876E-1
1.22385E+11	2.91778E-3	-6.66411E-1	-9.82018E-2	-9.20925E-1
1.22431E+11	1.25923E-3	-1.19102E+0	-8.44487E-1	-2.16773E-1
1.22478E+11	6.88206E-4	-1.70099E+0	-4.42650E-1	6.92813E-1
1.22524E+11	1.95482E-3	-7.46211E-1	7.14194E-1	5.76243E-1
1.22570E+11	1.93617E-3	-9.43669E-1	6.27292E-1	-6.41251E-1
1.22616E+11	7.25945E-4	-1.73376E+0	-4.65622E-1	-6.73828E-1
1.22663E+11	1.08327E-3	-1.34314E+0	-8.24141E-1	2.34039E-1
1.22709E+11	2.24864E-3	-7.63208E-1	1.76130E-2	9.15713E-1
1.22755E+11	9.53162E-4	-7.01767E-1	9.09967E-1	1.50834E-1
1.22801E+11	9.19802E-4	-1.14976E+0	3.82915E-1	-7.87896E-1
1.22848E+11	2.93020E-3	-7.56088E-1	-7.27587E-1	-5.57524E-1
1.22894E+11	1.50905E-3	-8.13016E-3	-7.32298E-1	6.79610E-1
1.22940E+11	8.94830E-4	-1.06063E+0	4.71716E-1	7.48866E-1
1.22986E+11	2.18882E-3	-1.02180E+0	8.51824E-1	-2.54455E-1
1.23033E+11	1.93198E-3	-2.21380E-1	-2.01869E-2	-9.74626E-1
1.23079E+11	1.04461E-3	2.56484E-1	-1.02671E+0	8.18699E-2
1.23125E+11	1.64746E-3	-6.92323E-1	-4.46584E-2	9.22307E-1
1.23171E+11	1.75291E-3	-9.05778E-1	8.45477E-1	3.11318E-1
1.23218E+11	1.16905E-3	6.85471E-1	5.80525E-1	-9.13216E-1
1.23264E+11	1.37483E-3	1.59805E-1	-7.29928E-1	-7.10414E-1
1.23310E+11	1.86143E-3	-8.07164E-1	-8.61370E-1	2.97379E-1
1.23356E+11	1.15608E-3	4.93088E-1	-6.71750E-2	1.05628E+0
1.23403E+11	1.25880E-3	1.18121E+0	1.14134E+0	9.95381E-2
1.23449E+11	2.18816E-3	-4.04476E-1	2.09386E-1	-9.31251E-1
1.23495E+11	1.11367E-3	-5.47433E-1	-8.27353E-1	-4.43910E-1
1.23541E+11	1.00978E-3	8.72474E-1	-6.68219E-1	8.80897E-1
1.23588E+11	2.24481E-3	1.15363E-1	7.97807E-1	6.24838E-1
1.23634E+11	1.24104E-3	-9.19043E-1	7.67104E-1	-4.69921E-1
1.23680E+11	8.22713E-4	-2.05407E-1	-2.89776E-1	-9.32649E-1
1.23726E+11	1.76015E-3	1.03797E+0	-1.08086E+0	3.18923E-1
1.23773E+11	1.40125E-3	-5.83469E-1	1.61077E-1	9.21053E-1
1.23819E+11	6.81617E-4	-6.92550E-1	9.12434E-1	1.41646E-1
1.23865E+11	9.94475E-4	6.15833E-1	4.96893E-1	-9.51548E-1
1.23911E+11	1.94290E-3	2.89222E-1	-8.63557E-1	-5.68447E-1
1.23958E+11	6.81541E-4	-7.63178E-1	-7.33496E-1	5.48479E-1
1.24004E+11	6.53458E-4	-6.17015E-1	2.99866E-1	8.81838E-1
1.24050E+11	2.39984E-3	6.24130E-1	1.01243E+0	-3.59902E-1
1.24096E+11	7.98452E-4	-5.55132E-1	-3.86008E-1	-8.54989E-1
1.24143E+11	5.21011E-4	-1.16193E+0	-8.41329E-1	2.39628E-1
1.24189E+11	1.41701E-3	1.56880E-1	-3.26579E-2	1.01770E+0
1.24235E+11	1.19340E-3	-2.68210E-2	9.77021E-1	1.98177E-1
1.24281E+11	6.25510E-4	-7.14434E-1	4.42457E-1	-8.07803E-1
1.24328E+11	8.45959E-4	-1.05586E+0	-5.30568E-1	-7.08996E-1
1.24374E+11	2.10332E-3	5.17063E-1	-8.59670E-1	6.22416E-1
1.24420E+11	8.55032E-4	1.47778E-1	6.36925E-1	7.93057E-1
1.24466E+11	7.21674E-4	-9.85365E-1	7.36476E-1	-5.04592E-1
1.24513E+11	2.07574E-3	-2.35942E-1	-3.21494E-1	-9.18566E-1
1.24559E+11	1.04506E-3	-4.73923E-2	-9.64156E-1	2.44030E-1
1.24605E+11	8.05167E-4	-4.62133E-1	2.08694E-1	9.24934E-1
1.24651E+11	1.40395E-3	-1.07589E+0	8.83484E-1	5.01306E-3
1.24698E+11	1.33589E-3	-1.52140E-1	1.36279E-1	-9.73141E-1
1.24744E+11	6.77981E-4	-5.78942E-2	-9.83954E-1	-1.36352E-1
1.24790E+11	8.97900E-4	-1.46340E+0	-3.12290E-1	7.85119E-1
1.24836E+11	1.20416E-3	-1.60666E+0	5.84396E-1	5.90975E-1
1.24883E+11	8.86396E-4	-4.40386E-1	8.01195E-1	-5.11523E-1
1.24929E+11	7.91680E-4	-1.58082E+0	-4.02712E-1	-7.29874E-1
1.24975E+11	1.55933E-3	-2.20287E+0	-7.14043E-1	3.03815E-1
1.25021E+11	8.62307E-4	-1.54281E+0	2.25331E-1	8.06367E-1
1.25068E+11	6.98099E-4	-9.77774E-1	8.54907E-1	-2.59880E-1
1.25114E+11	1.32759E-3	-2.51378E+0	-5.37481E-2	-7.46773E-1
1.25160E+11	7.01638E-4	-3.18672E+0	-6.43623E-1	-2.56605E-1
1.25206E+11	4.00167E-4	-2.15846E+0	-4.36431E-1	6.46435E-1
1.25253E+11	7.84534E-4	-2.39920E+0	5.93559E-1	4.72476E-1
1.25299E+11	4.00056E-4	-3.85496E+0	4.66758E-1	-4.40186E-1
1.25345E+11	2.46895E-4	-3.48256E+0	-3.02951E-1	-5.97245E-1
1.25391E+11	4.25745E-4	-2.93937E+0	-6.84393E-1	1.99596E-1
1.25438E+11	6.34078E-4	-3.52887E+0	3.75728E-4	6.66126E-1
1.25484E+11	2.69264E-4	-3.94207E+0	6.09506E-1	1.78759E-1
1.25530E+11	3.24703E-4	-3.44360E+0	3.08399E-1	-5.97840E-1
1.25576E+11	1.04251E-3	-3.14210E+0	-6.32289E-1	-2.92002E-1
1.25623E+11	4.41231E-4	-4.14594E+0	-3.24641E-1	5.28734E-1
1.25669E+11	2.79966E-4	-4.67858E+0	3.93130E-1	4.31241E-1
1.25715E+11	7.29879E-4	-3.74946E+0	6.10111E-1	-2.22518E-1
1.25761E+11	5.19793E-4	-4.76966E+0	3.21807E-2	-5.76556E-1
1.25808E+11	3.08330E-4	-4.77623E+0	-5.38129E-1	-2.08245E-1
1.25854E+11	4.08805E-4	-4.77429E+0	-3.47888E-1	4.60512E-1
1.25900E+11	9.72888E-4	-4.04507E+0	4.86015E-1	3.97224E-1
1.25946E+11	4.37289E-4	-4.21752E+0	4.32973E-1	-4.37256E-1
1.25993E+11	3.33618E-4	-5.40741E+0	-2.14323E-1	-4.91912E-1
1.26039E+11	1.00198E-3	-4.82435E+0	-5.72854E-1	-3.34372E-2
1.26085E+11	5.59495E-4	-4.43217E+0	-1.37941E-1	5.84269E-1
1.26131E+11	3.04802E-4	-5.33198E+0	5.10236E-1	1.80597E-1
1.26178E+11	6.26410E-4	-5.58440E+0	2.84783E-1	-4.41942E-1
1.26224E+11	6.39389E-4	-5.33618E+0	-3.68388E-1	-3.96185E-1
1.26270E+11	3.27976E-4	-5.02694E+0	-5.02322E-1	2.48888E-1
1.26316E+11	4.28311E-4	-6.01705E+0	-8.73144E-2	4.92524E-1
1.26363E+11	8.61732E-4	-5.20059E+0	3.77978E-1	3.98857E-1
1.26409E+11	3.74404E-4	-4.69408E+0	4.79628E-1	-3.30551E-1
1.26455E+11	3.50724E-4	-5.28426E+0	-3.82017E-1	-3.87628E-1
1.26501E+11	8.99107E-4	-5.93571E+0	-3.70218E-1	3.43327E-1
1.26548E+11	4.90246E-4	-4.42808E+0	3.67635E-1	4.74956E-1
1.26594E+11	3.42693E-4	-4.29298E+0	5.30352E-1	-3.01436E-1
1.26640E+11	8.61877E-4	-5.00634E+0	-5.80411E-2	-5.58926E-1
1.26686E+11	4.64902E-4	-5.02673E+0	-5.04531E-1	-2.44409E-1
1.26733E+11	4.00750E-4	-3.41450E+0	-4.07641E-1	5.37953E-1
1.26779E+11	7.39770E-4	-4.22136E+0	4.63558E-1	4.04275E-1
1.26825E+11	7.66387E-4	-4.99928E+0	4.54116E-1	-3.31751E-1
1.26871E+11	3.65041E-4	-3.93524E+0	-1.81866E-1	-6.09108E-1
1.26918E+11	3.87590E-4	-5.05774E+0	-5.57565E-1	3.42341E-2
1.26964E+11	7.51913E-4	-5.38386E+0	-1.50648E-1	5.16510E-1
1.27010E+11	3.10268E-4	-5.57227E+0	4.20220E-1	3.17179E-1
1.27056E+11	3.21629E-4	-4.28225E+0	3.84017E-1	-4.74961E-1
1.27103E+11	1.00588E-3	-4.45015E+0	-4.28019E-1	-4.19178E-1
1.27149E+11	3.91842E-4	-5.48356E+0	-4.96130E-1	1.91736E-1
1.27195E+11	3.26579E-4	-4.09585E+0	-1.28094E-1	6.10745E-1
1.27241E+11	7.09875E-4	-4.05952E+0	4.82160E-1	4.00263E-1
1.27288E+11	7.56093E-4	-4.54627E+0	5.16952E-1	-2.89506E-1
1.27334E+11	3.21898E-4	-4.21738E+0	-1.89023E-1	-5.85612E-1
1.27380E+11	4.82556E-4	-3.87086E+0	-5.97885E-1	2.29471E-1
1.27426E+11	1.51484E-3	-3.55321E+0	2.14467E-1	6.28688E-1
1.27473E+11	3.54399E-4	-4.10929E+0	6.23067E-1	1.14404E-3
1.27519E+11	3.45150E-4	-3.63336E+0	2.85858E-1	-5.92841E-1
1.27565E+11	1.75636E-3	-2.96497E+0	-5.34614E-1	-4.68438E-1
1.27611E+11	4.80283E-4	-3.30327E+0	-5.06015E-1	4.59708E-1
1.27658E+11	3.54931E-4	-2.62382E+0	5.22495E-1	5.23005E-1
1.27704E+11	9.68628E-4	-2.74813E+0	5.86263E-1	-4.32907E-1
1.27750E+11	7.07039E-4	-3.13548E+0	-2.61580E-1	-6.46042E-1
1.27796E+11	3.60046E-4	-2.32767E+0	-7.58879E-1	-9.59495E-2
1.27843E+11	6.06543E-4	-2.28572E+0	-4.24756E-1	6.40597E-1
1.27889E+11	1.71888E-3	-1.71636E+0	5.35871E-1	6.21597E-1
1.27935E+11	3.79743E-4	-2.10867E+0	5.71642E-1	-5.37206E-1
1.27981E+11	4.47089E-4	-1.79744E+0	-6.68464E-1	-4.62860E-1
1.28028E+11	1.60236E-3	-2.32104E+0	-5.09038E-1	5.71733E-1
1.28074E+11	3.55766E-4	-2.44361E+0	3.96845E-1	6.42031E-1
1.28120E+11	3.19727E-4	-2.11573E+0	7.83401E-1	2.54849E-2
1.28166E+11	1.02596E-3	-2.45914E+0	3.42619E-1	-6.71021E-1
1.28213E+11	5.87308E-4	-1.73679E+0	-5.66476E-1	-5.91172E-1
1.28259E+11	3.77033E-4	-1.46217E+0	-6.66882E-1	5.19045E-1
1.28305E+11	7.22290E-4	-1.05907E+0	-8.10416E-1	3.56124E-1
1.28351E+11	9.26511E-4	-1.88005E+0	7.61213E-2	8.01769E-1
1.28398E+11	2.98655E-4	-1.80960E+0	7.70696E-1	2.55466E-1
1.28444E+11	4.42899E-4	-1.07548E+0	5.82578E-1	-6.64263E-1
1.28490E+11	1.24296E-3	-1.73499E+0	-5.72308E-1	-5.85766E-1
1.28536E+11	3.25827E-4	-1.58100E+0	-6.34506E-1	5.40617E-1
1.28583E+11	3.55100E-4	-8.78827E-1	5.95580E-1	6.79770E-1
1.28629E+11	1.21850E-3	-6.48417E-1	6.57582E-1	-6.54899E-1
1.28675E+11	4.22752E-4	-1.57107E+0	-2.80309E-1	-7.86055E-1
1.28721E+11	3.01166E-4	-1.01647E+0	-8.60490E-1	-2.25562E-1
1.28768E+11	7.75539E-4	2.50245E-1	-6.36739E-1	8.08626E-1
1.28814E+11	8.14929E-4	-9.64599E-2	7.53627E-1	6.40376E-1
1.28860E+11	3.25601E-4	-4.10397E-1	6.35283E-1	-7.11510E-1
1.28906E+11	5.09772E-4	1.80081E-1	-8.13472E-1	-6.16928E-1
1.28953E+11	1.45174E-3	1.61287E-1	-6.69634E-1	7.67741E-1
1.28999E+11	3.73518E-4	-5.42601E-1	3.72918E-1	8.62255E-1
1.29045E+11	4.08380E-4	-3.28363E-1	9.53283E-1	1.35762E-1
1.29091E+11	1.51080E-3	7.00769E-1	2.94947E-1	-1.04313E+0
1.29138E+11	5.95013E-4	8.55205E-2	-9.89665E-1	-2.01122E-1
1.29184E+11	3.84463E-4	-3.32067E-1	-2.97565E-1	9.15338E-1
1.29230E+11	9.10012E-4	7.82898E-1	9.66603E-1	5.13048E-1
1.29276E+11	1.13281E-3	7.78896E-1	8.15659E-1	-7.28791E-1
1.29323E+11	4.05672E-4	-2.35615E-1	-2.06366E-1	-9.51108E-1
1.29369E+11	6.51077E-4	1.33121E-1	-9.83115E-1	-2.54189E-1
1.29415E+11	1.83995E-3	7.45415E-1	-1.19545E-1	1.08303E+0
1.29461E+11	6.33993E-4	8.15759E-1	1.08164E+0	-1.91536E-1
1.29508E+11	5.03735E-4	-8.78275E-2	-6.42227E-2	-9.87854E-1
1.29554E+11	2.01037E-3	1.13971E+0	-1.12147E+0	-2.05889E-1
1.29600E+11	9.13545E-4	9.60918E-1	-6.87562E-1	8.80287E-1
1.29646E+11	5.68526E-4	6.54424E-1	4.42108E-1	9.83449E-1
1.29692E+11	1.27814E-3	1.17708E+0	1.14499E+0	1.77299E-2
1.29739E+11	1.27777E-3	1.10192E+0	-1.34065E-1	-1.12732E+0
1.29785E+11	6.44782E-4	1.07521E+0	-1.11567E+0	1.90280E-1
1.29831E+11	8.72319E-4	2.06668E-1	-5.20333E-2	1.02276E+0
1.29877E+11	1.97354E-3	1.14892E+0	1.03242E+0	4.86767E-1
1.29924E+11	7.01515E-4	1.19223E+0	8.41511E-1	-7.79590E-1
1.29970E+11	7.10834E-4	8.13409E-1	-6.19161E-1	-9.06985E-1
1.30016E+11	2.22411E-3	1.57827E+0	-1.01216E+0	6.43246E-1
1.30062E+11	1.05044E-3	1.31465E+0	8.55445E-1	7.88502E-1
1.30109E+11	7.11508E-4	7.66882E-1	7.93136E-1	-7.51044E-1
1.30155E+11	1.58928E-3	1.67787E-1	-2.67670E-1	-9.83739E-1
1.30201E+11	1.53069E-3	9.18317E-1	-1.04835E+0	-3.69374E-1
1.30247E+11	7.37931E-4	3.32011E-1	-7.91509E-1	6.73023E-1
1.30294E+11	1.14653E-3	1.46029E-1	6.00876E-1	8.20454E-1
1.30340E+11	2.29548E-3	8.38309E-1	8.41603E-1	-7.10367E-1
1.30386E+11	9.34339E-4	6.80048E-1	-9.09485E-1	-5.85106E-1
1.30432E+11	9.42104E-4	3.11050E-1	-6.43803E-1	8.12260E-1
1.30479E+11	1.98880E-3	-3.93128E-1	3.61853E-1	8.84600E-1
1.30525E+11	1.23003E-3	6.99171E-2	1.00425E+0	8.78580E-2
1.30571E+11	7.96034E-4	-5.55194E-1	3.85151E-1	-8.55368E-1
1.30617E+11	1.69545E-3	-5.52069E-1	-7.98398E-1	-4.93143E-1
1.30664E+11	1.86291E-3	4.81542E-2	-5.18616E-1	8.61503E-1
1.30710E+11	8.12355E-4	-4.31369E-1	7.64318E-1	5.66802E-1
1.30756E+11	1.20280E-3	-8.08210E-1	7.63682E-1	-4.96973E-1
1.30802E+11	2.13299E-3	-5.28546E-1	2.76223E-2	-9.40558E-1
1.30849E+11	9.66856E-4	-7.76455E-1	-8.74737E-1	-2.66685E-1
1.30895E+11	9.14860E-4	-1.00278E+0	-3.22625E-1	8.30502E-1
1.30941E+11	1.89000E-3	-1.71099E+0	7.97970E-1	1.93953E-1
1.30987E+11	1.27465E-3	-8.95957E-1	2.18998E-1	-8.75001E-1
1.31034E+11	7.99948E-4	-1.50191E+0	-7.40523E-1	-3.99074E-1
1.31080E+11	1.75528E-3	-1.70305E+0	-6.93784E-1	4.40763E-1
1.31126E+11	1.81104E-3	-1.45305E+0	-4.39675E-2	8.44812E-1
1.31172E+11	8.79630E-4	-1.31430E+0	8.20695E-1	2.55603E-1
1.31219E+11	1.33901E-3	-1.30613E+0	3.14904E-1	-8.00688E-1
1.31265E+11	1.98927E-3	-1.45586E+0	-7.91390E-1	-2.98127E-1
1.31311E+11	1.01436E-3	-1.37499E+0	-4.63364E-1	7.16877E-1
1.31357E+11	9.26314E-4	-1.75654E+0	4.39640E-1	6.88516E-1
1.31404E+11	2.27217E-3	-2.09888E+0	7.69812E-1	-1.55381E-1
1.31450E+11	1.34983E-3	-1.93631E+0	4.91711E-2	-7.98662E-1
1.31496E+11	8.12861E-4	-2.29481E+0	-7.60351E-1	1.06836E-1
1.31542E+11	2.21878E-3	-1.71792E+0	2.32266E-1	7.86989E-1
1.31589E+11	1.50687E-3	-2.67427E+0	7.25966E-1	-1.14874E-1
1.31635E+11	8.31483E-4	-2.23777E+0	1.99587E-1	-7.46664E-1
1.31681E+11	1.12726E-3	-2.82074E+0	-4.26769E-1	-5.83246E-1
1.31727E+11	2.28014E-3	-2.21437E+0	-7.70373E-1	8.42220E-2
1.31774E+11	9.11354E-4	-2.73424E+0	-1.84571E-1	7.06221E-1
1.31820E+11	9.15883E-4	-2.55467E+0	7.34966E-1	1.23012E-1
1.31866E+11	2.91976E-3	-2.33391E+0	2.14570E-2	-7.64070E-1
1.31912E+11	1.05687E-3	-3.23553E+0	-6.84279E-1	-8.05731E-2
1.31959E+11	7.07622E-4	-3.02136E+0	-3.50784E-1	6.12926E-1
1.32005E+11	1.86267E-3	-2.88226E+0	3.48541E-1	6.27280E-1
1.32051E+11	1.49214E-3	-2.52800E+0	7.45558E-1	-5.35749E-2
1.32097E+11	7.33681E-4	-2.94230E+0	1.11273E-1	-7.03924E-1
1.32144E+11	1.22082E-3	-2.72958E+0	-6.87169E-1	-2.47356E-1
1.32190E+11	2.41268E-3	-2.22796E+0	-4.12703E-1	6.54499E-1
1.32236E+11	8.75577E-4	-2.87311E+0	4.42935E-1	5.65558E-1
1.32282E+11	8.09588E-4	-3.12171E+0	6.78144E-1	-1.65704E-1
1.32329E+11	2.53327E-3	-2.81783E+0	2.58516E-2	-7.22488E-1
1.32375E+11	9.31830E-4	-2.42272E+0	-7.56553E-1	8.04622E-3
1.32421E+11	7.48624E-4	-2.26638E+0	1.38389E-1	7.57805E-1
1.32467E+11	2.03201E-3	-2.05078E+0	7.81915E-1	-1.10595E-1
1.32514E+11	1.46270E-3	-1.76082E+0	2.31871E-1	-7.82890E-1
1.32560E+11	8.45211E-4	-1.31066E+0	-6.48416E-1	-5.64844E-1
1.32606E+11	1.23495E-3	-2.06686E+0	-7.62384E-1	2.00224E-1
1.32652E+11	2.11944E-3	-1.73910E+0	-6.85261E-2	8.15676E-1
1.32699E+11	7.79707E-4	-1.30360E+0	8.54966E-1	9.86302E-2
1.32745E+11	9.27072E-4	-1.65805E+0	-2.90612E-2	-8.25712E-1
1.32791E+11	2.59865E-3	-1.87285E+0	-8.01741E-1	-8.31474E-2
1.32837E+11	7.60542E-4	-2.30121E+0	-3.31553E-1	6.91919E-1
1.32884E+11	7.45415E-4	-1.60134E+0	6.08930E-1	5.66411E-1
1.32930E+11	1.57836E-3	-3.02827E+0	6.30970E-1	-3.15930E-1
1.32976E+11	9.53967E-4	-2.55561E+0	-1.97435E-1	-7.18475E-1
1.33022E+11	6.62196E-4	-2.15017E+0	-7.73443E-1	1.06295E-1
1.33069E+11	1.25199E-3	-2.41231E+0	9.92559E-2	7.50973E-1
1.33115E+11	1.29614E-3	-2.91420E+0	6.64083E-1	2.64917E-1
1.33161E+11	4.43376E-4	-3.20589E+0	5.46797E-1	-4.23077E-1
1.33207E+11	8.15522E-4	-1.84338E+0	-2.55735E-1	-7.67285E-1
1.33254E+11	1.90779E-3	-2.43352E+0	-7.45132E-1	1.25677E-1
1.33300E+11	5.29588E-4	-2.32841E+0	1.17090E-1	7.55840E-1
1.33346E+11	5.67088E-4	-2.19520E+0	7.76676E-1	7.71761E-4
1.33392E+11	1.78384E-3	-1.89641E+0	-9.32162E-3	-8.03804E-1
1.33439E+11	6.66812E-4	-2.69871E+0	-6.39759E-1	-3.57630E-1
1.33485E+11	3.99280E-4	-3.06225E+0	-5.71821E-1	4.08749E-1
1.33531E+11	1.16861E-3	-1.60837E+0	2.35393E-1	7.96925E-1
1.33577E+11	8.13064E-4	-3.23146E+0	6.82636E-1	-9.58312E-2
1.33624E+11	4.09262E-4	-2.63707E+0	2.54926E-2	-7.37713E-1
1.33670E+11	5.93820E-4	-2.18174E+0	-7.22868E-1	-2.87333E-1
1.33716E+11	1.75939E-3	-1.57502E+0	-3.91529E-1	7.36564E-1
1.33762E+11	4.31591E-4	-2.26666E+0	4.94307E-1	5.90797E-1
1.33809E+11	4.55643E-4	-2.32200E+0	6.84527E-1	-3.42477E-1
1.33855E+11	1.76993E-3	-1.19349E+0	-2.88273E-1	-8.22566E-1
1.33901E+11	5.18449E-4	-2.17454E+0	-6.85623E-1	3.68815E-1
1.33947E+11	3.61641E-4	-2.42207E+0	2.28813E-1	7.21227E-1
1.33994E+11	6.72415E-4	-2.78055E+0	7.22976E-1	6.68487E-2
1.34040E+11	8.51619E-4	-2.05973E+0	3.06549E-1	-7.26888E-1
1.34086E+11	3.31939E-4	-2.89414E+0	-4.31003E-1	-5.72530E-1
1.34132E+11	4.70581E-4	-3.42678E+0	-6.56464E-1	1.52753E-1
1.34179E+11	1.50073E-3	-1.95158E+0	-3.33060E-2	7.98074E-1
1.34225E+11	4.41072E-4	-1.92457E+0	7.99991E-1	-4.49990E-2
1.34271E+11	4.40717E-4	-2.33039E+0	4.70176E-2	-7.63235E-1
1.34317E+11	1.00281E-3	-2.93870E+0	-6.79866E-1	-2.14694E-1
1.34364E+11	5.63318E-4	-1.85952E+0	-4.00664E-1	7.00834E-1
1.34410E+11	3.77440E-4	-2.67255E+0	5.15514E-1	5.24102E-1
1.34456E+11	7.02018E-4	-3.12070E+0	6.19097E-1	-3.22751E-1
1.34502E+11	7.72521E-4	-2.47188E+0	-8.00031E-2	-7.48060E-1
1.34549E+11	4.41233E-4	-1.38023E+0	-8.53069E-1	3.99937E-3
1.34595E+11	6.17913E-4	-2.05778E+0	-2.12722E-1	7.59847E-1
1.34641E+11	1.01380E-3	-2.11850E+0	6.33270E-1	4.61457E-1
1.34687E+11	4.66985E-4	-1.15184E+0	6.82077E-1	-5.49371E-1
1.34734E+11	4.43990E-4	-2.11272E+0	-4.79466E-1	-6.20406E-1
1.34780E+11	7.85686E-4	-2.59144E+0	-6.86611E-1	2.81408E-1
1.34826E+11	5.70792E-4	-1.94039E+0	1.40572E-1	7.87348E-1
1.34872E+11	4.77209E-4	-7.06956E-1	9.13158E-1	-1.26171E-1
1.34919E+11	7.21300E-4	-1.74119E+0	1.50282E-2	-8.18215E-1
1.34965E+11	8.41011E-4	-2.05379E+0	-7.37147E-1	-2.82498E-1
1.35011E+11	4.75792E-4	-1.37562E+0	-5.59317E-1	6.44732E-1
1.35057E+11	7.02480E-4	-1.02208E+0	6.06176E-1	6.50269E-1
1.35104E+11	8.68793E-4	-2.34275E+0	6.89845E-1	-3.27399E-1
1.35150E+11	5.05398E-4	-1.93891E+0	-7.24513E-2	-7.96646E-1
1.35196E+11	5.48837E-4	-7.01490E-1	-9.17026E-1	-9.95488E-2
1.35242E+11	1.18321E-3	-1.75550E+0	-2.07653E-1	7.90176E-1
1.35289E+11	5.84253E-4	-2.16024E+0	7.18345E-1	3.03451E-1
1.35335E+11	4.50866E-4	-1.59602E+0	5.05655E-1	-6.60892E-1
1.35381E+11	1.04520E-3	-1.22606E+0	-7.51286E-1	-4.35440E-1
1.35427E+11	8.04783E-4	-1.97044E+0	-5.23876E-1	6.00683E-1
1.35474E+11	4.54375E-4	-2.31652E+0	4.64106E-1	6.09273E-1
1.35520E+11	6.86413E-4	-9.72102E-1	8.61035E-1	-2.40968E-1
1.35566E+11	9.24025E-4	-2.46384E+0	-1.58749E-3	-7.53021E-1
1.35612E+11	5.96890E-4	-2.03274E+0	-7.09335E-1	-3.50803E-1
1.35659E+11	5.15032E-4	-1.81111E+0	-5.80346E-1	5.67631E-1
1.35705E+11	1.87512E-3	-6.10683E-2	7.84611E-1	6.08623E-1
1.35751E+11	8.80157E-4	-1.01583E+0	5.70410E-1	-6.82693E-1
1.35797E+11	5.96410E-4	-7.91752E-1	-7.03020E-1	-5.82330E-1
1.35844E+11	1.05074E-3	-1.03679E-1	-7.83457E-1	6.02167E-1
1.35890E+11	1.36582E-3	-4.92491E-1	4.46550E-1	8.32698E-1
1.35936E+11	7.80081E-4	-6.32312E-1	9.26890E-1	-7.33719E-2
1.35982E+11	7.71688E-4	-1.19912E+0	2.63741E-1	-8.30164E-1
1.36029E+11	1.92221E-3	-4.16754E-2	-8.96327E-1	-4.32490E-1
1.36075E+11	9.21330E-4	-1.19388E+0	-5.37843E-1	6.85836E-1
1.36121E+11	6.57158E-4	-1.82408E+0	5.44265E-1	6.00680E-1
1.36167E+11	1.59601E-3	-1.50386E+0	7.87400E-1	-2.95494E-1
1.36214E+11	1.12536E-3	-1.90412E+0	-1.16292E-1	-7.94681E-1
1.36260E+11	8.27887E-4	-1.29900E+0	-8.58962E-1	-6.05485E-2
1.36306E+11	9.97424E-4	-2.26165E+0	-1.35517E-1	7.58750E-1
1.36352E+11	1.65959E-3	-6.12386E-1	9.07039E-1	2.13923E-1
1.36399E+11	8.77179E-4	-1.64274E+0	3.18233E-1	-7.64057E-1
1.36445E+11	9.60734E-4	-1.24982E+0	-7.01511E-1	-5.07747E-1
1.36491E+11	1.80840E-3	-1.21002E+0	-7.79381E-1	3.86517E-1
1.36537E+11	1.12115E-3	-6.93894E-1	1.46549E-1	9.11515E-1
1.36584E+11	1.03576E-3	2.19359E-1	1.01358E+0	1.56381E-1
1.36630E+11	1.68771E-3	-7.15241E-1	2.76183E-1	-8.78567E-1
1.36676E+11	1.46897E-3	2.42419E-2	-8.67894E-1	-5.02351E-1
1.36722E+11	9.01419E-4	-4.15441E-1	-5.45777E-1	7.81602E-1
1.36769E+11	1.49744E-3	3.57990E-2	7.02581E-1	7.17396E-1
1.36815E+11	1.64772E-3	-6.69098E-1	8.47280E-1	-3.73272E-1
1.36861E+11	1.03067E-3	6.75584E-2	-2.72643E-1	-9.70228E-1
1.36907E+11	1.34600E-3	8.03432E-1	-1.07476E+0	2.19340E-1
1.36954E+11	1.91657E-3	2.61924E-2	1.57131E-1	9.90636E-1
1.37000E+11	1.17367E-3	-1.14422E-1	9.79336E-1	1.22061E-1
1.37046E+11	1.07300E-3	-1.14233E-1	5.06274E-1	-8.47188E-1
1.37092E+11	2.09344E-3	-4.70792E-2	-6.86412E-1	-7.19761E-1
1.37139E+11	1.19108E-3	-1.31710E+0	-8.13704E-1	2.76193E-1
1.37185E+11	7.84599E-4	-5.75872E-1	1.62150E-1	9.21696E-1
1.37231E+11	1.48424E-3	4.01683E-1	1.03277E+0	-1.74024E-1
1.37277E+11	1.79956E-3	4.01621E-2	-2.55330E-1	-9.71647E-1
1.37324E+11	7.57357E-4	-6.77477E-1	-9.23613E-1	-5.00163E-2
1.37370E+11	1.01357E-3	-3.87787E-1	-3.74064E-1	8.80145E-1
1.37416E+11	2.88549E-3	3.31725E-1	7.99303E-1	6.63695E-1
1.37462E+11	7.49787E-4	-1.15559E+0	7.37446E-1	-4.71750E-1
1.37509E+11	7.69076E-4	-1.02744E+0	-1.51168E-1	-8.75484E-1
1.37555E+11	2.64249E-3	1.93747E-1	-1.02172E+0	-4.12661E-2
1.37601E+11	9.94337E-4	-4.93023E-1	-2.06772E-1	9.21916E-1
1.37648E+11	6.20785E-4	-1.58912E+0	6.84003E-1	4.75086E-1
1.37694E+11	1.57782E-3	-4.88038E-1	7.37921E-1	-5.90916E-1
1.37740E+11	1.55360E-3	-5.93679E-2	-6.08170E-1	-7.85209E-1
1.37786E+11	6.78141E-4	-1.10318E+0	-6.26817E-1	6.18692E-1
1.37832E+11	1.05951E-3	-1.05125E+0	5.63912E-1	6.83384E-1
1.37879E+11	2.28095E-3	2.62073E-1	8.99618E-1	-5.02882E-1
1.37925E+11	8.20324E-4	-5.59835E-1	-2.14665E-1	-9.12675E-1
1.37971E+11	5.96759E-4	-2.12616E+0	-7.30247E-1	-2.82190E-1
1.38018E+11	1.77669E-3	-9.50897E-1	-7.01110E-1	5.58395E-1
1.38064E+11	1.14946E-3	1.10296E-2	5.49012E-1	8.37334E-1
1.38110E+11	6.89289E-4	-1.14044E+0	7.27085E-1	-4.90307E-1
1.38156E+11	1.52925E-3	-1.27510E+0	-3.22121E-1	-8.01132E-1
1.38202E+11	1.52692E-3	-9.31433E-2	-9.76030E-1	1.61701E-1
1.38249E+11	8.70501E-4	-1.43829E-1	-2.54341E-2	9.83249E-1
1.38295E+11	9.42636E-4	-1.74176E+0	7.62914E-1	2.95930E-1
1.38341E+11	1.50779E-3	-7.54360E-1	6.95168E-1	-5.97739E-1
1.38388E+11	9.93922E-4	3.02704E-1	-6.21995E-1	-8.27834E-1
1.38434E+11	7.78219E-4	-7.07976E-1	-7.78254E-1	4.93859E-1
1.38480E+11	1.78729E-3	-1.43832E+0	1.86473E-1	8.26620E-1
1.38526E+11	1.00911E-3	-3.16302E-1	9.57797E-1	1.11277E-1
1.38572E+11	7.74198E-4	-4.31540E-1	3.19544E-1	-8.96272E-1
1.38619E+11	1.41702E-3	-1.47928E+0	-7.40990E-1	-4.02823E-1
1.38665E+11	1.13159E-3	-9.63096E-1	-6.49711E-1	6.15615E-1
1.38711E+11	8.15849E-4	8.52230E-2	7.41236E-1	6.85847E-1
1.38758E+11	1.17808E-3	-4.15561E-1	6.98206E-1	-6.49043E-1
1.38804E+11	1.04548E-3	-1.62644E+0	-3.21931E-1	-7.64194E-1
1.38850E+11	8.88830E-4	-3.78721E-1	-9.57295E-1	-8.73434E-3
1.38896E+11	8.96108E-4	-3.52046E-1	-1.55452E-1	9.47614E-1
1.38942E+11	1.40077E-3	-1.08687E+0	8.26393E-1	3.09309E-1
1.38989E+11	9.81008E-4	-1.32117E+0	5.90377E-1	-6.23827E-1
1.39035E+11	7.67127E-4	-1.95898E-1	-6.64862E-1	-7.16836E-1
1.39081E+11	1.58064E-3	-6.22531E-1	-8.13413E-1	4.52566E-1
1.39128E+11	8.55226E-4	-2.20837E+0	1.32577E-1	7.64082E-1
1.39174E+11	8.15602E-4	-4.55223E-1	9.43918E-1	9.74966E-2
1.39220E+11	1.21095E-3	5.60892E-2	1.00575E-1	-1.00144E+0
1.39266E+11	1.52457E-3	-2.20634E-1	-9.74145E-1	-3.88289E-2
1.39312E+11	7.34495E-4	-1.53753E+0	-1.95365E-1	8.14670E-1
1.39359E+11	6.73103E-4	-4.00548E-1	8.95412E-1	3.31862E-1
1.39405E+11	1.34089E-3	-1.20983E+0	5.93215E-1	-6.36364E-1
1.39451E+11	8.38123E-4	-2.06178E+0	-3.05330E-1	-7.27199E-1
1.39498E+11	6.72263E-4	-7.99551E-1	-9.11808E-1	-2.13666E-2
1.39544E+11	1.39338E-3	-5.78612E-1	-1.33421E-1	9.25993E-1
1.39590E+11	1.27388E-3	-9.41755E-1	8.83524E-1	1.56326E-1
1.39636E+11	5.50808E-4	-2.20408E+0	3.27584E-1	-7.03337E-1
1.39682E+11	9.13155E-4	-6.97097E-1	-7.70086E-1	-5.08601E-1
1.39729E+11	1.58927E-3	-1.24287E+0	-6.46461E-1	5.77247E-1
1.39775E+11	6.30241E-4	-1.84353E+0	3.51877E-1	7.28208E-1
1.39821E+11	7.55482E-4	-7.73201E-1	9.11760E-1	-7.48724E-2
1.39868E+11	2.07358E-3	-5.78424E-1	2.63793E-2	-9.35203E-1
1.39914E+11	9.44227E-4	-7.91115E-1	-9.05316E-1	-1.17769E-1
1.39960E+11	4.74873E-4	-2.88761E+0	-3.20194E-1	6.41718E-1
1.40006E+11	1.28159E-3	-8.73294E-1	6.37365E-1	6.41568E-1
1.40052E+11	1.22458E-3	-9.37787E-1	7.62010E-1	-4.74479E-1
1.40099E+11	6.77655E-4	-9.59823E-1	-4.27846E-1	-7.86548E-1
1.40145E+11	1.02306E-3	-4.02124E-1	-9.20606E-1	2.53080E-1
1.40191E+11	1.64584E-3	-3.08049E-1	3.09617E-1	9.14146E-1
1.40238E+11	7.67466E-4	-7.10164E-1	9.01108E-1	-1.92749E-1
1.40284E+11	6.21456E-4	-2.14173E+0	4.68611E-2	-7.80066E-1
1.40330E+11	1.49269E-3	-7.23250E-1	-7.88100E-1	-4.74860E-1
1.40376E+11	1.08822E-3	-6.02281E-1	-6.77355E-1	6.41635E-1
1.40422E+11	7.07590E-4	-7.24011E-1	4.88408E-1	7.79681E-1
1.40469E+11	1.00806E-3	-6.14313E-1	9.02676E-1	-2.30810E-1
1.40515E+11	1.39661E-3	-7.08534E-1	-1.37877E-1	-9.11294E-1
1.40561E+11	6.14852E-4	-9.22195E-1	-8.98896E-1	-2.59304E-2
1.40608E+11	7.61704E-4	-1.76200E+0	-2.38901E-1	7.80657E-1
1.40654E+11	1.79645E-3	-4.23680E-1	8.09063E-1	5.02462E-1
1.40700E+11	8.30832E-4	-3.18095E-1	5.83058E-1	-7.67735E-1
1.40746E+11	8.16517E-4	-7.38154E-1	-6.71345E-1	-6.26889E-1
1.40792E+11	1.32041E-3	-1.10899E+0	-7.76586E-1	4.14192E-1
1.40839E+11	9.55644E-4	-6.92846E-1	3.27458E-1	8.63315E-1
1.40885E+11	7.44564E-4	-6.77532E-1	9.23608E-1	-5.00046E-2
1.40931E+11	7.42653E-4	-2.14385E+0	1.70143E-1	-7.62530E-1
1.40978E+11	1.31300E-3	-8.68622E-1	-7.39424E-1	-5.21513E-1
1.41024E+11	6.77782E-4	-7.86445E-1	-6.18928E-1	6.71783E-1
1.41070E+11	7.07493E-4	-1.26012E+0	5.45538E-1	6.71220E-1
1.41116E+11	1.19427E-3	-2.25134E+0	7.30098E-1	-2.49871E-1
1.41162E+11	8.65930E-4	-7.42403E-1	-1.58089E-1	-9.04365E-1
1.41209E+11	7.09749E-4	-8.27226E-1	-9.09032E-1	-1.50358E-2
1.41255E+11	1.41182E-3	-1.38382E+0	-1.76284E-1	8.34305E-1
1.41301E+11	1.12896E-3	-9.40980E-1	8.07955E-1	3.90391E-1
1.41348E+11	7.83401E-4	-5.14989E-1	5.49283E-1	-7.65812E-1
1.41394E+11	1.22236E-3	-1.33021E+0	-5.61166E-1	-6.49049E-1
1.41440E+11	9.93646E-4	-2.06075E+0	-7.78281E-1	1.28339E-1
1.41486E+11	8.70139E-4	-7.20605E-1	-4.01683E-2	9.19508E-1
1.41532E+11	7.56813E-4	-7.10304E-1	9.09932E-1	1.45412E-1
1.41579E+11	1.60302E-3	-1.42376E+0	1.81489E-1	-8.29183E-1
1.41625E+11	1.14759E-3	-6.00820E-1	-8.69291E-1	-3.39311E-1
1.41671E+11	7.50054E-4	-4.72798E-1	-3.77605E-1	8.68484E-1
1.41718E+11	2.00414E-3	-9.08378E-1	7.53088E-1	4.94087E-1
1.41764E+11	9.25245E-4	-2.37171E+0	6.69155E-1	-3.62534E-1
1.41810E+11	7.97699E-4	-6.07920E-1	-8.32166E-2	-9.28683E-1
1.41856E+11	1.46081E-3	-5.40976E-1	-9.28481E-1	-1.44237E-1
1.41902E+11	1.20086E-3	-1.29116E+0	-2.30909E-1	8.30362E-1
1.41949E+11	9.00885E-4	-3.77761E-1	7.80521E-1	5.54509E-1
1.41995E+11	9.87509E-4	1.11981E-1	6.08697E-1	-8.09696E-1
1.42041E+11	2.22688E-3	-5.01621E-1	-6.49251E-1	-6.85122E-1
1.42088E+11	9.54434E-4	-1.50482E+0	-7.71024E-1	3.35684E-1
1.42134E+11	9.32838E-4	-3.43437E-1	7.29435E-2	9.58460E-1
1.42180E+11	2.59312E-3	-1.78222E-1	9.79672E-1	6.10526E-3
1.42226E+11	1.23116E-3	-1.07323E+0	1.20098E-1	-8.75570E-1
1.42272E+11	9.92929E-4	-5.38258E-1	-8.27816E-1	-4.45147E-1
1.42319E+11	1.43995E-3	-1.56298E-1	-5.88086E-1	7.86642E-1
1.42365E+11	1.91448E-3	-7.97998E-1	6.14915E-1	6.73815E-1
1.42411E+11	7.75766E-4	-2.33274E+0	7.11888E-1	-2.78635E-1
1.42458E+11	1.02164E-3	-1.12634E+0	-8.22906E-3	-8.78343E-1
1.42504E+11	2.39010E-3	-6.42793E-1	-9.21168E-1	-1.17785E-1
1.42550E+11	9.93974E-4	-1.63478E+0	-2.45141E-1	7.91340E-1
1.42596E+11	7.37107E-4	-1.44715E+0	6.14028E-1	5.82738E-1
1.42642E+11	2.16458E-3	-2.81570E-1	7.15441E-1	-6.52202E-1
1.42689E+11	1.73715E-3	-5.26120E-1	-5.67244E-1	-7.51093E-1
1.42735E+11	7.37235E-4	-2.16918E+0	-6.91935E-1	3.57879E-1
1.42781E+11	1.26754E-3	-1.12234E+0	1.08333E-1	8.72082E-1
1.42828E+11	2.46034E-3	-4.29461E-1	9.50910E-1	4.01846E-2
1.42874E+11	9.32568E-4	-9.58709E-1	2.70344E-1	-8.53716E-1
1.42920E+11	8.58312E-4	-1.97384E+0	-5.77936E-1	-5.48415E-1
1.42966E+11	3.11599E-3	-2.82029E-1	-8.10839E-1	5.28834E-1
1.43012E+11	1.14542E-3	-5.43432E-1	4.51478E-1	8.23741E-1
1.43059E+11	9.28825E-4	-1.30903E+0	7.98762E-1	-3.18983E-1
1.43105E+11	1.77158E-3	-9.59418E-1	-2.57638E-1	-8.57559E-1
1.43151E+11	1.48190E-3	-3.40684E-1	-9.36171E-1	2.19400E-1
1.43198E+11	6.98838E-4	-1.58383E+0	9.03543E-2	8.28400E-1
1.43244E+11	6.50996E-4	-2.24115E+0	7.11231E-1	3.01708E-1
1.43290E+11	2.44771E-3	-7.73233E-1	5.94548E-1	-6.95284E-1
1.43336E+11	8.64851E-4	-7.23851E-1	-5.44683E-1	-7.41483E-1
1.43382E+11	8.59205E-4	-1.64621E+0	-7.59337E-1	3.28505E-1
1.43429E+11	2.60626E-3	-8.31796E-1	7.49230E-2	9.05584E-1
1.43475E+11	1.17187E-3	-2.25247E-1	9.74378E-1	6.61274E-3
1.43521E+11	8.32120E-4	-8.76364E-1	8.39766E-2	-9.00119E-1
1.43568E+11	1.16051E-3	-2.38323E+0	-6.95797E-1	-3.05832E-1
1.43614E+11	1.32455E-3	-8.01213E-1	-5.27426E-1	7.43878E-1
1.43660E+11	8.70143E-4	-4.29047E-1	7.06952E-1	6.37299E-1
1.43706E+11	1.24439E-3	-9.30937E-1	7.01914E-1	-5.60694E-1
1.43752E+11	1.49958E-3	-1.17941E+0	-1.93745E-1	-8.51261E-1
1.43799E+11	8.79111E-4	-3.86592E-1	-9.56045E-1	2.84487E-2
1.43845E+11	7.80695E-4	-8.21853E-1	-1.53031E-1	8.96756E-1
1.43891E+11	1.32190E-3	-1.57366E+0	7.62597E-1	3.38358E-1
1.43938E+11	1.08353E-3	-5.39898E-1	5.30574E-1	-7.75624E-1
1.43984E+11	8.33437E-4	1.63431E-1	-8.63341E-1	-5.41287E-1
1.44030E+11	1.81959E-3	-4.81716E-1	-5.48140E-1	7.71073E-1
1.44076E+11	1.34927E-3	-4.90233E-1	6.12533E-1	7.19764E-1
1.44122E+11	7.77812E-4	-1.08832E-1	8.77192E-1	-4.53636E-1
1.44169E+11	1.29451E-3	-3.15571E-1	-2.19306E-1	-9.39052E-1
1.44215E+11	1.30995E-3	-1.78274E+0	-8.10959E-1	-7.53003E-2
1.44261E+11	7.50602E-4	-7.66326E-1	-3.26116E-1	8.55503E-1
1.44308E+11	9.82581E-4	-1.92835E-1	8.76822E-1	4.33304E-1
1.44354E+11	1.60998E-3	-1.08449E+0	4.72540E-1	-7.45474E-1
1.44400E+11	8.17592E-4	-7.88852E-1	-5.48032E-1	-7.30454E-1
1.44446E+11	7.54170E-4	-6.13096E-1	-8.36063E-1	4.11510E-1
1.44492E+11	1.30146E-3	-2.02305E-1	2.55721E-1	9.42917E-1
1.44539E+11	9.69948E-4	-1.66301E+0	8.21712E-1	-8.15800E-2
1.44585E+11	6.80118E-4	-7.29634E-1	1.77756E-1	-9.02083E-1
1.44631E+11	9.31052E-4	-1.61633E-1	-9.33602E-1	-3.03075E-1
1.44678E+11	1.93346E-3	-7.22557E-1	-3.99442E-1	8.28960E-1
1.44724E+11	7.46027E-4	-1.19203E+0	5.76939E-1	6.53538E-1
1.44770E+11	7.73639E-4	-7.72039E-1	8.09935E-1	-4.25608E-1
1.44816E+11	2.32117E-3	-4.49364E-1	-2.08147E-1	-9.26487E-1
1.44862E+11	9.74266E-4	-1.18862E+0	-8.70706E-1	-4.93757E-2
1.44909E+11	6.87075E-4	-6.61568E-1	-2.33761E-1	8.96693E-1
1.44955E+11	1.94584E-3	9.62653E-2	9.06573E-1	4.47815E-1
1.45001E+11	1.25387E-3	-4.72605E-1	4.88598E-1	-8.11272E-1
1.45048E+11	7.96476E-4	5.39110E-2	-6.20972E-1	-7.91760E-1
1.45094E+11	1.26053E-3	1.16938E-1	-8.32292E-1	5.78430E-1
1.45140E+11	2.19510E-3	5.49360E-1	4.18909E-1	9.79469E-1
1.45186E+11	7.62708E-4	-6.22983E-1	9.06722E-1	-2.10292E-1
1.45232E+11	9.81883E-4	4.79657E-1	1.20844E-1	-1.04984E+0
1.45279E+11	2.19947E-3	4.72405E-1	-9.49518E-1	-4.61874E-1
1.45325E+11	9.37536E-4	2.62832E-1	-5.98309E-1	8.39294E-1
1.45371E+11	7.40063E-4	-7.09698E-2	4.74306E-1	8.71105E-1
1.45418E+11	1.19999E-3	2.44856E-1	8.87276E-1	-5.20328E-1
1.45464E+11	1.74667E-3	9.06445E-1	-4.09522E-1	-1.03169E+0
1.45510E+11	8.38542E-4	3.99805E-1	-9.86618E-1	3.50733E-1
1.45556E+11	1.04246E-3	8.47259E-1	9.89167E-2	1.09801E+0
1.45602E+11	2.50605E-3	5.38019E-1	1.04390E+0	2.05328E-1
1.45649E+11	8.85191E-4	2.72087E-1	4.24667E-1	-9.40379E-1
1.45695E+11	8.72355E-4	8.00314E-2	-6.45629E-1	-7.75733E-1
1.45741E+11	3.15781E-3	1.01144E+0	-9.37619E-1	6.18965E-1
1.45788E+11	1.25289E-3	9.51626E-1	4.56277E-1	1.01823E+0
1.45834E+11	8.04140E-4	1.16961E-1	9.75280E-1	-2.75911E-1
1.45880E+11	1.62554E-3	7.86558E-1	8.65945E-3	-1.09475E+0
1.45926E+11	1.53181E-3	1.31644E-1	-9.76300E-1	-2.78593E-1
1.45972E+11	8.03404E-4	5.10410E-1	-4.94318E-1	9.38276E-1
1.46019E+11	9.90911E-4	-1.51220E-1	6.07991E-1	7.72093E-1
1.46065E+11	2.29941E-3	9.46671E-1	9.36806E-1	-6.04942E-1
1.46111E+11	1.01057E-3	1.01761E+0	-4.70109E-1	-1.02129E+0
1.46158E+11	8.57516E-4	-1.01425E-1	-9.58506E-1	2.41213E-1
1.46204E+11	2.17609E-3	6.95749E-1	-1.27269E-1	1.07590E+0
1.46250E+11	1.00693E-3	-7.51840E-2	9.44723E-1	3.00560E-1
1.46296E+11	8.38052E-4	7.25830E-1	6.15816E-1	-8.95922E-1
1.46342E+11	1.19651E-3	-5.51322E-1	-6.14687E-1	-7.09183E-1
1.46389E+11	1.68524E-3	1.06282E+0	-9.73945E-1	5.73323E-1
1.46435E+11	8.62438E-4	5.92089E-1	3.76564E-1	1.00213E+0
1.46481E+11	9.65007E-4	1.28622E-2	9.89371E-1	-1.55274E-1
1.46528E+11	1.91090E-3	3.24048E-1	2.12863E-1	-1.01595E+0
1.46574E+11	1.01734E-3	9.95693E-1	-1.07052E+0	-3.34178E-1
1.46620E+11	9.57271E-4	7.60040E-1	-5.68497E-1	9.31700E-1
1.46666E+11	1.51648E-3	5.20396E-1	7.04230E-1	7.94582E-1
1.46712E+11	1.45404E-3	1.27039E+0	9.67053E-1	-6.36087E-1
1.46759E+11	8.16812E-4	6.33271E-1	-3.87749E-1	-1.00331E+0
1.46805E+11	1.16007E-3	-4.16857E-2	-9.90048E-1	1.01254E-1
1.46851E+11	1.64469E-3	5.63998E-1	-4.36451E-1	9.73748E-1
1.46898E+11	9.86141E-4	1.32480E+0	1.02204E+0	5.58678E-1
1.46944E+11	1.14321E-3	1.09010E+0	6.27595E-1	-9.44162E-1
1.46990E+11	1.47365E-3	2.13693E-1	-8.00676E-1	-6.39807E-1
1.47036E+11	1.35244E-3	1.59473E+0	-8.47953E-1	8.51271E-1
1.47082E+11	9.08510E-4	1.02002E+0	7.26509E-1	8.58445E-1
1.47129E+11	1.51865E-3	2.86035E-1	9.59386E-1	-3.84262E-1
1.47175E+11	1.35226E-3	2.15874E-1	2.23743E-1	-1.00045E+0
1.47221E+11	8.84615E-4	1.29891E+0	-1.09288E+0	-3.92734E-1
1.47268E+11	1.03128E-3	3.74168E-1	-5.95724E-1	8.57373E-1
1.47314E+11	1.56358E-3	3.68539E-1	7.14963E-1	7.59863E-1
1.47360E+11	1.03667E-3	1.32468E+0	1.07289E+0	-4.53385E-1
1.47406E+11	9.39180E-4	1.02115E+0	-3.59824E-1	-1.06564E+0
1.47452E+11	1.85551E-3	8.06025E-1	-1.09234E+0	1.03584E-1
1.47499E+11	1.10742E-3	5.05271E-1	-2.63690E-1	1.02657E+0
1.47545E+11	9.83857E-4	1.85389E+0	1.17362E+0	3.93797E-1
1.47591E+11	1.39962E-3	5.10781E-1	5.21356E-1	-9.23577E-1
1.47638E+11	1.04594E-3	-3.39850E-1	-5.96608E-1	-7.54181E-1
1.47684E+11	8.54623E-4	1.10062E+0	-1.11643E+0	2.04989E-1
1.47730E+11	1.25209E-3	1.34855E+0	2.85194E-2	1.16761E+0
1.47776E+11	1.69068E-3	8.54349E-1	1.08250E+0	2.13527E-1
1.47822E+11	9.70190E-4	5.90950E-1	4.71395E-1	-9.61015E-1
1.47869E+11	1.00711E-3	1.93863E+0	-1.15990E+0	-4.66148E-1
1.47915E+11	1.71298E-3	7.68055E-1	-4.57438E-1	9.92071E-1
1.47961E+11	8.07101E-4	-6.98818E-2	6.79472E-1	7.22742E-1
1.48008E+11	7.27757E-4	1.17657E+0	1.11795E+0	-2.47671E-1
1.48054E+11	1.60715E-3	1.29156E+0	-1.09663E-1	-1.15513E+0
1.48100E+11	1.00593E-3	7.90440E-1	-1.08859E+0	-1.20825E-1
1.48146E+11	5.31402E-4	-4.98934E-1	-3.32352E-1	8.83749E-1
1.48192E+11	8.87067E-4	2.09637E+0	1.17531E+0	4.88968E-1
1.48239E+11	1.47007E-3	7.74571E-1	5.67369E-1	-9.34526E-1
1.48285E+11	5.25899E-4	2.86613E-1	-5.39531E-1	-8.81548E-1
1.48331E+11	5.29100E-4	9.29189E-1	-1.11249E+0	3.04524E-2
1.48378E+11	1.93700E-3	1.49838E+0	-9.75682E-2	1.18427E+0
1.48424E+11	5.54555E-4	6.70559E-1	1.06261E+0	1.94447E-1
1.48470E+11	4.28803E-4	8.09887E-1	4.08075E-1	-1.01906E+0
1.48516E+11	1.30933E-3	2.17186E+0	-1.18499E+0	-4.94628E-1
1.48562E+11	7.46356E-4	1.00259E+0	-5.68895E-1	9.67488E-1
1.48609E+11	3.21966E-4	1.43391E-1	6.12488E-1	8.11435E-1
1.48655E+11	6.00147E-4	1.40872E+0	1.16485E+0	-1.62105E-1
1.48701E+11	1.32706E-3	1.77284E+0	-1.76422E-3	-1.22643E+0
1.48748E+11	3.32066E-4	1.04747E+0	-1.11191E+0	-1.90826E-1
1.48794E+11	3.89661E-4	4.90593E-1	-5.66889E-1	8.93436E-1
1.48840E+11	1.39176E-3	2.07637E+0	9.49962E-1	8.42960E-1
1.48886E+11	4.37078E-4	1.55777E+0	9.55036E-1	-7.20665E-1
1.48932E+11	2.85224E-4	6.70940E-1	-4.08985E-1	-9.99897E-1
1.48979E+11	7.76168E-4	1.67759E+0	-1.20162E+0	1.66162E-1
1.49025E+11	5.45762E-4	1.30112E+0	1.39537E-1	1.15319E+0
1.49071E+11	2.41823E-4	1.07383E+0	1.12749E+0	9.62809E-2
1.49118E+11	3.62938E-4	4.02796E-1	5.38018E-1	-8.98733E-1
1.49164E+11	9.61871E-4	1.44135E+0	-7.52545E-1	-9.09540E-1
1.49210E+11	2.22424E-4	9.75557E-1	-1.00359E+0	4.94638E-1
1.49256E+11	2.65280E-4	2.68068E-1	2.91870E-1	9.89182E-1
1.49302E+11	1.17623E-3	1.92861E+0	1.21397E+0	-2.92097E-1
1.49349E+11	3.11522E-4	1.17174E+0	-3.13694E-1	-1.10059E+0
1.49395E+11	2.53690E-4	1.28842E+0	-1.13647E+0	2.31938E-1
1.49441E+11	5.00987E-4	5.89416E-1	-3.42672E-1	1.01387E+0
1.49488E+11	5.65435E-4	1.70101E+0	9.96040E-1	6.98109E-1
1.49534E+11	2.24223E-4	1.48737E+0	9.37186E-1	-7.28092E-1
1.49580E+11	3.67660E-4	1.94527E-1	-4.70061E-1	-9.08214E-1
1.49626E+11	1.09289E-3	1.84883E+0	-1.19781E+0	3.09729E-1
1.49672E+11	2.63210E-4	1.47903E+0	1.25274E-1	1.17900E+0
1.49719E+11	2.98529E-4	9.54615E-1	1.11390E+0	7.10995E-2
1.49765E+11	6.82215E-4	2.56428E-1	6.03357E-1	-8.34736E-1
1.49811E+11	3.38749E-4	1.05764E+0	-7.13331E-1	-8.75731E-1
1.49858E+11	2.44940E-4	1.00044E+0	-9.77133E-1	5.51602E-1
1.49904E+11	5.67875E-4	9.69990E-2	3.28483E-1	9.56392E-1
1.49950E+11	6.31010E-4	1.37773E+0	1.16965E+0	-7.24366E-2
1.49996E+11	2.42073E-4	1.05350E+0	1.93105E-1	-1.11231E+0
1.50042E+11	3.95852E-4	3.43313E-1	-9.33139E-1	-4.59902E-1
1.50089E+11	6.52983E-4	5.29863E-2	-8.58487E-1	5.24666E-1
1.50135E+11	2.94788E-4	1.27657E+0	3.97762E-1	1.08788E+0
1.50181E+11	3.04218E-4	8.33927E-1	1.07215E+0	-2.49373E-1
1.50228E+11	6.80211E-4	-2.38638E-1	8.80448E-2	-9.68908E-1
1.50274E+11	5.43587E-4	1.65072E+0	-1.14764E+0	-3.81253E-1
1.50320E+11	2.61049E-4	6.03339E-1	-5.45790E-1	9.22578E-1
1.50366E+11	5.49565E-4	-2.11071E-1	5.94075E-1	7.74362E-1
1.50412E+11	5.09020E-4	-7.39165E-2	9.49474E-1	-2.85697E-1
1.50459E+11	2.85509E-4	8.49404E-1	-2.21006E-1	-1.08036E+0
1.50505E+11	4.24355E-4	7.20746E-1	-1.07978E+0	1.20785E-1
1.50551E+11	8.76886E-4	9.84837E-2	-2.58615E-1	9.77780E-1
1.50598E+11	3.52864E-4	1.01719E+0	9.91136E-1	5.30629E-1
1.50644E+11	2.81450E-4	5.65835E-1	7.70456E-1	-7.38617E-1
1.50690E+11	7.35853E-4	-2.33247E-1	-4.07405E-1	-8.84156E-1
1.50736E+11	4.13049E-4	6.81977E-1	-1.06259E+0	2.02324E-1
1.50782E+11	2.89225E-4	8.68278E-1	1.36296E-1	1.09669E+0
1.50829E+11	5.14173E-4	6.35919E-2	1.00549E+0	-6.11970E-2
1.50875E+11	7.04758E-4	4.72486E-2	2.04634E-1	-9.84410E-1
1.50921E+11	3.05607E-4	1.18062E-1	-9.42317E-1	-3.73627E-1
1.50968E+11	3.77396E-4	-2.29467E-1	-5.89939E-1	7.74924E-1
1.51014E+11	8.50094E-4	-9.52968E-1	4.30032E-1	7.86161E-1
1.51060E+11	3.29848E-4	-5.69357E-1	9.24388E-1	-1.50458E-1
1.51106E+11	3.29604E-4	-1.01606E-1	1.40717E-1	-9.78302E-1
1.51152E+11	6.58660E-4	-1.14558E+0	-7.69172E-1	-4.20139E-1
1.51199E+11	5.36527E-4	-1.70976E-1	-7.07260E-1	6.79102E-1
1.51245E+11	3.19928E-4	-3.64277E-1	4.77815E-1	8.31406E-1
1.51291E+11	5.62233E-4	-3.84045E-1	8.99125E-1	-3.27019E-1
1.51338E+11	8.68586E-4	-7.18786E-1	-1.09280E-1	-9.14069E-1
1.51384E+11	3.46754E-4	-2.62635E-1	-9.70137E-1	-1.23236E-2
1.51430E+11	4.31942E-4	-2.49546E-1	-3.17493E-1	9.18345E-1
1.51476E+11	1.19148E-3	-2.22501E-1	6.95306E-1	6.83087E-1
1.51522E+11	4.75875E-4	3.64237E-1	9.13025E-1	-5.03857E-1
1.51569E+11	4.03956E-4	2.47474E-1	-3.44983E-1	-9.69342E-1
1.51615E+11	7.68995E-4	-2.40493E-1	-9.46182E-1	2.25544E-1
1.51661E+11	8.20221E-4	5.65188E-1	2.66088E-1	1.03353E+0
1.51708E+11	4.09790E-4	4.03009E-1	1.02560E+0	-2.13054E-1
1.51754E+11	6.36578E-4	-1.80590E-1	-1.09664E-2	-9.79362E-1
1.51800E+11	1.30415E-3	1.89081E-2	-9.04677E-1	-4.31187E-1
1.51846E+11	4.09098E-4	-2.14855E-1	-6.28824E-1	7.45863E-1
1.51892E+11	4.70679E-4	-3.02894E-1	5.45260E-1	7.97073E-1
1.51939E+11	9.27347E-4	-1.32730E+0	8.04597E-1	-2.98811E-1
1.51985E+11	6.16962E-4	5.64673E-2	-3.22712E-1	-9.53385E-1
1.52031E+11	3.75118E-4	-1.00188E+0	-8.69168E-1	1.96297E-1
1.52078E+11	7.71257E-4	-1.07675E+0	-6.35767E-2	8.81120E-1
1.52124E+11	1.00664E-3	-9.40868E-2	9.11741E-1	3.83794E-1
1.52170E+11	4.18240E-4	-3.66030E-1	5.59047E-1	-7.78870E-1
1.52216E+11	5.99743E-4	-1.19929E+0	-5.66073E-1	-6.62015E-1
1.52262E+11	1.35101E-3	-8.20710E-1	-8.62175E-1	2.90621E-1
1.52309E+11	5.70835E-4	3.34666E-1	2.98375E-1	9.95530E-1
1.52355E+11	5.12421E-4	-3.19446E-1	9.48568E-1	-1.71184E-1
1.52401E+11	8.91385E-4	-1.41389E+0	5.45302E-2	-8.48027E-1
1.52448E+11	8.82761E-4	1.04122E+0	-1.06703E+0	-3.63848E-1
1.52494E+11	4.98732E-4	5.53425E-1	-4.30795E-1	9.74845E-1
1.52540E+11	8.73337E-4	-6.63919E-1	7.74288E-1	5.08643E-1
1.52586E+11	1.26852E-3	2.40282E-1	8.93687E-1	-5.08143E-1
1.52632E+11	5.29417E-4	6.51408E-1	-4.54247E-1	-9.77489E-1
1.52679E+11	6.65184E-4	5.81466E-2	-9.87688E-1	1.94812E-1
1.52725E+11	8.90841E-4	-1.56068E+0	-9.02667E-2	8.30648E-1
1.52771E+11	6.54913E-4	6.91985E-1	1.04600E+0	2.80378E-1
1.52818E+11	5.09644E-4	2.34095E-1	2.45376E-1	-9.97583E-1
1.52864E+11	8.98078E-4	-1.29066E+0	-7.93585E-1	-3.36347E-1
1.52910E+11	9.51279E-4	8.33193E-1	-7.68627E-1	7.87846E-1
1.52956E+11	5.18808E-4	7.87667E-1	6.98447E-1	8.43224E-1
1.53002E+11	8.42023E-4	-5.13820E-1	8.43210E-1	-4.21207E-1
1.53049E+11	8.35391E-4	-9.84101E-1	8.23796E-2	-8.89075E-1
1.53095E+11	5.31655E-4	7.92684E-1	-1.08383E+0	-1.59860E-1
1.53141E+11	5.93779E-4	1.08969E-1	-1.97652E-1	9.93148E-1
1.53188E+11	8.16538E-4	-1.35160E+0	7.84488E-1	3.42247E-1
1.53234E+11	6.41377E-4	1.09609E+0	7.04099E-1	-8.89570E-1
1.53280E+11	4.58448E-4	9.33806E-1	-8.32825E-1	-7.39111E-1
1.53326E+11	9.80935E-4	-2.85172E-2	-7.50451E-1	6.55956E-1
1.53373E+11	6.76024E-4	7.17817E-1	3.00459E-1	1.04377E+0
1.53419E+11	4.83889E-4	1.37355E+0	1.15581E+0	-1.90001E-1
1.53465E+11	6.43403E-4	3.88956E-1	1.26630E-1	-1.03810E+0
1.53511E+11	1.25783E-3	2.43877E-1	-8.85469E-1	-5.23169E-1
1.53557E+11	6.60628E-4	1.11192E+0	-7.74921E-1	8.31438E-1
1.53604E+11	5.42496E-4	4.64249E-1	6.83390E-1	8.03615E-1
1.53650E+11	1.43586E-3	-1.94711E-1	8.93754E-1	-3.96687E-1
1.53696E+11	7.74172E-4	1.12828E+0	-2.87371E-1	-1.10185E+0
1.53743E+11	6.53076E-4	1.79765E+0	-1.21571E+0	1.86534E-1
1.53789E+11	1.08119E-3	2.34517E-1	-1.97905E-1	1.00813E+0
1.53835E+11	1.47971E-3	8.94406E-1	9.69497E-1	5.37364E-1
1.53881E+11	6.10234E-4	7.22106E-1	8.06767E-1	-7.28025E-1
1.53927E+11	7.20152E-4	-1.37264E-1	-5.82743E-1	-7.93283E-1
1.53974E+11	1.93119E-3	1.92747E-1	-1.00017E+0	2.12208E-1
1.54020E+11	5.09198E-4	2.89138E-1	1.98840E-1	1.01455E+0
1.54066E+11	5.20280E-4	1.85349E-1	1.02063E+0	4.37439E-2
1.54113E+11	1.41600E-3	-4.13971E-1	4.60466E-1	-8.34897E-1
1.54159E+11	6.95345E-4	3.02957E-1	-6.97965E-1	-7.64915E-1
1.54205E+11	4.12770E-4	-4.08132E-1	-8.94420E-1	3.32140E-1
1.54251E+11	7.58395E-4	-7.52093E-1	6.90246E-2	9.14454E-1
1.54297E+11	1.48772E-3	9.92802E-1	1.11875E+0	7.23983E-2
1.54344E+11	4.86039E-4	8.86698E-1	2.53829E-3	-1.10747E+0
1.54390E+11	6.73549E-4	3.69938E-1	-1.02237E+0	-2.08967E-1
1.54436E+11	2.62442E-3	7.78653E-1	-6.27979E-1	8.95551E-1
1.54483E+11	5.69920E-4	7.73908E-1	6.92516E-1	8.45863E-1
1.54529E+11	5.08844E-4	1.05435E-1	9.45761E-1	-3.60708E-1
1.54575E+11	1.32392E-3	8.34170E-3	1.13609E-1	-9.94493E-1
1.54621E+11	8.54716E-4	1.25660E+0	-1.14480E+0	-1.58048E-1
1.54667E+11	4.33113E-4	4.77894E-1	-1.28611E-1	1.04870E+0
1.54714E+11	8.78155E-4	2.52009E-1	9.61440E-1	3.67936E-1
1.54760E+11	1.56038E-3	7.72120E-1	6.77667E-1	-8.57519E-1
1.54806E+11	4.44265E-4	7.96458E-1	-6.57986E-1	-8.76549E-1
1.54853E+11	5.76233E-4	-4.94825E-1	-9.02250E-1	2.79747E-1
1.54899E+11	2.53847E-3	6.88281E-1	-2.28133E-1	1.05815E+0
1.54945E+11	5.89074E-4	1.07431E+0	1.06465E+0	3.83628E-1
1.54991E+11	4.74142E-4	2.37172E-1	5.19373E-1	-8.86781E-1
1.55037E+11	9.29905E-4	-1.09449E+0	-4.46182E-1	-7.60364E-1
1.55084E+11	9.83255E-4	8.13272E-1	-1.04845E+0	3.26642E-1
1.55130E+11	4.62833E-4	8.88416E-1	1.57960E-1	1.09638E+0
1.55176E+11	9.25992E-4	-1.60307E-1	9.81245E-1	-3.03313E-2
1.55223E+11	2.54200E-3	1.34279E+0	4.14422E-1	-1.09113E+0
1.55269E+11	4.82004E-4	8.20384E-1	-9.76157E-1	-5.05013E-1
1.55315E+11	5.37038E-4	4.42237E-2	-7.69562E-1	6.46536E-1
1.55361E+11	1.02869E-3	-1.48046E+0	2.90103E-2	8.42791E-1
1.55407E+11	6.91839E-4	1.43081E+0	1.17587E+0	8.67774E-2
1.55454E+11	5.28127E-4	1.19736E+0	5.97595E-2	-1.14625E+0
1.55500E+11	1.68641E-3	5.52867E-1	-1.06563E+0	1.40093E-2
1.55546E+11	1.69835E-3	1.49355E+0	-3.15410E-1	1.14497E+0
1.55593E+11	5.95384E-4	1.18251E+0	1.06790E+0	4.15399E-1
1.55639E+11	9.45169E-4	-1.76378E-1	7.43850E-1	-6.37878E-1
1.55685E+11	1.67025E-3	-9.22183E-1	-1.75321E-2	-8.99101E-1
1.55731E+11	8.21179E-4	1.58061E+0	-1.19458E+0	-1.09478E-1
1.55777E+11	8.08728E-4	7.61142E-1	4.01537E-2	1.09085E+0
1.55824E+11	2.23110E-3	-4.34655E-1	9.46363E-1	-9.57040E-2
1.55870E+11	1.28226E-3	1.13762E+0	2.59262E-1	-1.11006E+0
1.55916E+11	7.61901E-4	1.53704E+0	-1.12183E+0	-4.07586E-1
1.55963E+11	1.68499E-3	1.92675E-1	-6.98471E-1	7.46661E-1
1.56009E+11	1.13438E-3	-6.94965E-1	1.96955E-1	9.01850E-1
1.56055E+11	6.17440E-4	1.06820E+0	1.12954E+0	-5.47807E-2
1.56101E+11	9.15442E-4	1.04052E-1	-4.29964E-2	-1.01114E+0
1.56147E+11	1.59324E-3	-1.06941E+0	-8.79439E-1	-9.12247E-2
1.56194E+11	7.00430E-4	3.45367E-1	-5.75732E-1	8.66778E-1
1.56240E+11	6.97534E-4	8.58293E-1	8.06087E-1	7.54144E-1
1.56286E+11	2.03433E-3	-1.21876E-1	8.87423E-1	-4.29893E-1
1.56333E+11	6.86641E-4	-4.08109E-1	-1.18718E-1	-9.46687E-1
1.56379E+11	6.12702E-4	1.56170E+0	-1.19308E+0	9.64611E-2
1.56425E+11	1.37070E-3	3.43615E-1	7.44788E-2	1.03768E+0
1.56471E+11	1.17514E-3	-2.62274E-1	9.04831E-1	3.50255E-1
1.56517E+11	6.19652E-4	8.95573E-1	8.81551E-1	-6.72223E-1
1.56564E+11	1.00355E-3	1.45655E+0	-4.43997E-1	-1.09606E+0
1.56610E+11	1.73265E-3	-5.96718E-1	-9.19531E-1	1.61510E-1
1.56656E+11	6.18179E-4	5.38517E-2	7.24662E-2	1.00361E+0
1.56703E+11	7.05949E-4	1.26443E+0	1.13138E+0	-2.40700E-1
1.56749E+11	2.16283E-3	3.91489E-1	-3.91479E-1	-9.70091E-1
1.56795E+11	7.40226E-4	-7.93853E-1	-8.98543E-1	-1.59885E-1
1.56841E+11	5.27435E-4	-1.31208E-1	-5.91432E-1	7.87685E-1
1.56887E+11	1.28976E-3	9.09947E-1	6.61785E-1	8.91701E-1
1.56934E+11	1.13796E-3	-9.88894E-1	7.58457E-1	-4.70219E-1
1.56980E+11	6.14216E-4	5.54572E-1	-4.02719E-1	-9.86926E-1
1.57026E+11	8.58436E-4	8.86872E-1	-1.01162E+0	4.50748E-1
1.57073E+11	1.93013E-3	-2.35896E-1	3.47081E-1	9.09212E-1
1.57119E+11	6.56938E-4	-9.76279E-1	8.80267E-1	1.54303E-1
1.57165E+11	6.88748E-4	1.58169E-1	4.35074E-1	-9.20762E-1
1.57211E+11	2.08580E-3	8.99155E-1	-9.14442E-1	-6.27554E-1
1.57257E+11	7.90009E-4	-1.73506E+0	-5.79006E-1	5.79137E-1
1.57304E+11	6.35495E-4	4.67545E-1	4.65057E-1	9.47305E-1
1.57350E+11	1.12191E-3	5.14296E-1	1.04179E+0	-2.00978E-1
1.57396E+11	1.80913E-3	4.37844E-2	9.51917E-2	-1.00054E+0
1.57443E+11	5.91700E-4	-1.19930E+0	-6.39711E-1	-5.91160E-1
1.57489E+11	8.57331E-4	1.48036E-1	-7.42441E-1	6.95310E-1
1.57535E+11	2.79642E-3	7.12868E-1	7.91418E-1	7.42995E-1
1.57581E+11	6.67885E-4	-2.08248E+0	4.99397E-1	-6.08022E-1
1.57627E+11	7.54717E-4	4.02727E-1	-4.00641E-1	-9.67809E-1
1.57674E+11	1.39666E-3	-2.84711E-1	-9.67106E-1	-3.53741E-2
1.57720E+11	1.69739E-3	-3.01076E-2	-3.96642E-1	9.14203E-1
1.57766E+11	6.65989E-4	-8.93189E-1	5.31190E-1	7.29345E-1
1.57813E+11	1.47569E-3	8.86092E-1	7.76682E-1	-7.89367E-1
1.57859E+11	3.11390E-3	8.31652E-1	-8.98437E-1	-6.35508E-1
1.57905E+11	7.66701E-4	-7.87781E-1	-4.51033E-1	7.94152E-1
1.57951E+11	8.98351E-4	7.37824E-1	4.61903E-1	9.85810E-1
1.57997E+11	2.02608E-3	1.24168E-1	1.01427E+0	-1.59640E-2
1.58044E+11	1.06751E-3	5.07604E-2	4.53946E-1	-8.97602E-1
1.58090E+11	4.99138E-4	-9.49281E-1	-4.82744E-1	-7.55392E-1
1.58136E+11	1.51832E-3	4.53740E-1	-8.01684E-1	6.83691E-1
1.58183E+11	1.49826E-3	-1.91266E-1	6.68905E-1	7.13779E-1
1.58229E+11	4.12612E-4	-1.99612E+0	5.83218E-1	-5.39795E-1
1.58275E+11	6.86565E-4	-2.86072E-1	-9.09460E-2	-9.63318E-1
1.58321E+11	1.64213E-3	-4.48186E-1	-9.19209E-1	-2.38753E-1
1.58367E+11	5.73426E-4	-2.45165E-1	-6.06120E-1	7.60086E-1
1.58414E+11	4.16821E-4	-1.02412E+0	3.13141E-1	8.31788E-1
1.58460E+11	2.11662E-3	9.66248E-1	1.01954E+0	-4.57956E-1
1.58506E+11	8.16222E-4	6.04781E-1	-2.39777E-1	-1.04495E+0
1.58553E+11	3.33815E-4	-2.31317E-1	-9.73713E-1	-3.72701E-3
1.58599E+11	8.56360E-4	7.54605E-1	-6.67857E-1	8.62398E-1
1.58645E+11	9.72872E-4	1.88597E-1	6.82313E-1	7.60810E-1
1.58691E+11	3.35012E-4	3.91884E-1	8.87043E-1	-5.54604E-1
1.58737E+11	2.74711E-4	-1.54636E+0	-2.21781E-1	-8.06995E-1
1.58784E+11	1.94216E-3	8.42343E-1	-1.07384E+0	2.46808E-1
1.58830E+11	3.41912E-4	3.94765E-3	-1.37642E-1	9.90941E-1
1.58876E+11	2.67764E-4	-4.27667E-1	8.31498E-1	4.63498E-1
1.58923E+11	1.27178E-3	7.79622E-1	9.78458E-1	-4.89139E-1
1.58969E+11	5.18950E-4	3.29896E-1	-4.46569E-1	-9.37815E-1
1.59015E+11	3.00435E-4	6.89067E-1	-1.02068E+0	3.60765E-1
1.59061E+11	3.46761E-4	-1.72782E+0	8.11235E-2	8.15588E-1
1.59107E+11	1.26062E-3	1.07425E+0	1.13163E+0	6.58055E-3
1.59154E+11	2.70051E-4	4.83830E-2	3.39299E-1	-9.46615E-1
1.59200E+11	4.11662E-4	4.99645E-1	-8.26203E-1	-6.62808E-1
1.59246E+11	2.13284E-3	9.14434E-1	-9.84558E-1	5.14791E-1
1.59293E+11	4.74568E-4	6.23693E-1	5.95513E-1	8.94315E-1
1.59339E+11	3.85778E-4	6.00752E-1	9.30075E-1	-5.32271E-1
1.59385E+11	6.21634E-4	-1.83166E+0	-2.39589E-1	-7.73622E-1
1.59431E+11	9.00550E-4	1.13700E+0	-1.13242E+0	-1.29988E-1
1.59477E+11	3.03457E-4	-2.86454E-1	-5.20890E-1	8.15379E-1
1.59524E+11	6.53906E-4	5.83590E-1	6.55619E-1	8.44977E-1
1.59570E+11	1.92882E-3	9.32900E-1	1.04853E+0	-3.74440E-1
1.59616E+11	3.67822E-4	4.96828E-1	-6.02894E-1	-8.70470E-1
1.59663E+11	4.71759E-4	4.87034E-1	-9.40499E-1	4.83875E-1
1.59709E+11	1.39986E-3	-5.57080E-1	3.07807E-1	8.85928E-1
1.59755E+11	8.43112E-4	1.40727E+0	1.16845E+0	1.31981E-1
1.59801E+11	4.59192E-4	-2.76127E-1	4.85223E-1	-8.38426E-1
1.59847E+11	1.43588E-3	9.79709E-1	-7.35748E-1	-8.43642E-1
1.59894E+11	2.01106E-3	1.28800E+0	-1.07814E+0	4.27603E-1
1.59940E+11	6.93343E-4	1.50626E+0	6.87765E-1	9.70338E-1
1.59986E+11	8.79470E-4	6.98087E-1	1.04276E+0	-2.95027E-1
1.60033E+11	1.53575E-3	1.13507E-1	-2.34790E-1	-9.85573E-1
1.60079E+11	5.37047E-4	1.76064E+0	-1.20412E+0	-2.23609E-1
1.60125E+11	3.18662E-4	1.25337E-1	-3.63432E-1	9.47205E-1
1.60171E+11	1.35524E-3	1.14654E+0	9.17629E-1	6.78297E-1
1.60217E+11	6.66184E-4	7.69462E-1	8.58874E-1	-6.75407E-1
1.60264E+11	4.15905E-4	1.51890E+0	-8.40294E-1	-8.44159E-1
1.60310E+11	8.57201E-4	6.57639E-1	-1.01201E+0	3.73268E-1
1.60356E+11	1.48866E-3	1.48745E+0	1.80960E-1	1.17291E+0
1.60403E+11	6.99309E-4	2.52869E+0	1.29897E+0	3.20544E-1
1.60449E+11	7.19155E-4	5.72260E-1	3.92546E-1	-9.93353E-1
1.60495E+11	2.75165E-3	1.69254E+0	-9.85029E-1	-7.11538E-1
1.60541E+11	8.38935E-4	9.36492E-1	-7.08379E-1	8.59563E-1
1.60587E+11	7.13373E-4	1.53328E+0	9.88064E-1	6.68680E-1
1.60634E+11	1.47774E-3	4.64067E-1	8.77485E-1	-5.85486E-1
1.60680E+11	1.38243E-3	1.16700E+0	-4.26022E-1	-1.06150E+0
1.60726E+11	8.11976E-4	2.06791E+0	-1.26764E+0	-5.45212E-2
1.60773E+11	9.98736E-4	1.69565E-2	-1.70101E-1	9.87410E-1
1.60819E+11	2.34713E-3	1.11685E+0	9.71496E-1	5.91146E-1
1.60865E+11	6.12913E-4	-1.37483E-1	6.15240E-1	-7.68322E-1
1.60911E+11	8.07064E-4	1.13899E+0	-8.49986E-1	-7.59863E-1
1.60957E+11	1.90839E-3	-1.11151E-1	-8.77027E-1	4.53382E-1
1.61004E+11	1.07734E-3	1.36294E+0	3.15823E-1	1.12646E+0
1.61050E+11	6.90532E-4	1.31267E+0	1.15381E+0	1.47040E-1
1.61096E+11	1.54263E-3	5.20525E-1	3.01223E-1	-1.01813E+0
1.61143E+11	1.56601E-3	1.06390E+0	-9.08020E-1	-6.73116E-1
1.61189E+11	5.46488E-4	3.51184E-1	-6.76206E-1	7.91813E-1
1.61235E+11	7.86448E-4	2.63591E-1	5.61520E-1	8.64448E-1
1.61281E+11	1.79833E-3	-9.93447E-2	9.63389E-1	-2.21961E-1
1.61327E+11	7.28913E-4	1.40556E+0	3.64691E-2	-1.17508E+0
1.61374E+11	6.67633E-4	1.05784E+0	-1.08758E+0	-3.04933E-1
1.61420E+11	2.12397E-3	6.66288E-1	-4.56907E-1	9.78289E-1
1.61466E+11	9.24514E-4	9.36519E-1	8.22627E-1	7.50961E-1
1.61513E+11	5.25309E-4	9.03885E-1	9.03360E-1	-6.44446E-1
1.61559E+11	1.15149E-3	5.76034E-1	-3.18232E-1	-1.02008E+0
1.61605E+11	1.38356E-3	7.28637E-1	-1.06601E+0	-2.15163E-1
1.61651E+11	6.25890E-4	1.63639E+0	-3.93742E-1	1.14130E+0
1.61697E+11	7.72322E-4	1.13663E+0	1.03241E+0	4.83007E-1
1.61744E+11	2.36541E-3	5.70180E-1	4.06627E-1	-9.87396E-1
1.61790E+11	6.24229E-4	6.21443E-1	-8.81675E-1	-6.13585E-1
1.61836E+11	5.68366E-4	7.06566E-1	-8.11991E-1	7.19268E-1
1.61883E+11	1.38162E-3	7.05989E-4	5.83947E-2	9.98375E-1
1.61929E+11	8.39632E-4	5.06403E-1	9.23814E-1	5.19848E-1
1.61975E+11	5.42151E-4	1.53447E+0	7.97184E-1	-8.87858E-1
1.62021E+11	8.71796E-4	8.18157E-1	-8.65544E-1	-6.76857E-1
1.62067E+11	1.86563E-3	9.93047E-1	-7.22667E-1	8.57125E-1
1.62114E+11	5.14806E-4	1.32924E+0	9.05326E-1	7.33799E-1
1.62160E+11	7.44344E-4	1.66810E+0	9.99992E-1	-6.84324E-1
1.62206E+11	1.64252E-3	-4.55624E-2	-9.26525E-2	-9.90444E-1
1.62253E+11	6.83760E-4	9.61466E-1	-9.62039E-1	-5.67702E-1
1.62299E+11	5.06924E-4	8.19321E-1	9.16529E-2	1.09509E+0
1.62345E+11	1.31947E-3	5.34708E-1	1.06310E+0	-2.89827E-2
1.62391E+11	1.09065E-3	-1.88907E-1	2.50477E-1	-9.45884E-1
1.62437E+11	5.27333E-4	1.00318E+0	-1.06988E+0	-3.39428E-1
1.62484E+11	8.75191E-4	3.79581E-1	-6.43625E-1	8.22850E-1
1.62530E+11	1.93082E-3	1.74417E-1	5.20255E-1	8.77675E-1
1.62576E+11	5.75705E-4	4.56318E-1	1.04693E+0	-1.21349E-1
1.62623E+11	6.91072E-4	5.80723E-1	-1.09008E-1	-1.06357E+0
1.62669E+11	1.89808E-3	-1.75478E-1	-9.78408E-1	5.58402E-2
1.62715E+11	7.09257E-4	-1.03211E+0	-3.35611E-1	8.22096E-1
1.62761E+11	6.00565E-4	9.82338E-1	8.55348E-1	7.22631E-1
1.62807E+11	1.53780E-3	6.17965E-1	9.37790E-1	-5.22937E-1
1.62854E+11	1.19274E-3	-5.25368E-1	-2.38651E-1	-9.10553E-1
1.62900E+11	5.35358E-4	5.67735E-1	-1.06752E+0	-8.17991E-3
1.62946E+11	8.38601E-4	-9.80334E-2	1.31258E-1	9.80026E-1
1.62993E+11	2.06169E-3	-7.41184E-3	9.99013E-1	1.63909E-2
1.63039E+11	4.41349E-4	-1.68621E+0	4.59864E-1	-6.83197E-1
1.63085E+11	5.83509E-4	7.56774E-1	-7.13035E-1	-8.25796E-1
1.63131E+11	2.03413E-3	3.45984E-1	-9.42506E-1	4.41144E-1
1.63177E+11	7.44367E-4	-8.61788E-3	3.69642E-1	9.28107E-1
1.63224E+11	4.52392E-4	6.55510E-1	1.07720E+0	-5.06133E-2
1.63270E+11	1.30229E-3	4.43153E-1	-1.12456E-1	-1.04632E+0
1.63316E+11	1.37246E-3	-5.12290E-2	-9.35986E-1	-3.34969E-1
1.63363E+11	2.84647E-4	-2.62631E+0	-5.39313E-1	5.05334E-1
1.63409E+11	7.46224E-4	1.18887E+0	2.84401E-1	1.11086E+0
1.63455E+11	2.27171E-3	6.18392E-1	1.05763E+0	-1.85573E-1
1.63501E+11	5.60243E-4	2.28767E-1	-1.51410E-1	-1.01546E+0
1.63547E+11	4.36036E-4	4.82801E-1	-1.05127E+0	-1.11403E-1
1.63594E+11	2.27759E-3	1.03666E+0	-1.56261E-1	1.11588E+0
1.63640E+11	7.64487E-4	-1.39128E-1	8.01557E-1	5.70946E-1
1.63686E+11	2.61344E-4	-2.01869E+0	7.36853E-1	-2.92054E-1
1.63733E+11	8.66126E-4	5.27677E-1	5.70129E-2	-1.06110E+0
1.63779E+11	1.31062E-3	-5.95796E-1	-9.28690E-1	-9.66513E-2
1.63825E+11	3.77908E-4	-7.20460E-1	-8.87462E-2	9.16112E-1
1.63871E+11	3.57658E-4	-9.35395E-1	7.65247E-1	4.69713E-1
1.63917E+11	2.59910E-3	2.38774E-1	6.27111E-1	-8.14402E-1
1.63964E+11	4.66340E-4	-6.49133E-1	-4.27447E-1	-8.23684E-1
1.64010E+11	2.80640E-4	-2.01979E+0	-7.69127E-1	1.91134E-1
1.64056E+11	1.19476E-3	7.28272E-2	-1.55012E-1	9.96435E-1
1.64103E+11	8.35867E-4	-4.20400E-1	9.52720E-1	7.85364E-3
1.64149E+11	3.62141E-4	-3.15356E-1	8.39790E-2	-9.60681E-1
1.64195E+11	3.64884E-4	-2.05131E+0	-6.05232E-1	-5.07189E-1
1.64241E+11	1.98908E-3	-1.19985E-1	-7.59765E-1	6.28894E-1
1.64287E+11	3.15613E-4	-1.60528E+0	1.58032E-1	8.16099E-1
1.64334E+11	3.81255E-4	-1.04689E+0	8.85526E-1	4.05374E-2
1.64380E+11	2.00599E-3	-5.25017E-2	4.21106E-1	-9.00363E-1
1.64426E+11	5.19058E-4	-4.68260E-1	-9.03431E-1	-2.85660E-1
1.64473E+11	3.16146E-4	-1.06853E+0	-4.80056E-1	7.42589E-1
1.64519E+11	4.10414E-4	-3.60990E+0	2.80016E-1	5.97589E-1
1.64565E+11	1.13276E-3	-2.87368E-1	9.64059E-1	-8.10085E-2
1.64611E+11	3.43285E-4	-1.02614E+0	3.75456E-2	-8.87779E-1
1.64657E+11	5.68812E-4	-1.11385E+0	-8.79160E-1	2.92228E-2
1.64704E+11	2.67240E-3	-3.04949E-1	-4.48755E-1	8.54874E-1
1.64750E+11	4.30508E-4	-5.06118E-1	7.77816E-1	5.33852E-1
1.64796E+11	4.26740E-4	-1.00418E+0	7.31741E-1	-5.08054E-1
1.64843E+11	5.68598E-4	-4.12005E+0	-1.20534E-1	-6.10512E-1
1.64889E+11	6.83747E-4	-6.47454E-1	-9.18216E-1	-1.35563E-1
1.64935E+11	3.38814E-4	-1.44351E+0	-2.83687E-1	7.97957E-1
1.64981E+11	9.16828E-4	-1.19655E+0	7.96991E-1	3.52115E-1
1.65027E+11	1.48925E-3	-1.19988E+0	6.97788E-1	-5.21239E-1
1.65074E+11	3.96578E-4	-7.30566E-1	-5.14642E-1	-7.61782E-1
1.65120E+11	5.77287E-4	-1.00701E+0	-8.75906E-1	1.60737E-1
1.65166E+11	9.58788E-4	-2.81550E+0	1.63577E-2	7.22959E-1
1.65213E+11	6.25154E-4	7.44402E-2	8.59090E-1	5.28444E-1
1.65259E+11	4.88022E-4	-7.57118E-1	5.55200E-1	-7.29226E-1
1.65305E+11	1.47200E-3	-5.32824E-1	-6.05082E-1	-7.20011E-1
1.65351E+11	8.86407E-4	-1.58976E+0	-8.21467E-1	1.36585E-1
1.65397E+11	4.29626E-4	-5.83474E-1	-1.36637E-3	9.35031E-1
1.65444E+11	8.13060E-4	-1.21381E+0	8.27867E-1	2.66093E-1
1.65490E+11	8.70132E-4	-2.55761E+0	2.77654E-1	-6.91259E-1
1.65536E+11	4.78618E-4	-4.51918E-1	-7.17078E-1	-6.22071E-1
1.65583E+11	5.61907E-4	-9.67435E-1	-5.32949E-1	7.18521E-1
1.65629E+11	1.68569E-3	-8.26803E-1	6.36634E-1	6.49110E-1
1.65675E+11	4.56140E-4	-2.97209E+0	7.05622E-1	-8.07160E-2
1.65721E+11	4.62981E-4	-6.58619E-1	1.46953E-1	-9.15255E-1
1.65767E+11	1.17685E-3	-9.30009E-1	-7.87652E-1	-4.32247E-1
1.65814E+11	8.17744E-4	-1.30599E+0	-5.29894E-1	6.77865E-1
1.65860E+11	5.03429E-4	1.28959E-1	4.88642E-1	8.89589E-1
1.65906E+11	8.14160E-4	-3.06692E-1	8.03034E-1	-5.35681E-1
1.65953E+11	1.89326E-3	-2.27959E-1	-4.97485E-1	-8.37480E-1
1.65999E+11	3.62660E-4	-3.85587E+0	-6.39887E-1	4.56603E-2
1.66045E+11	6.79518E-4	5.72785E-2	-1.02952E-1	1.00134E+0
1.66091E+11	1.68018E-3	-1.06495E+0	8.20173E-1	3.31440E-1
1.66137E+11	9.53873E-4	-5.44807E-1	5.06562E-1	-7.90884E-1
1.66184E+11	6.44940E-4	-3.02095E-1	-4.19789E-1	-8.69817E-1
1.66230E+11	1.58796E-3	-8.19328E-2	-8.76389E-1	4.61795E-1
1.66276E+11	1.72939E-3	-5.07352E-1	2.83893E-1	8.99527E-1
1.66323E+11	5.03600E-4	-2.77861E+0	7.15335E-1	-1.25278E-1
1.66369E+11	1.11178E-3	8.16165E-2	2.33549E-1	-9.82052E-1
1.66415E+11	2.47355E-3	-7.80506E-1	-8.72738E-1	-2.71725E-1
1.66461E+11	1.03013E-3	-6.16234E-1	-3.93340E-1	8.44392E-1
1.66507E+11	7.93490E-4	-6.64150E-1	5.26202E-1	7.62433E-1
1.66554E+11	2.82472E-3	4.23723E-1	8.02246E-1	-6.77411E-1
1.66600E+11	1.61666E-3	-2.42058E-2	-4.27758E-1	-9.00813E-1
1.66646E+11	6.14002E-4	-2.24171E+0	-7.30468E-1	2.51429E-1
1.66693E+11	1.70396E-3	7.26129E-1	-1.87614E-1	1.07088E+0
1.66739E+11	2.66540E-3	7.26271E-3	9.76165E-1	2.20853E-1
1.66785E+11	1.10706E-3	1.18751E-1	4.01007E-1	-9.31082E-1
1.66831E+11	7.82536E-4	-1.39704E+0	-4.50616E-1	-7.22409E-1
1.66877E+11	4.23252E-3	8.84979E-1	-8.27092E-1	7.36166E-1
1.66924E+11	1.45256E-3	2.69503E-1	5.39270E-1	8.79323E-1
1.66970E+11	9.08391E-4	-5.61907E-1	7.64705E-1	-5.42091E-1
1.67016E+11	2.33251E-3	9.64557E-1	-1.11084E-1	-1.11191E+0
1.67063E+11	1.98371E-3	2.25684E-1	-1.01557E+0	1.48146E-1
1.67109E+11	9.68686E-4	3.30780E-1	-9.15644E-2	1.03477E+0
1.67155E+11	5.44976E-4	-3.42660E+0	5.82325E-1	3.39404E-1
1.67201E+11	4.17984E-3	1.21355E+0	7.47541E-1	-8.73818E-1
1.67247E+11	8.75949E-4	-1.08902E-1	-5.76025E-1	-8.02142E-1
1.67294E+11	7.94088E-4	-5.10279E-1	-8.08242E-1	4.85685E-1
1.67340E+11	2.76938E-3	1.13849E+0	-4.00451E-2	1.13935E+0
1.67386E+11	1.38995E-3	1.05790E+0	1.12121E+0	-1.36809E-1
1.67433E+11	8.65394E-4	9.66521E-1	2.78874E-2	-1.11735E+0
1.67479E+11	6.64380E-4	-2.51276E+0	-7.30331E-1	-1.65253E-1
1.67525E+11	3.36801E-3	2.32564E+0	-6.21667E-1	1.14971E+0
1.67571E+11	8.04179E-4	1.06105E+0	9.54198E-1	6.05188E-1
1.67617E+11	1.07025E-3	1.11817E+0	7.18622E-1	-8.81609E-1
1.67664E+11	2.83102E-3	1.39552E+0	-1.94357E-1	-1.15810E+0
1.67710E+11	1.14540E-3	2.25925E+0	-1.22270E+0	4.32898E-1
1.67756E+11	7.57520E-4	1.56030E+0	2.13640E-1	1.17756E+0
1.67803E+11	8.87461E-4	-1.30030E+0	8.59247E-1	-5.43485E-2
1.67849E+11	2.09688E-3	3.03643E+0	5.44006E-1	-1.31001E+0
1.67895E+11	5.67516E-4	1.71078E+0	-1.16883E+0	-3.41486E-1
1.67941E+11	1.10499E-3	1.71621E+0	-4.28792E-1	1.14052E+0
1.67987E+11	1.59091E-3	4.91977E-2	4.73825E-1	8.87064E-1
1.68034E+11	6.16626E-4	2.85067E+0	9.61526E-1	-1.00164E+0
1.68080E+11	5.93344E-4	1.84902E+0	-7.27461E-1	-1.00077E+0
1.68126E+11	1.32178E-3	6.12002E-1	-9.41915E-1	5.13933E-1
1.68173E+11	9.24093E-4	3.64602E+0	-1.68251E-1	1.51227E+0
1.68219E+11	4.27446E-4	2.86349E+0	1.39005E+0	3.56388E-2
1.68265E+11	1.18567E-3	2.44766E+0	2.51943E-1	-1.30135E+0
1.68311E+11	5.90017E-4	-5.26367E-1	-6.92702E-1	-6.37198E-1
1.68357E+11	4.12464E-4	4.28734E+0	-9.75215E-1	1.31630E+0
1.68404E+11	5.87790E-4	2.35537E+0	1.00151E+0	8.46765E-1
1.68450E+11	9.73286E-4	1.07825E+0	7.51856E-1	-8.46480E-1
1.68496E+11	4.50895E-4	3.03489E+0	-2.83023E-1	-1.38969E+0
1.68543E+11	3.67247E-4	2.99711E+0	-1.28169E+0	5.92633E-1
1.68589E+11	1.30701E-3	1.44895E+0	2.71235E-1	1.14998E+0
1.68635E+11	2.06432E-4	-2.11260E+0	7.66825E-1	1.63671E-1
1.68681E+11	2.75402E-4	3.45550E+0	6.47931E-1	-1.34018E+0
1.68727E+11	7.03995E-4	1.78114E+0	-1.09190E+0	-5.61031E-1
1.68774E+11	5.41604E-4	9.94560E-1	-6.45085E-1	9.17177E-1
1.68820E+11	2.17964E-4	2.04794E+0	3.08722E-1	1.22767E+0
1.68866E+11	3.87495E-4	2.91217E+0	1.23621E+0	-6.53535E-1
1.68913E+11	1.16541E-3	1.58718E+0	-5.08694E-1	-1.08739E+0
1.68959E+11	1.34522E-4	-1.28704E+0	-7.85328E-1	3.56069E-1
1.69005E+11	2.43415E-4	3.55283E+0	2.09494E-1	1.49072E+0
1.69051E+11	1.18396E-3	1.80518E+0	1.20157E+0	-2.67589E-1
1.69097E+11	2.64352E-4	6.93652E-1	3.70410E-2	-1.08250E+0
1.69144E+11	1.19851E-4	3.11352E-1	-7.27370E-1	-7.38415E-1
1.69190E+11	5.15973E-4	2.39562E+0	-8.63228E-1	9.95434E-1
1.69236E+11	5.31391E-4	1.21757E+0	7.33729E-1	8.86140E-1
1.69283E+11	1.07282E-4	-1.08536E+0	7.27469E-1	-4.99657E-1
1.69329E+11	2.21575E-4	2.63817E+0	-1.90176E-1	-1.34149E+0
1.69375E+11	1.51726E-3	1.68567E+0	-1.14357E+0	4.08032E-1
1.69421E+11	1.61638E-4	7.15414E-1	2.32995E-1	1.06056E+0
1.69467E+11	8.95571E-5	-1.29746E+0	8.24064E-1	2.50325E-1
1.69514E+11	8.18967E-4	2.31613E+0	2.87401E-1	-1.27356E+0
1.69560E+11	2.75407E-4	8.51179E-1	-1.03662E+0	-3.76748E-1
1.69606E+11	9.52979E-5	-2.12347E-1	-5.14138E-1	8.29423E-1
1.69653E+11	2.50640E-4	1.88996E+0	4.72657E-1	1.14971E+0
1.69699E+11	7.77408E-4	1.72987E+0	1.05149E+0	-6.19425E-1
1.69745E+11	1.34915E-4	8.73689E-1	-4.02616E-1	-1.02992E+0
1.69791E+11	7.98116E-5	-2.43243E+0	-7.55751E-1	4.68766E-4
1.69837E+11	1.35938E-3	2.12551E+0	1.85101E-2	1.27711E+0
1.69884E+11	1.55295E-4	9.70550E-1	1.10857E+0	-1.46587E-1
1.69930E+11	1.23445E-4	3.74608E-1	6.16322E-3	-1.04405E+0
1.69976E+11	3.25194E-4	9.18226E-1	-9.01063E-1	-6.50790E-1
1.70023E+11	5.04501E-4	1.70449E+0	-6.79129E-1	1.00966E+0
1.70069E+11	1.33745E-4	4.25880E-1	7.74747E-1	7.09083E-1
1.70115E+11	1.45079E-4	-2.24683E+0	6.87657E-1	-3.51035E-1
1.70161E+11	1.66688E-3	1.04604E+0	1.33749E-2	-1.12790E+0
1.70207E+11	1.67749E-4	2.70477E-1	-1.02778E+0	-8.90642E-2
1.70254E+11	1.48995E-4	-8.31166E-1	-2.25275E-1	8.80379E-1
1.70300E+11	4.26766E-4	-1.03423E+0	6.18511E-1	6.36818E-1
1.70346E+11	2.94755E-4	3.89562E-1	7.23737E-1	-7.55017E-1
1.70393E+11	1.31779E-4	-5.18250E-1	-5.79921E-1	-7.42432E-1
1.70439E+11	2.65913E-4	-2.17639E+0	-6.89513E-1	3.61132E-1
1.70485E+11	8.81823E-4	7.81800E-1	-1.07505E-1	1.08889E+0
1.70531E+11	1.57538E-4	1.61842E+0	1.07958E+0	5.34868E-1
1.70577E+11	2.19500E-4	3.81288E+0	1.23177E+0	-9.42716E-1
1.70624E+11	6.01804E-4	7.84134E+0	6.49801E-1	-2.37928E+0
1.70670E+11	2.39154E-4	2.83291E+1	-2.06618E+1	-1.59284E+1
1.70716E+11	1.75017E-4	5.35110E+1	-4.29486E+2	1.99956E+2
1.70763E+11	6.14860E-4	5.68042E+1	-2.44027E+2	6.47724E+2
1.70809E+11	4.74835E-4	8.31863E+1	8.44280E+3	1.17044E+4
1.70855E+11	1.82197E-4	7.64062E+1	5.78432E+3	-3.20251E+3
1.70901E+11	4.01240E-4	8.52636E+1	-1.82371E+4	1.85099E+3
1.70947E+11	4.39590E-4	6.36664E+1	8.11572E+2	-1.29133E+3
1.70994E+11	1.78746E-4	4.69113E+1	-1.26266E+2	-1.82106E+2
1.71040E+11	2.45128E-4	1.13007E+1	-3.22984E+0	1.74923E+0
1.71086E+11	8.37407E-4	1.02424E+0	7.74832E-1	8.15847E-1
1.71133E+11	3.03265E-4	-3.24801E-1	8.36887E-1	-4.77033E-1
1.71179E+11	1.92254E-4	-1.18932E-1	-5.52125E-1	-8.17401E-1
1.71225E+11	7.72761E-4	-3.07224E-1	-6.14910E-1	7.44035E-1
1.71271E+11	2.97204E-4	-2.98776E+0	5.96935E-1	3.82452E-1
1.71317E+11	1.83574E-4	-1.16354E+0	4.55811E-1	-7.46465E-1
1.71364E+11	4.49187E-4	2.32742E-2	-8.84753E-1	-4.71790E-1
1.71410E+11	9.34776E-4	-5.90379E-1	-5.59608E-1	7.48154E-1
1.71456E+11	2.81771E-4	-8.45056E-1	2.83679E-1	8.61803E-1
1.71503E+11	2.50939E-4	-1.24258E-1	9.76109E-1	1.37860E-1
1.71549E+11	1.39439E-3	1.34207E+0	5.76190E-1	-1.01494E+0
1.71595E+11	2.89356E-4	-9.27014E-1	-4.28977E-1	-7.89791E-1
1.71641E+11	2.14884E-4	-5.12766E-1	-9.04888E-1	-2.64221E-1
1.71687E+11	7.84991E-4	1.31175E+0	-7.52789E-1	8.86525E-1
1.71734E+11	9.14304E-4	5.11427E-1	7.27187E-1	7.72123E-1
1.71780E+11	2.67395E-4	-1.21767E+0	8.12023E-1	-3.10025E-1
1.71826E+11	2.98272E-4	-1.23141E+0	-4.12735E-2	-8.66837E-1
1.71873E+11	1.95131E-3	1.01337E-1	-1.00471E+0	1.19005E-1
1.71919E+11	3.23870E-4	-1.40645E+0	2.27260E-2	8.50203E-1
1.71965E+11	2.92294E-4	-1.49735E+0	8.04361E-1	2.47752E-1
1.72011E+11	1.22629E-3	-9.01197E-2	7.00168E-1	-6.99449E-1
1.72057E+11	6.28289E-4	-6.00451E-1	-5.79797E-1	-7.31237E-1
1.72104E+11	2.37930E-4	-2.53164E+0	-7.18063E-1	2.06508E-1
1.72150E+11	3.29952E-4	-2.84903E+0	-1.32014E-2	7.20237E-1
1.72196E+11	1.44606E-3	-3.44812E-1	9.58993E-1	6.32927E-2
1.72243E+11	3.30819E-4	-1.08187E+0	1.88183E-1	-8.62602E-1
1.72289E+11	3.54222E-4	-1.63363E+0	-6.85240E-1	-4.65770E-1
1.72335E+11	1.61851E-3	-7.11121E-1	-7.52910E-1	5.31119E-1
1.72381E+11	5.19443E-4	-7.14078E-1	5.48175E-1	7.40194E-1
1.72427E+11	2.81280E-4	-2.67530E+0	6.03632E-1	-4.19193E-1
1.72474E+11	4.29221E-4	-3.46735E+0	-6.50608E-2	-6.67699E-1
1.72520E+11	1.06504E-3	-2.57039E-1	-9.69430E-1	-5.23287E-2
1.72566E+11	3.80559E-4	-5.40612E-1	7.44243E-2	9.36705E-1
1.72613E+11	4.90478E-4	-1.85009E+0	7.68351E-1	2.50506E-1
1.72659E+11	1.78927E-3	-1.01342E+0	6.86439E-1	-5.66285E-1
1.72705E+11	5.05472E-4	-5.03178E-1	-5.42816E-1	-7.71978E-1
1.72751E+11	4.39919E-4	-1.34882E+0	-6.63470E-1	5.41138E-1
1.72797E+11	3.57024E-4	-4.75661E+0	2.76021E-1	5.08201E-1
1.72844E+11	7.56480E-4	-1.37757E-1	8.88148E-1	-4.24230E-1
1.72890E+11	4.09931E-4	-4.44342E-1	-5.44320E-1	-7.78757E-1
1.72936E+11	6.63322E-4	-1.58415E+0	-7.61822E-1	3.37621E-1
1.72983E+11	1.19991E-3	-1.69482E+0	-4.96024E-2	8.21236E-1
1.73029E+11	3.86368E-4	-2.27222E-1	9.73693E-1	3.07840E-2
1.73075E+11	3.26780E-4	-8.35146E-1	-1.48806E-2	-9.08206E-1
1.73121E+11	6.15317E-4	-3.11945E+0	-6.72807E-1	-1.86872E-1
1.73167E+11	5.08560E-4	-5.81101E-1	-7.43582E-1	5.67316E-1
1.73214E+11	4.32374E-4	-9.63923E-2	6.06001E-1	7.81545E-1
1.73260E+11	6.64734E-4	-2.43997E+0	6.39347E-1	-4.01750E-1
1.73306E+11	6.50687E-4	-2.38320E+0	-1.50955E-1	-7.44904E-1
1.73353E+11	3.51480E-4	-3.24880E-1	-9.07465E-1	3.23156E-1
1.73399E+11	6.84903E-4	-4.30555E-1	4.26266E-1	8.50832E-1
1.73445E+11	4.66229E-4	-3.72929E+0	6.33847E-1	-1.48156E-1
1.73491E+11	3.58508E-4	-7.45366E-1	3.95972E-1	-8.27949E-1
1.73537E+11	3.97945E-4	3.13825E-2	-8.99002E-1	-4.46147E-1
1.73584E+11	9.52957E-4	-1.32616E+0	-4.04604E-1	7.57069E-1
1.73630E+11	3.41772E-4	-3.17837E+0	3.05203E-1	6.22793E-1
1.73676E+11	2.86579E-4	-7.26944E-2	8.54052E-1	-5.03980E-1
1.73723E+11	7.66066E-4	-3.09774E-1	-6.38784E-1	-7.23265E-1
1.73769E+11	4.40797E-4	-1.98549E+0	-5.65259E-1	5.59956E-1
1.73815E+11	2.18997E-4	-1.30559E+0	1.22496E-1	8.51675E-1
1.73861E+11	3.97862E-4	5.56647E-2	9.63128E-1	-2.92034E-1
1.73907E+11	6.69229E-4	-1.97354E+0	-2.08716E-1	-7.68929E-1
1.73954E+11	1.15358E-4	-5.58493E+0	-5.12073E-1	-1.19002E-1
1.74000E+11	2.03977E-4	-5.77916E-1	-4.12873E-1	8.39607E-1
