Position	Channel 1	Channel 2	Channel 3	Channel 4
1.00000E+11	4.79919E-13	-2.83034E+1	3.54971E-2	-1.47613E-2
1.00046E+11	1.53416E-12	-2.26763E+1	-1.09416E-2	7.26634E-2
1.00093E+11	4.19673E-13	-2.86317E+1	2.71094E-2	-2.52075E-2
1.00139E+11	1.02588E-12	-1.90718E+1	-8.80831E-2	-6.80021E-2
1.00185E+11	4.69495E-13	-2.40457E+1	1.69055E-2	6.04454E-2
1.00231E+11	5.69153E-13	-2.46021E+1	-4.96733E-2	-3.15952E-2
1.00278E+11	1.06592E-12	-2.11585E+1	8.40302E-2	2.44455E-2
1.00324E+11	1.61454E-11	-9.79754E+0	1.95047E-1	-2.58319E-1
1.00370E+11	1.44396E-11	-1.06862E+1	-1.64622E-1	-2.41423E-1
1.00416E+11	8.38274E-12	-1.33506E+1	-1.99472E-1	8.02682E-2
1.00463E+11	2.86993E-11	-7.64651E+0	9.33475E-2	4.03999E-1
1.00509E+11	2.73476E-11	-9.00247E+0	3.51083E-1	-5.06113E-2
1.00555E+11	1.57234E-11	-1.06705E+1	4.64976E-2	-2.89017E-1
1.00601E+11	7.54180E-11	-3.34533E+0	-4.87725E-1	-4.74344E-1
1.00648E+11	3.67521E-11	-8.02209E+0	-1.05425E-1	3.82846E-1
1.00694E+11	2.56077E-11	-9.58181E+0	1.82990E-1	2.76808E-1
1.00740E+11	4.36322E-11	-7.70172E+0	3.81327E-1	-1.56036E-1
1.00786E+11	6.64319E-11	-5.52267E+0	-2.42500E-1	-4.70707E-1
1.00833E+11	1.70297E-11	-1.15129E+1	-2.65490E-1	-9.93783E-3
1.00879E+11	5.45805E-11	-7.78278E+0	-1.19760E-1	3.90225E-1
1.00925E+11	8.90404E-11	-5.71248E+0	4.30738E-1	2.87830E-1
1.00971E+11	3.36194E-11	-1.12311E+1	7.11085E-2	-2.65066E-1
1.01018E+11	6.60869E-11	-9.48903E+0	-1.23532E-1	-3.11810E-1
1.01064E+11	5.11402E-11	-1.06016E+1	-2.92233E-1	4.08006E-2
1.01110E+11	1.09266E-10	-7.06864E+0	2.29121E-1	3.79343E-1
1.01156E+11	1.50398E-11	-1.48265E+1	1.80186E-1	-2.10881E-2
1.01203E+11	9.07628E-12	-1.54482E+1	5.77403E-2	-1.58707E-1
1.01249E+11	3.57403E-11	-7.58471E+0	-3.94851E-1	-1.35961E-1
1.01295E+11	7.48464E-12	-1.27501E+1	-5.08318E-2	2.24731E-1
1.01341E+11	6.14977E-13	-2.07416E+1	4.54619E-2	7.97718E-2
1.01388E+11	3.05886E-12	-1.26459E+1	2.22298E-1	-7.04302E-2
1.01434E+11	2.26135E-12	-9.16757E+0	-3.30570E-1	-1.08863E-1
1.01480E+11	5.06345E-13	-8.40760E+0	-1.76896E-1	-3.36154E-1
1.01526E+11	3.12529E-13	-3.12821E+0	2.31313E-1	-6.58105E-1
1.01573E+11	2.73759E-13	-1.28277E+1	1.65599E-1	-1.57241E-1
1.01619E+11	3.53062E-13	-9.30749E+0	-2.48937E-2	-3.41567E-1
1.01665E+11	6.58255E-13	-6.17945E+0	4.56291E-2	-4.88814E-1
1.01711E+11	3.22503E-14	-1.82355E+1	8.07052E-2	-9.21907E-2
1.01758E+11	1.42703E-13	-2.53400E+0	1.67942E-1	7.27841E-1
1.01804E+11	4.79839E-12	1.92377E-1	5.19623E-1	8.80502E-1
1.01850E+11	7.55166E-14	-7.78034E+0	1.90543E-1	-3.61116E-1
1.01896E+11	2.97841E-12	-1.92190E+0	6.97911E-1	3.94116E-1
1.01943E+11	6.13810E-15	-2.75158E+1	-2.44494E-2	-3.42646E-2
1.01989E+11	1.11031E-12	-5.41803E+0	5.27456E-1	-9.48605E-2
1.02035E+11	5.72193E-13	1.95126E+0	-6.22687E-1	-1.08603E+0
1.02081E+11	5.67685E-15	-2.24075E+1	6.10996E-2	4.48481E-2
1.02128E+11	1.02495E-12	-8.61720E-1	3.24331E-1	-8.45480E-1
1.02174E+11	1.80150E-13	2.34201E+0	1.26514E+0	-3.37884E-1
1.02220E+11	1.61691E-13	-8.07388E+0	-3.90926E-1	5.47045E-2
1.02266E+11	1.38049E-12	-1.10476E+0	2.00745E-1	-8.57378E-1
1.02313E+11	7.64995E-13	-5.31587E+0	2.92492E-1	-4.56610E-1
1.02359E+11	6.70621E-13	-3.15771E+0	-6.81989E-1	-1.34924E-1
1.02405E+11	1.17178E-12	4.02140E+0	1.57094E+0	-2.37552E-1
1.02451E+11	6.33433E-13	-2.31273E+0	6.98529E-1	3.14924E-1
1.02498E+11	6.45266E-13	-1.30351E+0	-2.64367E-1	8.19037E-1
1.02544E+11	6.60992E-13	-5.19358E+0	-3.85075E-1	3.92631E-1
1.02590E+11	5.06418E-13	-4.44615E+0	2.93573E-1	5.22547E-1
1.02636E+11	3.95856E-13	-5.09271E+0	-2.75909E-1	4.83139E-1
1.02683E+11	1.66603E-12	1.63005E+0	8.32120E-1	-8.73528E-1
1.02729E+11	1.19572E-13	-4.20290E+0	-5.09985E-2	-6.14276E-1
1.02775E+11	3.25828E-12	5.38091E-1	1.06388E+0	-7.38733E-3
1.02821E+11	8.70304E-13	-3.40517E+0	5.29785E-1	4.19371E-1
1.02868E+11	9.53989E-13	-6.99158E+0	3.67211E-1	-2.55087E-1
1.02914E+11	1.64206E-12	-3.14824E+0	6.88793E-1	9.96652E-2
1.02960E+11	6.02909E-13	7.79032E-1	-8.06876E-2	-1.09085E+0
1.03006E+11	8.34718E-13	-4.74535E-1	-5.53224E-1	-7.68398E-1
1.03053E+11	3.30964E-13	-3.29726E+0	1.02934E-1	-6.76339E-1
1.03099E+11	7.47064E-14	-1.85711E+0	-7.28071E-2	-8.04214E-1
1.03145E+11	3.76248E-13	4.06781E-1	-1.04655E+0	5.41040E-2
1.03191E+11	1.79484E-12	-2.76623E+0	-5.32944E-1	-4.94849E-1
1.03238E+11	6.27221E-13	-3.05878E-1	9.15633E-1	-3.05954E-1
1.03284E+11	9.51357E-13	-2.83515E+0	6.74343E-1	2.56590E-1
1.03330E+11	5.31847E-13	1.29723E+0	-9.37028E-1	6.85624E-1
1.03376E+11	5.01596E-14	-1.81443E+1	1.21269E-1	-2.49967E-2
1.03423E+11	3.24555E-13	-8.40063E+0	3.35833E-1	1.78155E-1
1.03469E+11	2.37627E-12	-4.08287E-1	7.49075E-1	5.90896E-1
1.03515E+11	1.57183E-13	5.74461E+0	1.92168E+0	-2.46723E-1
1.03561E+11	8.23498E-13	-2.40116E+0	7.48848E-1	-1.20466E-1
1.03608E+11	1.41259E-12	1.58873E+1	5.39196E+0	-3.11739E+0
1.03654E+11	9.17455E-13	1.49167E+1	-1.82147E+0	-5.26350E+0
1.03700E+11	5.51494E-13	-1.01817E+1	2.88726E-1	-1.11985E-1
1.03746E+11	6.25460E-13	-2.60459E+0	-3.39363E-1	-6.58630E-1
1.03793E+11	1.13748E-12	-2.76886E+0	4.00531E-1	6.06761E-1
1.03839E+11	7.15532E-13	-1.84222E+0	6.23476E-1	-5.15344E-1
1.03885E+11	1.74255E-12	3.86066E+0	1.18534E+0	1.01367E+0
1.03931E+11	1.47038E-12	3.54094E+0	9.94612E-1	1.12724E+0
1.03978E+11	1.31564E-13	-9.74338E+0	7.10240E-2	-3.17872E-1
1.04024E+11	9.52301E-13	-8.18010E+0	3.26234E-1	2.13594E-1
1.04070E+11	7.15831E-13	-7.54401E+0	4.18953E-1	-2.26614E-2
1.04116E+11	8.03387E-13	-4.29902E+0	-5.03401E-1	-3.43811E-1
1.04163E+11	1.56287E-12	-5.33913E+0	4.65893E-1	-2.74623E-1
1.04209E+11	1.26595E-12	2.92226E+0	1.02618E+0	-9.52269E-1
1.04255E+11	4.25821E-12	5.02782E+0	9.25102E-1	-1.52538E+0
1.04301E+11	2.78350E-13	5.23612E-1	2.05716E-2	1.06194E+0
1.04348E+11	4.59436E-13	5.47582E-1	-8.01943E-1	-7.00904E-1
1.04394E+11	2.03080E-12	-2.22577E-1	5.64384E-1	-7.94677E-1
1.04440E+11	4.11073E-12	1.27810E+0	1.14613E+0	-1.69021E-1
1.04486E+11	2.92435E-12	1.45084E+1	4.16375E+0	-3.30171E+0
1.04533E+11	1.10214E-12	-4.60018E+0	5.51163E-1	2.07225E-1
1.04579E+11	2.34854E-12	8.71712E+0	-1.32186E-1	-2.72487E+0
1.04625E+11	3.15500E-13	-6.03467E+0	-4.99190E-1	-1.26522E-4
1.04671E+11	3.16560E-13	-6.23215E+0	-2.74145E-2	-4.87199E-1
1.04718E+11	1.93744E-12	-3.10413E+0	-4.84577E-1	5.04479E-1
1.04764E+11	1.08785E-13	-9.77399E+0	-1.14098E-1	3.03848E-1
1.04810E+11	3.65063E-12	1.25335E+1	-3.73151E+0	-1.99912E+0
1.04856E+11	2.33727E-12	5.31474E+0	1.83042E+0	-2.22547E-1
1.04903E+11	6.92584E-13	-1.76932E+0	5.90411E-1	5.62842E-1
1.04949E+11	2.74001E-13	3.36054E+0	-1.00509E+0	1.07599E+0
1.04995E+11	3.76901E-13	-2.80330E+0	5.87583E-1	4.23266E-1
1.05041E+11	1.18847E-13	-9.54097E+0	3.30391E-1	4.46116E-2
1.05088E+11	6.72777E-13	-8.80910E-2	9.71646E-1	1.89276E-1
1.05134E+11	1.58825E-12	1.39491E+1	1.27857E+0	4.81576E+0
1.05180E+11	1.78900E-12	1.00335E+0	1.04216E+0	4.16899E-1
1.05226E+11	1.67010E-12	-2.46333E+0	-5.52806E-1	5.11386E-1
1.05273E+11	2.13093E-13	-2.96881E+0	5.10593E-1	-4.94059E-1
1.05319E+11	7.79707E-13	-4.00645E+0	3.54632E-1	5.21299E-1
1.05365E+11	2.56422E-12	-1.06524E+0	-1.81067E-1	-8.65852E-1
1.05411E+11	1.31751E-12	4.73650E+0	6.35269E-1	1.60392E+0
1.05458E+11	9.91387E-13	2.12550E+1	-1.04504E+1	-4.92908E+0
1.05504E+11	2.70006E-13	-6.71228E+0	-4.41973E-1	-1.33611E-1
1.05550E+11	2.28955E-12	-4.49046E+0	5.06773E-1	-3.14285E-1
1.05596E+11	3.24702E-13	-1.00046E+1	2.22029E-1	2.24938E-1
1.05643E+11	1.07505E-12	1.17411E+1	3.86415E+0	-1.16036E-2
1.05689E+11	1.24891E-12	4.11274E+0	-1.32835E-1	-1.60009E+0
1.05735E+11	1.28408E-14	-1.67568E+1	-5.38060E-2	1.34933E-1
1.05781E+11	6.17091E-13	6.30872E+0	1.28731E+0	1.61778E+0
1.05828E+11	6.17731E-13	-2.94081E+0	6.54852E-1	2.81484E-1
1.05874E+11	4.75263E-13	1.32284E+0	8.17293E-2	-1.16163E+0
1.05920E+11	2.69410E-12	5.40899E+0	1.46245E+0	1.15576E+0
1.05966E+11	1.93009E-12	5.12015E+0	1.58537E+0	8.58838E-1
1.06012E+11	1.30828E-12	1.07491E+0	1.08036E+0	-3.37109E-1
1.06059E+11	7.40281E-13	-3.41935E+0	-2.55009E-1	6.24521E-1
1.06105E+11	9.33358E-14	-6.68387E+0	-2.04653E-1	4.15583E-1
1.06151E+11	5.39787E-13	1.20326E+0	2.60892E-1	1.11856E+0
1.06197E+11	3.66324E-13	-3.48197E+0	-6.59318E-1	-1.17651E-1
1.06244E+11	2.64768E-12	-2.62617E+1	-1.12581E-2	4.73099E-2
1.06290E+11	1.71903E-12	-5.32934E+1	1.30106E-3	-1.72964E-3
1.06336E+11	6.43635E-13	-7.06333E+1	2.14859E-4	2.00665E-4
1.06382E+11	6.86921E-13	-7.73851E+1	-6.69442E-5	1.17380E-4
1.06429E+11	3.30057E-14	-9.47434E+1	-1.33464E-5	1.25437E-5
1.06475E+11	2.30576E-13	-8.86698E+1	-2.12349E-6	-3.67951E-5
1.06521E+11	3.68235E-12	-7.82753E+1	-5.40490E-5	-1.09335E-4
1.06567E+11	1.00851E-12	-8.49096E+1	1.21941E-5	5.54983E-5
1.06614E+11	3.12621E-13	-9.08168E+1	-8.27830E-6	-2.75684E-5
1.06660E+11	1.06819E-12	-8.62981E+1	3.52094E-5	3.32500E-5
1.06706E+11	9.95742E-13	-8.74260E+1	3.36105E-5	2.60607E-5
1.06752E+11	7.22950E-13	-8.95958E+1	1.52413E-5	-2.94150E-5
1.06799E+11	1.12290E-12	-8.81061E+1	3.85474E-5	-7.79391E-6
1.06845E+11	1.64429E-13	-9.64874E+1	-2.83676E-6	-1.47131E-5
1.06891E+11	6.87209E-13	-8.98548E+1	2.49683E-5	-2.02629E-5
1.06937E+11	1.85110E-12	-8.50847E+1	5.55377E-5	-4.09118E-6
1.06984E+11	7.40945E-10	-5.89007E+1	-9.85238E-4	5.63345E-4
1.07030E+11	4.21422E-11	-7.18318E+1	9.04880E-5	2.39582E-4
1.07076E+11	1.03530E-9	-5.87821E+1	1.05674E-3	4.54991E-4
1.07122E+11	8.87544E-7	-2.98640E+1	2.64523E-2	-1.82230E-2
1.07169E+11	2.20208E-6	-2.56686E+1	-5.17093E-2	6.10110E-3
1.07215E+11	9.60217E-7	-2.85418E+1	-2.66268E-2	2.62679E-2
1.07261E+11	2.79376E-6	-2.29416E+1	1.82811E-3	7.12487E-2
1.07307E+11	7.41543E-6	-1.71359E+1	9.66949E-2	-9.99405E-2
1.07354E+11	6.52610E-7	-2.56741E+1	2.51626E-3	-5.19738E-2
1.07400E+11	9.41692E-7	-2.22517E+1	-5.15433E-2	-5.74242E-2
1.07446E+11	1.30638E-6	-1.89930E+1	4.11676E-3	1.12217E-1
1.07492E+11	1.19685E-6	-1.73665E+1	1.12270E-1	7.57185E-2
1.07539E+11	8.03865E-7	-1.74584E+1	1.31022E-1	-2.80599E-2
1.07585E+11	3.12582E-6	-1.01715E+1	1.20395E-1	-2.85715E-1
1.07631E+11	6.42982E-6	-5.67637E+0	-5.11092E-1	-9.69904E-2
1.07677E+11	2.68847E-6	-8.47590E+0	-1.99086E-1	3.20007E-1
1.07724E+11	2.12677E-6	-8.49825E+0	8.27662E-2	3.66688E-1
1.07770E+11	9.43521E-6	-1.44812E+0	8.26006E-1	-1.84842E-1
1.07816E+11	4.62541E-6	-4.77382E+0	-2.89911E-1	-4.99084E-1
1.07862E+11	2.76439E-6	-7.13793E+0	-4.39128E-1	-2.13325E-2
1.07909E+11	8.61573E-6	-2.36824E+0	-3.59276E-1	6.71256E-1
1.07955E+11	5.93450E-6	-3.80666E+0	6.37556E-1	9.87595E-2
1.08001E+11	3.52234E-6	-5.58174E+0	1.56326E-1	-5.02141E-1
1.08047E+11	4.19490E-6	-4.62289E+0	-3.04184E-1	-5.02381E-1
1.08094E+11	8.06519E-6	-1.93638E+0	-6.60230E-1	4.52067E-1
1.08140E+11	4.88423E-6	-4.17006E+0	4.78873E-1	3.91791E-1
1.08186E+11	3.37839E-6	-6.04682E+0	4.60366E-1	-1.91203E-1
1.08232E+11	6.69042E-6	-3.82238E+0	6.17154E-2	-6.41029E-1
1.08279E+11	5.97863E-6	-5.55965E+0	-5.00558E-1	1.65636E-1
1.08325E+11	6.76795E-6	-7.18582E+0	-5.87898E-2	4.33258E-1
1.08371E+11	1.42818E-5	-6.15166E+0	4.26094E-1	2.47007E-1
1.08417E+11	3.19251E-5	-4.71137E+0	3.61231E-1	-4.55489E-1
1.08464E+11	2.63325E-5	-6.89534E+0	-4.01771E-1	-2.07299E-1
1.08510E+11	2.81400E-5	-7.54259E+0	-3.72956E-1	1.92345E-1
1.08556E+11	5.13302E-5	-5.64725E+0	3.75861E-3	5.21947E-1
1.08602E+11	3.58641E-5	-7.79777E+0	3.88875E-1	-1.21736E-1
1.08649E+11	2.87209E-5	-9.22721E+0	4.44939E-2	-3.42777E-1
1.08695E+11	5.68004E-5	-6.61950E+0	-4.26453E-1	-1.89563E-1
1.08741E+11	4.89146E-5	-7.70120E+0	-1.87757E-1	3.66776E-1
1.08787E+11	4.68015E-5	-8.10730E+0	3.50035E-1	1.79157E-1
1.08834E+11	3.36072E-5	-9.90342E+0	2.67689E-1	-1.74904E-1
1.08880E+11	5.38588E-5	-8.15437E+0	-2.79544E-2	-3.90094E-1
1.08926E+11	5.23256E-5	-8.68104E+0	-3.42004E-1	1.36089E-1
1.08972E+11	5.51147E-5	-8.82989E+0	-5.65382E-3	3.61787E-1
1.09019E+11	8.69237E-5	-7.14603E+0	4.23495E-1	1.16535E-1
1.09065E+11	7.79332E-5	-7.65510E+0	1.53343E-1	-3.84806E-1
1.09111E+11	8.23034E-5	-7.21259E+0	-3.95358E-1	-1.83538E-1
1.09157E+11	9.23017E-5	-6.96748E+0	-3.01455E-1	3.31889E-1
1.09204E+11	8.15256E-5	-7.85234E+0	1.61032E-1	3.71536E-1
1.09250E+11	9.48657E-5	-7.51936E+0	3.27487E-1	-2.64177E-1
1.09296E+11	8.57066E-5	-8.10015E+0	-9.80113E-2	-3.81143E-1
1.09342E+11	1.48893E-4	-5.85296E+0	-5.08860E-1	-3.00047E-2
1.09389E+11	7.18269E-5	-8.92638E+0	-3.46942E-2	3.56148E-1
1.09435E+11	7.42493E-5	-8.69067E+0	3.62201E-1	6.32211E-2
1.09481E+11	8.36087E-5	-8.27523E+0	1.54679E-1	-3.53315E-1
1.09527E+11	9.69367E-5	-8.17820E+0	-2.54689E-1	-2.95384E-1
1.09574E+11	1.14413E-4	-7.44985E+0	-2.10271E-1	3.68347E-1
1.09620E+11	7.28621E-5	-9.76716E+0	1.74914E-1	2.73702E-1
1.09666E+11	2.20158E-4	-5.55881E+0	5.25603E-1	-4.22970E-2
1.09712E+11	1.49007E-4	-7.68546E+0	-1.02466E-1	-3.99868E-1
1.09759E+11	1.63869E-4	-8.02333E+0	-3.95521E-1	3.46877E-2
1.09805E+11	1.96560E-4	-7.63439E+0	-7.32798E-2	4.08705E-1
1.09851E+11	2.33313E-4	-7.34841E+0	3.72656E-1	2.12773E-1
1.09897E+11	3.61725E-4	-6.04606E+0	9.18909E-2	-4.89995E-1
1.09944E+11	2.67055E-4	-7.99970E+0	-3.09317E-1	-2.50646E-1
1.09990E+11	5.07566E-4	-5.41293E+0	-4.70786E-1	2.56723E-1
1.10036E+11	3.06486E-4	-7.76389E+0	2.37566E-1	3.33027E-1
1.10082E+11	3.03943E-4	-7.95988E+0	3.80771E-1	-1.22366E-1
1.10129E+11	4.23749E-4	-6.55563E+0	6.29023E-3	-4.70089E-1
1.10175E+11	4.24354E-4	-6.63271E+0	-4.45737E-1	-1.35842E-1
1.10221E+11	4.62980E-4	-6.37171E+0	-6.62616E-2	4.75598E-1
1.10267E+11	3.41830E-4	-7.80470E+0	3.65558E-1	1.79294E-1
1.10314E+11	5.42937E-4	-5.68755E+0	4.25893E-1	-2.97558E-1
1.10360E+11	3.88672E-4	-7.44498E+0	-3.38672E-1	-2.55727E-1
1.10406E+11	3.26039E-4	-8.27080E+0	-3.37086E-1	1.87834E-1
1.10452E+11	4.75542E-4	-6.60129E+0	1.68950E-2	4.67361E-1
1.10499E+11	4.36465E-4	-6.79980E+0	4.42649E-1	1.14024E-1
1.10545E+11	4.43119E-4	-6.37536E+0	3.88291E-2	-4.78417E-1
1.10591E+11	2.76365E-4	-8.13758E+0	-3.52622E-1	-1.70895E-1
1.10637E+11	4.45740E-4	-5.88283E+0	-4.75323E-1	1.79237E-1
1.10684E+11	3.15956E-4	-7.37762E+0	2.39523E-1	3.54315E-1
1.10730E+11	3.25373E-4	-7.05882E+0	4.40513E-1	-5.28230E-2
1.10776E+11	4.61528E-4	-5.44574E+0	1.79133E-1	-5.03282E-1
1.10822E+11	4.64220E-4	-5.29607E+0	-4.81559E-1	-2.51970E-1
1.10869E+11	4.66351E-4	-5.01236E+0	-2.26607E-1	5.13788E-1
1.10915E+11	4.15183E-4	-5.28205E+0	3.43364E-1	4.22427E-1
1.10961E+11	6.01962E-4	-3.33214E+0	6.77062E-1	7.66376E-2
1.11007E+11	4.61582E-4	-4.16188E+0	-6.30079E-2	-6.16093E-1
1.11054E+11	3.92234E-4	-4.38567E+0	-5.45341E-1	-2.58615E-1
1.11100E+11	6.71303E-4	-1.71900E+0	-6.42080E-1	5.10748E-1
1.11146E+11	6.61167E-4	-1.26970E+0	4.26997E-1	7.51115E-1
1.11192E+11	6.34883E-4	-9.78441E-1	6.86863E-1	-5.71403E-1
1.11239E+11	5.19880E-4	-1.37143E+0	-6.11629E-2	-8.51749E-1
1.11285E+11	8.42610E-4	1.65648E+0	-9.27731E-1	-7.76966E-1
1.11331E+11	1.03126E-3	3.56522E+0	-6.45424E-1	1.36236E+0
1.11377E+11	5.60606E-4	1.87157E+0	8.69944E-1	8.84256E-1
1.11424E+11	6.29622E-4	3.09842E+0	1.38055E+0	-3.67537E-1
1.11470E+11	9.63123E-4	5.73979E+0	-2.21351E-1	-1.92368E+0
1.11516E+11	8.01879E-4	5.65184E+0	-1.77984E+0	7.11732E-1
1.11562E+11	5.70920E-4	4.47520E+0	-6.54491E-1	1.54077E+0
1.11609E+11	7.39380E-4	5.77899E+0	9.82672E-1	1.67866E+0
1.11655E+11	1.42613E-3	8.56346E+0	1.71574E+0	-2.05910E+0
1.11701E+11	5.24402E-4	4.15611E+0	-1.02504E+0	-1.24624E+0
1.11747E+11	5.12332E-4	4.57261E+0	-1.55022E+0	6.80226E-1
1.11794E+11	8.90394E-4	8.38346E+0	-1.25090E-2	2.62523E+0
1.11840E+11	4.18265E-4	6.30699E+0	1.67549E+0	-1.21053E+0
1.11886E+11	2.38854E-4	4.13617E+0	4.21388E-1	-1.55381E+0
1.11932E+11	3.17271E-4	5.24668E+0	-1.34356E+0	-1.24175E+0
1.11979E+11	8.69118E-4	9.58062E+0	-3.00050E-1	2.99825E+0
1.12025E+11	1.22847E-4	1.25021E+0	1.14439E+0	1.54809E-1
1.12071E+11	1.90108E-4	3.12540E+0	1.26422E+0	-6.74875E-1
1.12117E+11	7.52619E-4	9.52738E+0	-4.76202E-1	-2.95671E+0
1.12164E+11	2.17290E-4	4.50433E+0	-9.48843E-1	1.38596E+0
1.12210E+11	9.82760E-5	1.83037E+0	-2.74360E-1	1.20371E+0
1.12256E+11	2.21448E-4	5.60346E+0	1.60660E+0	1.02592E+0
1.12302E+11	4.68286E-4	9.37587E+0	-5.53774E-1	-2.89045E+0
1.12349E+11	5.33478E-5	7.96915E-1	-1.03247E+0	-3.68001E-1
1.12395E+11	7.74438E-5	2.98167E+0	-1.14553E+0	8.21359E-1
1.12441E+11	3.34051E-4	9.81091E+0	-3.29169E-1	3.07662E+0
1.12487E+11	6.82617E-5	3.01652E+0	1.20874E+0	-7.36082E-1
1.12534E+11	3.68114E-5	1.01369E-1	1.47176E-1	-1.00098E+0
1.12580E+11	5.85655E-5	1.51599E+0	-8.69136E-1	-8.13850E-1
1.12626E+11	1.70561E-4	5.31213E+0	3.01059E-1	1.81859E+0
1.12672E+11	1.91038E-5	-5.04130E+0	5.11344E-1	2.27513E-1
1.12719E+11	3.97239E-5	-2.83987E+0	6.79566E-1	-2.41249E-1
1.12765E+11	2.98634E-4	4.56139E+0	-3.81417E-2	-1.69028E+0
1.12811E+11	3.72237E-5	-5.49053E+0	-4.03828E-1	3.45509E-1
1.12857E+11	2.11501E-5	-9.26849E+0	-7.83261E-2	3.34978E-1
1.12904E+11	7.83615E-5	-4.87116E+0	4.54497E-1	3.45228E-1
1.12950E+11	1.34822E-4	-3.68334E+0	-2.69443E-1	-5.96339E-1
1.12996E+11	1.87886E-5	-1.37029E+1	-1.89225E-1	-8.26047E-2
1.13042E+11	4.48777E-5	-1.14677E+1	-2.14162E-1	1.59555E-1
1.13089E+11	4.92776E-4	-2.46016E+0	3.77323E-1	6.52036E-1
1.13135E+11	5.37557E-5	-1.31872E+1	1.06740E-1	-1.91339E-1
1.13181E+11	4.63214E-5	-1.48692E+1	-9.00437E-2	-1.56467E-1
1.13227E+11	1.43004E-4	-1.08323E+1	-2.86299E-1	2.43384E-2
1.13274E+11	3.34094E-4	-7.64952E+0	3.48435E-1	2.24505E-1
1.13320E+11	9.48407E-5	-1.35478E+1	2.03908E-1	-5.10025E-2
1.13366E+11	2.51031E-4	-9.45589E+0	-7.37990E-3	-3.36590E-1
1.13412E+11	1.07540E-3	-2.94657E+0	-7.12265E-1	8.34377E-3
1.13459E+11	2.62648E-4	-8.93745E+0	1.49239E-1	3.24725E-1
1.13505E+11	2.97559E-4	-8.23930E+0	3.85688E-1	3.51762E-2
1.13551E+11	7.68454E-4	-3.97768E+0	2.47482E-1	-5.82161E-1
1.13597E+11	9.09652E-4	-3.24304E+0	-6.86117E-1	5.61586E-2
1.13644E+11	3.91615E-4	-6.91418E+0	-2.72983E-1	3.59150E-1
1.13690E+11	1.01057E-3	-2.82462E+0	5.15025E-1	5.06546E-1
1.13736E+11	1.74538E-3	-5.54246E-1	5.29878E-1	-7.74221E-1
1.13782E+11	8.22892E-4	-4.09373E+0	-5.25985E-1	-3.36075E-1
1.13829E+11	9.53437E-4	-3.47274E+0	-5.54853E-1	3.76344E-1
1.13875E+11	1.50398E-3	-1.38623E+0	3.73448E-1	7.66337E-1
1.13921E+11	1.09202E-3	-2.73923E+0	5.77356E-1	-4.45939E-1
1.13967E+11	9.33863E-4	-3.35703E+0	-3.92502E-2	-6.78301E-1
1.14014E+11	1.51786E-3	-1.14098E+0	-8.48422E-1	-2.21666E-1
1.14060E+11	1.48729E-3	-1.15896E+0	-4.97952E-2	8.73671E-1
1.14106E+11	8.52186E-4	-3.51854E+0	6.54797E-1	1.26579E-1
1.14152E+11	1.21995E-3	-1.85126E+0	5.01632E-1	-6.33487E-1
1.14199E+11	1.02900E-3	-2.21872E+0	-6.56782E-1	-4.10616E-1
1.14245E+11	6.15100E-4	-4.00476E+0	-3.74646E-1	5.07259E-1
1.14291E+11	8.17662E-4	-2.27275E+0	3.36601E-1	6.92279E-1
1.14337E+11	9.18236E-4	-9.48109E-1	8.92571E-1	-8.48143E-2
1.14384E+11	5.31777E-4	-2.90187E+0	-2.94484E-1	-6.52626E-1
1.14430E+11	3.94687E-4	-4.45299E+0	-5.85507E-1	1.25921E-1
1.14476E+11	7.04931E-4	-1.90617E+0	-2.89757E-1	7.48852E-1
1.14522E+11	7.36222E-4	-1.63793E+0	8.25299E-1	6.85340E-2
1.14569E+11	3.86154E-4	-4.55133E+0	1.26080E-1	-5.78574E-1
1.14615E+11	6.04438E-4	-2.39932E+0	-5.79157E-1	-4.90008E-1
1.14661E+11	7.93841E-4	-1.18810E+0	-7.62613E-1	4.23179E-1
1.14707E+11	5.05185E-4	-3.11540E+0	5.13263E-1	4.73926E-1
1.14754E+11	3.70616E-4	-4.30852E+0	4.64058E-1	-3.94280E-1
1.14800E+11	5.27678E-4	-2.59516E+0	-3.53064E-2	-7.40883E-1
1.14846E+11	6.23566E-4	-2.00639E+0	-7.38743E-1	2.90326E-1
1.14892E+11	3.02388E-4	-5.02283E+0	8.59873E-2	5.54234E-1
1.14939E+11	4.88734E-4	-2.65766E+0	6.88164E-1	2.62149E-1
1.14985E+11	6.78873E-4	-1.46017E+0	5.57377E-1	-6.35452E-1
1.15031E+11	3.87341E-4	-4.07081E+0	-5.75878E-1	-2.45016E-1
1.15077E+11	3.85408E-4	-4.22698E+0	-3.24159E-1	5.22260E-1
1.15124E+11	5.44468E-4	-2.93411E+0	1.92254E-1	6.86940E-1
1.15170E+11	9.65735E-4	-5.20907E-1	8.32475E-1	-4.40404E-1
1.15216E+11	3.24058E-4	-5.13051E+0	-1.82783E-1	-5.22931E-1
1.15262E+11	5.58466E-4	-2.95986E+0	-6.95486E-1	-1.48798E-1
1.15309E+11	7.58106E-4	-1.81409E+0	-3.17566E-1	7.46797E-1
1.15355E+11	4.21596E-4	-4.27097E+0	6.08789E-1	5.83368E-2
1.15401E+11	4.11272E-4	-4.52460E+0	1.41531E-1	-5.76870E-1
1.15447E+11	5.45928E-4	-3.31770E+0	-2.79541E-1	-6.22647E-1
1.15494E+11	1.01451E-3	-4.28533E-1	-8.23352E-1	4.77630E-1
1.15540E+11	3.52735E-4	-4.89780E+0	2.80368E-1	4.95128E-1
1.15586E+11	4.88379E-4	-3.50898E+0	6.67464E-1	1.58931E-2
1.15632E+11	7.16761E-4	-1.77818E+0	1.57907E-1	-7.99429E-1
1.15679E+11	4.10187E-4	-4.23611E+0	-6.12502E-1	4.33901E-2
1.15725E+11	4.84445E-4	-3.60544E+0	4.46413E-2	6.58769E-1
1.15771E+11	4.67544E-4	-3.65221E+0	3.94002E-1	5.25416E-1
1.15817E+11	9.78151E-4	-3.07007E-1	7.62555E-1	-5.91827E-1
1.15864E+11	3.18171E-4	-5.12936E+0	-3.46914E-1	-4.31970E-1
1.15910E+11	4.68226E-4	-3.28014E+0	-6.75932E-1	1.13993E-1
1.15956E+11	5.76994E-4	-2.23918E+0	-2.67204E-2	7.72292E-1
1.16002E+11	3.63092E-4	-4.23617E+0	6.12109E-1	-4.85679E-2
1.16049E+11	4.04026E-4	-3.56555E+0	5.44479E-2	-6.61081E-1
1.16095E+11	4.12121E-4	-3.29334E+0	-4.17268E-1	-5.42532E-1
1.16141E+11	8.58592E-4	-8.54535E-2	-7.30770E-1	6.68200E-1
1.16187E+11	3.07211E-4	-4.60564E+0	5.02304E-1	3.06558E-1
1.16234E+11	3.71085E-4	-3.72362E+0	5.80300E-1	-2.95834E-1
1.16280E+11	5.39556E-4	-2.00191E+0	-1.62036E-1	-7.77447E-1
1.16326E+11	3.89108E-4	-3.45411E+0	-6.60691E-1	1.22133E-1
1.16372E+11	4.66778E-4	-2.58196E+0	1.22532E-2	7.42751E-1
1.16419E+11	4.11286E-4	-3.12342E+0	4.23227E-1	5.54999E-1
1.16465E+11	8.37732E-4	-1.05793E-1	7.29753E-1	-6.65879E-1
1.16511E+11	4.05355E-4	-3.59879E+0	-5.79452E-1	-3.17604E-1
1.16557E+11	4.31841E-4	-3.36084E+0	-5.66839E-1	3.74061E-1
1.16604E+11	6.09139E-4	-1.56468E+0	1.07667E-1	8.28183E-1
1.16650E+11	3.95135E-4	-2.88252E+0	7.11705E-1	-9.16855E-2
1.16696E+11	4.59521E-4	-1.84491E+0	1.52812E-2	-8.08494E-1
1.16742E+11	3.57765E-4	-3.00937E+0	-5.15830E-1	-4.83763E-1
1.16789E+11	7.29749E-4	-1.71410E-1	-6.37984E-1	7.44498E-1
1.16835E+11	4.33645E-4	-2.57847E+0	7.07113E-1	2.28609E-1
1.16881E+11	4.35012E-4	-2.31133E+0	6.02860E-1	-4.73148E-1
1.16927E+11	6.19446E-4	-7.28287E-1	-2.61418E-1	-8.81631E-1
1.16974E+11	5.47258E-4	-1.44918E+0	-8.14235E-1	2.30868E-1
1.17020E+11	5.58784E-4	-1.45965E+0	2.21339E-1	8.15820E-1
1.17066E+11	5.62300E-4	-1.51447E+0	7.43761E-1	3.90399E-1
1.17112E+11	8.60015E-4	3.08425E-1	3.52541E-1	-9.74328E-1
1.17159E+11	6.16035E-4	-1.13082E+0	-8.77769E-1	-1.67306E-2
1.17205E+11	4.77835E-4	-2.14602E+0	-3.81777E-1	6.81427E-1
1.17251E+11	8.51903E-4	4.23152E-1	5.18793E-1	9.12794E-1
1.17297E+11	6.68969E-4	-4.04828E-1	7.96581E-1	-5.25791E-1
1.17344E+11	7.59092E-4	2.29311E-1	-6.11911E-1	-8.24491E-1
1.17390E+11	5.72764E-4	-8.07324E-1	-9.11228E-1	5.01552E-3
1.17436E+11	7.89722E-4	8.46802E-1	4.22248E-2	1.10159E+0
1.17482E+11	7.18521E-4	3.92552E-1	1.03376E+0	-1.61081E-1
1.17529E+11	6.54390E-4	-1.02212E-1	2.51011E-1	-9.55894E-1
1.17575E+11	7.77808E-4	7.61712E-1	-8.51752E-1	-6.82811E-1
1.17621E+11	6.15438E-4	-2.22975E-1	-5.52691E-1	8.02799E-1
1.17667E+11	7.52060E-4	7.26363E-1	9.99899E-1	4.26912E-1
1.17714E+11	6.98041E-4	6.47284E-1	8.11629E-1	-7.08506E-1
1.17760E+11	6.69588E-4	6.88002E-1	-7.86964E-1	-7.43198E-1
1.17806E+11	7.70378E-4	1.39000E+0	-7.26280E-1	9.21807E-1
1.17853E+11	6.06762E-4	3.20168E-1	4.55007E-1	9.32456E-1
1.17899E+11	9.57770E-4	2.00109E+0	1.25210E+0	-1.32419E-1
1.17945E+11	6.02873E-4	-7.24162E-2	-5.96789E-2	-9.89900E-1
1.17991E+11	8.44220E-4	1.49669E+0	-1.14301E+0	3.24011E-1
1.18038E+11	6.33702E-4	4.29698E-1	-1.59596E-1	1.03852E+0
1.18084E+11	5.44311E-4	-2.01306E-1	9.73962E-1	7.81299E-2
1.18130E+11	8.63837E-4	1.66917E+0	-4.97178E-2	-1.21086E+0
1.18176E+11	6.69838E-4	7.92811E-1	-1.05624E+0	-2.90908E-1
1.18223E+11	6.19324E-4	5.13312E-1	-5.14156E-1	9.27958E-1
1.18269E+11	5.31369E-4	-2.22436E-1	8.05005E-1	5.49581E-1
1.18315E+11	7.30709E-4	1.14608E+0	5.28359E-1	-1.01135E+0
1.18361E+11	7.74081E-4	1.36816E+0	-8.32958E-1	-8.22486E-1
1.18408E+11	3.36385E-4	-2.35669E+0	-6.59449E-1	3.82536E-1
1.18454E+11	7.10376E-4	8.88545E-1	6.51319E-1	8.95998E-1
1.18500E+11	6.48651E-4	5.80544E-1	1.04039E+0	-2.46208E-1
1.18546E+11	5.52526E-4	-8.65657E-2	-1.45070E-1	-9.79397E-1
1.18593E+11	3.90657E-4	-1.62370E+0	-8.28829E-1	3.32878E-2
1.18639E+11	4.69225E-4	-7.34274E-1	3.75314E-2	9.18171E-1
1.18685E+11	6.63963E-4	7.57894E-1	1.06549E+0	2.35358E-1
1.18731E+11	2.60239E-4	-3.33482E+0	2.45572E-1	-6.35370E-1
1.18778E+11	4.11041E-4	-1.20845E+0	-7.63514E-1	-4.17313E-1
1.18824E+11	4.11432E-4	-1.22289E+0	-6.72720E-1	5.49580E-1
1.18870E+11	3.67552E-4	-1.77357E+0	2.74842E-1	7.67586E-1
1.18916E+11	2.30876E-4	-3.83007E+0	5.79650E-1	-2.79283E-1
1.18963E+11	2.32867E-4	-3.75449E+0	-9.12369E-2	-6.42601E-1
1.19009E+11	4.71849E-4	-9.99329E-1	-8.90531E-1	-3.74919E-2
1.19055E+11	1.96500E-4	-4.97311E+0	-2.19320E-1	5.19703E-1
1.19101E+11	3.01666E-4	-3.39773E+0	6.23490E-1	2.61891E-1
1.19148E+11	3.67900E-4	-2.60681E+0	4.88045E-1	-5.57218E-1
1.19194E+11	2.50577E-4	-3.98218E+0	-4.19833E-1	-4.72742E-1
1.19240E+11	1.95266E-4	-4.85640E+0	-4.37618E-1	3.67899E-1
1.19286E+11	2.12535E-4	-4.54934E+0	2.14395E-1	5.52123E-1
1.19333E+11	4.42691E-4	-1.23667E+0	8.65473E-1	-5.61641E-2
1.19379E+11	1.33252E-4	-6.49706E+0	7.23847E-2	-4.67744E-1
1.19425E+11	1.72908E-4	-5.60493E+0	-4.19231E-1	-3.15208E-1
1.19471E+11	3.04859E-4	-3.27191E+0	-5.40123E-1	4.23128E-1
1.19518E+11	2.91610E-4	-3.65726E+0	3.43189E-1	5.59481E-1
1.19564E+11	1.36275E-4	-7.07099E+0	3.65993E-1	-2.49680E-1
1.19610E+11	1.78594E-4	-6.00389E+0	-3.64954E-2	-4.99632E-1
1.19656E+11	4.08052E-4	-2.60097E+0	-7.01930E-1	-2.38144E-1
1.19703E+11	2.01798E-4	-5.59656E+0	-2.42219E-1	4.65801E-1
1.19749E+11	1.63844E-4	-6.66151E+0	3.08065E-1	3.47556E-1
1.19795E+11	3.34301E-4	-3.77916E+0	5.86025E-1	-2.74681E-1
1.19841E+11	2.77367E-4	-4.81921E+0	-1.21385E-1	-5.61191E-1
1.19888E+11	2.39891E-4	-5.71227E+0	-5.10909E-1	8.58279E-2
1.19934E+11	2.23818E-4	-6.27643E+0	-1.05125E-1	4.73970E-1
1.19980E+11	4.76468E-4	-3.08432E+0	5.21010E-1	4.69146E-1
1.20026E+11	2.11180E-4	-6.69724E+0	3.72544E-1	-2.74122E-1
1.20073E+11	2.70245E-4	-5.74646E+0	-1.73693E-1	-4.85922E-1
1.20119E+11	4.10540E-4	-3.79506E+0	-6.43068E-1	6.16975E-2
1.20165E+11	4.01657E-4	-3.87859E+0	-4.48011E-2	6.38268E-1
1.20211E+11	2.43282E-4	-6.14115E+0	4.81647E-1	1.05698E-1
1.20258E+11	3.11283E-4	-5.09926E+0	2.53614E-1	-4.94735E-1
1.20304E+11	4.93138E-4	-3.05761E+0	-4.02237E-1	-5.76878E-1
1.20350E+11	3.12209E-4	-5.13380E+0	-4.56759E-1	3.13058E-1
1.20396E+11	2.18907E-4	-6.77213E+0	1.16703E-1	4.43458E-1
1.20443E+11	5.06634E-4	-3.17880E+0	6.93107E-1	-2.39745E-2
1.20489E+11	4.32097E-4	-4.11164E+0	1.54498E-1	-6.03436E-1
1.20535E+11	3.85239E-4	-4.97997E+0	-5.56436E-1	-8.98229E-2
1.20581E+11	3.26916E-4	-5.99054E+0	-2.35152E-1	4.43215E-1
1.20628E+11	6.50926E-4	-3.20568E+0	4.05439E-1	5.60022E-1
1.20674E+11	5.57434E-4	-4.23449E+0	5.07749E-1	-3.45504E-1
1.20720E+11	3.80230E-4	-6.02372E+0	-3.10971E-1	-3.91302E-1
1.20766E+11	5.24441E-4	-4.64564E+0	-5.44005E-1	2.17188E-1
1.20813E+11	5.85512E-4	-4.12777E+0	-5.16124E-2	6.19598E-1
1.20859E+11	4.66630E-4	-5.11460E+0	5.27138E-1	1.73545E-1
1.20905E+11	4.24274E-4	-5.33035E+0	2.89423E-1	-4.57493E-1
1.20951E+11	5.95186E-4	-3.71314E+0	-2.20945E-1	-6.13575E-1
1.20998E+11	4.52512E-4	-4.89517E+0	-5.41753E-1	1.74521E-1
1.21044E+11	3.50139E-4	-5.83582E+0	1.26288E-1	4.94892E-1
1.21090E+11	5.06831E-4	-4.44428E+0	5.92780E-1	-8.94853E-2
1.21136E+11	6.35545E-4	-3.54474E+0	1.77360E-1	-6.40819E-1
1.21183E+11	4.01716E-4	-5.53482E+0	-5.03075E-1	-1.62797E-1
1.21229E+11	4.34963E-4	-5.23760E+0	-3.00204E-1	4.57460E-1
1.21275E+11	6.19211E-4	-3.86228E+0	2.42458E-1	5.93421E-1
1.21321E+11	7.41947E-4	-3.06280E+0	6.72178E-1	-2.05352E-1
1.21368E+11	3.88070E-4	-6.03074E+0	-2.27340E-1	-4.44672E-1
1.21414E+11	6.55996E-4	-4.11450E+0	-6.21146E-1	4.38839E-2
1.21460E+11	8.49039E-4	-3.26585E+0	-2.36519E-1	6.44582E-1
1.21506E+11	8.42975E-4	-3.43600E+0	6.27570E-1	2.43866E-1
1.21553E+11	6.79200E-4	-4.56512E+0	1.68085E-1	-5.66816E-1
1.21599E+11	9.71549E-4	-3.23226E+0	-4.30050E-1	-5.38652E-1
1.21645E+11	1.05757E-3	-2.92330E+0	-5.75354E-1	4.23184E-1
1.21691E+11	8.26403E-4	-4.08784E+0	4.74655E-1	4.06004E-1
1.21738E+11	8.37994E-4	-4.11134E+0	5.52214E-1	-2.88254E-1
1.21784E+11	9.58620E-4	-3.45669E+0	1.72089E-1	-6.49265E-1
1.21830E+11	9.00588E-4	-3.59463E+0	-5.89988E-1	-2.98278E-1
1.21876E+11	1.02665E-3	-3.11117E+0	-2.80427E-1	6.40220E-1
1.21923E+11	8.65444E-4	-3.78534E+0	3.92879E-1	5.13736E-1
1.21969E+11	1.05947E-3	-2.67009E+0	6.56030E-1	-3.32216E-1
1.22015E+11	6.79662E-4	-4.59609E+0	-3.77820E-1	-4.51997E-1
1.22061E+11	9.90838E-4	-2.84742E+0	-6.74496E-1	2.53306E-1
1.22108E+11	8.72777E-4	-3.23681E+0	-1.40731E-1	6.74377E-1
1.22154E+11	9.25641E-4	-2.87164E+0	6.73991E-1	2.48912E-1
1.22200E+11	7.28771E-4	-3.94019E+0	1.23006E-1	-6.23295E-1
1.22246E+11	1.00561E-3	-2.38979E+0	-5.84718E-1	-4.84665E-1
1.22293E+11	9.80881E-4	-2.47911E+0	-6.11217E-1	4.37569E-1
1.22339E+11	8.16385E-4	-3.42340E+0	4.88772E-1	4.64472E-1
1.22385E+11	8.43654E-4	-3.24139E+0	6.44236E-1	-2.43003E-1
1.22431E+11	9.68129E-4	-2.56014E+0	1.52027E-1	-7.29038E-1
1.22478E+11	1.13431E-3	-2.00092E+0	-7.42841E-1	-2.81088E-1
1.22524E+11	1.01712E-3	-2.52860E+0	-2.07682E-2	7.47140E-1
1.22570E+11	8.68107E-4	-3.22024E+0	5.64874E-1	3.96638E-1
1.22616E+11	9.61782E-4	-2.65843E+0	5.88890E-1	-4.42048E-1
1.22663E+11	1.08019E-3	-2.17674E+0	-5.21756E-1	-5.77552E-1
1.22709E+11	1.05628E-3	-2.15467E+0	-6.31305E-1	4.58623E-1
1.22755E+11	8.32486E-4	-3.17439E+0	-6.72915E-2	6.90603E-1
1.22801E+11	1.11730E-3	-2.08224E+0	7.56277E-1	2.17181E-1
1.22848E+11	1.30338E-3	-1.46392E+0	4.09436E-2	-8.43905E-1
1.22894E+11	1.14148E-3	-2.09969E+0	-7.11815E-1	-3.31601E-1
1.22940E+11	9.98992E-4	-2.75707E+0	-5.85124E-1	4.33186E-1
1.22986E+11	1.44153E-3	-1.06868E+0	6.12718E-1	6.37529E-1
1.23033E+11	1.24926E-3	-1.56845E+0	6.64521E-1	-5.05260E-1
1.23079E+11	1.05742E-3	-2.23488E+0	-1.98351E-1	-7.47259E-1
1.23125E+11	1.19913E-3	-1.64914E+0	-8.20258E-1	1.05943E-1
1.23171E+11	1.22829E-3	-1.30971E+0	3.71277E-1	7.75763E-1
1.23218E+11	1.18824E-3	-1.34212E+0	8.43458E-1	1.50781E-1
1.23264E+11	1.02238E-3	-1.78799E+0	4.96655E-1	-6.44869E-1
1.23310E+11	1.66514E-3	6.07544E-1	-7.67406E-1	-7.49158E-1
1.23356E+11	9.13931E-4	-1.93131E+0	-5.71448E-1	5.60770E-1
1.23403E+11	9.01686E-4	-1.90660E+0	9.74606E-2	7.96978E-1
1.23449E+11	1.02376E-3	-1.30299E+0	8.60608E-1	1.23782E-2
1.23495E+11	1.42795E-3	1.77162E-1	-2.95033E-1	-9.77032E-1
1.23541E+11	8.90902E-4	-1.98540E+0	-7.95665E-1	1.51243E-4
1.23588E+11	9.01127E-4	-1.94442E+0	-3.85600E-1	7.00283E-1
1.23634E+11	1.43508E-3	1.35614E-1	8.84876E-1	4.98712E-1
1.23680E+11	1.15075E-3	-8.18755E-1	3.47881E-1	-8.40927E-1
1.23726E+11	7.43542E-4	-2.52096E+0	-5.21819E-1	-5.36040E-1
1.23773E+11	8.57037E-4	-1.64330E+0	-7.56763E-1	3.35076E-1
1.23819E+11	1.21355E-3	6.69375E-2	5.39684E-1	8.51043E-1
1.23865E+11	7.84456E-4	-1.56443E+0	8.02500E-1	-2.31332E-1
1.23911E+11	6.05272E-4	-2.46889E+0	1.73112E-1	-7.32405E-1
1.23958E+11	9.20633E-4	-6.78434E-1	-8.10428E-1	-4.45625E-1
1.24004E+11	8.29336E-4	-1.33085E+0	-3.28751E-1	7.92456E-1
1.24050E+11	7.30404E-4	-1.73519E+0	6.74235E-1	4.64794E-1
1.24096E+11	6.60426E-4	-2.03558E+0	5.56034E-1	-5.62703E-1
1.24143E+11	1.04065E-3	-1.34442E-1	-8.43550E-1	-5.07879E-1
1.24189E+11	6.64868E-4	-2.16219E+0	-5.45352E-1	5.57154E-1
1.24235E+11	6.36859E-4	-2.48172E+0	1.88399E-1	7.27474E-1
1.24281E+11	9.22356E-4	-1.10094E+0	8.80048E-1	3.99425E-2
1.24328E+11	9.63864E-4	-1.01627E+0	1.65640E-2	-8.89429E-1
1.24374E+11	8.24874E-4	-1.67447E+0	-7.98755E-1	-2.05084E-1
1.24420E+11	6.97117E-4	-2.42210E+0	-3.26196E-1	6.82727E-1
1.24466E+11	1.00817E-3	-8.24144E-1	8.69082E-1	2.68047E-1
1.24513E+11	1.08031E-3	-4.58671E-1	2.56730E-1	-9.13161E-1
1.24559E+11	5.82031E-4	-3.31713E+0	-5.18344E-1	-4.44088E-1
1.24605E+11	8.87471E-4	-1.90311E+0	-5.66070E-1	5.69874E-1
1.24651E+11	1.34984E-3	-3.86750E-1	6.71170E-1	6.81416E-1
1.24698E+11	1.09083E-3	-7.84270E-1	6.73412E-1	-6.17493E-1
1.24744E+11	4.64419E-4	-4.01387E+0	-2.33957E-1	-5.84894E-1
1.24790E+11	6.89545E-4	-2.40174E+0	-7.30146E-1	2.05173E-1
1.24836E+11	1.15240E-3	-4.60372E-1	1.63309E-1	9.34211E-1
1.24883E+11	6.42124E-4	-3.53860E+0	6.48666E-1	1.48201E-1
1.24929E+11	5.75391E-4	-4.29890E+0	2.55887E-1	-5.53309E-1
1.24975E+11	1.05768E-3	-1.63806E+0	-7.77783E-1	-2.84338E-1
1.25021E+11	1.01100E-3	-1.46734E+0	-2.88418E-1	7.93792E-1
1.25068E+11	4.62904E-4	-4.92907E+0	4.83930E-1	2.95375E-1
1.25114E+11	5.82837E-4	-4.27986E+0	4.42197E-1	-4.21574E-1
1.25160E+11	1.00392E-3	-1.46646E+0	-5.23551E-1	-6.62818E-1
1.25206E+11	4.49503E-4	-4.18996E+0	-5.98960E-1	1.49386E-1
1.25253E+11	2.61935E-4	-5.69157E+0	3.34072E-2	5.18228E-1
1.25299E+11	3.78410E-4	-3.69186E+0	6.53507E-1	1.75512E-2
1.25345E+11	4.71907E-4	-2.95450E+0	5.14692E-2	-7.09800E-1
1.25391E+11	2.09567E-4	-6.46038E+0	-4.05261E-1	-2.48369E-1
1.25438E+11	2.11748E-4	-6.24987E+0	-3.23742E-1	3.63780E-1
1.25484E+11	5.58113E-4	-2.31576E+0	4.33478E-1	6.31512E-1
1.25530E+11	3.04651E-4	-5.44242E+0	4.32359E-1	-3.14111E-1
1.25576E+11	2.57768E-4	-6.51265E+0	-1.70964E-1	-4.40446E-1
1.25623E+11	4.21965E-4	-4.72311E+0	-5.51895E-1	1.80159E-1
1.25669E+11	7.42328E-4	-2.49178E+0	1.77486E-1	7.29319E-1
1.25715E+11	2.28721E-4	-7.68172E+0	3.96941E-1	1.13923E-1
1.25761E+11	2.46439E-4	-7.50190E+0	2.64386E-1	-3.28406E-1
1.25808E+11	6.20786E-4	-3.62024E+0	-2.76315E-1	-5.98444E-1
1.25854E+11	5.48950E-4	-4.34015E+0	-5.23647E-1	3.06448E-1
1.25900E+11	2.21186E-4	-8.42821E+0	1.00984E-1	3.65254E-1
1.25946E+11	3.87983E-4	-6.21939E+0	4.87087E-1	-3.95070E-2
1.25993E+11	7.95584E-4	-3.37322E+0	8.86492E-2	-6.72351E-1
1.26039E+11	3.55968E-4	-6.91276E+0	-3.89881E-1	-2.27086E-1
1.26085E+11	2.59022E-4	-8.33081E+0	-2.61906E-1	2.79769E-1
1.26131E+11	6.19058E-4	-4.62860E+0	2.68389E-1	5.21947E-1
1.26178E+11	5.36966E-4	-5.22635E+0	4.24128E-1	-3.46820E-1
1.26224E+11	2.27291E-4	-9.01575E+0	-1.07057E-1	-3.37603E-1
1.26270E+11	3.66005E-4	-7.08633E+0	-4.35858E-1	-7.50121E-2
1.26316E+11	8.28742E-4	-3.53104E+0	-4.09597E-1	5.25102E-1
1.26363E+11	3.44315E-4	-7.17453E+0	1.01693E-1	4.25823E-1
1.26409E+11	2.70387E-4	-8.16649E+0	3.84427E-1	-6.88784E-2
1.26455E+11	5.20931E-4	-5.27358E+0	-1.55700E-2	-5.44683E-1
1.26501E+11	6.17983E-4	-4.33839E+0	-5.10403E-1	3.28260E-1
1.26548E+11	1.93479E-4	-9.40233E+0	6.37895E-2	3.32693E-1
1.26594E+11	3.47840E-4	-6.73390E+0	4.60053E-1	-2.20286E-2
1.26640E+11	7.42977E-4	-3.07685E+0	2.80847E-1	-6.43056E-1
1.26686E+11	4.02036E-4	-5.71972E+0	-3.85465E-1	-3.45471E-1
1.26733E+11	3.17435E-4	-7.17566E+0	-3.75310E-1	2.25299E-1
1.26779E+11	6.13242E-4	-4.64623E+0	1.62745E-1	5.62654E-1
1.26825E+11	7.98940E-4	-3.31515E+0	6.51239E-1	-2.04926E-1
1.26871E+11	2.36463E-4	-8.38459E+0	-1.34611E-4	-3.80865E-1
1.26918E+11	3.02964E-4	-6.90498E+0	-4.17486E-1	-1.72177E-1
1.26964E+11	5.54825E-4	-4.05282E+0	-4.21547E-1	4.64320E-1
1.27010E+11	3.78087E-4	-5.74084E+0	3.03213E-1	4.17967E-1
1.27056E+11	2.03906E-4	-8.51062E+0	2.88904E-1	-2.39673E-1
1.27103E+11	3.80031E-4	-5.78164E+0	-1.58303E-1	-4.88959E-1
1.27149E+11	6.10096E-4	-3.92893E+0	-6.32581E-1	6.72096E-2
1.27195E+11	2.80417E-4	-7.54688E+0	-1.97083E-1	3.70239E-1
1.27241E+11	3.65830E-4	-6.30554E+0	2.84470E-1	3.91408E-1
1.27288E+11	6.37694E-4	-3.73688E+0	6.44627E-1	-8.61898E-2
1.27334E+11	4.75805E-4	-5.09814E+0	-2.58101E-2	-5.55424E-1
1.27380E+11	2.77241E-4	-7.39204E+0	-4.20225E-1	7.55954E-2
1.27426E+11	4.49432E-4	-5.11549E+0	4.05363E-3	5.54899E-1
1.27473E+11	8.63273E-4	-2.30197E+0	7.44049E-1	1.86995E-1
1.27519E+11	2.81220E-4	-7.04652E+0	2.55133E-1	-3.63741E-1
1.27565E+11	3.92279E-4	-5.39779E+0	-3.43362E-1	-4.13101E-1
1.27611E+11	6.57839E-4	-3.10566E+0	-6.42156E-1	2.77085E-1
1.27658E+11	6.95676E-4	-2.92129E+0	3.26874E-1	6.35222E-1
1.27704E+11	2.75410E-4	-6.77442E+0	3.79834E-1	-2.56691E-1
1.27750E+11	4.51310E-4	-4.50901E+0	-1.15161E-1	-5.83795E-1
1.27796E+11	8.56957E-4	-1.75245E+0	-7.60087E-1	-3.00393E-1
1.27843E+11	4.46451E-4	-4.32408E+0	-4.12640E-1	4.46328E-1
1.27889E+11	3.68727E-4	-4.88920E+0	3.72009E-1	4.31287E-1
1.27935E+11	7.18417E-4	-1.87716E+0	6.69911E-1	-4.47524E-1
1.27981E+11	6.91177E-4	-1.98531E+0	-4.85965E-1	-6.30027E-1
1.28028E+11	3.01583E-4	-5.13194E+0	-3.61308E-1	4.19788E-1
1.28074E+11	3.64238E-4	-4.63081E+0	2.24025E-1	5.42308E-1
1.28120E+11	6.75354E-4	-2.02820E+0	7.71119E-1	1.79578E-1
1.28166E+11	3.79329E-4	-4.20993E+0	3.66369E-1	-4.95070E-1
1.28213E+11	3.37441E-4	-4.60860E+0	-4.57741E-1	-3.69492E-1
1.28259E+11	6.08767E-4	-2.06612E+0	-6.45033E-1	4.53164E-1
1.28305E+11	6.31665E-4	-1.35260E+0	-8.45929E-1	1.29577E-1
1.28351E+11	3.14292E-4	-4.63354E+0	1.01327E-1	5.77756E-1
1.28398E+11	3.74080E-4	-3.78751E+0	6.06403E-1	2.24380E-1
1.28444E+11	6.38587E-4	-1.24937E+0	6.73969E-1	-5.43847E-1
1.28490E+11	4.25001E-4	-2.75134E+0	-4.35107E-1	-5.84297E-1
1.28536E+11	2.20860E-4	-5.44262E+0	-3.37465E-1	4.14372E-1
1.28583E+11	5.04548E-4	-1.70757E+0	5.40785E-1	6.18431E-1
1.28629E+11	5.83258E-4	-7.43636E-1	7.71671E-1	-4.97144E-1
1.28675E+11	3.22067E-4	-3.34438E+0	-3.30967E-1	-5.94508E-1
1.28721E+11	3.01747E-4	-3.68652E+0	-6.35692E-1	-1.54276E-1
1.28768E+11	6.18169E-4	-3.77942E-1	-6.82866E-1	6.71080E-1
1.28814E+11	5.50891E-4	-6.16357E-1	6.58485E-1	6.58853E-1
1.28860E+11	3.03780E-4	-3.32711E+0	2.64147E-1	-6.28530E-1
1.28906E+11	4.39107E-4	-1.71323E+0	-6.39258E-1	-5.15147E-1
1.28953E+11	6.32324E-4	1.10159E-2	-8.02489E-1	5.98791E-1
1.28999E+11	3.88220E-4	-2.27344E+0	4.10094E-1	6.51368E-1
1.29045E+11	3.94369E-4	-2.24005E+0	7.65411E-1	-1.05706E-1
1.29091E+11	6.25401E-4	-2.75752E-1	3.36409E-1	-9.08465E-1
1.29138E+11	6.47578E-4	-3.48413E-1	-9.33039E-1	-2.28795E-1
1.29184E+11	3.39317E-4	-3.34900E+0	1.46200E-2	6.79907E-1
1.29230E+11	5.79686E-4	-9.05618E-1	8.36664E-1	3.34324E-1
1.29276E+11	7.60644E-4	2.53775E-1	8.38044E-1	-5.98211E-1
1.29323E+11	5.32592E-4	-1.41603E+0	-3.61753E-1	-7.68702E-1
1.29369E+11	4.58169E-4	-2.14535E+0	-7.76606E-1	8.41067E-2
1.29415E+11	7.35119E-4	-8.08618E-2	-6.95888E-2	9.88287E-1
1.29461E+11	8.94781E-4	4.40000E-1	1.03573E+0	-1.84104E-1
1.29508E+11	3.99159E-4	-3.13525E+0	-3.48570E-1	-6.03588E-1
1.29554E+11	7.02556E-4	-6.84419E-1	-9.23324E-1	-4.08530E-2
1.29600E+11	9.68805E-4	4.20826E-1	-6.70388E-1	8.07669E-1
1.29646E+11	8.06200E-4	-3.84561E-1	5.99324E-1	7.45701E-1
1.29692E+11	5.24649E-4	-2.19367E+0	6.78645E-1	-3.77993E-1
1.29739E+11	8.19553E-4	-1.86103E-1	-1.40402E-1	-9.68680E-1
1.29785E+11	1.05851E-3	6.99424E-1	-1.05644E+0	2.42244E-1
1.29831E+11	5.35903E-4	-2.26301E+0	3.05343E-1	7.07563E-1
1.29877E+11	6.36785E-4	-1.38043E+0	8.52026E-1	4.19283E-2
1.29924E+11	9.39083E-4	4.41025E-1	7.45428E-1	-7.42443E-1
1.29970E+11	8.29758E-4	-8.04902E-3	-7.89229E-1	-6.12589E-1
1.30016E+11	5.94866E-4	-1.70500E+0	-3.33338E-1	7.51126E-1
1.30062E+11	8.44385E-4	-5.26737E-1	7.76474E-1	5.31854E-1
1.30109E+11	1.19444E-3	6.43167E-1	7.12506E-1	-8.07440E-1
1.30155E+11	5.91733E-4	-2.41447E+0	-5.17327E-1	-5.53081E-1
1.30201E+11	8.32816E-4	-1.15935E+0	-8.72500E-1	6.67515E-2
1.30247E+11	1.03918E-3	-4.20685E-1	-6.23686E-1	7.20204E-1
1.30294E+11	9.81893E-4	-7.58966E-1	7.54180E-1	5.20453E-1
1.30340E+11	6.02400E-4	-2.93487E+0	1.73526E-1	-6.91845E-1
1.30386E+11	1.00907E-3	-7.70090E-1	-8.63824E-1	-3.02192E-1
1.30432E+11	1.27610E-3	7.62662E-2	-4.75101E-1	8.89941E-1
1.30479E+11	6.42590E-4	-3.05590E+0	6.16908E-1	3.37938E-1
1.30525E+11	7.66198E-4	-2.63266E+0	6.82984E-1	-2.80992E-1
1.30571E+11	1.13045E-3	-1.06537E+0	2.73103E-1	-8.41353E-1
1.30617E+11	1.10575E-3	-1.19086E+0	-8.58135E-1	-1.54206E-1
1.30664E+11	6.65429E-4	-3.52281E+0	8.63132E-2	6.60980E-1
1.30710E+11	8.18396E-4	-2.70420E+0	6.98702E-1	2.19835E-1
1.30756E+11	1.19198E-3	-1.13110E+0	6.25239E-1	-6.16266E-1
1.30802E+11	6.79047E-4	-3.68646E+0	-3.86108E-1	-5.28046E-1
1.30849E+11	8.35570E-4	-2.92703E+0	-6.89015E-1	1.86915E-1
1.30895E+11	8.63396E-4	-2.92264E+0	-1.13707E-1	7.05171E-1
1.30941E+11	1.00472E-3	-2.21502E+0	7.61466E-1	-1.43699E-1
1.30987E+11	5.92201E-4	-4.72897E+0	-2.37814E-1	-5.29184E-1
1.31034E+11	9.08494E-4	-3.14132E+0	-6.96479E-1	-7.58518E-3
1.31080E+11	1.10288E-3	-2.47009E+0	-5.05446E-1	5.57452E-1
1.31126E+11	7.20794E-4	-4.37012E+0	3.67837E-1	4.79876E-1
1.31172E+11	8.64052E-4	-3.64391E+0	6.25150E-1	-2.03253E-1
1.31219E+11	9.99903E-4	-2.83468E+0	3.08856E-2	-7.20888E-1
1.31265E+11	1.12904E-3	-2.20103E+0	-7.72754E-1	7.25825E-2
1.31311E+11	5.85296E-4	-5.32509E+0	8.42083E-2	5.35098E-1
1.31357E+11	8.55562E-4	-3.86872E+0	5.72313E-1	2.87721E-1
1.31404E+11	1.12293E-3	-2.70016E+0	6.55368E-1	-3.27878E-1
1.31450E+11	8.19822E-4	-4.52873E+0	-3.60894E-1	-4.71412E-1
1.31496E+11	7.34024E-4	-5.10958E+0	-3.46199E-1	4.34160E-1
1.31542E+11	9.29303E-4	-4.07899E+0	3.81562E-1	4.95321E-1
1.31589E+11	1.20295E-3	-2.94855E+0	5.65830E-1	-4.32430E-1
1.31635E+11	7.06684E-4	-5.42774E+0	-2.64168E-1	-4.65599E-1
1.31681E+11	7.91422E-4	-4.80640E+0	-5.60982E-1	-1.26266E-1
1.31727E+11	1.15804E-3	-3.35020E+0	-6.33763E-1	2.46381E-1
1.31774E+11	8.90185E-4	-4.51736E+0	2.38292E-1	5.44624E-1
1.31820E+11	7.24200E-4	-5.29436E+0	4.39007E-1	-3.20589E-1
1.31866E+11	7.48778E-4	-5.09227E+0	-2.71781E-1	-4.85505E-1
1.31912E+11	1.10369E-3	-3.56456E+0	-6.22027E-1	2.30598E-1
1.31959E+11	5.65924E-4	-6.45451E+0	1.44808E-1	4.53056E-1
1.32005E+11	8.08381E-4	-4.84788E+0	5.38446E-1	1.93845E-1
1.32051E+11	9.04339E-4	-4.33024E+0	5.33705E-1	-2.90027E-1
1.32097E+11	9.26821E-4	-4.39363E+0	-2.79408E-1	-5.34361E-1
1.32144E+11	6.36667E-4	-5.88188E+0	-4.29216E-1	2.71823E-1
1.32190E+11	9.28942E-4	-4.18727E+0	1.32197E-2	6.17358E-1
1.32236E+11	1.04546E-3	-3.83188E+0	5.98404E-1	2.36078E-1
1.32282E+11	6.11122E-4	-6.03234E+0	2.24657E-1	-4.45931E-1
1.32329E+11	6.08099E-4	-5.84326E+0	-3.39288E-1	-3.81187E-1
1.32375E+11	1.02403E-3	-3.53005E+0	-5.99559E-1	2.90056E-1
1.32421E+11	1.00491E-3	-3.31703E+0	5.11703E-1	4.51735E-1
1.32467E+11	6.64135E-4	-4.97221E+0	2.36023E-1	-5.12397E-1
1.32514E+11	7.15001E-4	-4.61714E+0	-2.17569E-1	-5.45926E-1
1.32560E+11	1.12381E-3	-2.69511E+0	-7.13342E-1	-1.69644E-1
1.32606E+11	7.48527E-4	-4.25733E+0	-2.20609E-1	5.71433E-1
1.32652E+11	7.97109E-4	-3.88524E+0	4.96057E-1	4.03355E-1
1.32699E+11	8.26210E-4	-3.62145E+0	6.05003E-1	-2.61413E-1
1.32745E+11	1.04829E-3	-2.36276E+0	-4.72703E-1	-5.97450E-1
1.32791E+11	5.67376E-4	-5.03285E+0	-3.37233E-1	4.47347E-1
1.32837E+11	7.85273E-4	-3.79833E+0	2.54788E-1	5.93391E-1
1.32884E+11	7.81434E-4	-3.85836E+0	6.19386E-1	1.66330E-1
1.32930E+11	5.89310E-4	-4.92949E+0	7.16290E-2	-5.62381E-1
1.32976E+11	5.79852E-4	-5.12955E+0	-5.17435E-1	-1.97978E-1
1.33022E+11	7.82743E-4	-3.80396E+0	-3.89938E-1	5.14236E-1
1.33069E+11	8.48459E-4	-3.26236E+0	4.68648E-1	5.02171E-1
1.33115E+11	4.00033E-4	-6.39152E+0	3.50119E-1	-3.27034E-1
1.33161E+11	6.18876E-4	-4.57249E+0	6.93387E-2	-5.86628E-1
1.33207E+11	6.68024E-4	-3.97028E+0	-5.28414E-1	-3.48740E-1
1.33254E+11	6.24067E-4	-3.89091E+0	-2.57914E-1	5.84563E-1
1.33300E+11	4.30113E-4	-5.42819E+0	5.10167E-1	1.62070E-1
1.33346E+11	6.03592E-4	-3.67334E+0	4.48604E-1	-4.77452E-1
1.33392E+11	6.50293E-4	-3.08794E+0	-4.34509E-1	-5.49857E-1
1.33439E+11	4.22123E-4	-5.44409E+0	-4.28504E-1	3.19178E-1
1.33485E+11	4.71709E-4	-4.97203E+0	2.63675E-2	5.63538E-1
1.33531E+11	6.36762E-4	-3.63186E+0	5.38053E-1	3.79243E-1
1.33577E+11	5.48746E-4	-4.17693E+0	2.55826E-1	-5.62821E-1
1.33624E+11	4.00246E-4	-5.28941E+0	-4.78232E-1	-2.59105E-1
1.33670E+11	4.30136E-4	-4.68861E+0	-4.48049E-1	3.72809E-1
1.33716E+11	6.10760E-4	-2.97169E+0	1.31640E-1	6.97951E-1
1.33762E+11	3.68854E-4	-5.06811E+0	5.27670E-1	-1.81305E-1
1.33809E+11	5.22422E-4	-3.53657E+0	1.87934E-2	-6.65271E-1
1.33855E+11	3.59511E-4	-5.09383E+0	-5.14318E-1	-2.12004E-1
1.33901E+11	5.48417E-4	-3.27378E+0	-1.28961E-1	6.73748E-1
1.33947E+11	3.11009E-4	-5.59791E+0	5.22124E-1	5.42394E-2
1.33994E+11	4.71457E-4	-3.70279E+0	3.65527E-1	-5.41014E-1
1.34040E+11	4.61117E-4	-4.01245E+0	-2.47913E-1	-5.79229E-1
1.34086E+11	3.35589E-4	-5.40516E+0	-5.12186E-1	1.60392E-1
1.34132E+11	3.36622E-4	-5.22601E+0	-1.14714E-1	5.35754E-1
1.34179E+11	4.27650E-4	-4.20705E+0	4.88873E-1	3.74935E-1
1.34225E+11	5.12832E-4	-3.64970E+0	3.68843E-1	-5.43602E-1
1.34271E+11	3.19683E-4	-5.43457E+0	-5.03617E-1	-1.80242E-1
1.34317E+11	3.31406E-4	-5.29731E+0	-3.71058E-1	3.97014E-1
1.34364E+11	4.58855E-4	-3.92930E+0	2.21562E-1	5.96281E-1
1.34410E+11	4.15508E-4	-4.42162E+0	5.44718E-1	-2.54081E-1
1.34456E+11	4.01692E-4	-4.49321E+0	-1.21128E-1	-5.83692E-1
1.34502E+11	3.57907E-4	-4.94199E+0	-5.07968E-1	-2.49896E-1
1.34549E+11	4.99025E-4	-3.52021E+0	-3.79916E-1	5.47972E-1
1.34595E+11	3.63548E-4	-4.56420E+0	5.11325E-1	2.96907E-1
1.34641E+11	4.43050E-4	-3.60536E+0	5.09541E-1	-4.19935E-1
1.34687E+11	3.99726E-4	-4.00629E+0	-9.43020E-3	-6.30430E-1
1.34734E+11	4.28248E-4	-3.53753E+0	-6.52065E-1	1.32859E-1
1.34780E+11	4.41340E-4	-3.30822E+0	9.29210E-2	6.76917E-1
1.34826E+11	3.78339E-4	-3.92865E+0	6.31822E-1	7.41808E-2
1.34872E+11	4.48610E-4	-3.30806E+0	2.99590E-1	-6.14096E-1
1.34919E+11	3.26838E-4	-4.60049E+0	-5.71504E-1	-1.41708E-1
1.34965E+11	4.79655E-4	-3.23867E+0	-4.48441E-1	5.22769E-1
1.35011E+11	4.31474E-4	-4.05151E+0	2.69385E-1	5.66431E-1
1.35057E+11	4.99015E-4	-3.30177E+0	6.40950E-1	-2.38176E-1
1.35104E+11	4.30216E-4	-3.92340E+0	-1.61947E-1	-6.15601E-1
1.35150E+11	4.66190E-4	-3.47116E+0	-6.45609E-1	-1.81242E-1
1.35196E+11	4.49549E-4	-3.73085E+0	-3.59657E-1	5.42408E-1
1.35242E+11	4.31392E-4	-3.86918E+0	5.83414E-1	2.64404E-1
1.35289E+11	4.30349E-4	-3.96847E+0	3.65875E-1	-5.16859E-1
1.35335E+11	4.69862E-4	-3.71415E+0	-2.97981E-1	-5.80000E-1
1.35381E+11	4.97593E-4	-3.43584E+0	-5.35622E-1	4.07971E-1
1.35427E+11	5.03692E-4	-3.45911E+0	4.70816E-1	4.78792E-1
1.35474E+11	3.79156E-4	-4.76879E+0	5.21643E-1	-2.47807E-1
1.35520E+11	4.36420E-4	-4.18926E+0	1.05408E-1	-6.08293E-1
1.35566E+11	4.59791E-4	-4.04477E+0	-6.07146E-1	-1.59368E-1
1.35612E+11	6.08748E-4	-2.98546E+0	-3.65168E-1	6.07882E-1
1.35659E+11	3.61444E-4	-5.22319E+0	3.03545E-1	4.56341E-1
1.35705E+11	6.02250E-4	-2.87635E+0	6.17589E-1	-3.66395E-1
1.35751E+11	6.69459E-4	-2.32987E+0	-5.46480E-1	-5.34946E-1
1.35797E+11	6.83146E-4	-2.02249E+0	-5.56352E-1	5.64067E-1
1.35844E+11	5.00543E-4	-3.58625E+0	1.86161E-1	6.35015E-1
1.35890E+11	7.55869E-4	-2.32286E+0	7.21993E-1	-2.53925E-1
1.35936E+11	7.77735E-4	-2.38636E+0	-1.76767E-2	-7.59564E-1
1.35982E+11	7.66732E-4	-2.36246E+0	-6.74192E-1	-3.54825E-1
1.36029E+11	6.76050E-4	-3.01987E+0	-4.94886E-1	5.03971E-1
1.36075E+11	6.89592E-4	-3.12240E+0	5.58045E-1	4.19339E-1
1.36121E+11	7.41409E-4	-3.09026E+0	5.52470E-1	-4.30878E-1
1.36167E+11	6.33144E-4	-4.16334E+0	-7.81344E-2	-6.14254E-1
1.36214E+11	7.98055E-4	-3.56411E+0	-6.62673E-1	3.16519E-2
1.36260E+11	8.58214E-4	-3.08013E+0	8.29574E-3	7.01395E-1
1.36306E+11	7.11022E-4	-3.65725E+0	5.94524E-1	2.78103E-1
1.36352E+11	7.71459E-4	-3.27662E+0	3.21928E-1	-6.05493E-1
1.36399E+11	9.35050E-4	-2.63660E+0	-6.85738E-1	-2.73298E-1
1.36445E+11	1.01301E-3	-2.23949E+0	-3.79044E-1	6.73373E-1
1.36491E+11	7.32969E-4	-3.63113E+0	1.07038E-1	6.49570E-1
1.36537E+11	9.42473E-4	-2.36175E+0	7.61353E-1	-2.95321E-2
1.36584E+11	1.27074E-3	-8.05484E-1	5.29155E-2	-9.09898E-1
1.36630E+11	8.46540E-4	-2.48259E+0	-7.11823E-1	-2.40641E-1
1.36676E+11	7.42205E-4	-3.06173E+0	-4.82667E-1	5.11025E-1
1.36722E+11	8.76709E-4	-2.24290E+0	6.23403E-1	4.56076E-1
1.36769E+11	1.18026E-3	-8.96655E-1	5.77893E-1	-6.92457E-1
1.36815E+11	7.35711E-4	-3.26975E+0	-2.23944E-1	-6.48732E-1
1.36861E+11	1.06223E-3	-1.47486E+0	-8.28099E-1	1.62196E-1
1.36907E+11	1.07387E-3	-1.23879E+0	2.95108E-1	8.15318E-1
1.36954E+11	1.01474E-3	-1.58159E+0	8.28823E-1	-8.84431E-2
1.37000E+11	7.04634E-4	-3.42869E+0	1.51823E-1	-6.56527E-1
1.37046E+11	1.02583E-3	-1.82397E+0	-7.61082E-1	-2.78946E-1
1.37092E+11	8.55292E-4	-2.67796E+0	-4.39398E-1	5.88806E-1
1.37139E+11	8.32062E-4	-2.75089E+0	1.60344E-1	7.10680E-1
1.37185E+11	8.83993E-4	-2.02597E+0	7.83805E-1	-1.13337E-1
1.37231E+11	9.69183E-4	-1.44924E+0	-3.41684E-1	-7.74287E-1
1.37277E+11	7.22383E-4	-2.85825E+0	-6.96468E-1	1.80962E-1
1.37324E+11	6.85292E-4	-3.08801E+0	-5.87805E-2	6.98339E-1
1.37370E+11	8.62705E-4	-1.95935E+0	7.85823E-1	1.39188E-1
1.37416E+11	1.05768E-3	-1.28435E+0	3.50199E-1	-7.88255E-1
1.37462E+11	5.89053E-4	-3.88455E+0	-3.17932E-1	-5.54754E-1
1.37509E+11	7.10840E-4	-2.92630E+0	-6.98079E-1	1.49838E-1
1.37555E+11	9.16896E-4	-1.81676E+0	1.12529E-1	8.03421E-1
1.37601E+11	9.54237E-4	-1.86760E+0	8.05665E-1	3.73259E-2
1.37648E+11	5.44384E-4	-4.28973E+0	3.54610E-1	-4.96655E-1
1.37694E+11	7.78928E-4	-2.82732E+0	-5.96488E-1	-4.07085E-1
1.37740E+11	1.00784E-3	-1.54487E+0	-4.92592E-1	6.76774E-1
1.37786E+11	7.92422E-4	-2.48388E+0	5.86726E-1	4.69239E-1
1.37832E+11	6.79975E-4	-3.05582E+0	5.45140E-1	-4.44532E-1
1.37879E+11	8.22078E-4	-2.31410E+0	-5.78588E-1	-5.02167E-1
1.37925E+11	8.96953E-4	-1.92620E+0	-7.42039E-1	3.01909E-1
1.37971E+11	6.20628E-4	-3.42659E+0	-1.58418E-1	6.55135E-1
1.38018E+11	7.38288E-4	-2.79624E+0	6.07314E-1	3.95515E-1
1.38064E+11	9.50688E-4	-1.78459E+0	4.58898E-1	-6.72647E-1
1.38110E+11	8.43690E-4	-2.41223E+0	-4.28421E-1	-6.24722E-1
1.38156E+11	6.51264E-4	-3.50932E+0	-5.94004E-1	3.04771E-1
1.38202E+11	9.08381E-4	-2.13635E+0	4.10905E-1	6.65292E-1
1.38249E+11	9.25394E-4	-1.92688E+0	7.37212E-1	-3.13349E-1
1.38295E+11	6.78307E-4	-3.17934E+0	2.32357E-1	-6.53394E-1
1.38341E+11	6.26078E-4	-3.18663E+0	-5.96093E-1	-3.53240E-1
1.38388E+11	9.86036E-4	-1.17427E+0	-3.82482E-1	7.85362E-1
1.38434E+11	8.10905E-4	-2.11381E+0	5.84629E-1	5.22347E-1
1.38480E+11	6.33264E-4	-3.35175E+0	6.28637E-1	-2.58863E-1
1.38526E+11	8.04376E-4	-2.46466E+0	-2.21919E-1	-7.19505E-1
1.38572E+11	1.07002E-3	-1.17361E+0	-8.67516E-1	1.03039E-1
1.38619E+11	6.22170E-4	-3.45872E+0	-1.62938E-1	6.51461E-1
1.38665E+11	6.16916E-4	-3.53012E+0	5.93849E-1	3.01562E-1
1.38711E+11	8.30357E-4	-1.93393E+0	1.71638E-1	-7.81774E-1
1.38758E+11	9.50644E-4	-1.24912E+0	-7.75899E-1	-3.84741E-1
1.38804E+11	4.22162E-4	-4.77244E+0	-4.36752E-1	3.77475E-1
1.38850E+11	7.25752E-4	-2.49936E+0	3.66527E-1	6.54280E-1
1.38896E+11	7.73506E-4	-2.15199E+0	7.50532E-1	-2.14382E-1
1.38942E+11	7.94594E-4	-2.03758E+0	7.84035E-2	-7.87003E-1
1.38989E+11	5.61904E-4	-3.71533E+0	-6.14179E-1	-2.18770E-1
1.39035E+11	8.01337E-4	-2.24332E+0	-1.50448E-1	7.57591E-1
1.39081E+11	8.27307E-4	-2.26165E+0	6.05748E-1	4.76587E-1
1.39128E+11	6.02719E-4	-3.73120E+0	5.70422E-1	-3.13282E-1
1.39174E+11	8.26373E-4	-2.22902E+0	-3.26707E-1	-7.01291E-1
1.39220E+11	8.86001E-4	-1.55785E+0	-7.47708E-1	3.73512E-1
1.39266E+11	6.47183E-4	-2.62768E+0	2.65947E-1	6.89436E-1
1.39312E+11	4.88347E-4	-3.81446E+0	6.29546E-1	-1.38406E-1
1.39359E+11	6.64156E-4	-2.40183E+0	-2.26903E-1	-7.23680E-1
1.39405E+11	8.61171E-4	-1.58096E+0	-8.21224E-1	-1.43043E-1
1.39451E+11	4.65328E-4	-4.74192E+0	-4.10183E-1	4.09072E-1
1.39498E+11	6.30715E-4	-3.51802E+0	3.75842E-1	5.50978E-1
1.39544E+11	8.93173E-4	-1.84134E+0	7.44254E-1	-3.17050E-1
1.39590E+11	8.91738E-4	-1.82290E+0	-3.11209E-1	-7.48577E-1
1.39636E+11	4.82196E-4	-4.40394E+0	-6.02281E-1	-2.56723E-3
1.39682E+11	6.72352E-4	-2.98515E+0	8.41030E-2	7.04152E-1
1.39729E+11	9.92357E-4	-1.46314E+0	7.93561E-1	2.90242E-1
1.39775E+11	5.89661E-4	-3.81371E+0	3.58245E-1	-5.35925E-1
1.39821E+11	6.38697E-4	-3.43396E+0	-4.54029E-1	-4.97379E-1
1.39868E+11	7.80642E-4	-2.49256E+0	-5.91507E-1	4.61980E-1
1.39914E+11	9.03835E-4	-1.74321E+0	3.06763E-1	7.58476E-1
1.39960E+11	4.66902E-4	-4.53336E+0	5.90738E-1	-5.59253E-2
1.40006E+11	6.83452E-4	-2.94344E+0	1.24090E-2	-7.12463E-1
1.40052E+11	8.99595E-4	-1.74924E+0	-7.72822E-1	-2.66847E-1
1.40099E+11	7.13455E-4	-2.86055E+0	-4.21067E-1	5.83305E-1
1.40145E+11	6.26026E-4	-3.28232E+0	5.91340E-1	3.46353E-1
1.40191E+11	8.36182E-4	-1.87929E+0	3.85034E-1	-7.07452E-1
1.40238E+11	8.47105E-4	-1.53702E+0	-6.65490E-1	-5.08980E-1
1.40284E+11	5.42872E-4	-3.56909E+0	-6.12651E-1	2.53561E-1
1.40330E+11	6.41240E-4	-2.92462E+0	1.71880E-1	6.93123E-1
1.40376E+11	9.21010E-4	-1.47103E+0	8.41170E-1	7.15306E-2
1.40422E+11	6.42471E-4	-2.91566E+0	2.61169E-1	-6.65437E-1
1.40469E+11	5.50577E-4	-3.60957E+0	-5.66105E-1	-3.39235E-1
1.40515E+11	6.69383E-4	-2.79894E+0	-4.35306E-1	5.79176E-1
1.40561E+11	1.03902E-3	-7.37255E-1	5.71565E-1	7.19153E-1
1.40608E+11	4.34929E-4	-4.50893E+0	5.54875E-1	-2.14938E-1
1.40654E+11	6.15103E-4	-3.06416E+0	-1.96894E-1	-6.74589E-1
1.40700E+11	8.80197E-4	-1.59086E+0	-8.27751E-1	9.00911E-2
1.40746E+11	1.01694E-3	-1.02407E+0	-4.95324E-2	8.87403E-1
1.40792E+11	4.70392E-4	-4.27453E+0	5.98404E-1	1.25031E-1
1.40839E+11	6.27811E-4	-3.03222E+0	2.23293E-1	-6.69046E-1
1.40885E+11	7.53883E-4	-2.12528E+0	-5.34933E-1	-5.71719E-1
1.40931E+11	5.10333E-4	-3.53528E+0	-6.02549E-1	2.82849E-1
1.40978E+11	4.90056E-4	-3.51413E+0	1.85712E-1	6.40893E-1
1.41024E+11	7.41652E-4	-1.93399E+0	7.87874E-1	-1.40984E-1
1.41070E+11	6.88637E-4	-2.47171E+0	1.03232E-1	-7.45224E-1
1.41116E+11	4.95742E-4	-4.14761E+0	-5.83744E-1	-2.09873E-1
1.41162E+11	6.79519E-4	-2.82991E+0	-3.09784E-1	6.52104E-1
1.41209E+11	9.63268E-4	-1.32489E+0	6.51055E-1	5.59644E-1
1.41255E+11	5.49448E-4	-3.92228E+0	5.48683E-1	-3.22866E-1
1.41301E+11	6.50816E-4	-3.27318E+0	-3.25916E-1	-6.03665E-1
1.41348E+11	9.35844E-4	-1.72766E+0	-7.85839E-1	2.32911E-1
1.41394E+11	8.67433E-4	-2.05492E+0	-4.95800E-3	7.89306E-1
1.41440E+11	5.19407E-4	-4.12490E+0	5.42492E-1	3.04177E-1
1.41486E+11	5.81187E-4	-3.40221E+0	3.50870E-1	-5.77707E-1
1.41532E+11	1.03336E-3	-1.08316E+0	-5.44956E-1	-6.94468E-1
1.41579E+11	7.06754E-4	-3.03519E+0	-5.27965E-1	4.67328E-1
1.41625E+11	6.71295E-4	-3.30707E+0	4.06861E-1	5.49034E-1
1.41671E+11	8.61366E-4	-2.28445E+0	6.29013E-1	-4.41925E-1
1.41718E+11	1.10384E-3	-1.32533E+0	-1.72437E-1	-8.40991E-1
1.41764E+11	5.61330E-4	-4.41184E+0	-5.98947E-1	-5.78919E-2
1.41810E+11	7.03077E-4	-3.31860E+0	-2.43120E-1	6.37675E-1
1.41856E+11	9.75500E-4	-1.86662E+0	6.02094E-1	5.36767E-1
1.41902E+11	8.90288E-4	-2.02702E+0	6.83100E-1	-4.00523E-1
1.41949E+11	6.07185E-4	-3.22343E+0	-3.43901E-1	-5.98153E-1
1.41995E+11	9.38061E-4	-1.66799E+0	-7.41690E-1	3.61913E-1
1.42041E+11	1.10398E-3	-1.41667E+0	9.21404E-2	8.44494E-1
1.42088E+11	7.74193E-4	-3.09040E+0	6.82438E-1	1.58558E-1
1.42134E+11	7.79690E-4	-3.06984E+0	1.82306E-1	-6.78201E-1
1.42180E+11	1.38508E-3	-9.15503E-1	-7.80420E-1	-4.48195E-1
1.42226E+11	9.62803E-4	-2.43949E+0	-5.54269E-1	5.12851E-1
1.42272E+11	7.76480E-4	-3.32095E+0	3.91009E-1	5.59103E-1
1.42319E+11	9.77490E-4	-2.16174E+0	6.85138E-1	-3.72125E-1
1.42365E+11	1.29004E-3	-1.00834E+0	-1.73597E-1	-8.73309E-1
1.42411E+11	6.29702E-4	-4.38211E+0	-5.87481E-1	-1.39436E-1
1.42458E+11	6.78907E-4	-4.23037E+0	-1.84761E-1	5.86006E-1
1.42504E+11	1.12549E-3	-2.03826E+0	6.35249E-1	4.71044E-1
1.42550E+11	1.14189E-3	-1.59867E+0	6.13074E-1	-5.62301E-1
1.42596E+11	6.23844E-4	-4.24766E+0	-2.77022E-1	-5.47082E-1
1.42642E+11	9.54357E-4	-2.63269E+0	-6.66855E-1	3.17369E-1
1.42689E+11	1.21317E-3	-1.74878E+0	6.06515E-2	8.15386E-1
1.42735E+11	8.82367E-4	-3.02053E+0	7.05196E-1	3.90055E-2
1.42781E+11	8.25877E-4	-3.39345E+0	8.32864E-2	-6.71447E-1
1.42828E+11	1.09043E-3	-2.41138E+0	-7.09554E-1	-2.65457E-1
1.42874E+11	1.15880E-3	-1.98740E+0	-6.06526E-1	5.14700E-1
1.42920E+11	6.84850E-4	-4.12317E+0	2.79118E-1	5.55939E-1
1.42966E+11	1.01559E-3	-2.46832E+0	7.10247E-1	-2.49013E-1
1.43012E+11	1.14527E-3	-1.85995E+0	-1.06196E-1	-8.00224E-1
1.43059E+11	1.00787E-3	-2.31564E+0	-7.64219E-1	-5.19247E-2
1.43105E+11	8.71426E-4	-2.94263E+0	4.88567E-2	7.10961E-1
1.43151E+11	1.00920E-3	-2.05773E+0	7.87336E-1	5.22269E-2
1.43198E+11	7.37926E-4	-2.81582E+0	1.96933E-1	-6.95784E-1
1.43244E+11	5.48545E-4	-4.05541E+0	-4.69226E-1	-4.15797E-1
1.43290E+11	7.76951E-4	-3.07998E+0	-5.39154E-1	4.48726E-1
1.43336E+11	1.27041E-3	-1.07354E+0	2.76447E-1	8.39385E-1
1.43382E+11	7.70055E-4	-3.22621E+0	6.89539E-1	-1.69211E-2
1.43429E+11	7.71874E-4	-3.27439E+0	3.03977E-2	-6.85257E-1
1.43475E+11	8.70100E-4	-2.74962E+0	-7.03246E-1	-1.90727E-1
1.43521E+11	1.39380E-3	-5.40555E-1	-4.32810E-1	8.34052E-1
1.43568E+11	6.50021E-4	-3.96513E+0	4.89103E-1	4.02610E-1
1.43614E+11	7.46538E-4	-3.29796E+0	4.21433E-1	-5.38840E-1
1.43660E+11	1.08263E-3	-1.64280E+0	-4.75107E-1	-6.77731E-1
1.43706E+11	9.56121E-4	-1.95836E+0	-7.59050E-1	2.46737E-1
1.43752E+11	7.12236E-4	-3.06883E+0	1.34350E-1	6.89389E-1
1.43799E+11	6.62606E-4	-2.97345E+0	7.08343E-1	5.01061E-2
1.43845E+11	9.68567E-4	-1.10515E+0	4.42211E-1	-7.61431E-1
1.43891E+11	6.48206E-4	-3.03711E+0	-5.37347E-1	-4.56269E-1
1.43938E+11	7.76707E-4	-2.48385E+0	-4.31654E-1	6.14907E-1
1.43984E+11	1.18770E-3	-7.48196E-1	7.29777E-1	5.56031E-1
1.44030E+11	9.83093E-4	-1.69840E+0	6.94136E-1	-4.41031E-1
1.44076E+11	7.12277E-4	-2.87233E+0	-4.23793E-1	-5.80120E-1
1.44122E+11	7.46092E-4	-2.58884E+0	-6.90200E-1	2.73090E-1
1.44169E+11	1.06332E-3	-1.06073E+0	1.48550E-1	8.72486E-1
1.44215E+11	6.99588E-4	-3.07350E+0	6.67754E-1	2.16520E-1
1.44261E+11	6.73040E-4	-3.14837E+0	2.12048E-1	-6.62865E-1
1.44308E+11	1.13753E-3	-8.80884E-1	-7.57167E-1	-4.93067E-1
1.44354E+11	7.89825E-4	-2.39092E+0	-5.27225E-1	5.46514E-1
1.44400E+11	6.48116E-4	-2.97695E+0	4.45355E-1	5.52732E-1
1.44446E+11	4.95714E-4	-3.92899E+0	5.78992E-1	-2.63511E-1
1.44492E+11	1.01610E-3	-5.20943E-1	-1.07181E-1	-9.35668E-1
1.44539E+11	6.18117E-4	-2.72444E+0	-7.25753E-1	-8.54492E-2
1.44585E+11	5.74092E-4	-3.19834E+0	-6.86420E-2	6.88551E-1
1.44631E+11	7.79161E-4	-2.25519E+0	7.40947E-1	2.14354E-1
1.44678E+11	9.26461E-4	-1.85148E+0	5.12012E-1	-6.25101E-1
1.44724E+11	7.39478E-4	-2.69392E+0	-5.36339E-1	-5.00125E-1
1.44770E+11	5.92072E-4	-3.65403E+0	-5.47311E-1	3.62724E-1
1.44816E+11	9.32521E-4	-1.75899E+0	1.57332E-1	8.01379E-1
1.44862E+11	1.04402E-3	-1.35821E+0	8.41936E-1	1.50281E-1
1.44909E+11	7.56942E-4	-2.75539E+0	1.14739E-1	-7.19069E-1
1.44955E+11	1.09321E-3	-1.24886E+0	-8.36576E-1	-2.24122E-1
1.45001E+11	8.94521E-4	-2.02484E+0	-5.69970E-1	5.49993E-1
1.45048E+11	9.68522E-4	-1.46477E+0	6.12464E-1	5.81894E-1
1.45094E+11	7.03416E-4	-2.85973E+0	5.47892E-1	-4.66319E-1
1.45140E+11	1.26104E-3	-3.23052E-1	-5.04007E-1	-8.21152E-1
1.45186E+11	1.00910E-3	-9.37357E-1	-8.97702E-1	-3.78906E-4
1.45232E+11	6.56812E-4	-2.77204E+0	4.66045E-2	7.25276E-1
1.45279E+11	8.60924E-4	-1.46920E+0	8.20801E-1	1.98169E-1
1.45325E+11	9.70679E-4	-5.66268E-1	5.89504E-1	-7.28176E-1
1.45371E+11	9.61183E-4	-5.48311E-1	-6.39696E-1	-6.87154E-1
1.45418E+11	5.63347E-4	-2.83217E+0	-5.32677E-1	4.87020E-1
1.45464E+11	1.04096E-3	-3.56763E-1	4.39256E-1	8.53341E-1
1.45510E+11	1.08823E-3	-1.81576E-1	9.57988E-1	-2.03251E-1
1.45556E+11	7.74270E-4	-1.87053E+0	-2.91010E-1	-7.51907E-1
1.45602E+11	7.70366E-4	-2.13268E+0	-7.71452E-1	1.29746E-1
1.45649E+11	1.02727E-3	-8.26935E-1	-4.67426E-1	7.79830E-1
1.45695E+11	1.24339E-3	-1.41848E-1	7.78769E-1	6.01152E-1
1.45741E+11	7.69690E-4	-2.30976E+0	4.98400E-1	-5.82339E-1
1.45788E+11	8.98306E-4	-1.32843E+0	-5.11797E-1	-6.88867E-1
1.45834E+11	1.32001E-3	3.66652E-1	-1.02803E+0	1.76740E-1
1.45880E+11	7.63490E-4	-2.04364E+0	2.58543E-1	7.46863E-1
1.45926E+11	8.04948E-4	-1.82384E+0	8.03793E-1	-1.04855E-1
1.45972E+11	7.75468E-4	-1.88225E+0	3.37416E-1	-7.31060E-1
1.46019E+11	1.39847E-3	5.81820E-1	-8.60367E-1	-6.34921E-1
1.46065E+11	6.11060E-4	-2.89761E+0	-4.21388E-1	5.79289E-1
1.46111E+11	1.00174E-3	-6.62134E-1	5.98479E-1	7.07400E-1
1.46158E+11	1.09842E-3	-3.00015E-1	9.43114E-1	-2.09255E-1
1.46204E+11	7.66766E-4	-1.89061E+0	-2.79606E-1	-7.54236E-1
1.46250E+11	6.18281E-4	-2.73232E+0	-7.29369E-1	3.27107E-2
1.46296E+11	9.09856E-4	-1.02562E+0	-4.15671E-1	7.85413E-1
1.46342E+11	1.55615E-3	1.18257E+0	9.31755E-1	6.66941E-1
1.46389E+11	5.09991E-4	-3.56873E+0	3.34390E-1	-5.72585E-1
1.46435E+11	7.14093E-4	-2.02518E+0	-4.94422E-1	-6.18754E-1
1.46481E+11	1.11634E-3	3.57245E-2	-9.90945E-1	1.62138E-1
1.46528E+11	8.23052E-4	-1.37205E+0	3.11398E-1	7.95075E-1
1.46574E+11	5.49331E-4	-3.10347E+0	6.86678E-1	-1.33646E-1
1.46620E+11	8.94798E-4	-8.58943E-1	3.85389E-1	-8.19772E-1
1.46666E+11	1.70648E-3	1.94581E+0	-1.10249E+0	-5.91400E-1
1.46712E+11	6.04655E-4	-2.35665E+0	-3.28586E-1	6.87927E-1
1.46759E+11	5.81523E-4	-2.67033E+0	5.30968E-1	5.08710E-1
1.46805E+11	1.27173E-3	6.41092E-1	1.07409E+0	-7.34090E-2
1.46851E+11	8.42629E-4	-1.07673E+0	-2.47473E-1	-8.48041E-1
1.46898E+11	4.88849E-4	-3.45265E+0	-6.68270E-1	7.06719E-2
1.46944E+11	8.27607E-4	-1.30496E+0	-3.28150E-1	7.95475E-1
1.46990E+11	1.84741E-3	2.39693E+0	1.23832E+0	4.50710E-1
1.47036E+11	6.05291E-4	-2.40503E+0	1.19599E-1	-7.48645E-1
1.47082E+11	6.54445E-4	-2.11536E+0	-6.98690E-1	-3.55316E-1
1.47129E+11	1.26699E-3	7.26493E-1	-9.85937E-1	4.58274E-1
1.47175E+11	1.04773E-3	-6.21346E-2	5.56280E-1	8.22403E-1
1.47221E+11	3.79076E-4	-4.37446E+0	5.87990E-1	-1.39596E-1
1.47268E+11	8.18786E-4	-1.14000E+0	2.93772E-1	-8.26334E-1
1.47314E+11	1.91766E-3	2.60075E+0	-1.20014E+0	-6.16181E-1
1.47360E+11	5.39609E-4	-2.71530E+0	-2.61004E-1	6.83388E-1
1.47406E+11	5.13989E-4	-2.89029E+0	4.94108E-1	5.19486E-1
1.47452E+11	1.39530E-3	1.32540E+0	1.13602E+0	-2.57554E-1
1.47499E+11	1.19243E-3	7.36303E-1	-6.13493E-1	-8.99103E-1
1.47545E+11	4.01533E-4	-3.95208E+0	-5.79336E-1	2.58638E-1
1.47591E+11	7.34294E-4	-1.33852E+0	-2.17875E-1	8.29033E-1
1.47638E+11	1.89325E-3	2.72872E+0	1.20342E+0	6.52853E-1
1.47684E+11	5.44458E-4	-2.60018E+0	4.14057E-1	-6.14877E-1
1.47730E+11	4.30708E-4	-3.55078E+0	-3.56438E-1	-5.60753E-1
1.47776E+11	1.30695E-3	1.20812E+0	-1.14887E+0	2.86152E-2
1.47822E+11	1.26622E-3	1.13636E+0	5.43317E-1	1.00194E+0
1.47869E+11	3.73198E-4	-3.99039E+0	5.74161E-1	-2.63303E-1
1.47915E+11	7.26931E-4	-1.16310E+0	1.22885E-1	-8.65997E-1
1.47961E+11	1.68216E-3	2.79228E+0	-1.29730E+0	-4.68074E-1
1.48008E+11	4.83791E-4	-2.55625E+0	-2.97909E-1	6.82902E-1
1.48054E+11	3.91280E-4	-3.26284E+0	4.14238E-1	5.47869E-1
1.48100E+11	1.00902E-3	1.05041E+0	1.11077E+0	-1.99530E-1
1.48146E+11	1.13173E-3	1.88359E+0	-7.20864E-1	-1.01160E+0
1.48192E+11	2.23884E-4	-5.07357E+0	-5.08981E-1	2.27715E-1
1.48239E+11	5.26983E-4	-1.36370E+0	-1.40565E-1	8.43065E-1
1.48285E+11	1.37174E-3	3.03630E+0	1.24328E+0	6.82840E-1
1.48331E+11	4.28151E-4	-2.01946E+0	4.06926E-1	-6.80109E-1
1.48378E+11	2.62566E-4	-3.92904E+0	-3.35918E-1	-5.40208E-1
1.48424E+11	8.28471E-4	1.38444E+0	-1.15284E+0	2.15442E-1
1.48470E+11	1.00452E-3	2.49348E+0	8.20073E-1	1.05028E+0
1.48516E+11	1.83505E-4	-4.84484E+0	5.22205E-1	-2.34589E-1
1.48562E+11	3.93330E-4	-1.39198E+0	3.34526E-2	-8.51267E-1
1.48609E+11	1.05352E-3	3.22778E+0	-1.34585E+0	-5.39812E-1
1.48655E+11	3.24800E-4	-1.84442E+0	-2.78735E-1	7.59129E-1
1.48701E+11	2.07831E-4	-3.54719E+0	4.08512E-1	5.24380E-1
1.48748E+11	5.71498E-4	1.06046E+0	1.09715E+0	-2.69872E-1
1.48794E+11	8.60464E-4	2.68846E+0	-7.18807E-1	-1.15778E+0
1.48840E+11	1.30821E-4	-5.26381E+0	-5.40390E-1	7.46225E-2
1.48886E+11	3.06753E-4	-1.29898E+0	-2.53674E-1	8.22881E-1
1.48932E+11	8.51349E-4	3.36578E+0	1.25658E+0	7.69155E-1
1.48979E+11	2.48146E-4	-1.88053E+0	2.26629E-1	-7.72784E-1
1.49025E+11	1.81549E-4	-3.04476E+0	-5.27714E-1	-4.66440E-1
1.49071E+11	4.00179E-4	5.54347E-1	-9.71774E-1	4.37953E-1
1.49118E+11	5.45498E-4	1.86170E+0	6.84912E-1	1.03253E+0
1.49164E+11	1.02169E-4	-5.18561E+0	5.50244E-1	1.51365E-2
1.49210E+11	1.97015E-4	-2.24759E+0	3.31246E-1	-6.97330E-1
1.49256E+11	6.26800E-4	2.77495E+0	-1.18435E+0	-7.01300E-1
1.49302E+11	2.26984E-4	-1.63794E+0	-1.78714E-1	8.08625E-1
1.49349E+11	1.65134E-4	-2.91293E+0	6.56745E-1	2.82883E-1
1.49395E+11	3.50599E-4	3.95471E-1	7.44243E-1	-7.35825E-1
1.49441E+11	5.33355E-4	2.09710E+0	-9.69777E-1	-8.24778E-1
1.49488E+11	1.46824E-4	-3.38777E+0	-6.66485E-1	1.19061E-1
1.49534E+11	2.17565E-4	-1.66453E+0	-1.05557E-1	8.18832E-1
1.49580E+11	4.97746E-4	1.76255E+0	1.18128E+0	3.24261E-1
1.49626E+11	2.22454E-4	-1.64198E+0	2.19191E-1	-7.98205E-1
1.49672E+11	1.58475E-4	-3.09046E+0	-6.15236E-1	-3.35172E-1
1.49719E+11	3.48156E-4	1.87320E-1	-8.30944E-1	5.94649E-1
1.49765E+11	4.83495E-4	1.60134E+0	5.82287E-1	1.05206E+0
1.49811E+11	1.82793E-4	-2.75894E+0	7.26896E-1	3.76055E-2
1.49858E+11	2.30076E-4	-1.81829E+0	1.59691E-1	-7.95246E-1
1.49904E+11	4.33486E-4	8.02051E-1	-1.01980E+0	-4.03538E-1
1.49950E+11	2.95832E-4	-8.21768E-1	-4.24766E-1	8.04474E-1
1.49996E+11	1.55831E-4	-3.57939E+0	5.00562E-1	4.33625E-1
1.50042E+11	2.83382E-4	-1.07107E+0	8.26984E-1	-3.12300E-1
1.50089E+11	5.00451E-4	1.38650E+0	-1.19216E-2	-1.17301E+0
1.50135E+11	2.35944E-4	-1.80597E+0	-7.88956E-1	-1.93221E-1
1.50181E+11	2.41535E-4	-1.95057E+0	-2.73181E-1	7.50701E-1
1.50228E+11	3.74015E-4	-1.90829E-1	8.13584E-1	5.43224E-1
1.50274E+11	2.94239E-4	-1.19535E+0	5.44722E-1	-6.80198E-1
1.50320E+11	2.10662E-4	-2.81808E+0	-3.11391E-1	-6.52428E-1
1.50366E+11	2.91822E-4	-1.56339E+0	-8.27427E-1	1.14252E-1
1.50412E+11	4.21965E-4	-4.13622E-2	-2.30658E-1	9.68152E-1
1.50459E+11	2.92447E-4	-1.63212E+0	7.63555E-1	3.22051E-1
1.50505E+11	2.17361E-4	-2.85549E+0	2.65738E-1	-6.68975E-1
1.50551E+11	2.77503E-4	-1.67103E+0	-6.73653E-1	-4.76234E-1
1.50598E+11	3.46725E-4	-5.07185E-1	-7.93622E-1	5.09844E-1
1.50644E+11	1.97035E-4	-3.00284E+0	2.42629E-1	6.64824E-1
1.50690E+11	2.34160E-4	-2.38284E+0	7.60071E-1	3.08947E-3
1.50736E+11	4.35742E-4	2.36107E-1	4.13443E-1	-9.40710E-1
1.50782E+11	4.08215E-4	-2.87414E-1	-8.99428E-1	-3.56360E-1
1.50829E+11	2.19751E-4	-3.19312E+0	-1.48192E-1	6.76334E-1
1.50875E+11	2.68263E-4	-2.32508E+0	6.19492E-1	4.49091E-1
1.50921E+11	4.40313E-4	-2.24555E-1	7.72808E-1	-5.93612E-1
1.50968E+11	2.75383E-4	-2.56297E+0	-4.42496E-1	-5.98702E-1
1.51014E+11	1.68225E-4	-4.84503E+0	-5.51981E-1	1.51763E-1
1.51060E+11	4.22062E-4	-9.47389E-1	-4.21483E-1	7.91430E-1
1.51106E+11	5.60462E-4	3.85432E-2	8.75782E-1	4.91854E-1
1.51152E+11	1.96070E-4	-4.63800E+0	3.52338E-1	-4.68588E-1
1.51199E+11	2.52596E-4	-3.48507E+0	-1.77641E-1	-6.45496E-1
1.51245E+11	7.01708E-4	8.98298E-1	-1.10821E+0	-4.06293E-2
1.51291E+11	3.29767E-4	-2.56284E+0	1.27005E-1	7.33576E-1
1.51338E+11	1.86461E-4	-4.97025E+0	5.64067E-1	1.51511E-2
1.51384E+11	4.67993E-4	-1.08920E+0	6.03831E-1	-6.43092E-1
1.51430E+11	8.52180E-4	1.32612E+0	-1.00493E+0	-5.89252E-1
1.51476E+11	1.99514E-4	-4.88043E+0	-4.14265E-1	3.91714E-1
1.51522E+11	2.69892E-4	-3.36453E+0	8.78009E-2	6.73147E-1
1.51569E+11	8.83001E-4	1.83067E+0	1.20440E+0	2.71496E-1
1.51615E+11	4.20407E-4	-1.55008E+0	-1.86638E-1	-8.15472E-1
1.51661E+11	1.92345E-4	-5.16297E+0	-5.49477E-1	5.15355E-2
1.51708E+11	5.43327E-4	-6.18239E-1	-4.06038E-1	8.38121E-1
1.51754E+11	1.07212E-3	1.98551E+0	1.24918E+0	1.38400E-1
1.51800E+11	2.09201E-4	-5.07912E+0	2.40945E-1	-5.02458E-1
1.51846E+11	2.89415E-4	-3.79775E+0	-2.60129E-1	-5.91116E-1
1.51892E+11	1.11329E-3	1.94989E+0	-1.24670E+0	1.11637E-1
1.51939E+11	4.35101E-4	-2.11444E+0	3.45163E-1	7.03854E-1
1.51985E+11	1.76487E-4	-6.17553E+0	4.72510E-1	-1.34063E-1
1.52031E+11	4.98823E-4	-1.87718E+0	3.04656E-1	-7.45815E-1
1.52078E+11	9.47138E-4	7.47470E-1	-1.08954E+0	2.65867E-2
1.52124E+11	2.34139E-4	-5.21280E+0	-2.10505E-1	5.06748E-1
1.52170E+11	2.81778E-4	-4.52054E+0	3.39405E-1	4.87795E-1
1.52216E+11	1.35996E-3	1.98622E+0	1.20947E+0	-3.42150E-1
1.52262E+11	4.68036E-4	-2.45864E+0	-3.65367E-1	-6.58961E-1
1.52309E+11	2.20271E-4	-5.66322E+0	-4.97990E-1	1.53131E-1
1.52355E+11	6.04155E-4	-1.30475E+0	-3.08382E-1	8.03368E-1
1.52401E+11	1.00471E-3	1.10046E+0	1.13132E+0	-9.22502E-2
1.52448E+11	3.25118E-4	-3.69911E+0	2.36099E-1	-6.09036E-1
1.52494E+11	3.58013E-4	-3.32412E+0	-5.52210E-1	-4.00260E-1
1.52540E+11	1.16622E-3	1.66382E+0	-9.74957E-1	7.18539E-1
1.52586E+11	4.82468E-4	-2.06342E+0	5.11863E-1	5.99839E-1
1.52632E+11	2.41654E-4	-5.11264E+0	5.00895E-1	-2.39241E-1
1.52679E+11	6.61604E-4	-7.19523E-1	1.06847E-1	-9.14278E-1
1.52725E+11	1.01204E-3	1.16900E+0	-1.13602E+0	1.35437E-1
1.52771E+11	3.16882E-4	-3.84469E+0	-1.73721E-1	6.18403E-1
1.52818E+11	3.38776E-4	-3.35014E+0	6.28531E-1	2.59452E-1
1.52864E+11	9.14642E-4	8.94958E-1	6.79025E-1	-8.76222E-1
1.52910E+11	5.19482E-4	-1.45768E+0	-6.78433E-1	-5.04586E-1
1.52956E+11	2.82355E-4	-4.33966E+0	-4.47774E-1	4.09458E-1
1.53002E+11	4.86339E-4	-1.97813E+0	1.87976E-1	7.73827E-1
1.53049E+11	8.28619E-4	5.52132E-1	1.02794E+0	-2.80920E-1
1.53095E+11	4.19833E-4	-2.37672E+0	1.39123E-1	-7.47782E-1
1.53141E+11	3.69540E-4	-2.82444E+0	-7.06746E-1	-1.49575E-1
1.53188E+11	5.92708E-4	-4.02427E-1	-4.47186E-1	8.43520E-1
1.53234E+11	4.42898E-4	-1.43477E+0	6.86381E-1	4.97535E-1
1.53280E+11	3.22196E-4	-2.63908E+0	4.39261E-1	-5.93015E-1
1.53326E+11	3.75833E-4	-1.86895E+0	-4.92105E-1	-6.38842E-1
1.53373E+11	6.67848E-4	8.20812E-1	-9.28474E-1	5.88197E-1
1.53419E+11	5.54651E-4	-2.66701E-1	1.14318E-1	9.63000E-1
1.53465E+11	3.74710E-4	-2.32810E+0	7.63963E-1	-3.75085E-2
1.53511E+11	6.22573E-4	-3.10452E-1	3.91354E-1	-8.81960E-1
1.53557E+11	5.79749E-4	-8.45622E-1	-6.40896E-1	-6.42125E-1
1.53604E+11	4.63326E-4	-1.95532E+0	-4.70552E-1	6.45029E-1
1.53650E+11	3.97677E-4	-2.64592E+0	3.86566E-1	6.27955E-1
1.53696E+11	7.68683E-4	2.65733E-1	9.68909E-1	-3.52581E-1
1.53743E+11	1.18121E-3	1.68224E+0	-2.55383E-1	-1.18653E+0
1.53789E+11	4.04706E-4	-3.32508E+0	-6.68665E-1	1.33899E-1
1.53835E+11	5.88430E-4	-1.68030E+0	-2.98560E-1	7.68127E-1
1.53881E+11	1.16514E-3	1.36151E+0	7.17100E-1	9.24106E-1
1.53927E+11	5.43130E-4	-1.89200E+0	4.87070E-1	-6.40006E-1
1.53974E+11	3.21575E-4	-3.92787E+0	-3.51615E-1	-5.30227E-1
1.54020E+11	6.96985E-4	-4.52246E-1	-9.44853E-1	9.14206E-2
1.54066E+11	9.22233E-4	5.36270E-1	2.69095E-1	1.02909E+0
1.54113E+11	2.93494E-4	-4.28994E+0	6.10065E-1	1.47349E-2
1.54159E+11	3.85676E-4	-3.04768E+0	4.57405E-1	-5.35252E-1
1.54205E+11	1.30522E-3	2.23831E+0	-5.92154E-1	-1.15050E+0
1.54251E+11	4.43925E-4	-2.39505E+0	-6.87365E-1	3.21908E-1
1.54297E+11	3.44920E-4	-3.37989E+0	2.18659E-1	6.41403E-1
1.54344E+11	8.20292E-4	3.05848E-1	1.03177E+0	9.17078E-2
1.54390E+11	7.51063E-4	-3.20930E-1	-2.45755E-1	-9.31865E-1
1.54436E+11	3.44205E-4	-3.53071E+0	-6.56140E-1	-1.14090E-1
1.54483E+11	4.90657E-4	-1.93128E+0	-5.31574E-1	5.98707E-1
1.54529E+11	1.46409E-3	2.69034E+0	8.01775E-1	1.10232E+0
1.54575E+11	4.29596E-4	-2.35124E+0	7.02246E-1	-2.97973E-1
1.54621E+11	3.08562E-4	-3.66951E+0	-1.32130E-1	-6.41971E-1
1.54667E+11	8.88499E-4	7.93890E-1	-1.09193E+0	-9.09295E-2
1.54714E+11	8.20790E-4	3.64919E-1	1.51104E-1	1.03190E+0
1.54760E+11	3.03502E-4	-3.86231E+0	6.25786E-1	1.39007E-1
1.54806E+11	4.76398E-4	-1.94542E+0	5.39186E-1	-5.90098E-1
1.54853E+11	1.08699E-3	1.58142E+0	-7.11064E-1	-9.66259E-1
1.54899E+11	5.24013E-4	-1.45264E+0	-8.02408E-1	2.68045E-1
1.54945E+11	3.48215E-4	-3.32433E+0	5.40008E-2	6.79857E-1
1.54991E+11	7.36458E-4	-4.35239E-1	9.12637E-1	2.67833E-1
1.55037E+11	5.57756E-4	-1.56688E+0	3.50915E-1	-7.57619E-1
1.55084E+11	3.77042E-4	-3.19162E+0	-4.60210E-1	-5.17457E-1
1.55130E+11	5.47208E-4	-1.76590E+0	-7.19269E-1	3.85427E-1
1.55176E+11	1.01378E-3	9.08679E-1	4.97901E-1	9.92383E-1
1.55223E+11	5.86255E-4	-1.18740E+0	8.71891E-1	-2.42461E-2
1.55269E+11	4.11832E-4	-2.66147E+0	8.02922E-3	-7.36039E-1
1.55315E+11	6.29106E-4	-9.26494E-1	-7.79687E-1	-4.47186E-1
1.55361E+11	4.96539E-4	-1.67766E+0	-5.23916E-1	6.36460E-1
1.55407E+11	4.46021E-4	-2.10014E+0	2.41538E-1	7.47151E-1
1.55454E+11	5.70425E-4	-1.34523E+0	7.78581E-1	-3.56989E-1
1.55500E+11	9.99095E-4	8.68442E-1	-5.37375E-1	-9.65707E-1
1.55546E+11	5.71144E-4	-1.85479E+0	-7.93603E-1	1.50350E-1
1.55593E+11	6.30052E-4	-1.82131E+0	1.20030E-1	8.01906E-1
1.55639E+11	6.83343E-4	-1.74978E+0	7.38715E-1	3.50254E-1
1.55685E+11	7.84661E-4	-1.03602E+0	6.33366E-1	-6.21783E-1
1.55731E+11	7.94278E-4	-1.17296E+0	-2.86683E-1	-8.25305E-1
1.55777E+11	6.29375E-4	-2.29582E+0	-6.13456E-1	4.61610E-1
1.55824E+11	1.00758E-3	-2.97382E-1	5.05348E-1	8.23675E-1
1.55870E+11	8.05329E-4	-1.20856E+0	8.44750E-1	-2.08523E-1
1.55916E+11	9.02498E-4	-9.02183E-1	-2.49393E-1	-8.66155E-1
1.55963E+11	6.15661E-4	-2.29922E+0	-7.60321E-1	-1.04218E-1
1.56009E+11	6.02284E-4	-2.18484E+0	-4.80239E-1	6.11587E-1
1.56055E+11	9.59409E-4	-3.01886E-1	4.51032E-1	8.54060E-1
1.56101E+11	5.13811E-4	-3.03342E+0	5.36927E-1	-4.57226E-1
1.56147E+11	6.72038E-4	-1.66126E+0	-3.90995E-1	-7.27505E-1
1.56194E+11	6.87581E-4	-1.54989E+0	-8.22699E-1	-1.51741E-1
1.56240E+11	6.63834E-4	-1.73472E+0	-6.24137E-2	8.16580E-1
1.56286E+11	5.45571E-4	-2.27316E+0	7.00381E-1	3.19314E-1
1.56333E+11	5.46490E-4	-2.06986E+0	4.42699E-1	-6.51849E-1
1.56379E+11	1.13116E-3	9.30704E-1	-5.99851E-1	-9.37644E-1
1.56425E+11	5.12242E-4	-2.47533E+0	-5.65947E-1	4.95226E-1
1.56471E+11	7.47207E-4	-7.39942E-1	2.98810E-1	8.68365E-1
1.56517E+11	6.03692E-4	-1.72261E+0	7.30153E-1	3.73429E-1
1.56564E+11	7.92996E-4	-6.04623E-1	3.68027E-1	-8.57084E-1
1.56610E+11	4.36618E-4	-3.22586E+0	-5.31708E-1	-4.39403E-1
1.56656E+11	6.81830E-4	-1.31114E+0	-5.49620E-1	6.61309E-1
1.56703E+11	1.44847E-3	1.79749E+0	8.62207E-1	8.77090E-1
1.56749E+11	4.75304E-4	-2.83141E+0	3.15956E-1	-6.48997E-1
1.56795E+11	4.88682E-4	-2.67300E+0	-4.14902E-1	-6.06825E-1
1.56841E+11	7.02226E-4	-1.31845E+0	-8.47269E-1	-1.42485E-1
1.56887E+11	7.73227E-4	-9.82035E-1	-4.75519E-2	8.91829E-1
1.56934E+11	4.17929E-4	-3.56986E+0	6.56447E-1	9.29150E-2
1.56980E+11	5.75168E-4	-2.27221E+0	3.23359E-1	-6.98615E-1
1.57026E+11	1.57328E-3	1.96564E+0	-1.08919E+0	-6.21349E-1
1.57073E+11	6.18567E-4	-1.99345E+0	-3.02726E-1	7.35028E-1
1.57119E+11	5.54656E-4	-2.70362E+0	5.18004E-1	5.17934E-1
1.57165E+11	8.59860E-4	-1.01566E+0	8.89111E-1	-3.08253E-2
1.57211E+11	8.27753E-4	-8.74818E-1	-2.22426E-1	-8.76404E-1
1.57257E+11	4.70117E-4	-3.37296E+0	-6.73256E-1	8.16630E-2
1.57304E+11	5.81440E-4	-2.54864E+0	-1.75407E-1	7.24783E-1
1.57350E+11	1.71226E-3	1.97566E+0	9.87625E-1	7.75004E-1
1.57396E+11	5.74082E-4	-2.81556E+0	5.45989E-1	-4.74159E-1
1.57443E+11	6.31236E-4	-2.54627E+0	-1.92258E-1	-7.20707E-1
1.57489E+11	8.63788E-4	-1.31106E+0	-8.41099E-1	-1.78822E-1
1.57535E+11	9.95017E-4	-6.44253E-1	2.18096E-1	9.02534E-1
1.57581E+11	4.26081E-4	-4.40133E+0	5.97509E-1	-7.71386E-2
1.57627E+11	8.24633E-4	-1.72178E+0	2.72871E-1	-7.73462E-1
1.57674E+11	1.86949E-3	1.73257E+0	-8.23243E-1	-9.01395E-1
1.57720E+11	7.32093E-4	-2.46889E+0	-6.46142E-1	3.85857E-1
1.57766E+11	6.14126E-4	-3.41960E+0	4.36937E-2	6.73143E-1
1.57813E+11	1.30247E-3	-2.27874E-1	9.70434E-1	8.44989E-2
1.57859E+11	1.36672E-3	2.60614E-1	-3.64764E-1	-9.63739E-1
1.57905E+11	6.10473E-4	-3.22366E+0	-6.23207E-1	2.96045E-1
1.57951E+11	8.19473E-4	-1.89287E+0	-1.46285E-1	7.90769E-1
1.57997E+11	1.52491E-3	1.19909E+0	8.54431E-1	7.66765E-1
1.58044E+11	7.93003E-4	-1.49758E+0	7.43942E-1	-3.93562E-1
1.58090E+11	4.65989E-4	-3.68746E+0	-1.47229E-1	-6.37289E-1
1.58136E+11	9.02266E-4	-7.01870E-1	-9.17840E-1	-9.13328E-2
1.58183E+11	8.27846E-4	-9.79944E-1	2.03292E-1	8.69872E-1
1.58229E+11	4.53742E-4	-3.59017E+0	6.58658E-1	-6.06125E-2
1.58275E+11	5.54426E-4	-2.44493E+0	3.01070E-1	-6.92008E-1
1.58321E+11	1.11399E-3	1.08102E+0	-6.82055E-1	-9.04119E-1
1.58367E+11	4.80746E-4	-2.68592E+0	-6.95065E-1	2.35922E-1
1.58414E+11	4.64518E-4	-2.93524E+0	4.04272E-2	7.12097E-1
1.58460E+11	7.53648E-4	-1.57699E-1	9.56738E-1	2.21341E-1
1.58506E+11	7.36258E-4	2.53294E-1	1.56921E-1	-1.01756E+0
1.58553E+11	3.46462E-4	-2.79861E+0	-5.78063E-1	-4.36828E-1
1.58599E+11	4.37062E-4	-1.53824E+0	-7.41985E-1	3.88843E-1
1.58645E+11	7.34824E-4	9.70264E-1	1.01147E-1	1.11360E+0
1.58691E+11	4.64382E-4	-1.18202E+0	8.65004E-1	-1.16154E-1
1.58737E+11	2.72307E-4	-3.08107E+0	-1.84238E-2	-7.01127E-1
1.58784E+11	4.43131E-4	-5.55104E-1	-8.88672E-1	-3.00461E-1
1.58830E+11	5.60005E-4	5.12615E-1	-6.07604E-1	8.69540E-1
1.58876E+11	3.09670E-4	-2.21113E+0	4.36854E-1	6.40450E-1
1.58923E+11	3.10845E-4	-2.08891E+0	7.78181E-1	-1.12275E-1
1.58969E+11	5.73707E-4	4.76820E-1	1.22566E-1	-1.04930E+0
1.59015E+11	4.86742E-4	-5.39258E-1	-9.27977E-1	-1.48626E-1
1.59061E+11	3.10756E-4	-2.33957E+0	1.55793E-3	7.63872E-1
1.59107E+11	4.16988E-4	-7.09893E-1	8.24924E-1	4.10732E-1
1.59154E+11	4.95309E-4	-3.23058E-2	6.72318E-1	-7.35239E-1
1.59200E+11	3.80242E-4	-1.39431E+0	-3.35308E-1	-7.82914E-1
1.59246E+11	3.54569E-4	-1.94735E+0	-7.59403E-1	2.48916E-1
1.59293E+11	7.42164E-4	9.03549E-1	1.60482E-1	1.09796E+0
1.59339E+11	4.88637E-4	-1.18867E+0	8.68745E-1	-7.64225E-2
1.59385E+11	3.71136E-4	-2.30533E+0	-5.40472E-2	-7.64984E-1
1.59431E+11	4.97458E-4	-8.74188E-1	-7.89015E-1	-4.41736E-1
1.59477E+11	7.87912E-4	1.05873E+0	-8.75610E-1	7.13705E-1
1.59524E+11	4.08900E-4	-1.51103E+0	1.86495E-1	8.19372E-1
1.59570E+11	3.37104E-4	-2.16610E+0	7.46329E-1	-2.24220E-1
1.59616E+11	6.27736E-4	2.16728E-1	-1.66420E-1	-1.01167E+0
1.59663E+11	6.49285E-4	-7.72190E-2	-9.65418E-1	2.24379E-1
1.59709E+11	4.36693E-4	-2.09692E+0	9.91837E-2	7.79227E-1
1.59755E+11	6.00009E-4	-1.26654E+0	8.02612E-1	3.20713E-1
1.59801E+11	9.71418E-4	4.54033E-1	8.15404E-1	-6.67324E-1
1.59847E+11	7.89094E-4	-4.00620E-1	-3.68476E-1	-8.80969E-1
1.59894E+11	6.34120E-4	-1.41915E+0	-7.71616E-1	3.54763E-1
1.59940E+11	9.75847E-4	1.88182E-1	2.55697E-1	9.89395E-1
1.59986E+11	1.00529E-3	4.01423E-1	1.04730E+0	-2.04198E-3
1.60033E+11	6.64497E-4	-5.86824E-1	-4.68144E-2	-9.33498E-1
1.60079E+11	4.46277E-4	-1.12707E+0	-8.27329E-1	-2.94873E-1
1.60125E+11	4.92209E-4	1.02806E-1	-6.24767E-1	7.96003E-1
1.60171E+11	5.18721E-4	4.39116E-1	6.26624E-1	8.44832E-1
1.60217E+11	3.48673E-4	-1.82314E+0	5.48232E-1	-5.97181E-1
1.60264E+11	6.83450E-4	5.33484E-1	-5.37836E-1	-9.17297E-1
1.60310E+11	6.31678E-4	1.76314E-2	-9.89206E-1	1.59813E-1
1.60356E+11	6.66136E-4	-1.41673E-1	3.48525E-2	9.83204E-1
1.60403E+11	6.69654E-4	-5.48171E-1	8.93483E-1	2.88286E-1
1.60449E+11	1.08195E-3	1.33914E+0	6.95646E-1	-9.36618E-1
1.60495E+11	1.08134E-3	1.39324E+0	-7.64067E-1	-8.91313E-1
1.60541E+11	6.66813E-4	-1.06484E+0	-4.43123E-1	7.65637E-1
1.60587E+11	8.99661E-4	8.08845E-2	7.32871E-1	6.94045E-1
1.60634E+11	1.19498E-3	1.31504E+0	1.06102E+0	-4.77367E-1
1.60680E+11	9.87795E-4	1.96658E-1	-3.80315E-1	-9.49570E-1
1.60726E+11	6.17422E-4	-1.98980E+0	-7.94749E-1	2.85439E-2
1.60773E+11	9.46302E-4	-1.41902E-1	-4.50571E-1	8.74551E-1
1.60819E+11	1.41695E-3	1.78505E+0	9.29089E-1	8.03215E-1
1.60865E+11	6.62488E-4	-1.61802E+0	3.72715E-1	-7.41654E-1
1.60911E+11	7.41570E-4	-1.18199E+0	-6.44438E-1	-5.88583E-1
1.60957E+11	1.04475E-3	4.78128E-1	-1.02819E+0	2.43327E-1
1.61004E+11	1.10994E-3	5.19248E-1	3.15071E-1	1.01377E+0
1.61050E+11	6.21232E-4	-2.02641E+0	7.89862E-1	-5.70021E-2
1.61096E+11	7.38351E-4	-1.12609E+0	3.47143E-1	-8.06901E-1
1.61143E+11	1.59371E-3	2.47981E+0	-9.66542E-1	-9.14236E-1
1.61189E+11	7.05748E-4	-1.15383E+0	-4.52179E-1	7.49813E-1
1.61235E+11	7.02841E-4	-9.55401E-1	5.57422E-1	7.01291E-1
1.61281E+11	7.59094E-4	-4.62143E-1	9.48176E-1	4.03446E-3
1.61327E+11	1.06912E-3	6.99449E-1	-1.26240E-1	-1.07648E+0
1.61374E+11	5.04955E-4	-2.36314E+0	-7.61498E-1	-2.15748E-2
1.61420E+11	7.28478E-4	-5.67663E-1	-4.23365E-1	8.35604E-1
1.61466E+11	1.46489E-3	2.53533E+0	9.17512E-1	9.75181E-1
1.61513E+11	7.07423E-4	-5.85916E-1	6.22096E-1	-6.97703E-1
1.61559E+11	5.63015E-4	-1.41191E+0	-3.15253E-1	-7.89346E-1
1.61605E+11	8.75948E-4	5.51626E-1	-9.91445E-1	-3.90476E-1
1.61651E+11	1.24951E-3	1.74079E+0	-1.32838E-1	1.21467E+0
1.61697E+11	4.38405E-4	-2.68367E+0	7.33450E-1	3.32729E-2
1.61744E+11	6.19950E-4	-1.06040E+0	2.99675E-1	-8.32798E-1
1.61790E+11	1.62487E-3	3.07943E+0	-1.12709E+0	-8.72792E-1
1.61836E+11	8.27550E-4	1.13399E-1	-5.40720E-1	8.56783E-1
1.61883E+11	4.40139E-4	-2.40590E+0	3.07099E-1	6.93072E-1
1.61929E+11	6.91433E-4	-3.69570E-1	7.52713E-1	5.93166E-1
1.61975E+11	1.35941E-3	2.46121E+0	6.00973E-1	-1.18376E+0
1.62021E+11	4.75874E-4	-1.62037E+0	-8.04442E-1	-2.03634E-1
1.62067E+11	5.04625E-4	-1.35022E+0	-3.42936E-1	7.84336E-1
1.62114E+11	1.63600E-3	3.45081E+0	1.06617E+0	1.03769E+0
1.62160E+11	8.02609E-4	4.30459E-1	6.35675E-1	-8.36727E-1
1.62206E+11	4.50364E-4	-2.15157E+0	-3.20832E-1	-7.11607E-1
1.62253E+11	6.65026E-4	-6.62232E-1	-7.84365E-1	-4.93299E-1
1.62299E+11	1.47002E-3	2.69607E+0	5.92267E-1	1.22867E+0
1.62345E+11	4.37404E-4	-2.38875E+0	6.68556E-1	-3.60507E-1
1.62391E+11	5.16035E-4	-1.85786E+0	-1.21856E-1	-7.98186E-1
1.62437E+11	1.64938E-3	2.80255E+0	-1.28529E+0	-5.04592E-1
1.62484E+11	8.27472E-4	-9.08702E-2	-1.99067E-1	9.69364E-1
1.62530E+11	4.21883E-4	-3.21708E+0	5.65162E-1	3.96666E-1
1.62576E+11	7.27755E-4	-1.04043E+0	8.69908E-1	-1.73858E-1
1.62623E+11	1.82356E-3	2.85877E+0	-5.83237E-1	-1.26145E+0
1.62669E+11	5.46412E-4	-2.32210E+0	-6.20304E-1	4.48417E-1
1.62715E+11	5.15940E-4	-2.69322E+0	6.42735E-2	7.30575E-1
1.62761E+11	1.68248E-3	2.20251E+0	1.00690E+0	8.04173E-1
1.62807E+11	1.13265E-3	8.32711E-1	5.97795E-1	-9.24118E-1
1.62854E+11	4.35433E-4	-3.45091E+0	-5.16094E-1	-4.30591E-1
1.62900E+11	6.25642E-4	-1.89626E+0	-7.91125E-1	1.42591E-1
1.62946E+11	1.68651E-3	2.61933E+0	5.31615E-1	1.24306E+0
1.62993E+11	5.97923E-4	-1.77886E+0	6.95743E-1	-4.24099E-1
1.63039E+11	4.79739E-4	-2.81852E+0	-6.54942E-2	-7.19920E-1
1.63085E+11	1.38059E-3	1.78926E+0	-8.45029E-1	-8.92048E-1
1.63131E+11	9.98256E-4	6.40798E-1	-5.57534E-1	9.20948E-1
1.63177E+11	3.96541E-4	-3.39029E+0	5.62496E-1	3.76444E-1
1.63224E+11	5.36709E-4	-1.97044E+0	7.21927E-1	-3.37769E-1
1.63270E+11	1.58102E-3	2.93045E+0	-5.66131E-1	-1.28182E+0
1.63316E+11	5.72222E-4	-1.72144E+0	-7.83176E-1	2.43698E-1
1.63363E+11	4.19738E-4	-3.13646E+0	-2.03992E-1	6.66387E-1
1.63409E+11	1.11823E-3	1.36541E+0	4.58888E-1	1.07650E+0
1.63455E+11	1.32041E-3	2.32039E+0	8.75763E-1	-9.69161E-1
1.63501E+11	3.67103E-4	-3.28957E+0	-5.45575E-1	-4.13773E-1
1.63547E+11	4.60690E-4	-2.33512E+0	-6.84467E-1	3.40009E-1
1.63594E+11	1.36266E-3	2.69238E+0	2.56413E-1	1.33906E+0
1.63640E+11	6.99364E-4	-4.57014E-1	9.39887E-1	-1.29337E-1
1.63686E+11	3.14582E-4	-3.86663E+0	2.96263E-1	-5.68112E-1
1.63733E+11	8.09309E-4	1.28116E-1	-1.79748E-1	-9.98814E-1
1.63779E+11	1.10508E-3	1.40683E+0	-1.00975E+0	6.02465E-1
1.63825E+11	3.34066E-4	-3.83075E+0	4.35679E-1	4.73404E-1
1.63871E+11	3.18314E-4	-3.90186E+0	6.28546E-1	-1.10161E-1
1.63917E+11	1.15660E-3	2.04787E+0	2.50413E-1	-1.24087E+0
1.63964E+11	6.30261E-4	-8.34409E-1	-8.67149E-1	-2.70651E-1
1.64010E+11	2.64136E-4	-4.61107E+0	-3.54540E-1	4.69207E-1
1.64056E+11	6.04291E-4	-9.71049E-1	1.73127E-1	8.77307E-1
1.64103E+11	1.06004E-3	1.24745E+0	8.81510E-1	-7.45437E-1
1.64149E+11	3.56877E-4	-3.51066E+0	-4.82836E-1	-4.60931E-1
1.64195E+11	2.97410E-4	-4.05702E+0	-6.12853E-1	1.31628E-1
1.64241E+11	1.09994E-3	1.60072E+0	-5.46809E-1	1.07083E+0
1.64287E+11	5.62974E-4	-1.46412E+0	7.59644E-1	3.69812E-1
1.64334E+11	2.39040E-4	-5.07862E+0	4.15285E-1	-3.71609E-1
1.64380E+11	5.06255E-4	-1.69823E+0	-4.46493E-2	-8.21197E-1
1.64426E+11	1.30045E-3	2.03240E+0	-1.18986E+0	4.25434E-1
1.64473E+11	3.11591E-4	-4.00633E+0	2.67057E-1	5.71146E-1
1.64519E+11	2.64217E-4	-4.71938E+0	5.57092E-1	1.64269E-1
1.64565E+11	9.58231E-4	6.64763E-1	8.82525E-1	-6.21735E-1
1.64611E+11	8.91446E-4	1.08867E-1	-7.72646E-1	-6.54524E-1
1.64657E+11	2.66806E-4	-5.04016E+0	-3.20181E-1	4.59131E-1
1.64704E+11	4.68643E-4	-2.58181E+0	1.08687E-1	7.34871E-1
1.64750E+11	1.07642E-3	8.28072E-1	1.09319E+0	-1.22490E-1
1.64796E+11	4.68764E-4	-2.66466E+0	-4.99253E-2	-7.34116E-1
1.64843E+11	2.87118E-4	-4.91180E+0	-5.15162E-1	-2.39423E-1
1.64889E+11	9.19989E-4	2.39637E-2	-9.07796E-1	4.25958E-1
1.64935E+11	7.74983E-4	-7.06824E-1	5.14586E-1	7.64855E-1
1.64981E+11	2.62519E-4	-5.40584E+0	4.60573E-1	-2.75478E-1
1.65027E+11	4.19965E-4	-3.47637E+0	6.80742E-2	-6.66698E-1
1.65074E+11	1.27441E-3	1.19196E+0	-1.13713E+0	-1.50822E-1
1.65120E+11	5.10506E-4	-2.47775E+0	-2.69567E-1	7.01828E-1
1.65166E+11	3.35444E-4	-4.37719E+0	4.35365E-1	4.18864E-1
1.65213E+11	9.13631E-4	-2.95790E-1	9.56667E-1	-1.37649E-1
1.65259E+11	1.00184E-3	2.83318E-1	-4.40247E-1	-9.34662E-1
1.65305E+11	3.53247E-4	-4.28752E+0	-5.94579E-1	1.38134E-1
1.65351E+11	4.31456E-4	-3.59593E+0	-2.50748E-1	6.11597E-1
1.65397E+11	1.17595E-3	6.91763E-1	7.59324E-1	7.72074E-1
1.65444E+11	6.29845E-4	-1.75194E+0	5.40669E-1	-6.12961E-1
1.65490E+11	2.87540E-4	-5.31655E+0	-3.01478E-1	-4.50677E-1
1.65536E+11	7.32782E-4	-1.37956E+0	-8.48022E-1	9.33413E-2
1.65583E+11	1.01169E-3	2.58937E-1	3.04395E-1	9.84266E-1
1.65629E+11	3.53990E-4	-4.31830E+0	5.60226E-1	-2.36897E-1
1.65675E+11	3.54827E-4	-4.33765E+0	1.81850E-1	-5.79015E-1
1.65721E+11	9.55568E-4	-8.97457E-2	-7.02155E-1	-6.97514E-1
1.65767E+11	6.73373E-4	-1.40544E+0	-7.21399E-1	4.50680E-1
1.65814E+11	3.21583E-4	-4.70574E+0	2.25407E-1	5.36273E-1
1.65860E+11	7.16619E-4	-1.24120E+0	8.62271E-1	8.89094E-2
1.65906E+11	8.28879E-4	-5.36089E-1	-1.26380E-1	-9.31614E-1
1.65953E+11	6.19572E-4	-2.24978E+0	-7.63468E-1	1.13177E-1
1.65999E+11	4.84913E-4	-3.60548E+0	-1.68355E-1	6.38453E-1
1.66045E+11	1.17502E-3	3.92745E-1	8.03120E-1	6.70557E-1
1.66091E+11	7.71854E-4	-1.60733E+0	6.55929E-1	-5.10316E-1
1.66137E+11	4.91549E-4	-4.00185E+0	-3.43012E-1	-5.29416E-1
1.66184E+11	8.54326E-4	-1.88423E+0	-8.04865E-1	1.39903E-2
1.66230E+11	1.47710E-3	5.39082E-1	6.14792E-3	1.06401E+0
1.66276E+11	8.94995E-4	-1.98897E+0	7.94665E-1	3.27080E-2
1.66323E+11	5.51479E-4	-4.16565E+0	2.12005E-1	-5.81603E-1
1.66369E+11	1.15408E-3	-9.19947E-1	-6.58177E-1	-6.13114E-1
1.66415E+11	1.38964E-3	-2.95779E-1	-6.61756E-1	7.04443E-1
1.66461E+11	6.82509E-4	-3.77224E+0	4.87959E-1	4.25955E-1
1.66507E+11	9.71977E-4	-2.15017E+0	7.27173E-1	-2.84135E-1
1.66554E+11	1.34852E-3	-6.93520E-1	-1.76258E-1	-9.06279E-1
1.66600E+11	1.52047E-3	-2.53321E-1	-9.59499E-1	1.50667E-1
1.66646E+11	6.62502E-4	-3.71070E+0	-4.89163E-2	6.50490E-1
1.66693E+11	1.30435E-3	-6.98637E-1	8.01083E-1	4.57899E-1
1.66739E+11	1.47863E-3	-4.12116E-1	7.25601E-1	-6.18848E-1
1.66785E+11	1.03464E-3	-2.04017E+0	-6.54609E-1	-4.43436E-1
1.66831E+11	1.00856E-3	-2.03352E+0	-6.94264E-1	3.79611E-1
1.66877E+11	1.32618E-3	-8.03434E-1	3.72760E-1	8.31959E-1
1.66924E+11	1.92064E-3	5.70537E-1	1.03576E+0	-2.59972E-1
1.66970E+11	8.04835E-4	-2.98315E+0	-1.77286E-1	-6.86808E-1
1.67016E+11	1.23312E-3	-9.01236E-1	-8.95575E-1	-1.02684E-1
1.67063E+11	1.20424E-3	-9.92817E-1	-2.56767E-1	8.54233E-1
1.67109E+11	1.04963E-3	-1.43268E+0	8.37444E-1	1.33015E-1
1.67155E+11	7.77903E-4	-2.56603E+0	4.57123E-1	-5.87277E-1
1.67201E+11	1.18298E-3	-6.67927E-1	-4.56672E-1	-8.05542E-1
1.67247E+11	1.53540E-3	6.55922E-1	-1.01232E+0	3.71819E-1
1.67294E+11	6.34137E-4	-2.95020E+0	2.28743E-1	6.74273E-1
1.67340E+11	9.62717E-4	-1.02204E+0	8.88027E-1	4.14320E-2
1.67386E+11	1.29816E-3	1.87542E-1	4.24013E-1	-9.29700E-1
1.67433E+11	1.25044E-3	2.90075E-1	-1.03087E+0	-7.99240E-2
1.67479E+11	6.94916E-4	-2.07872E+0	-3.07752E-1	7.24508E-1
1.67525E+11	8.75869E-4	-1.08418E+0	7.04504E-1	5.31746E-1
1.67571E+11	2.13843E-3	2.84381E+0	1.14443E+0	-7.84259E-1
1.67617E+11	8.05463E-4	-9.47491E-1	-6.60128E-1	-6.06812E-1
1.67664E+11	8.48917E-4	-5.74716E-1	-8.70219E-1	3.44628E-1
1.67710E+11	8.42414E-4	-6.31962E-1	-1.63084E-1	9.15413E-1
1.67756E+11	1.53757E-3	2.49723E+0	1.31986E+0	-1.87401E-1
1.67803E+11	5.78900E-4	-1.53548E+0	7.17524E-2	-8.34888E-1
1.67849E+11	7.25413E-4	-5.00049E-1	-8.67218E-1	-3.73060E-1
1.67895E+11	1.31996E-3	2.48633E+0	-9.26419E-1	9.56263E-1
1.67941E+11	6.91807E-4	4.98942E-2	9.36575E-1	3.66582E-1
1.67987E+11	5.77289E-4	-6.13110E-1	6.14021E-1	-7.00940E-1
1.68034E+11	6.32525E-4	-5.54521E-2	-4.20571E-1	-9.00240E-1
1.68080E+11	1.05010E-3	2.81758E+0	-1.15149E+0	7.66325E-1
1.68126E+11	4.09480E-4	-1.05108E+0	3.25041E-1	8.24250E-1
1.68173E+11	4.84240E-4	-3.70802E-2	9.95537E-1	-2.01102E-2
1.68219E+11	9.68298E-4	3.44127E+0	5.28714E-1	-1.38893E+0
1.68265E+11	5.71832E-4	1.54120E+0	-1.19118E+0	-8.41761E-2
1.68311E+11	4.13275E-4	1.15160E-1	-4.32291E-1	9.16513E-1
1.68357E+11	3.96157E-4	1.93475E-1	5.83303E-1	8.39830E-1
1.68404E+11	9.78238E-4	4.49980E+0	1.09190E+0	-1.27515E+0
1.68450E+11	3.15573E-4	-5.84651E-1	-7.32023E-1	-5.81541E-1
1.68496E+11	3.18757E-4	-6.24014E-1	-8.09782E-1	4.58710E-1
1.68543E+11	5.98196E-4	2.58206E+0	-1.64430E-2	1.34608E+0
1.68589E+11	5.25612E-4	2.02672E+0	1.11699E+0	-5.89071E-1
1.68635E+11	2.45715E-4	-1.22080E+0	-1.51485E-2	-8.68748E-1
1.68681E+11	2.32434E-4	-1.20884E+0	-7.47658E-1	-4.45020E-1
1.68727E+11	7.22860E-4	3.92865E+0	-8.88429E-1	1.29678E+0
1.68774E+11	2.63191E-4	-6.21668E-1	8.42888E-1	3.95182E-1
1.68820E+11	2.38992E-4	-7.09413E-1	6.88851E-1	-6.12192E-1
1.68866E+11	3.88534E-4	1.73759E+0	-3.03426E-1	-1.18317E+0
1.68913E+11	4.40136E-4	2.21270E+0	-9.78988E-1	8.40255E-1
1.68959E+11	1.92113E-4	-1.32122E+0	4.59190E-1	7.25839E-1
1.69005E+11	1.96364E-4	-9.70516E-1	8.72003E-1	-1.98366E-1
1.69051E+11	5.48391E-4	3.44764E+0	-1.92638E-1	-1.47471E+0
1.69097E+11	2.28351E-4	-4.63748E-1	-9.06551E-1	2.77286E-1
1.69144E+11	1.72096E-4	-1.38847E+0	-1.74581E-1	8.34196E-1
1.69190E+11	2.92161E-4	9.54187E-1	7.01815E-1	8.67854E-1
1.69236E+11	4.34451E-4	2.48827E+0	7.13915E-1	-1.12419E+0
1.69283E+11	1.38353E-4	-2.38345E+0	-5.27846E-1	-5.46824E-1
1.69329E+11	1.41189E-4	-2.11822E+0	-7.31701E-1	2.80407E-1
1.69375E+11	5.01158E-4	3.34063E+0	3.46298E-1	1.42763E+0
1.69421E+11	2.22289E-4	-2.01292E-1	7.56360E-1	-6.18569E-1
1.69467E+11	1.28956E-4	-2.35535E+0	-2.05843E-1	-7.34177E-1
1.69514E+11	2.10535E-4	-6.61930E-2	-9.56503E-1	-2.64532E-1
1.69560E+11	4.62098E-4	2.92374E+0	-5.56165E-2	1.39909E+0
1.69606E+11	1.14728E-4	-2.12259E+0	7.65185E-1	1.67000E-1
1.69653E+11	1.25622E-4	-2.18617E+0	5.45881E-1	-5.53621E-1
1.69699E+11	3.57804E-4	2.12939E+0	-6.16894E-1	-1.11905E+0
1.69745E+11	2.18320E-4	9.17841E-2	-6.52794E-1	7.71505E-1
1.69791E+11	1.26031E-4	-2.12590E+0	4.02217E-1	6.71677E-1
1.69837E+11	2.07992E-4	-1.02413E-1	9.86240E-1	-6.34457E-2
1.69884E+11	3.27554E-4	2.52345E+0	-6.07075E-1	-1.19137E+0
1.69930E+11	1.07682E-4	-3.05058E+0	-6.47604E-1	2.75669E-1
1.69976E+11	1.45220E-4	-2.00965E+0	-9.22266E-2	7.88068E-1
1.70023E+11	4.17794E-4	2.12992E+0	1.12236E+0	6.11001E-1
1.70069E+11	2.09474E-4	-8.28896E-1	9.94605E-2	-9.03524E-1
1.70115E+11	1.26321E-4	-3.28931E+0	-5.31325E-1	-4.31951E-1
1.70161E+11	2.20347E-4	-1.25919E+0	-8.59166E-1	1.00712E-1
1.70207E+11	5.49270E-4	2.60892E+0	4.16031E-1	1.28466E+0
1.70254E+11	9.92045E-5	-4.60613E+0	5.52966E-1	-2.01188E-1
1.70300E+11	1.34139E-4	-3.49411E+0	1.51431E-1	-6.51428E-1
1.70346E+11	3.53135E-4	3.76810E-1	-8.19564E-1	-6.47266E-1
1.70393E+11	2.70120E-4	-6.15814E-1	-1.64967E-1	9.16834E-1
1.70439E+11	1.01342E-4	-5.04823E+0	4.64599E-1	3.11261E-1
1.70485E+11	2.04012E-4	-1.90703E+0	7.97734E-1	-9.07184E-2
1.70531E+11	5.21075E-4	3.30479E+0	1.18230E-1	-1.45820E+0
1.70577E+11	1.30592E-4	4.92764E-1	-1.02253E+0	-2.73110E-1
1.70624E+11	1.41970E-4	7.76544E+0	-2.27889E+0	8.85714E-1
1.70670E+11	4.05613E-4	2.56346E+1	-7.18648E+0	1.77296E+1
1.70716E+11	3.35999E-4	4.81727E+1	2.31840E+2	1.09109E+2
1.70763E+11	1.29423E-4	6.57176E+1	1.70139E+3	-9.14155E+2
1.70809E+11	2.31687E-4	8.69272E+1	9.40923E+3	-2.01077E+4
1.70855E+11	5.96628E-4	9.61288E+1	6.30393E+4	-1.12689E+4
1.70901E+11	1.57834E-4	8.20782E+1	5.90302E+3	1.12482E+4
1.70947E+11	1.60426E-4	7.09871E+1	-3.08180E+3	1.74771E+3
1.70994E+11	3.76407E-4	4.23140E+1	-8.00728E+1	1.03080E+2
1.71040E+11	4.01438E-4	1.12847E+1	3.60784E+0	6.52508E-1
1.71086E+11	1.01366E-4	-4.22718E+0	1.19899E-1	-6.02861E-1
1.71133E+11	2.01518E-4	-3.09087E+0	-5.51568E-1	-4.31953E-1
1.71179E+11	6.63790E-4	1.92290E+0	-5.33220E-1	1.12813E+0
1.71225E+11	1.89785E-4	-3.76391E+0	6.19914E-1	-1.89882E-1
1.71271E+11	1.45506E-4	-5.24055E+0	1.61345E-2	-5.46743E-1
1.71317E+11	3.56549E-4	-1.26720E+0	-8.45519E-1	-1.78960E-1
1.71364E+11	6.84756E-4	1.43170E+0	3.80394E-1	1.11615E+0
1.71410E+11	1.29148E-4	-5.99158E+0	4.82461E-1	-1.37505E-1
1.71456E+11	2.38778E-4	-3.29408E+0	4.86525E-1	-4.81317E-1
1.71503E+11	5.80644E-4	1.00048E+0	-5.06711E-1	-1.00115E+0
1.71549E+11	3.49350E-4	-1.16180E+0	-7.96557E-1	3.61631E-1
1.71595E+11	1.25798E-4	-5.34257E+0	-2.50239E-1	4.79189E-1
1.71641E+11	4.04326E-4	-3.40967E-1	8.66700E-2	9.57591E-1
1.71687E+11	7.21903E-4	1.76120E+0	1.21136E+0	-1.80838E-1
1.71734E+11	1.91317E-4	-4.52951E+0	-4.79248E-2	-5.91704E-1
1.71780E+11	2.55069E-4	-3.62909E+0	-5.10574E-1	-4.15832E-1
1.71826E+11	7.72031E-4	1.07190E+0	-8.29890E-1	7.68911E-1
1.71873E+11	3.45358E-4	-2.89283E+0	6.78179E-1	2.31908E-1
1.71919E+11	1.62740E-4	-6.24616E+0	3.68216E-1	-3.19005E-1
1.71965E+11	4.20391E-4	-2.10768E+0	-7.90855E-3	-7.84502E-1
1.72011E+11	1.08907E-3	1.78513E+0	-1.20758E+0	2.23926E-1
1.72057E+11	1.51689E-4	-6.81417E+0	8.48532E-2	4.48385E-1
1.72104E+11	2.33022E-4	-4.86695E+0	4.27452E-1	3.78617E-1
1.72150E+11	6.51602E-4	-4.48303E-1	7.82176E-1	-5.38632E-1
1.72196E+11	5.69588E-4	-1.35653E+0	-8.01385E-1	-2.99173E-1
1.72243E+11	9.63231E-5	-8.98661E+0	-3.23913E-1	1.46157E-1
1.72289E+11	3.91239E-4	-2.74230E+0	-1.33602E-1	7.16922E-1
1.72335E+11	9.88079E-4	1.04989E+0	1.12048E+0	1.34146E-1
1.72381E+11	2.31488E-4	-5.36197E+0	-2.14186E-1	-4.95039E-1
1.72427E+11	2.36248E-4	-5.31185E+0	-4.53561E-1	-2.97657E-1
1.72474E+11	7.14357E-4	-5.30706E-1	-6.21788E-1	7.05940E-1
1.72520E+11	6.39032E-4	-1.20758E+0	7.66682E-1	4.11648E-1
1.72566E+11	1.20634E-4	-8.37738E+0	1.41916E-1	-3.53778E-1
1.72613E+11	4.29508E-4	-2.93523E+0	-1.12363E-1	-7.04338E-1
1.72659E+11	9.57959E-4	3.46121E-1	-1.02593E+0	1.74439E-1
1.72705E+11	2.79051E-4	-4.92123E+0	1.27073E-1	5.53053E-1
1.72751E+11	2.29501E-4	-5.66121E+0	4.63929E-1	2.37355E-1
1.72797E+11	6.15795E-4	-1.03259E+0	3.72350E-1	-8.06068E-1
1.72844E+11	5.89405E-4	-1.63658E+0	-8.06356E-1	1.89258E-1
1.72890E+11	1.34580E-4	-7.89117E+0	-2.73862E-3	4.03118E-1
1.72936E+11	4.05188E-4	-3.08030E+0	5.69845E-1	4.09001E-1
1.72983E+11	1.08726E-3	1.03975E+0	6.63065E-1	-9.11508E-1
1.73029E+11	1.98859E-4	-5.61660E+0	-5.16648E-1	-8.62950E-2
1.73075E+11	1.16746E-4	-5.90693E+0	-4.57231E-1	2.18104E-1
1.73121E+11	4.69671E-4	-1.70891E+0	1.92507E-1	7.98522E-1
1.73167E+11	9.94909E-4	1.20147E+0	1.03811E+0	-4.90942E-1
1.73214E+11	9.92316E-5	-8.86929E+0	-9.75636E-2	-3.46728E-1
1.73260E+11	3.62802E-4	-3.37005E+0	-6.15285E-1	-2.85789E-1
1.73306E+11	6.50519E-4	-7.57891E-1	-3.12319E-1	8.61583E-1
1.73353E+11	4.16657E-4	-2.34322E+0	7.40736E-1	-1.85264E-1
1.73399E+11	1.31548E-4	-7.23615E+0	2.64558E-1	-3.44929E-1
1.73445E+11	4.49641E-4	-1.79937E+0	-5.57677E-1	-5.91428E-1
1.73491E+11	5.08120E-4	-1.06783E+0	-6.16567E-1	6.33927E-1
1.73537E+11	1.78748E-4	-5.49800E+0	4.15597E-1	3.30525E-1
1.73584E+11	2.99864E-4	-3.18356E+0	6.92749E-1	-2.33431E-2
1.73630E+11	6.33885E-4	7.04499E-2	-1.37830E-2	-1.00805E+0
1.73676E+11	2.76133E-4	-3.14897E+0	-6.56641E-1	2.30456E-1
1.73723E+11	1.01584E-4	-7.46255E+0	1.42358E-2	4.23279E-1
1.73769E+11	3.47645E-4	-2.16488E+0	7.51554E-1	2.06441E-1
1.73815E+11	5.41567E-4	7.94598E-2	-4.19678E-2	-1.00832E+0
1.73861E+11	1.59721E-4	-5.14675E+0	-5.50379E-1	-5.29516E-2
1.73907E+11	2.39613E-4	-3.33340E+0	-4.04086E-1	5.48513E-1
1.73954E+11	3.66381E-4	-1.13321E+0	6.03241E-1	6.37522E-1
1.74000E+11	2.45486E-4	-2.52085E+0	2.23358E-1	-7.13974E-1
