Position	Channel 1	Channel 2	Channel 3	Channel 4
1.00000E+11	1.92743E-13	-3.36928E+1	1.59994E-2	1.30883E-2
1.00046E+11	1.18924E-12	-2.37653E+1	-3.76922E-3	6.47141E-2
1.00093E+11	6.08455E-13	-2.34002E+1	3.28084E-2	5.91120E-2
1.00139E+11	4.04738E-13	-2.65728E+1	7.87147E-3	-4.62554E-2
1.00185E+11	9.52124E-13	-2.12370E+1	8.65588E-2	-5.38534E-3
1.00231E+11	1.69870E-12	-1.82895E+1	-1.09194E-1	5.38854E-2
1.00278E+11	6.31155E-12	-1.65819E+1	6.64684E-2	1.32480E-1
1.00324E+11	9.45705E-12	-1.14956E+1	2.30883E-1	-1.32512E-1
1.00370E+11	8.44685E-12	-1.23004E+1	9.44100E-2	-2.23530E-1
1.00416E+11	3.98201E-11	-6.60043E+0	-4.42663E-1	-1.51008E-1
1.00463E+11	5.46979E-11	-5.92813E+0	-1.98397E-1	4.64778E-1
1.00509E+11	1.79089E-11	-8.86466E+0	2.93462E-1	2.09183E-1
1.00555E+11	4.30968E-11	-6.92747E+0	4.30436E-1	-1.32708E-1
1.00601E+11	6.74699E-11	-6.83206E+0	-5.75388E-2	-4.51755E-1
1.00648E+11	4.72418E-11	-3.71412E+0	-6.50444E-1	-4.60186E-2
1.00694E+11	5.05019E-11	-6.26960E+0	-7.60771E-2	4.79877E-1
1.00740E+11	9.38163E-11	-6.48089E+0	4.03784E-1	2.48632E-1
1.00786E+11	3.83195E-11	-6.18464E+0	2.53401E-1	-4.20144E-1
1.00833E+11	5.91975E-11	-7.42160E+0	-2.57933E-1	-3.38434E-1
1.00879E+11	6.38327E-11	-9.15296E+0	-3.30489E-1	1.10963E-1
1.00925E+11	6.42948E-11	-4.96810E+0	5.65350E-2	5.61572E-1
1.00971E+11	9.90237E-11	-6.00159E+0	4.99938E-1	3.40504E-2
1.01018E+11	1.71590E-10	-7.60936E+0	1.63569E-1	-3.82950E-1
1.01064E+11	8.35943E-11	-6.07107E+0	-4.36312E-1	-2.38209E-1
1.01110E+11	8.31131E-11	-7.62010E+0	-2.39413E-1	3.40086E-1
1.01156E+11	1.01013E-10	-9.00263E+0	2.13989E-1	2.82887E-1
1.01203E+11	2.22404E-11	-9.34808E+0	2.64017E-1	-2.15618E-1
1.01249E+11	1.12937E-11	-1.24898E+1	-2.77807E-2	-2.35784E-1
1.01295E+11	1.61644E-11	-1.17539E+1	-2.57914E-1	-1.59814E-2
1.01341E+11	2.46421E-13	-2.40767E+1	1.93712E-2	5.94653E-2
1.01388E+11	3.76719E-13	-2.04202E+1	8.19088E-2	4.86698E-2
1.01434E+11	2.08242E-12	-1.47785E+1	2.19968E-2	-1.81090E-1
1.01480E+11	1.21213E-13	-1.97316E+1	6.70643E-2	-7.83578E-2
1.01526E+11	7.33848E-13	-7.77514E+0	3.99367E-1	8.61225E-2
1.01573E+11	5.43930E-13	-8.64474E+0	2.91122E-1	2.27753E-1
1.01619E+11	7.72045E-13	3.55478E+0	-1.11426E+0	1.01270E+0
1.01665E+11	4.52288E-13	-7.47053E+0	4.14278E-1	8.60957E-2
1.01711E+11	3.89276E-13	-5.24667E+0	5.45564E-1	-3.35851E-2
1.01758E+11	1.92592E-12	8.24407E+0	2.42932E+0	-8.79061E-1
1.01804E+11	1.25688E-12	8.96304E-1	8.01924E-1	7.65598E-1
1.01850E+11	2.93019E-13	2.29647E+1	-3.37274E+0	-1.36578E+1
1.01896E+11	1.37308E-12	5.39392E+0	1.86049E+0	-3.30214E-2
1.01943E+11	1.43266E-13	-1.02956E+1	2.21147E-1	-2.10986E-1
1.01989E+11	4.11839E-13	2.42553E-1	8.79604E-1	-5.32668E-1
1.02035E+11	7.87256E-13	6.22666E+0	-1.94914E+0	6.28674E-1
1.02081E+11	1.88513E-12	4.67248E-1	7.28945E-1	-7.63038E-1
1.02128E+11	1.27780E-12	4.95647E+0	6.06382E-1	1.66224E+0
1.02174E+11	7.50733E-13	-5.47120E+0	-5.31500E-1	3.49447E-2
1.02220E+11	1.18097E-12	6.32740E-1	3.00965E-1	1.03260E+0
1.02266E+11	8.84227E-14	-3.74190E+0	-1.05378E-1	-6.41389E-1
1.02313E+11	1.66858E-12	1.19063E+1	3.90215E+0	-5.32872E-1
1.02359E+11	4.02184E-13	3.27503E+0	1.44516E+0	1.92929E-1
1.02405E+11	2.39606E-12	8.23655E+0	-1.49395E+0	2.10496E+0
1.02451E+11	1.18435E-12	1.11448E+1	2.57005E+0	2.53196E+0
1.02498E+11	2.59728E-12	2.16578E+0	-3.55295E-2	-1.28269E+0
1.02544E+11	2.35329E-12	4.57163E+0	-1.38115E+0	9.78614E-1
1.02590E+11	1.18885E-12	7.89993E+0	-1.02932E+0	-2.25972E+0
1.02636E+11	1.26192E-13	-1.21555E+1	-2.45578E-1	-2.38286E-2
1.02683E+11	6.79050E-13	-6.92958E-1	9.12406E-1	-1.41545E-1
1.02729E+11	3.80892E-13	9.25927E+0	2.72511E+0	1.00286E+0
1.02775E+11	3.66195E-13	2.44787E+0	-1.14796E+0	-6.62758E-1
1.02821E+11	1.97351E-12	2.59096E+0	1.02772E-1	-1.34364E+0
1.02868E+11	5.26910E-13	-1.30752E+0	-5.56522E-1	-6.55982E-1
1.02914E+11	8.14085E-13	1.72191E+1	1.75744E+0	7.04443E+0
1.02960E+11	2.78509E-13	-8.35428E+0	3.80411E-1	-3.68974E-2
1.03006E+11	3.57565E-12	6.97761E-1	2.33827E-1	-1.05812E+0
1.03053E+11	3.64696E-13	-8.80388E+0	-5.80844E-2	3.58238E-1
1.03099E+11	1.44667E-12	1.41021E+0	1.04528E+0	5.39459E-1
1.03145E+11	7.14221E-13	-3.84589E+0	1.58118E-1	6.22484E-1
1.03191E+11	8.14582E-13	-8.72451E+0	2.35767E-1	2.80270E-1
1.03238E+11	4.81241E-13	-9.18719E-1	-8.56568E-1	-2.75002E-1
1.03284E+11	1.12273E-12	-5.49226E+0	-2.43991E-2	5.30797E-1
1.03330E+11	2.15231E-12	2.79289E+0	-4.66972E-1	-1.29780E+0
1.03376E+11	7.58851E-13	-4.76125E+0	-2.58284E-1	-5.17096E-1
1.03423E+11	2.11233E-12	-3.44796E+0	-1.74643E-1	-6.49283E-1
1.03469E+11	4.10652E-13	4.82701E+0	5.56698E-1	-1.65193E+0
1.03515E+11	1.19224E-12	-4.13866E+0	6.16736E-1	-7.23462E-2
1.03561E+11	1.10054E-12	4.77778E-1	1.05532E+0	5.08741E-2
1.03608E+11	5.63177E-14	-1.71022E+1	1.01987E-1	-9.53270E-2
1.03654E+11	7.37920E-13	7.44713E-1	9.41908E-1	5.47600E-1
1.03700E+11	4.76841E-12	1.05082E+1	-3.29283E+0	6.31359E-1
1.03746E+11	1.23749E-12	-5.26400E+0	-3.90540E-1	-3.80862E-1
1.03793E+11	9.03863E-13	-5.17491E+0	5.34673E-1	-1.33676E-1
1.03839E+11	3.08084E-13	-8.04336E+0	2.17118E-1	3.31323E-1
1.03885E+11	2.55588E-12	3.65218E+0	1.47113E+0	-3.92862E-1
1.03931E+11	2.72373E-13	-8.01903E+0	3.25075E-1	2.28304E-1
1.03978E+11	5.25216E-13	-8.43270E+0	5.92916E-2	3.74091E-1
1.04024E+11	2.32555E-12	-2.95818E+0	6.14669E-1	-3.58077E-1
1.04070E+11	3.61118E-13	-2.10998E+0	-2.29945E-1	-7.49870E-1
1.04116E+11	1.50000E-12	-1.46104E+0	-7.42134E-1	-4.04430E-1
1.04163E+11	2.04223E-13	-7.42971E+0	-4.14507E-1	9.44118E-2
1.04209E+11	1.84715E-12	-5.53076E+0	5.13355E-1	1.27734E-1
1.04255E+11	5.85983E-13	-7.84422E-1	8.75356E-1	-2.61735E-1
1.04301E+11	4.00269E-13	-3.61059E+0	3.07321E-1	5.83958E-1
1.04348E+11	1.10524E-12	3.29529E+0	1.36783E+0	5.14486E-1
1.04394E+11	1.36880E-13	-9.19339E+0	-2.41796E-1	-2.48886E-1
1.04440E+11	1.94469E-12	3.30329E+0	3.24130E-1	1.42637E+0
1.04486E+11	3.68457E-13	-9.85367E+0	3.19489E-1	3.67941E-2
1.04533E+11	3.09449E-12	5.64975E+0	1.38155E+0	1.32813E+0
1.04579E+11	1.58818E-12	-1.64432E+0	8.27071E-1	2.75599E-2
1.04625E+11	2.99515E-12	8.76672E+0	1.58989E+0	-2.23609E+0
1.04671E+11	7.06469E-13	6.55124E+0	-8.15736E-1	1.96327E+0
1.04718E+11	6.68098E-14	-1.26086E+1	-1.12331E-1	-2.05491E-1
1.04764E+11	2.95430E-14	-2.10360E+1	2.31645E-2	-8.56808E-2
1.04810E+11	1.15632E-12	-5.32283E+0	-1.80641E-1	5.10825E-1
1.04856E+11	5.55652E-13	-4.72714E+0	2.75960E-2	-5.79630E-1
1.04903E+11	5.37264E-14	-1.83700E+1	3.10554E-2	1.16576E-1
1.04949E+11	6.43896E-13	-5.81206E+0	4.90039E-1	-1.48860E-1
1.04995E+11	7.82031E-13	5.70092E-1	4.02315E-1	-9.89150E-1
1.05041E+11	8.57832E-13	1.06260E+0	-8.48748E-1	-7.46211E-1
1.05088E+11	4.18306E-12	1.05233E+1	-2.45115E+0	-2.29618E+0
1.05134E+11	2.50153E-13	5.75846E+0	-1.88371E+0	-4.66199E-1
1.05180E+11	5.03823E-13	-1.37289E+0	6.73290E-1	5.25027E-1
1.05226E+11	7.56182E-13	-3.76613E+0	4.80569E-1	4.34956E-1
1.05273E+11	1.51979E-12	2.24357E+0	-7.14113E-1	1.07998E+0
1.05319E+11	2.81466E-13	-7.97029E+0	3.68058E-1	1.55276E-1
1.05365E+11	2.76367E-12	1.66801E+0	-6.91301E-1	-9.95166E-1
1.05411E+11	7.36585E-13	-1.14903E+0	7.36865E-1	-4.73882E-1
1.05458E+11	6.14435E-15	-1.77177E+1	-7.12589E-2	1.08792E-1
1.05504E+11	1.54078E-13	-1.29457E+1	-1.67647E-1	1.50480E-1
1.05550E+11	6.06862E-13	6.92140E+0	-2.11271E+0	6.77078E-1
1.05596E+11	1.84358E-12	3.88629E+0	9.08598E-1	1.27335E+0
1.05643E+11	7.16010E-13	2.73709E+0	1.35342E+0	-2.15205E-1
1.05689E+11	8.53779E-13	1.38860E+0	9.65743E-2	1.16938E+0
1.05735E+11	3.99388E-13	-3.40091E+0	6.55488E-1	1.65311E-1
1.05781E+11	6.05116E-13	2.27085E+0	7.85498E-1	1.03435E+0
1.05828E+11	4.49144E-13	4.01918E+0	-6.05564E-1	1.46843E+0
1.05874E+11	1.22265E-12	4.13645E+0	1.60817E+0	7.65259E-2
1.05920E+11	1.14745E-13	-1.20800E+1	-9.58528E-2	-2.29686E-1
1.05966E+11	3.53345E-13	-5.85975E+0	-2.69267E-1	4.32352E-1
1.06012E+11	3.02546E-12	5.39589E+0	-1.82623E+0	-3.59108E-1
1.06059E+11	2.83540E-13	-1.32285E+1	1.94527E-1	-9.85361E-2
1.06105E+11	5.77614E-13	-3.20916E+0	-5.31784E-1	-4.41392E-1
1.06151E+11	1.49123E-13	-1.13944E+1	-8.01162E-2	-2.57134E-1
1.06197E+11	1.15119E-13	-1.92579E+1	3.19288E-2	-1.04135E-1
1.06244E+11	1.10907E-13	-4.94255E+1	3.32290E-3	6.10567E-4
1.06290E+11	7.08988E-14	-6.32587E+1	1.40429E-4	-6.72669E-4
1.06336E+11	6.94031E-13	-6.98303E+1	3.01369E-4	1.14721E-4
1.06382E+11	1.91903E-12	-7.57419E+1	1.53130E-4	-5.66393E-5
1.06429E+11	9.51868E-13	-7.90347E+1	9.20155E-5	-6.34216E-5
1.06475E+11	1.97857E-13	-8.77801E+1	-2.38446E-5	3.31457E-5
1.06521E+11	1.41490E-12	-8.42396E+1	-5.81871E-5	-1.95351E-5
1.06567E+11	6.35755E-13	-8.64049E+1	-2.37804E-5	4.15066E-5
1.06614E+11	2.06171E-14	-1.01104E+2	8.69666E-6	-1.38424E-6
1.06660E+11	4.61847E-13	-9.12609E+1	-9.35890E-6	-2.56987E-5
1.06706E+11	3.66507E-12	-8.16927E+1	7.90647E-5	-2.28258E-5
1.06752E+11	1.25686E-12	-8.55720E+1	9.30118E-6	-5.18218E-5
1.06799E+11	9.86084E-13	-8.90628E+1	-8.27318E-6	3.42404E-5
1.06845E+11	3.44248E-13	-9.34596E+1	1.72647E-5	-1.23609E-5
1.06891E+11	3.92221E-13	-9.14278E+1	2.64582E-5	4.44656E-6
1.06937E+11	1.19323E-12	-8.68995E+1	4.29798E-5	1.39539E-5
1.06984E+11	1.09998E-11	-7.86412E+1	5.20415E-5	-1.04715E-4
1.07030E+11	9.76518E-11	-6.72121E+1	-4.12619E-4	-1.40574E-4
1.07076E+11	6.80932E-9	-4.96742E+1	-1.78159E-3	2.75769E-3
1.07122E+11	8.67025E-7	-3.19006E+1	1.79254E-2	1.80069E-2
1.07169E+11	1.85401E-6	-2.50041E+1	4.91593E-2	-2.72515E-2
1.07215E+11	2.74372E-6	-2.33914E+1	-1.58860E-2	-6.57839E-2
1.07261E+11	7.25186E-6	-2.13653E+1	-8.51359E-2	7.37776E-3
1.07307E+11	2.04185E-6	-2.07280E+1	-2.84434E-2	8.74511E-2
1.07354E+11	1.52421E-6	-2.11883E+1	6.84520E-2	5.40423E-2
1.07400E+11	2.43123E-6	-2.21244E+1	6.68590E-2	-4.07582E-2
1.07446E+11	5.74179E-7	-2.07005E+1	-3.36477E-2	-8.58962E-2
1.07492E+11	8.78509E-7	-1.73725E+1	-1.31156E-1	3.33277E-2
1.07539E+11	4.87357E-6	-1.31437E+1	-5.04216E-2	2.14347E-1
1.07585E+11	2.77071E-6	-9.50933E+0	2.61704E-1	2.08500E-1
1.07631E+11	3.31664E-6	-6.89116E+0	3.75624E-1	-2.51985E-1
1.07677E+11	1.30238E-5	-5.66326E+0	-1.60600E-1	-4.95628E-1
1.07724E+11	4.33088E-6	-5.11617E+0	-5.54775E-1	-1.02931E-2
1.07770E+11	3.53857E-6	-3.90784E+0	-1.27296E-1	6.24853E-1
1.07816E+11	1.18836E-5	-3.50351E+0	6.14440E-1	2.62272E-1
1.07862E+11	7.24460E-6	-3.17227E+0	3.68117E-1	-5.88376E-1
1.07909E+11	5.13046E-6	-2.56549E+0	-5.35076E-1	-5.17319E-1
1.07955E+11	1.19951E-5	-2.67675E+0	-5.92414E-1	4.34695E-1
1.08001E+11	8.22150E-6	-3.24455E+0	2.29489E-1	6.48907E-1
1.08047E+11	4.32666E-6	-2.82459E+0	7.13917E-1	-1.10307E-1
1.08094E+11	7.80941E-6	-2.82378E+0	-4.84269E-2	-7.20830E-1
1.08140E+11	1.01893E-5	-3.56960E+0	-6.60832E-1	-5.37008E-2
1.08186E+11	3.97911E-6	-3.96432E+0	-1.58480E-1	6.13413E-1
1.08232E+11	6.42754E-6	-3.63457E+0	5.98346E-1	2.73930E-1
1.08279E+11	1.61301E-5	-4.72617E+0	3.45872E-1	-4.66027E-1
1.08325E+11	9.13807E-6	-4.70400E+0	-3.24088E-1	-4.83218E-1
1.08371E+11	1.51208E-5	-4.96218E+0	-5.02217E-1	2.58401E-1
1.08417E+11	5.24513E-5	-5.41859E+0	1.78224E-1	5.05378E-1
1.08464E+11	3.02733E-5	-5.95241E+0	5.03225E-1	-2.68505E-2
1.08510E+11	3.48499E-5	-5.05475E+0	1.09406E-1	-5.47993E-1
1.08556E+11	7.25825E-5	-5.70215E+0	-4.75733E-1	-2.06636E-1
1.08602E+11	4.80862E-5	-6.94646E+0	-2.99358E-1	3.35240E-1
1.08649E+11	3.81882E-5	-6.38669E+0	2.55854E-1	4.05375E-1
1.08695E+11	7.38298E-5	-6.50045E+0	4.13209E-1	-2.30450E-1
1.08741E+11	5.86486E-5	-7.51175E+0	-1.57137E-1	-3.90712E-1
1.08787E+11	3.42961E-5	-8.50627E+0	-3.75172E-1	1.72135E-2
1.08834E+11	6.63155E-5	-7.01960E+0	-1.08172E-1	4.32350E-1
1.08880E+11	7.27752E-5	-7.55761E+0	3.87314E-1	1.59601E-1
1.08926E+11	5.45132E-5	-8.16897E+0	2.45856E-1	-3.03309E-1
1.08972E+11	8.20955E-5	-6.53781E+0	-2.86097E-1	-3.74273E-1
1.09019E+11	1.13541E-4	-6.48102E+0	-3.87273E-1	2.73629E-1
1.09065E+11	9.84100E-5	-6.79914E+0	1.90153E-1	4.15708E-1
1.09111E+11	9.14543E-5	-6.27315E+0	4.82124E-1	-5.85966E-2
1.09157E+11	1.24558E-4	-5.20680E+0	2.68084E-2	-5.48456E-1
1.09204E+11	1.42341E-4	-6.43598E+0	-4.61338E-1	-1.19850E-1
1.09250E+11	9.78729E-5	-7.01403E+0	-1.92917E-1	4.02077E-1
1.09296E+11	1.02812E-4	-6.02160E+0	3.81113E-1	3.23567E-1
1.09342E+11	1.91203E-4	-6.56363E+0	3.02834E-1	-3.59038E-1
1.09389E+11	9.86923E-5	-7.42040E+0	-2.49715E-1	-3.44615E-1
1.09435E+11	6.98922E-5	-7.35014E+0	-4.02421E-1	1.48756E-1
1.09481E+11	1.97285E-4	-6.25821E+0	9.43124E-2	4.77279E-1
1.09527E+11	1.14135E-4	-7.51157E+0	4.20731E-1	-1.84537E-2
1.09574E+11	7.40868E-5	-7.49931E+0	7.38499E-2	-4.15214E-1
1.09620E+11	1.69181E-4	-6.94749E+0	-3.94543E-1	-2.15149E-1
1.09666E+11	2.17926E-4	-6.50158E+0	-2.54775E-1	3.98598E-1
1.09712E+11	1.22026E-4	-6.44942E+0	3.31748E-1	3.41231E-1
1.09759E+11	2.20637E-4	-6.64451E+0	3.84002E-1	-2.62846E-1
1.09805E+11	4.47343E-4	-6.29764E+0	-1.72309E-1	-4.52615E-1
1.09851E+11	2.02027E-4	-6.02385E+0	-4.76436E-1	1.51068E-1
1.09897E+11	3.13040E-4	-5.90957E+0	5.72988E-2	5.03180E-1
1.09944E+11	7.06055E-4	-6.12091E+0	4.89262E-1	7.01019E-2
1.09990E+11	3.06060E-4	-6.10819E+0	1.28187E-1	-4.78097E-1
1.10036E+11	3.42555E-4	-5.85930E+0	-4.41786E-1	-2.53545E-1
1.10082E+11	7.63837E-4	-6.20829E+0	-3.46570E-1	3.45420E-1
1.10129E+11	4.06773E-4	-5.87098E+0	2.39849E-1	4.48593E-1
1.10175E+11	3.30234E-4	-6.02890E+0	4.63692E-1	-1.85776E-1
1.10221E+11	9.01141E-4	-5.61893E+0	-1.04549E-1	-5.13122E-1
1.10267E+11	4.68607E-4	-6.13132E+0	-4.93650E-1	4.13347E-3
1.10314E+11	3.54206E-4	-5.26197E+0	-6.66227E-2	5.41551E-1
1.10360E+11	8.00111E-4	-5.74866E+0	4.75314E-1	2.00577E-1
1.10406E+11	4.97930E-4	-6.60347E+0	2.86027E-1	-3.69851E-1
1.10452E+11	3.16158E-4	-6.37969E+0	-2.34828E-1	-4.18349E-1
1.10499E+11	7.00736E-4	-5.44800E+0	-4.99794E-1	1.88251E-1
1.10545E+11	6.90509E-4	-5.71741E+0	8.32535E-2	5.11024E-1
1.10591E+11	2.39787E-4	-6.86002E+0	4.52741E-1	3.29753E-2
1.10637E+11	4.21715E-4	-5.41576E+0	2.51457E-1	-4.73421E-1
1.10684E+11	7.17517E-4	-5.32117E+0	-3.83934E-1	-3.82466E-1
1.10730E+11	2.72066E-4	-6.05201E+0	-4.45732E-1	2.22533E-1
1.10776E+11	3.87685E-4	-5.33471E+0	5.97193E-2	5.37778E-1
1.10822E+11	1.30493E-3	-2.84080E+0	7.20385E-1	3.07493E-2
1.10869E+11	3.78017E-4	-4.63827E+0	1.05022E-1	-5.76771E-1
1.10915E+11	3.72799E-4	-4.48660E+0	-4.88661E-1	-3.42228E-1
1.10961E+11	1.39284E-3	-1.73957E+0	-7.00478E-1	4.23418E-1
1.11007E+11	4.73368E-4	-3.05858E+0	1.23727E-1	6.92217E-1
1.11054E+11	4.10566E-4	-2.75195E+0	7.20888E-1	1.04720E-1
1.11100E+11	1.15049E-3	-8.63801E-1	4.36388E-1	-7.93221E-1
1.11146E+11	7.43854E-4	-9.80231E-2	-8.15265E-1	-5.59487E-1
1.11192E+11	5.34868E-4	-3.55152E-1	-7.31028E-1	6.22155E-1
1.11239E+11	9.66501E-4	7.04292E-1	3.39460E-1	1.02996E+0
1.11285E+11	1.09969E-3	2.65927E+0	1.35156E+0	1.34126E-1
1.11331E+11	6.81409E-4	3.32764E+0	4.91885E-1	-1.38190E+0
1.11377E+11	9.25116E-4	4.34535E+0	-1.34774E+0	-9.50467E-1
1.11424E+11	1.15363E-3	4.45936E+0	-1.30901E+0	1.03857E+0
1.11470E+11	8.49026E-4	6.70800E+0	1.02570E+0	1.90628E+0
1.11516E+11	6.88252E-4	6.04727E+0	1.95577E+0	-4.46765E-1
1.11562E+11	1.27468E-3	5.81757E+0	2.98807E-1	-1.93081E+0
1.11609E+11	8.42745E-4	6.83051E+0	-1.89210E+0	-1.11356E+0
1.11655E+11	6.83614E-4	7.95502E+0	-1.58253E+0	1.93395E+0
1.11701E+11	1.59758E-3	6.55863E+0	1.54094E+0	1.46733E+0
1.11747E+11	8.60189E-4	6.90464E+0	1.72315E+0	-1.39060E+0
1.11794E+11	4.27720E-4	7.82273E+0	-1.28568E+0	-2.09863E+0
1.11840E+11	5.48570E-4	6.86154E+0	-2.11611E+0	6.13753E-1
1.11886E+11	6.79907E-4	5.74800E+0	1.57774E-2	1.93814E+0
1.11932E+11	2.49903E-4	8.07892E+0	2.46709E+0	5.82035E-1
1.11979E+11	4.35806E-4	6.21853E+0	5.01495E-1	-1.98369E+0
1.12025E+11	6.23784E-4	5.12094E+0	-1.64501E+0	-7.38583E-1
1.12071E+11	2.11669E-4	6.60584E+0	-1.21537E+0	1.76066E+0
1.12117E+11	2.98342E-4	6.47807E+0	1.35695E+0	1.61339E+0
1.12164E+11	3.78322E-4	5.33805E+0	1.68269E+0	-7.66047E-1
1.12210E+11	2.18529E-4	6.38087E+0	-1.89724E-1	-2.07605E+0
1.12256E+11	1.63194E-4	6.06779E+0	-1.99458E+0	-2.55605E-1
1.12302E+11	2.91784E-4	5.91224E+0	-4.81435E-1	1.91563E+0
1.12349E+11	1.99045E-4	5.66904E+0	1.69798E+0	8.97680E-1
1.12395E+11	8.05393E-5	5.49735E+0	1.14749E+0	-1.49306E+0
1.12441E+11	1.17468E-4	4.93895E+0	-6.62661E-1	-1.63677E+0
1.12487E+11	1.77969E-4	4.68633E+0	-1.69674E+0	2.50987E-1
1.12534E+11	4.80067E-5	4.36971E+0	2.25255E-2	1.65366E+0
1.12580E+11	6.37041E-5	2.99962E+0	1.38796E+0	2.61992E-1
1.12626E+11	2.41379E-4	1.09233E+0	4.33236E-1	-1.04799E+0
1.12672E+11	4.63942E-5	1.39214E+0	-1.01030E+0	-5.97644E-1
1.12719E+11	4.79293E-5	4.05811E-1	-7.60226E-1	7.21112E-1
1.12765E+11	2.24244E-4	-2.29778E+0	2.79020E-1	7.15047E-1
1.12811E+11	4.09126E-5	-2.87280E+0	7.17121E-1	-4.26656E-2
1.12857E+11	3.93464E-5	-3.86262E+0	2.89261E-2	-6.40363E-1
1.12904E+11	2.00179E-4	-5.36791E+0	-5.37742E-1	-3.70881E-2
1.12950E+11	5.46380E-5	-6.42059E+0	-1.41689E-1	4.55990E-1
1.12996E+11	3.64163E-5	-8.44837E+0	3.33520E-1	1.78066E-1
1.13042E+11	2.19525E-4	-7.50207E+0	2.31068E-1	-3.52634E-1
1.13089E+11	9.13793E-5	-9.67465E+0	-1.86815E-1	-2.69961E-1
1.13135E+11	5.69748E-5	-1.03788E+1	-2.62057E-1	1.51572E-1
1.13181E+11	2.05067E-4	-9.38052E+0	1.65661E-1	2.96459E-1
1.13227E+11	2.05481E-4	-1.00490E+1	2.76445E-1	-1.49853E-1
1.13274E+11	1.19480E-4	-9.66234E+0	-1.00948E-1	-3.12881E-1
1.13320E+11	3.39966E-4	-8.35551E+0	-3.63060E-1	1.19247E-1
1.13366E+11	5.62547E-4	-7.53843E+0	6.19062E-2	4.15246E-1
1.13412E+11	2.45665E-4	-7.49756E+0	4.21189E-1	2.29757E-2
1.13459E+11	4.21978E-4	-5.70926E+0	7.12807E-2	-5.13322E-1
1.13505E+11	1.11587E-3	-4.80755E+0	-5.60459E-1	-1.28228E-1
1.13551E+11	5.29455E-4	-4.35124E+0	-1.40370E-1	5.89469E-1
1.13597E+11	5.36606E-4	-3.60861E+0	5.98701E-1	2.77865E-1
1.13644E+11	1.77726E-3	-2.75679E+0	4.18603E-1	-5.95673E-1
1.13690E+11	1.17185E-3	-1.98659E+0	-5.79013E-1	-5.45575E-1
1.13736E+11	7.51198E-4	-1.99326E+0	-6.26213E-1	4.89687E-1
1.13782E+11	2.14863E-3	-1.53524E+0	4.98029E-1	6.73937E-1
1.13829E+11	1.74249E-3	-1.53349E+0	7.54740E-1	-3.64521E-1
1.13875E+11	8.96674E-4	-1.44409E+0	-3.28114E-1	-7.80679E-1
1.13921E+11	1.61600E-3	-1.33540E+0	-8.49110E-1	1.19602E-1
1.13967E+11	1.75001E-3	-1.18619E+0	-4.49573E-2	8.71190E-1
1.14014E+11	1.12276E-3	-9.33076E-1	8.48666E-1	2.93990E-1
1.14060E+11	1.25582E-3	-1.19859E+0	3.51814E-1	-7.96901E-1
1.14106E+11	1.74503E-3	-1.10863E+0	-7.40505E-1	-4.75770E-1
1.14152E+11	1.20203E-3	-1.35439E+0	-5.51241E-1	6.54383E-1
1.14199E+11	1.03621E-3	-1.00169E+0	5.88318E-1	6.69254E-1
1.14245E+11	1.22257E-3	-1.33781E+0	7.65818E-1	-3.85236E-1
1.14291E+11	1.16715E-3	-1.14806E+0	-1.55056E-1	-8.62358E-1
1.14337E+11	7.00510E-4	-9.71921E-1	-8.93256E-1	-3.96674E-2
1.14384E+11	6.92298E-4	-1.44461E+0	-3.46786E-2	8.46068E-1
1.14430E+11	1.18117E-3	-2.11919E+0	7.64034E-1	1.73577E-1
1.14476E+11	5.41837E-4	-1.42981E+0	3.24539E-1	-7.83680E-1
1.14522E+11	6.25217E-4	-8.46882E-1	-7.88823E-1	-4.47874E-1
1.14569E+11	1.67529E-3	-1.73917E+0	-5.63694E-1	5.93517E-1
1.14615E+11	4.43106E-4	-1.96242E+0	3.58522E-1	7.12673E-1
1.14661E+11	4.46435E-4	-1.29308E+0	8.35523E-1	-2.10699E-1
1.14707E+11	1.71026E-3	-1.41870E+0	-2.54783E-1	-8.10191E-1
1.14754E+11	4.07007E-4	-2.50264E+0	-7.34331E-1	1.50860E-1
1.14800E+11	3.50359E-4	-2.27496E+0	-6.03865E-3	7.69554E-1
1.14846E+11	1.55600E-3	-1.08252E+0	8.66196E-1	1.70535E-1
1.14892E+11	4.96020E-4	-2.13523E+0	3.32712E-1	-7.07755E-1
1.14939E+11	3.10596E-4	-2.07561E+0	-5.52274E-1	-5.61303E-1
1.14985E+11	8.49120E-4	-1.59232E+0	-6.98355E-1	4.53162E-1
1.15031E+11	8.66413E-4	-1.48966E+0	4.64824E-1	7.02546E-1
1.15077E+11	2.98353E-4	-2.73514E+0	6.69903E-1	-2.89713E-1
1.15124E+11	7.21166E-4	-1.95733E+0	-9.16019E-2	-7.92967E-1
1.15170E+11	1.35400E-3	-1.32702E+0	-8.51070E-1	-1.11325E-1
1.15216E+11	3.53931E-4	-2.34119E+0	-2.62271E-1	7.17286E-1
1.15262E+11	4.81554E-4	-2.40349E+0	6.26409E-1	4.27306E-1
1.15309E+11	1.59264E-3	-1.64907E+0	5.53776E-1	-6.14321E-1
1.15355E+11	4.85625E-4	-1.66260E+0	-6.30581E-1	-5.33196E-1
1.15401E+11	3.89930E-4	-2.97143E+0	-5.81813E-1	4.07417E-1
1.15447E+11	1.54800E-3	-2.14268E+0	1.35677E-1	7.69518E-1
1.15494E+11	6.18211E-4	-1.18710E+0	8.66394E-1	1.00974E-1
1.15540E+11	3.85119E-4	-2.20385E+0	2.17529E-1	-7.44787E-1
1.15586E+11	1.22387E-3	-2.30143E+0	-6.86721E-1	-3.42145E-1
1.15632E+11	6.38530E-4	-1.96380E+0	-4.53689E-1	6.56053E-1
1.15679E+11	3.99921E-4	-1.61009E+0	6.92535E-1	4.58934E-1
1.15725E+11	9.70931E-4	-2.20079E+0	5.65589E-1	-5.31562E-1
1.15771E+11	6.70494E-4	-2.06664E+0	-2.64503E-1	-7.42555E-1
1.15817E+11	3.94276E-4	-1.66182E+0	-8.25860E-1	2.78066E-3
1.15864E+11	7.46014E-4	-1.78120E+0	-1.13076E-1	8.06705E-1
1.15910E+11	7.71943E-4	-2.07711E+0	7.42887E-1	2.60715E-1
1.15956E+11	3.64758E-4	-2.26592E+0	4.06570E-1	-6.54357E-1
1.16002E+11	5.32311E-4	-1.73028E+0	-6.30730E-1	-5.23035E-1
1.16049E+11	1.00108E-3	-1.73985E+0	-6.79457E-1	4.56340E-1
1.16095E+11	3.43516E-4	-2.24785E+0	1.98953E-1	7.45906E-1
1.16141E+11	4.12324E-4	-1.67693E+0	8.22236E-1	-6.00992E-2
1.16187E+11	1.24185E-3	-1.30846E+0	-4.83196E-2	-8.58797E-1
1.16234E+11	4.52018E-4	-1.62920E+0	-8.28066E-1	-3.87642E-2
1.16280E+11	3.70594E-4	-2.07621E+0	-2.74308E-1	7.38063E-1
1.16326E+11	1.07206E-3	-9.17836E-1	7.11227E-1	5.51049E-1
1.16372E+11	6.11245E-4	-1.00785E+0	7.44723E-1	-4.88140E-1
1.16419E+11	3.76009E-4	-1.78475E+0	-2.21048E-1	-7.83680E-1
1.16465E+11	6.82406E-4	-1.25473E+0	-8.63871E-1	5.29531E-2
1.16511E+11	9.38629E-4	-6.30270E-1	1.27610E-2	9.29920E-1
1.16557E+11	5.09187E-4	-9.54303E-1	8.94319E-1	5.40677E-2
1.16604E+11	5.15488E-4	-1.96114E+0	3.60722E-1	-7.11694E-1
1.16650E+11	7.97062E-4	-6.58975E-1	-6.15400E-1	-6.93180E-1
1.16696E+11	6.61639E-4	-1.93741E-1	-8.58566E-1	4.68225E-1
1.16742E+11	3.40572E-4	-1.15748E+0	2.90371E-1	8.25667E-1
1.16789E+11	8.32636E-4	-7.92144E-1	9.03375E-1	-1.31086E-1
1.16835E+11	8.61229E-4	5.82151E-2	-7.79472E-2	-1.00370E+0
1.16881E+11	4.63526E-4	8.38640E-2	-1.00942E+0	2.36765E-2
1.16927E+11	6.19984E-4	-7.02940E-1	-3.37136E-1	8.58430E-1
1.16974E+11	1.18407E-3	2.87823E-2	7.41734E-1	6.75633E-1
1.17020E+11	5.22466E-4	7.02567E-1	8.74630E-1	-6.40792E-1
1.17066E+11	6.66674E-4	-1.03895E-1	-5.62986E-1	-8.12039E-1
1.17112E+11	1.38403E-3	1.54912E-1	-9.28957E-1	4.16355E-1
1.17159E+11	6.76827E-4	9.87707E-1	3.58219E-1	1.06162E+0
1.17205E+11	6.14516E-4	7.87257E-1	1.05944E+0	-2.76264E-1
1.17251E+11	1.25185E-3	1.49478E-1	1.24903E-1	-1.00966E+0
1.17297E+11	7.70041E-4	8.40370E-1	-9.92491E-1	-4.77969E-1
1.17344E+11	6.23941E-4	1.89311E+0	-6.78306E-1	1.04224E+0
1.17390E+11	1.43717E-3	9.78081E-1	9.28557E-1	6.24795E-1
1.17436E+11	1.00377E-3	1.32392E+0	8.73388E-1	-7.70458E-1
1.17482E+11	5.63664E-4	1.96512E+0	-6.17421E-1	-1.09133E+0
1.17529E+11	1.41069E-3	2.09358E+0	-1.14526E+0	5.54803E-1
1.17575E+11	1.01718E-3	1.02848E+0	2.02687E-1	1.10731E+0
1.17621E+11	5.82716E-4	1.69215E+0	1.21255E+0	7.84341E-2
1.17667E+11	9.21338E-4	2.46021E+0	9.70024E-2	-1.32388E+0
1.17714E+11	1.53558E-3	2.00553E+0	-1.25965E+0	-1.36266E-2
1.17760E+11	6.50756E-4	1.89290E+0	-2.11724E-1	1.22534E+0
1.17806E+11	6.48745E-4	2.40155E+0	1.25413E+0	4.06906E-1
1.17853E+11	2.14550E-3	2.58818E+0	6.42599E-1	-1.18399E+0
1.17899E+11	7.03373E-4	1.72699E+0	-9.09768E-1	-8.12805E-1
1.17945E+11	5.91561E-4	2.14927E+0	-1.06230E+0	7.15423E-1
1.17991E+11	1.71004E-3	2.48047E+0	7.32890E-1	1.11048E+0
1.18038E+11	1.07092E-3	2.63139E+0	1.13492E+0	-7.38138E-1
1.18084E+11	5.56540E-4	2.11722E+0	-6.21277E-1	-1.11457E+0
1.18130E+11	1.04758E-3	2.11726E+0	-1.18842E+0	4.64675E-1
1.18176E+11	1.34796E-3	2.56533E+0	3.06041E-1	1.30827E+0
1.18223E+11	5.23699E-4	1.81471E+0	1.23160E+0	-4.31426E-2
1.18269E+11	7.46596E-4	1.95995E+0	5.83122E-2	-1.25178E+0
1.18315E+11	1.56809E-3	2.05367E+0	-1.24591E+0	-2.28742E-1
1.18361E+11	5.50101E-4	1.78873E+0	-3.09766E-1	1.18898E+0
1.18408E+11	5.63781E-4	1.56135E+0	1.07164E+0	5.33115E-1
1.18454E+11	1.46835E-3	1.06567E+0	6.67188E-1	-9.12670E-1
1.18500E+11	5.86906E-4	1.44572E+0	-7.21031E-1	-9.35472E-1
1.18546E+11	5.12957E-4	1.34072E+0	-9.84140E-1	6.27007E-1
1.18593E+11	1.31181E-3	1.01737E+0	5.58502E-1	9.75729E-1
1.18639E+11	5.49679E-4	2.31381E-1	9.59123E-1	-3.67159E-1
1.18685E+11	3.70831E-4	6.78861E-1	-2.55655E-1	-1.05063E+0
1.18731E+11	8.28509E-4	4.60735E-1	-1.05375E+0	3.92492E-2
1.18778E+11	5.20899E-4	-6.51601E-1	-1.96564E-1	9.06664E-1
1.18824E+11	2.70923E-4	-7.33744E-1	7.65404E-1	5.08632E-1
1.18870E+11	5.32671E-4	-4.12021E-1	6.57835E-1	-6.90466E-1
1.18916E+11	6.71886E-4	-9.02022E-1	-6.05771E-1	-6.67453E-1
1.18963E+11	2.25240E-4	-2.15016E+0	-7.02357E-1	3.40895E-1
1.19009E+11	3.09101E-4	-1.62316E+0	2.04949E-1	8.03833E-1
1.19055E+11	1.01241E-3	-8.80058E-1	9.03171E-1	-2.92032E-2
1.19101E+11	2.60268E-4	-2.66019E+0	1.14693E-1	-7.27202E-1
1.19148E+11	2.77292E-4	-2.28644E+0	-6.96334E-1	-3.25275E-1
1.19194E+11	4.90003E-4	-2.22355E+0	-3.99844E-1	6.62892E-1
1.19240E+11	3.91100E-4	-1.98162E+0	6.57847E-1	4.48187E-1
1.19286E+11	1.75243E-4	-3.41486E+0	5.20584E-1	-4.29557E-1
1.19333E+11	3.74337E-4	-2.30562E+0	-2.33422E-1	-7.30477E-1
1.19379E+11	5.00273E-4	-2.13942E+0	-7.81673E-1	-3.24969E-3
1.19425E+11	1.75712E-4	-3.31734E+0	-2.03796E-1	6.51412E-1
1.19471E+11	2.42475E-4	-3.47860E+0	5.28892E-1	4.11295E-1
1.19518E+11	5.40143E-4	-2.95075E+0	5.19718E-1	-4.86617E-1
1.19564E+11	2.31623E-4	-2.93924E+0	-4.30222E-1	-5.68469E-1
1.19610E+11	1.94526E-4	-4.11087E+0	-5.80585E-1	2.25818E-1
1.19656E+11	6.58638E-4	-3.33969E+0	-5.79761E-2	6.78320E-1
1.19703E+11	3.36199E-4	-2.61896E+0	6.79102E-1	2.93202E-1
1.19749E+11	1.99652E-4	-3.63732E+0	3.91112E-1	-5.28973E-1
1.19795E+11	4.59482E-4	-4.00839E+0	-3.58741E-1	-5.18308E-1
1.19841E+11	3.90634E-4	-3.64739E+0	-6.15665E-1	2.29641E-1
1.19888E+11	2.64297E-4	-2.78151E+0	1.88418E-1	7.01103E-1
1.19934E+11	3.91339E-4	-4.01561E+0	6.29822E-1	-1.66406E-3
1.19980E+11	5.48979E-4	-3.88739E+0	3.13045E-1	-5.57286E-1
1.20026E+11	3.24853E-4	-2.82225E+0	-4.33929E-1	-5.77782E-1
1.20073E+11	3.83050E-4	-3.14553E+0	-6.16222E-1	3.23945E-1
1.20119E+11	6.80007E-4	-3.82033E+0	1.18633E-1	6.33126E-1
1.20165E+11	3.04640E-4	-3.71497E+0	6.51702E-1	1.99059E-2
1.20211E+11	3.57314E-4	-2.51462E+0	1.01054E-1	-7.41781E-1
1.20258E+11	9.28992E-4	-3.05914E+0	-6.70457E-1	-2.11886E-1
1.20304E+11	3.57026E-4	-3.66835E+0	-4.42204E-1	4.83896E-1
1.20350E+11	3.32120E-4	-2.60332E+0	3.28723E-1	6.64125E-1
1.20396E+11	8.55185E-4	-2.48117E+0	7.05447E-1	-2.59092E-1
1.20443E+11	5.17578E-4	-3.34525E+0	-1.13267E-1	-6.70863E-1
1.20489E+11	3.14514E-4	-3.69881E+0	-6.44839E-1	-1.04305E-1
1.20535E+11	6.73109E-4	-1.99591E+0	-2.42758E-1	7.56717E-1
1.20581E+11	1.05974E-3	-2.58254E+0	6.81736E-1	2.94943E-1
1.20628E+11	4.19593E-4	-3.63712E+0	4.43042E-1	-4.86328E-1
1.20674E+11	5.39672E-4	-2.51128E+0	-3.98929E-1	-6.33828E-1
1.20720E+11	1.87263E-3	-2.11501E+0	-6.72085E-1	4.03447E-1
1.20766E+11	5.43020E-4	-3.54792E+0	2.83942E-1	6.00965E-1
1.20813E+11	3.71790E-4	-4.30391E+0	6.08642E-1	2.74757E-2
1.20859E+11	1.24111E-3	-2.33040E+0	3.14490E-1	-6.97017E-1
1.20905E+11	7.97966E-4	-2.49833E+0	-5.88827E-1	-4.64586E-1
1.20951E+11	3.35606E-4	-4.22163E+0	-5.33948E-1	3.05288E-1
1.20998E+11	6.93266E-4	-2.98665E+0	1.11279E-1	7.00248E-1
1.21044E+11	1.15782E-3	-2.10805E+0	7.78286E-1	-9.86146E-2
1.21090E+11	3.99907E-4	-3.21943E+0	-1.17080E-1	-6.80284E-1
1.21136E+11	4.82535E-4	-4.00949E+0	-6.14679E-1	-1.39314E-1
1.21183E+11	1.52163E-3	-2.23795E+0	-3.97522E-1	6.62792E-1
1.21229E+11	6.34880E-4	-2.19453E+0	5.62657E-1	5.35477E-1
1.21275E+11	4.69141E-4	-3.64352E+0	5.46930E-1	-3.64734E-1
1.21321E+11	1.34802E-3	-2.51871E+0	-1.37700E-1	-7.35502E-1
1.21368E+11	1.04309E-3	-1.50463E+0	-8.32682E-1	1.17614E-1
1.21414E+11	5.51021E-4	-2.56450E+0	7.67132E-2	7.40383E-1
1.21460E+11	1.00959E-3	-2.97264E+0	6.72863E-1	2.27176E-1
1.21506E+11	1.75659E-3	-1.71371E+0	4.84438E-1	-6.62776E-1
1.21553E+11	7.91098E-4	-1.19966E+0	-6.85081E-1	-5.37867E-1
1.21599E+11	1.10935E-3	-2.65757E+0	-4.77701E-1	5.60452E-1
1.21645E+11	2.15412E-3	-2.15501E+0	4.40293E-1	6.44187E-1
1.21691E+11	1.03478E-3	-1.12499E+0	7.92446E-1	-3.79238E-1
1.21738E+11	1.06963E-3	-1.62594E+0	-2.63600E-1	-7.86274E-1
1.21784E+11	1.79227E-3	-2.59612E+0	-7.16451E-1	-1.91648E-1
1.21830E+11	1.22121E-3	-1.85001E+0	-5.21464E-1	6.17417E-1
1.21876E+11	9.36727E-4	-8.02042E-1	6.01435E-1	6.85310E-1
1.21923E+11	1.95067E-3	-2.43710E+0	6.00028E-1	-4.58816E-1
1.21969E+11	1.33647E-3	-2.30190E+0	-3.18685E-1	-6.97872E-1
1.22015E+11	8.02312E-4	-1.24239E+0	-8.32463E-1	2.41277E-1
1.22061E+11	1.66925E-3	-1.23553E+0	1.38315E-1	8.56309E-1
1.22108E+11	1.53932E-3	-2.34761E+0	7.40824E-1	1.83314E-1
1.22154E+11	7.37208E-4	-1.80675E+0	4.77213E-1	-6.57218E-1
1.22200E+11	1.12304E-3	-6.86129E-1	-7.11554E-1	-5.89535E-1
1.22246E+11	2.12967E-3	-1.56835E+0	-5.89083E-1	5.91500E-1
1.22293E+11	8.35459E-4	-1.90219E+0	4.31737E-1	6.77445E-1
1.22339E+11	8.30255E-4	-1.06007E+0	8.58699E-1	-2.14600E-1
1.22385E+11	2.90849E-3	-7.04963E-1	-7.18916E-2	-9.19237E-1
1.22431E+11	1.25901E-3	-1.20545E+0	-8.38114E-1	-2.34929E-1
1.22478E+11	6.92936E-4	-1.67888E+0	-4.58120E-1	6.85204E-1
1.22524E+11	1.96932E-3	-7.47529E-1	7.00773E-1	5.92276E-1
1.22570E+11	1.96123E-3	-9.18392E-1	6.49942E-1	-6.22070E-1
1.22616E+11	7.28649E-4	-1.69689E+0	-4.45998E-1	-6.91125E-1
1.22663E+11	1.09707E-3	-1.31892E+0	-8.32688E-1	2.11468E-1
1.22709E+11	2.26723E-3	-7.42699E-1	-3.22542E-3	9.18042E-1
1.22755E+11	9.51615E-4	-7.20746E-1	9.03028E-1	1.77826E-1
1.22801E+11	9.19068E-4	-1.20344E+0	4.05914E-1	-7.70202E-1
1.22848E+11	2.91859E-3	-7.87376E-1	-7.05624E-1	-5.79896E-1
1.22894E+11	1.49183E-3	-5.03072E-2	-7.45413E-1	6.57908E-1
1.22940E+11	8.98572E-4	-1.05570E+0	4.55538E-1	7.59402E-1
1.22986E+11	2.20064E-3	-1.02726E+0	8.56448E-1	-2.36340E-1
1.23033E+11	1.93672E-3	-2.07814E-1	7.62829E-3	-9.76329E-1
1.23079E+11	1.06233E-3	3.09499E-1	-1.03484E+0	5.44475E-2
1.23125E+11	1.67414E-3	-6.60229E-1	-7.23244E-2	9.23979E-1
1.23171E+11	1.75451E-3	-8.82215E-1	8.38280E-1	3.36826E-1
1.23218E+11	1.17117E-3	7.11768E-1	6.10426E-1	-8.97477E-1
1.23264E+11	1.37741E-3	1.53310E-1	-7.08335E-1	-7.30885E-1
1.23310E+11	1.86604E-3	-8.15857E-1	-8.68881E-1	2.71620E-1
1.23356E+11	1.14287E-3	4.68528E-1	-9.37384E-2	1.05125E+0
1.23403E+11	1.24759E-3	1.14264E+0	1.13327E+0	1.29100E-1
1.23449E+11	2.17836E-3	-4.13235E-1	2.33650E-1	-9.24469E-1
1.23495E+11	1.10422E-3	-5.74629E-1	-8.15806E-1	-4.58832E-1
1.23541E+11	1.01541E-3	8.88658E-1	-6.88755E-1	8.67569E-1
1.23588E+11	2.26419E-3	1.42018E-1	7.87684E-1	6.42492E-1
1.23634E+11	1.25746E-3	-8.72660E-1	7.82000E-1	-4.54356E-1
1.23680E+11	8.27378E-4	-1.79300E-1	-2.66724E-1	-9.42557E-1
1.23726E+11	1.76748E-3	1.04966E+0	-1.09097E+0	2.88443E-1
1.23773E+11	1.38562E-3	-6.14603E-1	1.36485E-1	9.21635E-1
1.23819E+11	6.79038E-4	-6.93739E-1	9.08212E-1	1.65883E-1
1.23865E+11	9.88141E-4	5.83912E-1	5.11494E-1	-9.39299E-1
1.23911E+11	1.91981E-3	2.61417E-1	-8.48956E-1	-5.84222E-1
1.23958E+11	6.77390E-4	-7.96165E-1	-7.41275E-1	5.31987E-1
1.24004E+11	6.55380E-4	-6.24498E-1	2.79992E-1	8.87507E-1
1.24050E+11	2.41829E-3	6.40859E-1	1.02227E+0	-3.37607E-1
1.24096E+11	8.08221E-4	-4.97347E-1	-3.73266E-1	-8.67449E-1
1.24143E+11	5.30635E-4	-1.09994E+0	-8.50982E-1	2.28229E-1
1.24189E+11	1.43939E-3	1.86688E-1	-4.95093E-2	1.02053E+0
1.24235E+11	1.18987E-3	-2.11905E-2	9.74258E-1	2.14370E-1
1.24281E+11	6.27429E-4	-7.04704E-1	4.63940E-1	-7.96854E-1
1.24328E+11	8.49027E-4	-1.03566E+0	-5.13703E-1	-7.23838E-1
1.24374E+11	2.09298E-3	5.19560E-1	-8.74867E-1	6.01408E-1
1.24420E+11	8.51648E-4	1.37721E-1	6.19639E-1	8.05151E-1
1.24466E+11	7.10508E-4	-1.02116E+0	7.41793E-1	-4.90112E-1
1.24513E+11	2.04171E-3	-2.58364E-1	-3.05593E-1	-9.21335E-1
1.24559E+11	1.05881E-3	-1.93228E-2	-9.70647E-1	2.31097E-1
1.24605E+11	8.23364E-4	-3.97144E-1	1.95780E-1	9.35030E-1
1.24651E+11	1.42280E-3	-1.02300E+0	8.88612E-1	2.23810E-2
1.24698E+11	1.31935E-3	-1.04789E-1	1.58230E-1	-9.75255E-1
1.24744E+11	6.82927E-4	-3.16703E-2	-9.83950E-1	-1.56769E-1
1.24790E+11	9.08699E-4	-1.43264E+0	-3.31623E-1	7.80409E-1
1.24836E+11	1.21677E-3	-1.59934E+0	5.71917E-1	6.04026E-1
1.24883E+11	8.86218E-4	-4.80574E-1	8.12443E-1	-4.84956E-1
1.24929E+11	7.90024E-4	-1.58732E+0	-3.81670E-1	-7.40393E-1
1.24975E+11	1.55251E-3	-2.21834E+0	-7.20578E-1	2.84233E-1
1.25021E+11	8.47858E-4	-1.56826E+0	2.08207E-1	8.08428E-1
1.25068E+11	7.04647E-4	-9.81842E-1	8.59504E-1	-2.42713E-1
1.25114E+11	1.33695E-3	-2.50800E+0	-3.92001E-2	-7.48178E-1
1.25160E+11	6.93626E-4	-3.14851E+0	-6.40469E-1	-2.72283E-1
1.25206E+11	3.98117E-4	-2.12451E+0	-4.55407E-1	6.36969E-1
1.25253E+11	7.81977E-4	-2.39951E+0	5.78192E-1	4.91120E-1
1.25299E+11	4.02422E-4	-3.84027E+0	4.80646E-1	-4.26615E-1
1.25345E+11	2.50275E-4	-3.47907E+0	-2.83647E-1	-6.06948E-1
1.25391E+11	4.26025E-4	-2.95178E+0	-6.89646E-1	1.76552E-1
1.25438E+11	6.30834E-4	-3.54752E+0	-1.83414E-2	6.64444E-1
1.25484E+11	2.66309E-4	-4.01915E+0	5.98708E-1	1.94690E-1
1.25530E+11	3.22100E-4	-3.48646E+0	3.26053E-1	-5.84609E-1
1.25576E+11	1.04402E-3	-3.16303E+0	-6.20752E-1	-3.12073E-1
1.25623E+11	4.42927E-4	-4.11413E+0	-3.39223E-1	5.22215E-1
1.25669E+11	2.80325E-4	-4.65699E+0	3.83045E-1	4.42146E-1
1.25715E+11	7.31149E-4	-3.77276E+0	6.13947E-1	-2.06305E-1
1.25761E+11	5.21050E-4	-4.78431E+0	5.46420E-2	-5.73885E-1
1.25808E+11	3.12856E-4	-4.73700E+0	-5.32275E-1	-2.29461E-1
1.25854E+11	4.12553E-4	-4.76522E+0	-3.68151E-1	4.45262E-1
1.25900E+11	9.75540E-4	-4.05463E+0	4.68320E-1	4.16901E-1
1.25946E+11	4.32548E-4	-4.28239E+0	4.47214E-1	-4.15986E-1
1.25993E+11	3.31420E-4	-5.47949E+0	-1.93235E-1	-4.95815E-1
1.26039E+11	9.99871E-4	-4.86093E+0	-5.68655E-1	-5.61254E-2
1.26085E+11	5.59747E-4	-4.43501E+0	-1.56417E-1	5.79393E-1
1.26131E+11	3.07433E-4	-5.34195E+0	5.02897E-1	1.98441E-1
1.26178E+11	6.28685E-4	-5.60853E+0	2.98920E-1	-4.30731E-1
1.26224E+11	6.34862E-4	-5.36784E+0	-3.51736E-1	-4.08446E-1
1.26270E+11	3.32125E-4	-4.98560E+0	-5.13745E-1	2.30963E-1
1.26316E+11	4.35246E-4	-5.96352E+0	-1.05412E-1	4.92134E-1
1.26363E+11	8.67342E-4	-5.18283E+0	3.62727E-1	4.14272E-1
1.26409E+11	3.73736E-4	-4.71390E+0	4.93625E-1	-3.06750E-1
1.26455E+11	3.49834E-4	-5.32634E+0	-3.62322E-1	-4.02566E-1
1.26501E+11	8.94171E-4	-5.96732E+0	-3.83961E-1	3.25054E-1
1.26548E+11	4.90316E-4	-4.45189E+0	3.48592E-1	4.87083E-1
1.26594E+11	3.41792E-4	-4.32742E+0	5.38540E-1	-2.81375E-1
1.26640E+11	8.65336E-4	-5.01786E+0	-3.90975E-2	-5.59823E-1
1.26686E+11	4.70515E-4	-5.03262E+0	-4.95380E-1	-2.61647E-1
1.26733E+11	4.07620E-4	-3.41084E+0	-4.28253E-1	5.22061E-1
1.26779E+11	7.56384E-4	-4.18710E+0	4.48044E-1	4.24944E-1
1.26825E+11	7.68394E-4	-4.97899E+0	4.68013E-1	-3.14206E-1
1.26871E+11	3.62726E-4	-3.95233E+0	-1.54389E-1	-6.15358E-1
1.26918E+11	3.90021E-4	-5.06324E+0	-5.58154E-1	1.09742E-2
1.26964E+11	7.49105E-4	-5.40337E+0	-1.72238E-1	5.08443E-1
1.27010E+11	3.11036E-4	-5.57491E+0	4.05705E-1	3.35295E-1
1.27056E+11	3.22474E-4	-4.30936E+0	4.00561E-1	-4.58570E-1
1.27103E+11	1.01153E-3	-4.48832E+0	-4.10321E-1	-4.32903E-1
1.27149E+11	3.92060E-4	-5.49846E+0	-5.00797E-1	1.76468E-1
1.27195E+11	3.26466E-4	-4.12186E+0	-1.45740E-1	6.04857E-1
1.27241E+11	7.23876E-4	-4.03688E+0	4.70627E-1	4.16234E-1
1.27288E+11	7.58582E-4	-4.48954E+0	5.30269E-1	-2.72916E-1
1.27334E+11	3.23875E-4	-4.18397E+0	-1.67912E-1	-5.94475E-1
1.27380E+11	4.85268E-4	-3.85781E+0	-6.07065E-1	2.06953E-1
1.27426E+11	1.53244E-3	-3.51082E+0	1.94666E-1	6.38496E-1
1.27473E+11	3.53790E-4	-4.11492E+0	6.22191E-1	2.42775E-2
1.27519E+11	3.46655E-4	-3.63411E+0	3.05893E-1	-5.82692E-1
1.27565E+11	1.75246E-3	-3.00312E+0	-5.16624E-1	-4.83660E-1
1.27611E+11	4.75894E-4	-3.32386E+0	-5.19253E-1	4.42209E-1
1.27658E+11	3.55083E-4	-2.63232E+0	5.08243E-1	5.35869E-1
1.27704E+11	9.65743E-4	-2.77116E+0	5.94911E-1	-4.17596E-1
1.27750E+11	7.08855E-4	-3.11474E+0	-2.44454E-1	-6.54493E-1
1.27796E+11	3.66427E-4	-2.26542E+0	-7.61762E-1	-1.15195E-1
1.27843E+11	6.16114E-4	-2.24513E+0	-4.44120E-1	6.31734E-1
1.27889E+11	1.73067E-3	-1.66782E+0	5.19693E-1	6.41117E-1
1.27935E+11	3.78628E-4	-2.08596E+0	5.91524E-1	-5.18354E-1
1.27981E+11	4.52931E-4	-1.79287E+0	-6.50854E-1	-4.88025E-1
1.28028E+11	1.60635E-3	-2.32988E+0	-5.26543E-1	5.54579E-1
1.28074E+11	3.48444E-4	-2.50400E+0	3.74599E-1	6.49230E-1
1.28120E+11	3.21968E-4	-2.14998E+0	7.79416E-1	4.52725E-2
1.28166E+11	1.04507E-3	-2.48849E+0	3.56229E-1	-6.61011E-1
1.28213E+11	5.85702E-4	-1.74610E+0	-5.51957E-1	-6.03562E-1
1.28259E+11	3.83178E-4	-1.41981E+0	-6.83849E-1	5.03477E-1
1.28305E+11	7.40786E-4	-1.04113E+0	-8.22421E-1	3.32361E-1
1.28351E+11	9.15369E-4	-1.85730E+0	5.17034E-2	8.05829E-1
1.28398E+11	3.00781E-4	-1.75344E+0	7.67638E-1	2.80259E-1
1.28444E+11	4.57291E-4	-1.03591E+0	6.08394E-1	-6.46254E-1
1.28490E+11	1.28836E-3	-1.69911E+0	-5.51688E-1	-6.09804E-1
1.28536E+11	3.26117E-4	-1.58441E+0	-6.54188E-1	5.16097E-1
1.28583E+11	3.57461E-4	-8.88118E-1	5.72990E-1	6.97668E-1
1.28629E+11	1.24589E-3	-6.80236E-1	6.75022E-1	-6.31953E-1
1.28675E+11	4.15372E-4	-1.59814E+0	-2.56592E-1	-7.91384E-1
1.28721E+11	3.02114E-4	-1.03865E+0	-8.51974E-1	-2.47850E-1
1.28768E+11	7.89632E-4	2.60303E-1	-6.57746E-1	7.93183E-1
1.28814E+11	8.16720E-4	-8.86330E-2	7.37022E-1	6.60755E-1
1.28860E+11	3.21500E-4	-4.00375E-1	6.60047E-1	-6.90123E-1
1.28906E+11	5.22264E-4	2.44615E-1	-7.99609E-1	-6.46967E-1
1.28953E+11	1.47900E-3	2.08440E-1	-6.99956E-1	7.47815E-1
1.28999E+11	3.72536E-4	-5.12923E-1	3.44617E-1	8.77406E-1
1.29045E+11	4.04040E-4	-3.58146E-1	9.44951E-1	1.67065E-1
1.29091E+11	1.51938E-3	6.71185E-1	3.30326E-1	-1.02860E+0
1.29138E+11	5.91630E-4	5.82901E-2	-9.78683E-1	-2.35992E-1
1.29184E+11	3.88383E-4	-3.52870E-1	-3.27946E-1	9.02449E-1
1.29230E+11	9.01422E-4	7.55887E-1	9.47272E-1	5.41101E-1
1.29276E+11	1.14128E-3	7.50611E-1	8.31288E-1	-7.05429E-1
1.29323E+11	4.03978E-4	-2.63609E-1	-1.81545E-1	-9.52968E-1
1.29369E+11	6.62504E-4	1.40589E-1	-9.76305E-1	-2.82367E-1
1.29415E+11	1.87541E-3	7.76956E-1	-1.57087E-1	1.08223E+0
1.29461E+11	6.30035E-4	8.60885E-1	1.09364E+0	-1.52283E-1
1.29508E+11	5.11233E-4	-7.14305E-2	-3.04817E-2	-9.91341E-1
1.29554E+11	2.04053E-3	1.13919E+0	-1.11355E+0	-2.44830E-1
1.29600E+11	9.21086E-4	9.61698E-1	-7.17019E-1	8.56595E-1
1.29646E+11	5.73414E-4	6.37051E-1	4.08177E-1	9.95682E-1
1.29692E+11	1.25153E-3	1.12736E+0	1.13724E+0	5.55037E-2
1.29739E+11	1.27224E-3	1.07380E+0	-9.36800E-2	-1.12771E+0
1.29785E+11	6.37922E-4	1.04595E+0	-1.11708E+0	1.56356E-1
1.29831E+11	8.82584E-4	2.04267E-1	-8.36963E-2	1.02037E+0
1.29877E+11	1.98548E-3	1.18236E+0	1.02171E+0	5.18675E-1
1.29924E+11	6.89122E-4	1.21551E+0	8.67425E-1	-7.55345E-1
1.29970E+11	7.12048E-4	8.30518E-1	-5.88305E-1	-9.29860E-1
1.30016E+11	2.23096E-3	1.57990E+0	-1.03488E+0	6.06463E-1
1.30062E+11	1.03708E-3	1.30240E+0	8.21341E-1	8.21648E-1
1.30109E+11	7.17155E-4	7.88021E-1	8.22472E-1	-7.22836E-1
1.30155E+11	1.58435E-3	1.28594E-1	-2.34230E-1	-9.87517E-1
1.30201E+11	1.51777E-3	8.66392E-1	-1.02919E+0	-4.01927E-1
1.30247E+11	7.31234E-4	2.81084E-1	-8.06361E-1	6.45480E-1
1.30294E+11	1.13747E-3	1.19197E-1	5.73610E-1	8.35941E-1
1.30340E+11	2.28030E-3	8.39664E-1	8.66021E-1	-6.80663E-1
1.30386E+11	9.38087E-4	7.10260E-1	-8.92174E-1	-6.17821E-1
1.30432E+11	9.43088E-4	2.98466E-1	-6.68800E-1	7.89840E-1
1.30479E+11	1.98636E-3	-3.64367E-1	3.37942E-1	8.97396E-1
1.30525E+11	1.23679E-3	8.26121E-2	1.00266E+0	1.17770E-1
1.30571E+11	7.97972E-4	-5.39028E-1	4.15011E-1	-8.43234E-1
1.30617E+11	1.71513E-3	-5.41342E-1	-7.80375E-1	-5.23280E-1
1.30664E+11	1.86601E-3	3.71803E-2	-5.49904E-1	8.40359E-1
1.30710E+11	8.18789E-4	-4.66350E-1	7.40699E-1	5.91226E-1
1.30756E+11	1.18818E-3	-8.41496E-1	7.75955E-1	-4.70901E-1
1.30802E+11	2.16045E-3	-5.44438E-1	5.76912E-2	-9.37470E-1
1.30849E+11	9.75478E-4	-7.87951E-1	-8.65155E-1	-2.92543E-1
1.30895E+11	9.09898E-4	-9.99306E-1	-3.47427E-1	8.20823E-1
1.30941E+11	1.88389E-3	-1.71100E+0	7.91398E-1	2.19231E-1
1.30987E+11	1.29800E-3	-8.73098E-1	2.47538E-1	-8.69831E-1
1.31034E+11	8.01065E-4	-1.48233E+0	-7.28927E-1	-4.23671E-1
1.31080E+11	1.79095E-3	-1.65906E+0	-7.11747E-1	4.19407E-1
1.31126E+11	1.80140E-3	-1.42171E+0	-6.98491E-2	8.46135E-1
1.31172E+11	8.77386E-4	-1.30892E+0	8.13310E-1	2.79848E-1
1.31219E+11	1.34410E-3	-1.29998E+0	3.40660E-1	-7.90737E-1
1.31265E+11	1.93362E-3	-1.47913E+0	-7.78889E-1	-3.23557E-1
1.31311E+11	1.01234E-3	-1.40904E+0	-4.85611E-1	6.97933E-1
1.31357E+11	9.20280E-4	-1.76998E+0	4.17820E-1	7.00502E-1
1.31404E+11	2.28186E-3	-2.11590E+0	7.72075E-1	-1.35061E-1
1.31450E+11	1.36136E-3	-1.92458E+0	6.90924E-2	-7.98271E-1
1.31496E+11	8.30204E-4	-2.24497E+0	-7.67284E-1	8.73389E-2
1.31542E+11	2.28153E-3	-1.67212E+0	2.09985E-1	7.97712E-1
1.31589E+11	1.53751E-3	-2.60612E+0	7.34983E-1	-9.25576E-2
1.31635E+11	8.53142E-4	-2.22179E+0	2.19972E-1	-7.42399E-1
1.31681E+11	1.13198E-3	-2.83815E+0	-4.11134E-1	-5.92610E-1
1.31727E+11	2.28126E-3	-2.23613E+0	-7.70350E-1	6.42550E-2
1.31774E+11	9.05456E-4	-2.75001E+0	-2.05937E-1	6.98908E-1
1.31820E+11	9.39150E-4	-2.58236E+0	7.27667E-1	1.49262E-1
1.31866E+11	2.88771E-3	-2.34192E+0	4.54810E-2	-7.62311E-1
1.31912E+11	1.05190E-3	-3.25076E+0	-6.80900E-1	-9.71758E-2
1.31959E+11	7.16125E-4	-3.01579E+0	-3.67134E-1	6.03806E-1
1.32005E+11	1.84705E-3	-2.86450E+0	3.31375E-1	6.38171E-1
1.32051E+11	1.51269E-3	-2.49278E+0	7.49793E-1	-3.29733E-2
1.32097E+11	7.48089E-4	-2.90849E+0	1.30956E-1	-7.03357E-1
1.32144E+11	1.24111E-3	-2.71618E+0	-6.79487E-1	-2.70800E-1
1.32190E+11	2.40780E-3	-2.23807E+0	-4.38576E-1	6.36358E-1
1.32236E+11	8.70091E-4	-2.87908E+0	4.21378E-1	5.81187E-1
1.32282E+11	8.18183E-4	-3.13494E+0	6.82351E-1	-1.42306E-1
1.32329E+11	2.53168E-3	-2.81708E+0	4.89623E-2	-7.21353E-1
1.32375E+11	9.35127E-4	-2.43598E+0	-7.55308E-1	-1.42359E-2
1.32421E+11	7.70928E-4	-2.27405E+0	1.14111E-1	7.61151E-1
1.32467E+11	2.04823E-3	-2.04234E+0	7.85856E-1	-8.52355E-2
1.32514E+11	1.45441E-3	-1.75934E+0	2.57990E-1	-7.74822E-1
1.32560E+11	8.50013E-4	-1.29714E+0	-6.31397E-1	-5.85778E-1
1.32606E+11	1.25645E-3	-2.05789E+0	-7.69058E-1	1.76501E-1
1.32652E+11	2.13847E-3	-1.72830E+0	-9.41819E-2	8.14138E-1
1.32699E+11	7.94798E-4	-1.29599E+0	8.51141E-1	1.32494E-1
1.32745E+11	9.41011E-4	-1.64915E+0	1.01613E-2	-8.27008E-1
1.32791E+11	2.65650E-3	-1.88219E+0	-7.96108E-1	-1.20495E-1
1.32837E+11	7.53178E-4	-2.33114E+0	-3.59327E-1	6.74923E-1
1.32884E+11	7.28965E-4	-1.63548E+0	5.85029E-1	5.86466E-1
1.32930E+11	1.57015E-3	-3.04639E+0	6.40561E-1	-2.92479E-1
1.32976E+11	9.52567E-4	-2.53779E+0	-1.71780E-1	-7.26610E-1
1.33022E+11	6.64394E-4	-2.13969E+0	-7.77861E-1	7.69198E-2
1.33069E+11	1.27221E-3	-2.38090E+0	6.81683E-2	7.57185E-1
1.33115E+11	1.29175E-3	-2.89724E+0	6.53955E-1	2.92456E-1
1.33161E+11	4.48411E-4	-3.17266E+0	5.66801E-1	-4.00487E-1
1.33207E+11	8.21066E-4	-1.79119E+0	-2.25446E-1	-7.81799E-1
1.33254E+11	1.90297E-3	-2.38983E+0	-7.53639E-1	9.38994E-2
1.33300E+11	5.29336E-4	-2.30998E+0	8.44295E-2	7.61816E-1
1.33346E+11	5.57305E-4	-2.22534E+0	7.73064E-1	3.77678E-2
1.33392E+11	1.81333E-3	-1.89739E+0	2.58577E-2	-8.03352E-1
1.33439E+11	6.65237E-4	-2.68851E+0	-6.26056E-1	-3.82764E-1
1.33485E+11	4.03553E-4	-3.04927E+0	-5.86043E-1	3.89983E-1
1.33531E+11	1.17598E-3	-1.60046E+0	2.08250E-1	8.05226E-1
1.33577E+11	8.28168E-4	-3.19818E+0	6.88190E-1	-7.22812E-2
1.33624E+11	4.16114E-4	-2.58570E+0	5.43598E-2	-7.40539E-1
1.33670E+11	6.02803E-4	-2.12560E+0	-7.15005E-1	-3.18965E-1
1.33716E+11	1.74907E-3	-1.51843E+0	-4.25624E-1	7.23735E-1
1.33762E+11	4.39916E-4	-2.22093E+0	4.71324E-1	6.14423E-1
1.33809E+11	4.51500E-4	-2.33712E+0	6.97378E-1	-3.12243E-1
1.33855E+11	1.75603E-3	-1.20149E+0	-2.51854E-1	-8.33599E-1
1.33901E+11	5.18814E-4	-2.16362E+0	-7.02494E-1	3.37831E-1
1.33947E+11	3.59301E-4	-2.40124E+0	1.94524E-1	7.33101E-1
1.33994E+11	6.85338E-4	-2.78047E+0	7.19451E-1	9.77912E-2
1.34040E+11	8.46779E-4	-2.05255E+0	3.33804E-1	-7.15502E-1
1.34086E+11	3.27975E-4	-2.88158E+0	-4.12264E-1	-5.87435E-1
1.34132E+11	4.74503E-4	-3.39794E+0	-6.63446E-1	1.30936E-1
1.34179E+11	1.51381E-3	-1.90728E+0	-6.63249E-2	8.00108E-1
1.34225E+11	4.46809E-4	-1.85927E+0	8.07242E-1	-9.85948E-3
1.34271E+11	4.48084E-4	-2.28084E+0	8.18819E-2	-7.64685E-1
1.34317E+11	1.00848E-3	-2.90931E+0	-6.72423E-1	-2.44153E-1
1.34364E+11	5.73956E-4	-1.84069E+0	-4.30452E-1	6.85013E-1
1.34410E+11	3.73415E-4	-2.66254E+0	4.95179E-1	5.44501E-1
1.34456E+11	6.92162E-4	-3.12054E+0	6.29626E-1	-3.01726E-1
1.34502E+11	7.78695E-4	-2.46838E+0	-5.35919E-2	-7.50718E-1
1.34549E+11	4.38295E-4	-1.35698E+0	-8.54842E-1	-2.98686E-2
1.34595E+11	6.20521E-4	-2.02053E+0	-2.43053E-1	7.54260E-1
1.34641E+11	1.03144E-3	-2.07728E+0	6.19910E-1	4.85326E-1
1.34687E+11	4.76256E-4	-1.10713E+0	7.04826E-1	-5.27441E-1
1.34734E+11	4.55280E-4	-2.07904E+0	-4.58118E-1	-6.40083E-1
1.34780E+11	7.80410E-4	-2.59023E+0	-6.97255E-1	2.54192E-1
1.34826E+11	5.78607E-4	-1.92340E+0	1.07938E-1	7.94062E-1
1.34872E+11	4.80084E-4	-6.75913E-1	9.21035E-1	-8.69885E-2
1.34919E+11	7.18963E-4	-1.71782E+0	4.52916E-2	-8.19307E-1
1.34965E+11	8.42984E-4	-2.06743E+0	-7.25512E-1	-3.08008E-1
1.35011E+11	4.74268E-4	-1.40282E+0	-5.76957E-1	6.25370E-1
1.35057E+11	7.04466E-4	-1.01685E+0	5.85397E-1	6.69748E-1
1.35104E+11	8.77943E-4	-2.30304E+0	7.03257E-1	-3.06370E-1
1.35150E+11	5.05252E-4	-1.91532E+0	-4.38664E-2	-8.00910E-1
1.35196E+11	5.55294E-4	-6.75363E-1	-9.15598E-1	-1.32892E-1
1.35242E+11	1.19618E-3	-1.73122E+0	-2.36266E-1	7.84486E-1
1.35289E+11	5.95347E-4	-2.11918E+0	7.10467E-1	3.30327E-1
1.35335E+11	4.55223E-4	-1.56786E+0	5.33585E-1	-6.42072E-1
1.35381E+11	1.07659E-3	-1.18387E+0	-7.36539E-1	-4.67878E-1
1.35427E+11	8.11108E-4	-1.95619E+0	-5.48249E-1	5.80325E-1
1.35474E+11	4.52918E-4	-2.31730E+0	4.42268E-1	6.25222E-1
1.35520E+11	6.91979E-4	-9.87957E-1	8.67228E-1	-2.10832E-1
1.35566E+11	9.33017E-4	-2.46330E+0	2.24825E-2	-7.52734E-1
1.35612E+11	5.96940E-4	-2.01116E+0	-6.99806E-1	-3.73643E-1
1.35659E+11	5.19875E-4	-1.77343E+0	-5.99150E-1	5.52962E-1
1.35705E+11	1.86959E-3	-1.25980E-2	7.68335E-1	6.37781E-1
1.35751E+11	8.95517E-4	-9.59489E-1	5.97958E-1	-6.66497E-1
1.35797E+11	5.90498E-4	-7.55239E-1	-6.85772E-1	-6.08357E-1
1.35844E+11	1.06286E-3	-7.75660E-2	-8.03925E-1	5.79658E-1
1.35890E+11	1.36909E-3	-4.81021E-1	4.21169E-1	8.47214E-1
1.35936E+11	7.85796E-4	-6.43942E-1	9.27627E-1	-4.12858E-2
1.35982E+11	7.77197E-4	-1.22792E+0	2.88458E-1	-8.18846E-1
1.36029E+11	1.89078E-3	-5.33748E-2	-8.79311E-1	-4.63246E-1
1.36075E+11	9.15883E-4	-1.21023E+0	-5.58360E-1	6.67104E-1
1.36121E+11	6.69426E-4	-1.84931E+0	5.22470E-1	6.16652E-1
1.36167E+11	1.61177E-3	-1.52458E+0	7.95672E-1	-2.66189E-1
1.36214E+11	1.12646E-3	-1.88039E+0	-8.55037E-2	-8.00790E-1
1.36260E+11	8.30675E-4	-1.24567E+0	-8.61273E-1	-9.40841E-2
1.36306E+11	1.01777E-3	-2.20189E+0	-1.66595E-1	7.57987E-1
1.36352E+11	1.67374E-3	-5.74100E-1	9.02486E-1	2.48379E-1
1.36399E+11	9.04521E-4	-1.62517E+0	3.45772E-1	-7.53840E-1
1.36445E+11	9.60613E-4	-1.23447E+0	-6.86234E-1	-5.30720E-1
1.36491E+11	1.82264E-3	-1.19456E+0	-7.93987E-1	3.59323E-1
1.36537E+11	1.10701E-3	-6.82577E-1	1.15386E-1	9.17194E-1
1.36584E+11	1.02834E-3	2.21318E-1	1.00770E+0	1.91897E-1
1.36630E+11	1.70548E-3	-7.33477E-1	3.06664E-1	-8.66348E-1
1.36676E+11	1.46042E-3	-4.59022E-3	-8.45600E-1	-5.32827E-1
1.36722E+11	9.01627E-4	-3.83927E-1	-5.75148E-1	7.64589E-1
1.36769E+11	1.51972E-3	4.54551E-2	6.77817E-1	7.42351E-1
1.36815E+11	1.63776E-3	-6.42681E-1	8.63511E-1	-3.41751E-1
1.36861E+11	1.03395E-3	9.38141E-2	-2.35205E-1	-9.83115E-1
1.36907E+11	1.35097E-3	8.01317E-1	-1.08218E+0	1.77520E-1
1.36954E+11	1.88237E-3	8.94210E-3	1.19111E-1	9.93918E-1
1.37000E+11	1.18393E-3	-1.52119E-1	9.70105E-1	1.56447E-1
1.37046E+11	1.08880E-3	-1.63774E-1	5.36047E-1	-8.21977E-1
1.37092E+11	2.11810E-3	-6.51160E-2	-6.55711E-1	-7.45092E-1
1.37139E+11	1.20929E-3	-1.34001E+0	-8.21507E-1	2.44211E-1
1.37185E+11	7.88484E-4	-5.73259E-1	1.29076E-1	9.27191E-1
1.37231E+11	1.52461E-3	4.03585E-1	1.03845E+0	-1.37860E-1
1.37277E+11	1.79420E-3	5.88076E-2	-2.19964E-1	-9.82471E-1
1.37324E+11	7.65673E-4	-6.64194E-1	-9.22704E-1	-8.24765E-2
1.37370E+11	1.00129E-3	-3.76905E-1	-4.04793E-1	8.67765E-1
1.37416E+11	2.90397E-3	3.25715E-1	7.73160E-1	6.92897E-1
1.37462E+11	7.63662E-4	-1.16551E+0	7.54995E-1	-4.41143E-1
1.37509E+11	7.73237E-4	-1.04580E+0	-1.18055E-1	-8.78669E-1
1.37555E+11	2.69822E-3	1.61845E-1	-1.01566E+0	-8.00203E-2
1.37601E+11	1.01192E-3	-5.36765E-1	-2.40095E-1	9.08896E-1
1.37648E+11	6.17793E-4	-1.65432E+0	6.58545E-1	4.99550E-1
1.37694E+11	1.56752E-3	-5.25772E-1	7.59991E-1	-5.55330E-1
1.37740E+11	1.53926E-3	-6.53952E-2	-5.75348E-1	-8.08721E-1
1.37786E+11	6.77334E-4	-1.11253E+0	-6.51469E-1	5.91269E-1
1.37832E+11	1.07366E-3	-1.04975E+0	5.35558E-1	7.06017E-1
1.37879E+11	2.28749E-3	2.53447E-1	9.17923E-1	-4.66381E-1
1.37925E+11	8.31076E-4	-5.70579E-1	-1.79165E-1	-9.19121E-1
1.37971E+11	6.04527E-4	-2.13794E+0	-7.18140E-1	-3.09042E-1
1.38018E+11	1.78854E-3	-9.72233E-1	-7.22517E-1	5.26681E-1
1.38064E+11	1.14946E-3	-1.14248E-2	5.10821E-1	8.58158E-1
1.38110E+11	7.11650E-4	-1.17523E+0	7.44707E-1	-4.56429E-1
1.38156E+11	1.52086E-3	-1.30187E+0	-2.83854E-1	-8.12661E-1
1.38202E+11	1.52665E-3	-1.13600E-1	-9.79839E-1	1.18729E-1
1.38249E+11	8.70124E-4	-1.73674E-1	-6.82295E-2	9.77826E-1
1.38295E+11	9.40362E-4	-1.72746E+0	7.52136E-1	3.25750E-1
1.38341E+11	1.53422E-3	-7.62526E-1	7.16030E-1	-5.71203E-1
1.38388E+11	9.99258E-4	2.86676E-1	-5.89130E-1	-8.49213E-1
1.38434E+11	7.96895E-4	-7.09393E-1	-7.97743E-1	4.61417E-1
1.38480E+11	1.82742E-3	-1.42755E+0	1.50892E-1	8.34917E-1
1.38526E+11	1.02918E-3	-3.41204E-1	9.48861E-1	1.55254E-1
1.38572E+11	7.90324E-4	-4.60739E-1	3.62335E-1	-8.76389E-1
1.38619E+11	1.42527E-3	-1.51076E+0	-7.18528E-1	-4.35789E-1
1.38665E+11	1.10848E-3	-1.00039E+0	-6.76297E-1	5.80414E-1
1.38711E+11	8.28020E-4	5.57166E-2	7.06501E-1	7.16777E-1
1.38758E+11	1.18103E-3	-4.59673E-1	7.23067E-1	-6.13791E-1
1.38804E+11	1.07553E-3	-1.65867E+0	-2.86137E-1	-7.75031E-1
1.38850E+11	9.08368E-4	-4.06043E-1	-9.52996E-1	-5.04174E-2
1.38896E+11	9.05846E-4	-3.65985E-1	-1.96488E-1	9.38389E-1
1.38942E+11	1.42724E-3	-1.07449E+0	8.12795E-1	3.46676E-1
1.38989E+11	1.00183E-3	-1.31458E+0	6.19908E-1	-5.95432E-1
1.39035E+11	7.80292E-4	-1.93627E-1	-6.28884E-1	-7.48933E-1
1.39081E+11	1.62023E-3	-6.27601E-1	-8.35167E-1	4.09807E-1
1.39128E+11	8.49324E-4	-2.24302E+0	9.18233E-2	7.66935E-1
1.39174E+11	8.31941E-4	-4.72673E-1	9.35297E-1	1.48646E-1
1.39220E+11	1.19239E-3	4.92846E-2	1.54154E-1	-9.93805E-1
1.39266E+11	1.51210E-3	-2.42694E-1	-9.68438E-1	-8.81966E-2
1.39312E+11	7.36190E-4	-1.57421E+0	-2.32608E-1	8.01153E-1
1.39359E+11	6.66926E-4	-4.18144E-1	8.77206E-1	3.72450E-1
1.39405E+11	1.37787E-3	-1.20864E+0	6.22711E-1	-6.07702E-1
1.39451E+11	8.46292E-4	-2.05474E+0	-2.69975E-1	-7.41733E-1
1.39498E+11	6.86078E-4	-7.77163E-1	-9.12004E-1	-6.63107E-2
1.39544E+11	1.40206E-3	-5.63110E-1	-1.82371E-1	9.19312E-1
1.39590E+11	1.29596E-3	-9.19262E-1	8.76108E-1	2.04129E-1
1.39636E+11	5.60601E-4	-2.20923E+0	3.66730E-1	-6.83220E-1
1.39682E+11	9.23660E-4	-7.00826E-1	-7.40960E-1	-5.49503E-1
1.39729E+11	1.59448E-3	-1.24630E+0	-6.75856E-1	5.41990E-1
1.39775E+11	6.38005E-4	-1.83626E+0	3.13960E-1	7.46076E-1
1.39821E+11	7.73813E-4	-7.99384E-1	9.11569E-1	-3.03796E-2
1.39868E+11	2.10262E-3	-5.79934E-1	7.20915E-2	-9.32631E-1
1.39914E+11	9.48268E-4	-7.84554E-1	-8.99250E-1	-1.61484E-1
1.39960E+11	4.76145E-4	-2.87412E+0	-3.52540E-1	6.25813E-1
1.40006E+11	1.30843E-3	-8.49117E-1	6.05901E-1	6.74755E-1
1.40052E+11	1.22774E-3	-9.10585E-1	7.88643E-1	-4.34620E-1
1.40099E+11	6.97719E-4	-9.05741E-1	-3.88498E-1	-8.12912E-1
1.40145E+11	1.03854E-3	-3.84904E-1	-9.35235E-1	2.01302E-1
1.40191E+11	1.66395E-3	-2.91587E-1	2.58604E-1	9.31766E-1
1.40238E+11	7.76315E-4	-7.06036E-1	9.10742E-1	-1.43195E-1
1.40284E+11	6.15979E-4	-2.16404E+0	8.52310E-2	-7.74794E-1
1.40330E+11	1.53374E-3	-7.26842E-1	-7.63048E-1	-5.13471E-1
1.40376E+11	1.10638E-3	-6.19172E-1	-7.05455E-1	6.07833E-1
1.40422E+11	7.00102E-4	-7.14783E-1	4.48990E-1	8.04148E-1
1.40469E+11	1.03233E-3	-6.17798E-1	9.12286E-1	-1.87446E-1
1.40515E+11	1.41382E-3	-6.92369E-1	-9.17441E-2	-9.18813E-1
1.40561E+11	6.24926E-4	-8.96882E-1	-8.99266E-1	-6.88098E-2
1.40608E+11	7.70419E-4	-1.73950E+0	-2.78267E-1	7.69759E-1
1.40654E+11	1.80359E-3	-3.85802E-1	7.85943E-1	5.45244E-1
1.40700E+11	8.42767E-4	-3.11087E-1	6.21512E-1	-7.37969E-1
1.40746E+11	8.21338E-4	-7.40196E-1	-6.38259E-1	-6.60244E-1
1.40792E+11	1.33794E-3	-1.13554E+0	-7.94159E-1	3.73139E-1
1.40839E+11	9.70929E-4	-6.96232E-1	2.84163E-1	8.78139E-1
1.40885E+11	7.45264E-4	-6.90235E-1	9.23588E-1	-6.24278E-3
1.40931E+11	7.29699E-4	-2.12216E+0	2.06882E-1	-7.55418E-1
1.40978E+11	1.32929E-3	-8.72028E-1	-7.15034E-1	-5.53903E-1
1.41024E+11	6.78580E-4	-7.72446E-1	-6.51233E-1	6.42615E-1
1.41070E+11	7.16342E-4	-1.24068E+0	5.14098E-1	6.98003E-1
1.41116E+11	1.19314E-3	-2.23364E+0	7.43226E-1	-2.13367E-1
1.41162E+11	8.74430E-4	-7.25400E-1	-1.11227E-1	-9.13128E-1
1.41209E+11	7.15242E-4	-8.19200E-1	-9.07954E-1	-6.09383E-2
1.41255E+11	1.42391E-3	-1.39678E+0	-2.19501E-1	8.22674E-1
1.41301E+11	1.13118E-3	-9.34451E-1	7.87193E-1	4.32129E-1
1.41348E+11	7.81426E-4	-5.35242E-1	5.85324E-1	-7.35828E-1
1.41394E+11	1.21684E-3	-1.35795E+0	-5.27457E-1	-6.73256E-1
1.41440E+11	9.98067E-4	-2.10943E+0	-7.79187E-1	9.01400E-2
1.41486E+11	8.70834E-4	-7.59255E-1	-8.86730E-2	9.11998E-1
1.41532E+11	7.77310E-4	-6.94576E-1	9.02853E-1	1.92506E-1
1.41579E+11	1.61539E-3	-1.44308E+0	2.24905E-1	-8.16519E-1
1.41625E+11	1.15782E-3	-5.75545E-1	-8.51894E-1	-3.87502E-1
1.41671E+11	7.77407E-4	-4.56575E-1	-4.26953E-1	8.47301E-1
1.41718E+11	2.07886E-3	-8.82104E-1	7.26899E-1	5.36474E-1
1.41764E+11	9.41644E-4	-2.37544E+0	6.88609E-1	-3.23298E-1
1.41810E+11	7.94545E-4	-6.02881E-1	-2.96039E-2	-9.32475E-1
1.41856E+11	1.44767E-3	-5.71190E-1	-9.15263E-1	-1.97620E-1
1.41902E+11	1.19888E-3	-1.33788E+0	-2.77619E-1	8.11049E-1
1.41949E+11	8.76095E-4	-4.13002E-1	7.44234E-1	5.96155E-1
1.41995E+11	1.01368E-3	9.03138E-2	6.51513E-1	-7.72363E-1
1.42041E+11	2.26474E-3	-4.98792E-1	-6.12484E-1	-7.18583E-1
1.42088E+11	9.51524E-4	-1.51779E+0	-7.87258E-1	2.92022E-1
1.42134E+11	9.42499E-4	-3.65528E-1	1.56514E-2	9.58663E-1
1.42180E+11	2.58690E-3	-1.64638E-1	9.78978E-1	6.63479E-2
1.42226E+11	1.24848E-3	-1.07870E+0	1.75042E-1	-8.65693E-1
1.42272E+11	1.00944E-3	-5.33523E-1	-7.96267E-1	-5.00356E-1
1.42319E+11	1.42677E-3	-1.69853E-1	-6.36768E-1	7.45769E-1
1.42365E+11	1.95601E-3	-8.31585E-1	5.64999E-1	7.11697E-1
1.42411E+11	7.72808E-4	-2.37943E+0	7.24925E-1	-2.29466E-1
1.42458E+11	1.03043E-3	-1.15229E+0	5.38408E-2	-8.74104E-1
1.42504E+11	2.36017E-3	-6.48394E-1	-9.10195E-1	-1.81266E-1
1.42550E+11	1.00097E-3	-1.62538E+0	-2.96211E-1	7.74634E-1
1.42596E+11	7.42544E-4	-1.43915E+0	5.76499E-1	6.20953E-1
1.42642E+11	2.23294E-3	-2.69611E-1	7.55890E-1	-6.06991E-1
1.42689E+11	1.71999E-3	-4.88834E-1	-5.20174E-1	-7.89281E-1
1.42735E+11	7.42760E-4	-2.13413E+0	-7.16173E-1	3.14428E-1
1.42781E+11	1.28933E-3	-1.07210E+0	5.16096E-2	8.82376E-1
1.42828E+11	2.52494E-3	-4.06218E-1	9.48637E-1	1.03893E-1
1.42874E+11	9.44074E-4	-9.36016E-1	3.28449E-1	-8.35607E-1
1.42920E+11	8.67539E-4	-1.95520E+0	-5.40905E-1	-5.87300E-1
1.42966E+11	3.08211E-3	-2.80046E-1	-8.43156E-1	4.76067E-1
1.43012E+11	1.15522E-3	-5.54313E-1	3.97825E-1	8.49653E-1
1.43059E+11	9.16951E-4	-1.34708E+0	8.14062E-1	-2.65744E-1
1.43105E+11	1.78858E-3	-9.75036E-1	-2.04371E-1	-8.70138E-1
1.43151E+11	1.51409E-3	-3.21006E-1	-9.49950E-1	1.62317E-1
1.43198E+11	6.92487E-4	-1.54159E+0	4.19680E-2	8.36323E-1
1.43244E+11	6.67167E-4	-2.16394E+0	6.98276E-1	3.46403E-1
1.43290E+11	2.48828E-3	-7.42459E-1	6.38382E-1	-6.59793E-1
1.43336E+11	8.86356E-4	-6.90717E-1	-5.00482E-1	-7.76194E-1
1.43382E+11	8.71132E-4	-1.61248E+0	-7.81833E-1	2.80327E-1
1.43429E+11	2.65139E-3	-8.25059E-1	1.62618E-2	9.09238E-1
1.43475E+11	1.19743E-3	-2.33414E-1	9.71053E-1	6.87729E-2
1.43521E+11	8.42224E-4	-8.64963E-1	1.39822E-1	-8.94351E-1
1.43568E+11	1.19881E-3	-2.40607E+0	-6.74394E-1	-3.46163E-1
1.43614E+11	1.35117E-3	-8.01274E-1	-5.69381E-1	7.12268E-1
1.43660E+11	8.84438E-4	-4.21400E-1	6.70950E-1	6.76279E-1
1.43706E+11	1.27169E-3	-9.22616E-1	7.32542E-1	-5.21527E-1
1.43752E+11	1.50069E-3	-1.16437E+0	-1.47744E-1	-8.61974E-1
1.43799E+11	8.99257E-4	-3.54150E-1	-9.59719E-1	-2.51121E-2
1.43845E+11	7.86624E-4	-7.87785E-1	-2.06467E-1	8.89650E-1
1.43891E+11	1.38895E-3	-1.53948E+0	7.43183E-1	3.86289E-1
1.43938E+11	1.09292E-3	-5.20032E-1	5.76370E-1	-7.44948E-1
1.43984E+11	8.54466E-4	1.70631E-1	-8.28006E-1	-5.95380E-1
1.44030E+11	1.86191E-3	-4.74381E-1	-5.92852E-1	7.38275E-1
1.44076E+11	1.35581E-3	-5.16209E-1	5.68829E-1	7.51242E-1
1.44122E+11	7.86103E-4	-1.26956E-1	8.99423E-1	-4.02775E-1
1.44169E+11	1.32628E-3	-3.21813E-1	-1.68696E-1	-9.48747E-1
1.44215E+11	1.31996E-3	-1.77711E+0	-8.06171E-1	-1.19473E-1
1.44261E+11	7.44961E-4	-7.62243E-1	-3.69724E-1	8.38052E-1
1.44308E+11	9.98839E-4	-1.68081E-1	8.54071E-1	4.82287E-1
1.44354E+11	1.62385E-3	-1.06992E+0	5.13701E-1	-7.19551E-1
1.44400E+11	8.38085E-4	-7.70951E-1	-5.06597E-1	-7.62040E-1
1.44446E+11	7.87917E-4	-5.81005E-1	-8.61793E-1	3.63448E-1
1.44492E+11	1.29722E-3	-2.03034E-1	1.96913E-1	9.56844E-1
1.44539E+11	9.74789E-4	-1.67928E+0	8.23507E-1	-3.39546E-2
1.44585E+11	6.83796E-4	-7.62817E-1	2.31450E-1	-8.86198E-1
1.44631E+11	9.39679E-4	-1.77128E-1	-9.12589E-1	-3.56674E-1
1.44678E+11	1.91628E-3	-7.28416E-1	-4.47115E-1	8.03539E-1
1.44724E+11	7.59649E-4	-1.17407E+0	5.42687E-1	6.84552E-1
1.44770E+11	7.64358E-4	-7.58743E-1	8.34289E-1	-3.79032E-1
1.44816E+11	2.37953E-3	-4.13522E-1	-1.58714E-1	-9.40205E-1
1.44862E+11	9.86340E-4	-1.16026E+0	-8.69150E-1	-1.00636E-1
1.44909E+11	7.05515E-4	-5.70262E-1	-2.85981E-1	8.91719E-1
1.44955E+11	1.97580E-3	1.21086E-1	8.81314E-1	5.01556E-1
1.45001E+11	1.26367E-3	-4.28298E-1	5.38823E-1	-7.84702E-1
1.45048E+11	8.01692E-4	3.93384E-2	-5.72529E-1	-8.25415E-1
1.45094E+11	1.28695E-3	1.16582E-1	-8.66838E-1	5.25165E-1
1.45140E+11	2.18300E-3	5.45596E-1	3.58629E-1	1.00262E+0
1.45186E+11	7.58836E-4	-6.33659E-1	9.16574E-1	-1.55342E-1
1.45232E+11	9.77272E-4	4.53729E-1	1.79211E-1	-1.03827E+0
1.45279E+11	2.19403E-3	4.55093E-1	-9.18278E-1	-5.16954E-1
1.45325E+11	9.43619E-4	2.33454E-1	-6.42800E-1	8.01270E-1
1.45371E+11	7.57229E-4	-5.98326E-2	4.13798E-1	9.02823E-1
1.45418E+11	1.22430E-3	2.57857E-1	9.21676E-1	-4.60093E-1
1.45464E+11	1.76661E-3	9.23960E-1	-3.37162E-1	-1.05990E+0
1.45510E+11	8.52341E-4	4.08399E-1	-1.00954E+0	2.81840E-1
1.45556E+11	1.04178E-3	8.42864E-1	2.14364E-2	1.10169E+0
1.45602E+11	2.48258E-3	5.19245E-1	1.02409E+0	2.79701E-1
1.45649E+11	8.84133E-4	2.59445E-1	4.89985E-1	-9.06352E-1
1.45695E+11	8.76538E-4	4.64807E-2	-5.88688E-1	-8.14989E-1
1.45741E+11	3.10945E-3	9.73083E-1	-9.75701E-1	5.46950E-1
1.45788E+11	1.26826E-3	9.32900E-1	3.83536E-1	1.04524E+0
1.45834E+11	8.08011E-4	1.01418E-1	9.91467E-1	-2.01546E-1
1.45880E+11	1.63276E-3	8.08015E-1	8.61017E-2	-1.09411E+0
1.45926E+11	1.55543E-3	1.30914E-1	-9.53412E-1	-3.48725E-1
1.45972E+11	7.88138E-4	5.38912E-1	-5.65798E-1	9.01104E-1
1.46019E+11	9.99507E-4	-1.77418E-1	5.42827E-1	8.15665E-1
1.46065E+11	2.31615E-3	9.31582E-1	9.81982E-1	-5.24365E-1
1.46111E+11	1.05080E-3	1.00347E+0	-3.84971E-1	-1.05439E+0
1.46158E+11	8.60218E-4	-1.40251E-1	-9.69950E-1	1.65584E-1
1.46204E+11	2.16459E-3	6.44554E-1	-2.12119E-1	1.05594E+0
1.46250E+11	9.96131E-4	-1.12124E-1	9.16109E-1	3.67774E-1
1.46296E+11	8.56759E-4	6.85055E-1	6.78660E-1	-8.42782E-1
1.46342E+11	1.18328E-3	-5.87561E-1	-5.56322E-1	-7.50978E-1
1.46389E+11	1.69287E-3	1.05479E+0	-1.01479E+0	4.95083E-1
1.46435E+11	8.63595E-4	6.00296E-1	2.99478E-1	1.02886E+0
1.46481E+11	9.73582E-4	1.58587E-2	9.98719E-1	-7.88578E-2
1.46528E+11	1.91481E-3	3.65526E-1	2.95646E-1	-1.00020E+0
1.46574E+11	1.02973E-3	1.02197E+0	-1.04244E+0	-4.22650E-1
1.46620E+11	9.63932E-4	7.76094E-1	-6.51048E-1	8.78522E-1
1.46666E+11	1.49677E-3	4.95224E-1	6.35311E-1	8.46856E-1
1.46712E+11	1.45280E-3	1.23879E+0	1.01118E+0	-5.54607E-1
1.46759E+11	8.03947E-4	5.82902E-1	-3.05553E-1	-1.02483E+0
1.46805E+11	1.17488E-3	-9.73121E-2	-9.88672E-1	1.92537E-2
1.46851E+11	1.64804E-3	5.38952E-1	-5.09866E-1	9.33897E-1
1.46898E+11	9.91127E-4	1.34461E+0	9.78509E-1	6.36719E-1
1.46944E+11	1.15523E-3	1.10994E+0	6.98268E-1	-8.96450E-1
1.46990E+11	1.47078E-3	2.30653E-1	-7.49909E-1	-7.01557E-1
1.47036E+11	1.41073E-3	1.63057E+0	-9.15191E-1	7.86176E-1
1.47082E+11	9.26048E-4	1.07103E+0	6.61434E-1	9.17709E-1
1.47129E+11	1.53625E-3	3.23023E-1	9.90802E-1	-3.09072E-1
1.47175E+11	1.35081E-3	1.94823E-1	3.03801E-1	-9.76517E-1
1.47221E+11	8.92533E-4	1.27994E+0	-1.05629E+0	-4.76432E-1
1.47268E+11	1.02931E-3	3.45074E-1	-6.58531E-1	8.05627E-1
1.47314E+11	1.54736E-3	3.67876E-1	6.56251E-1	8.11007E-1
1.47360E+11	1.01974E-3	1.30997E+0	1.10184E+0	-3.71511E-1
1.47406E+11	9.47680E-4	1.03104E+0	-2.87057E-1	-1.08883E+0
1.47452E+11	1.84887E-3	7.96208E-1	-1.09561E+0	2.91736E-2
1.47499E+11	1.12670E-3	5.42234E-1	-3.37700E-1	1.00943E+0
1.47545E+11	1.00679E-3	1.87221E+0	1.14371E+0	4.80479E-1
1.47591E+11	1.41970E-3	5.61745E-1	5.94626E-1	-8.85722E-1
1.47638E+11	1.06221E-3	-3.46774E-1	-5.41430E-1	-7.93795E-1
1.47684E+11	8.68850E-4	1.09394E+0	-1.12811E+0	1.17541E-1
1.47730E+11	1.25457E-3	1.33348E+0	-6.45970E-2	1.16414E+0
1.47776E+11	1.66401E-3	8.22731E-1	1.05868E+0	2.96272E-1
1.47822E+11	9.80493E-4	5.75104E-1	5.38653E-1	-9.22737E-1
1.47869E+11	9.99713E-4	1.89664E+0	-1.11939E+0	-5.42752E-1
1.47915E+11	1.71161E-3	7.53375E-1	-5.21193E-1	9.58011E-1
1.47961E+11	8.22013E-4	-1.09239E-1	6.28414E-1	7.61746E-1
1.48008E+11	7.38591E-4	1.19621E+0	1.13467E+0	-1.72127E-1
1.48054E+11	1.63363E-3	1.32842E+0	-2.88840E-2	-1.16490E+0
1.48100E+11	1.01305E-3	8.38347E-1	-1.08331E+0	-1.98432E-1
1.48146E+11	5.51159E-4	-4.62119E-1	-3.93540E-1	8.62661E-1
1.48192E+11	9.06532E-4	2.10362E+0	1.13756E+0	5.73686E-1
1.48239E+11	1.49880E-3	7.74134E-1	6.34957E-1	-8.89919E-1
1.48285E+11	5.31005E-4	2.99864E-1	-4.72736E-1	-9.20872E-1
1.48331E+11	5.38592E-4	9.15358E-1	-1.11004E+0	-4.94706E-2
1.48378E+11	1.94051E-3	1.47395E+0	-1.79248E-1	1.17131E+0
1.48424E+11	5.59737E-4	6.47268E-1	1.04423E+0	2.65142E-1
1.48470E+11	4.37750E-4	8.05581E-1	4.75941E-1	-9.88580E-1
1.48516E+11	1.34741E-3	2.19232E+0	-1.15292E+0	-5.72206E-1
1.48562E+11	7.54944E-4	1.02436E+0	-6.32765E-1	9.30384E-1
1.48609E+11	3.31504E-4	1.89610E-1	5.64436E-1	8.52079E-1
1.48655E+11	6.17624E-4	1.43040E+0	1.17626E+0	-8.05575E-2
1.48701E+11	1.34687E-3	1.80397E+0	8.86358E-2	-1.22763E+0
1.48748E+11	3.44100E-4	1.08363E+0	-1.09917E+0	-2.74291E-1
1.48794E+11	3.98183E-4	4.99834E-1	-6.29433E-1	8.51933E-1
1.48840E+11	1.39070E-3	2.05813E+0	8.87576E-1	9.04686E-1
1.48886E+11	4.35935E-4	1.52501E+0	9.99395E-1	-6.49543E-1
1.48932E+11	2.84825E-4	6.48897E-1	-3.34543E-1	-1.02432E+0
1.48979E+11	7.97341E-4	1.68555E+0	-1.21122E+0	8.44642E-2
1.49025E+11	5.51042E-4	1.31869E+0	6.32924E-2	1.16223E+0
1.49071E+11	2.52280E-4	1.09442E+0	1.12135E+0	1.70792E-1
1.49118E+11	3.68665E-4	4.11451E-1	5.98462E-1	-8.60939E-1
1.49164E+11	9.76307E-4	1.46957E+0	-6.86982E-1	-9.64745E-1
1.49210E+11	2.35063E-4	1.03296E+0	-1.04488E+0	4.20412E-1
1.49256E+11	2.71438E-4	3.24696E-1	2.18878E-1	1.01475E+0
1.49302E+11	1.21368E-3	1.92254E+0	1.23122E+0	-2.02399E-1
1.49349E+11	3.21407E-4	1.17280E+0	-2.30948E-1	-1.12102E+0
1.49395E+11	2.52079E-4	1.25701E+0	-1.14642E+0	1.46249E-1
1.49441E+11	5.16808E-4	5.84590E-1	-4.16750E-1	9.85092E-1
1.49488E+11	5.75192E-4	1.69862E+0	9.43221E-1	7.67446E-1
1.49534E+11	2.33656E-4	1.46771E+0	9.83067E-1	-6.60039E-1
1.49580E+11	3.73602E-4	2.00073E-1	-4.04735E-1	-9.39859E-1
1.49626E+11	1.09727E-3	1.84919E+0	-1.21766E+0	2.19323E-1
1.49672E+11	2.69986E-4	1.52985E+0	3.31488E-2	1.19213E+0
1.49719E+11	3.15788E-4	1.01281E+0	1.11209E+0	1.60896E-1
1.49765E+11	6.84624E-4	2.93112E-1	6.67603E-1	-7.90018E-1
1.49811E+11	3.36859E-4	1.06285E+0	-6.41377E-1	-9.30544E-1
1.49858E+11	2.48223E-4	9.98598E-1	-1.01833E+0	4.70657E-1
1.49904E+11	5.63066E-4	6.52361E-2	2.47120E-1	9.76763E-1
1.49950E+11	6.40652E-4	1.37051E+0	1.17070E+0	2.25718E-2
1.49996E+11	2.43890E-4	1.02983E+0	2.76174E-1	-1.09148E+0
1.50042E+11	4.06037E-4	3.29806E-1	-8.93894E-1	-5.29010E-1
1.50089E+11	6.53655E-4	2.05239E-2	-8.92647E-1	4.55981E-1
1.50135E+11	2.95620E-4	1.30347E+0	3.14466E-1	1.11855E+0
1.50181E+11	3.13069E-4	8.67996E-1	1.09291E+0	-1.63676E-1
1.50228E+11	7.02389E-4	-1.86837E-1	1.64214E-1	-9.64845E-1
1.50274E+11	5.42380E-4	1.64421E+0	-1.11273E+0	-4.71233E-1
1.50320E+11	2.65826E-4	5.93056E-1	-6.21224E-1	8.72009E-1
1.50366E+11	5.51242E-4	-2.23614E-1	5.26649E-1	8.20034E-1
1.50412E+11	5.17239E-4	-9.86225E-2	9.66977E-1	-2.06161E-1
1.50459E+11	2.91633E-4	8.43081E-1	-1.37861E-1	-1.09327E+0
1.50505E+11	4.21092E-4	7.18570E-1	-1.08553E+0	3.94945E-2
1.50551E+11	8.68021E-4	7.12660E-2	-3.27097E-1	9.53705E-1
1.50598E+11	3.55627E-4	9.98171E-1	9.50090E-1	5.96426E-1
1.50644E+11	2.85079E-4	5.64066E-1	8.18887E-1	-6.84191E-1
1.50690E+11	7.41236E-4	-1.88767E-1	-3.45109E-1	-9.15623E-1
1.50736E+11	4.26285E-4	7.02021E-1	-1.07658E+0	1.28162E-1
1.50782E+11	2.97404E-4	8.71438E-1	5.43156E-2	1.10420E+0
1.50829E+11	5.18111E-4	5.66578E-2	1.00643E+0	1.51820E-2
1.50875E+11	7.07150E-4	5.97667E-2	2.81955E-1	-9.66622E-1
1.50921E+11	3.07322E-4	1.25243E-1	-9.13007E-1	-4.42353E-1
1.50968E+11	3.84752E-4	-2.59843E-1	-6.39405E-1	7.30127E-1
1.51014E+11	8.36257E-4	-9.93289E-1	3.74719E-1	8.09409E-1
1.51060E+11	3.30563E-4	-6.14802E-1	9.27212E-1	-9.09807E-2
1.51106E+11	3.21765E-4	-9.69692E-2	2.03520E-1	-9.67729E-1
1.51152E+11	6.67216E-4	-1.15782E+0	-7.40352E-1	-4.66755E-1
1.51199E+11	5.51830E-4	-1.23362E-1	-7.50072E-1	6.39833E-1
1.51245E+11	3.22075E-4	-3.69308E-1	4.29229E-1	8.56879E-1
1.51291E+11	5.64702E-4	-3.54825E-1	9.20544E-1	-2.72296E-1
1.51338E+11	8.83973E-4	-6.73557E-1	-5.41485E-2	-9.23799E-1
1.51384E+11	3.48971E-4	-2.21230E-1	-9.72157E-1	-7.24291E-2
1.51430E+11	4.38488E-4	-2.56227E-1	-3.68529E-1	8.98273E-1
1.51476E+11	1.19849E-3	-2.21416E-1	6.54672E-1	7.22287E-1
1.51522E+11	4.80942E-4	3.35439E-1	9.35068E-1	-4.53814E-1
1.51569E+11	3.99561E-4	2.25076E-1	-2.92040E-1	-9.83821E-1
1.51615E+11	7.77488E-4	-2.82478E-1	-9.51900E-1	1.75822E-1
1.51661E+11	8.15901E-4	5.65131E-1	2.10714E-1	1.04622E+0
1.51708E+11	4.10162E-4	4.38642E-1	1.03916E+0	-1.62534E-1
1.51754E+11	6.30713E-4	-1.96726E-1	4.29925E-2	-9.76660E-1
1.51800E+11	1.33734E-3	2.40455E-2	-8.81264E-1	-4.78461E-1
1.51846E+11	4.15855E-4	-1.81062E-1	-6.72239E-1	7.12223E-1
1.51892E+11	4.82377E-4	-2.56502E-1	5.04115E-1	8.29769E-1
1.51939E+11	9.44670E-4	-1.34379E+0	8.19167E-1	-2.50676E-1
1.51985E+11	6.01640E-4	3.72377E-2	-2.69706E-1	-9.67404E-1
1.52031E+11	3.72941E-4	-1.05342E+0	-8.73623E-1	1.46283E-1
1.52078E+11	7.77312E-4	-1.08784E+0	-1.10002E-1	8.75399E-1
1.52124E+11	1.00592E-3	-1.09866E-1	8.89555E-1	4.28616E-1
1.52170E+11	4.30686E-4	-3.54994E-1	5.94532E-1	-7.53686E-1
1.52216E+11	6.02969E-4	-1.21123E+0	-5.38180E-1	-6.83360E-1
1.52262E+11	1.35374E-3	-7.85580E-1	-8.78999E-1	2.48780E-1
1.52309E+11	5.83199E-4	3.65031E-1	2.48278E-1	1.01294E+0
1.52355E+11	5.21173E-4	-2.66747E-1	9.62095E-1	-1.21658E-1
1.52401E+11	9.21532E-4	-1.37315E+0	9.62220E-2	-8.48334E-1
1.52448E+11	8.84704E-4	1.05085E+0	-1.04890E+0	-4.16596E-1
1.52494E+11	5.04289E-4	5.13690E-1	-4.79193E-1	9.46539E-1
1.52540E+11	8.77154E-4	-7.03433E-1	7.42048E-1	5.47568E-1
1.52586E+11	1.26637E-3	2.42494E-1	9.17441E-1	-4.64465E-1
1.52632E+11	5.40233E-4	6.24472E-1	-4.05444E-1	-9.95117E-1
1.52679E+11	6.70968E-4	1.92274E-2	-9.90893E-1	1.50225E-1
1.52725E+11	8.94181E-4	-1.63571E+0	-1.32692E-1	8.17654E-1
1.52771E+11	6.56844E-4	6.93561E-1	1.03095E+0	3.32100E-1
1.52818E+11	5.15352E-4	2.55059E-1	3.00613E-1	-9.84947E-1
1.52864E+11	9.35214E-4	-1.23062E+0	-7.78476E-1	-3.83697E-1
1.52910E+11	9.77520E-4	8.09472E-1	-8.10778E-1	7.39952E-1
1.52956E+11	5.23480E-4	7.67539E-1	6.45362E-1	8.81374E-1
1.53002E+11	8.42383E-4	-5.23472E-1	8.66275E-1	-3.68802E-1
1.53049E+11	8.47470E-4	-9.63398E-1	1.39395E-1	-8.84093E-1
1.53095E+11	5.31529E-4	7.80574E-1	-1.07042E+0	-2.26070E-1
1.53141E+11	6.12415E-4	8.44377E-2	-2.57073E-1	9.76497E-1
1.53188E+11	8.10925E-4	-1.38306E+0	7.59730E-1	3.87398E-1
1.53234E+11	6.53660E-4	1.09027E+0	7.56458E-1	-8.44476E-1
1.53280E+11	4.71135E-4	9.43000E-1	-7.88883E-1	-7.87511E-1
1.53326E+11	9.99144E-4	1.07646E-2	-7.93547E-1	6.10544E-1
1.53373E+11	7.00787E-4	7.15141E-1	2.35415E-1	1.05999E+0
1.53419E+11	4.93381E-4	1.39075E+0	1.16845E+0	-1.10321E-1
1.53465E+11	6.68954E-4	4.04753E-1	1.95778E-1	-1.02925E+0
1.53511E+11	1.28969E-3	2.84745E-1	-8.51183E-1	-5.85875E-1
1.53557E+11	6.76185E-4	1.08783E+0	-8.28004E-1	7.73986E-1
1.53604E+11	5.60746E-4	4.11387E-1	6.20039E-1	8.45523E-1
1.53650E+11	1.44886E-3	-2.35978E-1	9.15898E-1	-3.29007E-1
1.53696E+11	7.72475E-4	1.07035E+0	-2.02158E-1	-1.11293E+0
1.53743E+11	6.54877E-4	1.80183E+0	-1.22666E+0	9.74870E-2
1.53789E+11	1.12022E-3	2.10480E-1	-2.69821E-1	9.88360E-1
1.53835E+11	1.48692E-3	8.85480E-1	9.28808E-1	6.02892E-1
1.53881E+11	6.07517E-4	7.00921E-1	8.55024E-1	-6.66394E-1
1.53927E+11	7.41921E-4	-1.24940E-1	-5.19104E-1	-8.37957E-1
1.53974E+11	1.96589E-3	1.86639E-1	-1.01280E+0	1.34737E-1
1.54020E+11	5.05971E-4	2.75381E-1	1.14016E-1	1.02590E+0
1.54066E+11	5.32140E-4	1.56687E-1	1.01020E+0	1.27394E-1
1.54113E+11	1.44253E-3	-4.43481E-1	5.23166E-1	-7.93236E-1
1.54159E+11	7.01483E-4	2.64489E-1	-6.34065E-1	-8.12869E-1
1.54205E+11	4.25799E-4	-4.44726E-1	-9.13824E-1	2.59984E-1
1.54251E+11	7.63708E-4	-7.74804E-1	-2.16725E-3	9.14658E-1
1.54297E+11	1.48802E-3	9.73086E-1	1.10749E+0	1.56875E-1
1.54344E+11	5.00209E-4	8.74700E-1	8.34270E-2	-1.10280E+0
1.54390E+11	6.89662E-4	3.59772E-1	-1.00210E+0	-2.86634E-1
1.54436E+11	2.73929E-3	7.88471E-1	-6.94343E-1	8.46737E-1
1.54483E+11	5.80718E-4	7.81803E-1	6.25881E-1	8.97502E-1
1.54529E+11	5.26319E-4	1.34791E-1	9.74413E-1	-2.86432E-1
1.54575E+11	1.37620E-3	1.94972E-3	1.92363E-1	-9.81553E-1
1.54621E+11	8.67209E-4	1.22270E+0	-1.12429E+0	-2.47281E-1
1.54667E+11	4.45351E-4	4.34476E-1	-2.05234E-1	1.03107E+0
1.54714E+11	9.02262E-4	2.08121E-1	9.26190E-1	4.37334E-1
1.54760E+11	1.55263E-3	7.53771E-1	7.37481E-1	-8.03528E-1
1.54806E+11	4.51735E-4	7.75725E-1	-5.89667E-1	-9.20791E-1
1.54853E+11	5.86469E-4	-5.11687E-1	-9.17646E-1	2.16292E-1
1.54899E+11	2.59136E-3	6.66121E-1	-3.04461E-1	1.03589E+0
1.54945E+11	6.10733E-4	1.07511E+0	1.03467E+0	4.58646E-1
1.54991E+11	4.92550E-4	2.27284E-1	5.81892E-1	-8.45653E-1
1.55037E+11	9.54326E-4	-1.09632E+0	-3.87896E-1	-7.91481E-1
1.55084E+11	1.00933E-3	8.04114E-1	-1.06953E+0	2.43925E-1
1.55130E+11	4.82126E-4	8.50245E-1	7.13381E-2	1.10053E+0
1.55176E+11	9.40019E-4	-1.90653E-1	9.77221E-1	4.57146E-2
1.55223E+11	2.59992E-3	1.32256E+0	4.91013E-1	-1.05589E+0
1.55269E+11	4.90176E-4	7.65563E-1	-9.33165E-1	-5.67425E-1
1.55315E+11	5.44326E-4	1.29933E-2	-8.09864E-1	5.89167E-1
1.55361E+11	1.04824E-3	-1.54013E+0	-3.44610E-2	8.36807E-1
1.55407E+11	7.20358E-4	1.44607E+0	1.16776E+0	1.77288E-1
1.55454E+11	5.38695E-4	1.20332E+0	1.43740E-1	-1.13956E+0
1.55500E+11	1.75300E-3	5.84619E-1	-1.06769E+0	-6.42045E-2
1.55546E+11	1.73306E-3	1.47490E+0	-3.93563E-1	1.11781E+0
1.55593E+11	6.25665E-4	1.15682E+0	1.03123E+0	4.91712E-1
1.55639E+11	9.56301E-4	-2.02479E-1	7.87185E-1	-5.78608E-1
1.55685E+11	1.72658E-3	-9.04305E-1	5.00648E-2	-8.99733E-1
1.55731E+11	8.40813E-4	1.57892E+0	-1.18381E+0	-1.92456E-1
1.55777E+11	8.20503E-4	7.01953E-1	-3.26368E-2	1.08368E+0
1.55824E+11	2.27170E-3	-4.94296E-1	9.44034E-1	-3.49476E-2
1.55870E+11	1.28774E-3	1.11067E+0	3.30758E-1	-1.08721E+0
1.55916E+11	7.67787E-4	1.55360E+0	-1.09554E+0	-4.79444E-1
1.55963E+11	1.71023E-3	2.00015E-1	-7.43839E-1	7.02734E-1
1.56009E+11	1.15488E-3	-7.14821E-1	1.38344E-1	9.10549E-1
1.56055E+11	6.37112E-4	1.04331E+0	1.12741E+0	2.22336E-2
1.56101E+11	9.43084E-4	1.00280E-1	2.39755E-2	-1.01133E+0
1.56147E+11	1.59731E-3	-1.06559E+0	-8.70892E-1	-1.54819E-1
1.56194E+11	7.02346E-4	3.53289E-1	-6.31539E-1	8.28195E-1
1.56240E+11	7.11364E-4	8.29121E-1	7.53407E-1	8.01705E-1
1.56286E+11	2.04123E-3	-1.70743E-1	9.07339E-1	-3.71732E-1
1.56333E+11	6.94873E-4	-4.38934E-1	-5.73003E-2	-9.48993E-1
1.56379E+11	6.26396E-4	1.54565E+0	-1.19452E+0	2.43361E-2
1.56425E+11	1.41291E-3	3.54626E-1	1.93453E-2	1.04149E+0
1.56471E+11	1.19433E-3	-2.65982E-1	8.83792E-1	3.99380E-1
1.56517E+11	6.27123E-4	8.89190E-1	9.17439E-1	-6.20900E-1
1.56564E+11	1.03094E-3	1.45820E+0	-3.76074E-1	-1.12142E+0
1.56610E+11	1.75310E-3	-5.97141E-1	-9.28082E-1	1.01001E-1
1.56656E+11	6.28070E-4	6.38038E-2	9.99508E-3	1.00732E+0
1.56703E+11	7.08422E-4	1.25381E+0	1.14251E+0	-1.71344E-1
1.56749E+11	2.20809E-3	3.63206E-1	-3.28523E-1	-9.89596E-1
1.56795E+11	7.43786E-4	-8.24853E-1	-8.83352E-1	-2.16119E-1
1.56841E+11	5.35337E-4	-1.71655E-1	-6.33999E-1	7.47857E-1
1.56887E+11	1.30082E-3	8.84029E-1	6.06692E-1	9.26109E-1
1.56934E+11	1.14014E-3	-9.86908E-1	7.84717E-1	-4.25378E-1
1.56980E+11	6.28351E-4	5.43635E-1	-3.42359E-1	-1.00804E+0
1.57026E+11	8.64115E-4	8.65159E-1	-1.03449E+0	3.87657E-1
1.57073E+11	2.01636E-3	-2.29280E-1	2.94499E-1	9.28357E-1
1.57119E+11	6.73353E-4	-9.47563E-1	8.71409E-1	2.11241E-1
1.57165E+11	7.13935E-4	2.01366E-1	4.97991E-1	-8.94127E-1
1.57211E+11	2.08351E-3	8.98258E-1	-8.70284E-1	-6.87300E-1
1.57257E+11	7.95043E-4	-1.72574E+0	-6.15449E-1	5.41581E-1
1.57304E+11	6.45455E-4	4.37345E-1	4.00692E-1	9.72313E-1
1.57350E+11	1.13613E-3	4.88684E-1	1.04998E+0	-1.28986E-1
1.57396E+11	1.83742E-3	2.90600E-2	1.62718E-1	-9.90069E-1
1.57443E+11	6.02755E-4	-1.23002E+0	-5.98915E-1	-6.28214E-1
1.57489E+11	8.54375E-4	1.28272E-1	-7.84813E-1	6.43463E-1
1.57535E+11	2.82652E-3	7.19999E-1	7.38787E-1	7.96564E-1
1.57581E+11	6.84992E-4	-2.07537E+0	5.39423E-1	-5.73694E-1
1.57627E+11	7.56708E-4	4.17051E-1	-3.33796E-1	-9.94672E-1
1.57674E+11	1.40971E-3	-2.79580E-1	-9.63074E-1	-1.00706E-1
1.57720E+11	1.73364E-3	-2.39011E-2	-4.63945E-1	8.82761E-1
1.57766E+11	6.73215E-4	-8.99783E-1	4.76331E-1	7.65493E-1
1.57813E+11	1.48498E-3	8.60668E-1	8.30671E-1	-7.27436E-1
1.57859E+11	3.12583E-3	8.25586E-1	-8.47748E-1	-7.00494E-1
1.57905E+11	7.68382E-4	-8.16824E-1	-5.08410E-1	7.55028E-1
1.57951E+11	9.12554E-4	7.10223E-1	3.85722E-1	1.01434E+0
1.57997E+11	2.03886E-3	8.76592E-2	1.00842E+0	5.89930E-2
1.58044E+11	1.06325E-3	4.23822E-2	5.19310E-1	-8.60304E-1
1.58090E+11	4.99371E-4	-9.68057E-1	-4.20083E-1	-7.89761E-1
1.58136E+11	1.52872E-3	4.66961E-1	-8.57074E-1	6.15581E-1
1.58183E+11	1.51482E-3	-1.86008E-1	6.07680E-1	7.67333E-1
1.58229E+11	4.16340E-4	-1.96403E+0	6.28382E-1	-4.91264E-1
1.58275E+11	6.91340E-4	-3.04171E-1	-1.25058E-2	-9.65506E-1
1.58321E+11	1.62473E-3	-4.61430E-1	-8.94455E-1	-3.14885E-1
1.58367E+11	5.79280E-4	-2.51357E-1	-6.65943E-1	7.07309E-1
1.58414E+11	4.32415E-4	-1.01608E+0	2.42865E-1	8.55810E-1
1.58460E+11	2.12427E-3	9.56211E-1	1.05182E+0	-3.74117E-1
1.58506E+11	8.02055E-4	5.91701E-1	-1.51711E-1	-1.05969E+0
1.58553E+11	3.34544E-4	-2.43749E-1	-9.69027E-1	-8.00467E-2
1.58599E+11	8.63415E-4	7.71547E-1	-7.36839E-1	8.07144E-1
1.58645E+11	9.72509E-4	2.09113E-1	6.23067E-1	8.13090E-1
1.58691E+11	3.39812E-4	3.96045E-1	9.30220E-1	-4.79762E-1
1.58737E+11	2.76851E-4	-1.54038E+0	-1.55447E-1	-8.22940E-1
1.58784E+11	1.95695E-3	8.27992E-1	-1.08894E+0	1.55749E-1
1.58830E+11	3.49533E-4	9.05801E-3	-2.19462E-1	9.76691E-1
1.58876E+11	2.70531E-4	-4.39858E-1	7.91473E-1	5.26545E-1
1.58923E+11	1.29140E-3	7.72499E-1	1.01177E+0	-4.13513E-1
1.58969E+11	5.08034E-4	2.89877E-1	-3.75141E-1	-9.63480E-1
1.59015E+11	3.02447E-4	6.82230E-1	-1.04468E+0	2.80626E-1
1.59061E+11	3.48493E-4	-1.77206E+0	1.73294E-2	8.15265E-1
1.59107E+11	1.24901E-3	1.09367E+0	1.12994E+0	9.80196E-2
1.59154E+11	2.68526E-4	5.75996E-2	4.09928E-1	-9.19407E-1
1.59200E+11	4.29213E-4	5.03546E-1	-7.73921E-1	-7.23865E-1
1.59246E+11	2.13869E-3	9.02520E-1	-1.01903E+0	4.38807E-1
1.59293E+11	4.73403E-4	6.09258E-1	5.20852E-1	9.37719E-1
1.59339E+11	3.89144E-4	5.91091E-1	9.69119E-1	-4.54543E-1
1.59385E+11	6.35329E-4	-1.82998E+0	-1.79169E-1	-7.89966E-1
1.59431E+11	8.80322E-4	1.13138E+0	-1.11954E+0	-2.10286E-1
1.59477E+11	2.97243E-4	-3.29783E-1	-5.74103E-1	7.72840E-1
1.59524E+11	6.41481E-4	5.64873E-1	5.93281E-1	8.87086E-1
1.59570E+11	1.90201E-3	9.23519E-1	1.07199E+0	-2.96297E-1
1.59616E+11	3.77633E-4	5.07625E-1	-5.39065E-1	-9.12907E-1
1.59663E+11	4.76777E-4	4.69122E-1	-9.72253E-1	4.10845E-1
1.59709E+11	1.43596E-3	-5.48305E-1	2.41126E-1	9.07332E-1
1.59755E+11	8.47742E-4	1.40423E+0	1.15533E+0	2.16670E-1
1.59801E+11	4.66885E-4	-2.65571E-1	5.43553E-1	-8.03263E-1
1.59847E+11	1.44211E-3	9.89379E-1	-6.74995E-1	-8.94557E-1
1.59894E+11	1.99466E-3	1.29845E+0	-1.10735E+0	3.49658E-1
1.59940E+11	6.93771E-4	1.47430E+0	6.16958E-1	1.01171E+0
1.59986E+11	8.62731E-4	6.84472E-1	1.05945E+0	-2.19694E-1
1.60033E+11	1.51785E-3	1.02287E-1	-1.69508E-1	-9.97546E-1
1.60079E+11	5.15919E-4	1.75664E+0	-1.18667E+0	-3.00566E-1
1.60125E+11	3.17714E-4	1.31235E-1	-4.21502E-1	9.23588E-1
1.60171E+11	1.39980E-3	1.14733E+0	8.70755E-1	7.37666E-1
1.60217E+11	6.73823E-4	7.84940E-1	9.05671E-1	-6.14705E-1
1.60264E+11	4.22948E-4	1.54012E+0	-7.76648E-1	-9.06900E-1
1.60310E+11	8.93044E-4	7.00804E-1	-1.04014E+0	3.05311E-1
1.60356E+11	1.47476E-3	1.50242E+0	1.06749E-1	1.18403E+0
1.60403E+11	6.93556E-4	2.52318E+0	1.27542E+0	4.01368E-1
1.60449E+11	7.12988E-4	5.30594E-1	4.56363E-1	-9.60043E-1
1.60495E+11	2.72226E-3	1.67404E+0	-9.30719E-1	-7.77211E-1
1.60541E+11	8.29100E-4	9.12310E-1	-7.63427E-1	8.06809E-1
1.60587E+11	7.12051E-4	1.53208E+0	9.38829E-1	7.35941E-1
1.60634E+11	1.51103E-3	4.46707E-1	9.12329E-1	-5.25347E-1
1.60680E+11	1.37427E-3	1.17147E+0	-3.57612E-1	-1.08708E+0
1.60726E+11	8.24141E-4	2.06184E+0	-1.26039E+0	-1.38003E-1
1.60773E+11	1.00480E-3	1.12903E-2	-2.40699E-1	9.71940E-1
1.60819E+11	2.35943E-3	1.13329E+0	9.25401E-1	6.64677E-1
1.60865E+11	6.14144E-4	-1.24795E-1	6.71003E-1	-7.22101E-1
1.60911E+11	7.96629E-4	1.13517E+0	-7.95400E-1	-8.16127E-1
1.60957E+11	1.90695E-3	-1.48701E-1	-9.01829E-1	3.91208E-1
1.61004E+11	1.06812E-3	1.34376E+0	2.35803E-1	1.14325E+0
1.61050E+11	7.02756E-4	1.30419E+0	1.13852E+0	2.32466E-1
1.61096E+11	1.52864E-3	5.40431E-1	3.73600E-1	-9.96462E-1
1.61143E+11	1.56563E-3	1.05752E+0	-8.56924E-1	-7.35793E-1
1.61189E+11	5.41941E-4	3.61305E-1	-7.31362E-1	7.42874E-1
1.61235E+11	7.95173E-4	2.71112E-1	5.00481E-1	9.02183E-1
1.61281E+11	1.77935E-3	-8.69688E-2	9.78828E-1	-1.48560E-1
1.61327E+11	7.41115E-4	1.42244E+0	1.24600E-1	-1.17133E+0
1.61374E+11	6.67280E-4	1.05596E+0	-1.05964E+0	-3.90404E-1
1.61420E+11	2.16752E-3	6.48478E-1	-5.31688E-1	9.37203E-1
1.61466E+11	9.24462E-4	9.20078E-1	7.54671E-1	8.16359E-1
1.61513E+11	5.19637E-4	9.02038E-1	9.49458E-1	-5.73912E-1
1.61559E+11	1.16273E-3	5.50604E-1	-2.42963E-1	-1.03737E+0
1.61605E+11	1.40787E-3	7.10964E-1	-1.04450E+0	-2.94769E-1
1.61651E+11	6.30133E-4	1.60970E+0	-4.83861E-1	1.10207E+0
1.61697E+11	7.76343E-4	1.11321E+0	9.87032E-1	5.63863E-1
1.61744E+11	2.42022E-3	5.73952E-1	4.88419E-1	-9.50124E-1
1.61790E+11	6.42906E-4	6.65703E-1	-8.33561E-1	-6.86172E-1
1.61836E+11	5.85918E-4	7.44694E-1	-8.71129E-1	6.54359E-1
1.61883E+11	1.39785E-3	1.08747E-2	-2.03915E-2	1.00105E+0
1.61929E+11	8.54548E-4	5.16038E-1	8.82341E-1	5.89614E-1
1.61975E+11	5.61635E-4	1.55716E+0	8.68176E-1	-8.23116E-1
1.62021E+11	8.77851E-4	7.96170E-1	-8.07206E-1	-7.41365E-1
1.62067E+11	1.89717E-3	1.02408E+0	-7.87544E-1	8.03554E-1
1.62114E+11	5.35678E-4	1.31098E+0	8.53122E-1	7.90292E-1
1.62160E+11	7.52527E-4	1.65801E+0	1.04398E+0	-6.12359E-1
1.62206E+11	1.61410E-3	-4.99672E-2	-2.37458E-2	-9.93980E-1
1.62253E+11	7.06027E-4	9.84213E-1	-9.21053E-1	-6.37196E-1
1.62299E+11	5.17875E-4	8.30004E-1	2.19895E-2	1.10005E+0
1.62345E+11	1.34759E-3	5.51078E-1	1.06477E+0	3.95765E-2
1.62391E+11	1.08904E-3	-2.42396E-1	3.05640E-1	-9.23201E-1
1.62437E+11	5.28563E-4	9.88882E-1	-1.04214E+0	-4.11877E-1
1.62484E+11	8.87480E-4	3.66741E-1	-6.97337E-1	7.75780E-1
1.62530E+11	1.93436E-3	1.74452E-1	4.60718E-1	9.10344E-1
1.62576E+11	5.80869E-4	4.41302E-1	1.05065E+0	-5.55951E-2
1.62623E+11	6.97619E-4	5.38492E-1	-4.08583E-2	-1.06317E+0
1.62669E+11	1.90993E-3	-1.85116E-1	-9.78903E-1	-4.46917E-3
1.62715E+11	7.17395E-4	-1.05803E+0	-3.85616E-1	7.96923E-1
1.62761E+11	6.11430E-4	1.02568E+0	8.15347E-1	7.75629E-1
1.62807E+11	1.56297E-3	6.38600E-1	9.70614E-1	-4.65095E-1
1.62854E+11	1.20379E-3	-5.06967E-1	-1.81766E-1	-9.25626E-1
1.62900E+11	5.40590E-4	5.67215E-1	-1.06461E+0	-7.82344E-2
1.62946E+11	8.41835E-4	-8.09443E-2	6.51369E-2	9.88581E-1
1.62993E+11	2.02809E-3	7.56854E-4	9.96777E-1	8.13057E-2
1.63039E+11	4.56095E-4	-1.65632E+0	5.02751E-1	-6.55865E-1
1.63085E+11	5.95387E-4	7.41679E-1	-6.60448E-1	-8.66046E-1
1.63131E+11	2.08886E-3	3.24516E-1	-9.64712E-1	3.83295E-1
1.63177E+11	7.61261E-4	-1.45700E-3	3.16321E-1	9.48475E-1
1.63224E+11	4.53465E-4	6.71411E-1	1.08022E+0	1.74676E-2
1.63270E+11	1.35245E-3	4.94693E-1	-4.98985E-2	-1.05743E+0
1.63316E+11	1.39083E-3	-3.59914E-2	-9.17294E-1	-3.87709E-1
1.63363E+11	2.89467E-4	-2.57293E+0	-5.66794E-1	4.81374E-1
1.63409E+11	7.69860E-4	1.21897E+0	2.16630E-1	1.13009E+0
1.63455E+11	2.26664E-3	6.32754E-1	1.06870E+0	-1.21353E-1
1.63501E+11	5.75678E-4	2.26818E-1	-8.81542E-2	-1.02266E+0
1.63547E+11	4.39863E-4	4.70265E-1	-1.04167E+0	-1.71117E-1
1.63594E+11	2.30658E-3	1.00514E+0	-2.20559E-1	1.10080E+0
1.63640E+11	7.61543E-4	-1.66300E-1	7.65464E-1	6.13593E-1
1.63686E+11	2.62515E-4	-2.08028E+0	7.45084E-1	-2.53479E-1
1.63733E+11	8.93183E-4	5.17143E-1	1.10797E-1	-1.05555E+0
1.63779E+11	1.31502E-3	-6.34599E-1	-9.17811E-1	-1.47226E-1
1.63825E+11	3.87984E-4	-7.02004E-1	-1.43626E-1	9.11108E-1
1.63871E+11	3.63466E-4	-9.31104E-1	7.35309E-1	5.16091E-1
1.63917E+11	2.65038E-3	2.67533E-1	6.76642E-1	-7.78264E-1
1.63964E+11	4.77860E-4	-6.42918E-1	-3.78195E-1	-8.48155E-1
1.64010E+11	2.88537E-4	-2.03747E+0	-7.78093E-1	1.41806E-1
1.64056E+11	1.21583E-3	3.50209E-2	-2.12555E-1	9.81283E-1
1.64103E+11	8.08924E-4	-4.66746E-1	9.45430E-1	6.52891E-2
1.64149E+11	3.66237E-4	-3.47502E-1	1.43558E-1	-9.49996E-1
1.64195E+11	3.69449E-4	-2.03126E+0	-5.72119E-1	-5.46912E-1
1.64241E+11	1.96152E-3	-1.15354E-1	-7.94928E-1	5.84703E-1
1.64287E+11	3.27516E-4	-1.60140E+0	1.14434E-1	8.23719E-1
1.64334E+11	3.85622E-4	-1.03667E+0	8.82750E-1	9.16595E-2
1.64380E+11	2.03165E-3	-3.22512E-2	4.78122E-1	-8.74072E-1
1.64426E+11	5.11039E-4	-4.51762E-1	-8.84094E-1	-3.45809E-1
1.64473E+11	3.24428E-4	-1.06169E+0	-5.27936E-1	7.10217E-1
1.64519E+11	4.29211E-4	-3.60942E+0	2.43475E-1	6.13425E-1
1.64565E+11	1.13066E-3	-3.17213E-1	9.63940E-1	-1.95729E-2
1.64611E+11	3.45803E-4	-1.05793E+0	9.35355E-2	-8.80372E-1
1.64657E+11	5.75468E-4	-1.13385E+0	-8.77357E-1	-2.15645E-2
1.64704E+11	2.73302E-3	-3.12083E-1	-4.96217E-1	8.27303E-1
1.64750E+11	4.29260E-4	-5.22907E-1	7.43463E-1	5.77776E-1
1.64796E+11	4.39906E-4	-1.02170E+0	7.57797E-1	-4.64879E-1
1.64843E+11	5.85641E-4	-4.14103E+0	-8.71815E-2	-6.14643E-1
1.64889E+11	6.81734E-4	-6.28009E-1	-9.10198E-1	-1.92104E-1
1.64935E+11	3.42420E-4	-1.43224E+0	-3.33763E-1	7.79538E-1
1.64981E+11	9.43291E-4	-1.18103E+0	7.72522E-1	4.06335E-1
1.65027E+11	1.48285E-3	-1.21416E+0	7.29805E-1	-4.72751E-1
1.65074E+11	3.96408E-4	-7.33160E-1	-4.62709E-1	-7.94081E-1
1.65120E+11	5.90420E-4	-1.02498E+0	-8.82514E-1	1.04607E-1
1.65166E+11	9.77073E-4	-2.81530E+0	-2.66875E-2	7.22669E-1
1.65213E+11	6.28528E-4	5.56389E-2	8.26919E-1	5.73671E-1
1.65259E+11	4.82216E-4	-7.84204E-1	5.90959E-1	-6.96822E-1
1.65305E+11	1.51148E-3	-5.48304E-1	-5.63392E-1	-7.50988E-1
1.65351E+11	8.86820E-4	-1.61174E+0	-8.25827E-1	8.92923E-2
1.65397E+11	4.35045E-4	-5.41937E-1	-5.55873E-2	9.37868E-1
1.65444E+11	8.28142E-4	-1.17554E+0	8.15108E-1	3.13784E-1
1.65490E+11	8.96908E-4	-2.52052E+0	3.15821E-1	-6.78195E-1
1.65536E+11	4.87575E-4	-4.59593E-1	-6.80677E-1	-6.60500E-1
1.65583E+11	5.77774E-4	-9.70875E-1	-5.74570E-1	6.85232E-1
1.65629E+11	1.70891E-3	-8.06158E-1	5.98026E-1	6.87714E-1
1.65675E+11	4.63181E-4	-2.96495E+0	7.09482E-1	-4.34028E-2
1.65721E+11	4.57521E-4	-6.71769E-1	1.93075E-1	-9.05213E-1
1.65767E+11	1.17195E-3	-9.17963E-1	-7.65238E-1	-4.73167E-1
1.65814E+11	8.10140E-4	-1.29362E+0	-5.65097E-1	6.50436E-1
1.65860E+11	5.05147E-4	1.58935E-1	4.45577E-1	9.15825E-1
1.65906E+11	8.37848E-4	-2.81497E-1	8.31387E-1	-4.96018E-1
1.65953E+11	1.94088E-3	-2.04404E-1	-4.55143E-1	-8.64216E-1
1.65999E+11	3.64904E-4	-3.84210E+0	-6.42311E-1	1.68760E-2
1.66045E+11	6.97109E-4	5.77230E-2	-1.49661E-1	9.95481E-1
1.66091E+11	1.74798E-3	-1.04853E+0	8.05487E-1	3.69718E-1
1.66137E+11	9.49968E-4	-5.29525E-1	5.42945E-1	-7.68390E-1
1.66184E+11	6.38804E-4	-3.15352E-1	-3.79111E-1	-8.86700E-1
1.66230E+11	1.64972E-3	-1.03093E-1	-8.94012E-1	4.21050E-1
1.66276E+11	1.70530E-3	-5.37233E-1	2.42720E-1	9.08146E-1
1.66323E+11	5.03445E-4	-2.76494E+0	7.21249E-1	-9.41319E-2
1.66369E+11	1.11915E-3	9.76361E-2	2.74297E-1	-9.73395E-1
1.66415E+11	2.55692E-3	-7.66344E-1	-8.63217E-1	-3.05108E-1
1.66461E+11	1.03262E-3	-5.90988E-1	-4.29526E-1	8.29627E-1
1.66507E+11	8.15584E-4	-6.50042E-1	4.92364E-1	7.86488E-1
1.66554E+11	2.90415E-3	4.49222E-1	8.33226E-1	-6.43980E-1
1.66600E+11	1.66057E-3	-1.82457E-2	-3.87828E-1	-9.19455E-1
1.66646E+11	6.28425E-4	-2.24506E+0	-7.39792E-1	2.21466E-1
1.66693E+11	1.70327E-3	7.17795E-1	-2.30279E-1	1.06146E+0
1.66739E+11	2.68931E-3	-8.22536E-3	9.64979E-1	2.58696E-1
1.66785E+11	1.09861E-3	1.03341E-1	4.35178E-1	-9.13620E-1
1.66831E+11	7.62192E-4	-1.42109E+0	-4.19923E-1	-7.37963E-1
1.66877E+11	4.29434E-3	8.98077E-1	-8.56359E-1	7.04538E-1
1.66924E+11	1.49113E-3	2.85973E-1	5.07570E-1	9.00243E-1
1.66970E+11	9.20141E-4	-5.39002E-1	7.87433E-1	-5.13061E-1
1.67016E+11	2.37468E-3	9.72332E-1	-6.59131E-2	-1.11651E+0
1.67063E+11	2.01759E-3	2.46491E-1	-1.02324E+0	1.06634E-1
1.67109E+11	9.49474E-4	3.59270E-1	-1.34518E-1	1.03351E+0
1.67155E+11	5.42355E-4	-3.41651E+0	5.68877E-1	3.62951E-1
1.67201E+11	4.15912E-3	1.20979E+0	7.81241E-1	-8.43145E-1
1.67247E+11	8.72732E-4	-1.06342E-1	-5.47706E-1	-8.22089E-1
1.67294E+11	8.01175E-4	-4.99964E-1	-8.25726E-1	4.57641E-1
1.67340E+11	2.77520E-3	1.14328E+0	-8.14563E-2	1.13777E+0
1.67386E+11	1.43356E-3	1.08898E+0	1.12934E+0	-9.78113E-2
1.67433E+11	8.78856E-4	1.00840E+0	6.44044E-2	-1.12126E+0
1.67479E+11	7.04563E-4	-2.44285E+0	-7.31126E-1	-1.87738E-1
1.67525E+11	3.43497E-3	2.34578E+0	-6.61645E-1	1.13069E+0
1.67571E+11	8.17787E-4	1.08082E+0	9.36767E-1	6.36427E-1
1.67617E+11	1.10130E-3	1.16263E+0	7.50921E-1	-8.62021E-1
1.67664E+11	2.89037E-3	1.37760E+0	-1.57328E-1	-1.16126E+0
1.67710E+11	1.17453E-3	2.26886E+0	-1.23892E+0	3.88842E-1
1.67756E+11	7.78898E-4	1.53761E+0	1.72981E-1	1.18106E+0
1.67803E+11	8.96167E-4	-1.31232E+0	8.59395E-1	-2.55070E-2
1.67849E+11	2.18734E-3	3.02286E+0	5.92838E-1	-1.28621E+0
1.67895E+11	5.84915E-4	1.70836E+0	-1.15460E+0	-3.85837E-1
1.67941E+11	1.12257E-3	1.71798E+0	-4.68384E-1	1.12510E+0
1.67987E+11	1.60680E-3	3.83403E-2	4.43893E-1	9.01014E-1
1.68034E+11	6.31839E-4	2.88002E+0	9.99429E-1	-9.70587E-1
1.68080E+11	6.33194E-4	1.89404E+0	-6.94553E-1	-1.03164E+0
1.68126E+11	1.35945E-3	6.23402E-1	-9.59027E-1	4.84380E-1
1.68173E+11	9.38291E-4	3.65122E+0	-2.17355E-1	1.50692E+0
1.68219E+11	4.41428E-4	2.86398E+0	1.38790E+0	8.63752E-2
1.68265E+11	1.23011E-3	2.40862E+0	2.98331E-1	-1.28540E+0
1.68311E+11	6.10307E-4	-5.61680E-1	-6.68686E-1	-6.56918E-1
1.68357E+11	4.27921E-4	4.26159E+0	-1.01741E+0	1.27778E+0
1.68404E+11	6.07906E-4	2.33748E+0	9.69763E-1	8.78932E-1
1.68450E+11	9.84770E-4	1.06389E+0	7.79994E-1	-8.18042E-1
1.68496E+11	4.61189E-4	3.01459E+0	-2.31318E-1	-1.39588E+0
1.68543E+11	3.83296E-4	2.99641E+0	-1.30158E+0	5.47272E-1
1.68589E+11	1.33071E-3	1.44597E+0	2.27636E-1	1.15899E+0
1.68635E+11	2.11488E-4	-2.09203E+0	7.61862E-1	1.93118E-1
1.68681E+11	2.86473E-4	3.44816E+0	6.95896E-1	-1.31449E+0
1.68727E+11	7.26747E-4	1.75659E+0	-1.06889E+0	-5.96648E-1
1.68774E+11	5.37576E-4	9.63542E-1	-6.74925E-1	8.90437E-1
1.68820E+11	2.16625E-4	2.02582E+0	2.62176E-1	1.23515E+0
1.68866E+11	3.96449E-4	2.87681E+0	1.25289E+0	-6.08058E-1
1.68913E+11	1.19082E-3	1.55842E+0	-4.67744E-1	-1.10131E+0
1.68959E+11	1.37949E-4	-1.28828E+0	-7.96806E-1	3.29262E-1
1.69005E+11	2.46052E-4	3.53450E+0	1.57778E-1	1.49388E+0
1.69051E+11	1.20071E-3	1.77733E+0	1.20590E+0	-2.26913E-1
1.69097E+11	2.66940E-4	7.10701E-1	7.40159E-2	-1.08274E+0
1.69144E+11	1.24034E-4	2.87815E-1	-6.99397E-1	-7.61158E-1
1.69190E+11	5.30945E-4	2.37088E+0	-8.99575E-1	9.57576E-1
1.69236E+11	5.46092E-4	1.19341E+0	6.94639E-1	9.13091E-1
1.69283E+11	1.10857E-4	-1.09391E+0	7.48263E-1	-4.66305E-1
1.69329E+11	2.27127E-4	2.61365E+0	-1.31374E-1	-1.34468E+0
1.69375E+11	1.48089E-3	1.64860E+0	-1.15398E+0	3.60601E-1
1.69421E+11	1.69654E-4	6.79982E-1	1.90321E-1	1.06455E+0
1.69467E+11	9.06783E-5	-1.33774E+0	8.10717E-1	2.78630E-1
1.69514E+11	8.50423E-4	2.27770E+0	3.34084E-1	-1.25616E+0
1.69560E+11	2.81085E-4	8.49047E-1	-1.02009E+0	-4.18720E-1
1.69606E+11	9.61872E-5	-1.91968E-1	-5.46902E-1	8.10962E-1
1.69653E+11	2.57889E-4	1.88753E+0	4.28608E-1	1.16648E+0
1.69699E+11	7.89273E-4	1.72614E+0	1.07365E+0	-5.79055E-1
1.69745E+11	1.36399E-4	8.52436E-1	-3.60925E-1	-1.04240E+0
1.69791E+11	8.28542E-5	-2.46289E+0	-7.52502E-1	-3.01454E-2
1.69837E+11	1.40131E-3	2.09222E+0	-3.74873E-2	1.27181E+0
1.69884E+11	1.60826E-4	9.48351E-1	1.11073E+0	-1.01572E-1
1.69930E+11	1.28678E-4	3.42689E-1	4.63606E-2	-1.03921E+0
1.69976E+11	3.30065E-4	8.68873E-1	-8.68896E-1	-6.83009E-1
1.70023E+11	5.10814E-4	1.67540E+0	-7.18350E-1	9.77101E-1
1.70069E+11	1.34477E-4	4.01442E-1	7.42388E-1	7.38717E-1
1.70115E+11	1.50361E-4	-2.25679E+0	7.01238E-1	-3.20933E-1
1.70161E+11	1.63883E-3	1.03011E+0	6.48417E-2	-1.12405E+0
1.70207E+11	1.66641E-4	2.54895E-1	-1.01996E+0	-1.41899E-1
1.70254E+11	1.48804E-4	-8.62165E-1	-2.69288E-1	8.64538E-1
1.70300E+11	4.50842E-4	-1.04654E+0	5.81455E-1	6.69157E-1
1.70346E+11	2.97720E-4	3.80185E-1	7.64358E-1	-7.12210E-1
1.70393E+11	1.32679E-4	-5.18072E-1	-5.33787E-1	-7.76287E-1
1.70439E+11	2.72569E-4	-2.10371E+0	-7.16998E-1	3.19346E-1
1.70485E+11	8.63686E-4	9.24604E-1	-1.83263E-1	1.09712E+0
1.70531E+11	1.58099E-4	1.98312E+0	1.07923E+0	6.43430E-1
1.70577E+11	2.28814E-4	4.89923E+0	1.48225E+0	-9.44818E-1
1.70624E+11	6.17367E-4	9.25262E+0	9.88257E-1	-2.72807E+0
1.70670E+11	2.43024E-4	3.20408E+1	-2.95109E+1	-2.69991E+1
1.70716E+11	1.80017E-4	5.81443E+1	-7.72222E+2	2.36544E+2
1.70763E+11	6.40674E-4	6.09164E+1	-4.65733E+2	1.00896E+3
1.70809E+11	4.74846E-4	8.33375E+1	-1.26097E+3	1.46308E+4
1.70855E+11	1.85184E-4	8.63304E+1	-1.01885E+4	1.80490E+4
1.70901E+11	4.10553E-4	9.31481E+1	-4.54015E+4	-1.78371E+3
1.70947E+11	4.34257E-4	6.16988E+1	7.01662E+2	-9.93169E+2
1.70994E+11	1.80340E-4	4.31975E+1	-7.58507E+1	-1.22994E+2
1.71040E+11	2.45780E-4	9.64125E+0	-2.69199E+0	1.40013E+0
1.71086E+11	8.52406E-4	7.86192E-1	7.52762E-1	7.94856E-1
1.71133E+11	3.09362E-4	-3.50775E-1	8.37212E-1	-4.70620E-1
1.71179E+11	1.96421E-4	-1.05580E-1	-5.36994E-1	-8.29228E-1
1.71225E+11	7.89559E-4	-2.84745E-1	-6.33438E-1	7.31638E-1
1.71271E+11	2.97400E-4	-2.95239E+0	5.85940E-1	4.04210E-1
1.71317E+11	1.92850E-4	-1.12939E+0	4.89237E-1	-7.29149E-1
1.71364E+11	4.60766E-4	3.81760E-2	-8.60054E-1	-5.18784E-1
1.71410E+11	9.29615E-4	-5.51402E-1	-6.10106E-1	7.13116E-1
1.71456E+11	2.81891E-4	-7.79748E-1	2.16292E-1	8.88183E-1
1.71503E+11	2.54729E-4	-2.14295E-2	9.72828E-1	2.20645E-1
1.71549E+11	1.41532E-3	1.48445E+0	6.70474E-1	-9.78750E-1
1.71595E+11	2.88458E-4	-8.12449E-1	-3.69382E-1	-8.32430E-1
1.71641E+11	2.18345E-4	-4.41435E-1	-8.92137E-1	-3.27784E-1
1.71687E+11	7.86267E-4	1.35371E+0	-8.15775E-1	8.36816E-1
1.71734E+11	9.02498E-4	5.23792E-1	6.76564E-1	8.18806E-1
1.71780E+11	2.62110E-4	-1.20621E+0	8.29474E-1	-2.63565E-1
1.71826E+11	3.06925E-4	-1.23668E+0	6.17641E-3	-8.67271E-1
1.71873E+11	1.90970E-3	1.26019E-1	-1.01249E+0	6.55589E-2
1.71919E+11	3.19872E-4	-1.41844E+0	-2.04529E-2	8.49087E-1
1.71965E+11	2.86207E-4	-1.49202E+0	7.91601E-1	2.87431E-1
1.72011E+11	1.26500E-3	-9.46660E-2	7.34439E-1	-6.62599E-1
1.72057E+11	6.37382E-4	-5.90940E-1	-5.43255E-1	-7.60037E-1
1.72104E+11	2.39330E-4	-2.53863E+0	-7.26913E-1	1.70172E-1
1.72150E+11	3.30250E-4	-2.86279E+0	-5.21963E-2	7.17322E-1
1.72196E+11	1.46282E-3	-3.28757E-1	9.56566E-1	1.09891E-1
1.72243E+11	3.32585E-4	-1.07666E+0	2.31599E-1	-8.52521E-1
1.72289E+11	3.60166E-4	-1.61004E+0	-6.60704E-1	-5.03690E-1
1.72335E+11	1.62936E-3	-7.19334E-1	-7.80601E-1	4.87873E-1
1.72381E+11	5.20831E-4	-7.05921E-1	5.05599E-1	7.70940E-1
1.72427E+11	2.80132E-4	-2.68390E+0	6.25042E-1	-3.85160E-1
1.72474E+11	4.29898E-4	-3.46631E+0	-2.76797E-2	-6.70370E-1
1.72520E+11	1.08420E-3	-2.56897E-1	-9.67440E-1	-8.13783E-2
1.72566E+11	3.90683E-4	-5.49542E-1	2.06021E-2	9.38465E-1
1.72613E+11	5.05410E-4	-1.84444E+0	7.53628E-1	2.93278E-1
1.72659E+11	1.78649E-3	-1.00792E+0	7.15675E-1	-5.29803E-1
1.72705E+11	5.01751E-4	-5.16453E-1	-4.95485E-1	-8.01483E-1
1.72751E+11	4.48715E-4	-1.32298E+0	-6.95646E-1	5.03463E-1
1.72797E+11	3.80656E-4	-4.69518E+0	2.51056E-1	5.25539E-1
1.72844E+11	7.79989E-4	-1.32052E-1	9.09949E-1	-3.76887E-1
1.72890E+11	4.12076E-4	-4.40705E-1	-5.02926E-1	-8.06578E-1
1.72936E+11	6.63502E-4	-1.57514E+0	-7.79341E-1	2.97371E-1
1.72983E+11	1.19625E-3	-1.69626E+0	-8.96535E-2	8.17696E-1
1.73029E+11	3.76261E-4	-2.34862E-1	9.69979E-1	8.06114E-2
1.73075E+11	3.19852E-4	-8.37757E-1	2.78096E-2	-9.07629E-1
1.73121E+11	6.56260E-4	-3.12516E+0	-6.62859E-1	-2.18099E-1
1.73167E+11	5.06571E-4	-5.75651E-1	-7.70245E-1	5.31586E-1
1.73214E+11	4.41528E-4	-1.10292E-1	5.63618E-1	8.10715E-1
1.73260E+11	6.78055E-4	-2.40709E+0	6.61751E-1	-3.69577E-1
1.73306E+11	6.62913E-4	-2.39960E+0	-1.16230E-1	-7.49656E-1
1.73353E+11	3.59040E-4	-3.15938E-1	-9.24167E-1	2.75228E-1
1.73399E+11	6.97358E-4	-4.43132E-1	3.80669E-1	8.70683E-1
1.73445E+11	4.74742E-4	-3.71466E+0	6.42246E-1	-1.12525E-1
1.73491E+11	3.57123E-4	-7.38550E-1	4.38275E-1	-8.07175E-1
1.73537E+11	4.07370E-4	3.44370E-2	-8.73527E-1	-4.94886E-1
1.73584E+11	9.61630E-4	-1.34449E+0	-4.43461E-1	7.32869E-1
1.73630E+11	3.39543E-4	-3.24705E+0	2.68364E-1	6.33604E-1
1.73676E+11	2.93331E-4	-1.01219E-1	8.77133E-1	-4.55632E-1
1.73723E+11	7.83790E-4	-3.22198E-1	-5.97805E-1	-7.55729E-1
1.73769E+11	4.55064E-4	-2.00684E+0	-5.94413E-1	5.25964E-1
1.73815E+11	2.20113E-4	-1.33016E+0	7.86659E-2	8.54395E-1
1.73861E+11	4.15795E-4	4.82423E-2	9.76799E-1	-2.38819E-1
1.73907E+11	6.73176E-4	-1.99355E+0	-1.65386E-1	-7.77523E-1
1.73954E+11	1.19411E-4	-5.59030E+0	-5.04407E-1	-1.47012E-1
1.74000E+11	2.09546E-4	-5.95805E-1	-4.57422E-1	8.13984E-1
