Position	Channel 1	Channel 2	Channel 3	Channel 4
1.00000E+11	1.60937E-13	-3.22832E+1	1.75966E-2	1.67776E-2
1.00046E+11	3.38109E-13	-2.88786E+1	1.97470E-2	3.00775E-2
1.00093E+11	6.16890E-14	-3.54218E+1	-1.62786E-3	-1.68615E-2
1.00139E+11	1.27337E-13	-2.97292E+1	-4.54866E-3	-3.23056E-2
1.00185E+11	2.24128E-14	-3.73892E+1	-1.33777E-2	1.86097E-3
1.00231E+11	1.41627E-12	-2.00655E+1	6.97513E-2	7.06045E-2
1.00278E+11	1.27133E-12	-1.90289E+1	1.07885E-1	2.94391E-2
1.00324E+11	1.49061E-12	-2.02494E+1	-2.77504E-2	-9.31232E-2
1.00370E+11	5.17460E-12	-1.54576E+1	-1.51585E-1	-7.40438E-2
1.00416E+11	5.26948E-12	-1.42620E+1	-1.56612E-1	1.13810E-1
1.00463E+11	1.67353E-11	-1.04429E+1	1.47307E-1	2.61927E-1
1.00509E+11	2.88498E-12	-1.75579E+1	1.23138E-1	-4.88304E-2
1.00555E+11	1.11743E-11	-1.24849E+1	3.38549E-2	-2.35125E-1
1.00601E+11	1.41344E-11	-1.09423E+1	-2.68047E-1	-9.29875E-2
1.00648E+11	2.05514E-11	-9.77407E+0	-8.44415E-2	3.13384E-1
1.00694E+11	9.16644E-12	-1.47268E+1	1.64305E-1	8.17302E-2
1.00740E+11	1.56608E-11	-1.35567E+1	1.55873E-1	-1.40684E-1
1.00786E+11	2.12867E-11	-1.14388E+1	-2.16834E-1	-1.57423E-1
1.00833E+11	1.60123E-11	-1.30362E+1	-2.01342E-1	9.57265E-2
1.00879E+11	2.29753E-11	-1.16232E+1	1.19858E-2	2.62051E-1
1.00925E+11	3.67141E-11	-9.74075E+0	3.13263E-1	8.95390E-2
1.00971E+11	1.45290E-11	-1.44015E+1	6.79054E-2	-1.77999E-1
1.01018E+11	3.22374E-11	-1.25646E+1	-1.56997E-1	-1.75373E-1
1.01064E+11	3.89104E-11	-1.12635E+1	-2.11645E-1	1.73098E-1
1.01110E+11	2.67521E-11	-1.28835E+1	1.78636E-1	1.39894E-1
1.01156E+11	8.05346E-12	-1.74113E+1	1.20408E-1	-6.04276E-2
1.01203E+11	6.34554E-12	-1.71039E+1	1.34782E-2	-1.38922E-1
1.01249E+11	9.79256E-12	-1.20648E+1	-2.33614E-1	-8.70945E-2
1.01295E+11	1.92299E-12	-1.78782E+1	7.91466E-2	1.00178E-1
1.01341E+11	1.81442E-12	-1.73451E+1	1.15535E-1	7.12750E-2
1.01388E+11	2.00556E-13	-2.20969E+1	7.12555E-2	-3.30610E-2
1.01434E+11	3.83956E-13	-1.83801E+1	-8.23094E-2	8.80111E-2
1.01480E+11	1.91476E-12	-8.63788E+0	3.68602E-1	-3.11808E-2
1.01526E+11	4.01363E-13	-1.15786E+1	1.99459E-1	-1.72457E-1
1.01573E+11	6.15890E-14	-1.45720E+1	-2.36611E-2	-1.85306E-1
1.01619E+11	9.36048E-13	1.38569E+1	2.57117E+0	4.20637E+0
1.01665E+11	2.92319E-13	8.99193E+0	-2.38353E+0	-1.49910E+0
1.01711E+11	1.52843E-12	1.20465E+0	-7.91439E-1	8.32641E-1
1.01758E+11	2.76781E-13	-4.09808E+0	-5.84729E-1	2.17507E-1
1.01804E+11	7.27177E-13	-2.78645E+0	5.14017E-1	-5.12088E-1
1.01850E+11	7.69564E-13	-6.37286E+0	4.78028E-1	4.48533E-2
1.01896E+11	9.26800E-13	2.09849E+1	-1.05044E+1	-3.88749E+0
1.01943E+11	9.60401E-13	3.53262E+0	-1.13575E+0	9.82690E-1
1.01989E+11	2.96156E-13	2.71881E+0	-9.03997E-1	-1.02614E+0
1.02035E+11	1.36924E-12	1.22478E+1	4.09625E+0	1.94338E-2
1.02081E+11	7.22774E-13	-1.04278E+1	2.94365E-1	6.30002E-2
1.02128E+11	2.52421E-13	-1.05561E+1	2.94077E-1	-3.87220E-2
1.02174E+11	8.69798E-13	5.25004E+0	-1.75045E+0	-5.34433E-1
1.02220E+11	1.24152E-12	-1.37909E+0	3.75029E-1	-7.66346E-1
1.02266E+11	8.79889E-14	-2.08452E+0	-6.58438E-1	-4.30414E-1
1.02313E+11	6.63068E-13	-7.11152E+0	3.82244E-1	2.19903E-1
1.02359E+11	3.09158E-13	8.11707E-1	9.04829E-1	6.21927E-1
1.02405E+11	1.13816E-13	-1.62602E+0	1.43892E-1	8.16697E-1
1.02451E+11	5.98725E-13	-8.72747E+0	3.36547E-1	1.44160E-1
1.02498E+11	1.23177E-12	8.21689E+0	2.53187E+0	4.71524E-1
1.02544E+11	6.55732E-13	-1.93494E+0	-7.88338E-1	1.37853E-1
1.02590E+11	8.78792E-13	7.59785E+0	-1.84521E+0	-1.53191E+0
1.02636E+11	6.18246E-13	-9.62586E-1	8.74943E-1	-1.88881E-1
1.02683E+11	1.79292E-13	-1.17549E+1	2.42101E-1	-9.02554E-2
1.02729E+11	5.53033E-13	-1.03555E-1	-8.10146E-1	-5.65775E-1
1.02775E+11	8.41897E-13	-5.53698E+0	-5.00902E-1	-1.68956E-1
1.02821E+11	1.97416E-12	9.45851E-1	-8.88740E-1	6.73400E-1
1.02868E+11	3.03711E-13	-5.32785E-1	8.16371E-1	-4.66998E-1
1.02914E+11	1.27616E-12	-5.41460E-1	8.80988E-1	-3.26563E-1
1.02960E+11	8.40109E-13	7.93540E-1	2.94633E-1	-1.05531E+0
1.03006E+11	1.76161E-12	6.15776E+0	1.70078E+0	1.11161E+0
1.03053E+11	1.35574E-14	-1.89055E+1	-6.89402E-2	-9.00747E-2
1.03099E+11	6.51216E-13	-3.57289E+0	-4.85386E-1	4.51276E-1
1.03145E+11	1.25123E-12	5.37044E+0	-4.64059E-1	-1.79680E+0
1.03191E+11	2.34743E-13	-1.14566E+1	1.66339E-1	2.09372E-1
1.03238E+11	2.23085E-12	-6.70216E+0	2.64598E-1	-3.79049E-1
1.03284E+11	8.51360E-14	-1.41035E+1	-1.17853E-1	-1.58062E-1
1.03330E+11	1.39386E-13	-1.24652E+1	-1.40330E-1	1.92340E-1
1.03376E+11	1.37577E-13	-8.52263E+0	1.79868E-1	3.28888E-1
1.03423E+11	1.73920E-12	-1.98480E+0	7.92624E-1	7.01207E-2
1.03469E+11	1.05898E-12	3.39850E+0	-1.45837E+0	2.45315E-1
1.03515E+11	4.21093E-13	-5.86152E+0	-6.57088E-2	-5.04985E-1
1.03561E+11	6.15092E-14	-1.32835E+1	1.89041E-1	1.05900E-1
1.03608E+11	3.26067E-13	4.16148E+0	1.21740E+0	-1.06064E+0
1.03654E+11	1.08749E-12	2.14013E-1	3.01561E-1	-9.79578E-1
1.03700E+11	9.54871E-14	-6.44128E+0	4.75940E-1	2.00130E-2
1.03746E+11	9.45282E-13	1.61608E+0	2.57694E-1	1.17660E+0
1.03793E+11	4.85383E-13	-4.61272E+0	5.05362E-1	3.00552E-1
1.03839E+11	2.05796E-13	1.50396E+0	-5.48938E-1	-1.05475E+0
1.03885E+11	3.25524E-14	-1.13185E+1	2.93416E-2	2.70100E-1
1.03931E+11	5.84527E-13	-1.18313E+0	8.25253E-1	2.83702E-1
1.03978E+11	1.23524E-12	-5.53850E+0	5.14254E-1	1.22038E-1
1.04024E+11	3.98984E-13	2.01756E+0	-1.64655E-1	1.25068E+0
1.04070E+11	2.55604E-15	-2.23526E+1	7.10562E-2	2.77224E-2
1.04116E+11	4.10657E-13	-2.93584E+0	-3.35750E-1	-6.29220E-1
1.04163E+11	6.60813E-12	1.28567E+1	4.13096E+0	-1.49664E+0
1.04209E+11	2.73320E-13	-8.92502E+0	3.41318E-2	3.56258E-1
1.04255E+11	5.53665E-13	-6.90133E+0	3.43932E-1	-2.92955E-1
1.04301E+11	2.91054E-13	-6.79036E+0	1.78130E-1	4.21502E-1
1.04348E+11	2.95688E-13	-5.23690E+0	-3.66388E-1	-4.06448E-1
1.04394E+11	1.07496E-12	4.09703E+0	1.39801E+0	-7.83723E-1
1.04440E+11	1.61190E-14	-1.49839E+1	1.76340E-1	-2.53904E-2
1.04486E+11	9.62051E-13	1.93465E+0	4.04651E-1	-1.18215E+0
1.04533E+11	8.44637E-13	-6.54186E-2	-7.88042E-1	-6.03356E-1
1.04579E+11	1.04448E-12	2.05111E+0	1.08410E-1	-1.26171E+0
1.04625E+11	4.06642E-13	-7.32394E-2	2.37061E-1	9.62850E-1
1.04671E+11	1.82470E-12	-3.34540E+0	2.28640E-1	6.40777E-1
1.04718E+11	2.06938E-12	7.14516E+0	2.04406E+0	-1.00201E+0
1.04764E+11	1.06663E-13	-1.00959E+1	2.91346E-1	1.13725E-1
1.04810E+11	2.46278E-13	-8.07207E+0	2.56379E-1	-3.00251E-1
1.04856E+11	1.22685E-13	-1.12117E+1	-1.87552E-1	2.01189E-1
1.04903E+11	1.67649E-12	1.72638E+1	5.67198E+0	4.59197E+0
1.04949E+11	9.12979E-13	-5.06164E+0	-3.81744E-1	-4.07483E-1
1.04995E+11	1.44779E-13	-5.98541E+0	1.94738E-1	4.62721E-1
1.05041E+11	1.65286E-12	1.58574E+0	6.14931E-1	1.03081E+0
1.05088E+11	1.18883E-13	-1.23596E+1	1.94234E-1	1.42671E-1
1.05134E+11	1.72746E-12	3.28461E+0	1.34920E+0	5.56833E-1
1.05180E+11	4.06265E-13	-6.82650E+0	2.99853E-1	3.43143E-1
1.05226E+11	3.58132E-13	-1.41163E+0	5.47440E-2	8.48234E-1
1.05273E+11	2.00666E-12	-2.16301E+0	7.68076E-1	-1.33315E-1
1.05319E+11	9.66114E-13	3.71139E+0	1.45652E+0	-4.78488E-1
1.05365E+11	2.39441E-13	-7.59924E+0	-2.90158E-2	-4.15895E-1
1.05411E+11	3.20212E-13	-5.28366E+0	-3.75822E-1	-3.93690E-1
1.05458E+11	6.67321E-13	7.56250E+0	-1.77553E+0	-1.59763E+0
1.05504E+11	4.29722E-12	2.82061E-1	1.02341E+0	1.40490E-1
1.05550E+11	4.96463E-14	-3.50613E+0	1.05322E-1	-6.59515E-1
1.05596E+11	1.77574E-12	7.68715E-1	-5.38917E-1	9.50370E-1
1.05643E+11	2.61321E-14	-5.78803E+0	6.15591E-2	-5.09866E-1
1.05689E+11	3.83763E-12	4.19392E-2	1.00391E+0	-4.31397E-2
1.05735E+11	1.47670E-12	2.48919E-1	1.02899E+0	-1.33119E-2
1.05781E+11	4.95464E-14	-1.09693E+1	-1.88738E-1	-2.10654E-1
1.05828E+11	1.59445E-12	-3.28802E+0	-2.64578E-1	6.31685E-1
1.05874E+11	6.83112E-14	-9.49524E+0	-3.12957E-1	1.19928E-1
1.05920E+11	7.82466E-16	-3.65935E+1	1.40362E-2	-4.69969E-3
1.05966E+11	7.26464E-13	-3.25450E+0	5.06732E-2	6.85634E-1
1.06012E+11	5.55149E-13	-4.79459E-1	7.58919E-1	5.65259E-1
1.06059E+11	9.21194E-14	-8.69252E+0	-8.78623E-2	3.56944E-1
1.06105E+11	7.65997E-13	-7.17251E+0	1.15589E-1	-4.22368E-1
1.06151E+11	5.59659E-13	6.01843E+0	-1.02054E+0	-1.71945E+0
1.06197E+11	2.88393E-14	-2.58400E+1	5.08201E-2	4.84345E-3
1.06244E+11	4.22969E-13	-3.80943E+1	5.95443E-6	-1.24533E-2
1.06290E+11	9.41681E-13	-5.78563E+1	2.43352E-4	1.25658E-3
1.06336E+11	6.94496E-13	-7.12268E+1	-2.54253E-4	1.03670E-4
1.06382E+11	1.92253E-12	-7.33453E+1	8.71230E-5	-1.96718E-4
1.06429E+11	1.15952E-13	-8.94922E+1	1.54881E-5	2.97349E-5
1.06475E+11	7.88900E-13	-8.34595E+1	-6.66474E-5	-8.17489E-6
1.06521E+11	3.47463E-13	-8.86046E+1	1.85897E-6	-3.70872E-5
1.06567E+11	1.73934E-12	-8.26226E+1	6.50123E-6	-7.36520E-5
1.06614E+11	9.09642E-13	-8.62203E+1	4.61275E-5	1.61218E-5
1.06660E+11	9.76594E-13	-8.67570E+1	-2.60600E-5	3.78283E-5
1.06706E+11	1.66939E-12	-8.52477E+1	-1.98083E-6	5.46174E-5
1.06752E+11	5.04992E-13	-9.12170E+1	2.15455E-5	-1.70704E-5
1.06799E+11	1.46049E-12	-8.70182E+1	4.05345E-5	-1.85434E-5
1.06845E+11	6.29888E-13	-9.06863E+1	-2.88054E-5	4.90673E-6
1.06891E+11	6.37288E-13	-9.02425E+1	1.88307E-5	2.43126E-5
1.06937E+11	4.27697E-13	-9.15243E+1	-1.79637E-5	1.95270E-5
1.06984E+11	1.71078E-13	-9.53349E+1	5.46977E-6	1.62123E-5
1.07030E+11	7.17736E-12	-7.96517E+1	4.56437E-5	9.35502E-5
1.07076E+11	5.11007E-10	-6.19820E+1	7.94592E-4	4.69828E-5
1.07122E+11	1.83865E-7	-3.68225E+1	2.37176E-3	-1.42206E-2
1.07169E+11	6.59146E-7	-3.10111E+1	-2.77309E-2	4.82596E-3
1.07215E+11	4.53335E-7	-3.19062E+1	-1.15954E-2	2.25893E-2
1.07261E+11	1.35856E-6	-2.62120E+1	2.88384E-2	3.95037E-2
1.07307E+11	1.14779E-6	-2.54007E+1	3.40917E-2	-4.14887E-2
1.07354E+11	3.03903E-7	-2.92131E+1	-6.80230E-3	-3.39465E-2
1.07400E+11	3.75813E-7	-2.64890E+1	-4.36843E-2	-1.83319E-2
1.07446E+11	2.61726E-7	-2.61825E+1	3.79004E-3	4.89300E-2
1.07492E+11	2.94880E-7	-2.37878E+1	5.96588E-2	2.49251E-2
1.07539E+11	4.34618E-7	-2.04472E+1	8.25792E-2	-4.69265E-2
1.07585E+11	1.55136E-6	-1.34865E+1	-2.92024E-2	-2.09653E-1
1.07631E+11	1.50737E-6	-1.23615E+1	-2.39588E-1	2.55686E-2
1.07677E+11	9.98176E-7	-1.30952E+1	-6.48829E-2	2.11712E-1
1.07724E+11	1.16259E-6	-1.14279E+1	1.63625E-1	2.12618E-1
1.07770E+11	2.43075E-6	-7.70435E+0	3.02065E-1	-2.80019E-1
1.07816E+11	1.52895E-6	-9.95606E+0	-2.15474E-1	-2.33641E-1
1.07862E+11	1.21364E-6	-1.10671E+1	-2.69085E-1	7.62058E-2
1.07909E+11	3.00508E-6	-7.28858E+0	1.20742E-2	4.31918E-1
1.07955E+11	2.03469E-6	-8.81101E+0	3.59301E-1	-4.89363E-2
1.08001E+11	1.56318E-6	-9.48894E+0	2.54821E-2	-3.34423E-1
1.08047E+11	1.68043E-6	-9.05442E+0	-2.96419E-1	-1.90946E-1
1.08094E+11	2.09806E-6	-8.28478E+0	-2.01712E-1	3.28241E-1
1.08140E+11	1.75988E-6	-9.07970E+0	3.06542E-1	1.72149E-1
1.08186E+11	1.46817E-6	-1.01909E+1	2.31913E-1	-2.04734E-1
1.08232E+11	2.20126E-6	-9.18781E+0	-1.52767E-1	-3.11812E-1
1.08279E+11	1.91998E-6	-1.09581E+1	-2.42849E-1	1.45696E-1
1.08325E+11	2.90165E-6	-1.12727E+1	3.04123E-2	2.71429E-1
1.08371E+11	5.92342E-6	-1.03323E+1	3.03226E-1	2.62389E-2
1.08417E+11	8.15648E-6	-1.09039E+1	6.00662E-2	-2.78570E-1
1.08464E+11	9.13976E-6	-1.17006E+1	-2.50884E-1	-6.82318E-2
1.08510E+11	1.02326E-5	-1.21486E+1	-1.79055E-1	1.70037E-1
1.08556E+11	1.70511E-5	-1.06008E+1	1.45029E-1	2.56994E-1
1.08602E+11	1.17862E-5	-1.27953E+1	1.94484E-1	-1.21302E-1
1.08649E+11	1.09091E-5	-1.35846E+1	-3.56803E-2	-2.06238E-1
1.08695E+11	1.78691E-5	-1.18274E+1	-2.55966E-1	-1.16215E-2
1.08741E+11	1.41352E-5	-1.32008E+1	-1.86151E-2	2.17962E-1
1.08787E+11	1.53538E-5	-1.31163E+1	2.15374E-1	4.90701E-2
1.08834E+11	1.14025E-5	-1.47235E+1	1.06886E-1	-1.49254E-1
1.08880E+11	1.65243E-5	-1.33879E+1	-1.11051E-1	-1.83042E-1
1.08926E+11	1.68033E-5	-1.37298E+1	-1.67308E-1	1.19891E-1
1.08972E+11	2.09400E-5	-1.31672E+1	6.10175E-2	2.10957E-1
1.09019E+11	2.56452E-5	-1.25783E+1	2.31701E-1	-3.92953E-2
1.09065E+11	2.22046E-5	-1.31734E+1	1.60969E-3	-2.19440E-1
1.09111E+11	2.88950E-5	-1.18504E+1	-2.52496E-1	-3.93969E-2
1.09157E+11	3.15677E-5	-1.17327E+1	-1.01997E-1	2.38113E-1
1.09204E+11	2.55459E-5	-1.29802E+1	1.78216E-1	1.36332E-1
1.09250E+11	2.81131E-5	-1.28675E+1	1.34176E-1	-1.83490E-1
1.09296E+11	2.81572E-5	-1.30250E+1	-1.14483E-1	-1.91637E-1
1.09342E+11	4.24008E-5	-1.13797E+1	-2.54646E-1	8.90935E-2
1.09389E+11	2.27172E-5	-1.39613E+1	6.79626E-2	1.88543E-1
1.09435E+11	2.47005E-5	-1.35110E+1	2.09772E-1	-2.34757E-2
1.09481E+11	2.53935E-5	-1.34849E+1	2.35459E-2	-2.10404E-1
1.09527E+11	3.05517E-5	-1.32128E+1	-2.01290E-1	-8.48790E-2
1.09574E+11	3.15719E-5	-1.30803E+1	-5.13992E-2	2.15775E-1
1.09620E+11	2.55592E-5	-1.43500E+1	1.46847E-1	1.23143E-1
1.09666E+11	5.33988E-5	-1.16999E+1	2.21535E-1	-1.36134E-1
1.09712E+11	4.58143E-5	-1.28536E+1	-1.25769E-1	-1.89787E-1
1.09759E+11	5.87156E-5	-1.24966E+1	-2.22366E-1	8.26498E-2
1.09805E+11	6.46072E-5	-1.24958E+1	4.67411E-2	2.32601E-1
1.09851E+11	5.97198E-5	-1.33278E+1	2.14953E-1	1.64545E-2
1.09897E+11	9.22222E-5	-1.20480E+1	-6.38494E-3	-2.49722E-1
1.09944E+11	8.86285E-5	-1.27884E+1	-2.12977E-1	-8.52173E-2
1.09990E+11	1.43211E-4	-1.09094E+1	-1.46022E-1	2.44509E-1
1.10036E+11	8.77724E-5	-1.32325E+1	1.77962E-1	1.25842E-1
1.10082E+11	1.02492E-4	-1.26311E+1	1.97514E-1	-1.24701E-1
1.10129E+11	1.32532E-4	-1.16080E+1	-7.72510E-2	-2.51173E-1
1.10175E+11	1.21396E-4	-1.20761E+1	-2.46992E-1	3.15286E-2
1.10221E+11	1.10602E-4	-1.25861E+1	3.16459E-2	2.32657E-1
1.10267E+11	1.05496E-4	-1.28932E+1	2.23330E-1	3.86096E-2
1.10314E+11	1.55476E-4	-1.11573E+1	1.23184E-1	-2.47857E-1
1.10360E+11	1.18183E-4	-1.26122E+1	-2.21648E-1	-7.53166E-2
1.10406E+11	1.01199E-4	-1.33675E+1	-1.52409E-1	1.51076E-1
1.10452E+11	1.34212E-4	-1.21209E+1	9.50317E-2	2.28763E-1
1.10499E+11	1.10179E-4	-1.27440E+1	2.28520E-1	-3.06676E-2
1.10545E+11	1.19014E-4	-1.20300E+1	-4.34535E-2	-2.46521E-1
1.10591E+11	8.85172E-5	-1.31030E+1	-2.18137E-1	-3.68854E-2
1.10637E+11	1.19106E-4	-1.16561E+1	-1.65274E-1	2.02437E-1
1.10684E+11	9.10625E-5	-1.27260E+1	1.75238E-1	1.50578E-1
1.10730E+11	1.06128E-4	-1.18928E+1	2.37758E-1	-9.02455E-2
1.10776E+11	1.40034E-4	-1.06321E+1	-2.02224E-2	-2.93337E-1
1.10822E+11	1.07751E-4	-1.16148E+1	-2.62370E-1	-1.05031E-2
1.10869E+11	1.20655E-4	-1.08725E+1	-5.99771E-2	2.79646E-1
1.10915E+11	1.23565E-4	-1.05002E+1	2.39232E-1	1.78573E-1
1.10961E+11	1.68155E-4	-8.84447E+0	3.33506E-1	-1.38767E-1
1.11007E+11	1.23197E-4	-9.86094E+0	-1.28617E-1	-2.94468E-1
1.11054E+11	1.20077E-4	-9.53085E+0	-3.27437E-1	-6.47502E-2
1.11100E+11	1.95140E-4	-7.01724E+0	-2.25528E-1	3.84543E-1
1.11146E+11	1.76424E-4	-6.96779E+0	3.65104E-1	2.60212E-1
1.11192E+11	1.77124E-4	-6.49142E+0	2.87639E-1	-3.76270E-1
1.11239E+11	1.54154E-4	-6.59860E+0	-1.41100E-1	-4.46024E-1
1.11285E+11	2.29859E-4	-3.91680E+0	-6.18008E-1	-1.54510E-1
1.11331E+11	2.31502E-4	-2.85094E+0	-1.26299E-1	7.09039E-1
1.11377E+11	1.73622E-4	-3.18832E+0	5.93588E-1	3.57173E-1
1.11424E+11	1.99006E-4	-1.83728E+0	6.30731E-1	-5.07172E-1
1.11470E+11	2.23654E-4	-5.68372E-1	-4.89637E-1	-7.98489E-1
1.11516E+11	2.25185E-4	1.66995E-1	-8.96132E-1	4.85950E-1
1.11562E+11	1.82039E-4	-4.11621E-1	-1.11708E-1	9.47151E-1
1.11609E+11	2.30096E-4	7.36471E-1	9.43143E-1	5.43402E-1
1.11655E+11	2.54868E-4	1.08326E+0	5.23953E-1	-1.00437E+0
1.11701E+11	1.68315E-4	-7.38438E-1	-7.02439E-1	-5.91792E-1
1.11747E+11	1.89226E-4	3.53787E-1	-7.55454E-1	7.17051E-1
1.11794E+11	1.97820E-4	1.91551E+0	6.87000E-1	1.04038E+0
1.11840E+11	9.53670E-5	-9.79169E-3	7.51062E-1	-6.58524E-1
1.11886E+11	7.78028E-5	-6.90514E-1	2.93624E-2	-9.23113E-1
1.11932E+11	1.15930E-4	8.78901E-1	-1.09238E+0	-1.76115E-1
1.11979E+11	1.28923E-4	1.36852E+0	1.01027E-1	1.16628E+0
1.12025E+11	4.10935E-5	-3.51822E+0	6.66811E-1	1.32529E-2
1.12071E+11	6.60864E-5	-1.46072E+0	5.26151E-1	-6.61471E-1
1.12117E+11	1.32611E-4	1.97591E+0	-9.08710E-1	-8.66241E-1
1.12164E+11	4.88789E-5	-1.90902E+0	-4.46579E-1	6.66994E-1
1.12210E+11	3.25574E-5	-2.93293E+0	6.97554E-2	7.10015E-1
1.12256E+11	6.44054E-5	2.18374E-1	1.02511E+0	2.66142E-2
1.12302E+11	6.20967E-5	7.11761E-1	-2.99185E-1	-1.04335E+0
1.12349E+11	1.96278E-5	-3.51369E+0	-6.64418E-1	-6.18594E-2
1.12395E+11	2.69932E-5	-1.51998E+0	-4.49718E-1	7.08838E-1
1.12441E+11	3.95739E-5	5.21189E-1	6.69937E-1	8.23827E-1
1.12487E+11	1.65425E-5	-3.19688E+0	5.69916E-1	-3.92646E-1
1.12534E+11	1.44145E-5	-4.01211E+0	-6.33833E-2	-6.26882E-1
1.12580E+11	2.02447E-5	-3.19219E+0	-6.89873E-1	-5.97154E-2
1.12626E+11	2.03736E-5	-3.99576E+0	1.47126E-1	6.13881E-1
1.12672E+11	7.10607E-6	-9.50938E+0	3.29547E-1	5.79553E-2
1.12719E+11	1.45561E-5	-7.41269E+0	2.98715E-1	-3.03658E-1
1.12765E+11	2.48736E-5	-6.26617E+0	-3.29362E-1	-3.57459E-1
1.12811E+11	8.27674E-6	-1.22015E+1	-1.79710E-1	1.67150E-1
1.12857E+11	7.00554E-6	-1.42453E+1	1.51580E-2	1.93378E-1
1.12904E+11	1.92060E-5	-1.11603E+1	2.76433E-1	1.18318E-2
1.12950E+11	1.47017E-5	-1.34949E+1	-9.44239E-2	-1.89222E-1
1.12996E+11	6.26669E-6	-1.86573E+1	-1.16503E-1	-7.06872E-3
1.13042E+11	1.20948E-5	-1.73296E+1	-6.71797E-2	1.18243E-1
1.13089E+11	3.48037E-5	-1.40911E+1	1.77271E-1	8.69457E-2
1.13135E+11	1.31504E-5	-1.94461E+1	4.07106E-2	-9.85030E-2
1.13181E+11	1.78170E-5	-1.91172E+1	-8.40550E-2	-7.20340E-2
1.13227E+11	3.67364E-5	-1.67745E+1	-1.07791E-1	9.69383E-2
1.13274E+11	5.01472E-5	-1.59481E+1	1.35847E-1	8.34660E-2
1.13320E+11	3.47130E-5	-1.79486E+1	1.04960E-1	-7.08586E-2
1.13366E+11	7.39003E-5	-1.47603E+1	-8.34613E-2	-1.62638E-1
1.13412E+11	1.35234E-4	-1.19606E+1	-2.29359E-1	1.05194E-1
1.13459E+11	6.84701E-5	-1.47943E+1	9.44694E-2	1.55667E-1
1.13505E+11	1.12058E-4	-1.24695E+1	2.33998E-1	-4.33098E-2
1.13551E+11	1.99507E-4	-9.84837E+0	-5.02891E-2	-3.17843E-1
1.13597E+11	1.76561E-4	-1.03542E+1	-2.94474E-1	7.38403E-2
1.13644E+11	1.35101E-4	-1.15304E+1	-7.34348E-2	2.54771E-1
1.13690E+11	2.72140E-4	-8.57034E+0	3.45875E-1	1.39121E-1
1.13736E+11	3.22195E-4	-7.98235E+0	1.15056E-1	-3.81964E-1
1.13782E+11	2.32629E-4	-9.56690E+0	-3.13921E-1	-1.09273E-1
1.13829E+11	2.84317E-4	-8.74113E+0	-1.92978E-1	3.10458E-1
1.13875E+11	3.36612E-4	-7.92327E+0	2.96105E-1	2.71360E-1
1.13921E+11	2.93764E-4	-8.45689E+0	2.55614E-1	-2.78072E-1
1.13967E+11	2.80644E-4	-8.58284E+0	-1.37031E-1	-3.46132E-1
1.14014E+11	2.80746E-4	-8.47149E+0	-3.69768E-1	7.38634E-2
1.14060E+11	2.75840E-4	-8.50886E+0	6.74188E-2	3.69351E-1
1.14106E+11	2.42163E-4	-9.00074E+0	3.54568E-1	-1.23493E-2
1.14152E+11	3.18279E-4	-7.72155E+0	7.38366E-2	-4.04391E-1
1.14199E+11	2.14800E-4	-9.02235E+0	-3.46933E-1	-6.98842E-2
1.14245E+11	1.70774E-4	-9.56907E+0	-1.46330E-1	2.98361E-1
1.14291E+11	2.19451E-4	-7.97552E+0	2.59508E-1	3.03382E-1
1.14337E+11	1.80828E-4	-8.02419E+0	3.38034E-1	-2.08187E-1
1.14384E+11	1.20196E-4	-9.43015E+0	-2.05652E-1	-2.67821E-1
1.14430E+11	1.06119E-4	-1.01809E+1	-2.83468E-1	1.24761E-1
1.14476E+11	1.58878E-4	-8.38018E+0	3.19676E-2	3.79715E-1
1.14522E+11	1.52814E-4	-8.53665E+0	3.64255E-1	-8.59375E-2
1.14569E+11	1.08809E-4	-1.00355E+1	7.25055E-3	-3.14854E-1
1.14615E+11	1.47383E-4	-8.55896E+0	-3.41055E-1	-1.51759E-1
1.14661E+11	1.33294E-4	-8.96494E+0	-2.11460E-1	2.86701E-1
1.14707E+11	1.29168E-4	-9.03323E+0	3.06931E-1	1.75289E-1
1.14754E+11	1.02961E-4	-9.87001E+0	1.94142E-1	-2.55631E-1
1.14800E+11	1.26103E-4	-8.87811E+0	-1.86819E-1	-3.07530E-1
1.14846E+11	1.06269E-4	-9.66106E+0	-2.66110E-1	1.93138E-1
1.14892E+11	8.81241E-5	-1.04042E+1	8.23148E-2	2.90409E-1
1.14939E+11	1.19982E-4	-8.81523E+0	3.61393E-1	2.75546E-2
1.14985E+11	1.15968E-4	-9.15931E+0	7.95153E-2	-3.39169E-1
1.15031E+11	9.13398E-5	-1.03689E+1	-2.98442E-1	-5.28116E-2
1.15077E+11	1.00263E-4	-1.01132E+1	-1.24543E-1	2.86208E-1
1.15124E+11	1.38662E-4	-8.88678E+0	2.41379E-1	2.66371E-1
1.15170E+11	1.44562E-4	-8.76690E+0	2.53103E-1	-2.62246E-1
1.15216E+11	8.44909E-5	-1.10098E+1	-1.25334E-1	-2.52082E-1
1.15262E+11	1.29999E-4	-9.27065E+0	-3.43096E-1	2.39037E-2
1.15309E+11	1.39475E-4	-9.11584E+0	1.54744E-2	3.49771E-1
1.15355E+11	1.03431E-4	-1.04597E+1	2.96077E-1	-4.78959E-2
1.15401E+11	9.42569E-5	-1.09428E+1	3.07038E-2	-2.82035E-1
1.15447E+11	1.23980E-4	-9.73876E+0	-2.43774E-1	-2.16273E-1
1.15494E+11	1.55743E-4	-8.57566E+0	-2.55544E-1	2.71130E-1
1.15540E+11	9.81904E-5	-1.04765E+1	1.80152E-1	2.39069E-1
1.15586E+11	1.15468E-4	-9.77934E+0	3.12417E-1	-8.72234E-2
1.15632E+11	1.24485E-4	-9.41963E+0	-8.53419E-2	-3.27131E-1
1.15679E+11	9.66053E-5	-1.05652E+1	-2.84813E-1	8.17198E-2
1.15725E+11	1.14295E-4	-9.89850E+0	5.45950E-2	3.15252E-1
1.15771E+11	1.08464E-4	-1.00277E+1	2.79022E-1	1.46668E-1
1.15817E+11	1.36898E-4	-8.90562E+0	1.94282E-1	-3.01517E-1
1.15864E+11	8.28461E-5	-1.09328E+1	-1.97662E-1	-2.03963E-1
1.15910E+11	1.21359E-4	-9.15959E+0	-3.14974E-1	1.48801E-1
1.15956E+11	1.14547E-4	-9.34273E+0	1.34909E-1	3.13272E-1
1.16002E+11	7.97883E-5	-1.08092E+1	2.74253E-1	-8.82360E-2
1.16049E+11	8.07196E-5	-1.05467E+1	1.17775E-2	-2.96705E-1
1.16095E+11	9.43058E-5	-9.70261E+0	-2.77925E-1	-1.72757E-1
1.16141E+11	1.30423E-4	-8.30822E+0	-1.68704E-1	3.45210E-1
1.16187E+11	7.43640E-5	-1.07559E+1	2.66240E-1	1.14631E-1
1.16234E+11	8.90831E-5	-9.96632E+0	2.36491E-1	-2.11779E-1
1.16280E+11	1.08757E-4	-8.99307E+0	-1.99731E-1	-2.93600E-1
1.16326E+11	9.28974E-5	-9.63484E+0	-3.00047E-1	1.36906E-1
1.16372E+11	9.28630E-5	-9.64500E+0	3.03236E-2	3.28022E-1
1.16419E+11	9.07580E-5	-9.71852E+0	2.75886E-1	1.74879E-1
1.16465E+11	1.34040E-4	-8.08000E+0	1.90346E-1	-3.45492E-1
1.16511E+11	1.05866E-4	-9.45242E+0	-3.09709E-1	-1.32357E-1
1.16557E+11	1.02274E-4	-9.64246E+0	-2.17728E-1	2.47336E-1
1.16604E+11	1.10340E-4	-8.95599E+0	1.79967E-1	3.07875E-1
1.16650E+11	8.14943E-5	-9.68910E+0	3.12704E-1	-9.81704E-2
1.16696E+11	9.85575E-5	-8.53042E+0	2.05325E-3	-3.74518E-1
1.16742E+11	8.02715E-5	-9.51651E+0	-3.09622E-1	-1.26135E-1
1.16789E+11	1.22253E-4	-7.93397E+0	-1.34553E-1	3.77906E-1
1.16835E+11	8.75446E-5	-9.56024E+0	3.24584E-1	7.28121E-2
1.16881E+11	1.05711E-4	-8.44689E+0	2.40474E-1	-2.91829E-1
1.16927E+11	1.33776E-4	-7.37757E+0	-2.73303E-1	-3.28965E-1
1.16974E+11	1.16048E-4	-8.20279E+0	-3.41289E-1	1.86496E-1
1.17020E+11	1.07415E-4	-8.67036E+0	1.02019E-1	3.54136E-1
1.17066E+11	1.25319E-4	-8.02027E+0	3.89000E-1	8.01875E-2
1.17112E+11	1.66506E-4	-6.78407E+0	1.60164E-2	-4.57647E-1
1.17159E+11	1.24156E-4	-8.09228E+0	-3.91691E-1	4.16591E-2
1.17205E+11	9.28024E-5	-9.28531E+0	-1.00661E-1	3.28261E-1
1.17251E+11	1.63102E-4	-6.75587E+0	3.51130E-1	2.96262E-1
1.17297E+11	1.45624E-4	-7.05889E+0	3.12560E-1	-3.14873E-1
1.17344E+11	1.60909E-4	-6.46265E+0	-3.23870E-1	-3.47727E-1
1.17390E+11	1.20912E-4	-7.53546E+0	-3.98454E-1	1.32727E-1
1.17436E+11	1.54722E-4	-6.25942E+0	1.47359E-1	4.63583E-1
1.17482E+11	1.50910E-4	-6.41312E+0	4.63821E-1	-1.15178E-1
1.17529E+11	1.42513E-4	-6.69047E+0	1.66264E-2	-4.62590E-1
1.17575E+11	1.50504E-4	-6.38296E+0	-4.51161E-1	-1.62608E-1
1.17621E+11	1.23837E-4	-7.22002E+0	-1.69303E-1	4.01256E-1
1.17667E+11	1.48861E-4	-6.27321E+0	4.50420E-1	1.81647E-1
1.17714E+11	1.40318E-4	-6.29001E+0	2.56771E-1	-4.11134E-1
1.17760E+11	1.35823E-4	-6.25090E+0	-4.31707E-1	-2.25206E-1
1.17806E+11	1.32561E-4	-6.22234E+0	-2.39729E-1	4.25655E-1
1.17853E+11	1.25245E-4	-6.57557E+0	2.64384E-1	3.87443E-1
1.17899E+11	1.96004E-4	-4.91662E+0	5.25588E-1	-2.14744E-1
1.17945E+11	1.43960E-4	-6.30336E+0	-1.56626E-1	-4.57941E-1
1.17991E+11	1.60576E-4	-5.66625E+0	-4.83096E-1	1.94604E-1
1.18038E+11	1.16181E-4	-6.94832E+0	1.99916E-2	4.48904E-1
1.18084E+11	1.40941E-4	-6.10329E+0	4.91054E-1	-6.44297E-2
1.18130E+11	1.64103E-4	-5.50829E+0	-1.00689E-1	-5.20733E-1
1.18176E+11	1.14096E-4	-6.89283E+0	-4.51496E-1	-2.57427E-2
1.18223E+11	1.13510E-4	-6.89255E+0	-1.44285E-1	4.28609E-1
1.18269E+11	1.24214E-4	-6.55297E+0	4.29149E-1	1.92327E-1
1.18315E+11	1.51547E-4	-5.66407E+0	1.79203E-1	-4.89158E-1
1.18361E+11	1.20000E-4	-6.76981E+0	-4.01050E-1	-2.22589E-1
1.18408E+11	8.03493E-5	-8.59251E+0	-2.61417E-1	2.64458E-1
1.18454E+11	1.34742E-4	-6.35962E+0	3.10411E-1	3.67248E-1
1.18500E+11	1.24230E-4	-6.65768E+0	4.20328E-1	-1.98027E-1
1.18546E+11	1.08241E-4	-7.16580E+0	-1.73300E-1	-4.02517E-1
1.18593E+11	8.58221E-5	-8.18651E+0	-3.80235E-1	8.51363E-2
1.18639E+11	9.45900E-5	-7.74572E+0	6.93658E-2	4.04022E-1
1.18685E+11	1.16037E-4	-6.87798E+0	4.52851E-1	1.17292E-2
1.18731E+11	6.48332E-5	-9.37605E+0	4.87321E-2	-3.36267E-1
1.18778E+11	7.77172E-5	-8.48302E+0	-3.50037E-1	-1.38856E-1
1.18824E+11	6.28402E-5	-9.42654E+0	-2.21748E-1	2.54841E-1
1.18870E+11	7.03535E-5	-8.97087E+0	1.90559E-1	3.00711E-1
1.18916E+11	5.75763E-5	-9.92362E+0	2.64559E-1	-1.78277E-1
1.18963E+11	5.17282E-5	-1.03593E+1	-1.11808E-1	-2.82060E-1
1.19009E+11	6.62184E-5	-9.53735E+0	-3.29686E-1	5.04808E-2
1.19055E+11	4.72333E-5	-1.11994E+1	-6.57593E-2	2.67478E-1
1.19101E+11	7.21203E-5	-9.70380E+0	3.12892E-1	9.56916E-2
1.19148E+11	6.01211E-5	-1.04544E+1	1.39020E-1	-2.65970E-1
1.19194E+11	4.16012E-5	-1.17375E+1	-1.98727E-1	-1.65934E-1
1.19240E+11	4.28968E-5	-1.14998E+1	-1.94129E-1	1.81968E-1
1.19286E+11	5.19017E-5	-1.07264E+1	1.49401E-1	2.49554E-1
1.19333E+11	6.81631E-5	-9.37914E+0	3.24478E-1	-1.00408E-1
1.19379E+11	2.76881E-5	-1.33791E+1	4.18541E-3	-2.14270E-1
1.19425E+11	3.86309E-5	-1.21348E+1	-2.16482E-1	-1.19592E-1
1.19471E+11	5.58518E-5	-1.06658E+1	-1.93955E-1	2.19471E-1
1.19518E+11	5.08392E-5	-1.12671E+1	1.88501E-1	1.97894E-1
1.19564E+11	3.26939E-5	-1.33330E+1	1.62805E-1	-1.41116E-1
1.19610E+11	3.92177E-5	-1.25820E+1	-5.53567E-2	-2.28292E-1
1.19656E+11	6.62419E-5	-1.04935E+1	-2.95169E-1	-4.61889E-2
1.19703E+11	4.54998E-5	-1.20920E+1	-8.97998E-2	2.31751E-1
1.19749E+11	4.26263E-5	-1.25504E+1	1.82022E-1	1.49845E-1
1.19795E+11	5.49667E-5	-1.16514E+1	2.17826E-1	-1.44640E-1
1.19841E+11	4.50606E-5	-1.27365E+1	-7.12344E-2	-2.19497E-1
1.19888E+11	5.76460E-5	-1.19401E+1	-2.44080E-1	6.63130E-2
1.19934E+11	5.04919E-5	-1.27628E+1	-8.11768E-3	2.29927E-1
1.19980E+11	7.13066E-5	-1.13656E+1	2.43045E-1	1.18108E-1
1.20026E+11	4.26197E-5	-1.36342E+1	1.53073E-1	-1.40988E-1
1.20073E+11	7.08902E-5	-1.15406E+1	-1.07026E-1	-2.42244E-1
1.20119E+11	7.88741E-5	-1.10008E+1	-2.71533E-1	7.54238E-2
1.20165E+11	6.33317E-5	-1.19673E+1	2.91383E-2	2.50447E-1
1.20211E+11	5.56826E-5	-1.25395E+1	2.33950E-1	3.15129E-2
1.20258E+11	6.75259E-5	-1.17369E+1	1.07833E-1	-2.35389E-1
1.20304E+11	9.43347E-5	-1.02959E+1	-2.29056E-1	-2.02351E-1
1.20350E+11	5.86344E-5	-1.24091E+1	-1.72960E-1	1.65857E-1
1.20396E+11	5.18593E-5	-1.30570E+1	6.87206E-2	2.11526E-1
1.20443E+11	8.64468E-5	-1.08841E+1	2.82711E-1	-4.06803E-2
1.20489E+11	8.77944E-5	-1.11005E+1	1.32933E-2	-2.78278E-1
1.20535E+11	8.63361E-5	-1.14963E+1	-2.66115E-1	-6.15427E-3
1.20581E+11	7.02395E-5	-1.27204E+1	-9.06746E-2	2.12673E-1
1.20628E+11	1.16086E-4	-1.07631E+1	2.15851E-1	1.93117E-1
1.20674E+11	1.12167E-4	-1.11929E+1	2.08622E-1	-1.80164E-1
1.20720E+11	1.00336E-4	-1.18263E+1	-1.69006E-1	-1.92633E-1
1.20766E+11	9.68955E-5	-1.20278E+1	-2.19540E-1	1.20396E-1
1.20813E+11	9.30599E-5	-1.21517E+1	2.83960E-2	2.45200E-1
1.20859E+11	9.82802E-5	-1.18506E+1	2.47481E-1	6.36965E-2
1.20905E+11	9.68260E-5	-1.17832E+1	1.25821E-1	-2.24710E-1
1.20951E+11	1.07896E-4	-1.11544E+1	-1.65715E-1	-2.21806E-1
1.20998E+11	6.64926E-5	-1.31898E+1	-1.97250E-1	9.52283E-2
1.21044E+11	8.51174E-5	-1.20423E+1	6.66244E-2	2.40926E-1
1.21090E+11	1.12451E-4	-1.09947E+1	2.73477E-1	-6.88567E-2
1.21136E+11	1.11084E-4	-1.10986E+1	-3.70529E-3	-2.78634E-1
1.21183E+11	7.54679E-5	-1.27929E+1	-2.24463E-1	-4.67199E-2
1.21229E+11	9.41202E-5	-1.19454E+1	-1.42268E-1	2.08935E-1
1.21275E+11	1.32838E-4	-1.05690E+1	1.67180E-1	2.44482E-1
1.21321E+11	1.29442E-4	-1.06661E+1	2.51321E-1	-1.50393E-1
1.21368E+11	8.82854E-5	-1.25276E+1	-1.14126E-1	-2.07010E-1
1.21414E+11	1.38362E-4	-1.08926E+1	-2.82790E-1	3.81105E-2
1.21460E+11	1.55961E-4	-1.05919E+1	-4.35377E-2	2.92171E-1
1.21506E+11	1.66749E-4	-1.05160E+1	2.90080E-1	6.81927E-2
1.21553E+11	1.30982E-4	-1.17221E+1	8.23154E-2	-2.45944E-1
1.21599E+11	1.73346E-4	-1.07276E+1	-2.25199E-1	-1.84010E-1
1.21645E+11	1.86252E-4	-1.05093E+1	-1.95806E-1	2.24931E-1
1.21691E+11	2.03993E-4	-1.02303E+1	2.39550E-1	1.93522E-1
1.21738E+11	1.87773E-4	-1.05914E+1	2.49981E-1	-1.57413E-1
1.21784E+11	1.71181E-4	-1.09055E+1	4.61480E-3	-2.84884E-1
1.21830E+11	1.67943E-4	-1.09558E+1	-2.64937E-1	-1.00265E-1
1.21876E+11	2.19828E-4	-9.83350E+0	-1.56213E-1	2.81968E-1
1.21923E+11	1.79016E-4	-1.06222E+1	2.23754E-1	1.91277E-1
1.21969E+11	1.69362E-4	-1.06481E+1	2.09413E-1	-2.05631E-1
1.22015E+11	1.38806E-4	-1.14831E+1	-1.65356E-1	-2.09113E-1
1.22061E+11	2.06260E-4	-9.67328E+0	-3.04582E-1	1.22651E-1
1.22108E+11	1.81273E-4	-1.00563E+1	1.72577E-2	3.13710E-1
1.22154E+11	1.60047E-4	-1.04979E+1	2.95081E-1	4.57813E-2
1.22200E+11	1.41133E-4	-1.10069E+1	8.83302E-2	-2.67402E-1
1.22246E+11	2.02827E-4	-9.38136E+0	-2.84520E-1	-1.85358E-1
1.22293E+11	2.04632E-4	-9.32501E+0	-2.14511E-1	2.66083E-1
1.22339E+11	1.62622E-4	-1.03821E+1	2.30443E-1	1.96146E-1
1.22385E+11	1.59034E-4	-1.04670E+1	2.79409E-1	-1.08331E-1
1.22431E+11	1.99967E-4	-9.44527E+0	1.53651E-2	-3.36732E-1
1.22478E+11	2.10604E-4	-9.33832E+0	-3.34736E-1	-6.64039E-2
1.22524E+11	1.91551E-4	-9.79292E+0	-2.76344E-2	3.22676E-1
1.22570E+11	1.52625E-4	-1.07968E+1	2.53876E-1	1.37059E-1
1.22616E+11	1.83054E-4	-9.86569E+0	2.12706E-1	-2.40618E-1
1.22663E+11	1.99019E-4	-9.53067E+0	-2.33992E-1	-2.38034E-1
1.22709E+11	2.14251E-4	-9.12628E+0	-2.85336E-1	2.02158E-1
1.22755E+11	1.76701E-4	-9.94176E+0	4.59327E-2	3.15024E-1
1.22801E+11	1.99106E-4	-9.52644E+0	3.32598E-1	2.99847E-2
1.22848E+11	2.57767E-4	-8.54566E+0	5.69879E-2	-3.69498E-1
1.22894E+11	2.45966E-4	-8.78745E+0	-3.38233E-1	-1.33437E-1
1.22940E+11	2.03221E-4	-9.64128E+0	-2.08128E-1	2.55526E-1
1.22986E+11	1.97481E-4	-9.69509E+0	2.33103E-1	2.30079E-1
1.23033E+11	2.38057E-4	-8.79026E+0	3.08380E-1	-1.92415E-1
1.23079E+11	2.43347E-4	-8.62851E+0	-1.48782E-1	-3.39115E-1
1.23125E+11	2.32822E-4	-8.75836E+0	-3.38909E-1	1.35042E-1
1.23171E+11	1.94282E-4	-9.34873E+0	1.32605E-1	3.13998E-1
1.23218E+11	2.33081E-4	-8.39225E+0	3.75886E-1	5.92630E-2
1.23264E+11	2.48602E-4	-7.89118E+0	1.70419E-1	-3.65333E-1
1.23310E+11	2.66513E-4	-7.40448E+0	-3.48276E-1	-2.45940E-1
1.23356E+11	1.60768E-4	-9.47801E+0	-2.55903E-1	2.17451E-1
1.23403E+11	2.01710E-4	-8.38448E+0	8.53075E-2	3.71193E-1
1.23449E+11	2.23274E-4	-7.94518E+0	3.94296E-1	-7.09469E-2
1.23495E+11	2.36643E-4	-7.68516E+0	-1.15963E-1	-3.96179E-1
1.23541E+11	1.60973E-4	-9.40396E+0	-3.38565E-1	9.17986E-3
1.23588E+11	1.90897E-4	-8.70303E+0	-1.14473E-1	3.48853E-1
1.23634E+11	2.35108E-4	-7.73387E+0	3.79127E-1	1.57378E-1
1.23680E+11	2.18693E-4	-8.02435E+0	1.67561E-1	-3.59898E-1
1.23726E+11	1.70235E-4	-8.94774E+0	-2.85310E-1	-2.14510E-1
1.23773E+11	1.65387E-4	-8.81953E+0	-2.84879E-1	2.23781E-1
1.23819E+11	1.75640E-4	-8.31041E+0	2.03100E-1	3.26048E-1
1.23865E+11	1.59343E-4	-8.45725E+0	3.63779E-1	-1.01566E-1
1.23911E+11	1.42212E-4	-8.79220E+0	1.81654E-2	-3.62950E-1
1.23958E+11	1.42584E-4	-8.84607E+0	-3.43880E-1	-1.10368E-1
1.24004E+11	1.42565E-4	-8.94763E+0	-1.70464E-1	3.13627E-1
1.24050E+11	1.56337E-4	-8.41696E+0	3.22393E-1	2.00109E-1
1.24096E+11	1.45969E-4	-8.59621E+0	2.00299E-1	-3.13112E-1
1.24143E+11	1.37615E-4	-8.88355E+0	-3.23355E-1	-1.57338E-1
1.24189E+11	1.21513E-4	-9.54882E+0	-2.51076E-1	2.18880E-1
1.24235E+11	1.47551E-4	-8.83214E+0	1.32628E-1	3.36547E-1
1.24281E+11	1.68676E-4	-8.46108E+0	3.73352E-1	-5.59816E-2
1.24328E+11	1.49635E-4	-9.06769E+0	1.37408E-3	-3.52056E-1
1.24374E+11	1.54258E-4	-8.96989E+0	-3.47698E-1	-7.66457E-2
1.24420E+11	1.61184E-4	-8.74925E+0	-1.17971E-1	3.45627E-1
1.24466E+11	1.82333E-4	-8.18973E+0	3.82649E-1	7.27584E-2
1.24513E+11	1.74170E-4	-8.36874E+0	1.16103E-1	-3.63467E-1
1.24559E+11	1.30708E-4	-9.84136E+0	-2.64950E-1	-1.83090E-1
1.24605E+11	1.75849E-4	-8.93944E+0	-2.38491E-1	2.66050E-1
1.24651E+11	2.24249E-4	-8.15280E+0	2.81495E-1	2.71608E-1
1.24698E+11	1.78496E-4	-8.60788E+0	2.70462E-1	-2.54241E-1
1.24744E+11	1.03884E-4	-1.04890E+1	-1.51805E-1	-2.57499E-1
1.24790E+11	1.26786E-4	-9.73780E+0	-3.07044E-1	1.09304E-1
1.24836E+11	1.73055E-4	-8.75563E+0	3.55382E-2	3.63203E-1
1.24883E+11	1.37076E-4	-1.02389E+1	3.02533E-1	5.58667E-2
1.24929E+11	1.26453E-4	-1.08507E+1	9.18257E-2	-2.71622E-1
1.24975E+11	1.53946E-4	-1.00175E+1	-2.97370E-1	-1.05689E-1
1.25021E+11	1.59264E-4	-9.49856E+0	-1.30607E-1	3.08514E-1
1.25068E+11	1.26465E-4	-1.05686E+1	2.66164E-1	1.29939E-1
1.25114E+11	1.21119E-4	-1.10879E+1	1.76859E-1	-2.15785E-1
1.25160E+11	1.20644E-4	-1.06541E+1	-1.70807E-1	-2.38420E-1
1.25206E+11	8.70248E-5	-1.12404E+1	-2.70124E-1	4.67849E-2
1.25253E+11	6.73327E-5	-1.15696E+1	2.75665E-2	2.62505E-1
1.25299E+11	6.35181E-5	-1.14687E+1	2.66478E-1	-1.72099E-2
1.25345E+11	5.98664E-5	-1.19399E+1	2.54984E-2	-2.51645E-1
1.25391E+11	4.89237E-5	-1.27441E+1	-2.04115E-1	-1.07224E-1
1.25438E+11	5.30089E-5	-1.23276E+1	-1.55851E-1	1.84990E-1
1.25484E+11	7.78323E-5	-1.09025E+1	1.77023E-1	2.23381E-1
1.25530E+11	5.42888E-5	-1.29254E+1	1.97999E-1	-1.08553E-1
1.25576E+11	6.29760E-5	-1.26700E+1	-8.66765E-2	-2.15785E-1
1.25623E+11	8.22722E-5	-1.18729E+1	-2.39657E-1	8.67966E-2
1.25669E+11	9.84560E-5	-1.12640E+1	5.43241E-2	2.67951E-1
1.25715E+11	5.25248E-5	-1.40716E+1	1.92313E-1	4.66406E-2
1.25761E+11	5.32998E-5	-1.41521E+1	1.24730E-1	-1.51272E-1
1.25808E+11	8.83719E-5	-1.20833E+1	-1.13663E-1	-2.21310E-1
1.25854E+11	8.79526E-5	-1.22912E+1	-2.20649E-1	1.01580E-1
1.25900E+11	6.05926E-5	-1.41014E+1	6.15270E-2	1.87367E-1
1.25946E+11	7.30730E-5	-1.35045E+1	2.09144E-1	-2.96807E-2
1.25993E+11	9.79331E-5	-1.24368E+1	4.78429E-2	-2.34029E-1
1.26039E+11	8.14743E-5	-1.33308E+1	-1.84328E-1	-1.11651E-1
1.26085E+11	6.44636E-5	-1.44243E+1	-1.32677E-1	1.36023E-1
1.26131E+11	8.70671E-5	-1.31448E+1	1.17564E-1	1.86156E-1
1.26178E+11	7.74918E-5	-1.36560E+1	1.82002E-1	-9.98376E-2
1.26224E+11	6.41813E-5	-1.45630E+1	-5.12150E-2	-1.79853E-1
1.26270E+11	7.74816E-5	-1.38525E+1	-2.01296E-1	-2.58141E-2
1.26316E+11	9.36542E-5	-1.29884E+1	-1.37852E-1	1.76775E-1
1.26363E+11	6.88407E-5	-1.42056E+1	4.59798E-2	1.89356E-1
1.26409E+11	6.82003E-5	-1.41565E+1	1.95504E-1	-1.34232E-2
1.26455E+11	8.86063E-5	-1.29432E+1	-2.85077E-2	-2.23531E-1
1.26501E+11	8.18546E-5	-1.32107E+1	-1.97531E-1	9.34170E-2
1.26548E+11	5.46741E-5	-1.49131E+1	3.18344E-2	1.76772E-1
1.26594E+11	7.25426E-5	-1.34741E+1	2.11970E-1	-2.14162E-3
1.26640E+11	9.58439E-5	-1.19999E+1	9.98838E-2	-2.30478E-1
1.26686E+11	7.68878E-5	-1.29496E+1	-1.63353E-1	-1.54983E-1
1.26733E+11	7.55503E-5	-1.34800E+1	-1.90370E-1	9.29176E-2
1.26779E+11	1.07100E-4	-1.22355E+1	7.56281E-2	2.32479E-1
1.26825E+11	1.16141E-4	-1.17428E+1	2.54044E-1	-4.90537E-2
1.26871E+11	6.89460E-5	-1.37070E+1	6.70933E-3	-2.06263E-1
1.26918E+11	6.18739E-5	-1.38227E+1	-1.87851E-1	-7.86270E-2
1.26964E+11	7.23825E-5	-1.29698E+1	-1.48322E-1	1.68728E-1
1.27010E+11	6.95387E-5	-1.31116E+1	1.13880E-1	1.89416E-1
1.27056E+11	5.74337E-5	-1.40054E+1	1.65380E-1	-1.11402E-1
1.27103E+11	6.88029E-5	-1.32634E+1	-7.76821E-2	-2.02816E-1
1.27149E+11	7.83865E-5	-1.29018E+1	-2.26416E-1	-7.32105E-4
1.27195E+11	7.55984E-5	-1.31886E+1	-1.20998E-1	1.82616E-1
1.27241E+11	8.11733E-5	-1.28482E+1	1.21134E-1	1.92946E-1
1.27288E+11	9.80021E-5	-1.19424E+1	2.48894E-1	-4.46092E-2
1.27334E+11	7.30219E-5	-1.32186E+1	6.22011E-3	-2.18220E-1
1.27380E+11	7.34011E-5	-1.31843E+1	-2.18858E-1	1.17047E-2
1.27426E+11	9.48460E-5	-1.19200E+1	-1.30337E-3	2.53510E-1
1.27473E+11	1.16918E-4	-1.09362E+1	2.74717E-1	7.16898E-2
1.27519E+11	6.61408E-5	-1.33519E+1	1.36788E-1	-1.65853E-1
1.27565E+11	8.87552E-5	-1.19133E+1	-1.36839E-1	-2.13643E-1
1.27611E+11	1.16122E-4	-1.06650E+1	-2.68390E-1	1.17344E-1
1.27658E+11	1.15187E-4	-1.06713E+1	1.27145E-1	2.63652E-1
1.27704E+11	7.50849E-5	-1.24103E+1	2.13594E-1	-1.08558E-1
1.27750E+11	9.16680E-5	-1.14797E+1	-3.34376E-2	-2.64589E-1
1.27796E+11	1.26027E-4	-1.00533E+1	-2.88705E-1	-1.24220E-1
1.27843E+11	1.02262E-4	-1.07147E+1	-2.11898E-1	1.99815E-1
1.27889E+11	9.59606E-5	-1.07532E+1	1.60134E-1	2.41730E-1
1.27935E+11	1.14909E-4	-9.80787E+0	2.72111E-1	-1.74581E-1
1.27981E+11	1.10922E-4	-9.96196E+0	-1.81609E-1	-2.60572E-1
1.28028E+11	8.29664E-5	-1.06977E+1	-2.19358E-1	1.92460E-1
1.28074E+11	8.08660E-5	-1.12084E+1	9.97331E-2	2.56447E-1
1.28120E+11	9.48883E-5	-1.04961E+1	2.91355E-1	6.57134E-2
1.28166E+11	8.29181E-5	-1.08725E+1	1.92247E-1	-2.11754E-1
1.28213E+11	9.59521E-5	-1.01162E+1	-1.96311E-1	-2.42532E-1
1.28259E+11	1.14815E-4	-9.28551E+0	-2.79003E-1	2.00100E-1
1.28305E+11	9.78965E-5	-9.41932E+0	-3.34161E-1	5.14007E-2
1.28351E+11	7.78894E-5	-1.07220E+1	-3.55661E-3	2.90982E-1
1.28398E+11	8.20157E-5	-1.03119E+1	2.73154E-1	1.35857E-1
1.28444E+11	1.04767E-4	-9.06725E+0	2.65237E-1	-2.31533E-1
1.28490E+11	7.86008E-5	-1.00085E+1	-1.75365E-1	-2.62774E-1
1.28536E+11	6.28799E-5	-1.09032E+1	-2.20158E-1	1.80977E-1
1.28583E+11	9.77169E-5	-8.74724E+0	2.36325E-1	2.78545E-1
1.28629E+11	1.03306E-4	-8.33041E+0	3.20517E-1	-2.10114E-1
1.28675E+11	7.71596E-5	-9.64502E+0	-1.14502E-1	-3.08879E-1
1.28721E+11	6.97949E-5	-1.00214E+1	-2.99605E-1	-9.87161E-2
1.28768E+11	1.11204E-4	-7.81673E+0	-2.92562E-1	2.82361E-1
1.28814E+11	1.01954E-4	-8.03383E+0	2.51727E-1	3.06419E-1
1.28860E+11	7.97003E-5	-9.14840E+0	1.96454E-1	-2.88218E-1
1.28906E+11	8.15303E-5	-8.99284E+0	-2.79359E-1	-2.19223E-1
1.28953E+11	1.00398E-4	-8.07533E+0	-3.07537E-1	2.47356E-1
1.28999E+11	8.56962E-5	-8.86335E+0	1.41081E-1	3.31682E-1
1.29045E+11	9.41508E-5	-8.52891E+0	3.74458E-1	-9.90140E-3
1.29091E+11	1.15733E-4	-7.67458E+0	1.28646E-1	-3.92774E-1
1.29138E+11	1.07267E-4	-8.16663E+0	-3.72098E-1	-1.18603E-1
1.29184E+11	9.69206E-5	-8.75761E+0	-7.25878E-2	3.57561E-1
1.29230E+11	1.30475E-4	-7.44490E+0	3.89561E-1	1.68347E-1
1.29276E+11	1.29377E-4	-7.48950E+0	3.31200E-1	-2.61849E-1
1.29323E+11	1.04290E-4	-8.54924E+0	-1.02850E-1	-3.59282E-1
1.29369E+11	1.09599E-4	-8.31699E+0	-3.82753E-1	-2.88686E-2
1.29415E+11	1.49043E-4	-7.12350E+0	-2.56459E-2	4.39630E-1
1.29461E+11	1.45035E-4	-7.47290E+0	4.17304E-1	-6.92718E-2
1.29508E+11	1.05584E-4	-8.98258E+0	-1.09357E-1	-3.38289E-1
1.29554E+11	1.42426E-4	-7.59094E+0	-4.14987E-1	-4.39161E-2
1.29600E+11	1.72569E-4	-7.10535E+0	-2.64386E-1	3.53334E-1
1.29646E+11	1.62846E-4	-7.35170E+0	2.28880E-1	3.62793E-1
1.29692E+11	1.26878E-4	-8.32968E+0	3.66446E-1	-1.12342E-1
1.29739E+11	1.61727E-4	-7.29029E+0	-6.47124E-2	-4.27127E-1
1.29785E+11	1.77363E-4	-6.95404E+0	-4.39649E-1	9.14206E-2
1.29831E+11	1.48278E-4	-7.82159E+0	8.47810E-2	3.97427E-1
1.29877E+11	1.37493E-4	-8.01516E+0	3.92144E-1	6.45012E-2
1.29924E+11	1.60027E-4	-7.15955E+0	2.94310E-1	-3.25131E-1
1.29970E+11	1.55135E-4	-7.35324E+0	-2.92212E-1	-3.13930E-1
1.30016E+11	1.51721E-4	-7.60615E+0	-2.51088E-1	3.32399E-1
1.30062E+11	1.71754E-4	-7.45285E+0	3.56687E-1	2.29224E-1
1.30109E+11	1.88719E-4	-7.25359E+0	2.79196E-1	-3.32053E-1
1.30155E+11	1.57410E-4	-8.21138E+0	-1.99325E-1	-3.33511E-1
1.30201E+11	1.90410E-4	-7.57850E+0	-4.17359E-1	-2.13114E-2
1.30247E+11	2.04139E-4	-7.48195E+0	-2.54036E-1	3.37689E-1
1.30294E+11	1.80316E-4	-8.17872E+0	2.93560E-1	2.56753E-1
1.30340E+11	1.58929E-4	-8.71781E+0	1.74511E-1	-3.22320E-1
1.30386E+11	2.21875E-4	-7.36561E+0	-3.98477E-1	-1.56949E-1
1.30432E+11	2.22493E-4	-7.44209E+0	-1.94091E-1	3.77550E-1
1.30479E+11	1.56749E-4	-9.29635E+0	2.58955E-1	2.24790E-1
1.30525E+11	1.64076E-4	-9.29619E+0	3.32164E-1	-8.52069E-2
1.30571E+11	2.16494E-4	-8.26103E+0	1.07563E-1	-3.71045E-1
1.30617E+11	2.14207E-4	-8.38396E+0	-3.66572E-1	-1.03457E-1
1.30664E+11	1.71298E-4	-9.30354E+0	-2.69559E-2	3.41566E-1
1.30710E+11	1.86277E-4	-9.15304E+0	3.30198E-1	1.11816E-1
1.30756E+11	2.13832E-4	-8.68133E+0	2.58889E-1	-2.61638E-1
1.30802E+11	1.81315E-4	-9.46603E+0	-1.47263E-1	-3.02319E-1
1.30849E+11	1.93515E-4	-9.32581E+0	-3.39017E-1	4.31425E-2
1.30895E+11	1.76435E-4	-9.83316E+0	-3.52480E-2	3.20428E-1
1.30941E+11	1.87062E-4	-9.62800E+0	3.29451E-1	-2.01315E-2
1.30987E+11	1.70810E-4	-1.01095E+1	-5.84044E-2	-3.06754E-1
1.31034E+11	2.02453E-4	-9.64249E+0	-3.28535E-1	-2.53999E-2
1.31080E+11	1.96202E-4	-1.00570E+1	-2.01746E-1	2.40819E-1
1.31126E+11	1.70288E-4	-1.06783E+1	1.30395E-1	2.61795E-1
1.31172E+11	1.98968E-4	-1.00387E+1	3.11970E-1	-4.22699E-2
1.31219E+11	2.25659E-4	-9.32936E+0	2.97828E-3	-3.41598E-1
1.31265E+11	2.21280E-4	-9.40035E+0	-3.38084E-1	2.24762E-2
1.31311E+11	1.66849E-4	-1.08044E+1	-1.73486E-2	2.87736E-1
1.31357E+11	2.02657E-4	-1.01147E+1	2.64490E-1	1.65646E-1
1.31404E+11	2.25963E-4	-9.80350E+0	2.85915E-1	-1.51265E-1
1.31450E+11	1.88085E-4	-1.08094E+1	-1.34537E-1	-2.54747E-1
1.31496E+11	1.71730E-4	-1.14382E+1	-2.08763E-1	1.68012E-1
1.31542E+11	1.95689E-4	-1.07927E+1	1.79229E-1	2.26259E-1
1.31589E+11	2.25266E-4	-1.02151E+1	2.52857E-1	-1.76724E-1
1.31635E+11	1.91911E-4	-1.10627E+1	-9.29118E-2	-2.63935E-1
1.31681E+11	1.90087E-4	-1.11326E+1	-2.63789E-1	-8.63678E-2
1.31727E+11	2.21029E-4	-1.05658E+1	-2.67141E-1	1.28139E-1
1.31774E+11	1.98958E-4	-1.09885E+1	7.16292E-2	2.72971E-1
1.31820E+11	1.96056E-4	-1.10282E+1	2.56072E-1	-1.15522E-1
1.31866E+11	1.80756E-4	-1.12528E+1	-1.33848E-1	-2.38799E-1
1.31912E+11	1.86767E-4	-1.11724E+1	-2.61118E-1	9.03267E-2
1.31959E+11	1.50249E-4	-1.21414E+1	1.47568E-2	2.46693E-1
1.32005E+11	1.99152E-4	-1.10512E+1	2.50096E-1	1.26307E-1
1.32051E+11	1.96475E-4	-1.11873E+1	2.34303E-1	-1.45540E-1
1.32097E+11	1.71064E-4	-1.17123E+1	-9.03076E-2	-2.43437E-1
1.32144E+11	1.64380E-4	-1.17716E+1	-2.45118E-1	8.01287E-2
1.32190E+11	2.07202E-4	-1.07114E+1	7.99053E-4	2.91357E-1
1.32236E+11	1.99087E-4	-1.09949E+1	2.64584E-1	9.75781E-2
1.32282E+11	1.51552E-4	-1.21262E+1	1.49079E-1	-1.97645E-1
1.32329E+11	1.53665E-4	-1.18294E+1	-1.44450E-1	-2.11562E-1
1.32375E+11	2.16733E-4	-1.02285E+1	-2.72543E-1	1.43507E-1
1.32421E+11	2.01816E-4	-1.02734E+1	2.06591E-1	2.26315E-1
1.32467E+11	1.80642E-4	-1.06936E+1	1.80762E-1	-2.29270E-1
1.32514E+11	1.64133E-4	-1.09759E+1	-9.53086E-2	-2.66067E-1
1.32560E+11	2.10103E-4	-9.91209E+0	-3.10444E-1	-7.52963E-2
1.32606E+11	1.88136E-4	-1.03134E+1	-1.73276E-1	2.51025E-1
1.32652E+11	1.88303E-4	-1.02249E+1	2.01600E-1	2.33046E-1
1.32699E+11	1.73245E-4	-1.03894E+1	2.69474E-1	-1.37138E-1
1.32745E+11	1.88879E-4	-9.91574E+0	-1.74522E-1	-2.67397E-1
1.32791E+11	1.63539E-4	-1.04315E+1	-2.35764E-1	1.86968E-1
1.32837E+11	1.76114E-4	-1.03124E+1	1.08772E-1	2.85005E-1
1.32884E+11	1.50249E-4	-1.10884E+1	2.74277E-1	5.10336E-2
1.32930E+11	1.36043E-4	-1.14506E+1	1.01284E-1	-2.47681E-1
1.32976E+11	1.52246E-4	-1.09146E+1	-2.40486E-1	-1.52239E-1
1.33022E+11	1.81755E-4	-1.01100E+1	-1.91906E-1	2.46314E-1
1.33069E+11	1.49514E-4	-1.08101E+1	1.87558E-1	2.18643E-1
1.33115E+11	1.03298E-4	-1.22749E+1	2.19592E-1	-1.04907E-1
1.33161E+11	1.37007E-4	-1.10746E+1	6.01851E-2	-2.72869E-1
1.33207E+11	1.42486E-4	-1.06533E+1	-2.48228E-1	-1.56261E-1
1.33254E+11	1.25298E-4	-1.08973E+1	-1.58846E-1	2.36858E-1
1.33300E+11	1.00621E-4	-1.16243E+1	2.26892E-1	1.31596E-1
1.33346E+11	1.32159E-4	-1.02216E+1	2.15821E-1	-2.20108E-1
1.33392E+11	1.32751E-4	-1.00661E+1	-1.84849E-1	-2.53613E-1
1.33439E+11	1.14125E-4	-1.10634E+1	-2.55594E-1	1.13812E-1
1.33485E+11	1.03466E-4	-1.15711E+1	-2.17562E-2	2.63006E-1
1.33531E+11	1.36251E-4	-1.03297E+1	2.48873E-1	1.75363E-1
1.33577E+11	1.21606E-4	-1.06714E+1	1.75217E-1	-2.34466E-1
1.33624E+11	1.07302E-4	-1.08653E+1	-2.19278E-1	-1.83987E-1
1.33670E+11	1.02152E-4	-1.09108E+1	-2.32813E-1	1.63952E-1
1.33716E+11	1.04860E-4	-1.05964E+1	5.34424E-2	2.90365E-1
1.33762E+11	9.35233E-5	-1.09744E+1	2.82169E-1	-1.68091E-2
1.33809E+11	1.07668E-4	-1.03635E+1	4.44399E-2	-2.99995E-1
1.33855E+11	8.26458E-5	-1.14765E+1	-2.51507E-1	-8.90085E-2
1.33901E+11	1.00245E-4	-1.05713E+1	-9.54670E-2	2.80287E-1
1.33947E+11	8.51395E-5	-1.11514E+1	2.59899E-1	9.57256E-2
1.33994E+11	1.13531E-4	-9.92005E+0	2.00213E-1	-2.48541E-1
1.34040E+11	9.87559E-5	-1.07015E+1	-1.25339E-1	-2.63392E-1
1.34086E+11	8.06413E-5	-1.15987E+1	-2.62436E-1	1.82230E-2
1.34132E+11	7.66312E-5	-1.17472E+1	-1.05660E-1	2.36038E-1
1.34179E+11	1.03831E-4	-1.04099E+1	2.30332E-1	1.94786E-1
1.34225E+11	9.98012E-5	-1.06410E+1	1.87066E-1	-2.26462E-1
1.34271E+11	8.01591E-5	-1.14646E+1	-2.24115E-1	-1.45419E-1
1.34317E+11	7.04728E-5	-1.20056E+1	-1.90272E-1	1.63741E-1
1.34364E+11	9.69514E-5	-1.07683E+1	1.01632E-1	2.71028E-1
1.34410E+11	9.75456E-5	-1.07489E+1	2.79896E-1	-7.62842E-2
1.34456E+11	8.71797E-5	-1.11606E+1	-1.71353E-2	-2.76145E-1
1.34502E+11	8.50839E-5	-1.12269E+1	-2.45959E-1	-1.22035E-1
1.34549E+11	1.06633E-4	-1.01988E+1	-2.00587E-1	2.35138E-1
1.34595E+11	1.02630E-4	-1.01611E+1	2.23644E-1	2.15270E-1
1.34641E+11	9.73623E-5	-1.02352E+1	2.59746E-1	-1.65106E-1
1.34687E+11	7.68411E-5	-1.10715E+1	-1.48506E-2	-2.79134E-1
1.34734E+11	8.87813E-5	-1.03545E+1	-3.03495E-1	-7.31789E-3
1.34780E+11	1.02011E-4	-9.63245E+0	-1.81287E-2	3.29398E-1
1.34826E+11	9.34695E-5	-1.00453E+1	3.10227E-1	5.21702E-2
1.34872E+11	8.25517E-5	-1.06789E+1	1.30979E-1	-2.61482E-1
1.34919E+11	7.94391E-5	-1.07360E+1	-2.55995E-1	-1.37398E-1
1.34965E+11	1.09226E-4	-9.70455E+0	-2.49900E-1	2.11163E-1
1.35011E+11	1.11373E-4	-9.86238E+0	1.37187E-1	2.90515E-1
1.35057E+11	1.05715E-4	-1.00725E+1	3.04429E-1	-7.52827E-2
1.35104E+11	9.90513E-5	-1.02041E+1	-1.09309E-2	-3.08689E-1
1.35150E+11	1.13479E-4	-9.61836E+0	-3.05368E-1	-1.26237E-1
1.35196E+11	1.07523E-4	-9.87157E+0	-1.76871E-1	2.67803E-1
1.35242E+11	1.04753E-4	-1.00762E+1	2.55816E-1	1.81163E-1
1.35289E+11	8.69457E-5	-1.09008E+1	2.05566E-1	-1.97511E-1
1.35335E+11	1.02134E-4	-1.03107E+1	-1.25622E-1	-2.78057E-1
1.35381E+11	1.14626E-4	-9.74263E+0	-2.82922E-1	1.61433E-1
1.35427E+11	1.23040E-4	-9.59184E+0	1.85275E-1	2.74822E-1
1.35474E+11	8.31089E-5	-1.13093E+1	2.58384E-1	-8.49129E-2
1.35520E+11	1.00718E-4	-1.06034E+1	5.23736E-2	-2.90321E-1
1.35566E+11	1.18314E-4	-9.97370E+0	-2.84736E-1	-1.39760E-1
1.35612E+11	1.41546E-4	-9.32144E+0	-2.21765E-1	2.60253E-1
1.35659E+11	9.68997E-5	-1.08871E+1	1.56617E-1	2.38738E-1
1.35705E+11	1.35725E-4	-9.33074E+0	3.15081E-1	-1.31851E-1
1.35751E+11	1.72705E-4	-8.18797E+0	-2.04117E-1	-3.31832E-1
1.35797E+11	1.74328E-4	-7.90098E+0	-3.24110E-1	2.38950E-1
1.35844E+11	1.22452E-4	-9.76557E+0	1.20103E-1	3.01864E-1
1.35890E+11	1.54029E-4	-9.18665E+0	3.44044E-1	-4.72250E-2
1.35936E+11	1.64027E-4	-9.04276E+0	6.80593E-2	-3.46449E-1
1.35982E+11	1.99567E-4	-8.20347E+0	-3.35285E-1	-1.97026E-1
1.36029E+11	1.67307E-4	-9.15304E+0	-2.45240E-1	2.47771E-1
1.36075E+11	1.61404E-4	-9.41382E+0	2.24683E-1	2.52919E-1
1.36121E+11	1.78567E-4	-9.29035E+0	3.07262E-1	-1.52778E-1
1.36167E+11	1.85153E-4	-9.58787E+0	-3.02956E-2	-3.30207E-1
1.36214E+11	1.84780E-4	-9.92075E+0	-3.17383E-1	-3.33133E-2
1.36260E+11	1.77009E-4	-9.92027E+0	-5.88768E-2	3.13666E-1
1.36306E+11	1.76044E-4	-9.75000E+0	2.80233E-1	1.65515E-1
1.36352E+11	2.07555E-4	-8.96601E+0	2.03579E-1	-2.92296E-1
1.36399E+11	2.38305E-4	-8.55834E+0	-3.19356E-1	-1.93342E-1
1.36445E+11	2.25533E-4	-8.85381E+0	-2.27140E-1	2.80375E-1
1.36491E+11	1.76800E-4	-9.81845E+0	4.87872E-2	3.19200E-1
1.36537E+11	2.16866E-4	-8.72858E+0	3.62822E-1	4.87014E-2
1.36584E+11	2.98277E-4	-7.09758E+0	1.10279E-1	-4.27705E-1
1.36630E+11	2.36349E-4	-8.05424E+0	-3.62282E-1	-1.58977E-1
1.36676E+11	1.62746E-4	-9.59468E+0	-2.42307E-1	2.25985E-1
1.36722E+11	2.23529E-4	-8.21537E+0	2.59546E-1	2.88889E-1
1.36769E+11	3.10767E-4	-6.74001E+0	3.74646E-1	-2.67350E-1
1.36815E+11	2.21530E-4	-8.49093E+0	-1.10881E-1	-3.59520E-1
1.36861E+11	2.27114E-4	-8.22942E+0	-3.86435E-1	3.16578E-2
1.36907E+11	2.47361E-4	-7.65943E+0	4.03226E-2	4.12059E-1
1.36954E+11	2.63711E-4	-7.43728E+0	4.24324E-1	1.90909E-2
1.37000E+11	2.01913E-4	-8.79251E+0	7.98774E-2	-3.54504E-1
1.37046E+11	2.27872E-4	-8.42454E+0	-3.33678E-1	-1.79967E-1
1.37092E+11	2.01677E-4	-8.97493E+0	-2.80954E-1	2.18372E-1
1.37139E+11	2.28337E-4	-8.33358E+0	6.37069E-2	3.77774E-1
1.37185E+11	2.31380E-4	-7.85544E+0	4.02603E-1	-4.20083E-2
1.37231E+11	2.50268E-4	-7.43894E+0	-9.96700E-2	-4.12809E-1
1.37277E+11	1.69629E-4	-9.23809E+0	-3.42830E-1	4.05449E-2
1.37324E+11	2.03715E-4	-8.41911E+0	-7.49917E-2	3.71868E-1
1.37370E+11	2.21484E-4	-7.84222E+0	3.78165E-1	1.46097E-1
1.37416E+11	2.39747E-4	-7.69238E+0	2.41149E-1	-3.34619E-1
1.37462E+11	1.41048E-4	-1.01520E+1	-1.47192E-1	-2.73670E-1
1.37509E+11	1.80365E-4	-8.89096E+0	-3.57441E-1	3.64582E-2
1.37555E+11	2.32999E-4	-7.77999E+0	-1.66795E-2	4.07979E-1
1.37601E+11	2.38512E-4	-7.84133E+0	4.00472E-1	6.33172E-2
1.37648E+11	1.49434E-4	-1.00014E+1	1.83099E-1	-2.57762E-1
1.37694E+11	1.92661E-4	-8.93056E+0	-2.39690E-1	-2.65463E-1
1.37740E+11	2.55348E-4	-7.56156E+0	-3.24714E-1	2.64358E-1
1.37786E+11	2.21918E-4	-8.05376E+0	2.79161E-1	2.80373E-1
1.37832E+11	1.68020E-4	-9.31043E+0	2.67322E-1	-2.13886E-1
1.37879E+11	1.92152E-4	-8.71557E+0	-2.21384E-1	-2.92237E-1
1.37925E+11	2.15967E-4	-8.15399E+0	-3.84873E-1	6.95775E-2
1.37971E+11	1.94912E-4	-8.50959E+0	-1.15382E-1	3.57252E-1
1.38018E+11	1.75092E-4	-9.08314E+0	2.68712E-1	2.26493E-1
1.38064E+11	2.06820E-4	-8.46191E+0	2.71029E-1	-2.62757E-1
1.38110E+11	2.07223E-4	-8.54833E+0	-1.57874E-1	-3.38772E-1
1.38156E+11	1.97707E-4	-8.74258E+0	-3.32189E-1	1.52416E-1
1.38202E+11	2.37227E-4	-7.89830E+0	1.57159E-1	3.70871E-1
1.38249E+11	2.23790E-4	-8.11710E+0	3.81238E-1	-9.45030E-2
1.38295E+11	1.82370E-4	-8.94897E+0	1.61127E-1	-3.18463E-1
1.38341E+11	1.83398E-4	-8.60339E+0	-2.94365E-1	-2.26450E-1
1.38388E+11	2.52984E-4	-7.18602E+0	-2.73242E-1	3.41320E-1
1.38434E+11	2.02521E-4	-8.21430E+0	2.65518E-1	2.83476E-1
1.38480E+11	1.68231E-4	-9.20417E+0	3.33685E-1	-9.36219E-2
1.38526E+11	2.11150E-4	-8.23206E+0	-3.68536E-2	-3.85856E-1
1.38572E+11	2.68976E-4	-7.20256E+0	-4.35292E-1	-3.08975E-2
1.38619E+11	1.69277E-4	-9.22899E+0	-9.03440E-2	3.33563E-1
1.38665E+11	1.55576E-4	-9.47288E+0	2.82545E-1	1.81859E-1
1.38711E+11	2.06821E-4	-8.05960E+0	1.83522E-1	-3.50212E-1
1.38758E+11	2.44945E-4	-7.17536E+0	-3.63633E-1	-2.43724E-1
1.38804E+11	1.36666E-4	-9.72593E+0	-2.55207E-1	2.03430E-1
1.38850E+11	1.82589E-4	-8.54512E+0	1.12546E-1	3.56549E-1
1.38896E+11	1.86848E-4	-8.38815E+0	3.80414E-1	-1.49712E-2
1.38942E+11	2.26488E-4	-7.52546E+0	9.70209E-2	-4.09115E-1
1.38989E+11	1.63301E-4	-9.10775E+0	-3.27674E-1	-1.24247E-1
1.39035E+11	1.99150E-4	-8.31637E+0	-1.64812E-1	3.46687E-1
1.39081E+11	1.75359E-4	-9.01723E+0	2.42817E-1	2.57748E-1
1.39128E+11	1.98169E-4	-8.62348E+0	3.46883E-1	-1.30254E-1
1.39174E+11	2.12488E-4	-8.10796E+0	-1.03041E-1	-3.79448E-1
1.39220E+11	2.24718E-4	-7.43644E+0	-4.06435E-1	1.23530E-1
1.39266E+11	1.44148E-4	-9.12449E+0	8.60333E-2	3.39018E-1
1.39312E+11	1.47257E-4	-8.95022E+0	3.54734E-1	-3.88256E-2
1.39359E+11	1.78394E-4	-8.09034E+0	-2.52938E-2	-3.93175E-1
1.39405E+11	2.16993E-4	-7.70184E+0	-3.95285E-1	-1.16200E-1
1.39451E+11	1.25924E-4	-1.03630E+1	-2.35338E-1	1.91302E-1
1.39498E+11	1.68694E-4	-9.16642E+0	1.25391E-1	3.24710E-1
1.39544E+11	2.43072E-4	-7.48566E+0	4.13008E-1	-8.85484E-2
1.39590E+11	2.21413E-4	-7.84608E+0	-1.08091E-1	-3.90543E-1
1.39636E+11	1.26501E-4	-1.00673E+1	-3.13482E-1	-1.38404E-2
1.39682E+11	1.73553E-4	-8.92368E+0	-4.95520E-2	3.54498E-1
1.39729E+11	2.54094E-4	-7.45797E+0	3.65975E-1	2.13588E-1
1.39775E+11	1.89713E-4	-8.77506E+0	2.31159E-1	-2.81337E-1
1.39821E+11	1.66844E-4	-9.35620E+0	-1.87311E-1	-2.84418E-1
1.39868E+11	2.00030E-4	-8.40842E+0	-3.38171E-1	1.72928E-1
1.39914E+11	2.37207E-4	-7.50199E+0	7.76058E-2	4.14396E-1
1.39960E+11	1.70770E-4	-8.87941E+0	3.59435E-1	-1.56129E-2
1.40006E+11	1.87379E-4	-8.54481E+0	9.58149E-2	-3.61418E-1
1.40052E+11	2.20750E-4	-8.01920E+0	-3.50002E-1	-1.87853E-1
1.40099E+11	1.97445E-4	-8.43175E+0	-2.73848E-1	2.61722E-1
1.40145E+11	2.00091E-4	-8.28649E+0	2.99169E-1	2.42630E-1
1.40191E+11	2.27823E-4	-7.47392E+0	2.61353E-1	-3.32556E-1
1.40238E+11	2.04174E-4	-7.79071E+0	-2.92992E-1	-2.83672E-1
1.40284E+11	1.70022E-4	-8.75153E+0	-3.50279E-1	1.03006E-1
1.40330E+11	1.99433E-4	-8.02822E+0	3.84305E-3	3.96797E-1
1.40376E+11	2.60065E-4	-7.03060E+0	4.32152E-1	1.06629E-1
1.40422E+11	1.76679E-4	-8.64313E+0	1.66340E-1	-3.30160E-1
1.40469E+11	1.63989E-4	-8.92545E+0	-2.63126E-1	-2.42563E-1
1.40515E+11	1.94767E-4	-8.12269E+0	-3.05763E-1	2.46138E-1
1.40561E+11	2.81690E-4	-6.47975E+0	2.44010E-1	4.06666E-1
1.40608E+11	1.38667E-4	-9.50359E+0	3.19233E-1	-1.00991E-1
1.40654E+11	1.75224E-4	-8.61744E+0	-2.31581E-2	-3.70066E-1
1.40700E+11	2.34962E-4	-7.41744E+0	-4.22987E-1	-4.81930E-2
1.40746E+11	2.96102E-4	-6.34122E+0	-8.72900E-2	4.73908E-1
1.40792E+11	1.53599E-4	-9.20635E+0	3.31330E-1	1.01347E-1
1.40839E+11	1.77075E-4	-8.58825E+0	1.90790E-1	-3.19393E-1
1.40885E+11	1.88533E-4	-8.19752E+0	-2.08341E-1	-3.28689E-1
1.40931E+11	1.81961E-4	-8.03420E+0	-3.80123E-1	1.12928E-1
1.40978E+11	1.41535E-4	-8.96509E+0	3.94511E-2	3.54051E-1
1.41024E+11	1.94161E-4	-7.80752E+0	4.06962E-1	7.33243E-3
1.41070E+11	1.79009E-4	-8.38700E+0	1.16512E-1	-3.62495E-1
1.41116E+11	1.81530E-4	-8.53594E+0	-3.26764E-1	-1.82523E-1
1.41162E+11	2.02651E-4	-8.08448E+0	-2.38436E-1	3.13982E-1
1.41209E+11	2.44134E-4	-7.36620E+0	2.89860E-1	3.15235E-1
1.41255E+11	1.72675E-4	-8.97346E+0	3.29424E-1	-1.34701E-1
1.41301E+11	1.98251E-4	-8.46557E+0	-9.89693E-2	-3.64120E-1
1.41348E+11	2.86061E-4	-6.93000E+0	-4.48147E-1	4.39636E-2
1.41394E+11	2.34196E-4	-7.73136E+0	-4.34084E-2	4.08312E-1
1.41440E+11	1.68457E-4	-9.06519E+0	2.83132E-1	2.09412E-1
1.41486E+11	1.77636E-4	-8.58552E+0	2.75477E-1	-2.50224E-1
1.41532E+11	3.04209E-4	-6.45003E+0	-2.24316E-1	-4.19697E-1
1.41579E+11	2.35357E-4	-7.93489E+0	-3.30288E-1	2.27581E-1
1.41625E+11	1.87370E-4	-8.86923E+0	1.56354E-1	3.24491E-1
1.41671E+11	2.31439E-4	-8.03134E+0	3.69351E-1	-1.44672E-1
1.41718E+11	3.17131E-4	-6.75144E+0	-1.38140E-2	-4.59443E-1
1.41764E+11	2.05367E-4	-8.76549E+0	-3.58706E-1	-6.48630E-2
1.41810E+11	2.11746E-4	-8.60320E+0	-2.06936E-1	3.08406E-1
1.41856E+11	2.51662E-4	-7.77627E+0	2.49106E-1	3.23750E-1
1.41902E+11	2.79351E-4	-7.06800E+0	4.16628E-1	-1.51153E-1
1.41949E+11	2.09911E-4	-7.84575E+0	-1.47189E-1	-3.77565E-1
1.41995E+11	2.82279E-4	-7.01037E+0	-4.31860E-1	1.12014E-1
1.42041E+11	2.89326E-4	-7.23201E+0	-2.27712E-2	4.34313E-1
1.42088E+11	2.60686E-4	-7.83554E+0	3.74267E-1	1.56623E-1
1.42134E+11	2.78580E-4	-7.70770E+0	1.99294E-1	-3.60285E-1
1.42180E+11	3.88233E-4	-6.43578E+0	-3.71566E-1	-2.98573E-1
1.42226E+11	2.68777E-4	-8.05843E+0	-3.28210E-1	2.20567E-1
1.42272E+11	2.46078E-4	-8.28643E+0	1.56631E-1	3.51910E-1
1.42319E+11	3.03448E-4	-7.21579E+0	4.20987E-1	-1.12358E-1
1.42365E+11	3.62249E-4	-6.55947E+0	-3.81029E-2	-4.68375E-1
1.42411E+11	2.05357E-4	-9.36961E+0	-3.18541E-1	-1.18968E-1
1.42458E+11	2.36811E-4	-8.90684E+0	-1.94574E-1	3.01269E-1
1.42504E+11	3.48966E-4	-7.13012E+0	2.87223E-1	3.33376E-1
1.42550E+11	3.52927E-4	-6.69860E+0	3.75975E-1	-2.69273E-1
1.42596E+11	2.04519E-4	-9.12890E+0	-1.20815E-1	-3.28047E-1
1.42642E+11	2.72249E-4	-8.05424E+0	-3.88617E-1	7.41557E-2
1.42689E+11	3.39012E-4	-7.20662E+0	-5.40042E-2	4.32827E-1
1.42735E+11	3.18951E-4	-7.52836E+0	4.12574E-1	8.03331E-2
1.42781E+11	2.58976E-4	-8.44772E+0	1.33847E-1	-3.53623E-1
1.42828E+11	2.93673E-4	-8.03753E+0	-3.36263E-1	-2.09888E-1
1.42874E+11	3.27676E-4	-7.48936E+0	-3.60225E-1	2.20233E-1
1.42920E+11	2.70992E-4	-8.20002E+0	1.30702E-1	3.66432E-1
1.42966E+11	3.25960E-4	-7.42833E+0	4.20640E-1	-6.20407E-2
1.43012E+11	3.16713E-4	-7.52175E+0	1.92897E-4	-4.20642E-1
1.43059E+11	3.28986E-4	-7.26275E+0	-4.22685E-1	-9.56559E-2
1.43105E+11	2.94975E-4	-7.63052E+0	-8.38618E-2	4.06854E-1
1.43151E+11	3.35326E-4	-6.87512E+0	4.39596E-1	1.10011E-1
1.43198E+11	1.95903E-4	-8.56177E+0	1.52198E-1	-3.40727E-1
1.43244E+11	1.85845E-4	-8.88108E+0	-2.29899E-1	-2.76648E-1
1.43290E+11	2.49664E-4	-8.13393E+0	-3.55658E-1	1.64874E-1
1.43336E+11	3.97887E-4	-6.14316E+0	9.47816E-2	4.83797E-1
1.43382E+11	2.39110E-4	-8.36724E+0	3.80861E-1	2.41455E-2
1.43429E+11	2.46738E-4	-8.29742E+0	1.04595E-1	-3.70214E-1
1.43475E+11	3.01131E-4	-7.44118E+0	-3.81268E-1	-1.86781E-1
1.43521E+11	4.35962E-4	-5.69115E+0	-2.96090E-1	4.26654E-1
1.43568E+11	2.33890E-4	-8.41912E+0	2.71923E-1	2.64512E-1
1.43614E+11	2.39095E-4	-8.26345E+0	2.99794E-1	-2.43484E-1
1.43660E+11	3.03664E-4	-7.09754E+0	-1.81145E-1	-4.02842E-1
1.43706E+11	3.02460E-4	-7.01970E+0	-4.39066E-1	7.64509E-2
1.43752E+11	2.34971E-4	-7.87253E+0	-7.55235E-3	4.03922E-1
1.43799E+11	2.21664E-4	-7.76807E+0	3.96657E-1	9.92300E-2
1.43845E+11	2.70457E-4	-6.67660E+0	2.94876E-1	-3.57770E-1
1.43891E+11	2.45813E-4	-7.31460E+0	-2.85047E-1	-3.23005E-1
1.43938E+11	2.79428E-4	-6.98239E+0	-3.24470E-1	3.08312E-1
1.43984E+11	3.19700E-4	-6.47012E+0	3.31969E-1	3.39432E-1
1.44030E+11	2.86509E-4	-6.97042E+0	4.06802E-1	-1.88154E-1
1.44076E+11	2.60900E-4	-7.32481E+0	-1.65246E-1	-3.97293E-1
1.44122E+11	2.93838E-4	-6.70451E+0	-4.51874E-1	9.68726E-2
1.44169E+11	2.87487E-4	-6.80538E+0	1.52665E-2	4.56550E-1
1.44215E+11	2.29618E-4	-7.93326E+0	3.57883E-1	1.81282E-1
1.44261E+11	2.35215E-4	-7.75645E+0	2.23633E-1	-3.42957E-1
1.44308E+11	3.51904E-4	-6.06196E+0	-3.59515E-1	-3.44063E-1
1.44354E+11	2.52076E-4	-7.34242E+0	-3.31005E-1	2.73559E-1
1.44400E+11	2.22462E-4	-7.74633E+0	1.82953E-1	3.66811E-1
1.44446E+11	1.88097E-4	-8.18904E+0	3.78908E-1	-9.03751E-2
1.44492E+11	2.87629E-4	-6.02933E+0	2.77538E-2	-4.98726E-1
1.44539E+11	2.17172E-4	-7.33720E+0	-4.19266E-1	-9.40045E-2
1.44585E+11	2.08311E-4	-7.68567E+0	-1.25232E-1	3.93322E-1
1.44631E+11	2.27862E-4	-7.61388E+0	3.67806E-1	1.94794E-1
1.44678E+11	2.90239E-4	-6.82695E+0	3.37228E-1	-3.06454E-1
1.44724E+11	2.65896E-4	-7.24695E+0	-2.41412E-1	-3.60857E-1
1.44770E+11	2.40065E-4	-7.65115E+0	-3.80627E-1	1.63915E-1
1.44816E+11	2.64394E-4	-7.27692E+0	1.86404E-4	4.32667E-1
1.44862E+11	3.36709E-4	-6.33542E+0	4.57288E-1	1.52991E-1
1.44909E+11	2.92720E-4	-6.87039E+0	1.74151E-1	-4.18619E-1
1.44955E+11	3.33731E-4	-6.35993E+0	-4.36006E-1	-2.02753E-1
1.45001E+11	2.79759E-4	-7.07589E+0	-3.49752E-1	2.71556E-1
1.45048E+11	3.24327E-4	-6.26705E+0	2.60163E-1	4.10516E-1
1.45094E+11	2.95407E-4	-6.66188E+0	4.07694E-1	-2.22411E-1
1.45140E+11	3.64846E-4	-5.68659E+0	-2.05107E-1	-4.77407E-1
1.45186E+11	2.97250E-4	-6.42651E+0	-4.75368E-1	-4.14429E-2
1.45232E+11	2.54999E-4	-6.90395E+0	-8.94881E-2	4.42696E-1
1.45279E+11	2.94917E-4	-6.10749E+0	4.39161E-1	2.28442E-1
1.45325E+11	3.32476E-4	-5.32948E+0	3.95436E-1	-3.69803E-1
1.45371E+11	3.00216E-4	-5.64729E+0	-2.57709E-1	-4.53901E-1
1.45418E+11	2.17668E-4	-7.06073E+0	-3.87882E-1	2.15181E-1
1.45464E+11	3.20065E-4	-5.53319E+0	1.44943E-1	5.08610E-1
1.45510E+11	3.46054E-4	-5.22727E+0	5.44401E-1	-6.10919E-2
1.45556E+11	2.99959E-4	-6.01405E+0	-6.67729E-2	-4.95902E-1
1.45602E+11	2.49753E-4	-7.01118E+0	-4.44923E-1	-3.25014E-2
1.45649E+11	3.47178E-4	-5.65779E+0	-3.31735E-1	4.02162E-1
1.45695E+11	3.96113E-4	-5.18582E+0	3.46142E-1	4.27982E-1
1.45741E+11	3.22248E-4	-6.08250E+0	3.95069E-1	-3.00636E-1
1.45788E+11	2.66010E-4	-6.62026E+0	-2.00536E-1	-4.21359E-1
1.45834E+11	3.89491E-4	-5.03311E+0	-5.59683E-1	2.40939E-2
1.45880E+11	3.12766E-4	-5.97496E+0	2.31188E-2	5.02102E-1
1.45926E+11	3.01330E-4	-6.16066E+0	4.89354E-1	5.09825E-2
1.45972E+11	2.49831E-4	-6.86992E+0	2.51311E-1	-3.77406E-1
1.46019E+11	3.74404E-4	-5.17844E+0	-3.52770E-1	-4.23145E-1
1.46065E+11	2.64217E-4	-6.56128E+0	-3.68349E-1	2.91641E-1
1.46111E+11	3.28213E-4	-5.55823E+0	2.63047E-1	4.57045E-1
1.46158E+11	3.28820E-4	-5.63965E+0	5.14626E-1	-8.98883E-2
1.46204E+11	2.86165E-4	-6.13819E+0	-3.31886E-2	-4.92159E-1
1.46250E+11	2.44676E-4	-6.83990E+0	-4.41406E-1	-1.10361E-1
1.46296E+11	3.18699E-4	-5.63795E+0	-3.19483E-1	4.13470E-1
1.46342E+11	4.10106E-4	-4.61287E+0	3.90061E-1	4.39958E-1
1.46389E+11	2.22258E-4	-7.21856E+0	3.13042E-1	-3.02883E-1
1.46435E+11	2.22066E-4	-7.04002E+0	-1.92351E-1	-4.00870E-1
1.46481E+11	3.28356E-4	-5.32116E+0	-5.40046E-1	4.51295E-2
1.46528E+11	3.11516E-4	-5.51439E+0	4.57021E-2	5.28031E-1
1.46574E+11	2.06899E-4	-7.28798E+0	4.31428E-1	2.43825E-2
1.46620E+11	3.07470E-4	-5.59939E+0	2.89219E-1	-4.37966E-1
1.46666E+11	4.33038E-4	-3.91749E+0	-4.78778E-1	-4.20136E-1
1.46712E+11	2.71459E-4	-5.92074E+0	-3.23315E-1	3.88950E-1
1.46759E+11	2.09235E-4	-7.12895E+0	2.50743E-1	3.61686E-1
1.46805E+11	3.64346E-4	-4.87327E+0	5.70447E-1	1.34840E-2
1.46851E+11	3.05118E-4	-5.53221E+0	3.37026E-2	-5.27845E-1
1.46898E+11	2.23108E-4	-6.90558E+0	-4.42824E-1	-8.84247E-2
1.46944E+11	2.86811E-4	-5.88875E+0	-2.46993E-1	4.43510E-1
1.46990E+11	4.58848E-4	-3.77185E+0	5.52438E-1	3.38219E-1
1.47036E+11	2.58536E-4	-6.15828E+0	2.01029E-1	-4.49206E-1
1.47082E+11	2.50759E-4	-6.23720E+0	-3.80080E-1	-3.05576E-1
1.47129E+11	3.77211E-4	-4.55145E+0	-5.51591E-1	2.15367E-1
1.47175E+11	3.49703E-4	-4.81514E+0	1.62188E-1	5.51066E-1
1.47221E+11	1.79456E-4	-7.64564E+0	4.13716E-1	2.83213E-2
1.47268E+11	3.00222E-4	-5.53422E+0	2.45165E-1	-4.68530E-1
1.47314E+11	4.70890E-4	-3.58687E+0	-5.26364E-1	-4.00971E-1
1.47360E+11	2.36842E-4	-6.33698E+0	-2.77847E-1	3.94001E-1
1.47406E+11	2.01274E-4	-7.02349E+0	2.19084E-1	3.87882E-1
1.47452E+11	4.26479E-4	-3.87284E+0	6.33130E-1	-9.53034E-2
1.47499E+11	4.11148E-4	-4.02344E+0	-1.58237E-1	-6.09037E-1
1.47545E+11	2.00233E-4	-7.05934E+0	-4.38795E-1	6.54032E-2
1.47591E+11	2.54460E-4	-5.98807E+0	-1.82281E-1	4.67604E-1
1.47638E+11	4.49620E-4	-3.52572E+0	5.28274E-1	4.06168E-1
1.47684E+11	2.38901E-4	-6.23931E+0	3.62477E-1	-3.26086E-1
1.47730E+11	1.88476E-4	-7.19121E+0	-1.43925E-1	-4.12575E-1
1.47776E+11	3.90818E-4	-4.09833E+0	-6.23041E-1	-3.18541E-2
1.47822E+11	4.13522E-4	-3.78827E+0	1.02605E-1	6.38333E-1
1.47869E+11	1.95219E-4	-6.87243E+0	4.49367E-1	-5.95234E-2
1.47915E+11	2.63877E-4	-5.54336E+0	1.26878E-1	-5.12777E-1
1.47961E+11	4.21345E-4	-3.40736E+0	-5.93969E-1	-3.21738E-1
1.48008E+11	1.99909E-4	-6.48001E+0	-3.02065E-1	3.65598E-1
1.48054E+11	1.76282E-4	-6.81978E+0	1.80638E-1	4.18748E-1
1.48100E+11	3.20361E-4	-3.93794E+0	6.32020E-1	-6.62389E-2
1.48146E+11	3.39874E-4	-3.37195E+0	-1.97966E-1	-6.48736E-1
1.48192E+11	1.16785E-4	-7.95779E+0	-3.93951E-1	6.95708E-2
1.48239E+11	1.99939E-4	-5.65819E+0	-1.45426E-1	5.00608E-1
1.48285E+11	3.37979E-4	-3.19431E+0	5.57238E-1	4.10784E-1
1.48331E+11	1.78836E-4	-5.78354E+0	3.71193E-1	-3.55305E-1
1.48378E+11	1.17793E-4	-7.42314E+0	-1.49587E-1	-3.98280E-1
1.48424E+11	2.64631E-4	-3.58028E+0	-6.59213E-1	6.27744E-2
1.48470E+11	2.94699E-4	-2.92879E+0	2.24221E-1	6.77641E-1
1.48516E+11	1.15376E-4	-6.97232E+0	4.40673E-1	-8.12965E-2
1.48562E+11	1.51443E-4	-5.59066E+0	9.32901E-2	-5.17023E-1
1.48609E+11	2.51894E-4	-3.04138E+0	-6.12875E-1	-3.47590E-1
1.48655E+11	1.34157E-4	-5.68164E+0	-3.15069E-1	4.13552E-1
1.48701E+11	9.73150E-5	-6.87933E+0	2.07143E-1	4.02790E-1
1.48748E+11	1.77327E-4	-4.07551E+0	6.16164E-1	-1.07646E-1
1.48794E+11	2.24568E-4	-3.19703E+0	-1.55632E-1	-6.74341E-1
1.48840E+11	8.16354E-5	-7.33818E+0	-4.27739E-1	-4.02224E-2
1.48886E+11	1.26290E-4	-5.22122E+0	-2.33765E-1	4.95860E-1
1.48932E+11	2.12905E-4	-2.66829E+0	5.75298E-1	4.58257E-1
1.48979E+11	1.06221E-4	-5.64111E+0	2.90800E-1	-4.33893E-1
1.49025E+11	8.00522E-5	-6.65473E+0	-2.59801E-1	-3.85409E-1
1.49071E+11	1.34097E-4	-4.23587E+0	-5.78390E-1	2.06220E-1
1.49118E+11	1.56808E-4	-3.56731E+0	1.66612E-1	6.41915E-1
1.49164E+11	5.50097E-5	-8.00199E+0	3.91773E-1	7.02176E-2
1.49210E+11	7.69325E-5	-6.44577E+0	2.75798E-1	-3.88098E-1
1.49256E+11	1.62566E-4	-3.13979E+0	-5.37135E-1	-4.43619E-1
1.49302E+11	1.02029E-4	-5.20201E+0	-2.59386E-1	4.84329E-1
1.49349E+11	7.62688E-5	-6.40513E+0	3.88656E-1	2.78860E-1
1.49395E+11	1.19698E-4	-4.39947E+0	4.69418E-1	-3.77848E-1
1.49441E+11	1.52090E-4	-3.37500E+0	-3.34338E-1	-5.89868E-1
1.49488E+11	7.36685E-5	-6.37936E+0	-4.79607E-1	1.24516E-2
1.49534E+11	8.83624E-5	-5.58426E+0	-1.49748E-1	5.03982E-1
1.49580E+11	1.40868E-4	-3.77670E+0	5.81931E-1	2.83669E-1
1.49626E+11	9.78680E-5	-5.35878E+0	2.84875E-1	-4.58257E-1
1.49672E+11	7.91330E-5	-6.20817E+0	-3.59356E-1	-3.32109E-1
1.49719E+11	1.20218E-4	-4.45002E+0	-5.26448E-1	2.85960E-1
1.49765E+11	1.32104E-4	-4.08953E+0	1.44143E-1	6.07624E-1
1.49811E+11	7.91427E-5	-6.45631E+0	4.64131E-1	1.03530E-1
1.49858E+11	9.33127E-5	-5.75982E+0	2.02651E-1	-4.73713E-1
1.49904E+11	1.48291E-4	-3.92565E+0	-5.43165E-1	-3.31592E-1
1.49950E+11	1.18507E-4	-4.81683E+0	-3.59141E-1	4.48182E-1
1.49996E+11	7.72672E-5	-6.69604E+0	2.56204E-1	3.85163E-1
1.50042E+11	1.03976E-4	-5.51267E+0	5.24113E-1	-7.95210E-2
1.50089E+11	1.50812E-4	-3.83400E+0	1.27104E-1	-6.30447E-1
1.50135E+11	1.03177E-4	-5.46099E+0	-4.88961E-1	-2.12835E-1
1.50181E+11	9.39280E-5	-6.03427E+0	-2.61884E-1	4.25007E-1
1.50228E+11	1.32486E-4	-4.65999E+0	4.20936E-1	4.05947E-1
1.50274E+11	1.33060E-4	-4.75927E+0	4.59787E-1	-3.50495E-1
1.50320E+11	9.63131E-5	-6.24119E+0	-1.23459E-1	-4.71568E-1
1.50366E+11	1.01755E-4	-6.15760E+0	-4.90411E-1	-4.16367E-2
1.50412E+11	1.31195E-4	-5.17138E+0	-2.56982E-1	4.87804E-1
1.50459E+11	1.16954E-4	-5.65874E+0	4.34877E-1	2.87410E-1
1.50505E+11	9.75398E-5	-6.44616E+0	2.67512E-1	-3.93830E-1
1.50551E+11	1.08495E-4	-5.77223E+0	-3.70957E-1	-3.56518E-1
1.50598E+11	1.25348E-4	-4.98061E+0	-5.17735E-1	2.22695E-1
1.50644E+11	9.11665E-5	-6.36030E+0	5.99555E-2	4.77070E-1
1.50690E+11	9.60821E-5	-6.33753E+0	4.70408E-1	1.05459E-1
1.50736E+11	1.44633E-4	-4.62112E+0	2.90982E-1	-5.10279E-1
1.50782E+11	1.41624E-4	-4.91134E+0	-4.82936E-1	-2.99204E-1
1.50829E+11	8.75371E-5	-7.17068E+0	-2.17246E-1	3.80317E-1
1.50875E+11	1.13731E-4	-6.09595E+0	3.49137E-1	3.51856E-1
1.50921E+11	1.57024E-4	-4.84149E+0	4.99889E-1	-2.79452E-1
1.50968E+11	1.10916E-4	-6.54940E+0	-1.77563E-1	-4.35674E-1
1.51014E+11	7.71232E-5	-8.31241E+0	-3.84042E-1	-6.45020E-4
1.51060E+11	1.55567E-4	-5.34331E+0	-2.83776E-1	4.60069E-1
1.51106E+11	1.73279E-4	-5.06219E+0	4.27473E-1	3.59164E-1
1.51152E+11	9.18479E-5	-7.96614E+0	3.06680E-1	-2.56276E-1
1.51199E+11	1.05577E-4	-7.29202E+0	-5.49027E-2	-4.28412E-1
1.51245E+11	2.20718E-4	-4.13296E+0	-6.13964E-1	-9.56649E-2
1.51291E+11	1.46342E-4	-6.16043E+0	-3.72371E-2	4.90604E-1
1.51338E+11	9.46229E-5	-8.07680E+0	3.83304E-1	9.37529E-2
1.51384E+11	1.61439E-4	-5.76188E+0	3.68446E-1	-3.59991E-1
1.51430E+11	2.42349E-4	-4.22629E+0	-4.26985E-1	-4.42242E-1
1.51476E+11	1.05593E-4	-7.60395E+0	-3.62765E-1	2.04997E-1
1.51522E+11	1.18945E-4	-6.99577E+0	1.00619E-2	4.46788E-1
1.51569E+11	2.53673E-4	-3.66309E+0	6.31367E-1	1.77754E-1
1.51615E+11	1.74981E-4	-5.39456E+0	2.20130E-2	-5.36917E-1
1.51661E+11	1.11898E-4	-7.50895E+0	-4.17924E-1	-5.29294E-2
1.51708E+11	2.06753E-4	-4.93283E+0	-2.44992E-1	5.11014E-1
1.51754E+11	3.04600E-4	-3.49634E+0	6.21094E-1	2.47592E-1
1.51800E+11	1.05614E-4	-8.19891E+0	2.45844E-1	-3.01587E-1
1.51846E+11	1.33294E-4	-7.15759E+0	-1.33663E-1	-4.17792E-1
1.51892E+11	2.84397E-4	-3.89836E+0	-6.37088E-1	4.06479E-2
1.51939E+11	1.85330E-4	-5.86186E+0	1.20326E-1	4.94801E-1
1.51985E+11	9.33575E-5	-9.06665E+0	3.51920E-1	-1.12985E-2
1.52031E+11	1.90621E-4	-6.04580E+0	1.93941E-1	-4.59282E-1
1.52078E+11	3.06913E-4	-4.14111E+0	-5.90744E-1	-1.90792E-1
1.52124E+11	1.26867E-4	-7.97196E+0	-2.09788E-1	3.39860E-1
1.52170E+11	1.25799E-4	-8.05164E+0	1.88197E-1	3.48135E-1
1.52216E+11	3.37955E-4	-4.11684E+0	6.09388E-1	-1.27222E-1
1.52262E+11	2.12701E-4	-5.93371E+0	-1.34116E-1	-4.86894E-1
1.52309E+11	1.19235E-4	-8.30453E+0	-3.83033E-1	3.22796E-2
1.52355E+11	2.11820E-4	-5.87904E+0	-1.79106E-1	4.75609E-1
1.52401E+11	3.13780E-4	-4.01233E+0	6.09065E-1	1.61302E-1
1.52448E+11	1.72962E-4	-6.49319E+0	2.30713E-1	-4.13515E-1
1.52494E+11	1.64823E-4	-6.70030E+0	-3.48256E-1	-3.04137E-1
1.52540E+11	3.34645E-4	-3.71859E+0	-5.45562E-1	3.56539E-1
1.52586E+11	1.93813E-4	-6.05173E+0	2.47510E-1	4.32381E-1
1.52632E+11	1.35681E-4	-7.60421E+0	4.08000E-1	-8.45453E-2
1.52679E+11	2.53334E-4	-4.97306E+0	9.91347E-2	-5.55308E-1
1.52725E+11	3.28179E-4	-3.80440E+0	-6.35808E-1	-1.10435E-1
1.52771E+11	1.45388E-4	-7.31683E+0	-1.70858E-1	3.95343E-1
1.52818E+11	1.53179E-4	-6.83802E+0	3.91122E-1	2.32663E-1
1.52864E+11	3.00307E-4	-3.88775E+0	4.31588E-1	-4.71447E-1
1.52910E+11	2.35087E-4	-5.09286E+0	-4.06703E-1	-3.79645E-1
1.52956E+11	1.35209E-4	-7.55879E+0	-3.59271E-1	2.15317E-1
1.53002E+11	1.91939E-4	-6.08504E+0	5.95398E-2	4.92720E-1
1.53049E+11	2.75465E-4	-4.25667E+0	6.11849E-1	3.00211E-2
1.53095E+11	1.91599E-4	-5.82036E+0	1.36563E-1	-4.93099E-1
1.53141E+11	1.60542E-4	-6.44705E+0	-4.42937E-1	-1.74429E-1
1.53188E+11	2.12686E-4	-4.99178E+0	-3.19863E-1	4.63157E-1
1.53234E+11	2.10313E-4	-4.73040E+0	4.18497E-1	4.01672E-1
1.53280E+11	1.60375E-4	-5.80818E+0	3.72673E-1	-3.51634E-1
1.53326E+11	1.64255E-4	-5.55618E+0	-2.69962E-1	-4.53141E-1
1.53373E+11	2.11321E-4	-4.37078E+0	-5.70324E-1	2.00647E-1
1.53419E+11	2.22249E-4	-4.36709E+0	-8.28071E-3	6.04790E-1
1.53465E+11	1.92406E-4	-5.35577E+0	5.33893E-1	7.94596E-2
1.53511E+11	2.47511E-4	-4.38378E+0	2.87143E-1	-5.31023E-1
1.53557E+11	2.42918E-4	-4.68819E+0	-3.92026E-1	-4.31373E-1
1.53604E+11	2.14007E-4	-5.38248E+0	-4.32866E-1	3.19681E-1
1.53650E+11	1.98692E-4	-5.78307E+0	1.93150E-1	4.76180E-1
1.53696E+11	2.92731E-4	-4.11876E+0	6.08248E-1	-1.31916E-1
1.53743E+11	3.60093E-4	-3.44756E+0	-3.84929E-2	-6.71288E-1
1.53789E+11	1.99131E-4	-6.46791E+0	-4.74639E-1	-1.58273E-2
1.53835E+11	2.70347E-4	-5.23864E+0	-2.58800E-1	4.82019E-1
1.53881E+11	4.16191E-4	-3.23507E+0	4.25660E-1	5.41843E-1
1.53927E+11	2.56640E-4	-5.19613E+0	4.25966E-1	-3.47587E-1
1.53974E+11	1.50548E-4	-7.26751E+0	-1.60923E-1	-4.02133E-1
1.54020E+11	2.72449E-4	-4.54391E+0	-5.92646E-1	3.80163E-3
1.54066E+11	3.42525E-4	-3.82426E+0	-2.88239E-3	6.43847E-1
1.54113E+11	1.51558E-4	-7.31531E+0	4.22703E-1	8.29186E-2
1.54159E+11	1.59435E-4	-7.00038E+0	3.23165E-1	-3.08340E-1
1.54205E+11	3.44541E-4	-3.62473E+0	-2.05162E-1	-6.26056E-1
1.54251E+11	2.29144E-4	-5.32417E+0	-5.27941E-1	1.21497E-1
1.54297E+11	1.79291E-4	-6.31797E+0	7.57513E-2	4.77197E-1
1.54344E+11	3.12160E-4	-4.08394E+0	6.22113E-1	5.88398E-2
1.54390E+11	2.83915E-4	-4.58216E+0	1.59674E-2	-5.89838E-1
1.54436E+11	1.90247E-4	-6.23910E+0	-4.57822E-1	-1.67727E-1
1.54483E+11	2.29699E-4	-5.44754E+0	-3.84146E-1	3.71073E-1
1.54529E+11	4.08147E-4	-2.86722E+0	3.25846E-1	6.40759E-1
1.54575E+11	1.81819E-4	-6.19367E+0	4.78503E-1	-1.06151E-1
1.54621E+11	1.72446E-4	-6.36216E+0	-1.23688E-3	-4.80718E-1
1.54667E+11	3.29425E-4	-3.63780E+0	-6.50652E-1	-9.68798E-2
1.54714E+11	3.39024E-4	-3.60849E+0	-2.55185E-2	6.59555E-1
1.54760E+11	1.55072E-4	-6.92248E+0	4.19257E-1	1.65359E-1
1.54806E+11	2.09031E-4	-5.63894E+0	3.93294E-1	-3.43925E-1
1.54853E+11	3.49388E-4	-3.40944E+0	-2.83019E-1	-6.13185E-1
1.54899E+11	2.31583E-4	-5.12235E+0	-5.43095E-1	1.11761E-1
1.54945E+11	1.71900E-4	-6.60622E+0	-4.08043E-2	4.65616E-1
1.54991E+11	2.64952E-4	-4.94082E+0	5.19859E-1	2.24306E-1
1.55037E+11	2.68016E-4	-4.85081E+0	3.51397E-1	-4.51442E-1
1.55084E+11	1.90460E-4	-6.25421E+0	-2.81261E-1	-3.97240E-1
1.55130E+11	2.26453E-4	-5.61734E+0	-4.86856E-1	1.93124E-1
1.55176E+11	3.14119E-4	-4.24518E+0	1.79405E-1	5.86573E-1
1.55223E+11	2.78712E-4	-4.56986E+0	5.89901E-1	3.41785E-2
1.55269E+11	2.00369E-4	-5.89401E+0	8.23527E-2	-5.00612E-1
1.55315E+11	2.50656E-4	-4.95354E+0	-4.63069E-1	-3.24339E-1
1.55361E+11	2.00666E-4	-5.77116E+0	-4.14142E-1	3.05395E-1
1.55407E+11	2.10453E-4	-5.55149E+0	8.73597E-2	5.20466E-1
1.55454E+11	2.64201E-4	-4.85987E+0	5.52488E-1	-1.46132E-1
1.55500E+11	3.67423E-4	-3.55493E+0	-2.41802E-1	-6.18548E-1
1.55546E+11	2.53304E-4	-5.44526E+0	-5.28288E-1	7.95318E-2
1.55593E+11	2.67202E-4	-5.62821E+0	-2.79971E-2	5.22356E-1
1.55639E+11	3.15122E-4	-5.16690E+0	4.64621E-1	2.97377E-1
1.55685E+11	3.56006E-4	-4.63859E+0	4.75516E-1	-3.42862E-1
1.55731E+11	3.19043E-4	-5.22797E+0	-1.50427E-1	-5.26714E-1
1.55777E+11	2.81828E-4	-5.87141E+0	-4.56371E-1	2.24640E-1
1.55824E+11	4.00429E-4	-4.37436E+0	2.31075E-1	5.58419E-1
1.55870E+11	3.77651E-4	-4.64761E+0	5.69181E-1	-1.37800E-1
1.55916E+11	3.67833E-4	-4.80734E+0	-5.35392E-2	-5.72456E-1
1.55963E+11	2.68414E-4	-6.05020E+0	-4.78357E-1	-1.39558E-1
1.56009E+11	2.85911E-4	-5.54631E+0	-4.06403E-1	3.37173E-1
1.56055E+11	3.46828E-4	-4.73608E+0	2.48992E-1	5.23492E-1
1.56101E+11	2.44059E-4	-6.24495E+0	4.12693E-1	-2.59032E-1
1.56147E+11	2.44008E-4	-6.11102E+0	-1.70476E-1	-4.64528E-1
1.56194E+11	3.14079E-4	-5.04777E+0	-5.49888E-1	-1.01940E-1
1.56240E+11	3.09099E-4	-5.03987E+0	-1.58278E-1	5.36923E-1
1.56286E+11	2.62508E-4	-5.49379E+0	4.54016E-1	2.75883E-1
1.56333E+11	2.32119E-4	-5.84375E+0	3.66865E-1	-3.54683E-1
1.56379E+11	3.49273E-4	-4.14859E+0	-2.92982E-1	-5.46697E-1
1.56425E+11	2.60174E-4	-5.43952E+0	-4.60298E-1	2.71876E-1
1.56471E+11	3.13496E-4	-4.64848E+0	1.38647E-1	5.68915E-1
1.56517E+11	2.74883E-4	-5.18543E+0	5.03880E-1	2.21619E-1
1.56564E+11	3.22101E-4	-4.62109E+0	3.44742E-1	-4.75615E-1
1.56610E+11	2.35170E-4	-5.99161E+0	-3.26130E-1	-3.81200E-1
1.56656E+11	3.17783E-4	-4.70238E+0	-4.32331E-1	3.89548E-1
1.56703E+11	4.23234E-4	-3.54636E+0	4.51033E-1	4.88375E-1
1.56749E+11	2.21496E-4	-6.24500E+0	2.88471E-1	-3.92677E-1
1.56795E+11	2.20655E-4	-6.18112E+0	-2.14368E-1	-4.41560E-1
1.56841E+11	3.39444E-4	-4.50307E+0	-5.90927E-1	-7.32643E-2
1.56887E+11	3.37145E-4	-4.62935E+0	-1.39165E-1	5.70118E-1
1.56934E+11	2.08350E-4	-6.69748E+0	4.40658E-1	1.40502E-1
1.56980E+11	2.61733E-4	-5.69071E+0	2.76299E-1	-4.39760E-1
1.57026E+11	4.74401E-4	-3.23868E+0	-5.72312E-1	-3.83204E-1
1.57073E+11	2.91479E-4	-5.28436E+0	-2.74786E-1	4.69764E-1
1.57119E+11	2.35048E-4	-6.41023E+0	2.84769E-1	3.83998E-1
1.57165E+11	3.69561E-4	-4.61228E+0	5.87296E-1	-2.90109E-2
1.57211E+11	3.77232E-4	-4.39368E+0	-2.03757E-2	-6.02654E-1
1.57257E+11	2.54315E-4	-6.00946E+0	-5.00633E-1	-2.88765E-3
1.57304E+11	2.67569E-4	-5.92749E+0	-1.67271E-1	4.76905E-1
1.57350E+11	4.86542E-4	-3.46674E+0	4.94772E-1	4.53120E-1
1.57396E+11	2.76114E-4	-5.97453E+0	4.34473E-1	-2.52782E-1
1.57443E+11	3.02017E-4	-5.70039E+0	-7.27796E-2	-5.13646E-1
1.57489E+11	3.80189E-4	-4.90783E+0	-5.57882E-1	-1.08529E-1
1.57535E+11	3.99414E-4	-4.65183E+0	1.39864E-2	5.85173E-1
1.57581E+11	2.39334E-4	-6.91767E+0	4.50296E-1	2.40536E-2
1.57627E+11	3.89828E-4	-5.06214E+0	2.14146E-1	-5.15633E-1
1.57674E+11	5.77376E-4	-3.49227E+0	-4.37176E-1	-5.06316E-1
1.57720E+11	3.24581E-4	-6.09088E+0	-4.64203E-1	1.74650E-1
1.57766E+11	3.08450E-4	-6.45006E+0	-3.43620E-2	4.74637E-1
1.57813E+11	5.56103E-4	-3.89594E+0	6.32432E-1	8.82699E-2
1.57859E+11	5.87956E-4	-3.48058E+0	-1.37615E-1	-6.55551E-1
1.57905E+11	3.06672E-4	-6.21668E+0	-4.70855E-1	1.31375E-1
1.57951E+11	3.73101E-4	-5.26591E+0	-1.33823E-1	5.28714E-1
1.57997E+11	5.20669E-4	-3.55224E+0	4.54753E-1	4.84295E-1
1.58044E+11	3.68039E-4	-4.85958E+0	5.36037E-1	-1.98202E-1
1.58090E+11	2.27420E-4	-6.83336E+0	-3.27299E-2	-4.54158E-1
1.58136E+11	3.52042E-4	-4.75906E+0	-5.72204E-1	-8.27638E-2
1.58183E+11	3.35732E-4	-4.87308E+0	1.15767E-2	5.70501E-1
1.58229E+11	2.44240E-4	-6.23721E+0	4.87322E-1	1.88253E-2
1.58275E+11	2.45558E-4	-5.89082E+0	2.33553E-1	-4.50596E-1
1.58321E+11	3.58422E-4	-3.91555E+0	-3.51471E-1	-5.31406E-1
1.58367E+11	2.30576E-4	-5.91366E+0	-4.98100E-1	9.01617E-2
1.58414E+11	2.41647E-4	-5.75845E+0	-4.13546E-2	5.13658E-1
1.58460E+11	3.14418E-4	-3.98516E+0	6.07482E-1	1.74457E-1
1.58506E+11	2.73358E-4	-4.02824E+0	2.03893E-1	-5.94941E-1
1.58553E+11	1.80273E-4	-5.66532E+0	-3.69747E-1	-3.66877E-1
1.58599E+11	2.02309E-4	-4.87643E+0	-5.29802E-1	2.11340E-1
1.58645E+11	2.73470E-4	-3.35529E+0	2.90224E-2	6.78952E-1
1.58691E+11	1.87220E-4	-5.04124E+0	5.59562E-1	-1.13977E-2
1.58737E+11	1.33748E-4	-6.15653E+0	5.81580E-2	-4.88789E-1
1.58784E+11	1.85590E-4	-4.43827E+0	-5.52499E-1	-2.33747E-1
1.58830E+11	2.30821E-4	-3.39853E+0	-4.53360E-1	5.01705E-1
1.58876E+11	1.51250E-4	-5.37725E+0	2.54987E-1	4.74236E-1
1.58923E+11	1.48935E-4	-5.39998E+0	5.36611E-1	-2.12842E-2
1.58969E+11	2.16699E-4	-3.78926E+0	1.27365E-1	-6.33783E-1
1.59015E+11	2.19646E-4	-3.95281E+0	-6.14399E-1	-1.58021E-1
1.59061E+11	1.51689E-4	-5.44404E+0	-8.16562E-2	5.28040E-1
1.59107E+11	1.69904E-4	-4.51044E+0	5.15841E-1	2.96428E-1
1.59154E+11	1.87649E-4	-4.15448E+0	4.87867E-1	-3.82337E-1
1.59200E+11	1.78555E-4	-4.70803E+0	-1.81496E-1	-5.52519E-1
1.59246E+11	1.68591E-4	-5.18890E+0	-5.38450E-1	1.13309E-1
1.59293E+11	2.78606E-4	-3.40669E+0	7.06429E-2	6.71858E-1
1.59339E+11	2.22175E-4	-4.56839E+0	5.90991E-1	8.93632E-5
1.59385E+11	1.84429E-4	-5.37366E+0	4.29805E-2	-5.36945E-1
1.59431E+11	2.22575E-4	-4.34325E+0	-5.08160E-1	-3.31100E-1
1.59477E+11	2.84195E-4	-3.25757E+0	-5.74686E-1	3.76913E-1
1.59524E+11	1.83574E-4	-4.96058E+0	8.73461E-2	5.58106E-1
1.59570E+11	1.66296E-4	-5.24341E+0	5.39601E-1	-8.84426E-2
1.59616E+11	2.58652E-4	-3.66923E+0	-6.32074E-2	-6.52394E-1
1.59663E+11	2.74686E-4	-3.82506E+0	-6.36496E-1	9.66620E-2
1.59709E+11	2.12027E-4	-5.37127E+0	-1.07387E-2	5.38704E-1
1.59755E+11	2.72560E-4	-4.72327E+0	5.18168E-1	2.61793E-1
1.59801E+11	3.96009E-4	-3.42794E+0	5.62349E-1	-3.71376E-1
1.59847E+11	3.55973E-4	-3.95315E+0	-2.25672E-1	-5.92872E-1
1.59894E+11	3.04035E-4	-4.62721E+0	-5.57562E-1	1.83565E-1
1.59940E+11	3.97149E-4	-3.69231E+0	1.05506E-1	6.45139E-1
1.59986E+11	4.49444E-4	-3.03499E+0	7.04181E-1	3.59827E-2
1.60033E+11	3.12480E-4	-3.80753E+0	4.99818E-2	-6.43155E-1
1.60079E+11	2.07339E-4	-4.42686E+0	-5.50630E-1	-2.40097E-1
1.60125E+11	1.97267E-4	-3.89322E+0	-4.44230E-1	4.58995E-1
1.60171E+11	2.14315E-4	-3.47759E+0	3.83204E-1	5.49681E-1
1.60217E+11	1.84225E-4	-4.71120E+0	4.50074E-1	-3.67973E-1
1.60264E+11	2.79560E-4	-3.33617E+0	-3.06934E-1	-6.07986E-1
1.60310E+11	2.87857E-4	-3.47228E+0	-6.66712E-1	7.09801E-2
1.60356E+11	3.06248E-4	-3.46139E+0	-6.31910E-2	6.68341E-1
1.60403E+11	3.21995E-4	-3.68800E+0	6.00502E-1	2.59146E-1
1.60449E+11	4.46603E-4	-2.47463E+0	4.80138E-1	-5.78881E-1
1.60495E+11	4.21826E-4	-2.75563E+0	-4.82333E-1	-5.45483E-1
1.60541E+11	3.23791E-4	-4.14390E+0	-3.88531E-1	4.83918E-1
1.60587E+11	4.03248E-4	-3.46078E+0	4.40447E-1	5.06697E-1
1.60634E+11	5.35225E-4	-2.22442E+0	7.11754E-1	-3.04282E-1
1.60680E+11	4.28634E-4	-3.47449E+0	-1.64887E-1	-6.49713E-1
1.60726E+11	3.08785E-4	-5.05746E+0	-5.55854E-1	-5.56596E-2
1.60773E+11	4.22898E-4	-3.62592E+0	-3.43803E-1	5.61888E-1
1.60819E+11	5.21847E-4	-2.61253E+0	5.59515E-1	4.84666E-1
1.60865E+11	3.13618E-4	-4.83316E+0	3.23846E-1	-4.73008E-1
1.60911E+11	3.24917E-4	-4.74061E+0	-3.79863E-1	-4.37487E-1
1.60957E+11	4.88954E-4	-2.94689E+0	-6.92368E-1	1.67272E-1
1.61004E+11	4.80046E-4	-3.15462E+0	1.24082E-1	6.84296E-1
1.61050E+11	3.19740E-4	-4.93421E+0	5.66127E-1	2.35590E-2
1.61096E+11	3.39946E-4	-4.42899E+0	2.90135E-1	-5.25818E-1
1.61143E+11	5.55727E-4	-2.13805E+0	-5.58648E-1	-5.46927E-1
1.61189E+11	3.46419E-4	-4.27527E+0	-3.90749E-1	4.70077E-1
1.61235E+11	3.28571E-4	-4.26610E+0	3.23478E-1	5.19431E-1
1.61281E+11	3.64711E-4	-3.76197E+0	6.48261E-1	-1.71355E-2
1.61327E+11	4.24672E-4	-3.30336E+0	2.50939E-2	-6.83186E-1
1.61374E+11	2.70386E-4	-5.14453E+0	-5.43984E-1	-9.97937E-2
1.61420E+11	3.63860E-4	-3.71298E+0	-3.37080E-1	5.58286E-1
1.61466E+11	5.01079E-4	-2.21324E+0	5.47748E-1	5.48359E-1
1.61513E+11	3.24641E-4	-4.02623E+0	4.82416E-1	-4.03715E-1
1.61559E+11	2.80154E-4	-4.50152E+0	-1.41835E-1	-5.78422E-1
1.61605E+11	4.24154E-4	-2.69561E+0	-6.88736E-1	-2.51430E-1
1.61651E+11	4.82970E-4	-2.37909E+0	-1.79708E-1	7.38866E-1
1.61697E+11	2.37537E-4	-5.39536E+0	5.24874E-1	1.14973E-1
1.61744E+11	3.09061E-4	-4.11528E+0	2.68576E-1	-5.61734E-1
1.61790E+11	5.55413E-4	-1.63059E+0	-6.59904E-1	-5.01500E-1
1.61836E+11	3.63262E-4	-3.47798E+0	-4.34168E-1	5.10345E-1
1.61883E+11	2.17119E-4	-5.59570E+0	1.27823E-1	5.09271E-1
1.61929E+11	3.35489E-4	-3.59285E+0	5.43419E-1	3.76737E-1
1.61975E+11	4.93252E-4	-1.83629E+0	4.45079E-1	-6.76092E-1
1.62021E+11	2.70234E-4	-4.17786E+0	-5.72471E-1	-2.33259E-1
1.62067E+11	2.58217E-4	-4.34809E+0	-2.85811E-1	5.34562E-1
1.62114E+11	5.54293E-4	-1.26515E+0	6.40405E-1	5.80658E-1
1.62160E+11	3.59174E-4	-3.15964E+0	4.94353E-1	-4.88583E-1
1.62206E+11	2.38876E-4	-4.96410E+0	-1.45395E-1	-5.45631E-1
1.62253E+11	3.35304E-4	-3.62750E+0	-5.81381E-1	-3.09446E-1
1.62299E+11	4.88090E-4	-2.11418E+0	2.64003E-1	7.38165E-1
1.62345E+11	2.33271E-4	-5.16045E+0	5.17152E-1	-1.93163E-1
1.62391E+11	2.69900E-4	-4.80803E+0	-4.51078E-2	-5.73136E-1
1.62437E+11	5.68353E-4	-1.88201E+0	-7.70981E-1	-2.32214E-1
1.62484E+11	3.42668E-4	-4.07089E+0	-2.08531E-1	5.90065E-1
1.62530E+11	2.26612E-4	-5.97062E+0	3.62290E-1	3.48769E-1
1.62576E+11	3.73569E-4	-3.92615E+0	6.15572E-1	-1.61260E-1
1.62623E+11	6.55645E-4	-1.59655E+0	-3.15280E-1	-7.70051E-1
1.62669E+11	2.80819E-4	-5.29979E+0	-4.74133E-1	2.65205E-1
1.62715E+11	2.71999E-4	-5.52446E+0	6.55988E-3	5.29351E-1
1.62761E+11	5.69977E-4	-2.47539E+0	6.22333E-1	4.22183E-1
1.62807E+11	4.61751E-4	-3.25705E+0	4.37931E-1	-5.29717E-1
1.62854E+11	2.35900E-4	-6.13393E+0	-3.24013E-1	-3.72258E-1
1.62900E+11	3.36583E-4	-4.65352E+0	-5.69121E-1	1.36351E-1
1.62946E+11	5.85329E-4	-2.02023E+0	2.84186E-1	7.39773E-1
1.62993E+11	2.98648E-4	-4.85546E+0	5.17393E-1	-2.43379E-1
1.63039E+11	2.53577E-4	-5.63332E+0	-4.35348E-3	-5.22780E-1
1.63085E+11	4.83811E-4	-2.77684E+0	-5.64888E-1	-4.56634E-1
1.63131E+11	3.86812E-4	-3.53093E+0	-4.08938E-1	5.25627E-1
1.63177E+11	2.26743E-4	-5.83588E+0	3.77378E-1	3.44164E-1
1.63224E+11	2.97033E-4	-4.58530E+0	5.28028E-1	-2.62867E-1
1.63270E+11	5.34438E-4	-1.86818E+0	-3.26954E-1	-7.37227E-1
1.63316E+11	2.70482E-4	-5.03749E+0	-5.49251E-1	1.08777E-1
1.63363E+11	2.26058E-4	-5.87194E+0	-1.93913E-1	4.70216E-1
1.63409E+11	4.37396E-4	-2.77789E+0	3.69907E-1	6.25024E-1
1.63455E+11	4.60350E-4	-2.30689E+0	5.58310E-1	-5.25547E-1
1.63501E+11	2.00751E-4	-5.97725E+0	-3.54046E-1	-3.56594E-1
1.63547E+11	2.45550E-4	-5.04573E+0	-5.02752E-1	2.45268E-1
1.63594E+11	5.11321E-4	-1.76947E+0	1.60488E-1	7.99749E-1
1.63640E+11	3.05795E-4	-4.10905E+0	6.22117E-1	-3.47311E-2
1.63686E+11	1.72471E-4	-6.58208E+0	2.52090E-1	-3.95134E-1
1.63733E+11	3.30807E-4	-3.75017E+0	-2.07623E-1	-6.15283E-1
1.63779E+11	3.91650E-4	-3.12876E+0	-6.21589E-1	3.16502E-1
1.63825E+11	1.92562E-4	-6.37133E+0	2.70358E-1	3.96876E-1
1.63871E+11	1.71502E-4	-6.59139E+0	4.61917E-1	-7.64421E-2
1.63917E+11	3.72583E-4	-2.92030E+0	1.33175E-1	-7.01950E-1
1.63964E+11	2.46798E-4	-4.86705E+0	-5.26160E-1	-2.21843E-1
1.64010E+11	1.48506E-4	-7.15290E+0	-3.03701E-1	3.16843E-1
1.64056E+11	2.74658E-4	-4.48960E+0	1.99950E-1	5.61858E-1
1.64103E+11	3.62100E-4	-3.45363E+0	5.39751E-1	-4.00185E-1
1.64149E+11	1.85411E-4	-6.37804E+0	-3.03663E-1	-3.71533E-1
1.64195E+11	1.67216E-4	-6.75925E+0	-4.52251E-1	7.97996E-2
1.64241E+11	3.92440E-4	-3.02696E+0	-2.70837E-1	6.51716E-1
1.64287E+11	2.25351E-4	-5.53678E+0	4.48875E-1	2.79236E-1
1.64334E+11	1.37083E-4	-7.53248E+0	3.42752E-1	-2.42948E-1
1.64380E+11	2.43508E-4	-4.98907E+0	-8.60188E-2	-5.56440E-1
1.64426E+11	4.26007E-4	-2.75670E+0	-6.90795E-1	2.29932E-1
1.64473E+11	1.58256E-4	-7.03540E+0	1.39536E-1	4.22417E-1
1.64519E+11	1.44844E-4	-7.44879E+0	3.99706E-1	1.42030E-1
1.64565E+11	3.38337E-4	-3.91824E+0	4.96082E-1	-3.99468E-1
1.64611E+11	3.28880E-4	-4.29359E+0	-4.29908E-1	-4.32739E-1
1.64657E+11	1.51594E-4	-7.53545E+0	-2.72251E-1	3.19784E-1
1.64704E+11	2.32992E-4	-5.72246E+0	1.17764E-1	5.03882E-1
1.64750E+11	3.82828E-4	-3.69590E+0	6.50836E-1	-5.82694E-2
1.64796E+11	2.22401E-4	-5.98767E+0	2.03065E-2	-5.01489E-1
1.64843E+11	1.60111E-4	-7.54748E+0	-3.69447E-1	-1.98504E-1
1.64889E+11	3.36805E-4	-4.36359E+0	-5.19266E-1	3.10640E-1
1.64935E+11	2.81738E-4	-5.14364E+0	2.70905E-1	4.82234E-1
1.64981E+11	1.48344E-4	-7.92514E+0	3.66924E-1	-1.63131E-1
1.65027E+11	2.13638E-4	-6.37024E+0	2.23112E-2	-4.79754E-1
1.65074E+11	4.13622E-4	-3.65858E+0	-6.50836E-1	-8.41429E-2
1.65120E+11	2.26145E-4	-6.16240E+0	-2.06395E-1	4.46509E-1
1.65166E+11	1.86443E-4	-7.09672E+0	2.92156E-1	3.31326E-1
1.65213E+11	3.77547E-4	-4.17292E+0	6.02247E-1	-1.40948E-1
1.65259E+11	3.77269E-4	-4.15455E+0	-2.24872E-1	-5.77600E-1
1.65305E+11	1.84612E-4	-7.23073E+0	-4.31531E-1	5.46206E-2
1.65351E+11	2.19008E-4	-6.51834E+0	-1.69932E-1	4.40513E-1
1.65397E+11	4.27582E-4	-3.67058E+0	4.78314E-1	4.47990E-1
1.65444E+11	2.68300E-4	-5.52146E+0	3.72576E-1	-3.76346E-1
1.65490E+11	1.53948E-4	-8.04191E+0	-1.91561E-1	-3.46802E-1
1.65536E+11	2.95133E-4	-5.27416E+0	-5.35173E-1	1.02333E-1
1.65583E+11	3.63340E-4	-4.22208E+0	1.65001E-1	5.92483E-1
1.65629E+11	1.84807E-4	-7.14702E+0	4.17064E-1	-1.37633E-1
1.65675E+11	1.83568E-4	-7.25207E+0	1.23322E-1	-4.16013E-1
1.65721E+11	3.39210E-4	-4.61444E+0	-4.25871E-1	-4.05241E-1
1.65767E+11	2.72455E-4	-5.37071E+0	-4.66350E-1	2.69950E-1
1.65814E+11	1.76588E-4	-7.30426E+0	1.31434E-1	4.10794E-1
1.65860E+11	3.03746E-4	-4.91514E+0	5.67791E-1	9.00451E-3
1.65906E+11	3.24960E-4	-4.72494E+0	-5.25924E-2	-5.78047E-1
1.65953E+11	2.85215E-4	-5.65513E+0	-5.20265E-1	3.56774E-2
1.65999E+11	2.57565E-4	-6.31008E+0	-1.27744E-1	4.66434E-1
1.66045E+11	4.47369E-4	-3.75511E+0	5.28694E-1	3.76409E-1
1.66091E+11	3.19268E-4	-5.58694E+0	3.99941E-1	-3.41028E-1
1.66137E+11	2.59199E-4	-6.84267E+0	-2.15735E-1	-4.00431E-1
1.66184E+11	3.82873E-4	-5.35778E+0	-5.37986E-1	4.23323E-2
1.66230E+11	5.84234E-4	-3.59591E+0	3.81429E-3	6.60994E-1
1.66276E+11	3.61491E-4	-5.91686E+0	5.05331E-1	2.61513E-2
1.66323E+11	2.97959E-4	-6.87118E+0	1.65854E-1	-4.21931E-1
1.66369E+11	4.86260E-4	-4.75806E+0	-4.39919E-1	-3.75254E-1
1.66415E+11	5.67863E-4	-4.22411E+0	-4.04999E-1	4.62667E-1
1.66461E+11	3.32063E-4	-6.90071E+0	3.21981E-1	3.16968E-1
1.66507E+11	4.29281E-4	-5.64660E+0	4.75788E-1	-2.14731E-1
1.66554E+11	5.75670E-4	-4.41947E+0	-1.13078E-1	-5.90481E-1
1.66600E+11	6.04948E-4	-4.24288E+0	-6.06837E-1	9.05716E-2
1.66646E+11	3.61183E-4	-6.36281E+0	-4.60992E-2	4.78468E-1
1.66693E+11	5.18607E-4	-4.71617E+0	5.18465E-1	2.62258E-1
1.66739E+11	6.29150E-4	-4.16153E+0	4.28046E-1	-4.47603E-1
1.66785E+11	4.87821E-4	-5.36320E+0	-4.26300E-1	-3.30341E-1
1.66831E+11	4.97091E-4	-5.22999E+0	-4.63884E-1	2.91082E-1
1.66877E+11	5.77503E-4	-4.56772E+0	2.43497E-1	5.38547E-1
1.66924E+11	6.78231E-4	-3.89416E+0	6.17010E-1	-1.65009E-1
1.66970E+11	4.34607E-4	-5.70268E+0	-1.07408E-1	-5.07396E-1
1.67016E+11	5.52995E-4	-4.46478E+0	-5.96910E-1	-3.74416E-2
1.67063E+11	5.55408E-4	-4.42550E+0	-1.01064E-1	5.92232E-1
1.67109E+11	4.50177E-4	-5.23342E+0	5.31911E-1	1.29424E-1
1.67155E+11	3.80843E-4	-5.64095E+0	3.08826E-1	-4.21266E-1
1.67201E+11	5.39649E-4	-4.10078E+0	-3.25605E-1	-5.31936E-1
1.67247E+11	5.74293E-4	-3.70766E+0	-5.88103E-1	2.82776E-1
1.67294E+11	3.29239E-4	-5.97671E+0	1.41248E-1	4.82274E-1
1.67340E+11	4.18833E-4	-4.72683E+0	5.80170E-1	1.26554E-2
1.67386E+11	6.28447E-4	-2.97868E+0	1.99674E-1	-6.81017E-1
1.67433E+11	5.31761E-4	-3.48750E+0	-6.65436E-1	-7.18741E-2
1.67479E+11	3.61398E-4	-4.98738E+0	-1.98235E-1	5.27116E-1
1.67525E+11	4.16614E-4	-4.35808E+0	4.78582E-1	3.70890E-1
1.67571E+11	7.51770E-4	-1.61860E+0	6.21231E-1	-5.50407E-1
1.67617E+11	3.86845E-4	-4.14729E+0	-4.36103E-1	-4.41187E-1
1.67664E+11	3.80610E-4	-4.19346E+0	-5.64116E-1	2.50072E-1
1.67710E+11	4.32442E-4	-3.62511E+0	-1.20172E-2	6.58677E-1
1.67756E+11	5.77582E-4	-1.88827E+0	7.99905E-1	-8.69128E-2
1.67803E+11	3.18014E-4	-4.23992E+0	4.71124E-2	-6.11957E-1
1.67849E+11	3.55150E-4	-3.64966E+0	-6.08579E-1	-2.47354E-1
1.67895E+11	4.83297E-4	-1.98844E+0	-4.43676E-1	6.60145E-1
1.67941E+11	3.31737E-4	-3.36256E+0	6.13973E-1	2.89969E-1
1.67987E+11	2.79599E-4	-3.86580E+0	4.13073E-1	-4.89870E-1
1.68034E+11	3.34174E-4	-2.81582E+0	-3.92333E-1	-6.07433E-1
1.68080E+11	3.61002E-4	-1.98559E+0	-6.59498E-1	4.45103E-1
1.68126E+11	2.12787E-4	-3.92285E+0	2.28986E-1	5.93976E-1
1.68173E+11	2.42347E-4	-3.14910E+0	6.95870E-1	-6.13015E-3
1.68219E+11	3.77013E-4	-7.60679E-1	1.67514E-1	-9.00704E-1
1.68265E+11	2.39154E-4	-2.44157E+0	-7.50251E-1	-8.41519E-2
1.68311E+11	1.92703E-4	-3.29097E+0	-2.79487E-1	6.24976E-1
1.68357E+11	2.27145E-4	-2.33124E+0	5.13110E-1	5.66870E-1
1.68404E+11	3.45690E-4	-2.66120E-1	5.82260E-1	-7.75588E-1
1.68450E+11	1.63736E-4	-3.60368E+0	-5.10469E-1	-4.19008E-1
1.68496E+11	1.48453E-4	-3.97047E+0	-5.52093E-1	3.09866E-1
1.68543E+11	2.55953E-4	-1.28052E+0	1.50534E-1	8.49696E-1
1.68589E+11	2.08097E-4	-1.96393E+0	7.25281E-1	-3.31944E-1
1.68635E+11	1.24877E-4	-4.28113E+0	-2.69468E-2	-6.10268E-1
1.68681E+11	1.29638E-4	-3.84176E+0	-5.85001E-1	-2.65809E-1
1.68727E+11	2.34003E-4	-1.16364E+0	-4.19394E-1	7.67505E-1
1.68774E+11	1.28463E-4	-3.72542E+0	5.78905E-1	2.98259E-1
1.68820E+11	1.16821E-4	-3.92167E+0	4.69687E-1	-4.29823E-1
1.68866E+11	1.64886E-4	-2.13858E+0	-3.49265E-1	-6.99397E-1
1.68913E+11	1.60137E-4	-2.15977E+0	-6.15786E-1	4.78513E-1
1.68959E+11	1.03153E-4	-4.13487E+0	3.40047E-1	5.19906E-1
1.69005E+11	1.13189E-4	-3.47202E+0	6.35566E-1	-2.13604E-1
1.69051E+11	1.91914E-4	-1.22434E+0	-2.49007E-1	-8.32066E-1
1.69097E+11	1.00012E-4	-3.99896E+0	-6.13774E-1	1.46571E-1
1.69144E+11	8.40704E-5	-4.60968E+0	-1.23585E-1	5.75058E-1
1.69190E+11	1.36675E-4	-2.46852E+0	5.78781E-1	4.81088E-1
1.69236E+11	1.49428E-4	-2.22358E+0	4.27141E-1	-6.45637E-1
1.69283E+11	7.03624E-5	-5.35781E+0	-3.82004E-1	-3.81171E-1
1.69329E+11	7.74056E-5	-4.72413E+0	-5.28244E-1	2.40677E-1
1.69375E+11	1.82281E-4	-1.19041E+0	3.59078E-1	7.94555E-1
1.69421E+11	9.54831E-5	-3.90722E+0	5.13427E-1	-3.78281E-1
1.69467E+11	6.30120E-5	-5.51979E+0	-1.62668E-1	-5.04080E-1
1.69514E+11	9.86390E-5	-3.51042E+0	-6.64036E-1	-6.83269E-2
1.69560E+11	1.48396E-4	-1.86752E+0	-3.24793E-2	8.05882E-1
1.69606E+11	6.06651E-5	-4.92167E+0	5.54385E-1	1.20996E-1
1.69653E+11	7.05628E-5	-4.88973E+0	3.65915E-1	-4.36424E-1
1.69699E+11	1.30524E-4	-2.29116E+0	-4.93878E-1	-5.88326E-1
1.69745E+11	9.14767E-5	-3.72625E+0	-4.52730E-1	4.68022E-1
1.69791E+11	6.56552E-5	-5.08264E+0	2.86847E-1	4.77479E-1
1.69837E+11	9.96234E-5	-3.36709E+0	6.55270E-1	-1.76598E-1
1.69884E+11	1.05217E-4	-2.58028E+0	-3.70108E-1	-6.44253E-1
1.69930E+11	5.98583E-5	-5.74197E+0	-4.77560E-1	1.96217E-1
1.69976E+11	8.01028E-5	-4.74231E+0	-2.71378E-2	5.78639E-1
1.70023E+11	1.57774E-4	-2.21177E+0	7.43767E-1	2.18493E-1
1.70069E+11	8.63476E-5	-4.82650E+0	8.39548E-2	-5.67511E-1
1.70115E+11	6.33962E-5	-6.36795E+0	-3.69642E-1	-3.06836E-1
1.70161E+11	1.11847E-4	-4.34323E+0	-5.82666E-1	1.68390E-1
1.70207E+11	1.69646E-4	-2.51229E+0	2.77277E-1	6.95607E-1
1.70254E+11	5.50887E-5	-7.29176E+0	4.10110E-1	-1.35545E-1
1.70300E+11	6.69315E-5	-6.56645E+0	8.59742E-2	-4.61607E-1
1.70346E+11	1.40879E-4	-3.63370E+0	-5.85340E-1	-3.00863E-1
1.70393E+11	1.08086E-4	-4.73256E+0	-1.37526E-1	5.63382E-1
1.70439E+11	5.72636E-5	-7.58434E+0	3.42080E-1	2.39560E-1
1.70485E+11	9.60581E-5	-4.99339E+0	5.42937E-1	-1.48084E-1
1.70531E+11	1.58142E-4	-1.51330E+0	4.61674E-3	-8.40095E-1
1.70577E+11	7.21269E-5	-1.22193E+0	-8.21748E-1	-2.81935E-1
1.70624E+11	7.61163E-5	7.08846E+0	-2.07273E+0	9.04865E-1
1.70670E+11	1.55137E-4	2.50421E+1	-3.70693E+0	1.74805E+1
1.70716E+11	1.17988E-4	4.77569E+1	2.05914E+2	1.31380E+2
1.70763E+11	7.19260E-5	7.47854E+1	5.38161E+3	-1.06617E+3
1.70809E+11	1.16206E-4	7.28563E+1	5.15613E+2	-4.36321E+3
1.70855E+11	1.94654E-4	7.73088E+1	7.30817E+3	6.34518E+2
1.70901E+11	7.46068E-5	7.88019E+1	-8.59359E+3	1.42887E+3
1.70947E+11	8.82067E-5	6.48860E+1	-1.75479E+3	3.24505E+1
1.70994E+11	1.63456E-4	3.46777E+1	-2.49867E+1	4.80805E+1
1.71040E+11	1.37007E-4	5.03300E+0	1.75969E+0	2.99813E-1
1.71086E+11	5.64274E-5	-7.03725E+0	7.67344E-2	-4.38103E-1
1.71133E+11	1.03014E-4	-6.02698E+0	-4.45578E-1	-2.26037E-1
1.71179E+11	2.28068E-4	-2.77795E+0	-1.70956E-1	7.05871E-1
1.71225E+11	9.25333E-5	-7.02606E+0	4.27676E-1	-1.24201E-1
1.71271E+11	7.38719E-5	-8.13139E+0	-2.01614E-2	-3.91612E-1
1.71317E+11	1.52750E-4	-5.05291E+0	-5.58735E-1	-1.46024E-2
1.71364E+11	2.22992E-4	-3.50644E+0	2.13871E-1	6.32677E-1
1.71410E+11	7.80509E-5	-8.20901E+0	3.80882E-1	-7.72748E-2
1.71456E+11	1.17904E-4	-6.31042E+0	2.94275E-1	-3.83749E-1
1.71503E+11	2.07650E-4	-3.39819E+0	-3.89940E-1	-5.52472E-1
1.71549E+11	1.47832E-4	-4.72305E+0	-5.49286E-1	1.87978E-1
1.71595E+11	8.26708E-5	-7.04338E+0	-1.97731E-1	3.98053E-1
1.71641E+11	1.78551E-4	-3.86431E+0	1.67069E-1	6.18732E-1
1.71687E+11	2.16561E-4	-3.42155E+0	6.59796E-1	-1.39625E-1
1.71734E+11	1.06180E-4	-7.10361E+0	-9.09982E-4	-4.41386E-1
1.71780E+11	1.26948E-4	-6.57072E+0	-4.08165E-1	-2.31640E-1
1.71826E+11	2.84393E-4	-3.32977E+0	-3.94307E-1	5.55933E-1
1.71873E+11	1.33743E-4	-6.99925E+0	4.18323E-1	1.56737E-1
1.71919E+11	9.63520E-5	-8.54561E+0	2.85496E-1	-2.41392E-1
1.71965E+11	1.91084E-4	-5.49921E+0	-9.88305E-2	-5.21654E-1
1.72011E+11	3.21430E-4	-3.46030E+0	-6.42859E-1	1.93696E-1
1.72057E+11	8.19311E-5	-9.50491E+0	5.03265E-2	3.30972E-1
1.72104E+11	1.21221E-4	-7.82233E+0	3.37748E-1	2.25907E-1
1.72150E+11	2.74823E-4	-4.28494E+0	4.32847E-1	-4.30661E-1
1.72196E+11	2.11917E-4	-5.67933E+0	-4.78498E-1	-2.03660E-1
1.72243E+11	7.06389E-5	-1.03759E+1	-2.63207E-1	1.49768E-1
1.72289E+11	1.75390E-4	-6.34672E+0	-2.68184E-3	4.81568E-1
1.72335E+11	3.14718E-4	-4.03846E+0	6.28151E-1	4.88682E-3
1.72381E+11	1.21948E-4	-8.23041E+0	-1.27236E-1	-3.66212E-1
1.72427E+11	1.11274E-4	-8.56122E+0	-3.44233E-1	-1.44154E-1
1.72474E+11	2.67568E-4	-4.83522E+0	-2.95926E-1	4.90800E-1
1.72520E+11	2.18043E-4	-5.91403E+0	4.42404E-1	2.45946E-1
1.72566E+11	9.72145E-5	-9.44940E+0	1.56472E-1	-2.98384E-1
1.72613E+11	1.94626E-4	-6.47058E+0	-1.56429E-1	-4.48245E-1
1.72659E+11	3.22109E-4	-4.43026E+0	-5.71757E-1	1.83440E-1
1.72705E+11	1.26265E-4	-8.50365E+0	5.55465E-2	3.71550E-1
1.72751E+11	1.32391E-4	-8.15676E+0	3.78407E-1	9.83788E-2
1.72797E+11	2.66062E-4	-4.75899E+0	1.39062E-1	-5.61191E-1
1.72844E+11	2.00635E-4	-6.34467E+0	-4.67159E-1	1.17416E-1
1.72890E+11	8.22254E-5	-1.01173E+1	-2.21808E-2	3.11198E-1
1.72936E+11	1.86227E-4	-6.55702E+0	4.20261E-1	2.10553E-1
1.72983E+11	3.75685E-4	-3.48340E+0	2.81619E-1	-6.07524E-1
1.73029E+11	9.21549E-5	-8.90608E+0	-3.53241E-1	-6.21722E-2
1.73075E+11	6.13712E-5	-8.74626E+0	-2.90490E-1	2.21546E-1
1.73121E+11	1.94489E-4	-5.59023E+0	1.93359E-1	4.88524E-1
1.73167E+11	3.25419E-4	-3.76244E+0	5.65822E-1	-3.16757E-1
1.73214E+11	6.51804E-5	-1.08356E+1	-7.44425E-2	-2.77409E-1
1.73260E+11	1.61792E-4	-6.91740E+0	-4.32165E-1	-1.28805E-1
1.73306E+11	2.42223E-4	-5.04295E+0	-1.21766E-1	5.46158E-1
1.73353E+11	1.79598E-4	-6.04340E+0	4.88945E-1	-9.81005E-2
1.73399E+11	7.66977E-5	-9.62367E+0	1.16779E-1	-3.08892E-1
1.73445E+11	1.81697E-4	-5.74343E+0	-4.15348E-1	-3.06531E-1
1.73491E+11	1.66746E-4	-6.05276E+0	-3.07655E-1	3.91796E-1
1.73537E+11	9.74784E-5	-8.21699E+0	2.90414E-1	2.57730E-1
1.73584E+11	1.24590E-4	-7.02353E+0	4.35755E-1	-9.25495E-2
1.73630E+11	2.30622E-4	-4.32520E+0	-1.22627E-1	-5.95272E-1
1.73676E+11	1.05230E-4	-7.46081E+0	-3.94686E-1	1.53829E-1
1.73723E+11	8.33309E-5	-8.43236E+0	3.36786E-2	3.77275E-1
1.73769E+11	1.60487E-4	-5.64720E+0	5.19082E-1	5.47670E-2
1.73815E+11	1.78501E-4	-4.80883E+0	-8.12181E-2	-5.69089E-1
1.73861E+11	6.64410E-5	-9.01691E+0	-3.53112E-1	-2.67483E-2
1.73907E+11	1.03130E-4	-7.01321E+0	-2.13914E-1	3.91358E-1
1.73954E+11	1.67932E-4	-4.65750E+0	4.64669E-1	3.55330E-1
1.74000E+11	9.81569E-5	-6.69706E+0	1.25559E-1	-4.45169E-1
