4.50000E+11	1.38262E-12	-6.95711E+0	-4.31093E-1	-1.25162E-1
4.50175E+11	5.14814E-13	-1.53898E+1	-9.02693E-2	1.44081E-1
4.50350E+11	1.15254E-12	-1.14488E+1	1.84104E-1	-1.94269E-1
4.50525E+11	1.04334E-13	-2.59357E+1	4.91259E-2	-1.16605E-2
4.50700E+11	1.66299E-13	-2.48149E+1	-3.44845E-2	4.59434E-2
4.50875E+11	5.23999E-14	-2.54891E+1	-2.52700E-2	4.67640E-2
4.51050E+11	5.55043E-13	-1.04781E+1	7.95428E-2	2.88528E-1
4.51225E+11	5.08149E-13	-1.59532E+1	4.82572E-2	1.51862E-1
4.51400E+11	5.85671E-13	-1.65811E+1	-1.43932E-1	3.54529E-2
4.51575E+11	9.80035E-13	-9.78819E+0	-1.52665E-2	3.23674E-1
4.51750E+11	8.01483E-13	-7.31505E+0	5.84051E-3	4.30733E-1
4.51925E+11	2.27359E-12	-4.73063E+0	-2.92693E-1	5.00793E-1
4.52100E+11	7.97993E-13	-1.40202E+1	-1.82298E-1	-7.99605E-2
4.52275E+11	2.19883E-12	-1.37959E+1	-1.24748E-2	-2.03888E-1
4.52450E+11	9.13963E-13	-2.23254E+1	5.99769E-2	-4.75071E-2
4.52625E+11	1.20069E-11	-1.75594E+1	1.73673E-2	1.31299E-1
4.52800E+11	2.42104E-11	-1.76067E+1	-1.11904E-1	6.94893E-2
4.52975E+11	2.41763E-11	-1.95223E+1	-9.13392E-2	-5.31024E-2
4.53150E+11	4.55664E-11	-2.06965E+1	-1.20269E-2	-9.15070E-2
4.53325E+11	5.53585E-11	-2.24229E+1	6.92186E-2	-3.05447E-2
4.53500E+11	7.27612E-11	-2.20193E+1	3.69530E-2	7.01146E-2
4.53675E+11	8.36773E-11	-2.22846E+1	-7.68713E-2	-4.33804E-4
4.53850E+11	1.19464E-10	-2.16365E+1	-9.77590E-3	-8.22482E-2
4.54025E+11	2.02902E-10	-2.09500E+1	8.77608E-2	-1.82564E-2
4.54200E+11	2.83849E-10	-2.04772E+1	2.52821E-2	9.12151E-2
4.54375E+11	1.40163E-10	-2.34581E+1	-6.57233E-2	1.38062E-2
4.54550E+11	7.65347E-11	-2.55096E+1	-1.64210E-2	-5.04233E-2
4.54725E+11	3.64222E-11	-2.69059E+1	4.33242E-2	-1.27272E-2
4.54900E+11	2.56598E-11	-2.66495E+1	-9.36637E-3	4.55545E-2
4.55075E+11	3.66943E-12	-3.27314E+1	-2.18185E-2	-7.55720E-3
4.55250E+11	1.21170E-11	-2.56782E+1	-2.24729E-2	-4.69045E-2
4.55425E+11	3.84257E-12	-2.71648E+1	2.80792E-2	-3.36531E-2
4.55600E+11	1.53409E-12	-2.97022E+1	3.21860E-2	-5.91869E-3
4.55775E+11	3.69375E-12	-2.27250E+1	2.13273E-2	6.98898E-2
4.55950E+11	5.28003E-12	-1.63073E+1	-1.52391E-1	1.34245E-2
4.56125E+11	4.95953E-13	-2.15942E+1	5.80412E-2	-5.96559E-2
4.56300E+11	2.80881E-12	-6.33203E+0	9.48308E-2	4.72977E-1
4.56475E+11	2.04601E-12	-8.47982E+0	-2.76809E-1	-2.55516E-1
4.56650E+11	1.16646E-12	-1.40452E+1	7.67213E-3	-1.98341E-1
4.56825E+11	3.74007E-12	-1.35132E+1	2.00360E-1	6.62456E-2
4.57000E+11	2.13087E-14	-3.88565E+1	5.50821E-4	1.13938E-2
4.57175E+11	4.48556E-13	-2.10027E+1	-4.04926E-3	8.90058E-2
4.57350E+11	7.59788E-13	-1.98108E+1	1.01691E-1	-1.02116E-2
4.57525E+11	6.92654E-13	-1.97773E+1	-9.37495E-2	4.16797E-2
4.57700E+11	5.01459E-13	-1.63006E+1	5.82701E-2	1.41576E-1
4.57875E+11	3.16897E-13	-9.77548E+0	2.58524E-1	1.96141E-1
4.58050E+11	9.77464E-13	-4.06166E+0	-5.26112E-1	3.40148E-1
4.58225E+11	4.82737E-14	-6.64405E+0	6.71100E-2	4.60504E-1
4.58400E+11	1.66702E-13	-1.01755E+1	-3.67042E-3	-3.09880E-1
4.58575E+11	4.30481E-14	-1.12936E+1	-5.35179E-2	-2.67165E-1
4.58750E+11	8.51792E-13	-1.08497E+0	-8.82121E-1	2.82867E-2
4.58925E+11	4.27546E-13	-9.22026E+0	3.07533E-2	3.44559E-1
4.59100E+11	2.97295E-13	-7.74095E+0	6.90188E-2	-4.04311E-1
4.59275E+11	4.50961E-13	-2.53181E+0	-6.96300E-1	2.70931E-1
4.59450E+11	1.69095E-12	-3.34033E+0	6.80582E-1	1.48279E-2
4.59625E+11	1.66552E-12	-5.07486E+0	1.76877E-1	5.28714E-1
4.59800E+11	6.21193E-12	1.21872E+0	-4.20253E-1	-1.07114E+0
4.59975E+11	7.85759E-12	3.53057E+0	1.39129E+0	-5.64659E-1
4.60150E+11	6.04107E-12	3.85165E+0	8.83523E-1	1.28332E+0
4.60325E+11	2.74442E-13	-1.37946E+1	-1.94729E-1	-6.18018E-2
4.60500E+11	3.98146E-12	1.08454E+1	-2.69170E+0	2.21442E+0
4.60675E+11	2.67742E-12	-3.31991E+0	6.14701E-1	-2.96208E-1
4.60850E+11	1.00612E-14	-4.31069E-1	8.34705E-1	-4.56921E-1
4.61025E+11	7.47062E-13	5.80573E+0	-1.49776E+0	-1.25045E+0
4.61200E+11	8.40830E-13	-6.41033E+0	1.29200E-1	4.60271E-1
4.61375E+11	1.31455E-13	-1.77854E+1	-1.15962E-1	-5.66080E-2
4.61550E+11	2.95521E-12	2.29389E+0	-7.56146E-1	1.06024E+0
4.61725E+11	1.14087E-12	-6.31137E-1	-7.07819E-1	-6.03104E-1
4.61900E+11	7.57111E-12	1.34415E+1	4.05219E+0	2.38067E+0
4.62075E+11	5.33819E-12	2.83088E+0	1.08742E+0	8.58241E-1
4.62250E+11	2.84617E-12	4.00906E+0	-1.07045E+0	-1.17102E+0
4.62425E+11	6.98555E-12	3.10048E+0	3.45664E-1	-1.38654E+0
4.62600E+11	4.24561E-12	2.28862E+0	1.09737E+0	6.99704E-1
4.62775E+11	1.70661E-12	3.50503E-1	-7.40138E-1	-7.32289E-1
4.62950E+11	1.50975E-12	-6.02016E+0	-3.82077E-1	3.22556E-1
4.63125E+11	2.53378E-12	7.36453E-1	6.53931E-1	-8.70158E-1
4.63300E+11	1.99098E-12	-3.04044E+0	6.92283E-1	1.31476E-1
4.63475E+11	3.18930E-12	-2.71418E+0	-2.75190E-1	-6.77902E-1
4.63650E+11	1.39475E-12	-5.32738E+0	2.20729E-2	-5.41090E-1
4.63825E+11	4.42837E-12	-1.21941E+0	7.59154E-1	4.22942E-1
4.64000E+11	8.87154E-12	-5.86063E-1	-2.14824E-1	9.09733E-1
4.64175E+11	6.51654E-12	1.58961E+0	-3.62619E-1	-1.14477E+0
4.64350E+11	1.17519E-11	9.10616E+0	2.73032E+0	8.27776E-1
4.64525E+11	1.43944E-11	1.02277E+1	-3.18750E+0	-6.14860E-1
4.64700E+11	1.49756E-11	7.64946E+0	-1.40711E+0	-1.95968E+0
4.64875E+11	1.70480E-11	1.66322E+0	1.21104E+0	4.20862E-3
4.65050E+11	3.22579E-11	3.90160E+0	-1.39267E+0	7.18398E-1
4.65225E+11	3.53069E-11	2.12464E+0	-2.78288E-1	-1.24643E+0
4.65400E+11	5.05807E-11	1.94985E-2	5.76857E-1	8.19595E-1
4.65575E+11	7.11127E-11	3.56805E+0	-1.50751E+0	3.85538E-2
4.65750E+11	1.15123E-10	2.52521E+0	8.60620E-1	-1.02370E+0
4.65925E+11	2.44426E-10	5.99720E+0	2.29819E-1	1.98134E+0
4.66100E+11	2.65059E-10	3.93698E+0	-1.50959E+0	4.43673E-1
4.66275E+11	3.10432E-10	4.65640E+0	-1.64616E-1	-1.70136E+0
4.66450E+11	3.61386E-10	4.19953E+0	1.59522E+0	2.91978E-1
4.66625E+11	3.81985E-10	5.31483E+0	-8.73660E-1	1.62381E+0
4.66800E+11	3.79854E-10	7.20428E+0	-1.68003E+0	-1.55909E+0
4.66975E+11	2.97763E-10	5.49014E+0	1.81019E+0	-5.13128E-1
4.67150E+11	2.79037E-10	7.89210E+0	-2.47658E-1	2.46848E+0
4.67325E+11	2.55390E-10	8.74662E+0	-2.72362E+0	2.73890E-1
4.67500E+11	2.26492E-10	6.70486E+0	5.49617E-2	-2.16323E+0
4.67675E+11	2.32799E-10	8.48604E+0	2.64941E+0	1.93347E-1
4.67850E+11	2.07582E-10	9.31909E+0	-1.91964E+0	2.20542E+0
4.68025E+11	1.50076E-10	9.71288E+0	-1.17269E+0	-2.82579E+0
4.68200E+11	1.24372E-10	1.00705E+1	3.13665E+0	-5.70155E-1
4.68375E+11	1.27292E-10	7.92642E+0	3.26218E-1	2.46924E+0
4.68550E+11	8.16553E-11	1.79637E+0	-1.20299E+0	-2.55181E-1
4.68725E+11	7.47997E-11	1.45754E+0	8.19759E-1	-8.52520E-1
4.68900E+11	4.06902E-11	-3.35729E+0	5.03644E-1	4.56014E-1
4.69075E+11	4.03006E-11	-3.57264E+0	-1.62248E-1	6.42612E-1
4.69250E+11	5.80057E-11	-3.53540E+0	5.73244E-2	-6.63153E-1
4.69425E+11	4.10353E-11	-5.65355E+0	4.89770E-1	1.79368E-1
4.69600E+11	5.14774E-11	-7.11458E+0	-2.91288E-1	3.30881E-1
4.69775E+11	1.60571E-11	-1.25628E+1	-2.08021E-1	-1.10246E-1
4.69950E+11	2.46182E-11	-1.17259E+1	1.03163E-1	-2.37832E-1
4.70125E+11	2.12126E-11	-1.24615E+1	1.95717E-1	1.35758E-1
4.70300E+11	4.10484E-11	-9.11337E+0	-1.70086E-1	3.06137E-1
4.70475E+11	3.96376E-11	-1.11191E+1	-2.19064E-1	-1.71159E-1
4.70650E+11	1.13418E-10	-8.22425E+0	2.79238E-1	-2.69332E-1
4.70825E+11	1.49877E-10	-8.41885E+0	2.50074E-1	2.85274E-1
4.71000E+11	2.43835E-10	-7.03535E+0	-2.51207E-1	3.67156E-1
4.71175E+11	2.99300E-10	-6.10948E+0	-4.47860E-1	-2.10610E-1
4.71350E+11	3.16540E-10	-6.38915E+0	5.06336E-2	-4.76546E-1
4.71525E+11	3.51909E-10	-6.43319E+0	4.24655E-1	-2.16819E-1
4.71700E+11	6.36852E-10	-4.29771E+0	4.20825E-1	4.41178E-1
4.71875E+11	1.05856E-9	-2.02983E+0	-3.96080E-1	6.85389E-1
4.72050E+11	1.58288E-9	7.47181E-1	-9.83130E-1	-4.70304E-1
4.72225E+11	2.17827E-9	1.80853E-1	8.82739E-1	-5.13122E-1
4.72400E+11	3.68998E-9	-1.33223E+0	5.27366E-2	8.56182E-1
4.72575E+11	5.21923E-9	-2.48247E+0	-6.97610E-1	-2.79207E-1
4.72750E+11	7.99664E-9	-2.38182E+0	6.06496E-1	-4.58275E-1
4.72925E+11	1.03853E-8	-4.65562E+0	8.46081E-2	5.78935E-1
4.73100E+11	1.36439E-8	-6.75985E+0	-4.41174E-1	-1.27419E-1
4.73275E+11	2.26952E-8	-8.31107E+0	2.13828E-1	-3.19080E-1
4.73450E+11	3.39699E-8	-9.01303E+0	2.07567E-1	2.87109E-1
4.73625E+11	3.19466E-8	-1.02893E+1	-2.86660E-1	1.06687E-1
4.73800E+11	2.91780E-8	-1.13692E+1	4.77819E-3	-2.70067E-1
4.73975E+11	2.67567E-8	-1.23051E+1	2.19563E-1	1.02991E-1
4.74150E+11	2.13210E-8	-1.28931E+1	-1.63628E-1	1.56823E-1
4.74325E+11	2.12365E-8	-1.37328E+1	-1.01623E-1	-1.78912E-1
4.74500E+11	1.79669E-8	-1.40962E+1	1.94792E-1	-3.15369E-2
4.74675E+11	2.00855E-8	-1.32605E+1	-1.63843E-2	2.16640E-1
4.74850E+11	2.13610E-8	-1.24065E+1	-2.21201E-1	-9.23507E-2
4.75025E+11	1.26643E-8	-1.20822E+1	1.87925E-1	-1.63087E-1
4.75200E+11	1.74194E-8	-1.16722E+1	8.81402E-2	2.45508E-1
4.75375E+11	1.70225E-8	-1.12755E+1	-2.72992E-1	-5.07642E-3
4.75550E+11	9.81897E-9	-1.37239E+1	1.04714E-1	-1.77367E-1
4.75725E+11	8.21376E-9	-1.31494E+1	1.58021E-1	1.53146E-1
4.75900E+11	6.52268E-9	-1.30048E+1	-1.86402E-1	1.23764E-1
4.76075E+11	6.90180E-9	-1.24580E+1	-5.75249E-2	-2.31240E-1
4.76250E+11	5.02010E-9	-1.25025E+1	2.35040E-1	3.09522E-2
4.76425E+11	4.06144E-9	-1.25284E+1	-1.19093E-1	2.04167E-1
4.76600E+11	2.93689E-9	-1.22834E+1	-1.49808E-1	-1.91488E-1
4.76775E+11	1.96026E-9	-1.15910E+1	2.30131E-1	-1.27933E-1
4.76950E+11	1.47656E-9	-1.11740E+1	1.21046E-1	2.48318E-1
4.77125E+11	1.08518E-9	-1.08539E+1	-2.49071E-1	1.41825E-1
4.77300E+11	1.02483E-9	-1.15507E+1	2.30266E-1	1.30196E-1
4.77475E+11	8.14649E-10	-1.29153E+1	-1.81252E-1	1.35105E-1
4.77650E+11	1.02220E-9	-9.16962E+0	-7.88763E-2	-3.38894E-1
4.77825E+11	1.16839E-9	-6.14030E+0	4.73065E-1	1.39330E-1
4.78000E+11	1.48937E-9	-4.71881E+0	-3.92044E-1	4.28581E-1
4.78175E+11	1.27962E-9	-3.27964E+0	-2.52520E-1	-6.37312E-1
4.78350E+11	1.34923E-9	-3.79562E+0	6.45263E-1	-3.04333E-2
4.78525E+11	1.17455E-9	-3.01109E+0	1.08286E-1	6.98701E-1
4.78700E+11	1.84843E-9	-1.73667E+0	-8.03867E-1	1.55552E-1
4.78875E+11	1.81516E-9	-1.93788E+0	3.04533E-1	-7.39801E-1
4.79050E+11	1.88183E-9	-2.63960E+0	4.80297E-1	5.60239E-1
4.79225E+11	1.78750E-9	-4.45808E+0	-5.66422E-1	1.93444E-1
4.79400E+11	2.19102E-9	-6.82805E+0	1.56748E-2	-4.55345E-1
4.79575E+11	1.65916E-9	-8.35956E+0	3.52998E-1	-1.45905E-1
4.79750E+11	9.07158E-10	2.81889E+0	1.16973E+0	7.38580E-1
4.79925E+11	7.90625E-10	1.25485E+0	-1.15528E+0	-1.81692E-2
4.80100E+11	8.83612E-10	4.54595E-1	8.98656E-1	-5.50242E-1
4.80275E+11	6.20177E-10	2.04579E+0	-6.12896E-2	1.26410E+0
4.80450E+11	8.58054E-10	6.91711E+0	-2.12189E+0	-6.43992E-1
4.80625E+11	1.04856E-9	8.24385E+0	1.87534E+0	-1.77681E+0
4.80800E+11	1.20049E-9	9.37551E+0	6.01084E-1	2.88086E+0
4.80975E+11	1.23475E-9	7.97677E+0	-2.24127E+0	-1.11920E+0
4.81150E+11	5.88201E-10	7.03918E+0	2.15074E+0	-6.56953E-1
4.81325E+11	4.13198E-10	4.55369E+0	-2.43360E-1	1.67159E+0
4.81500E+11	3.22372E-10	4.12887E+0	-9.91782E-1	-1.26646E+0
4.81675E+11	2.90370E-10	3.08815E+0	1.32315E+0	-5.34266E-1
4.81850E+11	3.17933E-10	4.00516E+0	-1.35267E-1	1.58006E+0
4.82025E+11	2.80097E-10	2.77169E+0	-1.10641E+0	-8.17885E-1
4.82200E+11	3.12191E-10	3.08040E+0	1.17641E+0	-8.05363E-1
4.82375E+11	2.77802E-10	2.08223E+0	3.46497E-2	1.27043E+0
4.82550E+11	2.82387E-10	3.33326E-1	-8.83668E-1	-5.46722E-1
4.82725E+11	3.33562E-10	-6.31289E-1	7.66318E-1	-5.26752E-1
4.82900E+11	3.32419E-10	-1.15082E+0	1.66376E-1	8.59962E-1
4.83075E+11	3.75948E-10	-2.14688E+0	-7.78285E-1	-6.51781E-2
4.83250E+11	6.08310E-10	-1.40441E+0	1.95911E-1	-8.27841E-1
4.83425E+11	1.12642E-9	7.56809E-1	9.45261E-1	5.44838E-1
4.83600E+11	1.50857E-9	1.53095E-1	-9.43353E-1	3.82055E-1
4.83775E+11	1.76918E-9	-1.03562E+0	5.26716E-2	-8.86039E-1
4.83950E+11	1.38096E-9	-4.33537E+0	5.58020E-1	2.39029E-1
4.84125E+11	1.04622E-9	-5.61239E+0	-2.65549E-1	4.51798E-1
4.84300E+11	6.48049E-10	-7.96054E+0	-2.80663E-1	-2.84893E-1
4.84475E+11	5.95042E-10	-6.02830E+0	3.70820E-1	-3.34738E-1
4.84650E+11	6.17466E-10	-3.92412E+0	2.35183E-1	5.91450E-1
4.84825E+11	1.05930E-9	-2.30967E+0	-7.66505E-1	2.06338E-3
4.85000E+11	1.09269E-9	-7.29378E-1	1.87306E-1	-9.00176E-1
4.85175E+11	1.12017E-9	-5.65011E+0	4.95388E-1	-1.63871E-1
4.85350E+11	1.38363E-9	-5.58792E+0	2.21412E-1	4.76620E-1
4.85525E+11	1.29710E-9	-4.44267E+0	-5.48663E-1	2.41863E-1
4.85700E+11	1.71007E-9	-1.00572E+0	-1.15516E-1	-8.83141E-1
4.85875E+11	2.48079E-9	4.62788E-1	9.75725E-1	4.00509E-1
4.86050E+11	2.75247E-9	2.14736E+0	-1.04060E+0	7.46148E-1
4.86225E+11	3.35139E-9	3.16206E+0	6.13064E-2	-1.43783E+0
4.86400E+11	5.02578E-9	2.72787E+0	8.72287E-1	1.05508E+0
4.86575E+11	3.99319E-9	8.07661E-1	-1.09682E+0	-3.69900E-2
4.86750E+11	3.63882E-9	-2.15632E+0	3.46327E-1	-6.99076E-1
4.86925E+11	4.08255E-9	-3.64974E+0	5.26175E-1	3.93299E-1
4.87100E+11	4.58927E-9	-3.59316E+0	-3.61525E-1	5.53628E-1
4.87275E+11	1.46089E-9	-7.35129E+0	-2.95230E-1	-3.11226E-1
4.87450E+11	9.33491E-10	-1.01296E+1	2.24088E-1	-2.16434E-1
4.87625E+11	2.80557E-9	-5.50776E+0	4.20910E-1	3.22754E-1
4.87800E+11	1.02500E-8	-4.27332E-1	-5.38423E-1	7.85105E-1
4.87975E+11	1.53075E-8	8.04203E-1	-7.90121E-1	-7.61011E-1
4.88150E+11	1.26760E-8	5.16292E-1	8.73385E-1	-6.02855E-1
4.88325E+11	6.94325E-9	-1.16927E+0	3.16942E-1	8.14563E-1
4.88500E+11	5.78243E-9	-2.54376E+0	-7.21728E-1	1.89239E-1
4.88675E+11	5.57712E-9	-2.72308E+0	-1.35997E-1	-7.18115E-1
4.88850E+11	7.53540E-9	-1.67065E+0	8.05183E-1	1.79853E-1
4.89025E+11	1.32699E-8	-9.32961E-1	-6.56679E-1	6.12746E-1
4.89200E+11	2.29631E-8	-1.69977E+0	-2.18001E-1	-7.92839E-1
4.89375E+11	2.63755E-8	-3.21928E+0	6.89073E-1	4.10807E-2
4.89550E+11	2.20485E-8	-5.74662E+0	-1.95099E-1	4.77720E-1
4.89725E+11	1.79548E-8	-8.64126E+0	-2.98040E-1	-2.18873E-1
4.89900E+11	1.48956E-8	-1.25067E+1	1.84217E-1	-1.49036E-1
4.90075E+11	1.78990E-8	-1.31267E+1	1.24759E-1	1.81971E-1
4.90250E+11	2.54318E-8	-1.19100E+1	-2.13321E-1	1.37518E-1
4.90425E+11	2.94191E-8	-9.67684E+0	-1.82026E-1	-2.73114E-1
4.90600E+11	4.07459E-8	-7.44231E+0	3.64476E-1	-2.17630E-1
4.90775E+11	6.82127E-8	-7.10927E+0	1.47273E-1	4.15788E-1
4.90950E+11	8.77601E-8	-8.89926E+0	-3.53192E-1	-6.40499E-2
4.91125E+11	8.01463E-8	-1.16065E+1	9.98231E-2	-2.43136E-1
4.91300E+11	1.02548E-7	-1.11945E+1	2.33529E-1	1.46347E-1
4.91475E+11	9.47683E-8	-1.12224E+1	-1.90294E-1	1.98130E-1
4.91650E+11	9.76259E-8	-1.11240E+1	-1.45855E-1	-2.36482E-1
4.91825E+11	7.38327E-8	-1.17948E+1	2.42112E-1	-8.67801E-2
4.92000E+11	5.31365E-8	-1.22570E+1	7.93759E-3	2.43735E-1
4.92175E+11	3.84235E-8	-1.30130E+1	-2.10628E-1	-7.48638E-2
4.92350E+11	3.16736E-8	-1.40875E+1	1.02936E-1	-1.68584E-1
4.92525E+11	1.92030E-8	-1.52602E+1	1.33928E-1	1.08845E-1
4.92700E+11	1.38447E-8	-1.58767E+1	-1.03307E-1	1.23167E-1
4.92875E+11	1.14876E-8	-1.55933E+1	-1.23086E-1	-1.11512E-1
4.93050E+11	1.18753E-8	-1.45848E+1	1.34405E-1	-1.29348E-1
4.93225E+11	1.38203E-8	-1.31414E+1	1.27706E-1	1.79457E-1
4.93400E+11	2.68585E-8	-1.13073E+1	-2.63158E-1	6.89478E-2
4.93575E+11	3.90840E-8	-9.54462E+0	6.68651E-2	-3.26472E-1
4.93750E+11	3.78159E-8	-8.38552E+0	2.76169E-1	2.62217E-1
4.93925E+11	2.83327E-8	-9.22055E+0	-3.27252E-1	1.12095E-1
4.94100E+11	3.40398E-8	-9.67787E+0	3.00006E-2	-3.26802E-1
4.94275E+11	4.11797E-8	-1.11245E+1	2.53615E-1	1.13435E-1
4.94450E+11	5.08164E-8	-1.18786E+1	-1.30643E-1	2.18670E-1
4.94625E+11	4.79467E-8	-1.27343E+1	-1.76989E-1	-1.48176E-1
4.94800E+11	4.76246E-8	-1.33571E+1	1.70605E-1	-1.30602E-1
4.94975E+11	4.49942E-8	-1.35038E+1	6.39788E-2	2.01335E-1
4.95150E+11	4.41468E-8	-1.32393E+1	-2.17217E-1	-1.57806E-2
4.95325E+11	3.27582E-8	-1.41379E+1	-5.90232E-3	-1.96295E-1
4.95500E+11	3.21812E-8	-1.44771E+1	1.88829E-1	3.51359E-3
4.95675E+11	3.99084E-8	-1.38476E+1	-5.47926E-2	1.95525E-1
4.95850E+11	5.61383E-8	-1.29699E+1	-1.69653E-1	-1.47258E-1
4.96025E+11	7.90848E-8	-1.15047E+1	2.23458E-1	-1.44171E-1
4.96200E+11	1.27375E-7	-9.71893E+0	4.30752E-2	3.23775E-1
4.96375E+11	1.43029E-7	-8.68070E+0	-3.21760E-1	-1.78794E-1
4.96550E+11	1.16851E-7	-9.23757E+0	3.09785E-1	-1.52394E-1
4.96725E+11	6.18781E-8	-1.13829E+1	3.97382E-2	2.66740E-1
4.96900E+11	3.76483E-8	-1.27690E+1	-2.29882E-1	-3.28960E-3
4.97075E+11	3.02980E-8	-1.41147E+1	3.03801E-2	-1.94551E-1
4.97250E+11	2.31110E-8	-1.46934E+1	1.79972E-1	3.93186E-2
4.97425E+11	2.02122E-8	-1.50863E+1	-7.46169E-2	1.59478E-1
4.97600E+11	1.82728E-8	-1.50199E+1	-1.36736E-1	-1.13055E-1
4.97775E+11	2.17193E-8	-1.45538E+1	1.46497E-1	-1.16548E-1
4.97950E+11	1.97113E-8	-1.37932E+1	9.91463E-2	1.78669E-1
4.98125E+11	1.28433E-8	-1.46738E+1	-1.73893E-1	6.20540E-2
4.98300E+11	1.15818E-8	-1.42014E+1	-5.54488E-2	-1.86902E-1
4.98475E+11	1.60115E-8	-1.31262E+1	2.20637E-1	-1.71693E-3
4.98650E+11	2.11841E-8	-1.18703E+1	-6.83392E-2	2.45637E-1
4.98825E+11	3.09663E-8	-1.02534E+1	-2.41156E-1	-1.90200E-1
4.99000E+11	3.46125E-8	-9.76904E+0	2.80111E-1	-1.64316E-1
4.99175E+11	3.26078E-8	-1.04222E+1	7.08974E-3	3.01139E-1
4.99350E+11	2.52137E-8	-1.14245E+1	-2.60724E-1	-6.37049E-2
4.99525E+11	1.76224E-8	-1.29510E+1	8.24310E-2	-2.09506E-1
4.99700E+11	1.27742E-8	-1.42182E+1	1.37563E-1	1.37610E-1
4.99875E+11	1.18129E-8	-1.51698E+1	-1.67088E-1	4.99165E-2
5.00050E+11	1.18697E-8	-1.50115E+1	4.60143E-2	-1.71527E-1
5.00225E+11	1.01778E-8	-1.43038E+1	1.59089E-1	1.08679E-1
5.00400E+11	2.04785E-8	-1.37624E+1	-1.38007E-1	1.51670E-1
5.00575E+11	3.48406E-8	-1.33351E+1	-1.29128E-1	-1.72402E-1
5.00750E+11	3.85200E-8	-1.25580E+1	2.22595E-1	-7.70642E-2
5.00925E+11	4.72118E-8	-1.19817E+1	-1.70331E-2	2.51141E-1
5.01100E+11	7.04079E-8	-1.06465E+1	-2.57574E-1	-1.40797E-1
5.01275E+11	8.43498E-8	-9.95716E+0	2.71444E-1	-1.65255E-1
5.01450E+11	8.34596E-8	-9.75733E+0	5.30483E-2	3.20831E-1
5.01625E+11	8.49324E-8	-9.28300E+0	-3.38914E-1	-5.55701E-2
5.01800E+11	6.93017E-8	-8.90002E+0	1.95243E-1	-3.01172E-1
5.01975E+11	4.85775E-8	-7.40528E+0	2.44722E-1	3.49085E-1
5.02150E+11	2.17583E-8	-6.55053E+0	-4.58444E-1	1.05411E-1
5.02325E+11	1.37621E-8	-7.07375E+0	9.00994E-2	-4.33646E-1
5.02500E+11	1.01434E-8	-6.42731E+0	4.04634E-1	2.52828E-1
5.02675E+11	1.17606E-8	-4.66546E+0	-4.24531E-1	4.01650E-1
5.02850E+11	1.20380E-8	-2.70097E+0	-4.04586E-1	-6.10919E-1
5.03025E+11	1.47345E-8	-3.74329E-1	8.82385E-1	-3.72577E-1
5.03200E+11	1.79845E-8	2.20769E+0	4.08593E-2	1.28874E+0
5.03375E+11	2.95193E-8	4.01339E+0	-1.36704E+0	-8.06747E-1
5.03550E+11	5.34846E-8	4.65505E+0	1.52118E+0	-7.78984E-1
5.03725E+11	5.58173E-8	5.27797E+0	-8.98051E-2	1.83391E+0
5.03900E+11	5.77468E-8	5.39734E+0	-1.69759E+0	-7.63830E-1
5.04075E+11	7.58740E-8	4.41815E+0	1.25113E+0	-1.09564E+0
5.04250E+11	8.23776E-8	3.29805E+0	4.14524E-1	1.40185E+0
5.04425E+11	6.43678E-8	1.23351E+0	-1.09667E+0	-3.54644E-1
5.04600E+11	5.90108E-8	-1.39767E+0	7.08626E-1	-4.71883E-1
5.04775E+11	5.35812E-8	-4.12096E+0	-4.97476E-3	6.22212E-1
5.04950E+11	4.16979E-8	-6.29104E+0	-4.11462E-1	-2.56137E-1
5.05125E+11	3.13663E-8	-9.17317E+0	2.70360E-1	-2.18808E-1
5.05300E+11	2.33254E-8	-1.08655E+1	1.87894E-1	2.15933E-1
5.05475E+11	2.29779E-8	-1.11584E+1	-1.84780E-1	2.06021E-1
5.05650E+11	3.01451E-8	-1.04457E+1	-2.19131E-1	-2.05494E-1
5.05825E+11	3.96139E-8	-8.50568E+0	3.14847E-1	-2.04794E-1
5.06000E+11	5.61886E-8	-6.56055E+0	-6.12256E-2	4.65858E-1
5.06175E+11	8.42522E-8	-5.26633E+0	-4.75484E-1	-2.67082E-1
5.06350E+11	1.37591E-7	-3.94629E+0	5.19244E-1	-3.65303E-1
5.06525E+11	1.26987E-7	-4.62761E+0	1.53662E-2	5.86773E-1
5.06700E+11	1.46561E-7	-6.01987E+0	-4.88219E-1	-1.08093E-1
5.06875E+11	1.11809E-7	-7.78452E+0	1.68829E-1	-3.71548E-1
5.07050E+11	1.04154E-7	-8.83174E+0	2.91552E-1	2.14157E-1
5.07225E+11	9.73792E-8	-9.50346E+0	-2.50410E-1	2.22278E-1
5.07400E+11	8.86946E-8	-1.02096E+1	-1.48549E-1	-2.70594E-1
5.07575E+11	8.56176E-8	-1.05397E+1	2.77175E-1	-1.07181E-1
5.07750E+11	8.33259E-8	-1.11753E+1	5.72027E-2	2.70218E-1
5.07925E+11	6.68065E-8	-1.26090E+1	-2.29049E-1	4.87577E-2
5.08100E+11	6.78615E-8	-1.29137E+1	-6.85757E-2	-2.15458E-1
5.08275E+11	7.55808E-8	-1.27242E+1	2.17983E-1	-7.67316E-2
5.08450E+11	7.93263E-8	-1.19974E+1	6.23328E-2	2.43408E-1
5.08625E+11	1.05170E-7	-1.09586E+1	-2.83094E-1	7.19799E-3
5.08800E+11	1.19697E-7	-9.50959E+0	1.24032E-1	-3.10758E-1
5.08975E+11	1.64100E-7	-8.17723E+0	2.79206E-1	2.72389E-1
5.09150E+11	1.76001E-7	-7.57857E+0	-3.78707E-1	1.76694E-1
5.09325E+11	1.16345E-7	-8.63252E+0	-1.09424E-2	-3.69985E-1
5.09500E+11	6.59351E-8	-9.86135E+0	3.18875E-1	3.95312E-2
5.09675E+11	3.55874E-8	-1.11956E+1	-7.73596E-2	2.64481E-1
5.09850E+11	2.32577E-8	-1.17939E+1	-2.29968E-1	-1.15226E-1
5.10025E+11	2.58115E-8	-1.19856E+1	1.53850E-1	-1.99086E-1
5.10200E+11	3.83727E-8	-1.12275E+1	1.74251E-1	2.12167E-1
5.10375E+11	4.02170E-8	-1.04490E+1	-2.78549E-1	1.12201E-1
5.10550E+11	4.34820E-8	-9.90238E+0	-3.07516E-2	-3.18320E-1
5.10725E+11	3.65522E-8	-1.01572E+1	3.03462E-1	6.60008E-2
5.10900E+11	3.68144E-8	-1.07927E+1	-9.51937E-2	2.72496E-1
5.11075E+11	4.39997E-8	-1.05739E+1	-2.65895E-1	-1.30083E-1
5.11250E+11	4.36171E-8	-1.02974E+1	1.51710E-1	-2.65265E-1
5.11425E+11	6.04944E-8	-9.07135E+0	2.76420E-1	2.17792E-1
5.11600E+11	6.74383E-8	-7.96801E+0	-3.17087E-1	2.43140E-1
5.11775E+11	7.60330E-8	-7.23365E+0	-1.78382E-1	-3.96554E-1
5.11950E+11	7.08209E-8	-7.52596E+0	4.14454E-1	-7.06793E-2
5.12125E+11	5.97706E-8	-9.22486E+0	-9.47682E-2	3.32504E-1
5.12300E+11	4.06935E-8	-1.09527E+1	-2.46733E-1	-1.39373E-1
5.12475E+11	3.01500E-8	-1.21594E+1	1.53566E-1	-1.92975E-1
5.12650E+11	3.52551E-8	-1.21736E+1	1.68240E-1	1.79772E-1
5.12825E+11	3.47486E-8	-1.20987E+1	-1.91324E-1	1.58345E-1
5.13000E+11	4.49627E-8	-1.16009E+1	-1.38187E-1	-2.23770E-1
5.13175E+11	6.10419E-8	-1.11026E+1	2.48375E-1	-1.26051E-1
5.13350E+11	7.56383E-8	-1.05601E+1	9.11317E-2	2.82127E-1
5.13525E+11	9.90563E-8	-9.88733E+0	-3.19097E-1	2.83818E-2
5.13700E+11	9.16873E-8	-1.00760E+1	-6.08512E-3	-3.13412E-1
5.13875E+11	8.04523E-8	-9.26883E+0	3.42735E-1	2.94738E-2
5.14050E+11	9.97384E-8	-8.64627E+0	-6.48067E-2	3.63835E-1
5.14225E+11	1.15064E-7	-7.58786E+0	-3.91451E-1	-1.45026E-1
5.14400E+11	1.19368E-7	-6.93118E+0	2.62943E-1	-3.65478E-1
5.14575E+11	8.80287E-8	-7.05576E+0	2.41496E-1	3.72372E-1
5.14750E+11	6.01708E-8	-7.47728E+0	-4.16352E-1	7.35628E-2
5.14925E+11	3.84903E-8	-8.35483E+0	3.51435E-2	-3.80552E-1
5.15100E+11	3.12515E-8	-9.49413E+0	3.30956E-1	5.31168E-2
5.15275E+11	2.74754E-8	-9.95970E+0	-5.31449E-2	3.13222E-1
5.15450E+11	2.45842E-8	-9.99789E+0	-3.13972E-1	-3.83415E-2
5.15625E+11	2.97190E-8	-9.80672E+0	4.10350E-2	-3.20729E-1
5.15800E+11	3.21083E-8	-9.40031E+0	3.26501E-1	9.05790E-2
5.15975E+11	3.39552E-8	-9.02766E+0	-1.62364E-1	3.14215E-1
5.16150E+11	3.86065E-8	-8.37640E+0	-2.90616E-1	-2.46726E-1
5.16325E+11	4.99676E-8	-7.77732E+0	3.39443E-1	-2.27170E-1
5.16500E+11	4.27851E-8	-8.99141E+0	1.64175E-1	3.14942E-1
5.16675E+11	5.80050E-8	-8.86032E+0	-3.32240E-1	1.40086E-1
5.16850E+11	7.78968E-8	-8.60953E+0	-1.08482E-1	-3.54919E-1
5.17025E+11	9.33951E-8	-8.35886E+0	3.81854E-1	-1.03623E-2
5.17200E+11	1.01349E-7	-8.23766E+0	-1.43279E-1	3.59890E-1
5.17375E+11	1.08279E-7	-7.98197E+0	-2.94963E-1	-2.68599E-1
5.17550E+11	1.32569E-7	-8.08241E+0	3.51390E-1	-1.78984E-1
5.17725E+11	1.20329E-7	-8.76684E+0	6.17498E-2	3.59198E-1
5.17900E+11	8.42474E-8	-9.95074E+0	-3.17981E-1	5.37549E-3
5.18075E+11	1.00613E-7	-1.02854E+1	3.37822E-2	-3.04135E-1
5.18250E+11	8.96618E-8	-1.03518E+1	2.92835E-1	8.04154E-2
5.18425E+11	1.08518E-7	-9.94290E+0	-1.48907E-1	2.81337E-1
5.18600E+11	1.37265E-7	-9.24821E+0	-2.56045E-1	-2.30955E-1
5.18775E+11	1.58936E-7	-8.37060E+0	3.07754E-1	-2.25418E-1
5.18950E+11	1.83589E-7	-7.76506E+0	1.78881E-1	3.67833E-1
5.19125E+11	2.09534E-7	-7.59086E+0	-4.11407E-1	6.99335E-2
5.19300E+11	1.75379E-7	-8.84320E+0	1.26579E-2	-3.61055E-1
5.19475E+11	2.07505E-7	-8.38213E+0	3.66350E-1	1.04536E-1
5.19650E+11	2.50121E-7	-8.39086E+0	-2.37406E-1	2.97467E-1
5.19825E+11	2.69645E-7	-8.09843E+0	-1.77045E-1	-3.51557E-1
5.20000E+11	2.87844E-7	-7.66646E+0	4.13683E-1	2.68805E-3
5.20175E+11	3.39143E-7	-7.44310E+0	-1.88224E-1	3.80453E-1
5.20350E+11	3.27744E-7	-7.30471E+0	-2.69367E-1	-3.36821E-1
5.20525E+11	3.16285E-7	-7.89379E+0	3.89865E-1	-1.02072E-1
5.20700E+11	2.38689E-7	-9.40438E+0	-2.19510E-2	3.37961E-1
5.20875E+11	1.98391E-7	-1.01358E+1	-2.97855E-1	-9.05746E-2
5.21050E+11	1.78449E-7	-1.05083E+1	1.24560E-1	-2.70997E-1
5.21225E+11	1.55235E-7	-1.00451E+1	2.37972E-1	2.05758E-1
5.21400E+11	1.69883E-7	-9.64079E+0	-2.61959E-1	2.00000E-1
5.21575E+11	1.72816E-7	-9.32121E+0	-1.15951E-1	-3.21672E-1
5.21750E+11	1.82059E-7	-9.07609E+0	3.51054E-1	-2.16066E-2
5.21925E+11	1.76968E-7	-8.80913E+0	-7.40972E-2	3.55047E-1
5.22100E+11	1.73967E-7	-9.34870E+0	-2.91100E-1	-1.77315E-1
5.22275E+11	1.56168E-7	-9.00148E+0	2.59615E-1	-2.41764E-1
5.22450E+11	1.56018E-7	-8.91749E+0	1.12370E-1	3.40118E-1
5.22625E+11	2.11339E-7	-8.15103E+0	-3.91225E-1	3.94602E-3
5.22800E+11	2.50887E-7	-7.41369E+0	2.02674E-1	-3.74594E-1
5.22975E+11	2.46739E-7	-7.13725E+0	2.12932E-1	3.84681E-1
5.23150E+11	2.42338E-7	-7.20627E+0	-4.36199E-1	-1.42671E-3
5.23325E+11	2.12252E-7	-7.73968E+0	1.90209E-1	-3.63456E-1
5.23500E+11	1.59949E-7	-9.04276E+0	2.54189E-1	2.45044E-1
5.23675E+11	1.16530E-7	-9.82740E+0	-2.51232E-1	2.02328E-1
5.23850E+11	1.18516E-7	-9.63399E+0	-1.53819E-1	-2.91775E-1
5.24025E+11	1.02305E-7	-9.62393E+0	3.22315E-1	-7.18241E-2
5.24200E+11	1.18658E-7	-9.17911E+0	1.37237E-2	3.47301E-1
5.24375E+11	1.24135E-7	-8.70091E+0	-3.65412E-1	-3.66366E-2
5.24550E+11	1.46901E-7	-8.26536E+0	1.03940E-1	-3.71876E-1
5.24725E+11	1.45364E-7	-7.70090E+0	3.75953E-1	1.68667E-1
5.24900E+11	1.35924E-7	-8.05537E+0	-2.06493E-1	3.37405E-1
5.25075E+11	1.50875E-7	-7.86531E+0	-3.56234E-1	-1.91257E-1
5.25250E+11	1.80249E-7	-7.93938E+0	2.60586E-1	-3.04651E-1
5.25425E+11	2.34764E-7	-7.45501E+0	1.66183E-1	3.89952E-1
5.25600E+11	3.07323E-7	-7.43949E+0	-4.21363E-1	-5.26873E-2
5.25775E+11	2.53768E-7	-8.04685E+0	2.37305E-1	-3.16978E-1
5.25950E+11	2.68612E-7	-8.74079E+0	1.83763E-1	3.16017E-1
5.26125E+11	1.78346E-7	-1.00101E+1	-3.06979E-1	7.43708E-2
5.26300E+11	1.13430E-7	-1.19027E+1	-1.39056E-2	-2.53637E-1
5.26475E+11	1.01656E-7	-1.24220E+1	2.38137E-1	2.33272E-2
5.26650E+11	8.08582E-8	-1.28378E+1	-1.06155E-1	2.01883E-1
5.26825E+11	7.48967E-8	-1.28296E+1	-1.50078E-1	-1.72050E-1
5.27000E+11	1.14454E-7	-1.20938E+1	2.31506E-1	-9.02938E-2
5.27175E+11	1.24400E-7	-1.10552E+1	2.91283E-2	2.78535E-1
5.27350E+11	1.61292E-7	-9.86270E+0	-3.17303E-1	-5.03044E-2
5.27525E+11	2.05746E-7	-8.46865E+0	1.66052E-1	-3.38679E-1
5.27700E+11	1.86641E-7	-7.90156E+0	2.19797E-1	3.37360E-1
5.27875E+11	1.63582E-7	-8.26946E+0	-3.84109E-1	3.76135E-2
5.28050E+11	1.45161E-7	-8.50704E+0	1.65738E-1	-3.36981E-1
5.28225E+11	1.48248E-7	-8.85167E+0	2.01372E-1	2.99526E-1
5.28400E+11	1.20342E-7	-9.30590E+0	-3.33242E-1	7.92447E-2
5.28575E+11	1.03470E-7	-1.03679E+1	-1.28612E-2	-3.02841E-1
5.28750E+11	8.37235E-8	-1.15814E+1	2.63329E-1	1.17448E-2
5.28925E+11	7.44501E-8	-1.19803E+1	-3.05747E-2	2.49896E-1
5.29100E+11	7.49204E-8	-1.27508E+1	-2.17191E-1	-7.68548E-2
5.29275E+11	6.53077E-8	-1.33798E+1	1.15772E-1	-1.80330E-1
5.29450E+11	6.66672E-8	-1.37335E+1	1.34991E-1	1.55266E-1
5.29625E+11	7.39817E-8	-1.32434E+1	-1.90418E-1	1.05489E-1
5.29800E+11	8.85494E-8	-1.22493E+1	-8.39115E-2	-2.29204E-1
5.29975E+11	1.14805E-7	-1.07749E+1	2.80683E-1	-6.98254E-2
5.30150E+11	1.83503E-7	-8.94011E+0	1.95528E-2	3.56733E-1
5.30325E+11	2.28640E-7	-7.54199E+0	-3.97333E-1	-1.35067E-1
5.30500E+11	1.61044E-7	-8.64537E+0	3.07896E-1	-2.04460E-1
5.30675E+11	9.54911E-8	-1.04884E+1	3.20816E-2	2.97211E-1
5.30850E+11	7.41679E-8	-1.17120E+1	-2.48958E-1	-7.37646E-2
5.31025E+11	6.23514E-8	-1.25590E+1	1.36266E-1	-1.92111E-1
5.31200E+11	4.76437E-8	-1.32891E+1	1.50781E-1	1.55423E-1
5.31375E+11	4.46692E-8	-1.37395E+1	-1.59156E-1	1.30159E-1
5.31550E+11	4.63523E-8	-1.40861E+1	-1.09690E-1	-1.64308E-1
5.31725E+11	4.98888E-8	-1.41572E+1	1.79115E-1	-7.94551E-2
5.31900E+11	5.05935E-8	-1.38509E+1	1.95670E-2	2.02035E-1
5.32075E+11	6.10631E-8	-1.38325E+1	-2.01715E-1	-2.62172E-2
5.32250E+11	6.63239E-8	-1.30291E+1	5.92925E-2	-2.15100E-1
5.32425E+11	1.07793E-7	-1.16251E+1	2.51240E-1	7.52546E-2
5.32600E+11	1.84802E-7	-9.70004E+0	-1.00267E-1	3.11605E-1
5.32775E+11	2.55300E-7	-7.63884E+0	-3.65516E-1	-1.96547E-1
5.32950E+11	3.65327E-7	-6.35242E+0	3.68033E-1	-3.10100E-1
5.33125E+11	2.76868E-7	-7.03930E+0	7.19905E-2	4.38801E-1
5.33300E+11	2.20888E-7	-8.97423E+0	-3.42324E-1	-9.72426E-2
5.33475E+11	1.31351E-7	-1.07659E+1	1.43815E-1	-2.51297E-1
5.33650E+11	1.13207E-7	-1.18055E+1	2.10855E-1	1.46719E-1
5.33825E+11	1.02189E-7	-1.27473E+1	-1.41875E-1	1.81639E-1
5.34000E+11	7.63705E-8	-1.33358E+1	-1.62603E-1	-1.41242E-1
5.34175E+11	8.38212E-8	-1.34956E+1	1.45525E-1	-1.53416E-1
5.34350E+11	9.43427E-8	-1.33083E+1	1.38696E-1	1.65673E-1
5.34525E+11	1.07849E-7	-1.26856E+1	-1.99978E-1	1.17856E-1
5.34700E+11	1.43278E-7	-1.18521E+1	-6.71495E-2	-2.46521E-1
5.34875E+11	1.18492E-7	-1.20693E+1	2.48377E-1	-2.01500E-2
5.35050E+11	1.51232E-7	-1.10189E+1	-6.29717E-3	2.81154E-1
5.35225E+11	2.07309E-7	-9.62412E+0	-3.25592E-1	-5.50468E-2
5.35400E+11	2.88027E-7	-8.41164E+0	1.61311E-1	-3.43709E-1
5.35575E+11	3.20021E-7	-8.40316E+0	2.61008E-1	2.76249E-1
5.35750E+11	2.66025E-7	-9.45652E+0	-3.15286E-1	1.18007E-1
5.35925E+11	1.92776E-7	-1.09860E+1	5.44004E-3	-2.82242E-1
5.36100E+11	1.58181E-7	-1.23963E+1	2.26021E-1	8.06680E-2
5.36275E+11	1.11041E-7	-1.37763E+1	-1.25879E-1	1.61462E-1
5.36450E+11	8.95750E-8	-1.46548E+1	-1.18049E-1	-1.42491E-1
5.36625E+11	8.46692E-8	-1.47619E+1	1.59957E-1	-8.84240E-2
5.36800E+11	9.64136E-8	-1.44747E+1	6.29404E-2	1.78122E-1
5.36975E+11	1.25025E-7	-1.35746E+1	-2.05457E-1	4.11705E-2
5.37150E+11	1.23915E-7	-1.24489E+1	-1.09109E-2	-2.38288E-1
5.37325E+11	1.85250E-7	-1.09851E+1	2.76649E-1	5.63128E-2
5.37500E+11	2.37090E-7	-9.52066E+0	-2.00384E-1	2.67424E-1
5.37675E+11	2.23593E-7	-9.81465E+0	-1.51797E-1	-2.85163E-1
5.37850E+11	2.48662E-7	-8.98849E+0	3.53953E-1	-3.07249E-2
5.38025E+11	2.82638E-7	-8.66109E+0	-1.47916E-1	3.37981E-1
5.38200E+11	2.62278E-7	-9.09095E+0	-2.20753E-1	-2.73042E-1
5.38375E+11	1.70653E-7	-1.02339E+1	2.92945E-1	-9.45483E-2
5.38550E+11	1.46832E-7	-1.14935E+1	1.04929E-2	2.66064E-1
5.38725E+11	1.11975E-7	-1.25330E+1	-2.28835E-1	-5.86737E-2
5.38900E+11	9.11876E-8	-1.33181E+1	1.08194E-1	-1.86743E-1
5.39075E+11	7.79162E-8	-1.42594E+1	1.25797E-1	1.47234E-1
5.39250E+11	6.22024E-8	-1.50779E+1	-1.60181E-1	7.35036E-2
5.39425E+11	7.22483E-8	-1.49462E+1	-4.83217E-2	-1.72285E-1
5.39600E+11	7.93561E-8	-1.44889E+1	1.86506E-1	-2.80722E-2
5.39775E+11	1.06986E-7	-1.33133E+1	3.68990E-3	2.15908E-1
5.39950E+11	1.49652E-7	-1.18244E+1	-2.51007E-1	-5.19148E-2
5.40125E+11	1.87465E-7	-1.04374E+1	1.64654E-1	-2.51609E-1
5.40300E+11	2.37450E-7	-9.69857E+0	1.47893E-1	2.92087E-1
5.40475E+11	1.98560E-7	-1.02441E+1	-3.07068E-1	-1.56134E-2
5.40650E+11	1.68966E-7	-1.10414E+1	1.35384E-1	-2.45664E-1
5.40825E+11	1.50127E-7	-1.21742E+1	1.77657E-1	1.70448E-1
5.41000E+11	1.11125E-7	-1.31608E+1	-1.63286E-1	1.47086E-1
5.41175E+11	9.22532E-8	-1.40154E+1	-1.21955E-1	-1.57469E-1
5.41350E+11	8.60589E-8	-1.45444E+1	1.55070E-1	-1.05234E-1
5.41525E+11	7.00629E-8	-1.47757E+1	8.46985E-2	1.61632E-1
5.41700E+11	8.30084E-8	-1.44936E+1	-1.77657E-1	6.30195E-2
5.41875E+11	7.51810E-8	-1.45844E+1	-3.51349E-2	-1.83205E-1
5.42050E+11	7.77831E-8	-1.46724E+1	1.83308E-1	-2.23236E-2
5.42225E+11	9.10594E-8	-1.40236E+1	1.32347E-2	1.98544E-1
5.42400E+11	1.00215E-7	-1.31734E+1	-2.19307E-1	-7.88140E-3
5.42575E+11	1.65274E-7	-1.16589E+1	7.18571E-2	-2.51172E-1
5.42750E+11	1.93920E-7	-9.99901E+0	2.41721E-1	2.03946E-1
5.42925E+11	2.67905E-7	-8.74302E+0	-3.53570E-1	9.24937E-2
5.43100E+11	3.05598E-7	-8.84879E+0	1.51934E-1	-3.27520E-1
5.43275E+11	2.03134E-7	-1.07595E+1	1.52403E-1	2.46432E-1
5.43450E+11	1.25232E-7	-1.23630E+1	-2.37437E-1	4.07362E-2
5.43625E+11	9.09550E-8	-1.37184E+1	1.84937E-2	-2.05269E-1
5.43800E+11	8.56186E-8	-1.45483E+1	1.78134E-1	5.79421E-2
5.43975E+11	7.60127E-8	-1.49882E+1	-9.90678E-2	1.47967E-1
5.44150E+11	7.25167E-8	-1.52366E+1	-1.11825E-1	-1.32066E-1
5.44325E+11	7.76613E-8	-1.49517E+1	1.60341E-1	-7.91651E-2
5.44500E+11	8.21679E-8	-1.46096E+1	3.30067E-2	1.83051E-1
5.44675E+11	8.96241E-8	-1.44494E+1	-1.89061E-1	-1.23889E-2
5.44850E+11	9.10081E-8	-1.42288E+1	3.05146E-2	-1.91929E-1
5.45025E+11	1.11083E-7	-1.32551E+1	2.09561E-1	5.78261E-2
5.45200E+11	1.59658E-7	-1.20195E+1	-1.09023E-1	2.25672E-1
5.45375E+11	2.23395E-7	-1.06631E+1	-2.12026E-1	-2.02201E-1
5.45550E+11	2.89034E-7	-9.66113E+0	3.00925E-1	-1.32513E-1
5.45725E+11	2.07320E-7	-1.02623E+1	-2.03318E-2	3.06146E-1
5.45900E+11	1.64020E-7	-1.14946E+1	-2.38588E-1	-1.18147E-1
5.46075E+11	1.01633E-7	-1.28761E+1	1.48270E-1	-1.72003E-1
5.46250E+11	8.19721E-8	-1.41859E+1	1.26529E-1	1.48772E-1
5.46425E+11	7.41702E-8	-1.46680E+1	-1.56381E-1	9.83867E-2
5.46600E+11	6.13876E-8	-1.49689E+1	-6.47613E-2	-1.66301E-1
5.46775E+11	5.77181E-8	-1.47683E+1	1.81065E-1	-2.39019E-2
5.46950E+11	5.36235E-8	-1.44047E+1	-3.92798E-2	1.86348E-1
5.47125E+11	5.73618E-8	-1.38800E+1	-1.74814E-1	-1.01815E-1
5.47300E+11	5.74997E-8	-1.31107E+1	1.65932E-1	-1.46029E-1
5.47475E+11	6.79229E-8	-1.22415E+1	9.51559E-2	2.25007E-1
5.47650E+11	7.82917E-8	-1.15052E+1	-2.63014E-1	3.91572E-2
5.47825E+11	7.46053E-8	-1.09569E+1	2.71323E-2	-2.81937E-1
5.48000E+11	9.00441E-8	-1.02842E+1	2.81640E-1	1.19768E-1
5.48175E+11	8.65338E-8	-1.03311E+1	-2.20627E-1	2.09722E-1
5.48350E+11	6.85359E-8	-1.09238E+1	-9.29865E-2	-2.68687E-1
5.48525E+11	5.91616E-8	-1.20209E+1	2.50554E-1	3.91438E-3
5.48700E+11	4.28537E-8	-1.33175E+1	-6.56307E-2	2.05616E-1
5.48875E+11	3.87640E-8	-1.43543E+1	-1.70696E-1	-8.69166E-2
5.49050E+11	3.38746E-8	-1.54775E+1	9.30649E-2	-1.40247E-1
5.49225E+11	2.47114E-8	-1.61703E+1	1.27159E-1	8.93499E-2
5.49400E+11	2.71701E-8	-1.62776E+1	-9.78377E-2	1.18286E-1
5.49575E+11	3.00997E-8	-1.63447E+1	-1.04576E-1	-1.10752E-1
5.49750E+11	3.33527E-8	-1.59950E+1	1.30992E-1	-8.93813E-2
5.49925E+11	3.64425E-8	-1.54692E+1	6.89552E-2	1.53718E-1
5.50100E+11	4.65735E-8	-1.45044E+1	-1.84123E-1	3.92962E-2
5.50275E+11	5.72811E-8	-1.36464E+1	1.04480E-2	-2.07555E-1
5.50450E+11	6.61708E-8	-1.33424E+1	1.96908E-1	8.68715E-2
5.50625E+11	5.71182E-8	-1.35035E+1	-1.46852E-1	1.51877E-1
5.50800E+11	6.72715E-8	-1.38283E+1	-8.74571E-2	-1.83760E-1
5.50975E+11	5.47442E-8	-1.44212E+1	1.89658E-1	-1.27025E-2
5.51150E+11	5.41371E-8	-1.51251E+1	-4.20512E-2	1.70167E-1
5.51325E+11	4.47973E-8	-1.57906E+1	-1.43177E-1	-7.65491E-2
5.51500E+11	3.91553E-8	-1.65008E+1	9.39735E-2	-1.16413E-1
5.51675E+11	3.21016E-8	-1.71107E+1	9.22465E-2	1.04600E-1
5.51850E+11	2.70443E-8	-1.78104E+1	-1.08535E-1	6.91106E-2
5.52025E+11	2.38184E-8	-1.82919E+1	-4.43590E-2	-1.13362E-1
5.52200E+11	2.34833E-8	-1.83227E+1	1.19305E-1	-2.19194E-2
5.52375E+11	2.58585E-8	-1.84062E+1	1.25248E-3	1.20134E-1
5.52550E+11	2.57343E-8	-1.80446E+1	-1.23745E-1	-1.93437E-2
5.52725E+11	3.07830E-8	-1.79427E+1	4.54979E-2	-1.18277E-1
5.52900E+11	2.87991E-8	-1.78753E+1	9.94006E-2	8.01879E-2
5.53075E+11	2.94425E-8	-1.80723E+1	-1.08793E-1	6.12466E-2
5.53250E+11	2.47102E-8	-1.88543E+1	-1.12167E-2	-1.13547E-1
5.53425E+11	1.83811E-8	-1.99116E+1	9.60174E-2	3.14042E-2
5.53600E+11	1.37537E-8	-2.08848E+1	-5.90083E-2	6.83726E-2
5.53775E+11	1.14247E-8	-2.20057E+1	-3.68375E-2	-7.03161E-2
5.53950E+11	1.04273E-8	-2.30136E+1	7.05453E-2	-4.42464E-3
5.54125E+11	8.14432E-9	-2.39243E+1	-2.12600E-2	5.99921E-2
5.54300E+11	5.78885E-9	-2.51146E+1	-4.14790E-2	-3.68705E-2
5.54475E+11	4.61826E-9	-2.57727E+1	4.47749E-2	-2.53393E-2
5.54650E+11	3.69192E-9	-2.66894E+1	8.38630E-3	4.55289E-2
5.54825E+11	3.14194E-9	-2.74104E+1	-4.23093E-2	-5.02570E-3
5.55000E+11	2.41143E-9	-2.81379E+1	1.63608E-2	-3.56047E-2
5.55175E+11	2.12382E-9	-2.89140E+1	2.41824E-2	2.64448E-2
5.55350E+11	1.69775E-9	-2.96279E+1	-3.12095E-2	1.07431E-2
5.55525E+11	1.44551E-9	-3.02996E+1	1.99017E-3	-3.04857E-2
5.55700E+11	1.17126E-9	-3.10018E+1	2.56414E-2	1.16840E-2
5.55875E+11	1.08620E-9	-3.15563E+1	-1.90254E-2	1.83539E-2
5.56050E+11	8.20022E-10	-3.22571E+1	-9.36324E-3	-2.25171E-2
5.56225E+11	7.65370E-10	-3.27982E+1	2.28979E-2	8.41891E-4
5.56400E+11	5.92470E-10	-3.35138E+1	-1.05629E-2	1.82673E-2
5.56575E+11	4.74062E-10	-3.44776E+1	-9.94680E-3	-1.60533E-2
5.56750E+11	4.53523E-10	-3.45660E+1	1.86787E-2	-7.53135E-4
5.56925E+11	4.15803E-10	-3.51659E+1	-6.50219E-3	1.61895E-2
5.57100E+11	5.38610E-10	-3.38530E+1	-1.38758E-2	-1.48079E-2
5.57275E+11	4.49510E-10	-3.44510E+1	1.72525E-2	-7.82247E-3
5.57450E+11	4.26858E-10	-3.45566E+1	-6.74038E-4	1.87019E-2
5.57625E+11	4.50631E-10	-3.44683E+1	-1.64014E-2	-9.40236E-3
5.57800E+11	5.19580E-10	-3.34830E+1	1.84796E-2	-1.03411E-2
5.57975E+11	6.61068E-10	-3.26178E+1	3.00434E-3	2.32007E-2
5.58150E+11	6.90934E-10	-3.25804E+1	-2.32434E-2	-3.43136E-3
5.58325E+11	8.04828E-10	-3.19487E+1	9.03587E-3	-2.35967E-2
5.58500E+11	1.02314E-9	-3.12105E+1	2.46585E-2	1.21944E-2
5.58675E+11	1.19617E-9	-3.05184E+1	-1.76713E-2	2.39833E-2
5.58850E+11	1.53162E-9	-2.96533E+1	-1.78065E-2	-2.76773E-2
5.59025E+11	1.81861E-9	-2.86355E+1	3.62562E-2	-7.39076E-3
5.59200E+11	2.24802E-9	-2.76920E+1	-4.55408E-3	4.09956E-2
5.59375E+11	3.30221E-9	-2.65035E+1	-4.44174E-2	-1.62486E-2
5.59550E+11	4.42850E-9	-2.55451E+1	2.22091E-2	-4.79170E-2
5.59725E+11	5.27089E-9	-2.50134E+1	4.77532E-2	2.95322E-2
5.59900E+11	5.93230E-9	-2.44979E+1	-4.05693E-2	4.36347E-2
5.60075E+11	7.17315E-9	-2.38549E+1	-2.94985E-2	-5.69755E-2
5.60250E+11	9.01563E-9	-2.34735E+1	6.68936E-2	-4.41154E-3
5.60425E+11	8.58909E-9	-2.28860E+1	-1.63214E-2	6.98484E-2
5.60600E+11	9.73710E-9	-2.21740E+1	-7.18668E-2	-2.99495E-2
5.60775E+11	1.18354E-8	-2.15974E+1	3.56744E-2	-7.51648E-2
5.60950E+11	1.42812E-8	-2.08987E+1	8.19563E-2	3.76020E-2
5.61125E+11	1.75589E-8	-2.01584E+1	-4.98722E-2	8.45852E-2
5.61300E+11	1.78960E-8	-1.93876E+1	-7.49113E-2	-7.68292E-2
5.61475E+11	2.09985E-8	-1.83003E+1	1.13732E-1	-4.30702E-2
5.61650E+11	3.19221E-8	-1.72888E+1	-4.49861E-3	1.36560E-1
5.61825E+11	4.24947E-8	-1.61399E+1	-1.50433E-1	-4.11433E-2
5.62000E+11	5.20796E-8	-1.52176E+1	7.03269E-2	-1.58529E-1
5.62175E+11	6.27189E-8	-1.46407E+1	1.55070E-1	1.01506E-1
5.62350E+11	5.87031E-8	-1.45132E+1	-1.34055E-1	1.31920E-1
5.62525E+11	5.16154E-8	-1.48916E+1	-7.57829E-2	-1.63336E-1
5.62700E+11	5.24256E-8	-1.53118E+1	1.71183E-1	-1.13286E-2
5.62875E+11	4.33242E-8	-1.57417E+1	-3.02957E-2	1.60438E-1
5.63050E+11	4.26204E-8	-1.59068E+1	-1.51754E-1	-5.13284E-2
5.63225E+11	4.46510E-8	-1.59251E+1	5.84155E-2	-1.48808E-1
5.63400E+11	4.67134E-8	-1.58714E+1	1.50610E-1	5.64840E-2
5.63575E+11	5.26817E-8	-1.56011E+1	-8.55726E-2	1.42170E-1
5.63750E+11	5.74779E-8	-1.51657E+1	-1.01114E-1	-1.42179E-1
5.63925E+11	6.94648E-8	-1.45623E+1	1.84750E-1	-2.90347E-2
5.64100E+11	6.95869E-8	-1.42272E+1	-4.96447E-2	1.87929E-1
5.64275E+11	7.72755E-8	-1.36012E+1	-1.84208E-1	-9.85221E-2
5.64450E+11	9.42529E-8	-1.27498E+1	1.33453E-1	-1.87832E-1
5.64625E+11	1.27400E-7	-1.18312E+1	1.78087E-1	1.84071E-1
5.64800E+11	1.44905E-7	-1.14544E+1	-2.42041E-1	1.13833E-1
5.64975E+11	1.19499E-7	-1.17240E+1	1.40153E-2	-2.58920E-1
5.65150E+11	1.05322E-7	-1.22608E+1	1.96121E-1	1.44757E-1
5.65325E+11	8.95763E-8	-1.28688E+1	-2.07910E-1	9.18120E-2
5.65500E+11	7.63760E-8	-1.35991E+1	-6.34262E-3	-2.08855E-1
5.65675E+11	6.46099E-8	-1.40634E+1	1.95485E-1	3.19341E-2
5.65850E+11	5.19578E-8	-1.41694E+1	-5.57531E-2	1.87562E-1
5.66025E+11	6.17298E-8	-1.38853E+1	-1.73950E-1	-1.03041E-1
5.66200E+11	6.21601E-8	-1.35110E+1	1.61862E-1	-1.35486E-1
5.66375E+11	6.95723E-8	-1.27601E+1	6.69502E-2	2.20189E-1
5.66550E+11	9.81778E-8	-1.17031E+1	-2.59276E-1	-1.83320E-2
5.66725E+11	1.16894E-7	-1.05001E+1	9.56140E-2	-2.82808E-1
5.66900E+11	1.20634E-7	-9.77725E+0	2.65726E-1	1.86151E-1
5.67075E+11	1.22110E-7	-9.46731E+0	-2.52206E-1	2.22356E-1
5.67250E+11	1.46045E-7	-8.84113E+0	-1.21439E-1	-3.40346E-1
5.67425E+11	1.80361E-7	-8.61494E+0	3.61468E-1	8.30967E-2
5.67600E+11	1.72285E-7	-8.84562E+0	-2.67851E-1	2.42289E-1
5.67775E+11	1.47376E-7	-9.55919E+0	-8.48806E-2	-3.21680E-1
5.67950E+11	1.14945E-7	-1.04307E+1	3.00909E-1	-3.41025E-3
5.68125E+11	1.04624E-7	-1.12051E+1	-4.48931E-3	2.75224E-1
5.68300E+11	8.87717E-8	-1.19667E+1	-2.51453E-1	-1.87720E-2
5.68475E+11	7.84904E-8	-1.28735E+1	2.97731E-2	-2.25198E-1
5.68650E+11	7.53841E-8	-1.32412E+1	2.13191E-1	4.42785E-2
5.68825E+11	7.59944E-8	-1.31732E+1	-9.49314E-2	1.97856E-1
5.69000E+11	7.57115E-8	-1.28019E+1	-1.75633E-1	-1.47007E-1
5.69175E+11	9.83744E-8	-1.20713E+1	1.87335E-1	-1.64238E-1
5.69350E+11	1.30329E-7	-1.08080E+1	1.83978E-1	2.21755E-1
5.69525E+11	1.74643E-7	-9.82666E+0	-2.67200E-1	1.80766E-1
5.69700E+11	1.92259E-7	-9.22253E+0	-6.75746E-2	-3.39173E-1
5.69875E+11	1.88301E-7	-9.13750E+0	3.25093E-1	1.27608E-1
5.70050E+11	1.96877E-7	-9.10299E+0	-3.07138E-1	1.69140E-1
5.70225E+11	1.85584E-7	-9.52872E+0	5.25374E-2	-3.29700E-1
5.70400E+11	1.75454E-7	-1.00550E+1	2.47834E-1	1.93181E-1
5.70575E+11	1.34116E-7	-1.09117E+1	-2.41618E-1	1.50617E-1
5.70750E+11	1.29863E-7	-1.14454E+1	-7.69209E-2	-2.56464E-1
5.70925E+11	9.79668E-8	-1.19262E+1	2.52207E-1	2.38485E-2
5.71100E+11	1.18066E-7	-1.20864E+1	-1.61936E-1	1.88757E-1
5.71275E+11	9.93015E-8	-1.24730E+1	-3.33552E-2	-2.35527E-1
5.71450E+11	9.60994E-8	-1.25964E+1	2.18240E-1	8.58511E-2
5.71625E+11	1.07513E-7	-1.19601E+1	-1.76874E-1	1.79983E-1
5.71800E+11	1.26853E-7	-1.10922E+1	-1.37724E-1	-2.42481E-1
5.71975E+11	1.60804E-7	-1.00979E+1	3.02671E-1	-7.84957E-2
5.72150E+11	1.97467E-7	-8.97638E+0	-1.65899E-2	3.55393E-1
5.72325E+11	2.88488E-7	-7.19750E+0	-3.89204E-1	-1.97929E-1
5.72500E+11	3.60107E-7	-6.24066E+0	4.22636E-1	-2.42953E-1
5.72675E+11	2.41183E-7	-7.51156E+0	2.93667E-2	4.20110E-1
5.72850E+11	1.88323E-7	-8.61413E+0	-3.68188E-1	-4.50276E-2
5.73025E+11	1.49675E-7	-9.98300E+0	6.78011E-2	-3.09508E-1
5.73200E+11	1.13027E-7	-1.08941E+1	2.64290E-1	1.07447E-1
5.73375E+11	9.75192E-8	-1.16633E+1	-1.63135E-1	2.03886E-1
5.73550E+11	7.87205E-8	-1.23604E+1	-1.23121E-1	-2.07153E-1
5.73725E+11	7.90209E-8	-1.24509E+1	2.33921E-1	-4.64178E-2
5.73900E+11	8.44556E-8	-1.25010E+1	9.69399E-3	2.36913E-1
5.74075E+11	7.22191E-8	-1.30899E+1	-2.21314E-1	1.05969E-2
5.74250E+11	7.68874E-8	-1.29462E+1	-4.71790E-2	-2.20266E-1
5.74425E+11	9.35407E-8	-1.21648E+1	2.42235E-1	-4.54774E-2
5.74600E+11	1.28091E-7	-1.10944E+1	-4.83571E-2	2.74567E-1
5.74775E+11	1.90119E-7	-9.52526E+0	-2.31177E-1	-2.41057E-1
5.74950E+11	2.71704E-7	-7.76937E+0	4.08699E-1	9.90575E-3
5.75125E+11	3.39070E-7	-6.95272E+0	-3.20402E-1	3.14726E-1
5.75300E+11	2.39432E-7	-7.97353E+0	-9.46621E-2	-3.87940E-1
5.75475E+11	1.45975E-7	-1.01716E+1	3.09896E-1	9.50162E-3
5.75650E+11	1.07290E-7	-1.12760E+1	-3.27773E-2	2.71049E-1
5.75825E+11	7.49167E-8	-1.21576E+1	-2.32938E-1	-8.11582E-2
5.76000E+11	7.87702E-8	-1.24331E+1	1.48677E-1	-1.87090E-1
5.76175E+11	6.60967E-9	-1.25840E+1	1.20863E-1	2.01368E-1
5.76350E+11	2.45309E-9	-1.22744E+1	1.05569E-1	-2.19289E-1
5.76525E+11	3.35175E-9	-1.20695E+1	2.15722E-1	1.24731E-1
5.76700E+11	4.31156E-9	-1.16621E+1	-1.33225E-1	2.24615E-1
5.76875E+11	4.63939E-9	-1.09100E+1	-2.31576E-1	-1.65734E-1
5.77050E+11	9.92255E-9	-1.02540E+1	2.21226E-1	-2.13021E-1
5.77225E+11	1.58110E-8	-9.02061E+0	1.59460E-1	3.16021E-1
5.77400E+11	1.78759E-8	-7.81746E+0	-3.96654E-1	-8.92118E-2
5.77575E+11	1.35866E-8	-7.24682E+0	2.50417E-1	-3.54675E-1
5.77750E+11	2.03046E-8	-7.66190E+0	2.86692E-1	2.98544E-1
5.77925E+11	1.80241E-8	-8.72945E+0	-2.67945E-1	2.49379E-1
5.78100E+11	1.05037E-8	-9.89960E+0	-2.01659E-1	-2.48340E-1
5.78275E+11	1.09463E-8	-1.11893E+1	2.53398E-1	-1.08787E-1
5.78450E+11	6.28760E-9	-1.25901E+1	3.71541E-3	2.34660E-1
5.78625E+11	7.23906E-9	-1.30021E+1	-2.08977E-1	-8.01398E-2
5.78800E+11	8.65728E-9	-1.30789E+1	1.31529E-1	-1.78652E-1
5.78975E+11	6.57682E-9	-1.29106E+1	1.76117E-1	1.41928E-1
5.79150E+11	9.02076E-9	-1.23164E+1	-1.39481E-1	1.98009E-1
5.79325E+11	6.30645E-9	-1.16648E+1	-2.23894E-1	-1.34279E-1
5.79500E+11	6.85592E-9	-1.03905E+1	1.93923E-1	-2.31939E-1
5.79675E+11	1.28584E-8	-9.09667E+0	1.17375E-1	3.30673E-1
5.79850E+11	2.12345E-8	-8.47892E+0	-3.69726E-1	-7.24165E-2
5.80025E+11	1.61564E-8	-8.39747E+0	2.21824E-1	-3.08905E-1
5.80200E+11	1.28935E-8	-9.02260E+0	2.29212E-1	2.69631E-1
5.80375E+11	1.40449E-8	-9.92651E+0	-2.62276E-1	1.81434E-1
5.80550E+11	1.54204E-8	-1.05644E+1	-1.26442E-1	-2.68004E-1
5.80725E+11	8.73611E-9	-1.12422E+1	2.73559E-1	-1.70315E-2
5.80900E+11	8.75473E-9	-1.15936E+1	-1.30646E-1	2.28510E-1
5.81075E+11	1.04019E-8	-1.23903E+1	-1.18024E-1	-2.09148E-1
5.81250E+11	3.71043E-9	-1.28471E+1	2.23253E-1	-4.55333E-2
5.81425E+11	4.68592E-9	-1.27386E+1	2.53579E-2	2.29315E-1
5.81600E+11	5.68587E-9	-1.21255E+1	-2.45152E-1	3.46294E-2
5.81775E+11	4.75283E-9	-1.12994E+1	-1.51877E-2	-2.71865E-1
5.81950E+11	9.79239E-9	-9.84620E+0	3.17813E-1	5.09910E-2
5.82125E+11	2.03964E-8	-7.91677E+0	-2.53980E-1	3.11528E-1
5.82300E+11	2.29735E-8	-6.00983E+0	-8.16389E-2	-4.93919E-1
5.82475E+11	2.04728E-8	-6.15281E+0	4.04164E-1	2.81346E-1
5.82650E+11	1.55030E-8	-7.55090E+0	-3.67126E-1	2.02421E-1
5.82825E+11	1.25190E-8	-9.16617E+0	-6.32266E-2	-3.42299E-1
5.83000E+11	1.09740E-8	-1.03979E+1	3.01518E-1	1.82530E-2
5.83175E+11	9.09872E-9	-1.14685E+1	-9.12728E-2	2.50958E-1
5.83350E+11	7.97178E-9	-1.21666E+1	-2.02099E-1	-1.40989E-1
5.83525E+11	7.76478E-9	-1.25193E+1	1.70346E-1	-1.64218E-1
5.83700E+11	5.36726E-9	-1.26881E+1	1.47941E-1	1.78784E-1
5.83875E+11	6.52548E-9	-1.25109E+1	-1.95353E-1	1.33903E-1
5.84050E+11	3.87042E-9	-1.30526E+1	-1.17607E-1	-1.88902E-1
5.84225E+11	6.59788E-9	-1.24592E+1	2.19154E-1	-9.34654E-2
5.84400E+11	1.19709E-8	-1.13054E+1	1.11964E-2	2.71870E-1
5.84575E+11	1.63405E-8	-9.52499E+0	-3.05215E-1	-1.35653E-1
5.84750E+11	2.55088E-8	-6.99822E+0	3.48541E-1	-2.79513E-1
5.84925E+11	2.11549E-8	-5.91152E+0	8.79527E-2	4.98621E-1
5.85100E+11	1.19476E-8	-6.85630E+0	-4.42299E-1	-1.03008E-1
5.85275E+11	1.41884E-8	-8.72437E+0	2.00595E-1	-3.06436E-1
5.85450E+11	6.84100E-9	-1.10705E+1	1.69587E-1	2.22247E-1
5.85625E+11	7.25160E-9	-1.22079E+1	-2.40724E-1	4.68920E-2
5.85800E+11	5.46322E-9	-1.29223E+1	3.37963E-2	-2.23340E-1
5.85975E+11	4.42355E-9	-1.31145E+1	2.01652E-1	9.02811E-2
5.86150E+11	6.22494E-9	-1.29110E+1	-8.98052E-2	2.07586E-1
5.86325E+11	4.67529E-9	-1.24978E+1	-2.28465E-1	-6.37680E-2
5.86500E+11	6.20629E-9	-1.16272E+1	4.92904E-2	-2.57530E-1
5.86675E+11	6.81200E-9	-1.06712E+1	2.74643E-1	1.01250E-1
5.86850E+11	1.21415E-8	-1.04083E+1	-2.09046E-1	2.17545E-1
5.87025E+11	1.59155E-8	-8.67697E+0	-1.45782E-1	-3.38173E-1
5.87200E+11	2.18838E-8	-6.42554E+0	4.75974E-1	-3.45273E-2
5.87375E+11	3.50211E-8	-5.01777E+0	-9.19499E-2	5.53608E-1
5.87550E+11	1.56994E-8	-5.88613E+0	-4.53188E-1	-2.29090E-1
5.87725E+11	1.54684E-8	-7.82839E+0	2.74067E-1	-2.99607E-1
5.87900E+11	1.50353E-8	-9.62579E+0	1.50091E-1	2.94060E-1
5.88075E+11	7.67352E-9	-1.12305E+1	-2.73917E-1	-1.72221E-2
5.88250E+11	4.64526E-9	-1.25440E+1	1.34834E-1	-1.93614E-1
5.88425E+11	5.63469E-9	-1.32373E+1	1.29613E-1	1.75085E-1
5.88600E+11	5.33067E-9	-1.34146E+1	-1.78552E-1	1.16940E-1
5.88775E+11	4.85305E-9	-1.29883E+1	-1.33229E-1	-1.80289E-1
5.88950E+11	6.54003E-9	-1.22943E+1	1.93336E-1	-1.46912E-1
5.89125E+11	7.02404E-9	-1.13789E+1	1.02454E-1	2.49600E-1
5.89300E+11	1.52122E-8	-9.91102E+0	-3.15506E-1	-5.02596E-2
5.89475E+11	2.30036E-8	-7.56064E+0	3.19576E-1	-2.70617E-1
5.89650E+11	2.98066E-8	-7.45144E+0	1.10066E-2	4.23918E-1
5.89825E+11	3.00844E-8	-6.33710E+0	-4.52272E-1	-1.66968E-1
5.90000E+11	3.84442E-8	-7.08701E+0	2.84080E-1	-3.38921E-1
5.90175E+11	2.45749E-8	-8.83381E+0	1.96405E-1	3.03691E-1
5.90350E+11	9.34497E-9	-1.08302E+1	-2.80268E-1	6.36337E-2
5.90525E+11	9.85270E-9	-1.20169E+1	4.35018E-2	-2.46898E-1
5.90700E+11	6.07159E-9	-1.24985E+1	2.09707E-1	1.10801E-1
5.90875E+11	7.74871E-9	-1.27279E+1	-1.31316E-1	1.90042E-1
5.91050E+11	4.66920E-9	-1.34683E+1	-1.95545E-1	-8.22053E-2
5.91225E+11	3.31664E-9	-1.33972E+1	-5.10097E-3	-2.13805E-1
5.91400E+11	5.84565E-9	-1.30087E+1	2.13833E-1	-6.55258E-2
5.91575E+11	5.52741E-9	-1.19638E+1	2.35157E-2	2.51139E-1
5.91750E+11	9.46363E-9	-1.02481E+1	-2.63907E-1	-1.57480E-1
5.91925E+11	1.79278E-8	-7.83280E+0	4.01545E-1	-5.89219E-2
5.92100E+11	2.62066E-8	-5.32222E+0	-3.92629E-1	3.73440E-1
5.92275E+11	4.47140E-8	-4.49310E+0	3.54902E-2	-5.95078E-1
5.92450E+11	1.83351E-8	-7.04680E+0	4.29528E-1	1.13548E-1
5.92625E+11	1.54342E-8	-8.59178E+0	-1.35736E-1	3.46230E-1
5.92800E+11	9.78608E-9	-1.02032E+1	-2.64786E-1	-1.59114E-1
5.92975E+11	8.12334E-9	-1.17133E+1	2.09319E-1	-1.53581E-1
5.93150E+11	6.67638E-9	-1.25529E+1	2.58751E-2	2.34272E-1
5.93325E+11	5.28592E-9	-1.28258E+1	-2.10829E-1	-8.78663E-2
5.93500E+11	4.23816E-9	-1.30581E+1	1.53446E-1	-1.60958E-1
5.93675E+11	5.58600E-9	-1.23984E+1	1.40017E-1	1.94834E-1
5.93850E+11	5.62382E-9	-1.31749E+1	-1.98674E-1	9.31104E-2
5.94025E+11	5.85223E-9	-1.30101E+1	-8.43764E-2	-2.07081E-1
5.94200E+11	7.15136E-9	-1.14908E+1	2.65293E-1	-2.37383E-2
5.94375E+11	1.97876E-8	-9.17397E+0	-1.18783E-1	3.26864E-1
5.94550E+11	3.07112E-8	-6.75650E+0	-3.17293E-1	-3.32201E-1
5.94725E+11	3.13521E-8	-5.36909E+0	5.09476E-1	-1.75775E-1
5.94900E+11	2.72814E-8	-6.87081E+0	6.69072E-3	4.53328E-1
5.95075E+11	1.58102E-8	-9.04570E+0	-3.46643E-1	-6.64331E-2
5.95250E+11	1.02141E-8	-1.12598E+1	1.33853E-1	-2.38545E-1
5.95425E+11	5.92566E-9	-1.29518E+1	1.52850E-1	1.65272E-1
5.95600E+11	5.79707E-9	-1.39837E+1	-1.84860E-1	7.60755E-2
5.95775E+11	4.24632E-9	-1.43798E+1	-5.41518E-3	-1.90914E-1
5.95950E+11	6.75883E-9	-1.43132E+1	1.90657E-1	2.62861E-2
5.96125E+11	5.66881E-9	-1.41776E+1	-3.17313E-2	1.92895E-1
5.96300E+11	9.73572E-9	-1.34341E+1	-2.09301E-1	-3.93048E-2
5.96475E+11	6.52195E-9	-1.20749E+1	8.57937E-2	-2.33787E-1
5.96650E+11	1.08628E-8	-1.07714E+1	2.21994E-1	1.85592E-1
5.96825E+11	9.37164E-9	-9.78183E+0	-2.48905E-1	2.07843E-1
5.97000E+11	1.73346E-8	-7.18688E+0	-1.44500E-1	-4.12604E-1
5.97175E+11	1.66428E-8	-5.94459E+0	4.99749E-1	6.83004E-2
5.97350E+11	1.55671E-8	-7.15319E+0	-2.41435E-1	3.66497E-1
5.97525E+11	1.38812E-8	-9.02590E+0	-2.12575E-1	-2.82764E-1
5.97700E+11	1.01062E-8	-1.03886E+1	2.92021E-1	-7.85186E-2
5.97875E+11	8.32147E-9	-1.14502E+1	-2.38354E-2	2.66539E-1
5.98050E+11	6.34720E-9	-1.24466E+1	-2.18626E-1	-9.55626E-2
5.98225E+11	4.55581E-9	-1.40593E+1	1.08269E-1	-1.65978E-1
5.98400E+11	4.94876E-9	-1.41482E+1	1.48189E-1	1.28512E-1
5.98575E+11	7.94779E-9	-1.41577E+1	-1.56065E-1	1.18468E-1
5.98750E+11	6.90281E-9	-1.34281E+1	-5.94856E-2	-2.04634E-1
5.98925E+11	9.62003E-9	-1.22221E+1	2.37881E-1	5.79856E-2
5.99100E+11	1.19064E-8	-1.02650E+1	-2.15683E-1	2.18087E-1
5.99275E+11	1.60496E-8	-7.66856E+0	-1.18297E-1	-3.96313E-1
5.99450E+11	2.97269E-8	-6.52054E+0	4.59240E-1	1.09156E-1
5.99625E+11	3.07110E-8	-7.03669E+0	-2.61731E-1	3.59645E-1
5.99800E+11	2.28399E-8	-8.20448E+0	-1.75903E-1	-3.46783E-1
5.99975E+11	1.35680E-8	-1.00305E+1	3.15089E-1	4.33093E-3
6.00150E+11	8.53959E-9	-1.15245E+1	-1.35310E-1	2.28228E-1
6.00325E+11	4.25440E-9	-1.27896E+1	-1.34958E-1	-1.85454E-1
6.00500E+11	5.03299E-9	-1.33092E+1	2.00181E-1	-8.12515E-2
6.00675E+11	5.55602E-9	-1.35704E+1	7.51533E-2	1.95708E-1
6.00850E+11	4.41501E-9	-1.37295E+1	-1.90141E-1	7.88359E-2
6.01025E+11	3.71018E-9	-1.48460E+1	-7.38515E-2	-1.65258E-1
6.01200E+11	2.99467E-9	-1.41811E+1	1.91708E-1	-3.78495E-2
6.01375E+11	6.87372E-9	-1.29323E+1	-4.13302E-2	2.21807E-1
6.01550E+11	7.44041E-9	-1.12108E+1	-2.24715E-1	-1.58658E-1
6.01725E+11	1.34949E-8	-9.00379E+0	2.95541E-1	-1.96057E-1
6.01900E+11	2.09487E-8	-6.82885E+0	1.43513E-1	4.32378E-1
6.02075E+11	3.69484E-8	-5.89088E+0	-5.07139E-1	1.97514E-2
6.02250E+11	1.03442E-8	-7.71765E+0	1.60309E-1	-3.78730E-1
6.02425E+11	1.61578E-8	-1.00451E+1	2.24221E-1	2.20662E-1
6.02600E+11	7.67438E-9	-1.16487E+1	-2.54425E-1	6.06605E-2
6.02775E+11	4.04717E-9	-1.25767E+1	1.06961E-1	-2.09307E-1
6.02950E+11	8.08400E-9	-1.30380E+1	9.59550E-2	2.01183E-1
6.03125E+11	4.47316E-9	-1.35803E+1	-2.09003E-1	1.29724E-2
6.03300E+11	3.87951E-9	-1.31484E+1	3.12372E-2	-2.17852E-1
6.03475E+11	4.17500E-9	-1.31250E+1	2.16155E-1	4.44208E-2
6.03650E+11	4.09062E-9	-1.28272E+1	-6.31157E-2	2.19475E-1
6.03825E+11	6.27794E-9	-1.24578E+1	-2.25014E-1	-7.84308E-2
6.04000E+11	6.45682E-9	-1.12030E+1	1.17715E-1	-2.48895E-1
6.04175E+11	1.25023E-8	-9.14342E+0	2.91678E-1	1.91642E-1
6.04350E+11	1.59585E-8	-7.30734E+0	-3.40195E-1	2.64880E-1
6.04525E+11	1.41490E-8	-6.47161E+0	-8.74752E-2	-4.66571E-1
6.04700E+11	1.56798E-8	-7.31495E+0	4.05465E-1	1.45490E-1
6.04875E+11	1.57394E-8	-8.82396E+0	-2.46313E-1	2.65387E-1
6.05050E+11	6.38600E-9	-1.05960E+1	-1.42056E-1	-2.58835E-1
6.05225E+11	3.97369E-9	-1.27882E+1	2.19842E-1	-6.55190E-2
6.05400E+11	3.52878E-9	-1.38652E+1	5.44644E-2	1.95190E-1
6.05575E+11	4.57995E-9	-1.40953E+1	-1.94058E-1	3.58928E-2
6.05750E+11	5.59506E-9	-1.41691E+1	-3.37732E-2	-1.92744E-1
6.05925E+11	5.44594E-9	-1.41022E+1	1.95583E-1	-2.51358E-2
6.06100E+11	5.57917E-9	-1.38118E+1	1.99419E-2	2.02920E-1
6.06275E+11	4.83288E-9	-1.30702E+1	-2.21974E-1	6.56745E-3
6.06450E+11	8.02698E-9	-1.12670E+1	2.32607E-2	-2.72315E-1
6.06625E+11	1.60069E-8	-9.46787E+0	3.04218E-1	1.43130E-1
6.06800E+11	1.31984E-8	-8.56211E+0	-2.73955E-1	2.53370E-1
6.06975E+11	1.71773E-8	-7.85079E+0	-1.26455E-1	-3.84757E-1
6.07150E+11	1.62782E-8	-8.43359E+0	3.77893E-1	2.50475E-2
6.07325E+11	1.36204E-8	-9.36929E+0	-1.22991E-1	3.17023E-1
6.07500E+11	8.26950E-9	-1.04567E+1	-2.56838E-1	-1.55088E-1
6.07675E+11	3.45302E-9	-1.14351E+1	1.73735E-1	-2.04150E-1
6.07850E+11	6.33478E-9	-1.22891E+1	1.75418E-1	1.68109E-1
6.08025E+11	4.90856E-9	-1.35229E+1	-1.46314E-1	1.51742E-1
6.08200E+11	4.08100E-9	-1.36946E+1	-1.69149E-1	-1.18744E-1
6.08375E+11	4.49170E-9	-1.34655E+1	1.03781E-1	-1.85079E-1
6.08550E+11	5.19918E-9	-1.32357E+1	1.83010E-1	1.18229E-1
6.08725E+11	4.58948E-9	-1.29478E+1	-1.26914E-1	1.86057E-1
6.08900E+11	7.41592E-9	-1.08995E+1	-2.21220E-1	-1.79872E-1
6.09075E+11	1.55819E-8	-7.99844E+0	3.18015E-1	-2.39609E-1
6.09250E+11	2.36896E-8	-5.72202E+0	9.48770E-2	5.08715E-1
6.09425E+11	3.13546E-8	-6.40121E+0	-4.59053E-1	-1.35253E-1
6.09600E+11	2.07827E-8	-7.89587E+0	2.18581E-1	-3.38464E-1
6.09775E+11	1.46787E-8	-9.22064E+0	2.19867E-1	2.67049E-1
6.09950E+11	8.59913E-9	-1.04977E+1	-2.83824E-1	9.28261E-2
6.10125E+11	7.27342E-9	-1.15371E+1	1.78415E-2	-2.64338E-1
6.10300E+11	6.52246E-9	-1.23241E+1	2.25405E-1	8.80377E-2
6.10475E+11	5.92569E-9	-1.25564E+1	-1.45056E-1	1.85654E-1
6.10650E+11	5.14263E-9	-1.30420E+1	-1.41707E-1	-1.71917E-1
6.10825E+11	2.53020E-9	-1.40303E+1	1.58815E-1	-1.19629E-1
6.11000E+11	5.26346E-9	-1.42019E+1	9.57464E-2	1.69810E-1
6.11175E+11	4.38687E-9	-1.35409E+1	-1.99033E-1	6.80829E-2
6.11350E+11	8.07609E-9	-1.22446E+1	-1.48475E-3	-2.44208E-1
6.11525E+11	1.38896E-8	-9.72239E+0	3.02955E-1	1.21734E-1
6.11700E+11	2.03995E-8	-6.94828E+0	-3.42971E-1	2.90323E-1
6.11875E+11	2.63642E-8	-5.69216E+0	-3.60276E-2	-5.18017E-1
6.12050E+11	1.79706E-8	-7.16520E+0	3.99078E-1	1.81152E-1
6.12225E+11	1.14375E-8	-9.39317E+0	-2.64359E-1	2.12392E-1
6.12400E+11	9.08666E-9	-1.14410E+1	-8.73453E-2	-2.53246E-1
6.12575E+11	5.89995E-9	-1.24469E+1	2.38341E-1	-1.09426E-2
6.12750E+11	4.68667E-9	-1.29494E+1	-3.86690E-2	2.21835E-1
6.12925E+11	2.96226E-9	-1.32351E+1	-2.15799E-1	-3.01399E-2
6.13100E+11	3.57973E-9	-1.30718E+1	2.55645E-2	-2.20552E-1
6.13275E+11	3.98317E-9	-1.30378E+1	2.17010E-1	5.08998E-2
6.13450E+11	2.15573E-9	-1.29587E+1	-9.32057E-2	2.04721E-1
6.13625E+11	4.16140E-9	-1.18011E+1	-1.60071E-1	-2.01070E-1
6.13800E+11	6.32438E-9	-1.08224E+1	2.85466E-1	-3.54742E-2
6.13975E+11	6.15103E-9	-8.55428E+0	-1.89487E-1	3.21860E-1
6.14150E+11	1.44796E-8	-6.44230E+0	-1.69218E-1	-4.45232E-1
6.14325E+11	1.82620E-8	-5.32038E+0	5.29206E-1	1.16964E-1
6.14500E+11	1.11415E-8	-6.60346E+0	-2.54579E-1	3.92162E-1
6.14675E+11	5.32651E-9	-8.48067E+0	-2.75061E-1	-2.57343E-1
6.14850E+11	7.24878E-9	-9.92651E+0	2.61552E-1	-1.82474E-1
6.15025E+11	4.43811E-9	-1.19256E+1	8.17564E-2	2.39796E-1
6.15200E+11	4.28462E-9	-1.30033E+1	-2.20101E-1	4.04525E-2
6.15375E+11	3.86023E-9	-1.35708E+1	-3.63084E-2	-2.06465E-1
6.15550E+11	2.73402E-9	-1.37274E+1	1.98636E-1	-5.41616E-2
6.15725E+11	3.41729E-9	-1.37260E+1	9.20329E-2	1.84209E-1
6.15900E+11	2.62922E-9	-1.34459E+1	-1.93306E-1	8.86627E-2
6.16075E+11	4.47105E-9	-1.31753E+1	-3.08022E-2	-2.17227E-1
6.16250E+11	9.36749E-9	-1.07417E+1	2.71713E-1	1.02332E-1
6.16425E+11	1.23732E-8	-8.53833E+0	-3.49145E-1	1.34575E-1
6.16600E+11	1.79551E-8	-7.56556E+0	1.57737E-1	-3.87663E-1
6.16775E+11	2.69920E-8	-7.36984E+0	2.41825E-1	3.53212E-1
6.16950E+11	1.37795E-8	-8.70187E+0	-3.60189E-1	7.14280E-2
6.17125E+11	5.35820E-9	-1.01737E+1	5.25200E-2	-3.05484E-1
6.17300E+11	5.53813E-9	-1.13552E+1	2.19397E-1	1.58302E-1
6.17475E+11	8.14568E-9	-1.20511E+1	-2.36241E-1	8.09176E-2
6.17650E+11	4.92629E-9	-1.27624E+1	6.31802E-2	-2.21236E-1
6.17825E+11	3.51889E-9	-1.40339E+1	1.67012E-1	1.07741E-1
6.18000E+11	2.91305E-9	-1.38561E+1	-1.40187E-1	1.46627E-1
6.18175E+11	3.85134E-9	-1.31369E+1	-1.41967E-1	-1.68551E-1
6.18350E+11	6.13195E-9	-1.28440E+1	1.92280E-1	-1.22393E-1
6.18525E+11	6.18322E-9	-1.17517E+1	7.45585E-2	2.47486E-1
6.18700E+11	9.01523E-9	-9.81561E+0	-3.22982E-1	4.46694E-3
6.18875E+11	1.64015E-8	-6.39512E+0	1.51931E-1	-4.54160E-1
6.19050E+11	4.36854E-8	-3.77791E+0	4.01324E-1	5.07872E-1
6.19225E+11	1.94141E-8	-5.62402E+0	-5.08049E-1	1.25658E-1
6.19400E+11	1.06923E-8	-7.56443E+0	5.22939E-2	-4.15301E-1
6.19575E+11	8.71763E-9	-9.30681E+0	3.23680E-1	1.11968E-1
6.19750E+11	4.67302E-9	-1.04355E+1	-1.95284E-1	2.28741E-1
6.19925E+11	4.93383E-9	-1.12825E+1	-8.70653E-2	-2.58554E-1
6.20100E+11	5.26604E-9	-1.18225E+1	2.54254E-1	3.29126E-2
6.20275E+11	3.65274E-9	-1.27644E+1	-8.83320E-2	2.12393E-1
6.20450E+11	4.50036E-9	-1.30941E+1	-1.66273E-1	-1.46281E-1
6.20625E+11	3.19892E-9	-1.28529E+1	2.04438E-1	-1.00254E-1
6.20800E+11	4.86924E-9	-1.28206E+1	5.39836E-3	2.28480E-1
6.20975E+11	4.84242E-9	-1.20948E+1	-2.24655E-1	-1.06128E-1
6.21150E+11	7.61944E-9	-1.03868E+1	2.47249E-1	-1.74205E-1
6.21325E+11	1.18875E-8	-8.08310E+0	1.34016E-2	3.94089E-1
6.21500E+11	2.01619E-8	-5.77025E+0	-4.14917E-1	-3.04432E-1
6.21675E+11	3.39664E-8	-6.10048E+0	4.87597E-1	-8.77077E-2
6.21850E+11	1.21749E-8	-8.52915E+0	-1.78214E-1	3.29467E-1
6.22025E+11	7.17789E-9	-1.12547E+1	-1.60261E-1	-2.21868E-1
6.22200E+11	4.58984E-9	-1.28828E+1	2.20634E-1	-5.30141E-2
6.22375E+11	3.11648E-9	-1.35580E+1	-1.51016E-2	2.09398E-1
6.22550E+11	2.38183E-9	-1.38832E+1	-1.97540E-1	-4.32892E-2
6.22725E+11	3.40892E-9	-1.45454E+1	5.63599E-2	-1.78706E-1
6.22900E+11	3.78748E-9	-1.40419E+1	1.87845E-1	6.43654E-2
6.23075E+11	2.32872E-9	-1.35569E+1	-6.87603E-2	1.98391E-1
6.23250E+11	4.13126E-9	-1.23418E+1	-2.18304E-1	-1.03263E-1
6.23425E+11	4.39501E-9	-1.09273E+1	2.33453E-1	-1.62090E-1
6.23600E+11	5.86102E-9	-9.84229E+0	5.48902E-2	3.17309E-1
6.23775E+11	1.38943E-8	-7.51611E+0	-4.14779E-1	-7.16107E-2
6.23950E+11	1.30920E-8	-5.81275E+0	3.04288E-1	-4.11903E-1
6.24125E+11	1.34349E-8	-5.96920E+0	2.10070E-1	4.56998E-1
6.24300E+11	1.40027E-8	-7.53822E+0	-4.19506E-1	-1.68634E-2
6.24475E+11	9.95430E-9	-8.95611E+0	1.38486E-1	-3.28622E-1
6.24650E+11	4.50102E-9	-1.06584E+1	2.17192E-1	1.96879E-1
6.24825E+11	4.77569E-9	-1.26675E+1	-1.63908E-1	1.65048E-1
6.25000E+11	3.68782E-9	-1.32435E+1	-1.77075E-1	-1.26610E-1
6.25175E+11	3.62909E-9	-1.38282E+1	9.27918E-2	-1.81125E-1
6.25350E+11	3.44637E-9	-1.33344E+1	2.00238E-1	7.94326E-2
6.25525E+11	3.34892E-9	-1.27003E+1	-9.83378E-2	2.09832E-1
6.25700E+11	3.67822E-9	-1.18666E+1	-2.06946E-1	-1.49122E-1
6.25875E+11	6.16730E-9	-1.03347E+1	2.27610E-1	-2.01932E-1
6.26050E+11	1.27410E-8	-7.93745E+0	1.88120E-1	3.54118E-1
6.26225E+11	9.40623E-9	-6.49216E+0	-4.68588E-1	6.85675E-2
6.26400E+11	1.60644E-8	-6.64832E+0	6.86874E-2	-4.60041E-1
6.26575E+11	1.66552E-8	-7.87296E+0	3.41841E-1	2.15264E-1
6.26750E+11	9.19647E-9	-9.48234E+0	-3.00467E-1	1.49594E-1
6.26925E+11	4.40537E-9	-1.11856E+1	5.61951E-2	-2.70096E-1
6.27100E+11	4.88356E-9	-1.24370E+1	1.52203E-1	1.84094E-1
6.27275E+11	4.10567E-9	-1.40119E+1	-1.95102E-1	4.04598E-2
6.27450E+11	3.26746E-9	-1.41947E+1	2.82821E-2	-1.93042E-1
6.27625E+11	3.10967E-9	-1.44500E+1	1.69658E-1	8.43121E-2
6.27800E+11	3.06995E-9	-1.43448E+1	-1.25904E-1	1.44640E-1
6.27975E+11	5.24505E-9	-1.41809E+1	-1.23767E-1	-1.51222E-1
6.28150E+11	4.73238E-9	-1.27467E+1	2.05544E-1	-1.04309E-1
6.28325E+11	7.52683E-9	-1.12112E+1	2.33415E-2	2.74076E-1
6.28500E+11	9.34802E-9	-8.76251E+0	-3.54712E-1	-8.45458E-2
6.28675E+11	2.17693E-8	-5.55213E+0	3.10378E-1	-4.26780E-1
6.28850E+11	1.73246E-8	-4.20128E+0	1.93789E-1	5.85254E-1
6.29025E+11	9.95979E-9	-7.20940E+0	-4.15345E-1	-1.32749E-1
6.29200E+11	6.55610E-9	-8.80608E+0	2.17106E-1	-2.90700E-1
6.29375E+11	4.86638E-9	-1.04408E+1	1.77597E-1	2.42505E-1
6.29550E+11	3.81159E-9	-1.15585E+1	-2.54570E-1	7.10021E-2
6.29725E+11	3.23118E-9	-1.19245E+1	-7.24856E-3	-2.53279E-1
6.29900E+11	3.13197E-9	-1.25182E+1	2.34967E-1	2.81043E-2
6.30075E+11	3.60816E-9	-1.23861E+1	-5.71085E-2	2.33383E-1
6.30250E+11	3.58483E-9	-1.16850E+1	-2.47284E-1	-8.18051E-2
6.30425E+11	4.38070E-9	-1.08175E+1	1.68834E-1	-2.33103E-1
6.30600E+11	4.49616E-9	-1.08317E+1	1.55477E-1	2.41659E-1
6.30775E+11	5.51400E-9	-9.96205E+0	-3.04434E-1	9.05408E-2
6.30950E+11	9.00153E-9	-8.07148E+0	1.85766E-2	-3.94407E-1
6.31125E+11	1.77143E-8	-6.07878E+0	4.24915E-1	2.57139E-1
6.31300E+11	2.24294E-8	-5.41608E+0	-4.88655E-1	2.20349E-1
6.31475E+11	1.16471E-8	-6.80698E+0	1.03157E-1	-4.44919E-1
6.31650E+11	8.10553E-9	-9.69652E+0	2.36677E-1	2.26322E-1
6.31825E+11	4.67922E-9	-1.22108E+1	-2.17594E-1	1.12955E-1
6.32000E+11	2.99774E-9	-1.35202E+1	-5.22092E-2	-2.04293E-1
6.32175E+11	2.48791E-9	-1.50919E+1	1.75462E-1	-1.31853E-2
6.32350E+11	2.10785E-9	-1.51681E+1	6.13474E-3	1.74311E-1
6.32525E+11	1.93108E-9	-1.53048E+1	-1.68293E-1	3.40144E-2
6.32700E+11	2.38235E-9	-1.46789E+1	-2.15134E-2	-1.83267E-1
6.32875E+11	2.18015E-9	-1.35932E+1	2.08755E-1	1.18893E-2
6.33050E+11	3.39925E-9	-1.17341E+1	-5.32597E-2	2.53463E-1
6.33225E+11	5.04173E-9	-9.38680E+0	-2.80922E-1	-1.90388E-1
6.33400E+11	8.00731E-9	-9.72579E+0	2.42996E-1	-2.17877E-1
6.33575E+11	8.23914E-9	-8.24818E+0	1.93567E-1	3.34990E-1
6.33750E+11	1.11827E-8	-7.66151E+0	-4.13331E-1	2.22269E-2
6.33925E+11	8.64262E-9	-8.53681E+0	1.69256E-1	-3.33787E-1
6.34100E+11	5.72848E-9	-9.84418E+0	2.03676E-1	2.49337E-1
6.34275E+11	6.29154E-9	-1.10310E+1	-2.60074E-1	1.05970E-1
6.34450E+11	3.47593E-9	-1.20509E+1	-7.92803E-2	-2.36802E-1
6.34625E+11	4.28275E-9	-1.29010E+1	2.14774E-1	-7.17393E-2
6.34800E+11	2.02814E-9	-1.35907E+1	9.79841E-2	1.84781E-1
6.34975E+11	1.84524E-9	-1.39250E+1	-1.62029E-1	1.19375E-1
6.35150E+11	3.24802E-9	-1.31352E+1	-1.28539E-1	-1.79053E-1
6.35325E+11	3.70312E-9	-1.19015E+1	2.14111E-1	-1.36747E-1
6.35500E+11	3.58400E-9	-1.03220E+1	1.22444E-1	2.79037E-1
6.35675E+11	1.35937E-8	-8.03464E+0	-3.87089E-1	8.59784E-2
6.35850E+11	1.86528E-8	-6.03388E+0	6.28835E-2	-4.95260E-1
6.36025E+11	1.52386E-8	-5.77584E+0	4.08553E-1	3.12376E-1
6.36200E+11	9.30950E-9	-7.23209E+0	-3.77963E-1	2.15144E-1
6.36375E+11	1.04328E-8	-9.17678E+0	-4.22420E-2	-3.45089E-1
6.36550E+11	3.95029E-9	-1.08131E+1	2.77415E-1	7.72428E-2
6.36725E+11	4.13840E-9	-1.22624E+1	-1.41013E-1	1.98775E-1
6.36900E+11	3.93267E-9	-1.34090E+1	-1.33566E-1	-1.66656E-1
6.37075E+11	2.15211E-9	-1.41438E+1	1.73614E-1	-9.14989E-2
6.37250E+11	3.33164E-9	-1.48216E+1	5.17593E-2	1.73982E-1
6.37425E+11	4.29485E-9	-1.44773E+1	-1.88740E-1	6.68835E-3
6.37600E+11	3.85409E-9	-1.45818E+1	5.97925E-2	-1.76760E-1
6.37775E+11	2.65782E-9	-1.48688E+1	1.45866E-1	1.06375E-1
6.37950E+11	4.65774E-9	-1.31443E+1	-1.90120E-1	1.11063E-1
6.38125E+11	1.16787E-8	-1.09168E+1	9.39831E-3	-2.84397E-1
6.38300E+11	1.35542E-8	-8.76805E+0	2.73710E-1	2.40586E-1
6.38475E+11	1.89851E-8	-7.06806E+0	-4.40141E-1	5.19602E-2
6.38650E+11	1.16085E-8	-7.38256E+0	2.55219E-1	-3.42878E-1
6.38825E+11	9.58142E-9	-9.46274E+0	1.24208E-1	3.12636E-1
6.39000E+11	4.58058E-9	-1.14624E+1	-2.66165E-1	2.38086E-2
6.39175E+11	4.09818E-9	-1.33476E+1	3.35534E-2	-2.12456E-1
6.39350E+11	2.15009E-9	-1.36244E+1	2.01888E-1	5.14603E-2
6.39525E+11	2.61215E-9	-1.39716E+1	-1.01019E-1	1.72821E-1
6.39700E+11	2.00656E-9	-1.38443E+1	-1.50912E-1	-1.35977E-1
6.39875E+11	3.96460E-9	-1.31451E+1	1.75339E-1	-1.33147E-1
6.40050E+11	3.24511E-9	-1.21515E+1	1.35354E-1	2.06426E-1
6.40225E+11	4.76536E-9	-1.03832E+1	-2.85912E-1	9.90353E-2
6.40400E+11	5.50836E-9	-1.04838E+1	-9.54976E-3	-2.98942E-1
6.40575E+11	7.57890E-9	-9.47721E+0	3.29630E-1	6.43150E-2
6.40750E+11	8.09857E-9	-7.50555E+0	-2.60323E-1	3.31410E-1
6.40925E+11	1.17576E-8	-6.18748E+0	-1.08996E-1	-4.78222E-1
6.41100E+11	1.64076E-8	-6.69683E+0	4.08029E-1	2.17864E-1
6.41275E+11	7.55704E-9	-8.80065E+0	-2.95680E-1	2.10664E-1
6.41450E+11	5.23139E-9	-1.11694E+1	-1.39199E-1	-2.38785E-1
6.41625E+11	3.08118E-9	-1.26078E+1	1.82433E-1	-1.46881E-1
6.41800E+11	2.04262E-9	-1.34731E+1	1.30678E-1	1.66940E-1
6.41975E+11	2.49579E-9	-1.48811E+1	-1.59445E-1	8.41315E-2
6.42150E+11	1.63761E-9	-1.52045E+1	-6.87655E-2	-1.59498E-1
6.42325E+11	2.07551E-9	-1.49027E+1	1.71073E-1	-5.54374E-2
6.42500E+11	1.89831E-9	-1.39618E+1	1.84561E-2	1.99553E-1
6.42675E+11	2.90918E-9	-1.24155E+1	-2.37219E-1	-3.26436E-2
6.42850E+11	4.18739E-9	-1.18579E+1	8.10129E-2	-2.42140E-1
6.43025E+11	7.39383E-9	-1.01500E+1	2.78775E-1	1.37442E-1
6.43200E+11	8.62955E-9	-9.50026E+0	-2.16223E-1	2.55818E-1
6.43375E+11	1.00599E-8	-9.38353E+0	-1.82071E-1	-2.86534E-1
6.43550E+11	7.16500E-9	-1.02529E+1	2.93195E-1	-9.15456E-2
6.43725E+11	3.68892E-9	-1.14380E+1	1.63909E-2	2.67477E-1
6.43900E+11	3.27752E-9	-1.26901E+1	-2.29084E-1	-3.66855E-2
6.44075E+11	3.15187E-9	-1.33884E+1	7.14730E-2	-2.01799E-1
6.44250E+11	2.61208E-9	-1.39396E+1	1.72494E-1	1.03026E-1
6.44425E+11	2.27882E-9	-1.39682E+1	-1.40693E-1	1.42511E-1
6.44600E+11	3.19989E-9	-1.37398E+1	-8.63288E-2	-1.86592E-1
6.44775E+11	2.25265E-9	-1.41620E+1	1.94370E-1	-2.39395E-2
6.44950E+11	2.34689E-9	-1.29074E+1	-4.12289E-2	2.22485E-1
6.45125E+11	2.71661E-9	-1.21151E+1	-2.18573E-1	-1.16927E-1
6.45300E+11	4.44182E-9	-1.03468E+1	1.87397E-1	-2.39181E-1
6.45475E+11	6.83416E-9	-8.11208E+0	2.60284E-1	2.94455E-1
6.45650E+11	1.16341E-8	-6.09104E+0	-4.74700E-1	1.43659E-1
6.45825E+11	1.30663E-8	-5.33579E+0	1.74947E-1	-5.11949E-1
6.46000E+11	9.99797E-9	-7.41203E+0	2.82186E-1	3.19120E-1
6.46175E+11	6.37003E-9	-9.57816E+0	-3.15856E-1	1.02155E-1
6.46350E+11	3.55264E-9	-1.07671E+1	-3.10457E-2	-2.87828E-1
6.46525E+11	2.79238E-9	-1.15637E+1	2.63267E-1	2.13212E-2
6.46700E+11	3.29530E-9	-1.21764E+1	-6.07746E-2	2.38518E-1
6.46875E+11	3.00476E-9	-1.23682E+1	-2.20436E-1	-9.68223E-2
6.47050E+11	3.35523E-9	-1.23612E+1	1.27626E-1	-2.04382E-1
6.47225E+11	2.65412E-9	-1.18623E+1	1.52706E-1	2.04474E-1
6.47400E+11	3.65883E-9	-1.25715E+1	-2.13319E-1	9.90523E-2
6.47575E+11	4.40227E-9	-1.21918E+1	-4.96136E-2	-2.40640E-1
6.47750E+11	3.97608E-9	-1.14910E+1	2.60840E-1	-5.38891E-2
6.47925E+11	6.69386E-9	-9.71076E+0	4.58820E-2	3.23700E-1
6.48100E+11	1.42040E-8	-7.92142E+0	-3.97615E-1	-5.73219E-2
6.48275E+11	9.45758E-9	-7.03191E+0	3.11462E-1	-3.17894E-1
6.48450E+11	1.13869E-8	-8.16513E+0	5.30795E-2	3.86987E-1
6.48625E+11	5.57068E-9	-1.00109E+1	-2.78518E-1	-1.48921E-1
6.48800E+11	3.06717E-9	-1.20156E+1	2.17579E-1	-1.24614E-1
6.48975E+11	2.37981E-9	-1.37964E+1	2.76281E-2	2.02381E-1
6.49150E+11	1.47671E-9	-1.46764E+1	-1.84381E-1	-8.52766E-3
6.49325E+11	1.18293E-9	-1.51586E+1	4.88605E-2	-1.67634E-1
6.49500E+11	1.57798E-9	-1.50005E+1	1.55150E-1	8.68759E-2
6.49675E+11	9.87520E-10	-1.58157E+1	-9.73244E-2	1.29368E-1
6.49850E+11	1.22326E-9	-1.55819E+1	-1.20568E-1	-1.14544E-1
6.50025E+11	1.68983E-9	-1.47702E+1	1.40103E-1	-1.17098E-1
6.50200E+11	1.49769E-9	-1.33014E+1	1.18045E-1	1.81173E-1
6.50375E+11	2.41158E-9	-1.16949E+1	-2.28534E-1	1.24335E-1
6.50550E+11	4.05103E-9	-1.01319E+1	-1.20663E-1	-2.87139E-1
6.50725E+11	5.48413E-9	-9.10552E+0	3.50404E-1	-9.34920E-3
6.50900E+11	3.12623E-9	-1.02572E+1	-1.16245E-1	2.84141E-1
6.51075E+11	2.82490E-9	-1.16159E+1	-2.02841E-1	-1.66690E-1
6.51250E+11	1.27856E-9	-1.31854E+1	1.76759E-1	-1.29542E-1
6.51425E+11	1.06897E-9	-1.42807E+1	8.51376E-2	1.73409E-1
6.51600E+11	8.78563E-10	-1.50405E+1	-1.69656E-1	5.04558E-2
6.51775E+11	7.18573E-10	-1.65761E+1	-2.17620E-2	-1.46712E-1
6.51950E+11	6.15759E-10	-1.68330E+1	1.42092E-1	-2.33358E-2
6.52125E+11	5.41471E-10	-1.72732E+1	2.71529E-2	1.34159E-1
6.52300E+11	6.32120E-10	-1.60150E+1	-1.54296E-1	3.50009E-2
6.52475E+11	8.49230E-10	-1.56063E+1	-4.76173E-2	-1.58856E-1
6.52650E+11	1.20552E-9	-1.34985E+1	1.92643E-1	-8.70207E-2
6.52825E+11	2.53647E-9	-1.13244E+1	1.03172E-1	2.51139E-1
6.53000E+11	3.85543E-9	-8.88546E+0	-3.59346E-1	-1.12821E-2
6.53175E+11	2.88753E-9	-1.02257E+1	1.65015E-1	-2.60203E-1
6.53350E+11	1.97769E-9	-1.26157E+1	1.77418E-1	1.52572E-1
6.53525E+11	1.20914E-9	-1.36597E+1	-1.50246E-1	1.43115E-1
6.53700E+11	1.43714E-9	-1.42396E+1	-1.17578E-1	-1.54433E-1
6.53875E+11	1.52789E-9	-1.45943E+1	1.63172E-1	-8.99673E-2
6.54050E+11	1.03677E-9	-1.54669E+1	6.18278E-2	1.56769E-1
6.54225E+11	1.03015E-9	-1.66187E+1	-1.36309E-1	5.65984E-2
6.54400E+11	1.15308E-9	-1.66050E+1	-4.24304E-2	-1.41605E-1
6.54575E+11	9.94513E-10	-1.61595E+1	1.55262E-1	-1.03371E-2
6.54750E+11	1.19665E-9	-1.60115E+1	-1.08982E-2	1.57904E-1
6.54925E+11	1.30472E-9	-1.41475E+1	-1.89441E-1	-5.09248E-2
6.55100E+11	2.95727E-9	-1.20607E+1	9.43888E-2	-2.30892E-1
6.55275E+11	6.26846E-9	-9.01021E+0	2.56041E-1	2.45030E-1
6.55450E+11	6.01534E-9	-5.88654E+0	-5.05302E-1	5.00668E-2
6.55625E+11	8.73109E-9	-6.13413E+0	3.64195E-1	-3.33033E-1
6.55800E+11	3.48376E-9	-9.27672E+0	-4.69244E-2	3.40469E-1
6.55975E+11	3.46245E-9	-1.17514E+1	-1.90487E-1	-1.74723E-1
6.56150E+11	1.00809E-9	-1.31855E+1	1.98467E-1	-9.29188E-2
6.56325E+11	1.23892E-9	-1.38114E+1	4.98202E-2	1.97725E-1
6.56500E+11	1.48843E-9	-1.41352E+1	-1.88967E-1	5.36817E-2
6.56675E+11	1.18786E-9	-1.45794E+1	-3.98898E-2	-1.82338E-1
6.56850E+11	1.82256E-9	-1.42894E+1	1.90095E-1	-3.32821E-2
6.57025E+11	1.65109E-9	-1.38746E+1	-1.72057E-2	2.01696E-1
6.57200E+11	1.82877E-9	-1.32313E+1	-1.86954E-1	-1.12107E-1
6.57375E+11	3.08817E-9	-1.21481E+1	2.04392E-1	-1.38580E-1
6.57550E+11	3.14652E-9	-1.11403E+1	4.76457E-2	2.73198E-1
6.57725E+11	5.01433E-9	-8.47252E+0	-3.61743E-1	-1.06268E-1
6.57900E+11	1.17972E-8	-6.78789E+0	3.66019E-1	-2.74851E-1
6.58075E+11	1.07033E-8	-7.83739E+0	-3.25193E-2	4.04325E-1
6.58250E+11	3.56612E-9	-1.05425E+1	-2.21599E-1	-1.97869E-1
6.58425E+11	1.98285E-9	-1.30417E+1	2.14900E-1	-5.88047E-2
6.58600E+11	1.71970E-9	-1.54750E+1	-3.64475E-2	1.64371E-1
6.58775E+11	8.98364E-10	-1.74870E+1	-1.17946E-1	-6.26491E-2
6.58950E+11	5.98820E-10	-1.91629E+1	6.81930E-2	-8.64615E-2
6.59125E+11	4.19066E-10	-2.04022E+1	7.35701E-2	6.08520E-2
6.59300E+11	7.55198E-10	-2.07683E+1	-6.10024E-2	6.82448E-2
6.59475E+11	3.07971E-10	-2.18436E+1	-4.66615E-2	-6.60577E-2
6.59650E+11	5.13246E-10	-2.03892E+1	8.66827E-2	-4.03598E-2
6.59825E+11	9.30403E-10	-1.76167E+1	4.39949E-2	1.23999E-1
6.60000E+11	1.44268E-9	-1.44104E+1	-1.90074E-1	-9.63213E-3
6.60175E+11	2.81762E-9	-1.28139E+1	1.31466E-1	-1.87162E-1
6.60350E+11	2.06866E-9	-1.38614E+1	1.12597E-1	1.68595E-1
6.60525E+11	1.28311E-9	-1.45153E+1	-1.77786E-1	6.12261E-2
6.60700E+11	9.94344E-10	-1.55926E+1	2.06123E-2	-1.64816E-1
6.60875E+11	7.72438E-10	-1.75358E+1	1.11492E-1	7.21545E-2
6.61050E+11	3.78938E-10	-2.01125E+1	-7.57050E-2	6.33494E-2
6.61225E+11	3.99412E-10	-1.95276E+1	-5.18323E-2	-9.19917E-2
6.61400E+11	3.31328E-10	-1.95664E+1	1.01098E-1	-2.87925E-2
6.61575E+11	3.08601E-10	-2.06680E+1	1.51755E-2	9.13459E-2
6.61750E+11	2.42354E-10	-2.07404E+1	-9.15107E-2	7.64015E-3
6.61925E+11	3.15276E-10	-1.93795E+1	1.36570E-2	-1.06533E-1
6.62100E+11	6.36681E-10	-1.71935E+1	1.22110E-1	6.45938E-2
6.62275E+11	8.07458E-10	-1.53308E+1	-1.28836E-1	1.12716E-1
6.62450E+11	1.23330E-9	-1.13684E+1	-7.24411E-2	-2.60240E-1
6.62625E+11	2.41891E-9	-9.72943E+0	2.79721E-1	1.67883E-1
6.62800E+11	1.32795E-9	-1.20513E+1	-2.36979E-1	7.87112E-2
6.62975E+11	6.62756E-10	-1.53472E+1	2.22065E-2	-1.69410E-1
6.63150E+11	5.04398E-10	-1.74709E+1	1.17374E-1	6.42309E-2
6.63325E+11	3.78648E-10	-1.79489E+1	-8.93785E-2	8.97097E-2
6.63500E+11	5.37902E-10	-1.84795E+1	-6.88049E-2	-9.72523E-2
6.63675E+11	4.03105E-10	-1.85746E+1	9.75431E-2	-6.61068E-2
6.63850E+11	6.36744E-10	-1.86827E+1	8.05397E-2	8.40043E-2
6.64025E+11	5.25017E-10	-1.81113E+1	-9.53117E-2	7.97711E-2
6.64200E+11	4.81183E-10	-1.76606E+1	-5.88197E-2	-1.16951E-1
6.64375E+11	1.02645E-9	-1.65291E+1	1.48464E-1	-1.40110E-2
6.64550E+11	8.79548E-10	-1.53395E+1	-4.23858E-2	1.65676E-1
6.64725E+11	1.68194E-9	-1.23674E+1	-2.24635E-1	-8.67013E-2
6.64900E+11	5.31670E-9	-9.33319E+0	1.79417E-1	-2.90525E-1
6.65075E+11	4.42537E-9	-8.09913E+0	2.19454E-1	3.26730E-1
6.65250E+11	3.52136E-9	-1.02205E+1	-3.08298E-1	1.18585E-3
6.65425E+11	1.88430E-9	-1.29195E+1	1.42064E-1	-1.75712E-1
6.65600E+11	8.36471E-10	-1.52104E+1	3.40668E-2	1.70196E-1
6.65775E+11	9.02955E-10	-1.62643E+1	-1.39206E-1	-6.52500E-2
6.65950E+11	5.67560E-10	-1.71941E+1	9.82741E-2	-9.70698E-2
6.66125E+11	5.73371E-10	-1.71040E+1	9.53766E-2	1.01900E-1
6.66300E+11	5.57497E-10	-1.68380E+1	-9.47117E-2	1.08355E-1
6.66475E+11	1.03050E-9	-1.58404E+1	-1.10109E-1	-1.18047E-1
6.66650E+11	8.90303E-10	-1.49821E+1	1.60566E-1	-7.72810E-2
6.66825E+11	7.86133E-10	-1.34289E+1	-2.11037E-2	2.12039E-1
6.67000E+11	3.17478E-9	-1.06390E+1	-2.24233E-1	-1.89832E-1
6.67175E+11	5.62869E-9	-8.22233E+0	3.87318E-1	-2.37668E-2
6.67350E+11	5.50568E-9	-7.88312E+0	-1.67666E-1	3.67016E-1
6.67525E+11	6.86496E-9	-7.96980E+0	-3.27132E-1	-2.29303E-1
6.67700E+11	3.86519E-9	-1.00308E+1	2.21466E-1	-2.24157E-1
6.67875E+11	1.87276E-9	-1.26680E+1	1.24008E-1	1.96779E-1
6.68050E+11	9.95416E-10	-1.41944E+1	-1.91155E-1	3.90895E-2
6.68225E+11	7.86828E-10	-1.60407E+1	5.46730E-2	-1.47970E-1
6.68400E+11	6.42497E-10	-1.66661E+1	1.00810E-1	1.06697E-1
6.68575E+11	7.28072E-10	-1.82315E+1	-9.96912E-2	7.13301E-2
6.68750E+11	6.80179E-10	-1.86178E+1	-6.12346E-2	-9.99881E-2
6.68925E+11	6.03699E-10	-1.95793E+1	9.05706E-2	-5.30485E-2
6.69100E+11	4.74577E-10	-1.95438E+1	1.78633E-2	1.03868E-1
6.69275E+11	7.67352E-10	-1.80577E+1	-1.18517E-1	-3.99198E-2
6.69450E+11	5.38172E-10	-1.68758E+1	1.09810E-1	-9.20500E-2
6.69625E+11	1.71458E-9	-1.36066E+1	1.99846E-2	2.07813E-1
6.69800E+11	1.60213E-9	-1.30238E+1	-1.96179E-1	-1.06575E-1
6.69975E+11	8.13756E-10	-1.65064E+1	9.02248E-2	-1.19221E-1
6.70150E+11	5.04221E-10	-1.95715E+1	8.75534E-2	5.80631E-2
6.70325E+11	1.08251E-10	-2.27912E+1	-5.47019E-2	4.76072E-2
6.70500E+11	1.17282E-10	-2.29929E+1	-2.39883E-2	-6.66677E-2
6.70675E+11	1.31855E-10	-2.34809E+1	6.38738E-2	2.01648E-2
6.70850E+11	8.51849E-11	-2.41817E+1	-3.86856E-2	4.81809E-2
6.71025E+11	1.02175E-10	-2.41138E+1	-5.34124E-2	-3.20195E-2
6.71200E+11	6.56116E-11	-2.52954E+1	1.49351E-2	-5.22616E-2
6.71375E+11	8.06600E-11	-2.49512E+1	5.58169E-2	9.08139E-3
6.71550E+11	1.01213E-10	-2.43322E+1	-2.46467E-2	5.55017E-2
6.71725E+11	1.24093E-10	-2.24018E+1	-5.95088E-2	-4.70189E-2
6.71900E+11	1.38258E-10	-2.06405E+1	9.06426E-2	-2.03165E-2
6.72075E+11	3.07294E-10	-1.60466E+1	-6.74327E-2	1.42491E-1
6.72250E+11	4.58735E-10	-1.57283E+1	-8.58535E-2	-1.39176E-1
6.72425E+11	4.14020E-10	-1.64261E+1	1.44036E-1	-4.49973E-2
6.72600E+11	3.11802E-10	-1.77759E+1	-6.84313E-3	1.29002E-1
6.72775E+11	1.94439E-10	-1.93097E+1	-9.57275E-2	-5.05859E-2
6.72950E+11	1.27112E-10	-2.11346E+1	8.33647E-2	-2.74096E-2
6.73125E+11	1.50943E-10	-2.13696E+1	-2.25242E-2	8.23885E-2
6.73300E+11	1.71058E-10	-2.10697E+1	-6.83441E-2	-5.60886E-2
6.73475E+11	1.96546E-10	-2.01266E+1	7.93403E-2	-5.84631E-2
6.73650E+11	1.73554E-10	-1.98507E+1	6.20491E-2	8.06197E-2
6.73825E+11	2.74315E-10	-1.81651E+1	-1.12269E-1	5.15130E-2
6.74000E+11	2.80722E-10	-1.83505E+1	-1.82397E-2	-1.19530E-1
6.74175E+11	7.16890E-10	-1.52438E+1	1.57128E-1	7.21639E-2
6.74350E+11	9.18860E-10	-1.35919E+1	-1.95149E-1	7.51681E-2
6.74525E+11	9.39860E-10	-1.24725E+1	7.03380E-2	-2.27254E-1
6.74700E+11	1.52220E-9	-1.14920E+1	1.96095E-1	1.80200E-1
6.74875E+11	1.52413E-9	-1.15814E+1	-2.22227E-1	1.41758E-1
6.75050E+11	1.30099E-9	-1.18178E+1	-3.48093E-2	-2.54140E-1
6.75225E+11	1.21447E-9	-1.32488E+1	1.89386E-1	1.07058E-1
6.75400E+11	9.44286E-10	-1.45426E+1	-1.74619E-1	6.81405E-2
6.75575E+11	7.70255E-10	-1.53978E+1	3.39199E-2	-1.66446E-1
6.75750E+11	6.71853E-10	-1.62029E+1	1.24194E-1	9.24554E-2
6.75925E+11	5.73946E-10	-1.63845E+1	-1.06096E-1	1.08325E-1
6.76100E+11	7.21886E-10	-1.58010E+1	-1.10599E-1	-1.18593E-1
6.76275E+11	8.79282E-10	-1.51900E+1	1.52581E-1	-8.35953E-2
6.76450E+11	7.52229E-10	-1.48938E+1	2.81829E-2	1.77797E-1
6.76625E+11	2.42214E-9	-1.18894E+1	-2.43939E-1	-7.22300E-2
6.76800E+11	3.34686E-9	-9.48478E+0	2.92303E-1	-1.64787E-1
6.76975E+11	3.28619E-9	-9.59236E+0	1.61507E-2	3.31029E-1
6.77150E+11	2.80995E-9	-9.58571E+0	-3.27987E-1	-4.93333E-2
6.77325E+11	1.74972E-9	-1.09987E+1	1.15787E-1	-2.57001E-1
6.77500E+11	1.37972E-9	-1.17104E+1	1.88454E-1	1.78693E-1
6.77675E+11	1.11120E-9	-1.25930E+1	-2.24010E-1	6.97280E-2
6.77850E+11	1.08986E-9	-1.37645E+1	3.40390E-2	-2.02164E-1
6.78025E+11	6.66846E-10	-1.41870E+1	1.71913E-1	9.26217E-2
6.78200E+11	5.90891E-10	-1.53729E+1	-9.05412E-2	1.44302E-1
6.78375E+11	6.12213E-10	-1.53221E+1	-1.27161E-1	-1.14859E-1
6.78550E+11	5.05559E-10	-1.59609E+1	1.30158E-1	-9.16783E-2
6.78725E+11	3.85356E-10	-1.64938E+1	3.32547E-2	1.45991E-1
6.78900E+11	4.16076E-10	-1.47894E+1	-1.78058E-1	-3.85941E-2
6.79075E+11	6.94973E-10	-1.33929E+1	1.41849E-1	-1.60195E-1
6.79250E+11	7.44979E-10	-1.14727E+1	5.44479E-2	2.61296E-1
6.79425E+11	8.68022E-10	-1.12917E+1	-2.68806E-1	-4.48965E-2
6.79600E+11	8.76864E-10	-1.20133E+1	1.49882E-1	-2.01094E-1
6.79775E+11	3.37335E-10	-1.48348E+1	8.74009E-2	1.58777E-1
6.79950E+11	1.94154E-10	-1.66833E+1	-1.46295E-1	7.72971E-3
6.80125E+11	1.66539E-10	-1.83478E+1	5.40908E-2	-1.08182E-1
6.80300E+11	1.18898E-10	-1.81275E+1	6.49274E-2	1.05711E-1
6.80475E+11	8.39490E-11	-1.82718E+1	-1.00094E-1	6.97761E-2
6.80650E+11	1.22350E-10	-1.80911E+1	-6.80659E-2	-1.04341E-1
6.80825E+11	1.14378E-10	-1.83778E+1	5.76437E-2	-1.05857E-1
6.81000E+11	1.12563E-10	-1.81544E+1	1.07744E-1	6.07175E-2
6.81175E+11	1.46044E-10	-1.70476E+1	-6.96995E-2	1.21972E-1
6.81350E+11	1.09136E-10	-1.69366E+1	-4.01656E-2	-1.36501E-1
6.81525E+11	2.30237E-10	-1.56017E+1	1.52619E-1	6.51098E-2
6.81700E+11	2.84072E-10	-1.43408E+1	-1.20136E-1	1.49577E-1
6.81875E+11	2.63511E-10	-1.42324E+1	-1.49115E-1	-1.24503E-1
6.82050E+11	7.38752E-10	-1.40313E+1	1.00217E-1	-1.71702E-1
6.82225E+11	2.63160E-10	-1.55963E+1	1.51921E-1	6.69736E-2
6.82400E+11	3.99104E-10	-1.70532E+1	-7.71489E-2	1.17293E-1
6.82575E+11	1.71636E-10	-1.84284E+1	-6.99478E-2	-9.73008E-2
6.82750E+11	1.88454E-10	-2.01275E+1	9.82345E-2	-7.79114E-3
6.82925E+11	1.45732E-10	-1.99757E+1	-1.77883E-2	9.86900E-2
6.83100E+11	1.60119E-10	-1.95539E+1	-1.03162E-1	-2.09656E-2
6.83275E+11	2.22934E-10	-1.85246E+1	-1.21106E-2	-1.17894E-1
6.83450E+11	2.02285E-10	-1.78803E+1	1.15074E-1	-5.52251E-2
6.83625E+11	3.12035E-10	-1.61091E+1	1.00022E-1	1.20381E-1
6.83800E+11	6.42480E-10	-1.28287E+1	-2.08757E-1	9.24977E-2
6.83975E+11	1.41952E-9	-1.05301E+1	4.62457E-2	-2.93888E-1
6.84150E+11	1.16048E-9	-1.04522E+1	2.15873E-1	2.08593E-1
6.84325E+11	1.31555E-9	-1.04980E+1	-2.73351E-1	1.20193E-1
6.84500E+11	1.32852E-9	-1.05179E+1	-6.10405E-2	-2.91605E-1
6.84675E+11	1.04497E-9	-1.09355E+1	2.83631E-1	1.31957E-2
6.84850E+11	6.07509E-10	-1.15892E+1	-8.08632E-2	2.50634E-1
6.85025E+11	5.17721E-10	-1.31310E+1	-1.65080E-1	-1.46213E-1
6.85200E+11	3.69405E-10	-1.28285E+1	2.11576E-1	-8.58690E-2
6.85375E+11	5.20333E-10	-1.37182E+1	1.05415E-2	2.05836E-1
6.85550E+11	4.11513E-10	-1.38768E+1	-1.97751E-1	-4.30244E-2
6.85725E+11	2.85443E-10	-1.50398E+1	6.19388E-2	-1.65826E-1
6.85900E+11	3.83599E-10	-1.53622E+1	1.64708E-1	4.43094E-2
6.86075E+11	4.06430E-10	-1.29397E+1	-7.58371E-2	2.12294E-1
6.86250E+11	8.53044E-10	-1.11677E+1	-1.90289E-1	-2.00535E-1
6.86425E+11	9.21308E-10	-8.93032E+0	3.46534E-1	-8.85590E-2
6.86600E+11	1.00020E-9	-7.07272E+0	-2.22083E-1	3.83265E-1
6.86775E+11	7.45183E-10	-8.52125E+0	-1.67335E-1	-3.35505E-1
6.86950E+11	5.20325E-10	-1.01711E+1	2.97495E-1	-8.73712E-2
6.87125E+11	6.77195E-10	-1.13034E+1	8.84313E-2	2.57397E-1
6.87300E+11	6.63526E-10	-1.01243E+1	-2.83203E-1	1.30282E-1
6.87475E+11	3.62009E-10	-8.52097E+0	-2.51937E-2	-3.74084E-1
6.87650E+11	3.38965E-10	-9.49552E+0	2.81505E-1	1.81859E-1
6.87825E+11	1.73854E-10	-1.01722E+1	-2.62003E-1	1.65732E-1
6.88000E+11	1.97439E-10	-1.09752E+1	-6.87551E-2	-2.74153E-1
6.88175E+11	1.03684E-10	-1.28871E+1	2.26573E-1	-1.01983E-2
6.88350E+11	1.01023E-10	-1.15121E+1	-2.57230E-2	2.64453E-1
6.88525E+11	1.22250E-10	-1.24206E+1	-2.05266E-1	-1.23034E-1
6.88700E+11	1.37577E-10	-1.14803E+1	1.77594E-1	-1.98939E-1
6.88875E+11	1.08220E-10	-1.14929E+1	1.30609E-1	2.32059E-1
6.89050E+11	1.01867E-10	-1.06999E+1	-2.84925E-1	6.27192E-2
6.89225E+11	5.31707E-11	-1.21058E+1	6.87615E-2	-2.38432E-1
6.89400E+11	5.86150E-11	-1.35106E+1	1.48909E-1	1.49619E-1
6.89575E+11	3.58887E-11	-1.53977E+1	-1.60119E-1	5.67232E-2
6.89750E+11	1.95895E-11	-1.78329E+1	4.96933E-2	-1.18327E-1
6.89925E+11	2.71200E-11	-1.78001E+1	9.66670E-2	8.51522E-2
6.90100E+11	2.90662E-11	-1.86921E+1	-1.14743E-1	1.86572E-2
6.90275E+11	2.02669E-11	-1.96090E+1	-1.75941E-2	-1.03114E-1
6.90450E+11	1.01892E-11	-2.28991E+1	6.05652E-2	3.82303E-2
6.90625E+11	1.88220E-12	-2.87532E+1	-7.93104E-3	3.56319E-2
6.90800E+11	3.34644E-11	-1.67053E+1	-1.35494E-1	-5.47244E-2
6.90975E+11	2.27426E-11	-1.91564E+1	1.09154E-1	-1.51460E-2
6.91150E+11	1.07611E-11	-2.31184E+1	-4.34136E-2	5.47022E-2
6.91325E+11	8.72048E-12	-2.38561E+1	-4.06068E-2	-4.96620E-2
6.91500E+11	5.94056E-12	-2.53198E+1	5.15457E-2	-1.67569E-2
6.91675E+11	7.01084E-12	-2.51343E+1	2.19849E-2	5.08195E-2
6.91850E+11	6.19559E-12	-2.43218E+1	-5.49443E-2	2.60355E-2
6.92025E+11	8.54178E-12	-2.32713E+1	2.19428E-2	-6.50145E-2
6.92200E+11	2.51785E-12	-2.72735E+1	2.81527E-2	3.28770E-2
6.92375E+11	1.62010E-11	-2.14651E+1	-7.77138E-2	-3.31238E-2
6.92550E+11	7.04512E-12	-2.37852E+1	5.09051E-2	-3.98954E-2
6.92725E+11	6.77864E-12	-2.56707E+1	-1.04511E-2	5.09955E-2
6.92900E+11	9.25585E-12	-2.63006E+1	-4.68248E-2	-1.23021E-2
6.93075E+11	8.37100E-12	-2.74025E+1	-4.28624E-3	-4.24296E-2
6.93250E+11	1.53869E-11	-2.51946E+1	5.39842E-2	1.04593E-2
6.93425E+11	1.67467E-11	-2.49228E+1	-4.81605E-2	2.99928E-2
6.93600E+11	7.90319E-12	-2.80694E+1	2.14972E-2	-3.31307E-2
6.93775E+11	2.26612E-11	-2.49391E+1	2.07752E-2	5.26814E-2
6.93950E+11	9.25606E-12	-2.80797E+1	-3.77589E-2	-1.14161E-2
6.94125E+11	1.72907E-11	-2.41459E+1	2.70390E-2	-5.58431E-2
6.94300E+11	1.54307E-11	-2.55924E+1	4.34722E-2	2.94824E-2
6.94475E+11	3.45784E-11	-2.30391E+1	-4.35924E-2	5.53778E-2
6.94650E+11	1.83969E-11	-2.52053E+1	-4.83934E-2	-2.59682E-2
6.94825E+11	3.49587E-11	-2.18897E+1	7.83883E-2	-1.80891E-2
6.95000E+11	6.04175E-11	-2.00409E+1	-6.29443E-2	7.70992E-2
6.95175E+11	4.07572E-11	-1.98805E+1	-3.75791E-2	-9.41631E-2
6.95350E+11	7.25915E-11	-1.82845E+1	1.10155E-1	5.20544E-2
6.95525E+11	7.88617E-11	-1.81631E+1	-1.06298E-1	6.29740E-2
6.95700E+11	3.95294E-11	-2.02744E+1	-6.46021E-3	-9.66744E-2
6.95875E+11	2.33472E-11	-2.05338E+1	9.07662E-2	2.45962E-2
6.96050E+11	3.76844E-11	-1.87264E+1	-1.05683E-1	4.73191E-2
6.96225E+11	3.52856E-11	-1.83700E+1	1.63983E-2	-1.19522E-1
6.96400E+11	2.76067E-11	-2.08192E+1	4.76775E-2	7.75100E-2
6.96575E+11	3.91135E-11	-1.97031E+1	-1.01132E-1	2.19062E-2
6.96750E+11	1.54945E-11	-2.48056E+1	4.70330E-3	-5.73140E-2
6.96925E+11	1.15750E-11	-2.30240E+1	5.64070E-2	4.24560E-2
6.97100E+11	1.31256E-11	-2.13347E+1	-6.72917E-2	5.31598E-2
6.97275E+11	1.44691E-11	-2.15768E+1	2.22017E-3	-8.33692E-2
6.97450E+11	4.74978E-12	-2.68181E+1	4.54257E-2	4.13815E-3
6.97625E+11	1.18833E-11	-2.27020E+1	-6.24354E-2	3.83365E-2
6.97800E+11	1.09711E-11	-2.07250E+1	-3.84606E-2	-8.35666E-2
6.97975E+11	7.27688E-12	-2.14810E+1	8.42077E-2	-4.42704E-3
6.98150E+11	3.45532E-12	-2.49633E+1	-4.62540E-2	3.23987E-2
6.98325E+11	5.10294E-12	-2.33707E+1	-6.71170E-2	-9.85317E-3
6.98500E+11	3.38945E-12	-2.29636E+1	4.52279E-2	-5.48494E-2
6.98675E+11	1.00231E-12	-2.94224E+1	1.32253E-2	3.11019E-2
6.98850E+11	6.98050E-13	-3.09226E+1	-2.35606E-2	-1.59221E-2
6.99025E+11	6.71237E-13	-2.77690E+1	-2.54816E-2	-3.19711E-2
6.99200E+11	4.28217E-13	-3.10765E+1	2.19584E-2	1.72710E-2
6.99375E+11	2.98487E-12	-2.55096E+1	4.03484E-2	3.44116E-2
6.99550E+11	7.82428E-13	-3.34009E+1	-1.49971E-3	2.13246E-2
6.99725E+11	5.08851E-14	-4.53961E+1	3.02167E-3	-4.44248E-3
6.99900E+11	5.24107E-13	-3.59331E+1	-3.90595E-3	-1.54865E-2
7.00075E+11	3.39550E-12	-2.66443E+1	1.77153E-2	4.30319E-2
7.00250E+11	4.34816E-12	-2.66320E+1	-3.88234E-2	-2.57771E-2
7.00425E+11	2.01391E-12	-2.95251E+1	1.04215E-2	-3.17325E-2
7.00600E+11	4.15369E-13	-3.66194E+1	1.42479E-2	3.84715E-3
7.00775E+11	7.09058E-14	-4.23001E+1	-7.56713E-3	-1.27357E-3
7.00950E+11	7.22632E-12	-2.56130E+1	-2.63147E-2	-4.53158E-2
7.01125E+11	1.13280E-13	-4.15991E+1	1.05400E-3	-8.25150E-3
7.01300E+11	2.48224E-12	-3.17615E+1	2.38456E-2	9.89780E-3
7.01475E+11	3.71197E-12	-3.00591E+1	-3.13694E-2	-1.56481E-3
7.01650E+11	2.52962E-12	-3.10889E+1	1.76812E-2	-2.15779E-2
7.01825E+11	5.82259E-12	-2.97767E+1	3.24307E-2	-1.00220E-3
7.02000E+11	1.76163E-12	-3.41399E+1	1.49616E-2	1.27136E-2
7.02175E+11	4.64176E-12	-2.96649E+1	-3.27429E-2	-2.85114E-3
7.02350E+11	9.82581E-12	-2.63920E+1	4.49262E-3	-4.76960E-2
7.02525E+11	2.15061E-12	-3.21657E+1	1.36451E-2	2.05218E-2
7.02700E+11	6.62829E-12	-2.87276E+1	-2.61945E-2	2.55783E-2
7.02875E+11	1.08595E-11	-2.74354E+1	-2.51900E-2	-3.42110E-2
7.03050E+11	7.02824E-12	-2.82450E+1	3.58859E-2	-1.44969E-2
7.03225E+11	1.29315E-11	-2.56858E+1	-2.06737E-2	4.76756E-2
7.03400E+11	2.07261E-11	-2.29466E+1	-3.55162E-2	-6.17456E-2
7.03575E+11	1.53963E-11	-2.58425E+1	5.07092E-2	-5.76241E-3
7.03750E+11	3.90495E-11	-2.26844E+1	7.13928E-4	7.34104E-2
7.03925E+11	1.62695E-11	-2.47579E+1	-5.64221E-2	1.26528E-2
7.04100E+11	6.32781E-11	-2.12001E+1	-2.79592E-2	-8.24852E-2
7.04275E+11	3.31225E-11	-2.14017E+1	8.11617E-2	-2.55785E-2
7.04450E+11	7.02107E-11	-1.96502E+1	-1.12318E-2	1.03502E-1
7.04625E+11	2.78627E-10	-1.58018E+1	-1.37976E-1	-8.51722E-2
7.04800E+11	2.71070E-10	-1.37360E+1	1.98685E-1	-5.31980E-2
7.04975E+11	3.15432E-10	-1.22662E+1	-9.13078E-3	2.43435E-1
7.05150E+11	3.31334E-10	-1.29851E+1	-2.05355E-1	-9.01107E-2
7.05325E+11	2.62721E-10	-1.36748E+1	1.07530E-1	-1.77041E-1
7.05500E+11	2.48859E-10	-1.39536E+1	1.11006E-1	1.67082E-1
7.05675E+11	2.09066E-10	-1.47485E+1	-1.80647E-1	2.95768E-2
7.05850E+11	1.75436E-10	-1.59616E+1	6.12763E-2	-1.46925E-1
7.06025E+11	1.05663E-10	-1.60826E+1	1.29451E-1	8.88159E-2
7.06200E+11	7.49076E-11	-1.63148E+1	-9.97482E-2	1.15813E-1
7.06375E+11	1.11241E-10	-1.57729E+1	-9.27733E-2	-1.33642E-1
7.06550E+11	7.03793E-11	-1.60900E+1	1.48726E-1	-4.98399E-2
7.06725E+11	5.53100E-11	-1.62885E+1	-4.32234E-2	1.47092E-1
7.06900E+11	5.14690E-11	-1.49443E+1	-2.44748E-2	-1.77291E-1
7.07075E+11	7.19263E-11	-1.28277E+1	2.24832E-1	3.99718E-2
7.07250E+11	7.73183E-11	-1.08355E+1	-1.04645E-1	2.67485E-1
7.07425E+11	7.40927E-11	-1.14228E+1	-2.11066E-1	-1.65880E-1
7.07600E+11	4.28776E-11	-1.10894E+1	2.46523E-1	-1.30537E-1
7.07775E+11	4.50031E-11	-1.45190E+1	-1.06053E-2	1.87654E-1
7.07950E+11	2.01885E-11	-1.48832E+1	-1.64114E-1	-7.45083E-2
7.08125E+11	2.28114E-11	-1.68454E+1	1.43735E-1	-3.97844E-3
7.08300E+11	3.10181E-11	-1.54468E+1	-4.21827E-2	1.63561E-1
7.08475E+11	1.58356E-11	-1.80052E+1	-1.18647E-1	-4.18672E-2
7.08650E+11	1.50229E-11	-1.67807E+1	-6.71371E-2	-1.28369E-1
7.08825E+11	8.68606E-12	-1.93086E+1	9.32416E-2	-5.50605E-2
7.09000E+11	1.11849E-11	-1.68409E+1	1.04555E-1	9.88202E-2
7.09175E+11	8.86982E-12	-1.93816E+1	-9.48854E-2	5.02699E-2
7.09350E+11	1.97514E-11	-1.84696E+1	4.30402E-2	-1.11230E-1
7.09525E+11	1.74978E-11	-1.84515E+1	2.65263E-2	1.16535E-1
7.09700E+11	1.61345E-11	-1.99546E+1	-9.81110E-2	2.18953E-2
7.09875E+11	9.32265E-12	-2.09630E+1	-7.99820E-2	-4.01752E-2
7.10050E+11	1.67624E-11	-1.81985E+1	1.03631E-1	-6.63450E-2
7.10225E+11	1.86799E-11	-1.78174E+1	1.24156E-1	3.33906E-2
7.10400E+11	1.65427E-11	-1.84525E+1	-8.13697E-2	8.75191E-2
7.10575E+11	1.83303E-11	-1.80497E+1	2.16738E-2	-1.23283E-1
7.10750E+11	6.94229E-12	-2.28283E+1	4.53549E-2	5.61869E-2
7.10925E+11	5.37122E-12	-2.48281E+1	-3.48133E-2	4.55848E-2
7.11100E+11	7.03701E-12	-2.36656E+1	-1.98776E-2	-6.24868E-2
7.11275E+11	7.56792E-12	-2.31063E+1	6.97680E-2	-4.81001E-3
7.11450E+11	7.94706E-12	-2.34873E+1	2.00791E-2	6.38491E-2
7.11625E+11	1.31522E-11	-2.00147E+1	-9.54265E-2	-2.93262E-2
7.11800E+11	1.12860E-11	-2.01678E+1	5.89987E-2	-7.83590E-2
7.11975E+11	1.56792E-11	-2.06850E+1	6.14290E-2	6.90453E-2
7.12150E+11	2.16976E-11	-1.92161E+1	-1.09234E-1	-6.78940E-3
7.12325E+11	1.76527E-11	-1.98001E+1	-7.01398E-3	-1.02087E-1
7.12500E+11	1.61454E-11	-2.02185E+1	9.30937E-2	2.90330E-2
7.12675E+11	2.77578E-11	-1.65248E+1	-8.52258E-2	1.22459E-1
7.12850E+11	3.12343E-11	-1.69222E+1	-6.60072E-2	-1.26318E-1
7.13025E+11	2.55269E-11	-1.72229E+1	1.36530E-1	-1.77231E-2
7.13200E+11	2.54463E-11	-1.74697E+1	-7.69283E-2	1.09495E-1
7.13375E+11	3.22863E-11	-1.53472E+1	-1.40100E-1	-9.78006E-2
7.13550E+11	5.87346E-11	-1.49111E+1	7.61222E-2	-1.62735E-1
7.13725E+11	4.07777E-11	-1.41865E+1	1.66489E-1	1.02073E-1
7.13900E+11	4.22954E-11	-1.45837E+1	-1.77878E-1	5.62442E-2
7.14075E+11	4.09502E-11	-1.26960E+1	6.03345E-2	-2.23857E-1
7.14250E+11	4.97467E-11	-8.53828E+0	2.21365E-1	3.01682E-1
7.14425E+11	9.96388E-11	-6.99486E+0	-4.15992E-1	1.63442E-1
7.14600E+11	1.01333E-10	-6.57042E+0	1.28725E-3	-4.69329E-1
7.14775E+11	1.18701E-10	-4.40541E+0	5.98738E-1	6.43309E-2
7.14950E+11	1.37751E-10	-2.61277E+0	-3.85084E-1	6.32169E-1
7.15125E+11	9.65849E-11	-1.91608E+0	-4.67577E-1	-6.51644E-1
7.15300E+11	1.10419E-10	-8.83750E-1	9.00833E-1	-6.61579E-2
7.15475E+11	7.47154E-11	-1.71488E+0	-6.40810E-1	5.12965E-1
7.15650E+11	3.57623E-11	-2.29320E+0	-2.29687E-2	-7.67619E-1
7.15825E+11	3.38579E-11	-2.84915E+0	5.44213E-1	4.71947E-1
7.16000E+11	3.44794E-11	-3.25094E+0	-5.73533E-1	3.79617E-1
7.16175E+11	3.32059E-11	-8.09310E-1	-9.10891E-2	-9.06469E-1
7.16350E+11	2.48555E-11	-3.61868E+0	6.40131E-1	1.57718E-1
7.16525E+11	2.50865E-11	-2.08215E+0	-7.23581E-1	3.09137E-1
7.16700E+11	1.25719E-11	-6.15669E+0	4.98264E-3	-4.92202E-1
7.16875E+11	1.83428E-11	-3.70640E+0	6.51912E-1	3.10199E-2
7.17050E+11	8.31117E-12	-5.94665E+0	-2.78161E-1	4.20618E-1
7.17225E+11	5.61419E-12	-5.65916E+0	-2.03914E-1	-4.79704E-1
7.17400E+11	6.88892E-12	-3.07138E+0	6.96386E-1	-8.98005E-2
7.17575E+11	8.52557E-13	-1.09125E+1	-1.52279E-1	2.40542E-1
7.17750E+11	1.17602E-12	-7.07490E+0	-1.14310E-1	-4.27841E-1
7.17925E+11	6.76858E-12	-1.05212E+0	7.32021E-1	-4.98997E-1
7.18100E+11	2.81099E-12	-6.16641E+0	2.72107E-1	4.09516E-1
7.18275E+11	3.31539E-12	-2.00551E+0	-6.01761E-1	-5.17727E-1
7.18450E+11	2.48691E-12	-9.78481E+0	-8.57688E-2	-3.12608E-1
7.18625E+11	3.23798E-12	-5.52876E+0	5.02006E-1	1.67234E-1
7.18800E+11	1.36652E-12	-1.19622E+1	-2.18762E-1	1.25659E-1
7.18975E+11	3.71449E-13	-1.75119E+1	-5.48694E-2	-1.21340E-1
7.19150E+11	1.23983E-12	-1.42968E+1	1.91446E-1	2.30040E-2
7.19325E+11	9.77752E-13	-1.41675E+1	1.26329E-1	1.49483E-1
7.19500E+11	1.52212E-12	-1.47257E+1	-8.69219E-2	1.61645E-1
7.19675E+11	1.25500E-12	-1.29731E+1	-3.92735E-2	-2.21105E-1
7.19850E+11	7.94188E-13	-1.72866E+1	9.23687E-2	-1.00731E-1
7.20025E+11	2.32421E-13	-2.12093E+1	5.99767E-2	-6.30266E-2
7.20200E+11	3.92293E-14	-3.06101E+1	9.90269E-3	-2.77648E-2
7.20375E+11	2.05875E-12	-1.57105E+1	1.32679E-1	-9.61574E-2
7.20550E+11	1.58784E-13	-2.43698E+1	4.03034E-2	4.50753E-2
7.20725E+11	2.13108E-12	-1.58927E+1	8.15599E-2	1.38185E-1
7.20900E+11	1.65479E-13	-2.55387E+1	5.21691E-2	8.47030E-3
7.21075E+11	7.97767E-14	-3.04589E+1	-2.69966E-2	-1.30733E-2
7.21250E+11	3.21352E-13	-1.99583E+1	-7.03659E-2	-7.17302E-2
7.21425E+11	2.38648E-12	-1.31845E+1	1.78771E-1	-1.26786E-1
7.21600E+11	7.87066E-13	-1.40606E+1	1.49146E-1	1.30440E-1
7.21775E+11	1.25721E-12	-1.37235E+1	-2.80041E-2	-2.04066E-1
7.21950E+11	8.69980E-13	-1.50489E+1	1.69170E-1	-5.14844E-2
7.22125E+11	1.09063E-13	-2.26812E+1	-6.64744E-2	-3.12209E-2
7.22300E+11	4.07657E-12	-8.41279E+0	-3.42247E-1	-1.64274E-1
7.22475E+11	1.90156E-12	-6.91323E+0	4.08172E-1	-1.92218E-1
7.22650E+11	2.86879E-12	8.38772E-1	4.24028E-1	1.01649E+0
7.22825E+11	3.68048E-12	-6.61308E+0	-4.21400E-1	-2.01347E-1
7.23000E+11	4.93943E-12	3.96364E-1	7.20398E-1	-7.59334E-1
7.23175E+11	1.03728E-12	-8.52663E+0	2.48109E-1	2.80770E-1
7.23350E+11	1.95951E-12	2.00159E-1	-5.58398E-1	-8.57530E-1
7.23525E+11	2.97150E-12	-2.02584E+0	4.74614E-1	-6.34000E-1
7.23700E+11	7.56439E-13	-7.85419E+0	3.90623E-1	-1.06370E-1
7.23875E+11	2.39136E-12	7.70993E+0	-2.28479E+0	8.25629E-1
7.24050E+11	6.45799E-13	-9.58945E+0	-2.12179E-1	2.54744E-1
7.24225E+11	2.27949E-12	-2.65417E-1	6.46672E-1	-7.22863E-1
7.24400E+11	3.21372E-12	2.35601E+0	2.31948E-1	1.29093E+0
7.24575E+11	1.94446E-12	-2.61724E+0	-1.89785E-2	7.39597E-1
7.24750E+11	6.62361E-12	1.13889E+0	9.80699E-1	-5.81435E-1
7.24925E+11	7.35372E-12	7.52663E+0	-2.24658E+0	7.81581E-1
7.25100E+11	6.80399E-12	5.10078E+0	2.69917E-1	-1.77867E+0
7.25275E+11	6.11657E-13	-2.57689E+0	6.16339E-1	4.15450E-1
7.25450E+11	7.02733E-12	5.44529E+0	-6.59438E-1	1.75182E+0
7.25625E+11	3.27376E-12	8.07116E+0	-2.46943E+0	-5.61905E-1
7.25800E+11	1.68897E-12	1.60213E+0	1.20253E+0	-8.25666E-3
7.25975E+11	1.21465E-12	6.62287E+0	2.14309E+0	-4.66992E-2
7.26150E+11	1.65740E-12	-6.48076E+0	3.20020E-1	-3.49933E-1
7.26325E+11	2.57961E-14	-2.15309E+1	8.21814E-2	-1.65967E-2
7.26500E+11	4.43840E-12	1.20549E-1	-6.02622E-1	8.15471E-1
7.26675E+11	3.64053E-13	-1.41492E+1	1.81794E-1	7.36038E-2
7.26850E+11	1.48591E-13	-1.36759E+1	-2.06506E-1	-1.58437E-2
7.27025E+11	1.81055E-12	1.85283E+0	-1.13861E+0	4.85439E-1
7.27200E+11	2.22181E-12	-5.52450E+0	3.55425E-2	-5.28194E-1
7.27375E+11	2.22538E-12	-5.54424E+0	4.08242E-1	-3.35143E-1
7.27550E+11	1.90783E-12	-2.36108E+0	3.71554E-4	7.61984E-1
7.27725E+11	1.13436E-12	-5.63665E+0	-2.95182E-1	4.31250E-1
7.27900E+11	8.53385E-13	-4.81053E+0	3.90510E-1	4.21701E-1
7.28075E+11	1.57161E-12	-3.33258E+0	6.81307E-1	7.76876E-3
7.28250E+11	4.33571E-13	-1.37565E+1	1.86907E-1	-8.46878E-2
7.28425E+11	1.51506E-13	-1.62268E+1	-1.19828E-1	-9.73745E-2
7.28600E+11	3.45903E-13	-1.47722E+1	-5.66547E-2	-1.73540E-1
7.28775E+11	6.22700E-12	-3.50309E-1	-3.84925E-1	8.79965E-1
7.28950E+11	8.75451E-14	-1.82755E+1	-5.92721E-2	1.06590E-1
7.29125E+11	1.21890E-13	-1.53934E+1	-8.97970E-2	-1.44293E-1
7.29300E+11	1.23157E-12	-9.97063E+0	-1.41185E-1	-2.84157E-1
7.29475E+11	1.12332E-12	-1.05128E+1	-3.92784E-2	-2.95500E-1
7.29650E+11	2.85982E-12	-7.36501E+0	1.54167E-1	3.99593E-1
7.29825E+11	2.68226E-12	-3.78169E+0	-6.43505E-1	6.73185E-2
7.30000E+11	8.49231E-14	-1.76341E+1	8.83080E-2	-9.71796E-2
