Position	Channel 1	Channel 2	Channel 3	Channel 4
4.50000E+11	9.88355E-13	-9.59911E+0	1.79128E-1	-3.02943E-2
4.50175E+11	2.40592E-12	-1.03983E+2	-6.43376E-2	-2.58362E-1
4.50350E+11	1.64875E-13	-3.16813E+1	6.25673E-2	-3.86141E-2
4.50525E+11	6.15084E-13	1.41917E+2	-1.40661E-1	1.10225E-1
4.50700E+11	6.61417E-13	1.09540E+2	-5.88747E-2	1.65889E-1
4.50875E+11	3.74617E-13	-4.78463E+1	8.12406E-2	-8.97417E-2
4.51050E+11	3.64107E-14	-8.11313E+1	5.51636E-3	-3.53530E-2
4.51225E+11	1.33659E-13	1.20829E+2	-3.86041E-2	6.46834E-2
4.51400E+11	3.18057E-13	6.41386E+1	5.11606E-2	1.05542E-1
4.51575E+11	7.81982E-13	-1.25144E+2	-1.33190E-1	-1.89204E-1
4.51750E+11	1.02549E-12	3.26421E+1	1.85610E-1	1.18895E-1
4.51925E+11	1.83473E-12	1.72848E+2	-3.98400E-1	4.99911E-2
4.52100E+11	1.18654E-12	-1.53303E+2	-2.24418E-1	-1.12854E-1
4.52275E+11	2.83940E-12	-4.99236E+1	9.19870E-2	-1.09329E-1
4.52450E+11	4.14448E-12	6.50718E+0	1.13223E-1	1.29145E-2
4.52625E+11	1.98251E-12	5.19925E+1	2.99230E-2	3.82893E-2
4.52800E+11	6.44974E-12	1.10519E+2	-2.28258E-2	6.09875E-2
4.52975E+11	3.14053E-11	1.69225E+2	-1.07806E-1	2.05162E-2
4.53150E+11	6.16634E-11	-1.34116E+2	-6.64915E-2	-6.85752E-2
4.53325E+11	3.73489E-11	-3.65956E+1	5.02799E-2	-3.73352E-2
4.53500E+11	4.17291E-11	5.95712E+1	3.18452E-2	5.42165E-2
4.53675E+11	3.79510E-11	1.63278E+2	-5.42179E-2	1.62892E-2
4.53850E+11	4.12605E-11	-1.02884E+2	-1.09755E-2	-4.79845E-2
4.54025E+11	2.48098E-11	-2.22468E+1	3.04900E-2	-1.24718E-2
4.54200E+11	2.31610E-11	3.87646E+1	2.22830E-2	1.78933E-2
4.54375E+11	4.71157E-11	1.29360E+2	-2.65797E-2	3.24045E-2
4.54550E+11	3.05630E-11	-1.12938E+2	-1.43536E-2	-3.39166E-2
4.54725E+11	1.05528E-11	-1.43947E-1	2.57152E-2	-6.46060E-5
4.54900E+11	3.66910E-12	1.52410E+2	-1.74887E-2	9.13886E-3
4.55075E+11	1.48255E-13	-1.02738E+2	-1.14865E-3	-5.08107E-3
4.55250E+11	1.20691E-13	1.22780E+2	-2.98271E-3	4.63173E-3
4.55425E+11	1.75442E-13	-1.52384E+2	-8.42967E-3	-4.40992E-3
4.55600E+11	5.21109E-12	-2.98665E+1	5.54743E-2	-3.18560E-2
4.55775E+11	3.56776E-13	1.13934E+2	-1.03312E-2	2.32763E-2
4.55950E+11	1.01425E-12	1.26588E+2	-4.75712E-2	6.40819E-2
4.56125E+11	2.36589E-13	1.99451E+1	7.46342E-2	2.70837E-2
4.56300E+11	3.33120E-13	-1.65820E+2	-1.31246E-1	-3.31612E-2
4.56475E+11	7.92895E-13	1.69161E+2	-1.58944E-1	3.04316E-2
4.56650E+11	1.58354E-12	-5.28956E+1	1.16786E-1	-1.54394E-1
4.56825E+11	2.59166E-14	-1.75119E+2	-1.53510E-2	-1.31084E-3
4.57000E+11	7.71086E-14	1.15847E+2	-1.29136E-2	2.66567E-2
4.57175E+11	3.68675E-13	1.21994E+2	-4.03138E-2	6.45293E-2
4.57350E+11	1.02485E-12	5.77074E+1	6.93133E-2	1.09674E-1
4.57525E+11	2.49278E-12	1.69825E+2	-2.32901E-1	4.18001E-2
4.57700E+11	3.40401E-12	-4.30045E+1	4.32208E-1	-4.03104E-1
4.57875E+11	9.06440E-13	-1.43774E+2	-5.33544E-1	-3.90864E-1
4.58050E+11	3.80167E-12	1.18938E+2	-4.94423E-1	8.94257E-1
4.58225E+11	1.11666E-12	1.22823E+2	-3.71763E-1	5.76359E-1
4.58400E+11	3.80461E-13	-6.23746E+1	3.20155E-1	-6.11741E-1
4.58575E+11	1.14741E-12	1.06892E+2	-1.76160E-1	5.80097E-1
4.58750E+11	2.13180E-12	-9.39478E+1	-7.24245E-2	-1.04945E+0
4.58925E+11	1.83094E-12	-8.72084E+1	3.13080E-2	-6.42075E-1
4.59100E+11	3.08290E-13	2.59722E+1	3.09493E-1	1.50764E-1
4.59275E+11	4.71782E-13	4.92013E+1	2.82266E-1	3.27022E-1
4.59450E+11	4.23868E-12	-6.65313E+0	6.03821E-1	-7.04319E-2
4.59625E+11	5.75606E-13	5.09129E+1	1.42729E-1	1.75709E-1
4.59800E+11	1.32578E-13	1.06791E+2	-3.92007E-2	1.29912E-1
4.59975E+11	4.77238E-13	-4.58333E+1	3.25516E-1	-3.35125E-1
4.60150E+11	2.31903E-12	-1.13382E+2	-7.31833E-1	-1.69262E+0
4.60325E+11	5.68278E-12	-2.01894E+1	1.29724E+0	-4.77020E-1
4.60500E+11	4.86246E-12	6.14519E+1	1.01126E+0	1.85879E+0
4.60675E+11	2.71046E-12	1.65959E+2	-1.63863E+0	4.09797E-1
4.60850E+11	1.00808E-12	-6.96799E+1	3.31874E-1	-8.96204E-1
4.61025E+11	7.82504E-12	1.77426E+2	-3.20110E+0	1.43878E-1
4.61200E+11	2.44491E-12	-5.12772E+1	1.02727E+0	-1.28120E+0
4.61375E+11	1.36309E-12	-2.70425E+1	6.39590E-1	-3.26485E-1
4.61550E+11	2.44013E-14	1.30594E+1	4.78737E-2	1.11048E-2
4.61725E+11	1.78377E-12	1.66053E+2	-6.29612E-1	1.56364E-1
4.61900E+11	1.00658E-12	-3.75754E+1	6.14516E-1	-4.72821E-1
4.62075E+11	7.32475E-13	-9.11264E+1	-9.40812E-3	-4.78498E-1
4.62250E+11	9.35236E-13	1.18222E+2	-3.73436E-1	6.95806E-1
4.62425E+11	9.38253E-14	-8.72684E+1	6.16913E-3	-1.29303E-1
4.62600E+11	1.69285E-13	7.53389E+1	8.45381E-2	3.23134E-1
4.62775E+11	1.42648E-12	-3.71156E+1	1.05472E+0	-7.98129E-1
4.62950E+11	5.79825E-12	-2.64446E+1	5.80629E-1	-2.88791E-1
4.63125E+11	1.77891E-12	-1.38408E+1	1.30688E+0	-3.21988E-1
4.63300E+11	2.79987E-12	-5.05044E+1	3.58071E-1	-4.34442E-1
4.63475E+11	1.67355E-12	1.46844E+2	-2.27875E+0	1.48866E+0
4.63650E+11	3.28830E-13	-1.44172E+2	-7.49123E-1	-5.40833E-1
4.63825E+11	5.25515E-12	-8.09225E+1	3.80465E-1	-2.38130E+0
4.64000E+11	3.27481E-12	4.73112E+1	3.09858E-1	3.35922E-1
4.64175E+11	6.75559E-12	-1.58059E+2	-7.72493E-1	-3.11187E-1
4.64350E+11	2.12193E-12	-5.97763E+1	2.88693E-1	-4.95554E-1
4.64525E+11	7.26259E-12	3.94907E+1	6.65248E-1	5.48207E-1
4.64700E+11	1.45029E-11	-1.68049E+2	-2.42890E+0	-5.14111E-1
4.64875E+11	2.11947E-11	-5.46787E+1	6.92161E-1	-9.76803E-1
4.65050E+11	3.14222E-11	4.50236E+1	1.21755E+0	1.21856E+0
4.65225E+11	5.37522E-11	1.72385E+2	-1.42227E+0	1.90155E-1
4.65400E+11	1.41359E-11	-5.53539E+1	4.91877E-1	-7.11789E-1
4.65575E+11	3.93347E-11	5.06690E+1	5.77131E-1	7.04339E-1
4.65750E+11	3.16756E-11	1.45925E+2	-7.70277E-1	5.21025E-1
4.65925E+11	1.05334E-10	-1.18128E+2	-4.89542E-1	-9.15772E-1
4.66100E+11	2.64327E-10	2.01614E+0	1.71491E+0	6.03697E-2
4.66275E+11	2.67821E-10	1.02982E+2	-3.45918E-1	1.50047E+0
4.66450E+11	1.86135E-10	-1.46009E+2	-1.06457E+0	-7.17805E-1
4.66625E+11	2.03944E-10	-1.80473E+1	1.32618E+0	-4.32112E-1
4.66800E+11	1.52140E-10	9.57481E+1	-1.82340E-1	1.81141E+0
4.66975E+11	9.79040E-11	-1.36048E+2	-8.89188E-1	-8.57252E-1
4.67150E+11	7.51828E-11	-5.94777E+1	8.33065E-1	-1.41300E+0
4.67325E+11	5.96035E-11	6.42415E+1	5.43758E-1	1.12690E+0
4.67500E+11	9.00357E-11	1.38726E+2	-1.11681E+0	9.80235E-1
4.67675E+11	1.27829E-10	-1.18736E+2	-9.96120E-1	-1.81676E+0
4.67850E+11	1.09527E-10	2.18942E+1	1.78257E+0	7.16380E-1
4.68025E+11	5.31471E-11	1.28332E+2	-9.23169E-1	1.16759E+0
4.68200E+11	4.62990E-11	-1.53026E+2	-1.81471E+0	-9.23587E-1
4.68375E+11	2.85066E-11	-6.83861E+1	4.21664E-1	-1.06425E+0
4.68550E+11	3.07918E-11	2.74010E+1	9.58739E-1	4.96984E-1
4.68725E+11	2.37950E-11	1.54050E+2	-5.24880E-1	2.55438E-1
4.68900E+11	2.16649E-11	-1.66292E+2	-6.42383E-1	-1.56694E-1
4.69075E+11	3.70430E-11	-5.41481E+1	3.78629E-1	-5.23981E-1
4.69250E+11	5.16688E-11	1.13986E+2	-2.59399E-1	5.82993E-1
4.69425E+11	7.59250E-11	-1.39396E+2	-4.62286E-1	-3.96284E-1
4.69600E+11	2.71115E-11	-2.73185E+1	2.66134E-1	-1.37470E-1
4.69775E+11	2.00195E-11	7.03063E+1	8.55097E-2	2.38902E-1
4.69950E+11	9.18956E-12	1.25878E+2	-1.23057E-1	1.70134E-1
4.70125E+11	7.86697E-12	-1.60648E+2	-1.36946E-1	-4.80977E-2
4.70300E+11	6.61102E-12	-8.92457E+1	1.80007E-3	-1.36720E-1
4.70475E+11	3.28247E-11	3.74425E+1	2.23312E-1	1.70998E-1
4.70650E+11	3.33141E-11	1.34898E+2	-1.48130E-1	1.48660E-1
4.70825E+11	6.30873E-11	-1.27803E+2	-1.74089E-1	-2.24410E-1
4.71000E+11	7.61340E-11	-4.98283E+1	1.67660E-1	-1.98598E-1
4.71175E+11	1.10513E-10	2.36152E+1	2.81918E-1	1.23256E-1
4.71350E+11	9.65370E-11	9.66856E+1	-3.13390E-2	2.67355E-1
4.71525E+11	8.31158E-11	1.52717E+2	-2.17461E-1	1.12157E-1
4.71700E+11	1.92040E-10	-1.35342E+2	-2.40320E-1	-2.37470E-1
4.71875E+11	3.97937E-10	-6.89584E+1	1.83327E-1	-4.76548E-1
4.72050E+11	1.08882E-9	2.44035E+1	8.68571E-1	3.94065E-1
4.72225E+11	1.95117E-9	1.62835E+2	-8.28945E-1	2.56050E-1
4.72400E+11	2.00495E-9	-8.00693E+1	1.05570E-1	-6.02983E-1
4.72575E+11	2.07958E-9	3.49368E+1	3.72428E-1	2.60165E-1
4.72750E+11	2.26569E-9	1.44888E+2	-3.20446E-1	2.25313E-1
4.72925E+11	2.35856E-9	-1.00602E+2	-5.23480E-2	-2.79677E-1
4.73100E+11	3.31041E-9	1.55532E+0	2.09140E-1	5.67858E-3
4.73275E+11	7.80133E-9	9.68156E+1	-2.71127E-2	2.26850E-1
4.73450E+11	1.42474E-8	-1.50620E+2	-2.02013E-1	-1.13734E-1
4.73625E+11	1.20745E-8	-4.58757E+1	1.39244E-1	-1.43567E-1
4.73800E+11	1.15184E-8	6.02017E+1	8.53825E-2	1.49096E-1
4.73975E+11	1.12113E-8	1.70109E+2	-1.77714E-1	3.09875E-2
4.74150E+11	1.16149E-8	-7.68681E+1	4.08440E-2	-1.75075E-1
4.74325E+11	1.06229E-8	4.02483E+1	1.21105E-1	1.02516E-1
4.74500E+11	6.98122E-9	1.54045E+2	-1.20659E-1	5.87332E-2
4.74675E+11	6.32867E-9	-1.27021E+2	-7.81001E-2	-1.03564E-1
4.74850E+11	1.07995E-8	-2.14265E+1	1.93320E-1	-7.58645E-2
4.75025E+11	9.95660E-9	1.07608E+2	-6.62656E-2	2.08794E-1
4.75200E+11	8.34071E-9	-1.44280E+2	-1.52236E-1	-1.09472E-1
4.75375E+11	5.21374E-9	-2.76774E+1	1.31898E-1	-6.91817E-2
4.75550E+11	2.69956E-9	7.78255E+1	2.37805E-2	1.10227E-1
4.75725E+11	1.92097E-9	1.79863E+2	-1.13391E-1	2.71472E-4
4.75900E+11	1.43210E-9	-8.24346E+1	1.36928E-2	-1.03098E-1
4.76075E+11	1.22755E-9	1.01085E+1	1.06508E-1	1.89883E-2
4.76250E+11	1.12094E-9	1.05228E+2	-3.11727E-2	1.14513E-1
4.76425E+11	1.54651E-9	-1.50190E+2	-1.41438E-1	-8.10357E-2
4.76600E+11	1.78829E-9	-2.94420E+1	1.74166E-1	-9.83058E-2
4.76775E+11	1.58792E-9	7.93213E+1	4.45425E-2	2.36217E-1
4.76950E+11	1.43717E-9	-1.79707E+2	-2.76748E-1	-1.41624E-3
4.77125E+11	1.05154E-9	-8.25227E+1	3.66052E-2	-2.78896E-1
4.77300E+11	6.78380E-10	1.61562E+2	-1.91458E-1	6.38304E-2
4.77475E+11	3.62719E-10	-9.89563E+1	-2.49252E-2	-1.58152E-1
4.77650E+11	4.47088E-10	4.19642E+0	2.64763E-1	1.94263E-2
4.77825E+11	5.03771E-10	1.28179E+2	-2.19176E-1	2.78732E-1
4.78000E+11	4.35512E-10	-1.07745E+2	-1.09845E-1	-3.43249E-1
4.78175E+11	2.88514E-10	1.09235E+1	3.39659E-1	6.55524E-2
4.78350E+11	2.99213E-10	9.68268E+1	-3.86901E-2	3.23178E-1
4.78525E+11	2.73058E-10	-1.73620E+2	-3.22715E-1	-3.60831E-2
4.78700E+11	3.81777E-10	-8.77065E+1	1.55732E-2	-3.88845E-1
4.78875E+11	3.46323E-10	2.51723E+1	3.26457E-1	1.53426E-1
4.79050E+11	2.37051E-10	1.25589E+2	-1.49722E-1	2.09217E-1
4.79225E+11	8.87301E-10	-1.41688E+2	-2.84670E-1	-2.24916E-1
4.79400E+11	1.54975E-9	-3.88201E+1	2.74249E-1	-2.20660E-1
4.79575E+11	1.40188E-9	3.79267E+1	3.21378E-1	2.50427E-1
4.79750E+11	1.14865E-9	9.34435E+1	-1.02406E-1	1.70188E+0
4.79925E+11	1.09692E-9	-7.19798E+1	5.39356E-1	-1.65798E+0
4.80100E+11	8.14460E-10	7.66093E+1	2.69109E-1	1.13041E+0
4.80275E+11	4.21308E-10	-1.60477E+2	-1.17456E+0	-4.16458E-1
4.80450E+11	3.30279E-10	-7.50835E+1	4.35031E-1	-1.63307E+0
4.80625E+11	2.56756E-10	4.73073E+1	1.11978E+0	1.21380E+0
4.80800E+11	2.09893E-10	-1.76583E+2	-1.54488E+0	-9.22426E-2
4.80975E+11	2.66082E-10	-4.49117E+1	9.45074E-1	-9.42167E-1
4.81150E+11	1.58007E-10	4.63963E+1	7.65943E-1	8.04214E-1
4.81325E+11	8.62762E-11	1.72440E+2	-7.88355E-1	1.04629E-1
4.81500E+11	8.79339E-11	-7.53678E+1	2.17123E-1	-8.31628E-1
4.81675E+11	5.48969E-11	4.19763E+1	5.66132E-1	5.09323E-1
4.81850E+11	3.69596E-11	1.47642E+2	-4.46791E-1	2.83088E-1
4.82025E+11	9.31014E-11	-1.04304E+2	-1.99449E-1	-7.82250E-1
4.82200E+11	2.34424E-10	1.41068E+1	1.08732E+0	2.73252E-1
4.82375E+11	1.94045E-10	1.32162E+2	-6.39250E-1	7.05926E-1
4.82550E+11	2.56995E-10	-1.05145E+2	-2.67755E-1	-9.89276E-1
4.82725E+11	4.00355E-10	2.59984E+1	9.33263E-1	4.55150E-1
4.82900E+11	3.44860E-10	1.57592E+2	-8.22920E-1	3.39311E-1
4.83075E+11	3.73399E-10	-8.81724E+1	2.42770E-2	-7.60848E-1
4.83250E+11	3.63227E-10	1.61337E+1	6.18618E-1	1.78949E-1
4.83425E+11	2.71836E-10	1.27147E+2	-3.27245E-1	4.31955E-1
4.83600E+11	2.73698E-10	-1.52052E+2	-3.29176E-1	-1.74643E-1
4.83775E+11	4.52389E-10	-4.40039E+1	2.91173E-1	-2.81220E-1
4.83950E+11	5.42757E-10	5.78485E+1	1.98267E-1	3.15433E-1
4.84125E+11	3.76027E-10	1.61506E+2	-3.19475E-1	1.06861E-1
4.84300E+11	2.08409E-10	-9.79167E+1	-3.59129E-2	-2.58257E-1
4.84475E+11	2.23745E-10	8.15152E+0	3.16799E-1	4.53779E-2
4.84650E+11	2.03079E-10	1.16233E+2	-1.36927E-1	2.77868E-1
4.84825E+11	3.48228E-10	-1.69007E+2	-3.91818E-1	-7.61087E-2
4.85000E+11	4.28764E-10	-7.26694E+1	1.48760E-1	-4.76715E-1
