Position	Channel 1	Channel 2	Channel 3	Channel 4
4.50000E+11	9.40816E-13	1.42811E+2	-2.01172E-1	1.52639E-1
4.50175E+11	3.28247E-13	-1.62976E+2	-1.01879E-1	-3.11936E-2
4.50350E+11	5.31102E-13	-3.56607E+1	1.29106E-1	-9.26375E-2
4.50525E+11	8.49313E-13	-6.30394E+1	6.91250E-2	-1.35896E-1
4.50700E+11	1.54535E-12	7.59842E+1	4.72887E-2	1.89441E-1
4.50875E+11	9.63596E-13	6.83439E+1	7.55719E-2	1.90328E-1
4.51050E+11	4.16081E-13	-3.52184E+1	1.00730E-1	-7.11056E-2
4.51225E+11	8.47118E-13	6.12918E+1	7.07472E-2	1.29178E-1
4.51400E+11	1.86125E-12	3.45632E+1	2.22160E-1	1.53047E-1
4.51575E+11	3.50578E-12	-1.71056E+2	-6.74102E-1	-1.06096E-1
4.51750E+11	4.66769E-12	1.33794E+2	-7.32732E-1	7.64244E-1
4.51925E+11	2.48963E-12	2.31581E+1	5.53899E-1	2.36922E-1
4.52100E+11	2.31167E-12	4.39846E+1	2.07081E-1	1.99868E-1
4.52275E+11	8.44828E-13	-1.73644E+2	-9.29021E-2	-1.03489E-2
4.52450E+11	6.80958E-13	-1.44339E+2	-4.09928E-2	-2.94145E-2
4.52625E+11	8.34898E-12	-6.09539E+1	4.67901E-2	-8.42517E-2
4.52800E+11	9.54982E-12	-1.63624E+1	7.23132E-2	-2.12314E-2
4.52975E+11	2.29801E-11	3.68125E+1	7.86135E-2	5.88373E-2
4.53150E+11	4.27934E-11	1.00234E+2	-1.51428E-2	8.38742E-2
4.53325E+11	5.13483E-11	-1.57693E+2	-7.17581E-2	-2.94408E-2
4.53500E+11	2.62172E-11	-2.68473E+1	4.26593E-2	-2.15930E-2
4.53675E+11	2.74260E-11	5.15729E+1	2.83979E-2	3.57944E-2
4.53850E+11	1.86579E-11	1.35145E+2	-2.41366E-2	2.40144E-2
4.54025E+11	3.08379E-11	-1.36622E+2	-2.61032E-2	-2.46660E-2
4.54200E+11	3.15997E-11	-6.73354E+1	1.33386E-2	-3.19424E-2
4.54375E+11	5.30509E-11	1.96434E+1	4.07038E-2	1.45288E-2
4.54550E+11	1.56214E-11	1.19864E+2	-1.37041E-2	2.38668E-2
4.54725E+11	2.59648E-12	-1.31048E+2	-8.26882E-3	-9.49602E-3
4.54900E+11	1.60509E-11	-1.22675E+1	4.13572E-2	-8.99278E-3
4.55075E+11	7.11212E-13	4.37437E+1	8.24874E-3	7.89472E-3
4.55250E+11	6.06494E-13	5.44144E+1	7.61762E-3	1.06458E-2
4.55425E+11	9.99775E-13	1.42045E+2	-1.79852E-2	1.40289E-2
4.55600E+11	2.24693E-12	-1.66588E+2	-4.18978E-2	-9.99106E-3
4.55775E+11	1.89132E-12	-2.80935E+1	4.68900E-2	-2.50301E-2
4.55950E+11	1.70436E-12	3.06449E+1	8.55721E-2	5.06977E-2
4.56125E+11	1.68326E-12	1.56791E+2	-2.23834E-1	9.59761E-2
4.56300E+11	2.82755E-12	-2.32909E+1	3.94477E-1	-1.69814E-1
4.56475E+11	9.24281E-13	1.05316E+2	-4.38988E-2	1.60289E-1
4.56650E+11	8.43221E-12	1.73731E+2	-4.57470E-1	5.02578E-2
4.56825E+11	2.49651E-13	1.61237E+2	-5.59032E-2	1.89904E-2
4.57000E+11	2.46010E-12	-2.07950E+1	1.67830E-1	-6.37359E-2
4.57175E+11	1.33644E-12	-1.52942E+2	-1.61751E-1	-8.26241E-2
4.57350E+11	4.48376E-14	-1.69204E+2	-2.82086E-2	-5.37928E-3
4.57525E+11	7.52578E-13	-2.16142E+1	1.34944E-1	-5.34666E-2
4.57700E+11	1.37615E-13	7.02832E+1	5.79692E-2	1.61752E-1
4.57875E+11	7.54913E-15	1.04336E+2	-1.25668E-2	4.91718E-2
4.58050E+11	4.47363E-13	-1.04626E+2	-1.08361E-1	-4.15236E-1
4.58225E+11	2.04362E-12	-1.50944E+2	-1.58620E+0	-8.81271E-1
4.58400E+11	3.34001E-13	-6.41881E+1	1.00272E-1	-2.07312E-1
4.58575E+11	1.39336E-12	-2.92232E+1	8.54225E-1	-4.77863E-1
4.58750E+11	1.45823E-13	1.20172E+2	-1.50148E-1	2.58273E-1
4.58925E+11	9.68583E-13	1.00377E+2	-9.18037E-2	5.01323E-1
4.59100E+11	8.69074E-13	-8.45487E+0	1.37272E+0	-2.04050E-1
4.59275E+11	4.77522E-14	1.45782E+2	-1.01547E-1	6.90570E-2
4.59450E+11	7.03461E-14	-3.99273E+1	8.15602E-2	-6.82610E-2
4.59625E+11	3.52532E-12	-1.08895E+2	-4.39412E-1	-1.28375E+0
4.59800E+11	6.47997E-13	-1.15020E+2	-1.76022E-1	-3.77138E-1
4.59975E+11	1.03154E-12	5.60993E+1	3.23721E-1	4.81734E-1
4.60150E+11	2.08560E-12	8.08219E+1	1.74174E-1	1.07799E+0
4.60325E+11	9.62842E-13	-1.57134E+2	-8.22605E-1	-3.46904E-1
4.60500E+11	2.98725E-14	3.37432E+1	2.19110E-1	1.46367E-1
4.60675E+11	8.24613E-13	3.42934E+1	2.65529E-1	1.81087E-1
4.60850E+11	2.26499E-12	5.26535E+1	1.09806E+0	1.43898E+0
4.61025E+11	6.75430E-13	-3.81086E+1	4.65142E-1	-3.64831E-1
4.61200E+11	4.01254E-12	-4.44455E+1	3.33699E+0	-3.27302E+0
4.61375E+11	3.66646E-12	3.65550E+1	3.35226E+0	2.48553E+0
4.61550E+11	1.06203E-12	1.11645E+1	4.47092E-1	8.82385E-2
4.61725E+11	7.30734E-13	5.29094E+1	5.57229E-1	7.37039E-1
4.61900E+11	3.79406E-13	1.58203E+2	-6.31902E-1	2.52710E-1
4.62075E+11	3.28185E-12	2.39757E+1	2.73602E+0	1.21676E+0
4.62250E+11	2.76080E-12	-3.71769E+1	5.07690E-1	-3.85035E-1
4.62425E+11	9.61353E-13	-3.35565E+1	3.61876E-1	-2.40033E-1
4.62600E+11	2.02241E-12	1.39927E+2	-7.19217E-1	6.05053E-1
4.62775E+11	1.59424E-12	-4.93625E+1	1.15733E+0	-1.34849E+0
4.62950E+11	3.66695E-14	-1.33611E+2	-5.58622E-2	-5.86394E-2
4.63125E+11	3.40759E-12	-7.03717E+0	8.30179E-1	-1.02480E-1
4.63300E+11	5.68704E-14	1.73520E+2	-1.65049E-1	1.87453E-2
4.63475E+11	3.55451E-12	1.16159E+2	-6.43264E-1	1.30968E+0
4.63650E+11	6.59289E-12	-3.68962E+0	1.27190E+0	-8.20190E-2
4.63825E+11	5.30875E-13	8.26865E+1	7.15179E-2	5.57240E-1
4.64000E+11	4.84160E-13	-2.39278E+1	1.57991E-1	-7.01036E-2
4.64175E+11	7.45945E-14	-6.04398E+1	3.57855E-2	-6.30958E-2
4.64350E+11	1.68160E-12	8.12158E+1	6.97906E-2	4.51643E-1
4.64525E+11	2.24984E-12	-9.62853E+1	-6.10626E-2	-5.54404E-1
4.64700E+11	3.18055E-12	7.17153E+1	2.63427E-1	7.97243E-1
4.64875E+11	5.72250E-12	1.46174E+2	-8.31822E-1	5.57403E-1
4.65050E+11	1.05262E-11	-9.14456E+1	-1.55896E-2	-6.17753E-1
4.65225E+11	1.73076E-11	2.35181E+1	1.30280E+0	5.66965E-1
4.65400E+11	2.65323E-11	1.31666E+2	-1.13615E+0	1.27672E+0
4.65575E+11	2.74898E-11	-1.19212E+2	-4.88446E-1	-8.73546E-1
4.65750E+11	1.06314E-10	-1.43020E+1	1.33421E+0	-3.40136E-1
4.65925E+11	3.63872E-10	1.07225E+2	-6.31405E-1	2.03663E+0
4.66100E+11	2.82457E-10	-1.38541E+2	-1.26022E+0	-1.11334E+0
4.66275E+11	2.10156E-10	-5.35658E+1	8.49322E-1	-1.15055E+0
4.66450E+11	1.32820E-10	5.65835E+1	6.22714E-1	9.43803E-1
4.66625E+11	1.44368E-10	1.61038E+2	-1.35413E+0	4.65255E-1
4.66800E+11	1.16462E-10	-9.85357E+1	-1.71321E-1	-1.14146E+0
4.66975E+11	1.14183E-10	1.84399E+1	1.33375E+0	4.44711E-1
4.67150E+11	9.40762E-11	1.27816E+2	-8.69914E-1	1.12085E+0
4.67325E+11	1.21972E-10	-1.20066E+2	-1.16944E+0	-2.02018E+0
4.67500E+11	1.11457E-10	-1.33681E+1	1.76796E+0	-4.20147E-1
4.67675E+11	6.12890E-11	1.12094E+2	-4.46663E-1	1.10031E+0
4.67850E+11	5.09130E-11	1.73071E+2	-1.56811E+0	1.90573E-1
4.68025E+11	4.09441E-11	-5.85796E+1	6.16036E-1	-1.00842E+0
4.68200E+11	1.98021E-11	1.58466E+1	1.59453E+0	4.52608E-1
4.68375E+11	3.07097E-11	8.41556E+1	9.04240E-2	8.83391E-1
4.68550E+11	2.81975E-11	-1.38991E+2	-5.69883E-1	-4.95556E-1
4.68725E+11	3.26973E-11	-1.87371E+1	5.32845E-1	-1.80742E-1
4.68900E+11	2.64311E-11	7.22925E+1	2.25602E-1	7.06583E-1
4.69075E+11	1.53538E-11	1.77089E+2	-4.09204E-1	2.08106E-2
4.69250E+11	3.18528E-11	-5.81988E+1	2.61358E-1	-4.21508E-1
4.69425E+11	4.32064E-11	5.01545E+1	2.88177E-1	3.45322E-1
4.69600E+11	3.44266E-11	1.41250E+2	-2.37387E-1	1.90524E-1
4.69775E+11	3.36941E-11	-1.33039E+2	-2.20639E-1	-2.36284E-1
4.69950E+11	3.81203E-11	-3.60137E+1	3.09208E-1	-2.24766E-1
4.70125E+11	2.27361E-11	1.90475E+1	2.40353E-1	8.29833E-2
4.70300E+11	1.35877E-11	1.23658E+2	-1.05222E-1	1.58022E-1
4.70475E+11	1.48006E-11	-1.52974E+2	-1.44911E-1	-7.39193E-2
4.70650E+11	1.94489E-11	-9.67326E+1	-1.77230E-2	-1.50130E-1
4.70825E+11	2.30088E-11	-1.36333E+1	1.49311E-1	-3.62138E-2
4.71000E+11	5.50745E-11	8.77757E+1	8.26229E-3	2.12725E-1
4.71175E+11	7.37525E-11	1.77360E+2	-2.65556E-1	1.22438E-2
4.71350E+11	7.30171E-11	-1.06179E+2	-6.89012E-2	-2.37487E-1
4.71525E+11	6.71834E-11	-1.29900E+1	2.14477E-1	-4.94764E-2
4.71700E+11	1.15611E-10	5.75971E+1	1.39063E-1	2.19104E-1
4.71875E+11	1.27700E-10	1.35352E+2	-2.11726E-1	2.09141E-1
4.72050E+11	1.93508E-10	-1.60842E+2	-4.04631E-1	-1.40579E-1
4.72225E+11	7.67413E-10	-5.11521E+1	3.59721E-1	-4.46638E-1
4.72400E+11	2.53853E-9	7.10825E+1	2.35392E-1	6.86842E-1
4.72575E+11	4.41597E-9	-1.61516E+2	-6.12227E-1	-2.04663E-1
4.72750E+11	3.58530E-9	-3.45494E+1	3.94918E-1	-2.71921E-1
4.72925E+11	2.07393E-9	8.05591E+1	4.20007E-2	2.52586E-1
4.73100E+11	1.42606E-9	-1.74780E+2	-1.51566E-1	-1.38478E-2
4.73275E+11	1.69951E-9	-8.85561E+1	2.68864E-3	-1.06666E-1
4.73450E+11	3.15647E-9	-3.68635E-2	1.15177E-1	-7.41035E-5
4.73625E+11	7.91701E-9	9.82337E+1	-2.35821E-2	1.62969E-1
4.73800E+11	1.04154E-8	-1.39678E+2	-1.24680E-1	-1.05819E-1
4.73975E+11	1.31054E-8	-1.53099E+1	1.83753E-1	-5.03032E-2
4.74150E+11	9.34633E-9	1.17890E+2	-7.39822E-2	1.39784E-1
4.74325E+11	3.72184E-9	-1.22618E+2	-5.39190E-2	-8.42527E-2
4.74500E+11	3.00651E-9	-1.89935E+1	8.15383E-2	-2.80656E-2
4.74675E+11	2.44624E-9	7.57031E+1	2.02929E-2	7.96298E-2
4.74850E+11	2.41867E-9	1.41508E+2	-7.57818E-2	6.02623E-2
4.75025E+11	6.63910E-9	-1.05856E+2	-5.04805E-2	-1.77730E-1
4.75200E+11	1.07693E-8	1.24953E+1	2.01844E-1	4.47306E-2
4.75375E+11	6.58070E-9	1.44552E+2	-1.35041E-1	9.61387E-2
4.75550E+11	1.87802E-9	-1.00711E+2	-1.71436E-2	-9.06332E-2
4.75725E+11	6.78438E-10	-4.35817E+0	7.03648E-2	-5.36260E-3
4.75900E+11	4.76231E-10	8.53566E+1	5.38618E-3	6.63161E-2
4.76075E+11	4.41534E-10	1.74714E+2	-6.42388E-2	5.94376E-3
4.76250E+11	1.01653E-9	-9.03184E+1	-6.19356E-4	-1.11441E-1
4.76425E+11	1.61020E-9	3.15969E+1	1.40594E-1	8.64833E-2
4.76600E+11	1.59434E-9	1.61839E+2	-1.93745E-1	6.35540E-2
4.76775E+11	1.33192E-9	-8.48872E+1	2.02247E-2	-2.26041E-1
4.76950E+11	6.17397E-10	1.33360E+1	1.70710E-1	4.04675E-2
4.77125E+11	3.34285E-10	9.35139E+1	-9.69868E-3	1.57943E-1
4.77300E+11	2.82222E-10	-3.98220E+1	1.04424E-1	-8.70708E-2
4.77475E+11	2.15424E-10	4.21727E+1	9.38946E-2	8.50571E-2
4.77650E+11	4.55756E-10	1.58303E+2	-2.50728E-1	9.97640E-2
4.77825E+11	6.75668E-10	-7.17300E+1	1.27503E-1	-3.86213E-1
4.78000E+11	3.53020E-10	6.52160E+1	1.43717E-1	3.11260E-1
4.78175E+11	1.23208E-10	-1.72335E+2	-2.22071E-1	-2.98886E-2
4.78350E+11	1.12741E-10	-8.07772E+1	3.29159E-2	-2.02717E-1
4.78525E+11	1.42814E-10	-1.48933E+1	2.24356E-1	-5.96686E-2
4.78700E+11	2.58203E-10	6.70676E+1	1.23248E-1	2.91309E-1
4.78875E+11	5.49732E-10	1.70741E+2	-4.25758E-1	6.94073E-2
4.79050E+11	1.09956E-9	-6.65148E+1	2.05853E-1	-4.73764E-1
4.79225E+11	1.70641E-9	5.14639E+1	3.02921E-1	3.80331E-1
4.79400E+11	1.38565E-9	1.53876E+2	-2.94567E-1	1.44459E-1
4.79575E+11	7.63349E-10	-1.32404E+2	-2.00628E-1	-2.19682E-1
4.79750E+11	3.54066E-10	-8.77395E+1	3.87651E-2	-9.82041E-1
4.79925E+11	2.97398E-10	7.39932E+1	2.35756E-1	8.21813E-1
4.80100E+11	2.61881E-10	-1.53147E+2	-5.74096E-1	-2.90663E-1
4.80275E+11	2.91933E-10	-4.59993E+1	7.21831E-1	-7.47460E-1
4.80450E+11	3.03835E-10	5.35212E+1	8.67218E-1	1.17289E+0
4.80625E+11	3.34206E-10	-1.59187E+2	-1.87749E+0	-7.13689E-1
4.80800E+11	1.55864E-10	-9.07792E+0	1.09534E+0	-1.75012E-1
4.80975E+11	7.28495E-11	1.22926E+2	-3.96364E-1	6.12072E-1
4.81150E+11	4.58168E-11	-1.30047E+2	-3.82640E-1	-4.55260E-1
4.81325E+11	2.41701E-11	-3.62632E+1	3.55610E-1	-2.60869E-1
4.81500E+11	4.42969E-11	8.13479E+1	9.31480E-2	6.12148E-1
4.81675E+11	8.93252E-11	-1.58771E+2	-7.53377E-1	-2.92648E-1
4.81850E+11	1.66810E-10	-3.96060E+1	8.61695E-1	-7.13008E-1
4.82025E+11	2.40838E-10	9.58795E+1	-1.28309E-1	1.24599E+0
4.82200E+11	1.70947E-10	-1.57592E+2	-9.48831E-1	-3.91235E-1
4.82375E+11	1.26176E-10	-4.33562E+1	5.46263E-1	-5.15786E-1
4.82550E+11	8.03068E-11	7.97707E+1	1.02865E-1	5.70022E-1
4.82725E+11	1.05925E-10	-1.66526E+2	-5.20368E-1	-1.24679E-1
4.82900E+11	9.72405E-11	-6.84548E+1	1.47612E-1	-3.73871E-1
4.83075E+11	1.96399E-10	2.07865E+1	4.51306E-1	1.71313E-1
4.83250E+11	2.64196E-10	1.07087E+2	-1.54006E-1	5.01009E-1
4.83425E+11	5.14067E-10	-1.22382E+2	-3.96969E-1	-6.25951E-1
4.83600E+11	4.21560E-10	1.88419E+1	4.69936E-1	1.60363E-1
4.83775E+11	2.74442E-10	1.26583E+2	-1.73899E-1	2.34303E-1
4.83950E+11	1.26790E-10	-1.44920E+2	-1.52148E-1	-1.06851E-1
4.84125E+11	1.10622E-10	-3.97053E+1	1.41240E-1	-1.17282E-1
4.84300E+11	1.10195E-10	5.45742E+1	1.19503E-1	1.67996E-1
4.84475E+11	1.85737E-10	1.58170E+2	-2.99200E-1	1.19852E-1
4.84650E+11	4.85396E-10	-8.71538E+1	2.24507E-2	-4.51577E-1
4.84825E+11	6.23449E-10	1.76669E+1	5.09569E-1	1.62300E-1
4.85000E+11	3.85349E-10	1.08444E+2	-1.58052E-1	4.73894E-1
