Position	Channel 1	Channel 2	Channel 3	Channel 4
4.50000E+11	1.21190E-12	3.22450E+1	2.21929E-1	1.39999E-1
4.50175E+11	7.78774E-14	-7.11453E+1	1.83989E-2	-5.38779E-2
4.50350E+11	2.11462E-13	1.74746E+2	-7.96654E-2	7.32513E-3
4.50525E+11	2.27524E-12	-2.62959E+1	3.78250E-1	-1.86909E-1
4.50700E+11	2.52992E-12	1.82135E+1	2.94049E-1	9.67554E-2
4.50875E+11	9.43078E-13	1.34625E+2	-1.28377E-1	1.30070E-1
4.51050E+11	3.51117E-12	-1.79167E+2	-4.88262E-1	-7.09928E-3
4.51225E+11	2.18611E-12	-5.46522E+1	1.69650E-1	-2.39182E-1
4.51400E+11	1.54331E-12	3.27334E+1	1.82165E-1	1.17098E-1
4.51575E+11	1.12279E-12	1.43505E+2	-2.85519E-1	2.11235E-1
4.51750E+11	4.52995E-13	-1.22660E+2	-9.67595E-2	-1.50952E-1
4.51925E+11	6.49955E-13	1.11181E+2	-9.52800E-2	2.45893E-1
4.52100E+11	1.28283E-12	3.71113E+1	2.10384E-1	1.59177E-1
4.52275E+11	1.09892E-12	8.95775E+1	7.15281E-4	9.69945E-2
4.52450E+11	2.41800E-12	-1.51852E+2	-8.05230E-2	-4.30828E-2
4.52625E+11	7.91861E-12	-9.92082E+1	-1.49675E-2	-9.23280E-2
4.52800E+11	2.00914E-11	1.92839E+1	1.07992E-1	3.77842E-2
4.52975E+11	2.11122E-11	1.04634E+2	-2.33085E-2	8.92674E-2
4.53150E+11	2.13496E-11	1.71412E+2	-5.87814E-2	8.87755E-3
4.53325E+11	8.72052E-12	-1.00033E+2	-5.18038E-3	-2.92806E-2
4.53500E+11	7.71991E-12	-4.71416E+1	1.83345E-2	-1.97590E-2
4.53675E+11	1.30693E-11	3.05490E+1	2.66133E-2	1.57071E-2
4.53850E+11	3.98623E-11	1.49889E+2	-4.39608E-2	2.54941E-2
4.54025E+11	3.46007E-11	-1.10174E+2	-1.31971E-2	-3.59191E-2
4.54200E+11	3.48404E-11	-3.04377E+1	3.13410E-2	-1.84154E-2
4.54375E+11	2.02678E-11	5.69919E+1	1.52474E-2	2.34717E-2
4.54550E+11	4.46511E-12	1.48554E+2	-1.30136E-2	7.95779E-3
4.54725E+11	1.50901E-11	-1.36860E+2	-2.33595E-2	-2.18903E-2
4.54900E+11	1.30405E-11	-3.60871E+1	3.14126E-2	-2.28957E-2
4.55075E+11	3.34523E-12	1.37309E+2	-1.73393E-2	1.59950E-2
4.55250E+11	3.34955E-12	8.56113E+1	2.30672E-3	3.00561E-2
4.55425E+11	5.74558E-13	1.20018E+2	-8.65318E-3	1.49771E-2
4.55600E+11	4.82694E-12	-1.79003E+2	-6.51006E-2	-1.13274E-3
4.55775E+11	1.88854E-12	-1.04292E+2	-1.48788E-2	-5.84043E-2
4.55950E+11	2.38405E-12	4.10082E+1	9.36980E-2	8.14740E-2
4.56125E+11	9.03536E-13	-1.53436E+2	-1.30466E-1	-6.52306E-2
4.56300E+11	2.15240E-12	1.00613E+1	2.85768E-1	5.07037E-2
4.56475E+11	1.02392E-12	5.19809E+1	1.21188E-1	1.55007E-1
4.56650E+11	1.78102E-12	4.03223E+1	2.01433E-1	1.70962E-1
4.56825E+11	9.80534E-14	5.01396E+1	1.90010E-2	2.27569E-2
4.57000E+11	7.73766E-13	1.51057E+2	-8.02543E-2	4.43819E-2
4.57175E+11	1.11426E-12	1.15127E+2	-7.06888E-2	1.50719E-1
4.57350E+11	5.95309E-13	1.40491E+1	9.76508E-2	2.44359E-2
4.57525E+11	1.62210E-13	-8.42632E+1	7.64924E-3	-7.61407E-2
4.57700E+11	5.43686E-13	7.51181E+1	5.62685E-2	2.11741E-1
4.57875E+11	7.57085E-14	-4.78550E+1	7.99225E-2	-8.83124E-2
4.58050E+11	3.34069E-13	-1.37246E+2	-1.92226E-1	-1.77715E-1
4.58225E+11	7.17986E-13	-4.50317E+1	4.42724E-1	-4.43214E-1
4.58400E+11	1.56023E-12	1.17194E+2	-4.51171E-1	8.78115E-1
4.58575E+11	6.31234E-12	-3.11028E+1	1.16693E+0	-7.04017E-1
4.58750E+11	4.37653E-14	-1.24423E+2	-1.14447E-1	-1.67003E-1
4.58925E+11	3.27811E-13	-1.50357E+2	-1.76437E-1	-1.00407E-1
4.59100E+11	5.13996E-13	-8.63190E+1	4.39662E-2	-6.83403E-1
4.59275E+11	1.03998E-12	-6.57394E+1	9.06278E-1	-2.01087E+0
4.59450E+11	2.14248E-14	-2.72749E-1	1.01333E-1	-4.82388E-4
4.59625E+11	2.69993E-13	-5.87492E+1	1.77699E-1	-2.92829E-1
4.59800E+11	7.64248E-13	3.31194E+1	2.20540E-1	1.43874E-1
4.59975E+11	8.92007E-13	1.30234E+1	3.26323E-1	7.54783E-2
4.60150E+11	5.24706E-13	1.28485E+2	-2.27733E-1	2.86453E-1
4.60325E+11	4.01829E-12	1.35862E+2	-3.96101E+0	3.84356E+0
4.60500E+11	5.77955E-13	-8.54550E+1	1.43343E-1	-1.80325E+0
4.60675E+11	2.83500E-13	-1.22629E+2	-2.02721E-1	-3.16638E-1
4.60850E+11	1.67991E-12	1.54992E+2	-1.54289E+0	7.19715E-1
4.61025E+11	1.33854E-12	5.78914E+1	9.83828E-1	1.56783E+0
4.61200E+11	2.82341E-14	4.21779E+1	3.41700E-1	3.09595E-1
4.61375E+11	2.81448E-12	-1.20925E+2	-4.39495E-1	-7.33609E-1
4.61550E+11	1.27687E-12	1.07154E+0	8.90236E-1	1.66510E-2
4.61725E+11	1.74777E-12	2.90461E+1	9.44978E-1	5.24805E-1
4.61900E+11	1.70978E-12	1.05587E+2	-1.10490E-1	3.96065E-1
4.62075E+11	2.90535E-12	-1.79229E+2	-1.29758E+0	-1.74546E-2
4.62250E+11	1.06616E-12	-1.13202E+2	-1.97023E-1	-4.59637E-1
4.62425E+11	2.18746E-13	-1.05847E+2	-1.14228E-1	-4.02411E-1
4.62600E+11	3.51632E-12	1.73609E+2	-1.26124E+0	1.41278E-1
4.62775E+11	7.38779E-13	7.04414E+1	3.32626E-1	9.36264E-1
4.62950E+11	3.31632E-12	3.41753E+1	8.66555E-1	5.88364E-1
4.63125E+11	1.03909E-12	-3.82486E+1	5.01181E-1	-3.95080E-1
4.63300E+11	4.92176E-13	-1.45612E+2	-8.31878E-1	-5.69337E-1
4.63475E+11	7.33227E-12	-5.87824E+1	2.03121E+0	-3.35161E+0
4.63650E+11	3.81359E-12	-3.36984E+1	7.39982E-1	-4.93477E-1
4.63825E+11	2.43893E-12	1.24441E+2	-4.43372E-1	6.46527E-1
4.64000E+11	1.66141E-13	-8.08769E+1	2.46618E-2	-1.53573E-1
4.64175E+11	3.04366E-12	5.24775E+1	3.71199E-1	4.83362E-1
4.64350E+11	1.35501E-12	-1.76076E+2	-2.64754E-1	-1.81620E-2
4.64525E+11	3.49822E-12	-4.43177E+1	8.22591E-1	-8.03230E-1
4.64700E+11	1.15516E-11	2.82118E+1	1.26884E+0	6.80682E-1
4.64875E+11	1.18579E-11	1.60881E+2	-1.34899E+0	4.67619E-1
4.65050E+11	1.29226E-11	-9.90069E+1	-1.39432E-1	-8.79655E-1
4.65225E+11	1.94562E-11	3.89167E+1	7.20327E-1	5.81577E-1
4.65400E+11	3.66447E-12	-1.64017E+2	-3.40672E-1	-9.75762E-2
4.65575E+11	9.26759E-12	-8.85590E+1	1.15302E-2	-4.58355E-1
4.65750E+11	3.63739E-11	-1.72432E+1	8.79227E-1	-2.72892E-1
4.65925E+11	1.60112E-10	9.27709E+1	-5.51097E-2	1.13866E+0
4.66100E+11	3.02666E-10	-1.41719E+2	-1.43737E+0	-1.13439E+0
4.66275E+11	2.60382E-10	-3.33885E+1	1.77611E+0	-1.17062E+0
4.66450E+11	1.77898E-10	7.49550E+1	3.62614E-1	1.34905E+0
4.66625E+11	1.70937E-10	-1.67156E+2	-1.41860E+0	-3.23440E-1
4.66800E+11	8.57911E-11	-7.45725E+1	3.00867E-1	-1.09025E+0
4.66975E+11	4.15531E-11	2.62442E+1	7.63939E-1	3.76637E-1
4.67150E+11	4.86066E-11	1.36224E+2	-8.94405E-1	8.56987E-1
4.67325E+11	1.16187E-10	-1.13913E+2	-7.06819E-1	-1.59405E+0
4.67500E+11	1.41293E-10	-2.59818E+1	1.65958E+0	-8.08780E-1
4.67675E+11	4.89760E-11	9.02127E+1	-5.39909E-3	1.45466E+0
4.67850E+11	4.79951E-11	-1.69507E+2	-2.08078E+0	-3.85373E-1
4.68025E+11	4.11188E-11	-9.39739E+1	-1.21584E-1	-1.75017E+0
4.68200E+11	2.96243E-11	3.01160E+0	1.15686E+0	6.08631E-2
4.68375E+11	3.60166E-11	1.03956E+2	-2.38695E-1	9.60526E-1
4.68550E+11	3.50600E-11	-1.42757E+2	-6.62081E-1	-5.03334E-1
4.68725E+11	5.91708E-12	-2.46544E+1	2.77310E-1	-1.27281E-1
4.68900E+11	1.56902E-11	7.48309E+1	1.57960E-1	5.82631E-1
4.69075E+11	3.90569E-11	1.17046E+2	-3.26344E-1	6.39213E-1
4.69250E+11	4.26934E-11	-6.45495E+1	2.53410E-1	-5.32469E-1
4.69425E+11	4.09335E-11	6.90650E+1	1.64896E-1	4.31028E-1
4.69600E+11	2.07242E-11	-1.72694E+2	-2.52040E-1	-3.23143E-2
4.69775E+11	1.32398E-11	-1.04809E+2	-5.27978E-2	-1.99710E-1
4.69950E+11	1.65349E-11	-3.62596E+1	2.08497E-1	-1.52931E-1
4.70125E+11	2.94341E-11	3.72845E+1	2.58000E-1	1.96433E-1
4.70300E+11	2.29004E-11	1.32542E+2	-1.77016E-1	1.92895E-1
4.70475E+11	2.71501E-11	-1.55815E+2	-2.36727E-1	-1.06315E-1
4.70650E+11	2.36095E-11	-8.56994E+1	1.25139E-2	-1.66405E-1
4.70825E+11	3.89517E-11	1.07449E+1	2.13094E-1	4.04374E-2
4.71000E+11	8.13221E-11	9.51108E+1	-2.43713E-2	2.72494E-1
4.71175E+11	7.77050E-11	-1.69185E+2	-2.40294E-1	-4.59039E-2
4.71350E+11	2.97932E-11	-8.74813E+1	6.94412E-3	-1.57866E-1
4.71525E+11	2.25580E-11	-9.71354E+0	1.27883E-1	-2.18905E-2
4.71700E+11	2.93781E-11	3.99684E+1	1.02011E-1	8.55015E-2
4.71875E+11	1.35516E-10	7.77663E+1	6.10997E-2	2.81794E-1
4.72050E+11	6.24643E-10	-1.59821E+2	-6.77352E-1	-2.48931E-1
4.72225E+11	9.62846E-10	-7.36276E+0	6.47963E-1	-8.37275E-2
4.72400E+11	8.29588E-10	1.15096E+2	-1.71852E-1	3.66934E-1
4.72575E+11	1.08394E-9	-1.38214E+2	-2.40999E-1	-2.15373E-1
4.72750E+11	1.41338E-9	-3.51271E+1	2.51089E-1	-1.76646E-1
4.72925E+11	2.38285E-9	7.29745E+1	8.66757E-2	2.83052E-1
4.73100E+11	6.87342E-9	-1.69681E+2	-3.06053E-1	-5.57268E-2
4.73275E+11	9.25606E-9	-5.67617E+1	1.39280E-1	-2.12532E-1
4.73450E+11	5.80392E-9	4.21349E+1	1.09412E-1	9.89822E-2
4.73625E+11	6.23436E-9	9.60608E+1	-1.47999E-2	1.39389E-1
4.73800E+11	1.23605E-8	-1.52599E+2	-1.60154E-1	-8.30186E-2
4.73975E+11	1.30341E-8	-3.17362E+1	1.61821E-1	-1.00084E-1
4.74150E+11	1.03734E-8	9.85947E+1	-2.55573E-2	1.69096E-1
4.74325E+11	5.23868E-9	-1.23469E+2	-6.27467E-2	-9.49120E-2
4.74500E+11	2.01124E-9	-2.56862E-1	6.93902E-2	-3.11085E-4
4.74675E+11	7.05705E-10	5.12314E+1	2.89885E-2	3.60950E-2
4.74850E+11	4.99987E-9	1.44248E+2	-1.20336E-1	8.66367E-2
4.75025E+11	6.41127E-9	-6.36799E+1	7.92499E-2	-1.60208E-1
4.75200E+11	3.84843E-9	4.92252E+1	8.18150E-2	9.48679E-2
4.75375E+11	2.54829E-9	1.42658E+2	-8.47162E-2	6.46350E-2
4.75550E+11	2.34580E-9	-1.19150E+2	-5.35177E-2	-9.59554E-2
4.75725E+11	3.10499E-9	-1.92751E+1	1.36105E-1	-4.75967E-2
4.75900E+11	2.56086E-9	8.70084E+1	7.98436E-3	1.52777E-1
4.76075E+11	1.42665E-9	-1.61470E+2	-1.13844E-1	-3.81571E-2
4.76250E+11	2.46829E-10	-6.63061E+1	2.26904E-2	-5.17052E-2
4.76425E+11	1.80474E-10	-2.34307E+1	5.25375E-2	-2.27684E-2
4.76600E+11	9.07724E-10	9.81849E+1	-2.13048E-2	1.48121E-1
4.76775E+11	1.15608E-9	-1.29273E+2	-1.35531E-1	-1.65745E-1
4.76950E+11	1.06363E-9	-1.16304E+1	2.33575E-1	-4.80753E-2
4.77125E+11	6.92634E-10	9.94540E+1	-3.58837E-2	2.15495E-1
4.77300E+11	3.05881E-10	-6.21557E+0	1.39055E-1	-1.51444E-2
4.77475E+11	7.02670E-11	1.02785E+2	-1.59962E-2	7.04934E-2
4.77650E+11	2.49340E-11	1.69312E+2	-6.15047E-2	1.16080E-2
4.77825E+11	1.13525E-10	-1.03935E+2	-3.99260E-2	-1.60918E-1
4.78000E+11	3.02538E-10	2.61732E+1	2.60516E-1	1.28039E-1
4.78175E+11	3.00462E-10	1.59347E+2	-3.31921E-1	1.25114E-1
4.78350E+11	2.25421E-10	-9.14001E+1	-7.45469E-3	-3.05012E-1
4.78525E+11	2.32267E-10	-3.28420E+0	3.13534E-1	-1.79915E-2
4.78700E+11	2.38721E-10	1.01238E+2	-5.80474E-2	2.92153E-1
4.78875E+11	1.59416E-10	-1.42682E+2	-1.99267E-1	-1.51902E-1
4.79050E+11	8.79063E-11	-3.43363E+1	1.17483E-1	-8.02503E-2
4.79225E+11	7.58305E-11	1.34584E+1	9.72469E-2	2.32722E-2
4.79400E+11	6.49419E-10	1.11883E+2	-8.33294E-2	2.07468E-1
4.79575E+11	6.10597E-10	-1.53419E+2	-2.47704E-1	-1.23937E-1
4.79750E+11	5.25373E-10	-7.99838E+1	2.00305E-1	-1.13412E+0
4.79925E+11	3.66338E-10	1.08127E+2	-2.97038E-1	9.07352E-1
4.80100E+11	2.28989E-10	-1.12471E+2	-2.51840E-1	-6.08852E-1
4.80275E+11	1.43855E-10	4.30008E+0	7.98911E-1	6.00715E-2
4.80450E+11	1.80332E-10	7.61727E+1	2.92709E-1	1.18925E+0
4.80625E+11	3.67100E-10	-1.53905E+2	-1.88774E+0	-9.24600E-1
4.80800E+11	4.09281E-10	-1.05811E+1	1.77454E+0	-3.31488E-1
4.80975E+11	1.04946E-10	1.32892E+2	-5.48313E-1	5.90215E-1
4.81150E+11	6.89913E-11	-1.47841E+2	-6.79040E-1	-4.26928E-1
4.81325E+11	1.16342E-10	-4.86468E+1	7.00927E-1	-7.96356E-1
4.81500E+11	2.00821E-10	7.09012E+1	4.74455E-1	1.37024E+0
4.81675E+11	1.29985E-10	-1.53728E+2	-1.36591E+0	-6.74247E-1
4.81850E+11	6.72302E-11	-1.22716E+1	6.70487E-1	-1.45841E-1
4.82025E+11	1.09829E-11	1.15184E+2	-1.07640E-1	2.28917E-1
4.82200E+11	6.23088E-12	1.41806E+2	-1.48141E-1	1.16552E-1
4.82375E+11	8.39409E-11	-7.30450E+1	1.82865E-1	-5.99807E-1
4.82550E+11	1.21153E-10	7.61161E+1	1.61085E-1	6.51703E-1
4.82725E+11	1.16713E-10	-1.52562E+2	-4.77707E-1	-2.48018E-1
4.82900E+11	1.38964E-10	-4.79364E+1	3.66383E-1	-4.06003E-1
4.83075E+11	1.82782E-10	5.23573E+1	3.10522E-1	4.02599E-1
4.83250E+11	4.50226E-10	1.36877E+2	-5.40246E-1	5.05960E-1
4.83425E+11	8.36546E-10	-9.22338E+1	-3.45478E-2	-8.85670E-1
4.83600E+11	4.32032E-10	3.84984E+1	3.58447E-1	2.85105E-1
4.83775E+11	6.11219E-11	1.19380E+2	-7.21626E-2	1.28171E-1
4.83950E+11	1.78454E-10	1.51184E+2	-1.85445E-1	1.02016E-1
4.84125E+11	5.40582E-10	-8.03519E+1	6.66990E-2	-3.92345E-1
4.84300E+11	3.94300E-10	5.00129E+1	2.43272E-1	2.90053E-1
4.84475E+11	2.37389E-10	1.74125E+2	-3.43663E-1	3.53641E-2
4.84650E+11	1.76917E-10	-5.71844E+1	1.55174E-1	-2.40639E-1
4.84825E+11	1.02215E-10	4.49114E+1	1.60658E-1	1.60162E-1
4.85000E+11	3.47826E-11	1.03114E+2	-3.18146E-2	1.36563E-1
