4.50000E+11	1.47510E-13	-1.99019E+1	-9.87853E-2	-2.16795E-2
4.50175E+11	1.81022E-12	-1.41649E+1	1.95772E-1	8.95021E-4
4.50350E+11	5.07213E-13	-1.85041E+1	1.13387E-1	3.54329E-2
4.50525E+11	9.95118E-13	-1.54705E+1	-1.29204E-1	1.08086E-1
4.50700E+11	4.39873E-13	-1.95800E+1	-8.42523E-2	-6.25848E-2
4.50875E+11	4.13663E-13	-1.58928E+1	1.57472E-1	3.08138E-2
4.51050E+11	3.93355E-13	-1.70887E+1	-1.11100E-1	8.48899E-2
4.51225E+11	2.17883E-12	-7.71690E+0	-2.87115E-1	-2.94499E-1
4.51400E+11	3.39567E-12	-9.32751E+0	-2.10000E-1	-2.69533E-1
4.51575E+11	3.53890E-12	-1.32627E+0	2.90110E-1	8.07884E-1
4.51750E+11	5.66116E-13	-1.10404E+1	-1.33546E-1	-2.46703E-1
4.51925E+11	1.71369E-12	-3.66013E+0	-2.40186E-1	-6.10593E-1
4.52100E+11	1.13207E-12	-1.22197E+1	1.81693E-1	-1.64227E-1
4.52275E+11	1.27263E-12	-1.89280E+1	1.00007E-1	5.28985E-2
4.52450E+11	4.20702E-12	-1.85472E+1	-6.09786E-2	1.01263E-1
4.52625E+11	2.31521E-11	-1.54384E+1	-1.54993E-1	-6.75557E-2
4.52800E+11	1.97952E-11	-1.86117E+1	-3.62657E-2	-1.11586E-1
4.52975E+11	4.45354E-11	-1.73647E+1	5.39550E-2	-1.24236E-1
4.53150E+11	8.73380E-11	-1.79743E+1	1.26251E-1	-1.93279E-3
4.53325E+11	5.75699E-11	-2.10787E+1	9.43779E-3	8.78151E-2
4.53500E+11	6.58145E-11	-2.13180E+1	-8.58224E-2	-4.12646E-3
4.53675E+11	5.65539E-11	-2.22026E+1	3.14055E-2	-7.09623E-2
4.53850E+11	7.52934E-11	-2.20516E+1	7.70015E-2	1.74878E-2
4.54025E+11	9.32649E-11	-2.24923E+1	-1.46728E-2	7.36079E-2
4.54200E+11	1.02975E-10	-2.28084E+1	-7.22805E-2	3.67266E-3
4.54375E+11	9.17106E-11	-2.32187E+1	-1.50315E-2	-6.73777E-2
4.54550E+11	5.13321E-11	-2.52754E+1	5.38073E-2	-8.53022E-3
4.54725E+11	2.56363E-11	-2.69554E+1	-1.60995E-2	4.19128E-2
4.54900E+11	1.50180E-11	-2.74861E+1	-3.58892E-2	-2.22702E-2
4.55075E+11	1.26217E-12	-3.66691E+1	9.81737E-3	-1.09061E-2
4.55250E+11	1.55632E-12	-3.34869E+1	1.78197E-2	-1.14231E-2
4.55425E+11	2.24219E-12	-2.89839E+1	5.93016E-3	3.50492E-2
4.55600E+11	1.31442E-12	-2.92581E+1	2.96599E-2	1.75091E-2
4.55775E+11	7.11691E-12	-1.82428E+1	-1.14462E-1	4.34237E-2
4.55950E+11	4.14445E-12	-1.45255E+1	-1.74960E-2	-1.86996E-1
4.56125E+11	1.79543E-12	-1.08162E+1	2.70149E-1	-9.94340E-2
4.56300E+11	1.03197E-12	-2.69055E+0	-7.26109E-1	-1.04729E-1
4.56475E+11	1.13818E-13	-2.21280E+1	2.90437E-2	-7.26825E-2
4.56650E+11	4.02445E-13	-1.93266E+1	1.01434E-1	3.72599E-2
4.56825E+11	1.58221E-12	-1.48912E+1	-1.79178E-1	-1.79069E-2
4.57000E+11	4.51164E-13	-2.15375E+1	3.87151E-2	-7.42954E-2
4.57175E+11	1.53342E-12	-1.37671E+1	2.04865E-1	5.80739E-3
4.57350E+11	4.98176E-13	-1.81248E+1	-9.38561E-2	8.11847E-2
4.57525E+11	9.28593E-13	-1.50926E+1	-6.93873E-2	-1.61682E-1
4.57700E+11	3.27077E-13	-1.84594E+1	1.03695E-1	5.92078E-2
4.57875E+11	8.45270E-14	-1.77116E+1	1.08152E-1	-7.23894E-2
4.58050E+11	3.49698E-13	1.23385E+1	-4.13704E+0	-1.36670E-1
4.58225E+11	1.35108E-12	8.63955E+0	2.67657E+0	3.82902E-1
4.58400E+11	1.04391E-12	-1.57171E+0	-7.65993E-1	-3.31070E-1
4.58575E+11	9.98333E-13	-1.26799E+0	-2.63255E-1	8.23098E-1
4.58750E+11	1.67366E-13	-6.77150E+0	-7.48222E-2	-4.52446E-1
4.58925E+11	4.38791E-13	-9.92228E+0	1.58938E-1	2.76667E-1
4.59100E+11	6.60485E-15	-2.89532E+1	1.66076E-2	3.15714E-2
4.59275E+11	6.15394E-13	-6.07281E+0	-1.77108E-1	-4.64376E-1
4.59450E+11	8.14604E-13	-3.41425E+0	3.14002E-1	-5.97489E-1
4.59625E+11	1.65304E-12	9.26567E-1	-1.08928E+0	-2.26476E-1
4.59800E+11	1.98987E-12	2.48462E+0	-1.28641E+0	-3.42268E-1
4.59975E+11	6.24079E-12	-1.69925E+0	2.07164E-1	-7.95791E-1
4.60150E+11	1.10974E-11	2.10356E+0	1.25771E+0	2.03262E-1
4.60325E+11	4.15520E-12	3.00022E+0	-1.10625E+0	8.78393E-1
4.60500E+11	9.38020E-12	9.04216E+0	-3.18972E-1	-2.81407E+0
4.60675E+11	3.92401E-12	1.81024E+0	1.19243E+0	3.08620E-1
4.60850E+11	3.16218E-12	2.56365E-1	-5.09439E-1	-8.95142E-1
4.61025E+11	4.51472E-13	-7.47082E+0	1.21141E-2	-4.22942E-1
4.61200E+11	6.82815E-13	-6.02096E+0	4.60796E-1	-1.94028E-1
4.61375E+11	5.83494E-12	3.31494E+0	1.18649E+0	8.58816E-1
4.61550E+11	3.34892E-13	-7.27199E+0	-2.54449E-1	3.50242E-1
4.61725E+11	4.46917E-12	3.00283E+0	-3.74386E-1	1.36250E+0
4.61900E+11	5.06592E-12	3.86247E+0	1.35586E+0	-7.71511E-1
4.62075E+11	1.29422E-12	3.87961E+0	-1.43000E+0	6.31111E-1
4.62250E+11	2.19855E-12	-1.01689E+1	-3.02038E-1	-7.04152E-2
4.62425E+11	2.11746E-13	-1.33973E+1	1.52644E-1	-1.49790E-1
4.62600E+11	3.26537E-13	-1.27539E+1	1.68142E-1	1.57380E-1
4.62775E+11	2.95672E-13	-8.87299E+0	-2.38364E-1	2.69835E-1
4.62950E+11	7.20204E-13	-4.64268E+0	3.99967E-1	-4.28220E-1
4.63125E+11	1.89313E-13	-7.83833E+0	3.41474E-1	-2.18852E-1
4.63300E+11	1.56290E-12	2.47485E+0	1.18060E+0	-6.11712E-1
4.63475E+11	1.18605E-12	1.90350E+0	-5.69078E-1	-1.10735E+0
4.63650E+11	1.27035E-12	2.43882E+1	-1.60673E+1	-4.06452E+0
4.63825E+11	1.46195E-12	-7.62511E+0	2.98282E-2	4.14594E-1
4.64000E+11	1.08607E-12	-8.72141E+0	-3.57075E-1	8.20371E-2
4.64175E+11	1.10847E-12	-6.36671E+0	-6.98918E-2	-4.75357E-1
4.64350E+11	1.22795E-12	-6.92371E+0	4.27923E-1	1.41224E-1
4.64525E+11	1.47003E-11	-2.88534E-1	-3.98644E-1	8.81365E-1
4.64700E+11	3.03097E-11	4.89866E+0	4.71124E-1	-1.69334E+0
4.64875E+11	3.46428E-11	3.26877E+0	1.28096E+0	6.94104E-1
4.65050E+11	5.97263E-11	6.82026E+0	-2.17666E+0	2.66134E-1
4.65225E+11	5.14563E-11	5.00052E+0	2.90669E-1	-1.75447E+0
4.65400E+11	7.34860E-11	6.46039E+0	1.62352E+0	1.33809E+0
4.65575E+11	6.56164E-11	3.41394E+0	-1.48102E+0	-3.69203E-2
4.65750E+11	1.14909E-10	7.85836E+0	3.16478E-2	-2.47106E+0
4.65925E+11	2.69126E-10	6.15163E+0	1.90741E+0	6.95933E-1
4.66100E+11	4.74009E-10	7.22234E+0	-1.35335E+0	1.85569E+0
4.66275E+11	4.29054E-10	7.06234E+0	-1.43965E+0	-1.73543E+0
4.66450E+11	3.63606E-10	6.32096E+0	1.75990E+0	-1.09050E+0
4.66625E+11	3.06367E-10	7.28387E+0	2.97070E-1	2.29394E+0
4.66800E+11	2.92284E-10	6.18537E+0	-2.00331E+0	3.76038E-1
4.66975E+11	2.31974E-10	6.64817E+0	9.79449E-1	-1.91378E+0
4.67150E+11	1.91566E-10	7.20392E+0	1.72369E+0	1.51054E+0
4.67325E+11	2.25110E-10	6.31766E+0	-1.75385E+0	1.09872E+0
4.67500E+11	3.07788E-10	1.01569E+1	-6.74996E-1	-3.14837E+0
4.67675E+11	2.38514E-10	1.04843E+1	3.25712E+0	-7.55607E-1
4.67850E+11	1.57144E-10	6.80537E+0	8.17346E-2	2.18759E+0
4.68025E+11	1.17558E-10	8.13727E+0	-2.18105E+0	-1.32484E+0
4.68200E+11	1.05297E-10	7.85866E+0	7.95426E-1	-2.33984E+0
4.68375E+11	8.33122E-11	4.38165E+0	1.38404E+0	9.09416E-1
4.68550E+11	8.94697E-11	5.56649E+0	-1.47383E+0	1.19613E+0
4.68725E+11	3.75564E-11	-2.70301E+0	-3.33593E-1	-6.52208E-1
4.68900E+11	3.48236E-11	-2.50958E+0	6.89565E-1	-2.92579E-1
4.69075E+11	7.89107E-11	1.39706E+0	5.12938E-1	1.05657E+0
4.69250E+11	7.73039E-11	-1.63341E+0	-5.17406E-1	-6.47163E-1
4.69425E+11	6.54797E-11	-3.84585E+0	5.53646E-1	-3.25526E-1
4.69600E+11	5.03516E-11	-6.68193E+0	2.14966E-1	4.10460E-1
4.69775E+11	2.76282E-11	-8.25924E+0	-3.71728E-1	1.05469E-1
4.69950E+11	2.74347E-11	-9.27666E+0	-2.26724E-1	-2.58301E-1
4.70125E+11	2.95287E-11	-1.00071E+1	1.74283E-1	-2.63554E-1
4.70300E+11	4.30785E-11	-9.04879E+0	2.95968E-1	1.92065E-1
4.70475E+11	1.22106E-10	-6.02094E+0	-3.36331E-1	3.69948E-1
4.70650E+11	1.30967E-10	-8.22887E+0	-2.41257E-1	-3.03560E-1
4.70825E+11	1.85303E-10	-7.66412E+0	3.44575E-1	-2.29132E-1
4.71000E+11	2.47904E-10	-7.51251E+0	2.81514E-1	3.13155E-1
4.71175E+11	3.07218E-10	-6.61980E+0	-2.45707E-1	3.96748E-1
4.71350E+11	2.11611E-10	-8.24012E+0	-3.82402E-1	-6.10968E-2
4.71525E+11	2.11411E-10	-8.32732E+0	-1.49509E-1	-3.53030E-1
4.71700E+11	5.79879E-10	-5.08221E+0	3.68710E-1	-4.17553E-1
4.71875E+11	1.34812E-9	-1.16517E+0	7.11489E-1	5.08399E-1
4.72050E+11	1.89737E-9	1.03370E+0	-7.20834E-1	8.65524E-1
4.72225E+11	2.22834E-9	-6.82984E-1	-1.30007E-1	-9.15193E-1
4.72400E+11	3.11524E-9	-2.50780E+0	7.33152E-1	1.54338E-1
4.72575E+11	4.29472E-9	-4.11434E+0	-3.13744E-1	5.37892E-1
4.72750E+11	5.97897E-9	-4.12390E+0	-3.84842E-1	-4.88679E-1
4.72925E+11	7.36469E-9	-6.14212E+0	4.84472E-1	-9.15912E-2
4.73100E+11	1.18958E-8	-7.78864E+0	-1.88643E-2	4.07477E-1
4.73275E+11	2.85753E-8	-6.98388E+0	-4.39253E-1	-8.55830E-2
4.73450E+11	5.28170E-8	-6.22379E+0	3.06861E-1	-3.80012E-1
4.73625E+11	4.62383E-8	-7.80757E+0	2.12058E-1	3.47421E-1
4.73800E+11	3.64344E-8	-9.74417E+0	-3.20097E-1	6.00464E-2
4.73975E+11	2.91568E-8	-1.06282E+1	5.14441E-2	-2.89629E-1
4.74150E+11	2.39512E-8	-1.13096E+1	2.42108E-1	1.23896E-1
4.74325E+11	1.85337E-8	-1.29216E+1	-1.72634E-1	1.45704E-1
4.74500E+11	1.88783E-8	-1.30025E+1	-1.00471E-1	-1.99989E-1
4.74675E+11	2.18660E-8	-1.18374E+1	2.45528E-1	-7.22420E-2
4.74850E+11	1.72732E-8	-1.11920E+1	-2.04468E-2	2.74918E-1
4.75025E+11	1.22168E-8	-1.20702E+1	-2.22951E-1	-1.11251E-1
4.75200E+11	1.12793E-8	-1.25604E+1	1.27422E-1	-1.98044E-1
4.75375E+11	8.80122E-9	-1.33850E+1	1.23046E-1	1.75291E-1
4.75550E+11	6.10979E-9	-1.45688E+1	-1.75205E-1	6.50175E-2
4.75725E+11	4.45231E-9	-1.41699E+1	-2.09416E-2	-1.94538E-1
4.75900E+11	3.20852E-9	-1.45259E+1	1.87199E-1	-1.50591E-2
4.76075E+11	4.55753E-9	-1.22165E+1	1.90763E-3	2.44997E-1
4.76250E+11	5.70387E-9	-1.03366E+1	-2.81556E-1	-1.15187E-1
4.76425E+11	4.36090E-9	-9.73203E+0	2.68513E-1	-1.85109E-1
4.76600E+11	2.83283E-9	-9.38807E+0	4.36767E-2	3.36487E-1
4.76775E+11	2.15355E-9	-9.54687E+0	-3.29541E-1	-4.89909E-2
4.76950E+11	1.79382E-9	-8.89976E+0	5.87581E-2	-3.54090E-1
4.77125E+11	1.19467E-9	-9.74979E+0	3.19771E-1	6.06373E-2
4.77300E+11	8.82365E-10	-1.16874E+1	-1.41451E-1	-2.18623E-1
4.77475E+11	7.19184E-10	-1.18840E+1	2.39567E-1	-8.60908E-2
4.77650E+11	6.77168E-10	-8.55218E+0	-8.36099E-3	3.73493E-1
4.77825E+11	7.48348E-10	-6.09920E+0	-4.47222E-1	-2.13328E-1
4.78000E+11	7.33294E-10	-5.62280E+0	4.03854E-1	-3.32991E-1
4.78175E+11	6.67123E-10	-4.88641E+0	6.80105E-2	5.65670E-1
4.78350E+11	7.71045E-10	-4.42405E+0	-5.93911E-1	9.13402E-2
4.78525E+11	1.00821E-9	-3.44571E+0	-1.45565E-1	-6.56592E-1
4.78700E+11	1.27922E-9	-2.03717E+0	7.81123E-1	-1.24206E-1
4.78875E+11	2.06525E-9	-1.19567E+0	-7.00907E-2	8.68574E-1
4.79050E+11	3.91379E-9	-8.87467E-1	-8.13779E-1	-3.91080E-1
4.79225E+11	4.95109E-9	-2.21094E+0	6.86857E-1	-3.59543E-1
4.79400E+11	4.40692E-9	-5.55664E+0	1.66347E-1	5.00515E-1
4.79575E+11	2.10452E-9	-5.67341E+0	-4.08292E-1	3.22652E-1
4.79750E+11	1.36016E-9	6.95232E+0	-2.20233E+0	-3.26928E-1
4.79925E+11	1.04996E-9	2.85973E+0	1.32314E+0	4.25619E-1
4.80100E+11	6.71996E-10	8.98877E-1	-1.01694E+0	4.42479E-1
4.80275E+11	4.28842E-10	2.75443E+0	-2.33380E-1	-1.35318E+0
4.80450E+11	4.92820E-10	8.42522E+0	2.54487E+0	-6.94441E-1
4.80625E+11	6.04109E-10	8.69838E+0	-9.50851E-1	2.55073E+0
4.80800E+11	8.29385E-10	8.68999E+0	-1.52481E+0	-2.25189E+0
4.80975E+11	8.50962E-10	8.20848E+0	2.54951E+0	3.46216E-1
4.81150E+11	6.29284E-10	6.39075E+0	-1.27305E+0	1.65385E+0
4.81325E+11	4.24367E-10	5.26398E+0	-8.96177E-1	-1.59916E+0
4.81500E+11	4.49710E-10	5.31496E+0	1.83180E+0	2.11304E-1
4.81675E+11	3.52745E-10	4.74167E+0	-8.00787E-1	1.52918E+0
4.81850E+11	5.77231E-10	5.66947E+0	-9.11045E-1	-1.69095E+0
4.82025E+11	6.69879E-10	5.50865E+0	1.88269E+0	-1.03425E-1
4.82200E+11	4.32738E-10	3.30098E+0	-9.88206E-1	1.07791E+0
4.82375E+11	3.38690E-10	2.37010E+0	-5.09274E-1	-1.21100E+0
4.82550E+11	3.25089E-10	5.39298E-1	1.06273E+0	5.30843E-2
4.82725E+11	3.00431E-10	-7.86415E-1	-4.62017E-1	7.87978E-1
4.82900E+11	2.82316E-10	-2.33532E+0	-4.35911E-1	-6.27738E-1
4.83075E+11	2.34915E-10	-4.01583E+0	5.77432E-1	-2.51458E-1
4.83250E+11	3.90930E-10	-3.73071E+0	3.85944E-1	5.24043E-1
4.83425E+11	7.58746E-10	-7.60587E-1	-8.74988E-1	2.71555E-1
4.83600E+11	1.29425E-9	-1.19501E+0	3.01452E-2	-8.70942E-1
4.83775E+11	1.55086E-9	-2.56463E+0	7.08397E-1	2.28491E-1
4.83950E+11	1.28054E-9	-3.17049E+0	-3.60950E-1	5.92966E-1
4.84125E+11	1.10639E-9	-3.18848E+0	-4.31570E-1	-5.41894E-1
4.84300E+11	7.28674E-10	-4.31010E+0	5.69902E-1	-2.14206E-1
4.84475E+11	6.47190E-10	-3.38087E+0	4.14462E-2	6.76305E-1
4.84650E+11	6.63905E-10	-2.95010E+0	-7.03459E-1	-1.10111E-1
4.84825E+11	1.40820E-9	3.27768E-1	3.03771E-1	-9.93033E-1
4.85000E+11	1.17684E-9	4.92042E-1	9.15238E-1	5.31323E-1
4.85175E+11	7.49696E-10	-4.61811E+0	-6.45434E-2	5.84062E-1
4.85350E+11	1.21452E-9	-3.67342E+0	-6.52165E-1	6.22770E-2
4.85525E+11	1.23189E-9	-1.65285E+0	-8.44429E-3	-8.26675E-1
4.85700E+11	1.58870E-9	9.14470E-1	1.03568E+0	4.02175E-1
4.85875E+11	1.46428E-9	-7.24637E-1	-7.21539E-1	5.70706E-1
4.86050E+11	1.49317E-9	-2.06363E-1	-3.22355E-1	-9.21782E-1
4.86225E+11	2.54027E-9	1.90644E+0	1.23613E+0	1.51954E-1
4.86400E+11	4.87995E-9	2.53863E+0	-1.04036E+0	8.43688E-1
4.86575E+11	4.55761E-9	1.52118E+0	-8.14430E-2	-1.18862E+0
4.86750E+11	4.76075E-9	-1.42918E+0	7.86299E-1	3.18305E-1
4.86925E+11	7.77814E-9	-3.97192E-1	-4.34571E-1	8.50734E-1
4.87100E+11	4.88935E-9	-2.11825E+0	-6.96011E-1	-3.59969E-1
4.87275E+11	1.12656E-9	-7.30453E+0	2.96827E-1	-3.12902E-1
4.87450E+11	9.04757E-10	-9.13890E+0	2.55510E-1	2.38001E-1
4.87625E+11	3.56872E-9	-3.27830E+0	-3.01352E-1	6.15844E-1
4.87800E+11	1.35245E-8	2.01916E+0	-1.05664E+0	-6.89501E-1
4.87975E+11	1.68828E-8	2.34707E+0	9.48213E-1	-9.04235E-1
4.88150E+11	1.24080E-8	1.19998E+0	6.84290E-1	9.21953E-1
4.88325E+11	7.94182E-9	5.79757E-2	-9.45912E-1	3.44513E-1
4.88500E+11	5.70965E-9	-2.10455E+0	-2.67502E-1	-7.37829E-1
4.88675E+11	4.99900E-9	-2.69814E+0	7.10675E-1	-1.79452E-1
4.88850E+11	7.22891E-9	-1.91416E+0	-1.70635E-1	7.83860E-1
4.89025E+11	1.04628E-8	-2.51538E+0	-6.14612E-1	-4.27324E-1
4.89200E+11	2.19274E-8	-2.14181E+0	5.82183E-1	-5.21297E-1
4.89375E+11	3.52829E-8	-2.22636E+0	3.03092E-1	7.12074E-1
4.89550E+11	3.60922E-8	-4.51290E+0	-5.92519E-1	5.17966E-2
4.89725E+11	3.05026E-8	-7.56832E+0	1.00780E-1	-4.06074E-1
4.89900E+11	2.55781E-8	-1.12791E+1	2.38568E-1	1.32566E-1
4.90075E+11	2.35766E-8	-1.15656E+1	-1.48809E-1	2.18148E-1
4.90250E+11	2.45564E-8	-1.09930E+1	-2.33511E-1	-1.58223E-1
4.90425E+11	2.34678E-8	-9.44341E+0	1.56715E-1	-2.98519E-1
4.90600E+11	3.71857E-8	-7.26899E+0	3.87387E-1	1.93582E-1
4.90775E+11	6.03946E-8	-7.31397E+0	-2.81709E-1	3.25961E-1
4.90950E+11	7.05014E-8	-9.69598E+0	-1.52825E-1	-2.89647E-1
4.91125E+11	7.14725E-8	-1.06678E+1	2.79712E-1	-8.66499E-2
4.91300E+11	7.13785E-8	-1.04105E+1	5.39927E-2	2.96760E-1
4.91475E+11	6.77623E-8	-1.05988E+1	-2.94949E-1	-1.11682E-2
4.91650E+11	5.62023E-8	-1.12682E+1	5.90389E-2	-2.66816E-1
4.91825E+11	3.94831E-8	-1.24007E+1	2.24953E-1	8.32510E-2
4.92000E+11	3.65394E-8	-1.19045E+1	-1.15582E-1	2.26142E-1
4.92175E+11	4.61213E-8	-1.04136E+1	-2.02660E-1	-2.23260E-1
4.92350E+11	4.11217E-8	-1.10790E+1	2.54559E-1	-1.14895E-1
4.92525E+11	2.89854E-8	-1.20819E+1	6.10184E-2	2.41234E-1
4.92700E+11	2.25782E-8	-1.25721E+1	-2.33242E-1	3.01138E-2
4.92875E+11	1.56638E-8	-1.31778E+1	-1.55666E-3	-2.19330E-1
4.93050E+11	1.35591E-8	-1.31235E+1	2.19328E-1	2.46796E-2
4.93225E+11	1.26107E-8	-1.29731E+1	-6.17064E-2	2.15921E-1
4.93400E+11	1.68727E-8	-1.25484E+1	-2.11453E-1	-1.04396E-1
4.93575E+11	2.00025E-8	-1.10810E+1	1.92929E-1	-2.01851E-1
4.93750E+11	2.16640E-8	-9.68644E+0	1.48300E-1	2.92393E-1
4.93925E+11	2.80006E-8	-8.94197E+0	-3.56507E-1	2.21121E-2
4.94100E+11	3.71696E-8	-8.95277E+0	1.35962E-1	-3.29823E-1
4.94275E+11	4.89081E-8	-9.81336E+0	2.44458E-1	2.11262E-1
4.94450E+11	4.97239E-8	-1.09046E+1	-2.06973E-1	1.95854E-1
4.94625E+11	5.11605E-8	-1.16365E+1	-1.56719E-1	-2.09864E-1
4.94800E+11	4.87336E-8	-1.24280E+1	1.98055E-1	-1.33971E-1
4.94975E+11	7.18255E-8	-1.08160E+1	8.51646E-2	2.74985E-1
4.95150E+11	7.53483E-8	-9.99099E+0	-3.15213E-1	-2.91262E-2
4.95325E+11	6.40644E-8	-1.04747E+1	4.49207E-2	-2.96019E-1
4.95500E+11	6.68489E-8	-1.08039E+1	2.63061E-1	1.17903E-1
4.95675E+11	7.05923E-8	-1.10860E+1	-2.15242E-1	1.77612E-1
4.95850E+11	5.81711E-8	-1.16214E+1	-7.85391E-2	-2.50349E-1
4.96025E+11	7.03002E-8	-1.19997E+1	2.50681E-1	-1.61067E-2
4.96200E+11	5.70105E-8	-1.29709E+1	-5.06641E-2	2.18836E-1
4.96375E+11	5.36552E-8	-1.27283E+1	-2.11410E-1	-9.30573E-2
4.96550E+11	8.15661E-8	-1.04875E+1	1.95911E-1	-2.25834E-1
4.96725E+11	6.38521E-8	-1.02139E+1	1.76121E-1	2.53329E-1
4.96900E+11	5.26607E-8	-1.07672E+1	-2.70812E-1	1.02311E-1
4.97075E+11	4.13227E-8	-1.16655E+1	-4.42402E-2	-2.57274E-1
4.97250E+11	2.60607E-8	-1.27780E+1	2.29438E-1	-1.02660E-2
4.97425E+11	2.15527E-8	-1.34427E+1	-4.91214E-2	2.06998E-1
4.97600E+11	1.63375E-8	-1.42841E+1	-1.68135E-1	-9.49743E-2
4.97775E+11	1.56053E-8	-1.40151E+1	1.13766E-1	-1.63492E-1
4.97950E+11	1.63833E-8	-1.24381E+1	1.88017E-1	1.47278E-1
4.98125E+11	1.78289E-8	-1.15380E+1	-1.90384E-1	1.84205E-1
4.98300E+11	1.75385E-8	-1.11817E+1	-1.53450E-1	-2.29415E-1
4.98475E+11	1.75747E-8	-1.08945E+1	2.75537E-1	-7.39268E-2
4.98650E+11	1.89142E-8	-1.10741E+1	-3.78902E-2	2.76864E-1
4.98825E+11	1.54471E-8	-1.13890E+1	-2.42977E-1	-1.16573E-1
4.99000E+11	1.56103E-8	-1.18623E+1	1.61153E-1	-1.97886E-1
4.99175E+11	1.52860E-8	-1.23372E+1	1.59110E-1	1.81842E-1
4.99350E+11	2.10548E-8	-1.06444E+1	-1.99880E-1	2.15079E-1
4.99525E+11	2.70810E-8	-1.01116E+1	-1.73730E-1	-2.59386E-1
4.99700E+11	2.39271E-8	-1.10807E+1	2.79222E-1	2.43141E-3
4.99875E+11	1.97473E-8	-1.18449E+1	-1.75350E-1	1.86123E-1
5.00050E+11	1.57230E-8	-1.24830E+1	-3.77500E-2	-2.34585E-1
5.00225E+11	1.87815E-8	-1.25992E+1	2.29383E-1	4.84465E-2
5.00400E+11	2.42338E-8	-1.32210E+1	-6.92802E-2	2.06960E-1
5.00575E+11	2.47054E-8	-1.41196E+1	-1.84735E-1	-6.78382E-2
5.00750E+11	2.97052E-8	-1.28398E+1	7.51184E-2	-2.15311E-1
5.00925E+11	6.25012E-8	-1.04896E+1	2.35231E-1	1.84403E-1
5.01100E+11	7.96708E-8	-9.59059E+0	-3.19168E-1	8.95392E-2
5.01275E+11	8.31281E-8	-9.24925E+0	9.10617E-2	-3.32533E-1
5.01450E+11	7.80007E-8	-9.37792E+0	2.64773E-1	2.12828E-1
5.01625E+11	6.68626E-8	-9.62821E+0	-2.62861E-1	1.99604E-1
5.01800E+11	4.84559E-8	-9.49925E+0	-1.26562E-1	-3.10167E-1
5.01975E+11	2.90786E-8	-8.10009E+0	3.78627E-1	-1.07330E-1
5.02150E+11	1.79834E-8	-6.65293E+0	5.44138E-2	4.61698E-1
5.02325E+11	2.13577E-8	-4.13229E+0	-5.94447E-1	-1.81098E-1
5.02500E+11	2.32993E-8	-1.99747E+0	5.95274E-1	-5.26282E-1
5.02675E+11	2.59453E-8	-1.82672E-1	3.02161E-1	9.31402E-1
5.02850E+11	2.26642E-8	1.71865E+0	-1.21798E+0	4.46622E-2
5.03025E+11	2.49183E-8	3.14225E+0	3.81680E-1	-1.38420E+0
5.03200E+11	2.28980E-8	4.30731E+0	1.29705E+0	1.00685E+0
5.03375E+11	2.47214E-8	3.63108E+0	-1.39782E+0	5.94481E-1
5.03550E+11	3.17602E-8	3.18297E+0	-2.27950E-1	-1.42449E+0
5.03725E+11	4.20480E-8	5.39246E+0	1.84257E+0	2.57446E-1
5.03900E+11	5.05803E-8	5.39054E+0	-1.12847E+0	1.47864E+0
5.04075E+11	7.01253E-8	4.82566E+0	-9.27201E-1	-1.47585E+0
5.04250E+11	7.27661E-8	3.69861E+0	1.50211E+0	-2.95211E-1
5.04425E+11	5.80355E-8	1.35591E+0	-3.72667E-1	1.10795E+0
5.04600E+11	5.59619E-8	-1.30941E+0	-5.33242E-1	-6.74803E-1
5.04775E+11	3.60999E-8	-3.97326E+0	6.30449E-1	-5.56794E-2
5.04950E+11	3.19244E-8	-6.51777E+0	-1.46640E-1	4.48837E-1
5.05125E+11	3.26231E-8	-7.37182E+0	-3.98988E-1	-1.54800E-1
5.05300E+11	4.64048E-8	-6.39768E+0	2.45754E-1	-4.10870E-1
5.05475E+11	5.31159E-8	-6.26168E+0	3.85648E-1	2.96271E-1
5.05650E+11	5.69218E-8	-6.18269E+0	-3.54812E-1	3.39042E-1
5.05825E+11	5.11208E-8	-5.57132E+0	-1.19637E-1	-5.12772E-1
5.06000E+11	5.22607E-8	-6.09406E+0	4.83758E-1	1.08558E-1
5.06175E+11	6.58175E-8	-6.73872E+0	-2.17371E-1	4.05769E-1
5.06350E+11	5.77518E-8	-7.05865E+0	-3.18864E-1	-3.08506E-1
5.06525E+11	7.82105E-8	-7.03424E+0	3.68345E-1	-2.49562E-1
5.06700E+11	1.17090E-7	-6.70041E+0	1.87104E-1	4.22810E-1
5.06875E+11	1.26461E-7	-7.28425E+0	-4.23645E-1	8.60827E-2
5.07050E+11	1.16482E-7	-7.74567E+0	5.16090E-3	-4.09904E-1
5.07225E+11	1.25399E-7	-8.19785E+0	3.82392E-1	7.21605E-2
5.07400E+11	1.27074E-7	-8.67041E+0	-1.35561E-1	3.42698E-1
5.07575E+11	1.01951E-7	-9.53836E+0	-2.90613E-1	-1.63584E-1
5.07750E+11	8.06577E-8	-1.08752E+1	1.63017E-1	-2.34893E-1
5.07925E+11	8.70356E-8	-1.12403E+1	2.42403E-1	1.28055E-1
5.08100E+11	1.33440E-7	-9.80416E+0	-1.26971E-1	2.97474E-1
5.08275E+11	1.29414E-7	-9.22804E+0	-2.93005E-1	-1.83305E-1
5.08450E+11	1.28037E-7	-9.08090E+0	2.39519E-1	-2.57293E-1
5.08625E+11	1.25169E-7	-9.13930E+0	1.75973E-1	3.01583E-1
5.08800E+11	1.00183E-7	-9.22239E+0	-3.43440E-1	4.07060E-2
5.08975E+11	9.43935E-8	-9.37272E+0	6.11290E-2	-3.34368E-1
5.09150E+11	7.73447E-8	-9.75815E+0	3.04066E-1	1.15198E-1
5.09325E+11	5.28816E-8	-1.02709E+1	-1.37884E-1	2.73752E-1
5.09500E+11	4.48772E-8	-9.85324E+0	-2.81690E-1	-1.55202E-1
5.09675E+11	4.15469E-8	-9.52754E+0	2.20784E-1	-2.50494E-1
5.09850E+11	3.23305E-8	-9.49792E+0	2.08339E-1	2.62394E-1
5.10025E+11	4.68867E-8	-9.19120E+0	-3.11952E-1	1.52172E-1
5.10200E+11	5.67921E-8	-8.71560E+0	-5.92187E-2	-3.61809E-1
5.10375E+11	5.85019E-8	-8.65299E+0	3.62815E-1	6.87744E-2
5.10550E+11	4.32364E-8	-9.11169E+0	-1.47743E-1	3.17597E-1
5.10725E+11	3.47722E-8	-9.82600E+0	-2.58686E-1	-1.92793E-1
5.10900E+11	4.52196E-8	-9.15788E+0	2.36541E-1	-2.55825E-1
5.11075E+11	5.73690E-8	-8.07725E+0	2.30165E-1	3.20499E-1
5.11250E+11	5.93124E-8	-7.86300E+0	-3.72970E-1	1.56402E-1
5.11425E+11	5.08105E-8	-7.86080E+0	-8.20548E-2	-3.96130E-1
5.11600E+11	4.57019E-8	-8.06164E+0	3.95135E-1	-1.11426E-2
5.11775E+11	4.18543E-8	-8.41463E+0	-1.28550E-2	3.79332E-1
5.11950E+11	3.55556E-8	-9.36558E+0	-3.38668E-1	-3.21358E-2
5.12125E+11	3.16905E-8	-1.05971E+1	8.09573E-2	-2.83900E-1
5.12300E+11	3.42320E-8	-1.04122E+1	2.78987E-1	1.14510E-1
5.12475E+11	4.56585E-8	-9.41465E+0	-1.88245E-1	2.81056E-1
5.12650E+11	5.83045E-8	-8.99128E+0	-2.23490E-1	-2.76040E-1
5.12825E+11	6.59238E-8	-8.88430E+0	3.20038E-1	-1.63912E-1
5.13000E+11	7.33039E-8	-9.06223E+0	9.38334E-2	3.39554E-1
5.13175E+11	8.46956E-8	-9.27804E+0	-3.38128E-1	6.12762E-2
5.13350E+11	7.95571E-8	-9.61078E+0	-9.74205E-3	-3.30577E-1
5.13525E+11	8.86458E-8	-9.80750E+0	3.20209E-1	4.47050E-2
5.13700E+11	9.51667E-8	-9.66574E+0	-5.63717E-2	3.23763E-1
5.13875E+11	9.64815E-8	-8.63934E+0	-3.62419E-1	-7.37970E-2
5.14050E+11	1.07780E-7	-7.56699E+0	1.65071E-1	-3.84523E-1
5.14225E+11	1.07527E-7	-7.32003E+0	3.54168E-1	2.44779E-1
5.14400E+11	8.56098E-8	-7.48078E+0	-2.99939E-1	2.97746E-1
5.14575E+11	5.45878E-8	-7.85584E+0	-2.10086E-1	-3.45981E-1
5.14750E+11	4.40799E-8	-8.24737E+0	3.70604E-1	-1.11208E-1
5.14925E+11	3.15414E-8	-8.76208E+0	6.42939E-2	3.58954E-1
5.15100E+11	3.41043E-8	-8.56951E+0	-3.69793E-1	4.75797E-2
5.15275E+11	4.26545E-8	-7.77930E+0	-6.78622E-2	-4.02674E-1
5.15450E+11	5.03222E-8	-6.76461E+0	4.57023E-1	-4.20604E-2
5.15625E+11	5.00556E-8	-6.58460E+0	-8.37434E-4	4.68564E-1
5.15800E+11	4.55622E-8	-6.69010E+0	-4.56892E-1	-7.43885E-2
5.15975E+11	3.85372E-8	-6.76126E+0	1.80320E-1	-4.22239E-1
5.16150E+11	4.76994E-8	-7.10137E+0	3.47444E-1	2.72407E-1
5.16325E+11	4.31996E-8	-7.79827E+0	-3.20447E-1	2.51671E-1
5.16500E+11	3.88276E-8	-8.90776E+0	-1.91378E-1	-3.03265E-1
5.16675E+11	4.93620E-8	-8.84872E+0	2.88905E-1	-2.16538E-1
5.16850E+11	8.97409E-8	-7.50621E+0	2.40788E-1	3.45825E-1
5.17025E+11	1.17209E-7	-6.96135E+0	-4.32766E-1	1.18419E-1
5.17200E+11	1.17400E-7	-7.41662E+0	4.59906E-2	-4.23273E-1
5.17375E+11	1.04360E-7	-7.94764E+0	3.66018E-1	1.62612E-1
5.17550E+11	1.14103E-7	-8.23593E+0	-2.52865E-1	2.93544E-1
5.17725E+11	1.05174E-7	-8.69392E+0	-2.32332E-1	-2.84793E-1
5.17900E+11	9.12431E-8	-8.94232E+0	2.99830E-1	-1.94107E-1
5.18075E+11	1.16481E-7	-8.71144E+0	1.91892E-1	3.12600E-1
5.18250E+11	1.48021E-7	-7.75301E+0	-3.74914E-1	1.64935E-1
5.18425E+11	1.97395E-7	-6.90380E+0	-4.68057E-2	-4.49227E-1
5.18600E+11	2.14155E-7	-6.76178E+0	4.49279E-1	9.44736E-2
5.18775E+11	2.22992E-7	-6.73477E+0	-2.11348E-1	4.09174E-1
5.18950E+11	2.14491E-7	-6.87163E+0	-3.57132E-1	-2.79228E-1
5.19125E+11	1.94526E-7	-7.44856E+0	3.18581E-1	-2.80095E-1
5.19300E+11	1.86940E-7	-8.04842E+0	2.05233E-1	3.38543E-1
5.19475E+11	1.96896E-7	-8.03921E+0	-3.65882E-1	1.52299E-1
5.19650E+11	2.61529E-7	-7.47200E+0	-3.79920E-2	-4.21349E-1
5.19825E+11	2.95138E-7	-6.74839E+0	4.25770E-1	1.73630E-1
5.20000E+11	3.10614E-7	-6.83294E+0	-3.51078E-1	2.89992E-1
5.20175E+11	2.81330E-7	-7.17101E+0	-1.11073E-1	-4.23657E-1
5.20350E+11	3.27138E-7	-7.42842E+0	4.24052E-1	3.10277E-2
5.20525E+11	3.01636E-7	-7.82580E+0	-1.30850E-1	3.84518E-1
5.20700E+11	2.21895E-7	-8.32646E+0	-3.17951E-1	-2.14288E-1
5.20875E+11	1.91423E-7	-9.10945E+0	2.41365E-1	-2.53974E-1
5.21050E+11	1.99988E-7	-8.74824E+0	2.56691E-1	2.59838E-1
5.21225E+11	2.60865E-7	-7.10117E+0	-3.90943E-1	2.05171E-1
5.21400E+11	2.71176E-7	-6.65416E+0	-5.74006E-2	-4.61270E-1
5.21575E+11	2.38183E-7	-6.82943E+0	4.42106E-1	1.09823E-1
5.21750E+11	2.13577E-7	-6.99022E+0	-2.36626E-1	3.79453E-1
5.21925E+11	2.16622E-7	-7.30761E+0	-2.90487E-1	-3.18590E-1
5.22100E+11	1.88286E-7	-7.80254E+0	3.69206E-1	-1.71897E-1
5.22275E+11	1.45187E-7	-8.26443E+0	4.60568E-2	3.83414E-1
5.22450E+11	1.50012E-7	-8.33216E+0	-3.77920E-1	-6.32138E-2
5.22625E+11	1.78746E-7	-7.93048E+0	1.65158E-1	-3.65745E-1
5.22800E+11	1.96949E-7	-7.48196E+0	2.75294E-1	3.20595E-1
5.22975E+11	1.92971E-7	-7.53996E+0	-4.08800E-1	9.52971E-2
5.23150E+11	1.86230E-7	-7.71178E+0	7.34295E-2	-4.04935E-1
5.23325E+11	1.72096E-7	-7.96025E+0	3.48062E-1	1.96976E-1
5.23500E+11	1.40590E-7	-8.23438E+0	-2.68125E-1	2.79771E-1
5.23675E+11	1.19742E-7	-8.72826E+0	-2.21663E-1	-2.91354E-1
5.23850E+11	1.36141E-7	-8.22132E+0	3.27506E-1	-2.08218E-1
5.24025E+11	1.73559E-7	-6.82060E+0	1.37191E-1	4.34879E-1
5.24200E+11	2.09580E-7	-5.92521E+0	-5.05403E-1	-1.09295E-2
5.24375E+11	1.91810E-7	-6.38179E+0	1.49570E-1	-4.55717E-1
5.24550E+11	1.67923E-7	-6.92617E+0	3.61635E-1	2.68640E-1
5.24725E+11	1.24295E-7	-7.54608E+0	-3.05625E-1	2.87306E-1
5.24900E+11	1.18969E-7	-7.97051E+0	-2.69878E-1	-2.94507E-1
5.25075E+11	1.14567E-7	-8.56381E+0	2.45475E-1	-2.80955E-1
5.25250E+11	1.10695E-7	-9.67093E+0	2.20856E-1	2.43093E-1
5.25425E+11	1.42186E-7	-9.54959E+0	-2.80169E-1	1.80092E-1
5.25600E+11	1.77717E-7	-8.91968E+0	-7.76914E-2	-3.49581E-1
5.25775E+11	2.10136E-7	-8.43330E+0	3.70816E-1	7.70423E-2
5.25950E+11	2.37713E-7	-8.31852E+0	-2.12846E-1	3.19340E-1
5.26125E+11	2.29699E-7	-8.38827E+0	-2.54946E-1	-2.82732E-1
5.26300E+11	1.89917E-7	-8.59693E+0	3.21052E-1	-1.87248E-1
5.26475E+11	1.62712E-7	-8.82392E+0	9.15353E-2	3.50318E-1
5.26650E+11	1.40551E-7	-9.33783E+0	-3.39581E-1	-3.39947E-2
5.26825E+11	1.73608E-7	-9.06334E+0	1.71150E-1	-3.07859E-1
5.27000E+11	2.26989E-7	-8.25996E+0	1.99358E-1	3.30964E-1
5.27175E+11	1.69899E-7	-8.34466E+0	-3.80214E-1	4.28407E-2
5.27350E+11	1.60169E-7	-8.97463E+0	7.44953E-2	-3.47967E-1
5.27525E+11	1.45187E-7	-9.33969E+0	3.08244E-1	1.46309E-1
5.27700E+11	1.15044E-7	-9.78768E+0	-2.03811E-1	2.51936E-1
5.27875E+11	1.01269E-7	-1.00418E+1	-1.74228E-1	-2.62081E-1
5.28050E+11	8.81137E-8	-1.06267E+1	2.85135E-1	-7.25271E-2
5.28225E+11	8.73238E-8	-1.03586E+1	5.32969E-3	3.03390E-1
5.28400E+11	1.05811E-7	-9.04620E+0	-3.42736E-1	-8.42148E-2
5.28575E+11	1.34635E-7	-8.19180E+0	1.58747E-1	-3.55586E-1
5.28750E+11	1.65854E-7	-7.81651E+0	3.40947E-1	2.21549E-1
5.28925E+11	1.83963E-7	-7.68923E+0	-2.65946E-1	3.15466E-1
5.29100E+11	1.70897E-7	-7.96773E+0	-2.53292E-1	-3.09054E-1
5.29275E+11	1.61237E-7	-8.30975E+0	3.59863E-1	-1.34455E-1
5.29450E+11	1.57751E-7	-9.00688E+0	-2.14619E-2	3.53882E-1
5.29625E+11	1.10511E-7	-1.01580E+1	-2.85912E-1	-1.21171E-1
5.29800E+11	1.12455E-7	-9.90786E+0	1.76566E-1	-2.66399E-1
5.29975E+11	1.28005E-7	-9.25502E+0	2.41453E-1	2.45791E-1
5.30150E+11	1.06633E-7	-9.69790E+0	-2.73702E-1	1.79697E-1
5.30325E+11	9.23327E-8	-1.04625E+1	-1.33972E-1	-2.68233E-1
5.30500E+11	8.13109E-8	-1.10722E+1	2.68938E-1	-7.61261E-2
5.30675E+11	6.59704E-8	-1.14758E+1	-9.48431E-4	2.66813E-1
5.30850E+11	6.40993E-8	-1.15336E+1	-2.51882E-1	-8.24930E-2
5.31025E+11	5.55121E-8	-1.17637E+1	1.36552E-1	-2.19039E-1
5.31200E+11	7.30810E-8	-1.09790E+1	2.20857E-1	1.76182E-1
5.31375E+11	1.08393E-7	-9.67195E+0	-2.33843E-1	2.30572E-1
5.31550E+11	1.20094E-7	-9.08313E+0	-1.90747E-1	-2.95163E-1
5.31725E+11	1.38254E-7	-8.97637E+0	3.41242E-1	-1.00664E-1
5.31900E+11	1.56847E-7	-9.06362E+0	-3.05106E-2	3.50900E-1
5.32075E+11	1.37944E-7	-9.47316E+0	-3.05163E-1	-1.40617E-1
5.32250E+11	1.23667E-7	-9.85709E+0	2.02556E-1	-2.49633E-1
5.32425E+11	1.02220E-7	-1.07776E+1	2.14289E-1	1.94129E-1
5.32600E+11	9.77322E-8	-1.09827E+1	-1.64919E-1	2.29243E-1
5.32775E+11	1.54196E-7	-9.30531E+0	-2.77427E-1	-2.00949E-1
5.32950E+11	1.68721E-7	-8.90450E+0	2.51537E-1	-2.55775E-1
5.33125E+11	1.51783E-7	-9.23503E+0	1.87877E-1	2.89763E-1
5.33300E+11	1.58148E-7	-9.46156E+0	-3.19755E-1	1.04670E-1
5.33475E+11	1.51384E-7	-9.68069E+0	-2.86930E-2	-3.26812E-1
5.33650E+11	1.63871E-7	-9.56083E+0	3.31638E-1	2.56379E-2
5.33825E+11	1.67715E-7	-1.00242E+1	-6.97212E-2	3.07543E-1
5.34000E+11	1.22406E-7	-1.06818E+1	-2.76912E-1	-9.37647E-2
5.34175E+11	1.42436E-7	-1.02490E+1	1.06439E-1	-2.88270E-1
5.34350E+11	1.61699E-7	-9.64684E+0	2.73958E-1	1.82807E-1
5.34525E+11	1.83560E-7	-9.80824E+0	-2.56617E-1	1.96627E-1
5.34700E+11	1.44300E-7	-1.04751E+1	-9.90460E-2	-2.82538E-1
5.34875E+11	1.26872E-7	-1.12501E+1	2.71744E-1	-3.38175E-2
5.35050E+11	1.01147E-7	-1.18429E+1	7.68559E-4	2.55772E-1
5.35225E+11	8.91465E-8	-1.22258E+1	-2.44358E-1	-1.37289E-2
5.35400E+11	8.22804E-8	-1.28638E+1	1.05825E-2	-2.27165E-1
5.35575E+11	1.00775E-7	-1.22932E+1	2.42760E-1	6.66139E-3
5.35750E+11	1.32212E-7	-1.14560E+1	-6.29050E-2	2.59921E-1
5.35925E+11	1.55840E-7	-1.14025E+1	-2.31208E-1	-1.37640E-1
5.36100E+11	1.52872E-7	-1.13851E+1	2.05753E-1	-1.74237E-1
5.36275E+11	1.30474E-7	-1.15503E+1	8.01571E-2	2.52098E-1
5.36450E+11	1.68807E-7	-1.17075E+1	-2.58549E-1	-2.53688E-2
5.36625E+11	1.49426E-7	-1.19667E+1	1.18149E-1	-2.22762E-1
5.36800E+11	1.22141E-7	-1.27956E+1	1.51149E-1	1.72303E-1
5.36975E+11	1.01217E-7	-1.31431E+1	-1.88879E-1	1.13220E-1
5.37150E+11	1.13677E-7	-1.22505E+1	-9.03300E-2	-2.26717E-1
5.37325E+11	1.32608E-7	-1.16425E+1	2.60321E-1	-2.72544E-2
5.37500E+11	1.20098E-7	-1.15365E+1	-5.12296E-2	2.59957E-1
5.37675E+11	1.17300E-7	-1.15527E+1	-2.31803E-1	-1.27310E-1
5.37850E+11	1.15196E-7	-1.17745E+1	1.90166E-1	-1.74054E-1
5.38025E+11	1.06308E-7	-1.17192E+1	1.09164E-1	2.35358E-1
5.38200E+11	1.15062E-7	-1.14296E+1	-2.67054E-1	2.51623E-2
5.38375E+11	1.04957E-7	-1.13743E+1	3.49618E-2	-2.67676E-1
5.38550E+11	1.45112E-7	-1.04829E+1	2.82029E-1	9.96779E-2
5.38725E+11	1.60092E-7	-9.98700E+0	-1.93438E-1	2.50762E-1
5.38900E+11	1.62647E-7	-1.01431E+1	-1.71588E-1	-2.59452E-1
5.39075E+11	1.53693E-7	-1.05975E+1	2.90245E-1	-5.38960E-2
5.39250E+11	1.28632E-7	-1.12869E+1	-7.15591E-2	2.63125E-1
5.39425E+11	1.12709E-7	-1.19929E+1	-2.04341E-1	-1.46436E-1
5.39600E+11	9.12194E-8	-1.25985E+1	1.78690E-1	-1.51799E-1
5.39775E+11	9.39114E-8	-1.30873E+1	1.20517E-1	1.86004E-1
5.39950E+11	9.45084E-8	-1.26026E+1	-1.99787E-1	1.22500E-1
5.40125E+11	1.25218E-7	-1.12639E+1	-9.32831E-2	-2.56999E-1
5.40300E+11	1.52262E-7	-1.07320E+1	2.90657E-1	2.63159E-3
5.40475E+11	1.47601E-7	-1.08826E+1	-1.10089E-1	2.63609E-1
5.40650E+11	1.54974E-7	-1.08933E+1	-2.13388E-1	-1.89403E-1
5.40825E+11	1.63296E-7	-1.09413E+1	2.30090E-1	-1.66051E-1
5.41000E+11	1.47051E-7	-1.09548E+1	1.49280E-1	2.40788E-1
5.41175E+11	1.50429E-7	-1.12267E+1	-2.44319E-1	1.25303E-1
5.41350E+11	1.23768E-7	-1.15129E+1	-1.27593E-1	-2.33033E-1
5.41525E+11	1.84036E-7	-1.04432E+1	2.68008E-1	-1.35909E-1
5.41700E+11	1.73216E-7	-9.99879E+0	7.19064E-2	3.07989E-1
5.41875E+11	1.74856E-7	-1.02466E+1	-3.07355E-1	3.70816E-3
5.42050E+11	1.52316E-7	-1.07499E+1	4.27719E-2	-2.86899E-1
5.42225E+11	1.22401E-7	-1.10712E+1	2.68837E-1	7.66000E-2
5.42400E+11	1.25181E-7	-1.13473E+1	-1.03508E-1	2.50229E-1
5.42575E+11	1.17640E-7	-1.15458E+1	-2.25336E-1	-1.38836E-1
5.42750E+11	1.16754E-7	-1.16304E+1	1.77835E-1	-1.92551E-1
5.42925E+11	1.43455E-7	-1.07521E+1	1.56336E-1	2.44252E-1
5.43100E+11	1.93087E-7	-9.41975E+0	-3.36265E-1	3.49340E-2
5.43275E+11	2.02559E-7	-9.21657E+0	1.33387E-1	-3.19337E-1
5.43450E+11	1.96843E-7	-9.52077E+0	2.26243E-1	2.45928E-1
5.43625E+11	1.84518E-7	-1.00290E+1	-2.92570E-1	1.17208E-1
5.43800E+11	1.57215E-7	-1.08269E+1	-2.44788E-2	-2.86467E-1
5.43975E+11	1.26605E-7	-1.14525E+1	2.61848E-1	5.48580E-2
5.44150E+11	1.09569E-7	-1.21154E+1	-1.13694E-1	2.20262E-1
5.44325E+11	1.14965E-7	-1.21808E+1	-1.90877E-1	-1.55208E-1
5.44500E+11	1.42691E-7	-1.17138E+1	2.11927E-1	-1.49934E-1
5.44675E+11	1.35730E-7	-1.17483E+1	8.43710E-2	2.44421E-1
5.44850E+11	1.23894E-7	-1.19847E+1	-2.47685E-1	4.43888E-2
5.45025E+11	1.18724E-7	-1.21605E+1	-9.56089E-3	-2.46405E-1
5.45200E+11	1.21754E-7	-1.23318E+1	2.40528E-1	2.45061E-2
5.45375E+11	1.09744E-7	-1.25126E+1	-6.04488E-2	2.28947E-1
5.45550E+11	1.09016E-7	-1.25230E+1	-2.18846E-1	-8.96834E-2
5.45725E+11	9.52415E-8	-1.25919E+1	1.22840E-1	-1.99918E-1
5.45900E+11	1.13402E-7	-1.17513E+1	1.92704E-1	1.72279E-1
5.46075E+11	1.45020E-7	-1.06459E+1	-2.49931E-1	1.53997E-1
5.46250E+11	1.56498E-7	-1.05793E+1	-7.25352E-2	-2.86796E-1
5.46425E+11	1.38388E-7	-1.08702E+1	2.85522E-1	1.78801E-2
5.46600E+11	1.09364E-7	-1.13871E+1	-9.24392E-2	2.53207E-1
5.46775E+11	9.19468E-8	-1.19623E+1	-2.08680E-1	-1.41771E-1
5.46950E+11	6.84100E-8	-1.23831E+1	1.91062E-1	-1.45821E-1
5.47125E+11	6.43302E-8	-1.25980E+1	8.35776E-2	2.19076E-1
5.47300E+11	6.51496E-8	-1.23904E+1	-2.40147E-1	-2.86803E-4
5.47475E+11	6.23628E-8	-1.20015E+1	8.10450E-2	-2.37710E-1
5.47650E+11	5.77103E-8	-1.19902E+1	2.05476E-1	1.44976E-1
5.47825E+11	5.08024E-8	-1.22204E+1	-1.80548E-1	1.65456E-1
5.48000E+11	4.73092E-8	-1.24412E+1	-1.25212E-1	-2.03280E-1
5.48175E+11	3.95637E-8	-1.28529E+1	2.14767E-1	-7.56342E-2
5.48350E+11	3.96145E-8	-1.32000E+1	2.82065E-2	2.16950E-1
5.48525E+11	3.49962E-8	-1.36237E+1	-2.08094E-1	-1.05370E-2
5.48700E+11	3.40988E-8	-1.37701E+1	4.18383E-2	-2.00559E-1
5.48875E+11	3.89208E-8	-1.30604E+1	2.09855E-1	7.33984E-2
5.49050E+11	4.56587E-8	-1.26098E+1	-1.22120E-1	1.99793E-1
5.49225E+11	4.66378E-8	-1.28388E+1	-1.69555E-1	-1.52530E-1
5.49400E+11	4.52825E-8	-1.33265E+1	1.72554E-1	-1.29281E-1
5.49575E+11	4.45163E-8	-1.39330E+1	8.84831E-2	1.80555E-1
5.49750E+11	3.64010E-8	-1.45481E+1	-1.82074E-1	4.40380E-2
5.49925E+11	3.21139E-8	-1.50218E+1	-1.91416E-3	-1.77372E-1
5.50100E+11	3.15275E-8	-1.53563E+1	1.67108E-1	3.47418E-2
5.50275E+11	3.68404E-8	-1.52883E+1	-6.51104E-2	1.59224E-1
5.50450E+11	3.56377E-8	-1.51787E+1	-1.43299E-1	-9.90619E-2
5.50625E+11	3.98900E-8	-1.52741E+1	1.27311E-1	-1.16104E-1
5.50800E+11	3.64323E-8	-1.54245E+1	8.34475E-2	1.47359E-1
5.50975E+11	3.58337E-8	-1.57575E+1	-1.58052E-1	3.97616E-2
5.51150E+11	3.68652E-8	-1.59980E+1	1.71365E-3	-1.58517E-1
5.51325E+11	3.78700E-8	-1.63424E+1	1.49432E-1	2.97392E-2
5.51500E+11	3.21213E-8	-1.65242E+1	-5.14842E-2	1.40043E-1
5.51675E+11	3.15623E-8	-1.65222E+1	-1.33289E-1	-6.71350E-2
5.51850E+11	3.29663E-8	-1.63555E+1	9.16089E-2	-1.21459E-1
5.52025E+11	3.43072E-8	-1.63701E+1	9.32119E-2	1.19911E-1
5.52200E+11	2.73329E-8	-1.66420E+1	-1.33957E-1	6.10155E-2
5.52375E+11	2.99141E-8	-1.71660E+1	-2.92367E-2	-1.35460E-1
5.52550E+11	2.50374E-8	-1.79743E+1	1.26203E-1	-3.97496E-3
5.52725E+11	2.03725E-8	-1.87066E+1	-1.58334E-2	1.14972E-1
5.52900E+11	1.66142E-8	-1.95266E+1	-9.89977E-2	-3.67579E-2
5.53075E+11	1.36357E-8	-2.02351E+1	5.67481E-2	-7.90747E-2
5.53250E+11	1.28827E-8	-2.07037E+1	5.65817E-2	7.28196E-2
5.53425E+11	1.07256E-8	-2.11710E+1	-8.29211E-2	2.75796E-2
5.53600E+11	9.04158E-9	-2.20126E+1	3.85319E-3	-7.92240E-2
5.53775E+11	7.88988E-9	-2.27735E+1	6.61221E-2	3.01333E-2
5.53950E+11	7.18108E-9	-2.36424E+1	-4.88759E-2	4.39759E-2
5.54125E+11	5.63660E-9	-2.44711E+1	-1.91467E-2	-5.66148E-2
5.54300E+11	4.39014E-9	-2.55375E+1	5.27476E-2	3.44094E-3
5.54475E+11	2.89675E-9	-2.64737E+1	-1.71043E-2	4.42689E-2
5.54650E+11	2.47722E-9	-2.73156E+1	-3.35037E-2	-2.70723E-2
5.54825E+11	2.01366E-9	-2.82767E+1	3.19044E-2	-2.16607E-2
5.55000E+11	1.71168E-9	-2.91652E+1	1.03736E-2	3.32314E-2
5.55175E+11	1.17522E-9	-3.01402E+1	-3.10880E-2	-1.33087E-3
5.55350E+11	1.00472E-9	-3.09469E+1	1.15542E-2	-2.58959E-2
5.55525E+11	7.77598E-10	-3.21063E+1	1.71138E-2	1.79673E-2
5.55700E+11	5.42781E-10	-3.34019E+1	-1.95247E-2	8.69874E-3
5.55875E+11	4.19108E-10	-3.45633E+1	-3.02505E-3	-1.84534E-2
5.56050E+11	4.38338E-10	-3.42600E+1	1.90849E-2	3.27685E-3
5.56225E+11	3.30249E-10	-3.54321E+1	-9.12962E-3	1.42452E-2
5.56400E+11	3.06074E-10	-3.52428E+1	-8.43409E-3	-1.50963E-2
5.56575E+11	2.74495E-10	-3.63042E+1	1.52798E-2	-8.52345E-4
5.56750E+11	2.31248E-10	-3.67429E+1	-6.93813E-3	1.27890E-2
5.56925E+11	2.20889E-10	-3.64483E+1	-7.97209E-3	-1.27670E-2
5.57100E+11	1.98642E-10	-3.71052E+1	1.38667E-2	-1.57079E-3
5.57275E+11	2.25786E-10	-3.65260E+1	-3.07253E-3	1.45977E-2
5.57450E+11	2.26522E-10	-3.62251E+1	-1.28702E-2	-8.53585E-3
5.57625E+11	2.38843E-10	-3.58042E+1	1.46297E-2	-6.98179E-3
5.57800E+11	2.49031E-10	-3.55176E+1	-1.22853E-3	1.67089E-2
5.57975E+11	3.01690E-10	-3.47368E+1	-1.66873E-2	-7.58390E-3
5.58150E+11	3.29877E-10	-3.47034E+1	1.05791E-2	-1.50554E-2
5.58325E+11	4.71612E-10	-3.30902E+1	1.59236E-2	1.54053E-2
5.58500E+11	6.48390E-10	-3.23366E+1	-1.84340E-2	1.56234E-2
5.58675E+11	7.12016E-10	-3.16508E+1	-1.39642E-2	-2.21086E-2
5.58850E+11	9.29692E-10	-3.05305E+1	2.85855E-2	-8.23936E-3
5.59025E+11	1.16361E-9	-2.95439E+1	-2.73673E-3	3.32149E-2
5.59200E+11	1.34425E-9	-2.88450E+1	-3.26145E-2	-1.55233E-2
5.59375E+11	2.01210E-9	-2.77170E+1	2.58654E-2	-3.19778E-2
5.59550E+11	2.33448E-9	-2.74170E+1	3.15065E-2	2.86347E-2
5.59725E+11	3.04963E-9	-2.63353E+1	-3.33760E-2	3.48038E-2
5.59900E+11	4.09680E-9	-2.52164E+1	-3.52915E-2	-4.19889E-2
5.60075E+11	5.26228E-9	-2.44696E+1	5.41962E-2	-2.52156E-2
5.60250E+11	6.44277E-9	-2.35588E+1	4.62176E-3	6.62227E-2
5.60425E+11	8.72622E-9	-2.27660E+1	-6.95306E-2	-2.13251E-2
5.60600E+11	9.32667E-9	-2.20549E+1	4.07847E-2	-6.75789E-2
5.60775E+11	9.52313E-9	-2.13319E+1	7.05174E-2	4.88475E-2
5.60950E+11	1.08750E-8	-2.06517E+1	-5.38205E-2	7.55634E-2
5.61125E+11	1.22508E-8	-2.00234E+1	-7.80217E-2	-6.21192E-2
5.61300E+11	1.67741E-8	-1.90001E+1	8.81855E-2	-6.93701E-2
5.61475E+11	1.90851E-8	-1.82750E+1	3.36166E-2	1.17245E-1
5.61650E+11	2.05129E-8	-1.74846E+1	-1.32520E-1	-1.68623E-2
5.61825E+11	2.63128E-8	-1.69873E+1	4.84050E-2	-1.32921E-1
5.62000E+11	3.16403E-8	-1.65125E+1	1.35821E-1	6.22544E-2
5.62175E+11	3.17243E-8	-1.62230E+1	-6.65687E-2	1.39392E-1
5.62350E+11	3.33326E-8	-1.60179E+1	-1.40108E-1	-7.33821E-2
5.62525E+11	3.48139E-8	-1.57948E+1	9.81761E-2	-1.29211E-1
5.62700E+11	3.83909E-8	-1.53796E+1	1.01875E-1	1.36372E-1
5.62875E+11	4.09697E-8	-1.48610E+1	-1.70311E-1	6.03793E-2
5.63050E+11	4.40083E-8	-1.44710E+1	-1.30386E-2	-1.88544E-1
5.63225E+11	5.10183E-8	-1.43630E+1	1.90394E-1	1.92057E-2
5.63400E+11	5.14943E-8	-1.43102E+1	-2.87253E-2	1.90371E-1
5.63575E+11	5.05881E-8	-1.44608E+1	-1.75076E-1	-7.17720E-2
5.63750E+11	5.22597E-8	-1.45300E+1	1.27026E-1	-1.38208E-1
5.63925E+11	5.26975E-8	-1.46904E+1	7.36968E-2	1.68903E-1
5.64100E+11	6.05464E-8	-1.44427E+1	-1.89547E-1	4.95266E-3
5.64275E+11	5.89250E-8	-1.40291E+1	4.94732E-2	-1.92607E-1
5.64450E+11	7.03486E-8	-1.35651E+1	1.92363E-1	8.36673E-2
5.64625E+11	7.60256E-8	-1.33233E+1	-9.86058E-2	1.91835E-1
5.64800E+11	8.40075E-8	-1.31614E+1	-1.77723E-1	-1.29246E-1
5.64975E+11	8.34287E-8	-1.30335E+1	1.78312E-1	-1.33937E-1
5.65150E+11	7.80622E-8	-1.30601E+1	4.29726E-2	2.18137E-1
5.65325E+11	6.78898E-8	-1.31414E+1	-2.10474E-1	-6.49088E-2
5.65500E+11	6.53054E-8	-1.32699E+1	1.30448E-1	-1.73441E-1
5.65675E+11	7.72181E-8	-1.27997E+1	1.50450E-1	1.72767E-1
5.65850E+11	7.28161E-8	-1.20917E+1	-2.12864E-1	1.28322E-1
5.66025E+11	8.92192E-8	-1.13566E+1	-7.01311E-2	-2.61252E-1
5.66200E+11	8.63248E-8	-1.11394E+1	2.74883E-1	3.69171E-2
5.66375E+11	8.97754E-8	-1.11241E+1	-1.55032E-1	2.30566E-1
5.66550E+11	9.16348E-8	-1.11126E+1	-1.41109E-1	-2.39768E-1
5.66725E+11	8.40966E-8	-1.11819E+1	2.69488E-1	-5.95926E-2
5.66900E+11	7.15154E-8	-1.12162E+1	2.35498E-3	2.74899E-1
5.67075E+11	7.26223E-8	-1.10673E+1	-2.76814E-1	-3.98149E-2
5.67250E+11	9.09130E-8	-1.04103E+1	1.05530E-1	-2.82574E-1
5.67425E+11	1.00321E-7	-9.80489E+0	2.33918E-1	2.23332E-1
5.67600E+11	1.15842E-7	-9.61076E+0	-3.15909E-1	9.78679E-2
5.67775E+11	1.10765E-7	-9.76850E+0	4.56823E-2	-3.21541E-1
5.67950E+11	1.01985E-7	-1.03175E+1	2.81573E-1	1.16910E-1
5.68125E+11	9.37883E-8	-1.07691E+1	-1.24323E-1	2.61369E-1
5.68300E+11	7.63978E-8	-1.14228E+1	-2.41490E-1	-1.17244E-1
5.68475E+11	8.05445E-8	-1.16795E+1	9.09034E-2	-2.44264E-1
5.68650E+11	8.57821E-8	-1.13163E+1	2.52534E-1	1.00395E-1
5.68825E+11	1.16434E-7	-1.03425E+1	-1.90478E-1	2.36927E-1
5.69000E+11	1.21372E-7	-1.02738E+1	-1.28033E-1	-2.78385E-1
5.69175E+11	1.17935E-7	-1.05375E+1	2.92102E-1	-5.50998E-2
5.69350E+11	1.11062E-7	-1.08114E+1	3.75531E-2	2.85565E-1
5.69525E+11	1.04014E-7	-1.10535E+1	-2.78621E-1	2.88151E-2
5.69700E+11	1.11151E-7	-1.10773E+1	2.42924E-2	-2.78283E-1
5.69875E+11	9.30877E-8	-1.16792E+1	2.38630E-1	1.04829E-1
5.70050E+11	1.21439E-7	-1.11792E+1	-2.16041E-1	1.71896E-1
5.70225E+11	1.49341E-7	-1.01367E+1	-1.70375E-2	-3.10823E-1
5.70400E+11	1.61761E-7	-9.78269E+0	2.74804E-1	1.72087E-1
5.70575E+11	1.69427E-7	-9.73339E+0	-2.74054E-1	1.76708E-1
5.70750E+11	1.62287E-7	-1.00480E+1	-8.05543E-2	-3.03992E-1
5.70925E+11	1.67985E-7	-1.02946E+1	3.05136E-1	1.82313E-2
5.71100E+11	1.56145E-7	-1.03444E+1	-1.61479E-1	2.57490E-1
5.71275E+11	1.37062E-7	-1.05921E+1	-1.12538E-1	-2.73111E-1
5.71450E+11	1.37337E-7	-1.03667E+1	3.00212E-1	4.21444E-2
5.71625E+11	1.38582E-7	-9.55676E+0	-1.91013E-1	2.72505E-1
5.71800E+11	1.70974E-7	-8.79672E+0	-1.94365E-1	-3.06834E-1
5.71975E+11	1.79764E-7	-8.73994E+0	3.57684E-1	-7.56547E-2
5.72150E+11	1.59718E-7	-8.86589E+0	-4.47020E-2	3.57551E-1
5.72325E+11	1.47301E-7	-9.04868E+0	-3.18887E-1	-1.50999E-1
5.72500E+11	1.29508E-7	-9.33583E+0	2.35637E-1	-2.46981E-1
5.72675E+11	1.12817E-7	-9.64260E+0	1.70696E-1	2.81852E-1
5.72850E+11	9.54121E-8	-1.01944E+1	-2.69041E-1	1.52446E-1
5.73025E+11	1.03444E-7	-9.55422E+0	-1.54711E-1	-2.94744E-1
5.73200E+11	1.20610E-7	-9.22235E+0	3.29870E-1	-1.03901E-1
5.73375E+11	1.13956E-7	-9.33144E+0	1.38535E-2	3.41248E-1
5.73550E+11	1.27014E-7	-9.35672E+0	-3.15885E-1	-1.27208E-1
5.73725E+11	1.23304E-7	-9.61177E+0	2.44291E-1	-2.22874E-1
5.73900E+11	1.12611E-7	-9.95027E+0	1.39976E-1	2.85584E-1
5.74075E+11	1.10436E-7	-1.02265E+1	-2.87258E-1	1.11356E-1
5.74250E+11	1.02036E-7	-1.07602E+1	-1.12904E-1	-2.66823E-1
5.74425E+11	9.69838E-8	-1.11985E+1	2.41716E-1	-1.32126E-1
5.74600E+11	1.32923E-7	-9.90025E+0	9.34408E-2	3.05928E-1
5.74775E+11	1.78838E-7	-9.00184E+0	-3.37858E-1	-1.08127E-1
5.74950E+11	1.63958E-7	-9.17957E+0	2.96872E-1	-1.80722E-1
5.75125E+11	1.50130E-7	-9.39053E+0	3.58976E-3	3.39195E-1
5.75300E+11	1.44448E-7	-9.84685E+0	-3.04950E-1	-1.02931E-1
5.75475E+11	1.36828E-7	-1.00217E+1	1.39484E-1	-2.82925E-1
5.75650E+11	1.15152E-7	-1.02951E+1	2.64510E-1	1.53180E-1
5.75825E+11	1.02296E-7	-1.05904E+1	-1.58299E-1	2.49463E-1
5.76000E+11	1.25618E-7	-9.85283E+0	-2.14789E-1	-2.39400E-1
5.76175E+11	1.53928E-8	-8.93502E+0	3.35472E-1	-1.23487E-1
5.76350E+11	6.01142E-9	-7.98351E+0	-1.89608E-1	-3.50914E-1
5.76525E+11	1.16077E-8	-8.21604E+0	3.80495E-1	-7.76002E-2
5.76700E+11	1.33817E-8	-8.51697E+0	2.58907E-2	3.74209E-1
5.76875E+11	1.01519E-8	-8.68498E+0	-3.67766E-1	-1.05743E-2
5.77050E+11	9.34686E-9	-8.99746E+0	4.13896E-2	-3.52496E-1
5.77225E+11	6.25331E-9	-9.90807E+0	2.96277E-1	1.19831E-1
5.77400E+11	1.00333E-8	-8.72013E+0	-2.55236E-1	2.62920E-1
5.77575E+11	1.14621E-8	-7.64573E+0	-1.50706E-1	-3.86326E-1
5.77750E+11	9.83823E-9	-7.93728E+0	3.94610E-1	-7.12600E-2
5.77925E+11	8.04196E-9	-8.62569E+0	9.86269E-2	3.57067E-1
5.78100E+11	8.57296E-9	-9.32858E+0	-3.15262E-1	1.31639E-1
5.78275E+11	8.21052E-9	-9.63159E+0	-1.10806E-1	-3.10765E-1
5.78450E+11	7.68686E-9	-1.00317E+1	3.14724E-1	-1.49163E-2
5.78625E+11	9.79050E-9	-1.05064E+1	-1.32165E-1	2.67445E-1
5.78800E+11	7.93555E-9	-1.06893E+1	-2.10303E-1	-2.02724E-1
5.78975E+11	8.01501E-9	-1.00437E+1	2.47536E-1	-1.94230E-1
5.79150E+11	1.54955E-8	-8.58155E+0	2.18904E-1	3.01176E-1
5.79325E+11	1.13493E-8	-8.60833E+0	-3.13187E-1	1.99218E-1
5.79500E+11	1.15156E-8	-8.80974E+0	-1.50141E-1	-3.30134E-1
5.79675E+11	1.30310E-8	-9.25216E+0	3.44371E-1	-1.41210E-2
5.79850E+11	1.30671E-8	-9.44382E+0	-1.29116E-1	3.11435E-1
5.80025E+11	1.19912E-8	-9.75293E+0	-2.38912E-1	-2.20850E-1
5.80200E+11	1.28424E-8	-1.01194E+1	2.42327E-1	-1.96379E-1
5.80375E+11	1.56464E-8	-8.87482E+0	2.29262E-1	2.77512E-1
5.80550E+11	1.12991E-8	-8.71488E+0	-3.21241E-1	1.76746E-1
5.80725E+11	1.22751E-8	-9.02929E+0	-8.29618E-2	-3.43750E-1
5.80900E+11	1.03859E-8	-9.26184E+0	3.35130E-1	7.88341E-2
5.81075E+11	8.64194E-9	-9.41909E+0	-2.42779E-1	2.35308E-1
5.81250E+11	1.10389E-8	-9.40238E+0	-1.03778E-1	-3.22464E-1
5.81425E+11	1.50714E-8	-9.40612E+0	3.37943E-1	-2.11668E-2
5.81600E+11	8.83994E-9	-9.84501E+0	-8.12886E-3	3.21819E-1
5.81775E+11	9.85472E-9	-9.50644E+0	-3.32676E-1	3.69100E-2
5.81950E+11	1.28441E-8	-7.32296E+0	5.02679E-2	-4.27434E-1
5.82125E+11	1.38484E-8	-7.14295E+0	3.52842E-1	2.61855E-1
5.82300E+11	1.35863E-8	-7.33383E+0	-3.98588E-1	1.60907E-1
5.82475E+11	1.38132E-8	-7.83013E+0	5.65379E-2	-4.02013E-1
5.82650E+11	1.04810E-8	-8.49241E+0	3.28246E-1	1.83727E-1
5.82825E+11	7.53316E-9	-8.84287E+0	-2.46326E-1	2.64299E-1
5.83000E+11	9.47471E-9	-9.20294E+0	-1.94522E-1	-2.86891E-1
5.83175E+11	5.16001E-9	-9.81616E+0	2.97026E-1	-1.26883E-1
5.83350E+11	5.16513E-9	-8.99992E+0	3.50268E-2	3.53084E-1
5.83525E+11	9.31310E-9	-9.33284E+0	-3.30745E-1	-8.49252E-2
5.83700E+11	9.01609E-9	-9.60634E+0	1.38480E-1	-3.00518E-1
5.83875E+11	9.68947E-9	-9.64622E+0	2.74913E-1	1.81410E-1
5.84050E+11	8.37905E-9	-9.65399E+0	-2.19707E-1	2.44994E-1
5.84225E+11	9.17669E-9	-9.83744E+0	-1.92384E-1	-2.58462E-1
5.84400E+11	9.59424E-9	-1.01945E+1	2.97678E-1	-8.37095E-2
5.84575E+11	5.42725E-9	-1.02260E+1	-2.57153E-2	3.07032E-1
5.84750E+11	1.33881E-8	-8.98450E+0	-3.26583E-1	-1.40308E-1
5.84925E+11	1.68076E-8	-8.15564E+0	2.62888E-1	-2.89482E-1
5.85100E+11	6.39281E-9	-8.38115E+0	2.38038E-1	2.97507E-1
5.85275E+11	1.00088E-8	-8.91434E+0	-3.03162E-1	1.91031E-1
5.85450E+11	9.61191E-9	-9.21572E+0	-1.03530E-1	-3.30263E-1
5.85625E+11	9.99393E-9	-9.45058E+0	3.36547E-1	1.49056E-2
5.85800E+11	1.27045E-8	-9.61941E+0	-1.65422E-1	2.85997E-1
5.85975E+11	1.07465E-8	-1.00495E+1	-2.01071E-1	-2.41737E-1
5.86150E+11	7.82268E-9	-9.87335E+0	2.61888E-1	-1.85402E-1
5.86325E+11	9.24341E-9	-8.94998E+0	2.06775E-1	2.90852E-1
5.86500E+11	9.53496E-9	-8.53022E+0	-3.05101E-1	2.17227E-1
5.86675E+11	1.24808E-8	-7.96578E+0	-1.65284E-1	-3.63901E-1
5.86850E+11	8.62223E-9	-8.22160E+0	3.88070E-1	2.57179E-3
5.87025E+11	1.16173E-8	-8.57269E+0	-1.61249E-1	3.36018E-1
5.87200E+11	1.10609E-8	-8.92048E+0	-2.62626E-1	-2.43406E-1
5.87375E+11	1.15118E-8	-9.14734E+0	2.50653E-1	-2.42624E-1
5.87550E+11	4.89119E-9	-9.51830E+0	2.59811E-1	2.10305E-1
5.87725E+11	9.79199E-9	-8.58953E+0	-2.27161E-1	2.94567E-1
5.87900E+11	1.20661E-8	-8.15637E+0	-2.56059E-1	-2.95497E-1
5.88075E+11	1.20152E-8	-8.47052E+0	3.67503E-1	-8.46004E-2
5.88250E+11	1.01174E-8	-8.74117E+0	-1.44009E-1	3.35983E-1
5.88425E+11	8.10533E-9	-9.29130E+0	-1.88430E-1	-2.86740E-1
5.88600E+11	9.35259E-9	-9.94498E+0	3.04008E-1	-9.40961E-2
5.88775E+11	1.18631E-8	-1.01295E+1	8.60633E-2	2.99427E-1
5.88950E+11	7.34263E-9	-1.03406E+1	-2.82119E-1	1.13426E-1
5.89125E+11	1.37077E-8	-9.21833E+0	-8.93213E-2	-3.34278E-1
5.89300E+11	1.49824E-8	-8.14818E+0	3.81211E-1	8.86066E-2
5.89475E+11	1.51757E-8	-7.77395E+0	-3.29435E-1	2.41722E-1
5.89650E+11	1.42844E-8	-8.32993E+0	1.25425E-2	-3.83064E-1
5.89825E+11	1.68970E-8	-9.07491E+0	3.23845E-1	1.37347E-1
5.90000E+11	1.01355E-8	-9.80675E+0	-1.67779E-1	2.76406E-1
5.90175E+11	1.04854E-8	-1.03143E+1	-2.42485E-1	-1.84986E-1
5.90350E+11	5.67834E-9	-1.09764E+1	2.03185E-1	-1.96424E-1
5.90525E+11	6.85807E-9	-1.10521E+1	1.43099E-1	2.40850E-1
5.90700E+11	9.71306E-9	-9.48855E+0	-3.35165E-1	1.27526E-2
5.90875E+11	8.86688E-9	-9.29590E+0	9.62562E-2	-3.29143E-1
5.91050E+11	8.32561E-9	-9.57819E+0	3.20528E-1	8.63802E-2
5.91225E+11	1.10496E-8	-9.67024E+0	1.75156E-2	3.27997E-1
5.91400E+11	8.51005E-9	-9.68367E+0	-3.13695E-1	9.56592E-2
5.91575E+11	9.87330E-9	-9.73698E+0	-7.95289E-2	-3.16099E-1
5.91750E+11	8.26750E-9	-9.60798E+0	3.22704E-1	7.28601E-2
5.91925E+11	1.01903E-8	-9.18626E+0	-2.91487E-1	1.88793E-1
5.92100E+11	7.59136E-9	-8.13794E+0	1.09851E-1	-3.76122E-1
5.92275E+11	1.65752E-8	-7.43372E+0	2.57831E-1	3.37766E-1
5.92450E+11	9.36367E-9	-8.05174E+0	-3.65308E-1	1.52193E-1
5.92625E+11	9.87889E-9	-8.66153E+0	-1.17285E-1	-3.49772E-1
5.92800E+11	8.33308E-9	-9.27048E+0	3.31616E-1	-9.12241E-2
5.92975E+11	5.61485E-9	-1.03081E+1	5.25947E-3	3.05163E-1
5.93150E+11	5.93272E-9	-1.10907E+1	-2.59594E-1	-1.01993E-1
5.93325E+11	4.24416E-9	-1.15083E+1	1.99884E-1	-1.75231E-1
5.93500E+11	7.36069E-9	-9.71577E+0	9.46330E-2	3.12743E-1
5.93675E+11	5.13882E-9	-9.21774E+0	-3.40099E-1	-6.37901E-2
5.93850E+11	9.47444E-9	-9.66664E+0	1.22493E-1	-3.04916E-1
5.94025E+11	7.85949E-9	-9.69342E+0	2.65569E-1	1.91801E-1
5.94200E+11	5.47706E-9	-9.72438E+0	-2.77072E-1	1.72579E-1
5.94375E+11	9.03537E-9	-9.85050E+0	-2.48166E-2	-3.20759E-1
5.94550E+11	8.97022E-9	-9.93856E+0	3.09495E-1	7.50833E-2
5.94725E+11	1.03224E-8	-1.01440E+1	-9.14342E-2	2.97286E-1
5.94900E+11	8.01542E-9	-1.00917E+1	-3.00861E-1	-8.59828E-2
5.95075E+11	1.13984E-8	-9.49210E+0	8.52736E-2	-3.24245E-1
5.95250E+11	1.46873E-8	-9.24426E+0	2.96056E-1	1.77083E-1
5.95425E+11	9.16212E-9	-9.70338E+0	-2.53305E-1	2.07136E-1
5.95600E+11	8.49464E-9	-1.05993E+1	-6.33445E-2	-2.88267E-1
5.95775E+11	6.66245E-9	-1.13492E+1	2.62832E-1	6.49308E-2
5.95950E+11	5.64069E-9	-1.16591E+1	-1.28174E-1	2.27639E-1
5.96125E+11	3.60029E-9	-1.19677E+1	-2.09525E-1	-1.40236E-1
5.96300E+11	6.62241E-9	-1.14271E+1	1.48586E-1	-2.23419E-1
5.96475E+11	9.36025E-9	-9.61174E+0	2.21394E-1	2.45635E-1
5.96650E+11	1.02084E-8	-9.63500E+0	-3.07721E-1	1.18640E-1
5.96825E+11	6.71165E-9	-9.60798E+0	-2.04556E-2	-3.30194E-1
5.97000E+11	9.87823E-9	-9.36863E+0	3.31731E-1	7.48464E-2
5.97175E+11	7.31303E-9	-9.40795E+0	-1.47070E-1	3.04919E-1
5.97350E+11	6.49538E-9	-9.79278E+0	-2.57697E-1	-1.96161E-1
5.97525E+11	4.31789E-9	-1.03481E+1	2.26989E-1	-2.01921E-1
5.97700E+11	4.42116E-9	-1.09456E+1	1.46048E-1	2.43114E-1
5.97875E+11	5.96485E-9	-9.79194E+0	-3.08152E-1	9.97479E-2
5.98050E+11	1.00932E-8	-8.71057E+0	5.76935E-2	-3.62270E-1
5.98225E+11	6.55478E-9	-8.87085E+0	3.07090E-1	1.88119E-1
5.98400E+11	9.13980E-9	-9.28751E+0	-2.49839E-1	2.35390E-1
5.98575E+11	8.16555E-9	-9.82003E+0	-1.53019E-1	-2.84282E-1
5.98750E+11	8.84935E-9	-1.03245E+1	3.02399E-1	-3.68168E-2
5.98925E+11	6.54593E-9	-1.04880E+1	-1.18569E-1	2.74432E-1
5.99100E+11	8.18946E-9	-1.07948E+1	-1.80025E-1	-2.25538E-1
5.99275E+11	1.16727E-8	-9.62783E+0	3.23122E-1	-6.73782E-2
5.99450E+11	1.16692E-8	-9.11335E+0	-7.85879E-2	3.41282E-1
5.99625E+11	1.20572E-8	-9.53139E+0	-2.88014E-1	-1.68647E-1
5.99800E+11	1.46502E-8	-9.70988E+0	2.19714E-1	-2.42145E-1
5.99975E+11	1.27642E-8	-1.02399E+1	1.48368E-1	2.69469E-1
6.00150E+11	5.55972E-9	-1.09671E+1	-2.82439E-1	1.62625E-2
6.00325E+11	5.96780E-9	-1.16461E+1	8.48848E-2	-2.47483E-1
6.00500E+11	7.72437E-9	-1.23880E+1	1.95850E-1	1.39091E-1
6.00675E+11	6.38121E-9	-1.20103E+1	-1.40397E-1	2.07930E-1
6.00850E+11	6.91862E-9	-1.02566E+1	-2.67438E-1	-1.50798E-1
6.01025E+11	9.62976E-9	-9.31760E+0	2.28972E-1	-2.54139E-1
6.01200E+11	1.03061E-8	-9.42161E+0	1.48856E-1	3.03459E-1
6.01375E+11	1.00221E-8	-9.66165E+0	-3.27302E-1	-3.12403E-2
6.01550E+11	6.99012E-9	-1.00701E+1	1.87369E-1	-2.51580E-1
6.01725E+11	8.36453E-9	-1.04660E+1	1.35744E-1	2.67208E-1
6.01900E+11	4.48469E-9	-1.09294E+1	-2.67629E-1	9.54443E-2
6.02075E+11	4.95763E-9	-1.09321E+1	-1.25306E-1	-2.54919E-1
6.02250E+11	4.50161E-9	-1.05791E+1	2.57258E-1	-1.46061E-1
6.02425E+11	5.03877E-9	-1.00739E+1	1.29781E-1	2.85427E-1
6.02600E+11	5.34094E-9	-1.02429E+1	-3.06485E-1	-2.50689E-2
6.02775E+11	5.59717E-9	-1.08333E+1	1.95998E-1	-2.10061E-1
6.02950E+11	5.76658E-9	-1.11944E+1	2.65403E-2	2.74318E-1
6.03125E+11	5.31947E-9	-1.13307E+1	-2.43129E-1	-1.20405E-1
6.03300E+11	3.81146E-9	-1.17442E+1	1.95372E-1	-1.69571E-1
6.03475E+11	4.07219E-9	-1.14247E+1	1.41865E-1	2.27833E-1
6.03650E+11	5.00288E-9	-1.03002E+1	-2.48514E-1	1.77655E-1
6.03825E+11	8.57586E-9	-8.28861E+0	-1.51121E-1	-3.54206E-1
6.04000E+11	1.27596E-8	-8.03055E+0	3.94086E-1	-4.55448E-2
6.04175E+11	9.23991E-9	-8.66261E+0	3.67977E-3	3.68849E-1
6.04350E+11	8.65346E-9	-9.34109E+0	-3.30420E-1	-8.48865E-2
6.04525E+11	6.54577E-9	-1.02440E+1	1.50123E-1	-2.68329E-1
6.04700E+11	7.74026E-9	-1.12554E+1	2.03617E-1	1.82857E-1
6.04875E+11	2.91339E-9	-1.21034E+1	-1.81593E-1	1.69221E-1
6.05050E+11	7.47759E-9	-1.19728E+1	-1.58698E-1	-1.95720E-1
6.05225E+11	7.56929E-9	-1.08821E+1	2.59330E-1	-1.19860E-1
6.05400E+11	8.07592E-9	-1.12129E+1	3.81421E-2	2.72357E-1
6.05575E+11	6.27358E-9	-1.17337E+1	-2.59003E-1	-1.84506E-3
6.05750E+11	8.02931E-9	-1.17504E+1	3.51600E-2	-2.56110E-1
6.05925E+11	4.35088E-9	-1.15348E+1	2.59025E-1	5.59946E-2
6.06100E+11	4.82279E-9	-1.12922E+1	-8.41928E-2	2.59184E-1
6.06275E+11	5.76021E-9	-1.15515E+1	-2.41277E-1	-1.08377E-1
6.06450E+11	4.94077E-9	-1.15150E+1	1.14601E-1	-2.39618E-1
6.06625E+11	3.62338E-9	-9.56713E+0	2.84474E-1	1.71918E-1
6.06800E+11	6.22594E-9	-8.89803E+0	-3.09862E-1	1.81298E-1
6.06975E+11	6.59356E-9	-9.60748E+0	-5.61531E-2	-3.26046E-1
6.07150E+11	7.32882E-9	-1.02011E+1	3.08268E-1	2.10970E-2
6.07325E+11	4.52270E-9	-1.06734E+1	-6.25074E-2	2.85885E-1
6.07500E+11	4.16339E-9	-1.12058E+1	-2.56221E-1	-1.00536E-1
6.07675E+11	3.62370E-9	-1.18037E+1	1.13447E-1	-2.30529E-1
6.07850E+11	4.59404E-9	-1.16853E+1	2.36154E-1	1.09861E-1
6.08025E+11	7.37439E-9	-1.09370E+1	-1.18745E-1	2.57863E-1
6.08200E+11	6.35374E-9	-1.07594E+1	-2.70436E-1	-1.04033E-1
6.08375E+11	9.34898E-9	-1.04428E+1	9.64331E-2	-2.84617E-1
6.08550E+11	7.79224E-9	-9.68741E+0	3.01210E-1	1.29365E-1
6.08725E+11	7.63023E-9	-9.66740E+0	-1.91765E-1	2.66807E-1
6.08900E+11	1.32829E-8	-9.71278E+0	-2.06044E-1	-2.53738E-1
6.09075E+11	8.07075E-9	-1.02674E+1	2.77568E-1	-1.30326E-1
6.09250E+11	8.68237E-9	-1.06645E+1	9.65708E-2	2.76563E-1
6.09425E+11	1.32701E-8	-9.80824E+0	-3.04241E-1	1.09323E-1
6.09600E+11	1.29433E-8	-8.59446E+0	-5.46238E-2	-3.67738E-1
6.09775E+11	1.17485E-8	-8.86228E+0	3.58673E-1	3.60861E-2
6.09950E+11	1.09312E-8	-9.32474E+0	-1.26545E-1	3.17504E-1
6.10125E+11	5.84370E-9	-9.88050E+0	-2.36217E-1	-2.16775E-1
6.10300E+11	5.45678E-9	-1.00608E+1	2.88995E-1	-1.22849E-1
6.10475E+11	5.96499E-9	-1.07837E+1	1.26754E-2	2.88667E-1
6.10650E+11	5.17101E-9	-1.08762E+1	-2.77628E-1	-6.82063E-2
6.10825E+11	6.71570E-9	-1.10806E+1	1.11298E-1	-2.56096E-1
6.11000E+11	7.80353E-9	-1.12013E+1	2.36426E-1	1.41203E-1
6.11175E+11	6.61236E-9	-1.03006E+1	-2.25051E-1	2.06553E-1
6.11350E+11	9.27587E-9	-9.69684E+0	-8.29520E-2	-3.16779E-1
6.11525E+11	5.68192E-9	-9.84370E+0	3.11826E-1	8.01810E-2
6.11700E+11	2.86709E-9	-1.03224E+1	-1.72272E-1	2.51333E-1
6.11875E+11	4.36510E-9	-1.09415E+1	-1.95831E-1	-2.05330E-1
6.12050E+11	3.55366E-9	-1.12500E+1	2.12027E-1	-1.73301E-1
6.12225E+11	7.18817E-9	-1.09826E+1	1.47023E-1	2.41115E-1
6.12400E+11	5.99357E-9	-9.53838E+0	-3.21123E-1	8.99697E-2
6.12575E+11	6.88932E-9	-9.25548E+0	5.11952E-2	-3.40704E-1
6.12750E+11	6.78032E-9	-9.18093E+0	3.01928E-1	1.72033E-1
6.12925E+11	6.84849E-9	-9.11650E+0	-2.35032E-1	2.59462E-1
6.13100E+11	9.41298E-9	-9.30997E+0	-2.06345E-1	-2.73207E-1
6.13275E+11	9.07860E-9	-9.26354E+0	3.02306E-1	-1.64595E-1
6.13450E+11	6.46644E-9	-9.36256E+0	9.10765E-2	3.27894E-1
6.13625E+11	3.49336E-9	-1.00486E+1	-3.14418E-1	-5.31876E-3
6.13800E+11	5.06824E-9	-1.04801E+1	1.16282E-1	-2.75705E-1
6.13975E+11	6.92461E-9	-8.57689E+0	1.90510E-1	3.20126E-1
6.14150E+11	1.17930E-8	-8.25622E+0	-3.73274E-1	-1.00379E-1
6.14325E+11	1.04730E-8	-8.55740E+0	2.56230E-1	-2.71561E-1
6.14500E+11	8.43899E-9	-9.30111E+0	2.10060E-1	2.70803E-1
6.14675E+11	5.82215E-9	-9.96462E+0	-2.50804E-1	1.94719E-1
6.14850E+11	5.22935E-9	-1.04673E+1	-1.77192E-1	-2.41665E-1
6.15025E+11	6.56150E-9	-1.04581E+1	2.65298E-1	-1.40022E-1
6.15200E+11	5.18429E-9	-9.97141E+0	9.56451E-2	3.02510E-1
6.15375E+11	4.49986E-9	-9.36412E+0	-3.38460E-1	3.48246E-2
6.15550E+11	6.77685E-9	-8.85776E+0	-8.80491E-3	-3.60564E-1
6.15725E+11	5.42970E-9	-9.26502E+0	3.42605E-1	-3.25896E-2
6.15900E+11	4.76090E-9	-9.32898E+0	1.62896E-2	3.41238E-1
6.16075E+11	6.33418E-9	-9.62185E+0	-3.19874E-1	-8.23305E-2
6.16250E+11	5.38594E-9	-1.04743E+1	2.24580E-1	-1.98033E-1
6.16425E+11	4.75440E-9	-1.13741E+1	2.59625E-2	2.68705E-1
6.16600E+11	4.55516E-9	-1.12528E+1	-2.54115E-1	-1.01815E-1
6.16775E+11	5.78230E-9	-9.74568E+0	2.41805E-1	-2.18085E-1
6.16950E+11	1.07909E-8	-9.19105E+0	1.08517E-1	3.29695E-1
6.17125E+11	7.63624E-9	-9.76572E+0	-3.24844E-1	4.36539E-3
6.17300E+11	4.92536E-9	-1.03341E+1	9.84309E-2	-2.87936E-1
6.17475E+11	5.70403E-9	-1.06153E+1	2.01792E-1	2.14641E-1
6.17650E+11	6.82827E-9	-1.04270E+1	-2.93153E-1	6.85381E-2
6.17825E+11	8.55375E-9	-1.02166E+1	5.00060E-2	-3.04358E-1
6.18000E+11	9.81892E-9	-9.81002E+0	2.88995E-1	1.44752E-1
6.18175E+11	8.68747E-9	-9.23144E+0	-2.35039E-1	2.53211E-1
6.18350E+11	1.52128E-8	-8.59140E+0	-1.88482E-1	-3.20604E-1
6.18525E+11	1.24781E-8	-8.77639E+0	3.59022E-1	-6.03931E-2
6.18700E+11	9.70336E-9	-8.47209E+0	-6.40901E-2	3.71560E-1
6.18875E+11	1.00711E-8	-7.93794E+0	-3.39126E-1	-2.13926E-1
6.19050E+11	1.08508E-8	-8.07217E+0	2.83181E-1	-2.75111E-1
6.19225E+11	7.09639E-9	-8.66668E+0	2.33683E-1	2.85179E-1
6.19400E+11	6.33489E-9	-8.88964E+0	-2.73384E-1	2.33224E-1
6.19575E+11	9.16073E-9	-8.16681E+0	-2.42397E-1	-3.06204E-1
6.19750E+11	7.64974E-9	-7.71217E+0	3.99186E-1	-9.99974E-2
6.19925E+11	8.93538E-9	-8.00194E+0	-1.41804E-1	3.71901E-1
6.20100E+11	1.12748E-8	-8.42920E+0	-2.47669E-1	-2.86767E-1
6.20275E+11	6.53518E-9	-8.56688E+0	3.56377E-1	-1.09958E-1
6.20450E+11	6.09886E-9	-8.90901E+0	-6.39333E-2	3.52804E-1
6.20625E+11	6.27488E-9	-9.39615E+0	-2.66293E-1	-2.09773E-1
6.20800E+11	4.14544E-9	-1.03838E+1	2.77010E-1	-1.21686E-1
6.20975E+11	4.31689E-9	-1.09256E+1	-1.63433E-2	2.83794E-1
6.21150E+11	5.21337E-9	-1.06391E+1	-2.45245E-1	-1.61775E-1
6.21325E+11	5.73126E-9	-9.71873E+0	2.83821E-1	-1.61668E-1
6.21500E+11	5.65393E-9	-8.82074E+0	-1.26991E-2	3.61989E-1
6.21675E+11	8.52962E-9	-9.17174E+0	-3.08413E-1	-1.60912E-1
6.21850E+11	7.37675E-9	-9.35034E+0	2.54467E-1	-2.26677E-1
6.22025E+11	4.23124E-9	-9.46320E+0	1.06846E-1	3.18968E-1
6.22200E+11	7.35849E-9	-9.64058E+0	-3.28843E-1	-2.21407E-2
6.22375E+11	7.86174E-9	-9.40354E+0	1.17713E-1	-3.17593E-1
6.22550E+11	8.67956E-9	-8.77306E+0	2.84855E-1	2.26943E-1
6.22725E+11	9.72356E-9	-8.66760E+0	-2.86579E-1	2.31902E-1
6.22900E+11	9.52078E-9	-8.96735E+0	-1.99020E-1	-2.95353E-1
6.23075E+11	6.14777E-9	-9.31137E+0	2.89720E-1	-1.82331E-1
6.23250E+11	5.82633E-9	-1.02108E+1	1.15940E-1	2.86043E-1
6.23425E+11	5.71702E-9	-1.08700E+1	-2.82791E-1	-4.33143E-2
6.23600E+11	4.54138E-9	-1.14562E+1	1.44981E-1	-2.24706E-1
6.23775E+11	5.03456E-9	-1.12699E+1	1.90056E-1	1.96278E-1
6.23950E+11	5.05998E-9	-1.00122E+1	-2.43461E-1	2.01114E-1
6.24125E+11	7.15943E-9	-7.96693E+0	-1.88760E-1	-3.52237E-1
6.24300E+11	1.02587E-8	-7.43953E+0	4.16645E-1	-8.20231E-2
6.24475E+11	8.12431E-9	-7.37482E+0	-1.39350E-2	4.27591E-1
6.24650E+11	9.39905E-9	-7.41428E+0	-4.04197E-1	-1.34154E-1
6.24825E+11	7.73449E-9	-7.24222E+0	2.04587E-1	-3.83206E-1
6.25000E+11	6.27575E-9	-7.48016E+0	3.43117E-1	2.46805E-1
6.25175E+11	7.83231E-9	-7.95577E+0	-2.36423E-1	3.22825E-1
6.25350E+11	5.83470E-9	-8.37292E+0	-3.20032E-1	-2.07430E-1
6.25525E+11	8.38693E-9	-7.70073E+0	2.58113E-1	-3.21206E-1
6.25700E+11	6.56932E-9	-8.25493E+0	1.94520E-1	3.34090E-1
6.25875E+11	3.96907E-9	-9.57586E+0	-3.24723E-1	6.93840E-2
6.26050E+11	3.51916E-9	-1.03149E+1	-1.90722E-2	-3.04372E-1
6.26225E+11	5.46785E-9	-1.07132E+1	2.91301E-1	-4.87662E-5
6.26400E+11	4.86778E-9	-1.08978E+1	-1.79006E-2	2.84612E-1
6.26575E+11	5.08330E-9	-1.13269E+1	-2.69879E-1	-2.89572E-2
6.26750E+11	6.07710E-9	-1.10098E+1	7.11715E-2	-2.72375E-1
6.26925E+11	8.08167E-9	-9.67085E+0	2.50531E-1	2.12386E-1
6.27100E+11	7.78236E-9	-8.93347E+0	-3.51522E-1	6.53308E-2
6.27275E+11	1.57717E-8	-8.81948E+0	1.75639E-1	-3.16839E-1
6.27450E+11	1.36800E-8	-8.52287E+0	1.44721E-1	3.45786E-1
6.27625E+11	1.27542E-8	-8.58086E+0	-3.66359E-1	-6.65521E-2
6.27800E+11	1.05287E-8	-8.85376E+0	2.10765E-1	-2.92886E-1
6.27975E+11	7.68189E-9	-9.46255E+0	2.00579E-1	2.70077E-1
6.28150E+11	8.76923E-9	-9.85495E+0	-2.96497E-1	1.24442E-1
6.28325E+11	6.51703E-9	-9.00644E+0	-9.59973E-3	-3.54420E-1
6.28500E+11	8.90014E-9	-8.98614E+0	3.31948E-1	1.26906E-1
6.28675E+11	9.56304E-9	-9.42095E+0	-1.65319E-1	2.94843E-1
6.28850E+11	8.78790E-9	-9.17570E+0	-2.89641E-1	-1.92378E-1
6.29025E+11	5.88959E-9	-8.82008E+0	2.56510E-1	-2.55773E-1
6.29200E+11	5.09870E-9	-8.93318E+0	1.86381E-1	3.05134E-1
6.29375E+11	7.40298E-9	-8.84650E+0	-3.50341E-1	8.76507E-2
6.29550E+11	3.46505E-9	-9.12843E+0	4.69003E-2	-3.46445E-1
6.29725E+11	4.34726E-9	-8.59961E+0	3.47340E-1	1.31931E-1
6.29900E+11	6.78935E-9	-7.44596E+0	-2.61564E-1	3.34124E-1
6.30075E+11	4.58475E-9	-6.84776E+0	-2.52992E-1	-3.77676E-1
6.30250E+11	6.72676E-9	-7.06056E+0	4.12178E-1	-1.63928E-1
6.30425E+11	6.74200E-9	-7.35170E+0	3.33123E-3	4.28946E-1
6.30600E+11	7.91901E-9	-7.90648E+0	-3.73489E-1	-1.49816E-1
6.30775E+11	4.67430E-9	-8.60519E+0	2.54444E-1	-2.70429E-1
6.30950E+11	4.11914E-9	-9.21249E+0	1.66671E-1	3.03483E-1
6.31125E+11	3.17751E-9	-9.38176E+0	-3.32641E-1	6.81788E-2
6.31300E+11	7.89732E-9	-9.40626E+0	2.12011E-3	-3.38593E-1
6.31475E+11	8.40864E-9	-9.21520E+0	3.33309E-1	9.33353E-2
6.31650E+11	7.34629E-9	-9.26884E+0	-2.09083E-1	2.73167E-1
6.31825E+11	8.85280E-9	-9.78716E+0	-1.50282E-1	-2.87121E-1
6.32000E+11	5.74023E-9	-1.07026E+1	2.90129E-1	-2.98119E-2
6.32175E+11	4.18912E-9	-1.10552E+1	-4.14615E-2	2.76966E-1
6.32350E+11	5.84710E-9	-1.16166E+1	-2.57648E-1	-5.03714E-2
6.32525E+11	4.38360E-9	-1.17496E+1	1.43370E-2	-2.58137E-1
6.32700E+11	8.47916E-9	-1.05597E+1	2.93792E-1	3.99209E-2
6.32875E+11	7.75606E-9	-9.53473E+0	-1.37447E-1	3.04000E-1
6.33050E+11	6.54620E-9	-9.77906E+0	-2.54611E-1	-2.00978E-1
6.33225E+11	6.09718E-9	-9.83131E+0	2.58920E-1	-1.92149E-1
6.33400E+11	3.79568E-9	-1.01609E+1	1.55335E-1	2.68764E-1
6.33575E+11	3.87297E-9	-9.87361E+0	-2.98088E-1	1.18729E-1
6.33750E+11	4.29616E-9	-9.98927E+0	-6.50056E-2	-3.09874E-1
6.33925E+11	3.98215E-9	-1.02306E+1	3.07711E-1	1.19477E-2
6.34100E+11	3.96365E-9	-9.61727E+0	-8.95210E-2	3.18117E-1
6.34275E+11	4.23393E-9	-8.30062E+0	-3.31464E-1	-1.94991E-1
6.34450E+11	5.14271E-9	-7.99275E+0	2.93272E-1	-2.69713E-1
6.34625E+11	5.19823E-9	-8.14010E+0	2.10566E-1	3.30333E-1
6.34800E+11	5.67580E-9	-8.69015E+0	-3.00544E-1	2.11839E-1
6.34975E+11	3.90266E-9	-9.42808E+0	-2.00419E-1	-2.71860E-1
6.35150E+11	3.77110E-9	-9.74758E+0	2.81742E-1	-1.63112E-1
6.35325E+11	3.15358E-9	-1.03307E+1	1.44330E-1	2.68024E-1
6.35500E+11	5.26090E-9	-9.60712E+0	-2.97807E-1	1.44150E-1
6.35675E+11	8.31762E-9	-8.60300E+0	-8.53668E-2	-3.61463E-1
6.35850E+11	4.58376E-9	-8.60437E+0	3.71184E-1	1.10491E-2
6.36025E+11	5.34403E-9	-9.04567E+0	-7.23022E-2	3.45468E-1
6.36200E+11	5.02948E-9	-9.32213E+0	-3.21306E-1	-1.16856E-1
6.36375E+11	6.39669E-9	-9.31795E+0	1.85116E-1	-2.87641E-1
6.36550E+11	8.80764E-9	-9.36758E+0	2.13993E-1	2.64353E-1
6.36725E+11	8.66645E-9	-9.75124E+0	-3.12059E-1	9.22746E-2
6.36900E+11	1.23471E-8	-1.01630E+1	3.06953E-2	-3.08826E-1
6.37075E+11	1.04098E-8	-9.90334E+0	2.92361E-1	1.29520E-1
6.37250E+11	1.14952E-8	-9.41038E+0	-2.60987E-1	2.15470E-1
6.37425E+11	9.74696E-9	-9.93329E+0	-8.25976E-2	-3.07775E-1
6.37600E+11	7.34053E-9	-1.09690E+1	2.80758E-1	3.43044E-2
6.37775E+11	7.05815E-9	-1.15501E+1	-1.29399E-1	2.30735E-1
6.37950E+11	4.34155E-9	-1.19495E+1	-1.43386E-1	-2.08023E-1
6.38125E+11	5.02552E-9	-1.23174E+1	2.40296E-1	-3.01225E-2
6.38300E+11	4.72648E-9	-1.24541E+1	-9.28709E-2	2.19561E-1
6.38475E+11	5.65290E-9	-1.16418E+1	-1.76547E-1	-1.93267E-1
6.38650E+11	3.37624E-9	-1.07554E+1	2.80630E-1	-7.26698E-2
6.38825E+11	5.82086E-9	-1.06476E+1	-2.24315E-2	2.92651E-1
6.39000E+11	3.29945E-9	-1.00034E+1	-2.99847E-1	-1.00074E-1
6.39175E+11	4.20081E-9	-9.54193E+0	1.81156E-1	-2.79833E-1
6.39350E+11	5.18472E-9	-9.23105E+0	2.20136E-1	2.66290E-1
6.39525E+11	4.64120E-9	-9.19374E+0	-3.24702E-1	1.22346E-1
6.39700E+11	4.13883E-9	-9.86094E+0	-1.50011E-2	-3.20981E-1
6.39875E+11	4.83237E-9	-9.36101E+0	3.37284E-1	4.57193E-2
6.40050E+11	6.81856E-9	-8.08947E+0	-1.29003E-1	3.72312E-1
6.40225E+11	5.95870E-9	-8.38948E+0	-3.03080E-1	-2.30298E-1
6.40400E+11	6.33394E-9	-8.69235E+0	2.94820E-1	-2.19580E-1
6.40575E+11	3.20414E-9	-9.15479E+0	1.17298E-1	3.28216E-1
6.40750E+11	5.09190E-9	-9.70949E+0	-3.25232E-1	-3.38021E-2
6.40925E+11	5.52125E-9	-1.04277E+1	1.48376E-1	-2.61927E-1
6.41100E+11	4.53021E-9	-1.11191E+1	1.84070E-1	2.08330E-1
6.41275E+11	3.94004E-9	-1.13406E+1	-2.27430E-1	1.47366E-1
6.41450E+11	5.85532E-9	-1.06809E+1	-1.70543E-1	-2.37497E-1
6.41625E+11	5.76767E-9	-9.80854E+0	2.45744E-1	-2.10040E-1
6.41800E+11	5.29333E-9	-9.43435E+0	1.69568E-1	2.91818E-1
6.41975E+11	7.68696E-9	-9.28372E+0	-3.35924E-1	7.13157E-2
6.42150E+11	3.81153E-9	-1.04559E+1	2.36980E-2	-2.99120E-1
6.42325E+11	4.52018E-9	-1.13198E+1	2.63845E-1	6.46467E-2
6.42500E+11	2.54903E-9	-1.17938E+1	-1.08030E-1	2.33438E-1
6.42675E+11	3.18487E-9	-1.15800E+1	-2.14457E-1	-1.53331E-1
6.42850E+11	2.77377E-9	-1.08887E+1	1.99288E-1	-2.04400E-1
6.43025E+11	3.91118E-9	-1.06994E+1	1.69500E-1	2.37477E-1
6.43200E+11	2.83501E-9	-1.09679E+1	-2.41297E-1	1.47640E-1
6.43375E+11	3.26748E-9	-1.16072E+1	-1.30825E-1	-2.27931E-1
6.43550E+11	2.22825E-9	-1.20862E+1	2.31597E-1	-9.06589E-2
6.43725E+11	2.01699E-9	-1.24368E+1	6.67422E-2	2.29356E-1
6.43900E+11	2.62631E-9	-1.25162E+1	-2.33770E-1	3.71026E-2
6.44075E+11	2.67819E-9	-1.24777E+1	-7.56355E-3	-2.37627E-1
6.44250E+11	2.30294E-9	-1.20590E+1	2.47331E-1	3.27413E-2
6.44425E+11	5.07747E-9	-9.73229E+0	-1.13928E-1	3.05579E-1
6.44600E+11	4.10849E-9	-9.31862E+0	-2.24625E-1	-2.57936E-1
6.44775E+11	3.52251E-9	-9.53788E+0	3.18289E-1	-9.95974E-2
6.44950E+11	4.16026E-9	-9.44232E+0	-6.16216E-2	3.31519E-1
6.45125E+11	3.20106E-9	-9.83750E+0	-2.67296E-1	-1.79904E-1
6.45300E+11	2.95931E-9	-1.00913E+1	2.40808E-1	-1.99828E-1
6.45475E+11	3.40134E-9	-9.80188E+0	1.43428E-1	2.89993E-1
6.45650E+11	3.88208E-9	-9.20911E+0	-3.29994E-1	1.05254E-1
6.45825E+11	6.85517E-9	-8.51768E+0	-4.91259E-2	-3.71842E-1
6.46000E+11	4.70213E-9	-8.57501E+0	3.68648E-1	5.41607E-2
6.46175E+11	3.99407E-9	-8.89796E+0	-1.31538E-1	3.34041E-1
6.46350E+11	5.37752E-9	-9.05684E+0	-2.76115E-1	-2.19125E-1
6.46525E+11	5.92591E-9	-9.08489E+0	2.79982E-1	-2.12287E-1
6.46700E+11	4.05940E-9	-9.70112E+0	1.05458E-1	3.09843E-1
6.46875E+11	5.08929E-9	-1.04043E+1	-2.99614E-1	3.66399E-2
6.47050E+11	2.95272E-9	-1.06755E+1	-8.55412E-3	-2.92442E-1
6.47225E+11	4.92153E-9	-9.35554E+0	3.37018E-1	4.91480E-2
6.47400E+11	7.11092E-9	-8.64612E+0	-1.98075E-1	3.12004E-1
6.47575E+11	3.19680E-9	-9.38441E+0	-2.31989E-1	-2.47809E-1
6.47750E+11	4.49306E-9	-1.01289E+1	2.64042E-1	-1.65400E-1
6.47925E+11	2.61086E-9	-1.07939E+1	1.11489E-1	2.66203E-1
6.48100E+11	3.36018E-9	-1.10632E+1	-2.73053E-1	6.10525E-2
6.48275E+11	3.15081E-9	-1.12508E+1	1.93848E-2	-2.73129E-1
6.48450E+11	2.42900E-9	-1.15699E+1	2.41698E-1	1.06045E-1
6.48625E+11	3.26542E-9	-1.13201E+1	-1.79823E-1	2.03598E-1
6.48800E+11	2.71499E-9	-1.12183E+1	-1.04932E-1	-2.54024E-1
6.48975E+11	3.35560E-9	-1.12821E+1	2.72740E-1	7.02015E-3
6.49150E+11	2.05257E-9	-1.08017E+1	-1.21515E-1	2.61492E-1
6.49325E+11	3.77745E-9	-1.11054E+1	-1.75683E-1	-2.16020E-1
6.49500E+11	2.05336E-9	-1.22376E+1	2.25648E-1	-9.39101E-2
6.49675E+11	1.35411E-9	-1.34643E+1	4.35164E-2	2.07709E-1
6.49850E+11	2.13237E-9	-1.37150E+1	-2.04965E-1	2.23673E-2
6.50025E+11	1.54358E-9	-1.37477E+1	-4.77905E-3	-2.05350E-1
6.50200E+11	2.05925E-9	-1.34072E+1	2.13353E-1	1.06750E-2
6.50375E+11	2.31849E-9	-1.33070E+1	-2.07587E-2	2.15098E-1
6.50550E+11	1.52486E-9	-1.29373E+1	-2.25481E-1	-2.50607E-3
6.50725E+11	2.48917E-9	-1.21798E+1	3.75034E-2	-2.43166E-1
6.50900E+11	1.71698E-9	-1.25749E+1	2.21612E-1	7.84939E-2
6.51075E+11	9.52623E-10	-1.31422E+1	-9.42434E-2	1.99055E-1
6.51250E+11	9.95923E-10	-1.35214E+1	-1.73316E-1	-1.20042E-1
6.51425E+11	9.73676E-10	-1.34754E+1	1.38679E-1	-1.60282E-1
6.51600E+11	1.30361E-9	-1.28022E+1	1.54635E-1	1.68945E-1
6.51775E+11	1.47110E-9	-1.14673E+1	-2.42900E-1	1.11034E-1
6.51950E+11	1.29763E-9	-1.15135E+1	-3.20537E-2	-2.63718E-1
6.52125E+11	1.13915E-9	-1.20271E+1	2.48840E-1	2.79722E-2
6.52300E+11	6.82098E-10	-1.28270E+1	-6.65447E-2	2.18465E-1
6.52475E+11	7.50489E-10	-1.37871E+1	-1.90838E-1	-7.34318E-2
6.52650E+11	5.41338E-10	-1.49099E+1	4.57839E-2	-1.73752E-1
6.52825E+11	3.72913E-10	-1.58576E+1	1.61018E-1	5.42569E-3
6.53000E+11	4.03453E-10	-1.57984E+1	1.25958E-2	1.61721E-1
6.53175E+11	7.06993E-10	-1.43821E+1	-1.90555E-1	1.21149E-2
6.53350E+11	9.67414E-10	-1.44795E+1	3.36856E-3	-1.88779E-1
6.53525E+11	1.13404E-9	-1.38091E+1	2.02163E-1	2.70140E-2
6.53700E+11	1.48161E-9	-1.33549E+1	-7.17160E-2	2.02591E-1
6.53875E+11	1.61317E-9	-1.30753E+1	-1.82816E-1	-1.25838E-1
6.54050E+11	1.33227E-9	-1.38338E+1	1.34585E-1	-1.52480E-1
6.54225E+11	1.90440E-9	-1.35622E+1	1.60109E-1	1.35638E-1
6.54400E+11	2.19427E-9	-1.21182E+1	-1.87710E-1	1.61763E-1
6.54575E+11	3.72312E-9	-1.03472E+1	-8.75847E-2	-2.90938E-1
6.54750E+11	3.20188E-9	-1.08537E+1	2.76951E-1	7.38349E-2
6.54925E+11	3.36578E-9	-1.17641E+1	-1.54342E-1	2.06873E-1
6.55100E+11	2.36202E-9	-1.19920E+1	-1.36337E-1	-2.11245E-1
6.55275E+11	1.65571E-9	-1.23273E+1	2.32247E-1	-6.76505E-2
6.55450E+11	1.78327E-9	-1.30760E+1	1.89541E-2	2.21112E-1
6.55625E+11	1.76406E-9	-1.31690E+1	-2.16684E-1	-3.54123E-2
6.55800E+11	1.60237E-9	-1.30969E+1	1.32312E-1	-1.77499E-1
6.55975E+11	2.29277E-9	-1.18165E+1	8.12791E-2	2.43337E-1
6.56150E+11	1.90611E-9	-1.18926E+1	-2.44905E-1	-6.85360E-2
6.56325E+11	2.20999E-9	-1.15754E+1	1.63295E-1	-2.07150E-1
6.56500E+11	2.12735E-9	-1.12141E+1	1.78554E-1	2.09116E-1
6.56675E+11	2.11472E-9	-1.05817E+1	-2.29504E-1	1.86527E-1
6.56850E+11	1.89575E-9	-1.12168E+1	-1.51776E-1	-2.29192E-1
6.57025E+11	1.65353E-9	-1.16100E+1	2.44621E-1	-9.58388E-2
6.57200E+11	2.03836E-9	-1.08895E+1	-2.09634E-2	2.84676E-1
6.57375E+11	2.45744E-9	-1.03799E+1	-2.31640E-1	-1.94854E-1
6.57550E+11	2.13855E-9	-1.08701E+1	2.78623E-1	-6.49187E-2
6.57725E+11	1.79346E-9	-1.19580E+1	-6.00827E-2	2.45150E-1
6.57900E+11	1.73087E-9	-1.26473E+1	-1.96698E-1	-1.25174E-1
6.58075E+11	1.70396E-9	-1.30764E+1	1.63968E-1	-1.49529E-1
6.58250E+11	1.89772E-9	-1.39242E+1	7.12287E-2	1.88250E-1
6.58425E+11	1.15922E-9	-1.51793E+1	-1.73766E-1	-1.22091E-2
6.58600E+11	1.10112E-9	-1.56884E+1	7.38343E-2	-1.46750E-1
6.58775E+11	9.54747E-10	-1.64937E+1	9.60164E-2	1.14893E-1
6.58950E+11	6.65922E-10	-1.62295E+1	-1.42924E-1	5.82988E-2
6.59125E+11	1.21279E-9	-1.65935E+1	-3.23751E-2	-1.44437E-1
6.59300E+11	1.44470E-9	-1.66642E+1	1.46429E-1	1.07274E-2
6.59475E+11	6.50907E-10	-1.79846E+1	-4.27974E-2	1.18632E-1
6.59650E+11	6.11930E-10	-1.83126E+1	-9.86690E-2	-7.08011E-2
6.59825E+11	5.68154E-10	-1.94620E+1	7.65754E-2	-7.38582E-2
6.60000E+11	6.34811E-10	-1.83187E+1	5.79287E-2	1.06639E-1
6.60175E+11	5.77771E-10	-1.73644E+1	-1.29458E-1	3.98424E-2
6.60350E+11	6.89351E-10	-1.75667E+1	-1.72679E-2	-1.31200E-1
6.60525E+11	5.27068E-10	-1.74717E+1	1.31886E-1	-2.24759E-2
6.60700E+11	6.71881E-10	-1.72004E+1	-1.16570E-2	1.37540E-1
6.60875E+11	3.35680E-10	-1.80938E+1	-1.13458E-1	-5.13577E-2
6.61050E+11	4.84072E-10	-1.75640E+1	9.48734E-2	-9.23121E-2
6.61225E+11	3.27169E-10	-1.81853E+1	5.10956E-2	1.12143E-1
6.61400E+11	2.27094E-10	-1.86028E+1	-1.15547E-1	2.10650E-2
6.61575E+11	2.20419E-10	-1.82687E+1	-1.59594E-2	-1.21010E-1
6.61750E+11	2.45206E-10	-1.61046E+1	1.55913E-1	-1.45743E-2
6.61925E+11	4.70870E-10	-1.35639E+1	-8.95404E-2	1.89731E-1
6.62100E+11	6.57362E-10	-1.45335E+1	-9.28697E-2	-1.63045E-1
6.62275E+11	5.91636E-10	-1.51896E+1	1.73982E-1	-1.39636E-3
6.62450E+11	5.22342E-10	-1.54468E+1	-6.16542E-2	1.57257E-1
6.62625E+11	4.18409E-10	-1.64613E+1	-1.14722E-1	-9.70911E-2
6.62800E+11	6.58221E-10	-1.68692E+1	1.14214E-1	-8.67066E-2
6.62975E+11	4.49430E-10	-1.67780E+1	6.24448E-2	1.30765E-1
6.63150E+11	6.21741E-10	-1.64598E+1	-1.47538E-1	2.87773E-2
6.63325E+11	6.25848E-10	-1.54763E+1	3.88224E-2	-1.63802E-1
6.63500E+11	7.75844E-10	-1.54863E+1	1.35312E-1	9.98178E-2
6.63675E+11	8.52215E-10	-1.59614E+1	-1.15660E-1	1.09388E-1
6.63850E+11	1.22936E-9	-1.54601E+1	-1.30239E-1	-1.07154E-1
6.64025E+11	1.29562E-9	-1.45623E+1	1.28032E-1	-1.36322E-1
6.64200E+11	1.06799E-9	-1.47260E+1	9.81974E-2	1.55047E-1
6.64375E+11	1.03613E-9	-1.43231E+1	-1.83486E-1	5.73508E-2
6.64550E+11	1.97333E-9	-1.32411E+1	2.22571E-2	-2.16603E-1
6.64725E+11	2.05016E-9	-1.20476E+1	2.07579E-1	1.38992E-1
6.64900E+11	1.78526E-9	-1.24713E+1	-1.73256E-1	1.63061E-1
6.65075E+11	1.54744E-9	-1.28469E+1	-1.58644E-1	-1.63552E-1
6.65250E+11	7.08083E-10	-1.34339E+1	1.73858E-1	-1.22990E-1
6.65425E+11	8.12088E-10	-1.37277E+1	5.70519E-2	1.97819E-1
6.65600E+11	1.13309E-9	-1.36891E+1	-1.90265E-1	-8.10210E-2
6.65775E+11	9.51943E-10	-1.41206E+1	1.83847E-1	-7.01462E-2
6.65950E+11	7.79500E-10	-1.44187E+1	-3.47497E-2	1.86934E-1
6.66125E+11	7.53912E-10	-1.32032E+1	-1.96413E-1	-9.61731E-2
6.66300E+11	1.16268E-9	-1.31032E+1	9.93876E-2	-1.97647E-1
6.66475E+11	1.55509E-9	-1.14529E+1	2.36656E-1	1.24744E-1
6.66650E+11	1.34325E-9	-1.10700E+1	-2.12762E-1	1.81371E-1
6.66825E+11	1.93097E-9	-1.13329E+1	-4.48919E-2	-2.67500E-1
6.67000E+11	1.26321E-9	-1.14021E+1	2.33263E-1	1.34155E-1
6.67175E+11	1.45205E-9	-1.25124E+1	-2.07445E-1	1.14193E-1
6.67350E+11	2.23685E-9	-1.20095E+1	-7.34850E-2	-2.39911E-1
6.67525E+11	2.48689E-9	-1.12978E+1	2.64260E-1	-6.58469E-2
6.67700E+11	2.18576E-9	-1.16240E+1	8.60348E-2	2.47788E-1
6.67875E+11	2.76300E-9	-1.21321E+1	-2.28865E-1	9.39492E-2
6.68050E+11	1.69644E-9	-1.23319E+1	-2.03980E-2	-2.40910E-1
6.68225E+11	1.80832E-9	-1.29655E+1	1.88874E-1	1.21839E-1
6.68400E+11	1.22962E-9	-1.39740E+1	-1.85214E-1	7.58021E-2
6.68575E+11	7.75500E-10	-1.54485E+1	3.66362E-3	-1.68840E-1
6.68750E+11	8.74485E-10	-1.63095E+1	1.52847E-1	-5.36931E-3
6.68925E+11	6.58453E-10	-1.63182E+1	7.73046E-3	1.52592E-1
6.69100E+11	9.32749E-10	-1.49523E+1	-1.74971E-1	-3.68378E-2
6.69275E+11	8.42036E-10	-1.51906E+1	1.45756E-1	-9.49746E-2
6.69450E+11	4.91978E-10	-1.65151E+1	-2.47520E-2	1.47298E-1
6.69625E+11	4.04863E-10	-1.75106E+1	-9.25434E-2	-9.57868E-2
6.69800E+11	2.52550E-10	-1.81139E+1	1.07709E-1	-6.19470E-2
6.69975E+11	2.78087E-10	-1.92088E+1	6.35567E-2	8.92121E-2
6.70150E+11	2.08012E-10	-2.04271E+1	-4.49392E-2	8.39280E-2
6.70325E+11	1.25729E-10	-2.08181E+1	-8.04445E-2	-4.25648E-2
6.70500E+11	2.07516E-10	-1.95756E+1	7.22506E-2	-7.61993E-2
6.70675E+11	1.54719E-10	-1.91684E+1	-5.24536E-3	1.09922E-1
6.70850E+11	2.06414E-10	-2.06352E+1	-7.03793E-2	-6.07125E-2
6.71025E+11	1.71205E-10	-2.05005E+1	7.76501E-2	-5.36836E-2
6.71200E+11	2.04996E-10	-2.16979E+1	5.09377E-2	6.45708E-2
6.71375E+11	1.71635E-10	-2.06523E+1	-5.03842E-2	7.78891E-2
6.71550E+11	1.06518E-10	-2.17547E+1	-6.88204E-2	-4.40448E-2
6.71725E+11	1.63344E-10	-2.05253E+1	6.89100E-2	-6.41254E-2
6.71900E+11	2.20900E-10	-1.81766E+1	-5.83336E-3	1.23221E-1
6.72075E+11	2.99402E-10	-1.78122E+1	-8.18662E-2	-9.92336E-2
6.72250E+11	2.04765E-10	-1.74320E+1	1.33011E-1	-1.92777E-2
6.72425E+11	1.81533E-10	-1.89352E+1	1.06945E-2	1.12535E-1
6.72600E+11	1.92660E-10	-1.98582E+1	-1.00193E-1	1.71276E-2
6.72775E+11	1.60316E-10	-1.90944E+1	2.48943E-3	-1.10961E-1
6.72950E+11	1.42122E-10	-1.90426E+1	9.83029E-2	5.29414E-2
6.73125E+11	1.99850E-10	-1.90823E+1	-1.09070E-1	2.13744E-2
6.73300E+11	3.36984E-10	-1.73717E+1	5.58446E-2	-1.23277E-1
6.73475E+11	2.09911E-10	-1.71673E+1	7.64835E-2	1.15538E-1
6.73650E+11	3.47763E-10	-1.62196E+1	-1.33673E-1	7.75371E-2
6.73825E+11	2.84126E-10	-1.59643E+1	-7.83595E-2	-1.38513E-1
6.74000E+11	3.86492E-10	-1.56979E+1	1.57716E-1	-4.53217E-2
6.74175E+11	4.06720E-10	-1.44140E+1	-2.04545E-2	1.89135E-1
6.74350E+11	7.08006E-10	-1.37783E+1	-1.27970E-1	-1.59747E-1
6.74525E+11	4.16823E-10	-1.41160E+1	1.96677E-1	-8.91465E-3
6.74700E+11	4.58361E-10	-1.26402E+1	-7.53276E-2	2.20848E-1
6.74875E+11	9.88496E-10	-1.22143E+1	-1.99559E-1	-1.42247E-1
6.75050E+11	1.01743E-9	-1.27468E+1	1.83090E-1	-1.40021E-1
6.75225E+11	7.77291E-10	-1.29840E+1	5.69776E-2	2.16927E-1
6.75400E+11	6.86717E-10	-1.27748E+1	-2.13115E-1	-8.58339E-2
6.75575E+11	8.54438E-10	-1.31879E+1	1.91056E-1	-1.07209E-1
6.75750E+11	1.14164E-9	-1.33753E+1	-2.20394E-2	2.13269E-1
6.75925E+11	9.18400E-10	-1.39535E+1	-1.76943E-1	-9.45004E-2
6.76100E+11	7.04084E-10	-1.44731E+1	9.69123E-2	-1.62202E-1
6.76275E+11	1.60930E-9	-1.28232E+1	2.01220E-1	1.08222E-1
6.76450E+11	2.32310E-9	-1.13297E+1	-1.98996E-1	1.84462E-1
6.76625E+11	2.63188E-9	-1.08678E+1	-2.39158E-2	-2.85161E-1
6.76800E+11	3.48687E-9	-1.13315E+1	2.37083E-1	1.31858E-1
6.76975E+11	1.38761E-9	-1.14468E+1	-1.87651E-1	1.90931E-1
6.77150E+11	3.48420E-9	-1.15595E+1	-1.56026E-1	-2.13276E-1
6.77325E+11	1.22341E-9	-1.21051E+1	2.16175E-1	-1.21884E-1
6.77500E+11	1.37393E-9	-1.18496E+1	1.06794E-1	2.32193E-1
6.77675E+11	1.04962E-9	-1.22909E+1	-2.39887E-1	3.82379E-2
6.77850E+11	9.77638E-10	-1.18836E+1	5.95442E-2	-2.47515E-1
6.78025E+11	8.76693E-10	-1.21184E+1	1.94641E-1	1.53342E-1
6.78200E+11	6.49485E-10	-1.24992E+1	-2.05359E-1	1.18626E-1
6.78375E+11	7.63475E-10	-1.30705E+1	-7.30218E-2	-2.09714E-1
6.78550E+11	5.86486E-10	-1.37414E+1	2.00042E-1	-4.72968E-2
6.78725E+11	2.49087E-10	-1.48351E+1	-1.67113E-2	1.80464E-1
6.78900E+11	2.92607E-10	-1.55779E+1	-1.41533E-1	-8.74705E-2
6.79075E+11	2.97611E-10	-1.43426E+1	1.40350E-1	-1.30739E-1
6.79250E+11	4.89595E-10	-1.23042E+1	-2.70488E-2	2.41030E-1
6.79425E+11	3.31872E-10	-1.39515E+1	-1.74885E-1	-9.83529E-2
6.79600E+11	2.27255E-10	-1.49011E+1	9.15484E-2	-1.54822E-1
6.79775E+11	2.40988E-10	-1.57887E+1	1.36272E-1	8.83251E-2
6.79950E+11	1.90511E-10	-1.60013E+1	-1.09425E-1	1.14619E-1
6.80125E+11	1.97681E-10	-1.67203E+1	-2.85505E-2	-1.43054E-1
6.80300E+11	2.19726E-10	-1.60068E+1	1.43188E-1	6.76530E-2
6.80475E+11	1.56582E-10	-1.61814E+1	-1.06382E-1	1.13023E-1
6.80650E+11	1.48502E-10	-1.55362E+1	-1.12192E-1	-1.23947E-1
6.80825E+11	1.52465E-10	-1.62677E+1	8.45849E-2	-1.28306E-1
6.81000E+11	1.89007E-10	-1.56264E+1	1.49915E-1	7.00040E-2
6.81175E+11	1.07778E-10	-1.66435E+1	-4.52626E-2	1.40040E-1
6.81350E+11	1.35608E-10	-1.62526E+1	-9.49641E-2	-1.21168E-1
6.81525E+11	1.51301E-10	-1.70016E+1	1.40326E-1	-1.59357E-2
6.81700E+11	1.83387E-10	-1.73152E+1	-5.00393E-2	1.26696E-1
6.81875E+11	2.39868E-10	-1.75879E+1	-1.28499E-1	-3.02414E-2
6.82050E+11	3.50550E-10	-1.62257E+1	-2.28635E-2	-1.52723E-1
6.82225E+11	2.71244E-10	-1.58848E+1	1.48242E-1	-6.17952E-2
6.82400E+11	3.24930E-10	-1.56609E+1	7.74620E-2	1.45460E-1
6.82575E+11	1.75318E-10	-1.60147E+1	-1.55377E-1	2.98689E-2
6.82750E+11	2.78886E-10	-1.62917E+1	5.56356E-2	-1.42800E-1
6.82925E+11	2.81588E-10	-1.56014E+1	9.42427E-2	1.36571E-1
6.83100E+11	3.47558E-10	-1.50153E+1	-1.70049E-1	5.09391E-2
6.83275E+11	2.12653E-10	-1.48568E+1	-6.19992E-2	-1.69821E-1
6.83450E+11	2.09913E-10	-1.55151E+1	1.21515E-1	-1.15412E-1
6.83625E+11	2.61694E-10	-1.59399E+1	1.47562E-1	6.07844E-2
6.83800E+11	4.38229E-10	-1.34471E+1	-4.42724E-2	2.07981E-1
6.83975E+11	5.75562E-10	-1.28014E+1	-1.80958E-1	-1.40422E-1
6.84150E+11	4.26569E-10	-1.24922E+1	2.16700E-1	-9.68342E-2
6.84325E+11	4.43219E-10	-1.18544E+1	3.87386E-3	2.55405E-1
6.84500E+11	6.09989E-10	-1.19616E+1	-2.49652E-1	-3.64684E-2
6.84675E+11	5.95350E-10	-1.17493E+1	3.90347E-2	-2.55582E-1
6.84850E+11	6.23161E-10	-1.02323E+1	2.93720E-1	9.23070E-2
6.85025E+11	8.32530E-10	-9.92694E+0	-1.93707E-1	2.53326E-1
6.85200E+11	1.45030E-9	-9.36799E+0	-1.23131E-1	-3.17023E-1
6.85375E+11	1.35953E-9	-9.23506E+0	3.38413E-1	6.88242E-2
6.85550E+11	1.05498E-9	-9.85481E+0	-2.30627E-1	2.24078E-1
6.85725E+11	8.03726E-10	-1.12730E+1	-1.35553E-1	-2.37106E-1
6.85900E+11	5.67229E-10	-1.29581E+1	1.94837E-1	-1.12442E-1
6.86075E+11	3.44202E-10	-1.37943E+1	9.57445E-2	1.80484E-1
6.86250E+11	3.72421E-10	-1.36692E+1	-1.82930E-1	9.74561E-2
6.86425E+11	3.95459E-10	-1.13286E+1	-4.97484E-2	-2.66778E-1
6.86600E+11	7.90255E-10	-8.63253E+0	3.17718E-1	1.89904E-1
6.86775E+11	7.42688E-10	-9.13610E+0	-3.12195E-1	1.56661E-1
6.86950E+11	6.28893E-10	-1.00636E+1	-9.58805E-2	-2.98919E-1
6.87125E+11	5.12990E-10	-9.90448E+0	2.97796E-1	-1.16368E-1
6.87300E+11	5.28063E-10	-7.77450E+0	1.52906E-1	3.78888E-1
6.87475E+11	3.33029E-10	-6.36573E+0	-4.77849E-1	5.06223E-2
6.87650E+11	2.58425E-10	-6.61659E+0	1.31787E-1	-4.47855E-1
6.87825E+11	4.08796E-10	-6.51165E+0	3.19686E-1	3.47956E-1
6.88000E+11	2.05001E-10	-7.51720E+0	-4.13524E-1	7.82483E-2
6.88175E+11	2.08131E-10	-8.45026E+0	6.82906E-2	-3.71776E-1
6.88350E+11	1.88569E-10	-1.05478E+1	2.72078E-1	1.18842E-1
6.88525E+11	9.94139E-11	-1.24568E+1	-1.13683E-1	2.09457E-1
6.88700E+11	9.40372E-11	-1.29932E+1	-1.62623E-1	-1.54113E-1
6.88875E+11	5.99558E-11	-1.27150E+1	1.69324E-1	-1.57631E-1
6.89050E+11	6.06522E-11	-1.25921E+1	6.65035E-2	2.25015E-1
6.89225E+11	6.52444E-11	-1.16660E+1	-2.61021E-1	-2.79400E-3
6.89400E+11	6.08244E-11	-1.10641E+1	8.64233E-2	-2.66081E-1
6.89575E+11	6.65432E-11	-1.13880E+1	1.91542E-1	1.89621E-1
6.89750E+11	2.59434E-11	-1.62160E+1	-1.42637E-1	5.96225E-2
6.89925E+11	2.50412E-11	-1.59882E+1	6.58632E-2	-1.44393E-1
6.90100E+11	2.11794E-11	-1.81510E+1	6.47968E-2	1.05398E-1
6.90275E+11	2.71520E-11	-1.69215E+1	-1.33004E-1	5.12488E-2
6.90450E+11	1.46514E-11	-1.87587E+1	6.07940E-3	-1.15202E-1
6.90625E+11	2.97569E-11	-1.61499E+1	1.54198E-1	2.21306E-2
6.90800E+11	1.35467E-11	-1.86973E+1	-4.48388E-2	1.07180E-1
6.90975E+11	1.89627E-11	-2.04597E+1	-8.03939E-2	-5.03232E-2
6.91150E+11	1.18350E-11	-2.33571E+1	6.14827E-2	-2.89166E-2
6.91325E+11	1.55595E-11	-2.04143E+1	-1.37477E-2	9.43459E-2
6.91500E+11	2.18776E-11	-2.07244E+1	-4.80322E-2	-7.84637E-2
6.91675E+11	1.40205E-11	-2.07137E+1	8.56475E-2	-3.38988E-2
6.91850E+11	6.31553E-12	-2.12567E+1	5.35605E-2	6.79608E-2
6.92025E+11	9.10336E-12	-2.06553E+1	-7.35885E-2	5.64287E-2
6.92200E+11	2.28620E-11	-1.84637E+1	1.21121E-2	-1.18732E-1
6.92375E+11	1.31145E-11	-2.18766E+1	2.30981E-2	7.71871E-2
6.92550E+11	1.57521E-11	-2.10197E+1	-8.43646E-2	-2.81067E-2
6.92725E+11	9.78328E-12	-2.42847E+1	6.09352E-2	3.91939E-3
6.92900E+11	7.44236E-12	-2.52105E+1	-3.06531E-2	4.55305E-2
6.93075E+11	6.44263E-12	-2.67835E+1	-4.57956E-2	1.30927E-4
6.93250E+11	7.80577E-12	-2.59249E+1	-6.43399E-3	-5.01428E-2
6.93425E+11	5.49806E-12	-2.72717E+1	3.89803E-2	-1.88362E-2
6.93600E+11	7.49563E-12	-2.72878E+1	-2.87043E-2	3.23015E-2
6.93775E+11	1.69807E-11	-2.40538E+1	-2.63358E-2	-5.69080E-2
6.93950E+11	5.77615E-11	-2.11568E+1	6.13479E-2	6.24345E-2
6.94125E+11	5.14578E-11	-2.10303E+1	-8.80592E-2	1.15565E-2
6.94300E+11	4.95755E-11	-2.04114E+1	1.62453E-2	-9.39805E-2
6.94475E+11	5.44008E-11	-2.00801E+1	9.90807E-2	-4.44880E-4
6.94650E+11	4.66666E-11	-2.18376E+1	-8.06480E-3	8.05288E-2
6.94825E+11	2.18885E-11	-2.22797E+1	-7.49601E-2	-1.72330E-2
6.95000E+11	5.35163E-11	-2.01746E+1	6.79975E-2	-7.05859E-2
6.95175E+11	7.13975E-11	-1.85146E+1	-2.58692E-2	1.15797E-1
6.95350E+11	4.80639E-11	-1.94004E+1	-4.41192E-2	-9.76415E-2
6.95525E+11	1.81231E-11	-2.22212E+1	7.69687E-2	-8.49314E-3
6.95700E+11	2.45041E-11	-2.06224E+1	-1.53886E-2	9.18038E-2
6.95875E+11	3.98354E-11	-1.81929E+1	-1.15361E-1	-4.30368E-2
6.96050E+11	3.35895E-11	-1.82527E+1	1.12722E-1	-4.73991E-2
6.96225E+11	2.29865E-11	-1.79581E+1	-3.68138E-2	1.21025E-1
6.96400E+11	2.85481E-11	-1.86426E+1	-3.20743E-2	-1.12429E-1
6.96575E+11	2.72734E-11	-1.87414E+1	1.14621E-1	1.49536E-2
6.96750E+11	5.33327E-11	-1.57489E+1	-5.43594E-2	1.53815E-1
6.96925E+11	3.32781E-11	-1.85361E+1	-7.94369E-2	-8.77388E-2
6.97100E+11	1.22223E-11	-2.09647E+1	8.94285E-2	-3.27033E-3
6.97275E+11	8.26573E-12	-2.31997E+1	4.81560E-4	6.91836E-2
6.97450E+11	9.50169E-13	-3.11512E+1	-2.13723E-2	-1.76175E-2
6.97625E+11	4.91614E-12	-2.38391E+1	6.40895E-2	-4.88965E-3
6.97800E+11	3.06730E-12	-2.50274E+1	-2.31975E-2	5.10323E-2
6.97975E+11	1.34529E-12	-2.98421E+1	-2.75078E-2	-1.67439E-2
6.98150E+11	9.62001E-13	-2.93539E+1	-2.56613E-3	-3.39678E-2
6.98325E+11	4.20105E-12	-2.50484E+1	5.15606E-2	-2.16501E-2
6.98500E+11	1.94925E-12	-2.82234E+1	1.32704E-2	3.64599E-2
6.98675E+11	1.01824E-11	-1.92322E+1	-8.01891E-2	-7.41855E-2
6.98850E+11	9.94543E-14	-3.81895E+1	-4.76710E-3	1.13577E-2
6.99025E+11	7.14869E-13	-2.94667E+1	2.76961E-2	1.90677E-2
6.99200E+11	7.52823E-13	-2.74548E+1	-3.50315E-2	-2.38677E-2
6.99375E+11	2.36117E-12	-2.68389E+1	-4.15008E-2	-1.86635E-2
6.99550E+11	3.99286E-12	-2.55217E+1	1.95628E-2	-4.92100E-2
6.99725E+11	1.66658E-12	-3.03329E+1	3.04327E-2	2.46556E-4
6.99900E+11	2.46838E-12	-2.92219E+1	-3.41831E-2	5.26528E-3
7.00075E+11	2.16483E-12	-2.83944E+1	-1.72829E-2	-3.38909E-2
7.00250E+11	6.55436E-14	-4.47456E+1	3.95287E-3	-4.23151E-3
7.00425E+11	3.94164E-12	-2.37792E+1	2.25687E-2	6.06576E-2
7.00600E+11	3.61959E-13	-3.66080E+1	7.95372E-3	1.24544E-2
7.00775E+11	6.15122E-12	-2.09801E+1	-4.59100E-2	-7.66294E-2
7.00950E+11	1.68209E-12	-2.83667E+1	2.14612E-2	-3.15593E-2
7.01125E+11	2.33629E-12	-2.83426E+1	2.07802E-2	3.21381E-2
7.01300E+11	3.13269E-12	-3.00071E+1	-2.78194E-2	-1.49815E-2
7.01475E+11	1.41328E-12	-3.25363E+1	6.05596E-3	-2.28251E-2
7.01650E+11	3.42126E-12	-3.03855E+1	2.93924E-2	-7.15205E-3
7.01825E+11	2.42333E-12	-3.15712E+1	-1.33411E-2	2.27693E-2
7.02000E+11	5.40581E-12	-2.81587E+1	-3.09528E-2	-2.38734E-2
7.02175E+11	1.81700E-12	-3.07427E+1	5.65601E-4	-2.90257E-2
7.02350E+11	9.68363E-12	-2.60099E+1	2.96910E-2	4.03066E-2
7.02525E+11	2.82668E-12	-3.12736E+1	-1.51603E-2	2.27157E-2
7.02700E+11	1.29321E-11	-2.57448E+1	-1.79115E-2	-4.84057E-2
7.02875E+11	8.51572E-12	-2.76652E+1	3.97681E-2	-1.14203E-2
7.03050E+11	6.02133E-12	-2.84782E+1	1.81690E-3	3.76342E-2
7.03225E+11	1.21010E-11	-2.53125E+1	-5.24802E-2	-1.37325E-2
7.03400E+11	2.19667E-11	-2.32688E+1	5.98685E-2	-3.35679E-2
7.03575E+11	3.09426E-11	-2.18420E+1	-1.14511E-2	8.00760E-2
7.03750E+11	5.47271E-11	-2.02081E+1	-9.65418E-2	-1.45558E-2
7.03925E+11	7.96484E-11	-1.81574E+1	-2.68685E-3	-1.23602E-1
7.04100E+11	8.27304E-11	-1.80297E+1	1.22972E-1	-2.48729E-2
7.04275E+11	1.09877E-10	-1.68007E+1	1.31963E-2	1.43929E-1
7.04450E+11	7.07502E-11	-1.79816E+1	-1.23400E-1	-2.62462E-2
7.04625E+11	1.32619E-10	-1.47497E+1	1.31435E-1	-1.27371E-1
7.04800E+11	1.39410E-10	-1.46959E+1	3.18204E-2	1.81395E-1
7.04975E+11	1.15969E-10	-1.44873E+1	-1.83338E-1	-4.44148E-2
7.05150E+11	1.54253E-10	-1.41369E+1	2.18420E-2	-1.95188E-1
7.05325E+11	3.51108E-10	-1.23133E+1	2.32718E-1	6.74285E-2
7.05500E+11	1.64343E-10	-1.26647E+1	-1.26590E-1	1.95233E-1
7.05675E+11	2.33938E-10	-1.28311E+1	-1.36237E-1	-1.83156E-1
7.05850E+11	1.57323E-10	-1.22778E+1	2.43095E-1	9.50345E-3
7.06025E+11	2.77239E-10	-1.19831E+1	-1.18454E-1	2.22059E-1
7.06200E+11	2.14056E-10	-1.20996E+1	-1.85916E-1	-1.64622E-1
7.06375E+11	6.70638E-11	-1.42855E+1	1.33033E-1	-1.39929E-1
7.06550E+11	1.45015E-10	-1.28511E+1	1.27269E-1	1.88863E-1
7.06725E+11	5.59760E-11	-1.34386E+1	-2.12828E-1	-2.92662E-3
7.06900E+11	1.38150E-10	-1.23759E+1	1.90348E-1	-1.47076E-1
7.07075E+11	8.96045E-11	-1.24157E+1	-2.32960E-2	2.38315E-1
7.07250E+11	1.01963E-10	-1.15586E+1	-2.21018E-1	-1.44902E-1
7.07425E+11	4.92976E-11	-1.25451E+1	1.55234E-1	-1.77640E-1
7.07600E+11	3.89908E-11	-1.30073E+1	1.79962E-1	1.32847E-1
7.07775E+11	2.62514E-11	-1.61328E+1	-1.24921E-1	9.35799E-2
7.07950E+11	4.50357E-11	-1.40342E+1	-1.41814E-1	-1.39239E-1
7.08125E+11	2.80993E-11	-1.50728E+1	1.72570E-1	3.62851E-2
7.08300E+11	2.81302E-11	-1.31578E+1	-1.39582E-1	1.69843E-1
7.08475E+11	2.11921E-11	-1.29908E+1	-8.86495E-2	-2.05831E-1
7.08650E+11	2.63433E-11	-1.25192E+1	2.34582E-1	-3.09495E-2
7.08825E+11	1.26466E-11	-1.61947E+1	1.15853E-1	1.02936E-1
7.09000E+11	1.28363E-11	-1.60118E+1	-8.57297E-2	1.33046E-1
7.09175E+11	9.78860E-12	-1.69646E+1	-1.22806E-1	-7.09539E-2
7.09350E+11	1.27972E-11	-1.79959E+1	1.25880E-1	-4.27178E-3
7.09525E+11	2.24191E-11	-1.81324E+1	-5.00714E-2	1.13428E-1
7.09700E+11	8.05013E-12	-2.14036E+1	-5.16664E-2	-6.75939E-2
7.09875E+11	2.14744E-11	-1.69129E+1	1.13538E-1	-8.64060E-2
7.10050E+11	5.68664E-12	-2.28095E+1	5.63311E-2	4.54250E-2
7.10225E+11	7.88876E-12	-2.21642E+1	-3.87707E-3	7.78492E-2
7.10400E+11	1.75987E-11	-1.74263E+1	-1.29869E-1	-3.49481E-2
7.10575E+11	9.11876E-12	-1.99685E+1	2.85275E-2	-9.62237E-2
7.10750E+11	1.12407E-11	-2.10407E+1	7.03598E-2	5.40244E-2
7.10925E+11	9.25891E-12	-2.06110E+1	-9.17929E-2	1.61731E-2
7.11100E+11	6.75711E-12	-1.88906E+1	2.03180E-2	-1.11793E-1
7.11275E+11	1.12235E-11	-2.02781E+1	5.67286E-2	7.84956E-2
7.11450E+11	1.31467E-11	-1.96509E+1	-5.26760E-2	8.97900E-2
7.11625E+11	1.61289E-11	-1.98228E+1	-6.72618E-2	-7.67619E-2
7.11800E+11	1.63645E-11	-2.02151E+1	9.11752E-2	-3.46970E-2
7.11975E+11	6.07963E-12	-2.33354E+1	2.07097E-2	6.48880E-2
7.12150E+11	2.14050E-11	-1.85801E+1	-1.07161E-1	-4.88219E-2
7.12325E+11	8.52212E-12	-2.31205E+1	4.30663E-2	-5.49548E-2
7.12500E+11	2.47683E-11	-1.92008E+1	9.29699E-2	5.81126E-2
7.12675E+11	1.97749E-11	-1.85829E+1	-1.02023E-1	5.87344E-2
7.12850E+11	1.14232E-11	-1.98463E+1	-4.44045E-2	-9.15888E-2
7.13025E+11	1.87555E-11	-1.74677E+1	1.29146E-1	3.51717E-2
7.13200E+11	4.62429E-11	-1.43841E+1	-9.10655E-2	1.67774E-1
7.13375E+11	2.22265E-11	-1.64438E+1	-1.03795E-1	-1.09113E-1
7.13550E+11	3.72594E-11	-1.39884E+1	1.41007E-1	-1.41542E-1
7.13725E+11	3.85883E-11	-1.09648E+1	2.20646E-1	1.77186E-1
7.13900E+11	5.19865E-11	-9.14897E+0	-2.89004E-1	1.95254E-1
7.14075E+11	8.71277E-11	-7.69380E+0	-7.71765E-2	-4.05106E-1
7.14250E+11	1.09024E-10	-4.47236E+0	4.53566E-1	3.89045E-1
7.14425E+11	1.61483E-10	-2.35011E+0	-7.61274E-1	5.05003E-2
7.14600E+11	1.02810E-10	-2.03268E+0	2.93171E-1	-7.35036E-1
7.14775E+11	1.19313E-10	-1.43371E+0	6.88153E-1	4.95258E-1
7.14950E+11	6.93804E-11	-3.26137E+0	-5.49230E-1	4.12627E-1
7.15125E+11	8.05389E-11	-1.26461E+0	-3.48080E-1	-7.91338E-1
7.15300E+11	7.61485E-11	-2.16575E+0	7.79273E-1	8.02110E-3
7.15475E+11	3.98988E-11	-2.48615E+0	-3.99038E-1	6.36322E-1
7.15650E+11	8.34195E-11	2.04371E-1	-2.76200E-1	-9.85848E-1
7.15825E+11	1.01851E-10	2.19352E+0	1.27930E+0	1.43180E-1
7.16000E+11	6.82295E-11	-2.17488E+0	-3.69455E-1	6.85243E-1
7.16175E+11	3.25172E-11	-9.79727E-1	-6.45167E-1	-6.17903E-1
7.16350E+11	5.00018E-11	2.00286E-1	1.01962E+0	-8.70208E-2
7.16525E+11	4.88448E-11	4.30125E+0	3.10761E-3	1.64082E+0
7.16700E+11	1.82061E-11	-2.37165E+0	-7.19145E-1	-2.49076E-1
7.16875E+11	2.66220E-11	-2.05126E-1	9.74045E-1	7.14300E-2
7.17050E+11	3.14813E-11	-1.79250E+0	-1.74233E-1	7.94656E-1
7.17225E+11	7.88881E-12	-4.01091E+0	-5.89580E-1	-2.22494E-1
7.17400E+11	7.30234E-12	-1.62999E+0	7.15020E-1	-4.19304E-1
7.17575E+11	1.95482E-11	-2.04663E+0	6.12961E-1	4.98496E-1
7.17750E+11	4.06500E-12	-7.64224E+0	-3.62695E-1	-2.01371E-1
7.17925E+11	2.95438E-13	-1.43057E+1	-1.88739E-1	3.85019E-2
7.18100E+11	3.23094E-12	-6.13817E+0	4.32417E-1	2.37357E-1
7.18275E+11	2.22207E-12	-7.33193E+0	2.70043E-1	3.34547E-1
7.18450E+11	6.11168E-12	-9.32532E-1	-8.98000E-1	-1.89927E-2
7.18625E+11	2.62562E-12	-6.11816E+0	3.43404E-1	-3.55697E-1
7.18800E+11	2.18892E-12	-6.24174E+0	1.80157E-1	4.52915E-1
7.18975E+11	2.79880E-12	-5.49654E+0	-2.52446E-1	4.67262E-1
7.19150E+11	2.06166E-12	-6.57074E+0	-2.18622E-1	-4.15282E-1
7.19325E+11	4.82282E-13	-1.49637E+1	1.72183E-1	-4.73368E-2
7.19500E+11	1.49579E-14	-3.22797E+1	8.64278E-3	2.27355E-2
7.19675E+11	7.35067E-13	-1.68227E+1	-7.40838E-2	1.23676E-1
7.19850E+11	3.01051E-12	-1.05515E+1	7.49792E-2	-2.87145E-1
7.20025E+11	3.15663E-12	-7.07588E+0	4.37374E-1	6.90985E-2
7.20200E+11	6.82874E-12	-6.71991E+0	9.23539E-2	4.51984E-1
7.20375E+11	3.68447E-13	-2.28651E+1	-3.30348E-2	-6.38643E-2
7.20550E+11	5.73999E-13	-1.87659E+1	-1.09328E-1	-3.65201E-2
7.20725E+11	1.33782E-12	-1.71633E+1	1.23852E-1	-6.22638E-2
7.20900E+11	2.51143E-12	-1.28774E+1	7.18832E-2	2.15376E-1
7.21075E+11	1.13913E-12	-1.55525E+1	-1.43229E-1	8.56195E-2
7.21250E+11	4.90566E-13	-1.63446E+1	-1.50753E-1	2.18227E-2
7.21425E+11	1.25097E-12	-1.57795E+1	1.30049E-1	-9.75413E-2
7.21600E+11	1.19530E-12	-1.43579E+1	2.02103E-2	1.90402E-1
7.21775E+11	9.34960E-13	-1.60608E+1	-1.42769E-1	-6.62308E-2
7.21950E+11	1.01531E-12	-8.14035E+0	2.60531E-1	-2.92528E-1
7.22125E+11	6.35291E-13	-1.03261E+1	2.51030E-1	1.72480E-1
7.22300E+11	1.05466E-12	-1.08808E+1	-3.46306E-2	2.83628E-1
7.22475E+11	2.01767E-12	-7.59714E+0	-4.03868E-1	-1.03852E-1
7.22650E+11	5.87586E-13	-5.59516E+0	-3.12977E-1	-4.21634E-1
7.22825E+11	8.05187E-13	-1.19274E+1	2.51835E-1	-2.71802E-2
7.23000E+11	1.86483E-12	6.37208E-1	-1.04679E+0	2.49541E-1
7.23175E+11	8.88717E-13	-5.86886E+0	4.66096E-1	2.04069E-1
7.23350E+11	8.43380E-13	1.68857E+0	-3.69363E-1	1.15706E+0
7.23525E+11	1.56755E-12	1.39701E+1	3.89837E+0	3.12240E+0
7.23700E+11	1.44194E-12	-6.77029E+0	4.34776E-1	-1.46061E-1
7.23875E+11	3.73337E-12	-5.29682E+0	4.71940E-1	-2.69462E-1
7.24050E+11	7.73232E-12	7.45063E+0	-2.34802E+0	2.15946E-1
7.24225E+11	2.61797E-12	-2.06018E+0	-2.30760E-1	-7.54337E-1
7.24400E+11	2.84343E-12	6.94764E+0	2.22453E+0	-5.73003E-2
7.24575E+11	1.72757E-12	1.42715E+0	-1.15764E+0	-2.21142E-1
7.24750E+11	6.30123E-13	-3.38331E+0	-4.32425E-2	-6.76002E-1
7.24925E+11	3.65303E-12	1.54976E+0	4.35764E-1	1.11307E+0
7.25100E+11	2.70747E-12	2.89153E+0	-1.72720E-1	-1.38427E+0
7.25275E+11	2.51595E-12	5.46902E+0	1.18559E+0	1.45509E+0
7.25450E+11	1.52976E-12	1.53280E+0	-1.54529E-1	-1.18295E+0
7.25625E+11	4.88714E-12	5.89891E+0	-1.73244E+0	9.42413E-1
7.25800E+11	4.83784E-12	9.11338E+0	8.62771E-1	-2.72195E+0
7.25975E+11	3.34901E-14	-5.01625E+0	-4.78047E-1	2.94140E-1
7.26150E+11	1.25643E-12	-1.48352E+0	-6.30031E-1	-5.60088E-1
7.26325E+11	8.54398E-14	-5.78685E+0	-3.14213E-1	4.06319E-1
7.26500E+11	4.38626E-14	-1.49916E+1	1.44156E-1	1.04419E-1
7.26675E+11	7.62206E-13	5.46999E+0	-1.59069E+0	-9.96697E-1
7.26850E+11	1.98748E-12	5.47855E+0	-1.33760E+0	1.31965E+0
7.27025E+11	1.15556E-13	-1.18005E+1	1.43092E-2	2.56626E-1
7.27200E+11	3.35262E-13	-9.59770E+0	2.28113E-1	-2.40146E-1
7.27375E+11	9.65627E-14	-2.06307E+1	-5.16765E-2	-7.73162E-2
7.27550E+11	1.54845E-13	-1.06183E+1	5.79130E-2	-2.88748E-1
7.27725E+11	1.03312E-13	-9.38077E+0	3.25841E-1	9.56703E-2
7.27900E+11	3.41359E-12	-1.33423E+0	-5.13003E-1	-6.87254E-1
7.28075E+11	1.49480E-13	-1.86887E+1	1.05309E-1	-4.93435E-2
7.28250E+11	3.41343E-13	-8.07273E+0	3.83433E-1	-9.40001E-2
7.28425E+11	2.11862E-12	-1.30371E+0	-8.60237E-1	-2.58676E-2
7.28600E+11	1.56594E-12	-8.80738E+0	2.61210E-1	-2.51736E-1
7.28775E+11	7.81466E-13	-7.10980E+0	1.49702E-1	4.14891E-1
7.28950E+11	2.75794E-12	5.42146E-1	2.48699E-4	1.06441E+0
7.29125E+11	3.11970E-12	-1.75328E+0	-3.28221E-1	7.48405E-1
7.29300E+11	3.23933E-13	-8.63115E+0	3.23268E-1	1.80415E-1
7.29475E+11	2.35865E-12	-1.91208E+0	-8.02344E-1	1.02852E-2
7.29650E+11	1.85920E-13	-1.75506E+1	1.27180E-1	3.74446E-2
7.29825E+11	3.65592E-13	-6.53537E+0	4.28578E-1	1.95901E-1
7.30000E+11	3.26291E-14	-2.19961E+1	-6.46792E-2	4.61721E-2
