4.50000E+11	2.54369E-12	-9.35921E+0	-3.36963E-1	4.85279E-2
4.50175E+11	1.90249E-12	-1.26864E+1	1.27124E-1	1.94192E-1
4.50350E+11	1.33115E-12	-1.34569E+1	-8.00701E-2	1.96730E-1
4.50525E+11	1.89796E-12	-1.39766E+1	-1.94645E-1	-4.62498E-2
4.50700E+11	2.52660E-13	-2.17245E+1	3.78998E-3	8.19053E-2
4.50875E+11	7.23088E-13	-1.41681E+1	1.45088E-1	-1.31334E-1
4.51050E+11	1.58061E-12	-1.30400E+1	8.50162E-2	2.05990E-1
4.51225E+11	9.63867E-13	-1.16099E+1	4.80226E-2	-2.58300E-1
4.51400E+11	1.16856E-12	-1.48915E+1	1.37855E-2	-1.79535E-1
4.51575E+11	2.33023E-12	-8.69472E+0	2.77187E-1	2.41305E-1
4.51750E+11	4.82262E-12	-1.93500E+0	-1.38158E-1	7.88279E-1
4.51925E+11	1.54641E-13	-1.46201E+1	-1.24991E-1	1.37444E-1
4.52100E+11	1.43720E-12	-1.11227E+1	9.95662E-2	-2.59434E-1
4.52275E+11	2.05012E-13	-2.48801E+1	-5.08043E-2	2.58789E-2
4.52450E+11	1.21843E-11	-1.31818E+1	-1.46774E-1	1.62854E-1
4.52625E+11	3.15275E-12	-2.46111E+1	-5.19315E-2	-2.75984E-2
4.52800E+11	1.34589E-11	-2.03591E+1	-3.46290E-2	-8.94827E-2
4.52975E+11	4.39771E-11	-1.75292E+1	7.59664E-2	-1.09055E-1
4.53150E+11	4.94056E-11	-2.05542E+1	9.32805E-2	-1.00347E-2
4.53325E+11	6.24126E-11	-2.07321E+1	1.39132E-2	9.08576E-2
4.53500E+11	3.68488E-11	-2.39618E+1	-6.33707E-2	-6.60739E-4
4.53675E+11	7.60944E-11	-2.08753E+1	2.04336E-2	-8.80747E-2
4.53850E+11	5.92256E-11	-2.26608E+1	7.12430E-2	1.85339E-2
4.54025E+11	8.81333E-11	-2.27960E+1	-6.71215E-3	7.21659E-2
4.54200E+11	9.27915E-11	-2.35200E+1	-6.66655E-2	1.43544E-3
4.54375E+11	5.85323E-11	-2.55428E+1	-1.48738E-2	-5.06903E-2
4.54550E+11	3.03533E-11	-2.76377E+1	4.12561E-2	4.54976E-3
4.54725E+11	2.19412E-11	-2.73923E+1	-8.30601E-3	4.18801E-2
4.54900E+11	1.50618E-11	-2.74028E+1	-3.29793E-2	-2.70353E-2
4.55075E+11	4.40070E-13	-4.09414E+1	6.66645E-3	-6.00579E-3
4.55250E+11	1.03474E-12	-3.51269E+1	1.73884E-2	2.18382E-3
4.55425E+11	1.70407E-13	-3.94741E+1	1.05185E-2	-1.49465E-3
4.55600E+11	6.37760E-12	-2.25743E+1	4.59559E-2	5.84467E-2
4.55775E+11	7.00088E-13	-2.78825E+1	-3.61415E-2	1.79485E-2
4.55950E+11	3.41618E-12	-1.60819E+1	4.35973E-2	-1.50827E-1
4.56125E+11	2.48650E-13	-1.96081E+1	-1.77341E-2	1.03101E-1
4.56300E+11	1.01799E-13	-1.59659E+1	-6.05140E-2	1.47156E-1
4.56475E+11	8.11736E-13	-1.27661E+1	2.29983E-1	6.55422E-4
4.56650E+11	4.50889E-13	-1.74250E+1	9.28088E-2	9.73610E-2
4.56825E+11	1.02363E-12	-1.82202E+1	-1.05563E-1	6.26253E-2
4.57000E+11	1.49083E-12	-1.66657E+1	-1.11753E-1	-9.51862E-2
4.57175E+11	4.31491E-13	-2.16081E+1	8.28438E-2	6.51179E-3
4.57350E+11	4.62135E-13	-1.82041E+1	-1.12362E-1	4.99595E-2
4.57525E+11	3.30559E-13	-2.02577E+1	-9.70615E-2	1.68943E-3
4.57700E+11	2.07851E-13	-2.04359E+1	9.23408E-2	2.27628E-2
4.57875E+11	2.54539E-12	-4.96441E+0	-5.44696E-1	1.48782E-1
4.58050E+11	3.44696E-13	-7.13276E+0	-4.35089E-1	-6.49332E-2
4.58225E+11	1.26305E-12	6.28084E+0	-1.06685E+0	-1.76319E+0
4.58400E+11	1.29084E-12	9.78309E+0	2.90267E+0	-1.04273E+0
4.58575E+11	3.69900E-13	-3.24478E+0	-2.04438E-1	-6.57210E-1
4.58750E+11	2.97431E-13	-5.01430E+0	3.58324E-1	-4.32195E-1
4.58925E+11	6.23012E-13	-1.30016E+1	1.90748E-1	1.17111E-1
4.59100E+11	1.91364E-13	-1.27680E+1	2.29163E-1	-1.87823E-2
4.59275E+11	2.88847E-12	-3.21057E+0	-2.85798E-2	-6.90398E-1
4.59450E+11	3.64318E-13	-9.23877E+0	3.16222E-2	3.43741E-1
4.59625E+11	8.63873E-13	-1.18438E+1	2.29210E-1	1.13442E-1
4.59800E+11	2.93151E-12	-2.81833E+0	-6.84866E-1	-2.31420E-1
4.59975E+11	4.03493E-12	-5.74431E+0	2.84709E-1	-4.30537E-1
4.60150E+11	1.91115E-12	-5.99590E-1	-1.93777E-1	9.12960E-1
4.60325E+11	4.23206E-12	1.90598E-1	-1.25623E-1	1.01444E+0
4.60500E+11	4.47066E-12	2.92599E+0	8.44930E-1	-1.11698E+0
4.60675E+11	1.81249E-12	-5.43611E+0	5.20188E-1	1.24176E-1
4.60850E+11	2.27233E-12	1.15652E+1	-6.86322E-1	-3.72399E+0
4.61025E+11	2.29189E-12	1.30292E+1	1.68953E+0	-4.15126E+0
4.61200E+11	7.63391E-14	-1.52641E+1	-1.29969E-1	-1.13425E-1
4.61375E+11	6.61450E-13	-8.62663E+0	-3.38074E-1	1.51329E-1
4.61550E+11	1.74750E-12	-3.18138E+0	-6.89998E-1	-6.77496E-2
4.61725E+11	2.04181E-12	-1.08704E+0	9.29186E-2	-8.77458E-1
4.61900E+11	7.28105E-13	-5.70968E+0	5.18199E-1	-4.94279E-3
4.62075E+11	3.36566E-12	-7.64267E-1	-8.62319E-1	-3.08288E-1
4.62250E+11	1.74814E-12	-4.15863E+0	-6.63551E-2	-6.15975E-1
4.62425E+11	9.17912E-13	-6.24097E+0	2.55899E-1	-4.14905E-1
4.62600E+11	2.26915E-12	-5.59243E+0	5.18062E-1	-8.66901E-2
4.62775E+11	1.57781E-12	6.31410E+0	-1.32349E+0	-1.58998E+0
4.62950E+11	1.41814E-13	-1.09225E+1	3.33515E-2	-2.82402E-1
4.63125E+11	3.39604E-13	-6.49106E+0	-1.46136E-1	4.50531E-1
4.63300E+11	1.84821E-12	6.03024E+0	1.13245E+0	1.65120E+0
4.63475E+11	1.28679E-12	5.04626E+0	1.78755E+0	2.82527E-2
4.63650E+11	3.03842E-13	-8.45944E+0	8.76584E-2	-3.67281E-1
4.63825E+11	9.69626E-13	2.00886E+1	1.71464E+0	9.95594E+0
4.64000E+11	3.72267E-12	-2.24051E+0	-7.40654E-1	2.19993E-1
4.64175E+11	1.54675E-12	-7.75003E+0	-5.65737E-2	-4.05806E-1
4.64350E+11	5.10550E-12	-2.63803E+0	4.44432E-1	5.89263E-1
4.64525E+11	8.20576E-12	4.86467E+0	-1.53315E+0	-8.45409E-1
4.64700E+11	1.02606E-11	4.48901E+0	-1.05496E+0	-1.30319E+0
4.64875E+11	4.19051E-11	5.11811E+0	1.25208E+0	1.29682E+0
4.65050E+11	3.05161E-11	3.16359E+0	-1.31041E+0	5.95544E-1
4.65225E+11	3.93941E-11	6.66461E+0	1.52163E+0	-1.52448E+0
4.65400E+11	5.04107E-11	4.03558E+0	1.44150E+0	6.74263E-1
4.65575E+11	6.75299E-11	3.58573E+0	-1.47430E+0	3.31331E-1
4.65750E+11	8.79997E-11	4.84923E+0	7.88000E-1	-1.55995E+0
4.65925E+11	2.10065E-10	4.63816E+0	1.57488E+0	6.55164E-1
4.66100E+11	4.32743E-10	7.05260E+0	-1.26723E+0	1.86201E+0
4.66275E+11	3.70798E-10	7.53451E+0	-1.23952E+0	-2.03270E+0
4.66450E+11	3.11641E-10	5.79352E+0	1.80667E+0	-7.29497E-1
4.66625E+11	2.48228E-10	5.62644E+0	7.84688E-1	1.74276E+0
4.66800E+11	2.64706E-10	5.93081E+0	-1.94078E+0	-3.89282E-1
4.66975E+11	1.65248E-10	5.66329E+0	1.10047E+0	-1.57259E+0
4.67150E+11	1.71710E-10	6.02331E+0	1.10477E+0	1.66793E+0
4.67325E+11	2.07800E-10	1.09086E+1	-2.55432E+0	2.40887E+0
4.67500E+11	2.26625E-10	8.93754E+0	-3.63943E-1	-2.77442E+0
4.67675E+11	1.68398E-10	1.17432E+1	3.84395E+0	-4.03772E-1
4.67850E+11	1.49862E-10	8.46700E+0	-3.24678E-1	2.63068E+0
4.68025E+11	9.17131E-11	9.24188E+0	-2.28691E+0	-1.77997E+0
4.68200E+11	8.37140E-11	5.45895E+0	6.77033E-1	-1.74825E+0
4.68375E+11	6.04813E-11	4.07864E+0	1.23541E+0	1.01566E+0
4.68550E+11	4.31970E-11	1.27291E+0	-1.02177E+0	5.44568E-1
4.68725E+11	4.70317E-11	-1.17116E+0	3.62993E-2	-8.73106E-1
4.68900E+11	2.94684E-11	-2.43990E+0	7.15570E-1	-2.41114E-1
4.69075E+11	4.46139E-11	-1.14266E+0	4.28394E-1	7.64943E-1
4.69250E+11	5.69823E-11	-2.34122E+0	-4.80863E-1	-5.93340E-1
4.69425E+11	5.94132E-11	-3.63891E+0	5.46359E-1	-3.66216E-1
4.69600E+11	2.80615E-11	-7.87596E+0	1.94540E-1	3.53887E-1
4.69775E+11	3.49545E-11	-7.32164E+0	-3.67348E-1	2.24363E-1
4.69950E+11	2.50362E-11	-9.78393E+0	-2.35511E-1	-2.22791E-1
4.70125E+11	3.57086E-11	-9.39291E+0	2.16892E-1	-2.60694E-1
4.70300E+11	4.77983E-11	-9.22276E+0	2.71349E-1	2.14401E-1
4.70475E+11	7.24951E-11	-8.11570E+0	-2.28593E-1	3.19481E-1
4.70650E+11	9.33942E-11	-1.01258E+1	-1.97897E-1	-2.40793E-1
4.70825E+11	1.45008E-10	-9.10248E+0	2.99841E-1	-1.81802E-1
4.71000E+11	2.19516E-10	-7.82077E+0	2.84683E-1	2.90038E-1
4.71175E+11	3.10352E-10	-6.86849E+0	-2.23500E-1	3.94599E-1
4.71350E+11	2.38199E-10	-7.60557E+0	-4.14692E-1	-3.98474E-2
4.71525E+11	1.81849E-10	-8.97667E+0	-1.90445E-1	-3.00501E-1
4.71700E+11	5.21590E-10	-5.50530E+0	3.45708E-1	-4.02467E-1
4.71875E+11	1.08604E-9	-1.75815E+0	6.68371E-1	4.69437E-1
4.72050E+11	1.57341E-9	7.95041E-1	-7.19633E-1	8.26451E-1
4.72225E+11	1.89503E-9	-1.21080E+0	-1.46110E-1	-8.57523E-1
4.72400E+11	2.44503E-9	-3.36017E+0	6.66555E-1	1.30399E-1
4.72575E+11	3.46631E-9	-4.94677E+0	-2.94093E-1	4.83359E-1
4.72750E+11	5.34871E-9	-4.71797E+0	-3.57362E-1	-4.57971E-1
4.72925E+11	6.54273E-9	-6.77909E+0	4.49499E-1	-8.88159E-2
4.73100E+11	9.21198E-9	-8.58027E+0	-2.11252E-2	3.71781E-1
4.73275E+11	2.22851E-8	-7.89515E+0	-3.92715E-1	-9.02059E-2
4.73450E+11	3.85593E-8	-7.46723E+0	2.59613E-1	-3.34329E-1
4.73625E+11	3.27026E-8	-8.85850E+0	1.98262E-1	3.01254E-1
4.73800E+11	3.21123E-8	-1.06781E+1	-2.85309E-1	6.43571E-2
4.73975E+11	2.53589E-8	-1.14624E+1	3.67067E-2	-2.64695E-1
4.74150E+11	2.06276E-8	-1.21820E+1	2.22629E-1	1.04606E-1
4.74325E+11	1.83216E-8	-1.36657E+1	-1.51283E-1	1.41808E-1
4.74500E+11	1.61069E-8	-1.38072E+1	-9.35255E-2	-1.81303E-1
4.74675E+11	1.76208E-8	-1.25928E+1	2.24083E-1	-6.95140E-2
4.74850E+11	1.48918E-8	-1.21067E+1	-1.38323E-2	2.47736E-1
4.75025E+11	9.68807E-9	-1.27380E+1	-2.09540E-1	-9.65840E-2
4.75200E+11	9.84549E-9	-1.34655E+1	1.10347E-1	-1.81239E-1
4.75375E+11	7.45918E-9	-1.42258E+1	1.13599E-1	1.57762E-1
4.75550E+11	5.10997E-9	-1.55160E+1	-1.56427E-1	6.00931E-2
4.75725E+11	3.87971E-9	-1.48711E+1	-2.52931E-2	-1.78706E-1
4.75900E+11	2.98775E-9	-1.50655E+1	1.75876E-1	-1.47264E-2
4.76075E+11	3.89338E-9	-1.29390E+1	-6.60518E-3	2.25352E-1
4.76250E+11	4.38849E-9	-1.13373E+1	-2.49685E-1	-1.05610E-1
4.76425E+11	3.57697E-9	-1.07454E+1	2.32572E-1	-1.73605E-1
4.76600E+11	2.77128E-9	-1.03385E+1	5.71802E-2	2.98718E-1
4.76775E+11	1.79244E-9	-1.06378E+1	-2.92160E-1	-3.13770E-2
4.76950E+11	1.59312E-9	-1.01346E+1	5.81261E-2	-3.05892E-1
4.77125E+11	1.00426E-9	-1.04451E+1	2.94960E-1	5.70700E-2
4.77300E+11	7.43339E-10	-1.25160E+1	-1.28212E-1	-1.98969E-1
4.77475E+11	5.90512E-10	-1.26166E+1	2.15135E-1	-9.19893E-2
4.77650E+11	6.17744E-10	-9.08787E+0	9.03234E-4	3.51241E-1
4.77825E+11	6.11573E-10	-7.38651E+0	-3.95179E-1	-1.62387E-1
4.78000E+11	6.73953E-10	-6.65169E+0	3.67088E-1	-2.85367E-1
4.78175E+11	5.31462E-10	-6.12116E+0	7.84057E-2	4.87986E-1
4.78350E+11	6.99253E-10	-5.90557E+0	-5.01534E-1	7.19314E-2
4.78525E+11	8.50089E-10	-4.03691E+0	-1.33582E-1	-6.13917E-1
4.78700E+11	1.06964E-9	-2.79394E+0	7.16102E-1	-1.12860E-1
4.78875E+11	1.66277E-9	-2.19852E+0	-9.28137E-2	7.70811E-1
4.79050E+11	2.84413E-9	-2.34680E+0	-6.80803E-1	-3.45021E-1
4.79225E+11	3.71437E-9	-3.01956E+0	6.08002E-1	-3.59540E-1
4.79400E+11	3.42703E-9	-6.41657E+0	1.51312E-1	4.53121E-1
4.79575E+11	1.80094E-9	-6.65952E+0	-3.65728E-1	2.86428E-1
4.79750E+11	1.05489E-9	4.69415E+0	-1.69896E+0	-2.46541E-1
4.79925E+11	9.83606E-10	2.25267E+0	1.25918E+0	3.07107E-1
4.80100E+11	5.83119E-10	2.61232E-1	-9.29109E-1	4.45818E-1
4.80275E+11	3.50631E-10	2.14628E+0	-2.49965E-1	-1.25567E+0
4.80450E+11	3.87006E-10	6.20216E+0	2.00747E+0	-3.75275E-1
4.80625E+11	4.78969E-10	6.97756E+0	-8.53266E-1	2.06349E+0
4.80800E+11	5.73824E-10	6.80145E+0	-1.15526E+0	-1.85830E+0
4.80975E+11	6.35456E-10	6.58975E+0	2.10758E+0	3.43827E-1
4.81150E+11	4.57890E-10	5.24955E+0	-1.01323E+0	1.52403E+0
4.81325E+11	3.07559E-10	4.34905E+0	-1.04843E+0	-1.27394E+0
4.81500E+11	3.77628E-10	4.90280E+0	1.75786E+0	-4.70214E-2
4.81675E+11	3.18201E-10	3.61497E+0	-7.34573E-1	1.32634E+0
4.81850E+11	4.10334E-10	3.14731E+0	-6.31436E-1	-1.29050E+0
4.82025E+11	5.74393E-10	5.53887E+0	1.89135E+0	-5.32505E-2
4.82200E+11	4.35787E-10	3.59359E+0	-9.89859E-1	1.14353E+0
4.82375E+11	3.00438E-10	2.47419E+0	-7.50859E-1	-1.09725E+0
4.82550E+11	2.64945E-10	5.03183E-1	1.05600E+0	8.78382E-2
4.82725E+11	2.61893E-10	-1.10722E+0	-3.61885E-1	8.02495E-1
4.82900E+11	2.16535E-10	-3.61455E+0	-4.75015E-1	-4.57620E-1
4.83075E+11	2.33636E-10	-4.46027E+0	5.26531E-1	-2.84322E-1
4.83250E+11	3.68981E-10	-3.48783E+0	4.10292E-1	5.28769E-1
4.83425E+11	6.76535E-10	-1.60793E+0	-7.98163E-1	2.31308E-1
4.83600E+11	9.03544E-10	-2.46792E+0	4.94403E-2	-7.51043E-1
4.83775E+11	1.30487E-9	-2.99287E+0	6.64286E-1	2.46444E-1
4.83950E+11	1.09071E-9	-3.98917E+0	-3.38485E-1	5.33412E-1
4.84125E+11	9.33531E-10	-4.46811E+0	-3.78694E-1	-4.62622E-1
4.84300E+11	6.26083E-10	-5.86529E+0	4.55126E-1	-2.27952E-1
4.84475E+11	5.45179E-10	-4.30126E+0	6.19252E-2	6.06294E-1
4.84650E+11	6.60537E-10	-3.28962E+0	-6.65371E-1	-1.61667E-1
4.84825E+11	1.21152E-9	-5.14304E-1	2.78087E-1	-9.00549E-1
4.85000E+11	9.46783E-10	-7.31033E-1	7.92086E-1	4.66559E-1
4.85175E+11	7.69425E-10	-5.17983E+0	-8.14337E-2	5.44765E-1
4.85350E+11	9.75505E-10	-4.69756E+0	-5.79318E-1	5.85243E-2
4.85525E+11	1.20017E-9	-2.37111E+0	-2.59029E-2	-7.60664E-1
4.85700E+11	1.30106E-9	-3.01535E-1	8.96496E-1	3.59472E-1
4.85875E+11	1.43166E-9	-6.02767E-1	-6.99447E-1	6.17400E-1
4.86050E+11	1.34188E-9	-3.82523E-1	-2.91556E-1	-9.11418E-1
4.86225E+11	1.97708E-9	1.64809E+0	1.18783E+0	2.24932E-1
4.86400E+11	3.66890E-9	1.31644E+0	-8.92041E-1	7.47223E-1
4.86575E+11	3.58000E-9	4.52838E-1	-3.86313E-2	-1.05281E+0
4.86750E+11	3.95007E-9	-2.17848E+0	7.32144E-1	2.63661E-1
4.86925E+11	5.79252E-9	-1.41391E+0	-3.53064E-1	7.72959E-1
4.87100E+11	3.57699E-9	-2.98523E+0	-6.40255E-1	-3.04908E-1
4.87275E+11	1.07616E-9	-7.90003E+0	2.69040E-1	-2.99662E-1
4.87450E+11	8.21467E-10	-9.72227E+0	2.52239E-1	2.07314E-1
4.87625E+11	2.93612E-9	-4.20424E+0	-2.71756E-1	5.53143E-1
4.87800E+11	1.18138E-8	1.24025E+0	-9.74884E-1	-6.16550E-1
4.87975E+11	1.31762E-8	1.51191E+0	8.51573E-1	-8.31408E-1
4.88150E+11	1.07014E-8	6.30749E-1	6.45989E-1	8.59657E-1
4.88325E+11	6.32540E-9	-9.44187E-1	-8.41381E-1	3.10935E-1
4.88500E+11	4.79871E-9	-3.14314E+0	-2.21999E-1	-6.60041E-1
4.88675E+11	3.54720E-9	-3.94817E+0	6.13689E-1	-1.62089E-1
4.88850E+11	5.95225E-9	-2.75574E+0	-1.30798E-1	7.16293E-1
4.89025E+11	8.46837E-9	-3.44417E+0	-5.60447E-1	-3.71970E-1
4.89200E+11	1.81345E-8	-3.10019E+0	5.18201E-1	-4.70346E-1
4.89375E+11	2.65869E-8	-3.15739E+0	2.97432E-1	6.28397E-1
4.89550E+11	2.35090E-8	-5.48014E+0	-5.28031E-1	6.56760E-2
4.89725E+11	2.42377E-8	-8.29013E+0	8.03878E-2	-3.76544E-1
4.89900E+11	1.94411E-8	-1.19249E+1	2.24824E-1	1.16835E-1
4.90075E+11	2.01631E-8	-1.23400E+1	-1.31004E-1	2.02933E-1
4.90250E+11	2.10847E-8	-1.16548E+1	-2.17107E-1	-1.45533E-1
4.90425E+11	2.37737E-8	-1.00069E+1	1.49190E-1	-2.78539E-1
4.90600E+11	2.90883E-8	-8.07348E+0	3.50058E-1	1.82454E-1
4.90775E+11	4.41191E-8	-8.14530E+0	-2.59291E-1	2.93330E-1
4.90950E+11	5.71778E-8	-1.05930E+1	-1.36028E-1	-2.62170E-1
4.91125E+11	5.01204E-8	-1.16765E+1	2.49716E-1	-7.49509E-2
4.91300E+11	6.35343E-8	-1.15090E+1	4.76095E-2	2.61497E-1
4.91475E+11	6.02550E-8	-1.16639E+1	-2.61069E-1	-4.06744E-3
4.91650E+11	4.43676E-8	-1.22227E+1	4.74164E-2	-2.40194E-1
4.91825E+11	3.03920E-8	-1.31951E+1	2.07724E-1	6.90508E-2
4.92000E+11	3.07806E-8	-1.26496E+1	-1.05447E-1	2.07873E-1
4.92175E+11	3.49456E-8	-1.14707E+1	-1.79566E-1	-1.97561E-1
4.92350E+11	3.08950E-8	-1.20715E+1	2.24092E-1	-1.08852E-1
4.92525E+11	2.25028E-8	-1.29252E+1	6.00669E-2	2.17673E-1
4.92700E+11	1.68346E-8	-1.34937E+1	-2.09025E-1	3.22680E-2
4.92875E+11	1.40320E-8	-1.38248E+1	-6.11668E-3	-2.03499E-1
4.93050E+11	1.03420E-8	-1.40160E+1	1.97840E-1	2.28743E-2
4.93225E+11	1.13524E-8	-1.37611E+1	-5.56421E-2	1.97398E-1
4.93400E+11	1.50372E-8	-1.31749E+1	-1.95576E-1	-9.94523E-2
4.93575E+11	1.68894E-8	-1.18015E+1	1.82194E-1	-1.81251E-1
4.93750E+11	1.72390E-8	-1.06035E+1	1.26628E-1	2.66443E-1
4.93925E+11	2.24532E-8	-1.00915E+1	-3.12288E-1	1.97555E-2
4.94100E+11	3.23236E-8	-9.95713E+0	1.15803E-1	-2.95942E-1
4.94275E+11	4.13383E-8	-1.07397E+1	2.23378E-1	1.85584E-1
4.94450E+11	4.67390E-8	-1.17452E+1	-1.85524E-1	1.80247E-1
4.94625E+11	4.42677E-8	-1.24899E+1	-1.47515E-1	-1.86025E-1
4.94800E+11	4.30426E-8	-1.30860E+1	1.83819E-1	-1.23880E-1
4.94975E+11	5.63715E-8	-1.18184E+1	7.01560E-2	2.46716E-1
4.95150E+11	6.06930E-8	-1.09878E+1	-2.81088E-1	-2.53981E-2
4.95325E+11	5.05983E-8	-1.13634E+1	3.75915E-2	-2.67665E-1
4.95500E+11	5.07507E-8	-1.16965E+1	2.37933E-1	1.05126E-1
4.95675E+11	5.28025E-8	-1.20407E+1	-1.91029E-1	1.61291E-1
4.95850E+11	5.90955E-8	-1.25290E+1	-7.34634E-2	-2.24639E-1
4.96025E+11	5.45105E-8	-1.28780E+1	2.26459E-1	-1.62090E-2
4.96200E+11	4.29851E-8	-1.37242E+1	-4.36352E-2	2.01288E-1
4.96375E+11	4.11271E-8	-1.34097E+1	-1.93434E-1	-9.04973E-2
4.96550E+11	5.99827E-8	-1.15928E+1	1.74126E-1	-1.97429E-1
4.96725E+11	5.70340E-8	-1.12788E+1	1.57687E-1	2.22775E-1
4.96900E+11	4.13741E-8	-1.17972E+1	-2.40284E-1	9.15166E-2
4.97075E+11	3.47756E-8	-1.25023E+1	-4.52477E-2	-2.32717E-1
4.97250E+11	2.21060E-8	-1.35513E+1	2.09692E-1	-1.31448E-2
4.97425E+11	1.79378E-8	-1.42371E+1	-4.26211E-2	1.89417E-1
4.97600E+11	1.47281E-8	-1.48357E+1	-1.58039E-1	-8.86880E-2
4.97775E+11	1.28293E-8	-1.47019E+1	1.07675E-1	-1.49250E-1
4.97950E+11	1.50276E-8	-1.32938E+1	1.66646E-1	1.38092E-1
4.98125E+11	1.34402E-8	-1.25215E+1	-1.74255E-1	1.59975E-1
4.98300E+11	1.26172E-8	-1.21029E+1	-1.34281E-1	-2.08776E-1
4.98475E+11	1.38007E-8	-1.18086E+1	2.49405E-1	-6.11179E-2
4.98650E+11	1.24075E-8	-1.20740E+1	-3.55066E-2	2.46514E-1
4.98825E+11	1.29755E-8	-1.23891E+1	-2.16275E-1	-1.04467E-1
4.99000E+11	1.20218E-8	-1.28017E+1	1.42863E-1	-1.79027E-1
4.99175E+11	1.35135E-8	-1.31780E+1	1.46552E-1	1.63183E-1
4.99350E+11	1.58869E-8	-1.17094E+1	-1.80803E-1	1.86474E-1
4.99525E+11	2.03462E-8	-1.11202E+1	-1.59450E-1	-2.27684E-1
4.99700E+11	1.69122E-8	-1.20585E+1	2.49490E-1	-2.39623E-3
4.99875E+11	1.63210E-8	-1.27900E+1	-1.52727E-1	1.71103E-1
5.00050E+11	1.35779E-8	-1.32028E+1	-3.83036E-2	-2.15326E-1
5.00225E+11	1.46998E-8	-1.34091E+1	2.09248E-1	4.27564E-2
5.00400E+11	2.26252E-8	-1.39366E+1	-5.84870E-2	1.92289E-1
5.00575E+11	2.14196E-8	-1.46325E+1	-1.74619E-1	-6.26376E-2
5.00750E+11	2.85606E-8	-1.35855E+1	7.49959E-2	-1.95379E-1
5.00925E+11	5.22587E-8	-1.14492E+1	2.06325E-1	1.70461E-1
5.01100E+11	7.18766E-8	-1.05645E+1	-2.85575E-1	7.91119E-2
5.01275E+11	7.15416E-8	-1.01304E+1	8.34277E-2	-3.00138E-1
5.01450E+11	6.60360E-8	-1.03420E+1	2.36847E-1	1.90604E-1
5.01625E+11	5.70861E-8	-1.06437E+1	-2.33267E-1	1.78355E-1
5.01800E+11	4.15100E-8	-1.04512E+1	-1.17832E-1	-2.76131E-1
5.01975E+11	2.48414E-8	-8.94509E+0	3.42105E-1	-1.02268E-1
5.02150E+11	1.48530E-8	-7.46089E+0	5.09366E-2	4.20526E-1
5.02325E+11	1.64951E-8	-5.14318E+0	-5.29429E-1	-1.60241E-1
5.02500E+11	1.83256E-8	-2.94956E+0	5.18948E-1	-4.87581E-1
5.02675E+11	1.85803E-8	-9.85665E-1	2.84113E-1	8.46306E-1
5.02850E+11	1.79096E-8	7.91923E-1	-1.09471E+0	4.05990E-2
5.03025E+11	2.04376E-8	2.37964E+0	3.38207E-1	-1.27094E+0
5.03200E+11	1.93984E-8	3.48096E+0	1.18494E+0	9.08204E-1
5.03375E+11	1.98587E-8	2.67569E+0	-1.22909E+0	5.83988E-1
5.03550E+11	2.73487E-8	2.64710E+0	-1.83585E-1	-1.34382E+0
5.03725E+11	3.04733E-8	4.44350E+0	1.64221E+0	2.91699E-1
5.03900E+11	3.79326E-8	4.35818E+0	-9.81529E-1	1.32832E+0
5.04075E+11	5.39757E-8	3.86871E+0	-8.21205E-1	-1.32767E+0
5.04250E+11	5.92588E-8	2.71424E+0	1.34043E+0	-2.67293E-1
5.04425E+11	4.96150E-8	5.44684E-1	-3.20324E-1	1.01539E+0
5.04600E+11	4.12140E-8	-2.20307E+0	-4.81476E-1	-6.08536E-1
5.04775E+11	3.38193E-8	-4.87678E+0	5.67602E-1	-5.61795E-2
5.04950E+11	2.57249E-8	-7.30916E+0	-1.25630E-1	4.12351E-1
5.05125E+11	2.84597E-8	-8.17330E+0	-3.59088E-1	-1.52791E-1
5.05300E+11	4.06533E-8	-7.37703E+0	2.22155E-1	-3.65489E-1
5.05475E+11	3.82505E-8	-7.16487E+0	3.43937E-1	2.71664E-1
5.05650E+11	4.13686E-8	-7.05690E+0	-3.22622E-1	3.04703E-1
5.05825E+11	3.86052E-8	-6.40833E+0	-1.07821E-1	-4.65857E-1
5.06000E+11	4.42030E-8	-6.99515E+0	4.34733E-1	1.03713E-1
5.06175E+11	4.78044E-8	-7.56690E+0	-2.01573E-1	3.66712E-1
5.06350E+11	5.37103E-8	-7.86932E+0	-2.90055E-1	-2.81423E-1
5.06525E+11	6.39232E-8	-7.86103E+0	3.38743E-1	-2.21125E-1
5.06700E+11	8.79867E-8	-7.65759E+0	1.63710E-1	3.80381E-1
5.06875E+11	9.82749E-8	-8.22576E+0	-3.80528E-1	7.52296E-2
5.07050E+11	1.02094E-7	-8.66563E+0	4.33493E-3	-3.68713E-1
5.07225E+11	9.63851E-8	-9.08026E+0	3.45516E-1	6.48557E-2
5.07400E+11	9.62046E-8	-9.55947E+0	-1.20142E-1	3.10228E-1
5.07575E+11	8.97757E-8	-1.03353E+1	-2.64573E-1	-1.50237E-1
5.07750E+11	7.34823E-8	-1.15346E+1	1.50420E-1	-2.18189E-1
5.07925E+11	7.68678E-8	-1.18306E+1	2.23882E-1	1.24428E-1
5.08100E+11	9.48056E-8	-1.07289E+1	-1.25216E-1	2.62430E-1
5.08275E+11	1.10274E-7	-1.01897E+1	-2.58156E-1	-1.70534E-1
5.08450E+11	9.55330E-8	-9.99046E+0	2.17922E-1	-2.29630E-1
5.08625E+11	1.08438E-7	-1.01337E+1	1.52916E-1	2.71266E-1
5.08800E+11	8.88621E-8	-1.01410E+1	-3.09530E-1	3.15586E-2
5.08975E+11	7.66883E-8	-1.03536E+1	5.84792E-2	-2.97929E-1
5.09150E+11	6.72060E-8	-1.07111E+1	2.72342E-1	1.03570E-1
5.09325E+11	5.29270E-8	-1.10594E+1	-1.25434E-1	2.50241E-1
5.09500E+11	3.76732E-8	-1.07620E+1	-2.50873E-1	-1.44811E-1
5.09675E+11	3.51235E-8	-1.04015E+1	1.99824E-1	-2.26363E-1
5.09850E+11	2.60889E-8	-1.03727E+1	1.87237E-1	2.38157E-1
5.10025E+11	4.00927E-8	-1.00554E+1	-2.82434E-1	1.37712E-1
5.10200E+11	5.01922E-8	-9.58847E+0	-5.08357E-2	-3.27651E-1
5.10375E+11	4.19580E-8	-9.38711E+0	3.33485E-1	6.28032E-2
5.10550E+11	3.99429E-8	-9.91916E+0	-1.33117E-1	2.90101E-1
5.10725E+11	2.77305E-8	-1.04916E+1	-2.37046E-1	-1.81954E-1
5.10900E+11	3.65817E-8	-9.93832E+0	2.24068E-1	-2.26327E-1
5.11075E+11	4.60933E-8	-9.05866E+0	2.00020E-1	2.90165E-1
5.11250E+11	4.93633E-8	-8.87805E+0	-3.32495E-1	1.37567E-1
5.11425E+11	4.54897E-8	-8.84669E+0	-7.09260E-2	-3.54098E-1
5.11600E+11	3.68386E-8	-8.99988E+0	3.54709E-1	-8.80467E-3
5.11775E+11	3.70545E-8	-9.31417E+0	-7.98126E-3	3.42116E-1
5.11950E+11	2.94187E-8	-1.02488E+1	-3.06510E-1	-2.20017E-2
5.12125E+11	3.02598E-8	-1.13131E+1	7.25808E-2	-2.61993E-1
5.12300E+11	3.10125E-8	-1.11529E+1	2.54832E-1	1.08375E-1
5.12475E+11	4.06935E-8	-1.03694E+1	-1.73550E-1	2.48449E-1
5.12650E+11	4.56022E-8	-9.88348E+0	-2.00583E-1	-2.49972E-1
5.12825E+11	5.16329E-8	-9.73820E+0	2.90401E-1	-1.47923E-1
5.13000E+11	6.35729E-8	-9.89178E+0	8.45961E-2	3.08815E-1
5.13175E+11	6.56805E-8	-1.01706E+1	-3.05057E-1	5.55619E-2
5.13350E+11	7.43875E-8	-1.04516E+1	-6.70953E-3	-3.00133E-1
5.13525E+11	6.55206E-8	-1.06237E+1	2.91590E-1	3.99665E-2
5.13700E+11	6.88512E-8	-1.04033E+1	-5.46492E-2	2.96893E-1
5.13875E+11	8.05140E-8	-9.51497E+0	-3.25997E-1	-7.44440E-2
5.14050E+11	8.43580E-8	-8.47483E+0	1.49970E-1	-3.45809E-1
5.14225E+11	7.45893E-8	-8.25070E+0	3.17539E-1	2.20836E-1
5.14400E+11	6.21803E-8	-8.43021E+0	-2.68640E-1	2.67161E-1
5.14575E+11	4.85102E-8	-8.63770E+0	-1.92463E-1	-3.15917E-1
5.14750E+11	3.62284E-8	-9.00751E+0	3.38226E-1	-1.06197E-1
5.14925E+11	2.66037E-8	-9.50442E+0	5.96525E-2	3.29438E-1
5.15100E+11	2.80235E-8	-9.33556E+0	-3.39342E-1	3.71320E-2
5.15275E+11	3.05211E-8	-8.65989E+0	-5.33647E-2	-3.65103E-1
5.15450E+11	3.92426E-8	-7.71672E+0	4.09857E-1	-3.44857E-2
5.15625E+11	4.23970E-8	-7.44115E+0	-5.66581E-3	4.24526E-1
5.15800E+11	3.27171E-8	-7.65144E+0	-4.09051E-1	-6.64138E-2
5.15975E+11	3.34323E-8	-7.76473E+0	1.60863E-1	-3.76078E-1
5.16150E+11	4.03754E-8	-8.03208E+0	3.11961E-1	2.44956E-1
5.16325E+11	3.31814E-8	-8.66465E+0	-2.89657E-1	2.28249E-1
5.16500E+11	3.69438E-8	-9.67646E+0	-1.82856E-1	-2.72577E-1
5.16675E+11	4.23073E-8	-9.59070E+0	2.66648E-1	-1.96931E-1
5.16850E+11	7.09658E-8	-8.45860E+0	2.10120E-1	3.13777E-1
5.17025E+11	8.45230E-8	-7.96977E+0	-3.84728E-1	1.07613E-1
5.17200E+11	8.11416E-8	-8.28902E+0	3.37661E-2	-3.83595E-1
5.17375E+11	8.10179E-8	-8.75314E+0	3.35161E-1	1.44648E-1
5.17550E+11	8.98064E-8	-9.06928E+0	-2.28403E-1	2.67829E-1
5.17725E+11	8.14810E-8	-9.49524E+0	-2.15529E-1	-2.56656E-1
5.17900E+11	9.88342E-8	-9.73943E+0	2.71149E-1	-1.80727E-1
5.18075E+11	9.22721E-8	-9.44381E+0	1.73188E-1	2.89256E-1
5.18250E+11	1.30982E-7	-8.61865E+0	-3.40740E-1	1.46093E-1
5.18425E+11	1.70897E-7	-7.78727E+0	-4.33714E-2	-4.05666E-1
5.18600E+11	1.78863E-7	-7.62161E+0	4.06858E-1	8.59295E-2
5.18775E+11	1.78653E-7	-7.61266E+0	-1.88401E-1	3.71187E-1
5.18950E+11	1.64958E-7	-7.76644E+0	-3.24215E-1	-2.49261E-1
5.19125E+11	1.55702E-7	-8.30012E+0	2.82552E-1	-2.60904E-1
5.19300E+11	1.49570E-7	-8.73715E+0	1.91909E-1	3.11317E-1
5.19475E+11	1.63485E-7	-8.81760E+0	-3.34087E-1	1.40279E-1
5.19650E+11	2.12161E-7	-8.28038E+0	-3.32330E-2	-3.84026E-1
5.19825E+11	2.52838E-7	-7.67827E+0	3.83605E-1	1.53373E-1
5.20000E+11	2.55470E-7	-7.72431E+0	-3.13979E-1	2.65129E-1
5.20175E+11	2.58878E-7	-8.01756E+0	-1.05886E-1	-3.82933E-1
5.20350E+11	2.60260E-7	-8.26368E+0	3.85463E-1	2.39098E-2
5.20525E+11	2.39555E-7	-8.64513E+0	-1.11576E-1	3.52366E-1
5.20700E+11	1.93233E-7	-9.13408E+0	-2.93133E-1	-1.90101E-1
5.20875E+11	1.61701E-7	-9.73512E+0	2.19067E-1	-2.41451E-1
5.21050E+11	1.74429E-7	-9.38293E+0	2.37156E-1	2.42950E-1
5.21225E+11	2.26720E-7	-8.06740E+0	-3.51459E-1	1.80347E-1
5.21400E+11	2.18683E-7	-7.58897E+0	-5.38914E-2	-4.13905E-1
5.21575E+11	2.00257E-7	-7.72080E+0	3.99646E-1	9.64154E-2
5.21750E+11	1.95848E-7	-7.86709E+0	-2.11029E-1	3.44792E-1
5.21925E+11	1.76859E-7	-8.18356E+0	-2.67343E-1	-2.83651E-1
5.22100E+11	1.42397E-7	-8.66295E+0	3.31509E-1	-1.61720E-1
5.22275E+11	1.28122E-7	-9.06806E+0	4.80806E-2	3.48745E-1
5.22450E+11	1.25457E-7	-9.14947E+0	-3.44294E-1	-5.56352E-2
5.22625E+11	1.38885E-7	-8.74344E+0	1.50120E-1	-3.33193E-1
5.22800E+11	1.51499E-7	-8.38272E+0	2.51275E-1	2.86323E-1
5.22975E+11	1.67324E-7	-8.39667E+0	-3.68908E-1	9.25287E-2
5.23150E+11	1.38970E-7	-8.51446E+0	6.15091E-2	-3.70136E-1
5.23325E+11	1.38166E-7	-8.76137E+0	3.19827E-1	1.75254E-1
5.23500E+11	1.18340E-7	-9.00568E+0	-2.41586E-1	2.59547E-1
5.23675E+11	1.13777E-7	-9.38482E+0	-2.10524E-1	-2.66265E-1
5.23850E+11	1.08795E-7	-8.94087E+0	3.03337E-1	-1.88693E-1
5.24025E+11	1.47826E-7	-7.66807E+0	1.20255E-1	3.95748E-1
5.24200E+11	1.51479E-7	-6.88426E+0	-4.52646E-1	-5.17642E-3
5.24375E+11	1.44799E-7	-7.24283E+0	1.28132E-1	-4.15040E-1
5.24550E+11	1.25075E-7	-7.78596E+0	3.33127E-1	2.35633E-1
5.24725E+11	1.14419E-7	-8.33267E+0	-2.72101E-1	2.69747E-1
5.24900E+11	1.00870E-7	-8.81380E+0	-2.46835E-1	-2.65481E-1
5.25075E+11	1.03256E-7	-9.39229E+0	2.16455E-1	-2.61088E-1
5.25250E+11	1.04363E-7	-1.03674E+1	2.08220E-1	2.20303E-1
5.25425E+11	1.20428E-7	-1.02711E+1	-2.58446E-1	1.64783E-1
5.25600E+11	1.51186E-7	-9.65360E+0	-7.04186E-2	-3.21472E-1
5.25775E+11	1.68006E-7	-9.28268E+0	3.36519E-1	6.86586E-2
5.25950E+11	1.63261E-7	-9.18536E+0	-1.90544E-1	2.90388E-1
5.26125E+11	1.76471E-7	-9.23370E+0	-2.34602E-1	-2.53494E-1
5.26300E+11	1.55357E-7	-9.44000E+0	2.89274E-1	-1.73444E-1
5.26475E+11	1.49085E-7	-9.65817E+0	8.93591E-2	3.16550E-1
5.26650E+11	1.31525E-7	-1.01100E+1	-3.11124E-1	-2.64921E-2
5.26825E+11	1.43261E-7	-9.84731E+0	1.55768E-1	-2.81628E-1
5.27000E+11	1.74114E-7	-9.17881E+0	1.83297E-1	2.95325E-1
5.27175E+11	1.59504E-7	-9.22239E+0	-3.43009E-1	4.41926E-2
5.27350E+11	1.22677E-7	-9.80684E+0	6.02003E-2	-3.17685E-1
5.27525E+11	1.04537E-7	-1.00968E+1	2.85522E-1	1.27563E-1
5.27700E+11	8.86267E-8	-1.05471E+1	-1.82896E-1	2.33908E-1
5.27875E+11	8.22489E-8	-1.08126E+1	-1.64344E-1	-2.36486E-1
5.28050E+11	7.40066E-8	-1.12684E+1	2.63856E-1	-7.10796E-2
5.28225E+11	7.21148E-8	-1.10288E+1	2.91376E-3	2.80889E-1
5.28400E+11	8.97167E-8	-9.82358E+0	-3.13280E-1	-7.74694E-2
5.28575E+11	1.23179E-7	-9.05683E+0	1.45137E-1	-3.21234E-1
5.28750E+11	1.34422E-7	-8.69415E+0	3.08341E-1	2.00011E-1
5.28925E+11	1.39641E-7	-8.53734E+0	-2.40498E-1	2.86714E-1
5.29100E+11	1.37565E-7	-8.86302E+0	-2.30957E-1	-2.76741E-1
5.29275E+11	1.50961E-7	-9.17161E+0	3.24133E-1	-1.26305E-1
5.29450E+11	1.14436E-7	-9.88255E+0	-1.27736E-2	3.20278E-1
5.29625E+11	1.02622E-7	-1.08589E+1	-2.66394E-1	-1.05312E-1
5.29800E+11	9.45036E-8	-1.06414E+1	1.62076E-1	-2.44951E-1
5.29975E+11	9.76744E-8	-1.01200E+1	2.18888E-1	2.22175E-1
5.30150E+11	9.50645E-8	-1.04884E+1	-2.46660E-1	1.68884E-1
5.30325E+11	7.79018E-8	-1.11850E+1	-1.27682E-1	-2.44577E-1
5.30500E+11	6.32559E-8	-1.18408E+1	2.45409E-1	-7.22953E-2
5.30675E+11	5.17394E-8	-1.21835E+1	-7.78976E-4	2.45938E-1
5.30850E+11	5.56498E-8	-1.22818E+1	-2.31690E-1	-7.38344E-2
5.31025E+11	5.05502E-8	-1.24323E+1	1.26121E-1	-2.03004E-1
5.31200E+11	6.30255E-8	-1.17279E+1	1.99701E-1	1.65210E-1
5.31375E+11	8.36364E-8	-1.05321E+1	-2.13267E-1	2.07332E-1
5.31550E+11	9.67342E-8	-1.00105E+1	-1.71767E-1	-2.65054E-1
5.31725E+11	1.13300E-7	-9.84857E+0	3.08893E-1	-9.01847E-2
5.31900E+11	1.05674E-7	-9.95725E+0	-2.65242E-2	3.16679E-1
5.32075E+11	1.14391E-7	-1.02772E+1	-2.79410E-1	-1.25486E-1
5.32250E+11	1.06798E-7	-1.06650E+1	1.81430E-1	-2.29969E-1
5.32425E+11	8.80888E-8	-1.14419E+1	2.01342E-1	1.76664E-1
5.32600E+11	8.84875E-8	-1.15269E+1	-1.56298E-1	2.14311E-1
5.32775E+11	1.28773E-7	-1.01639E+1	-2.48395E-1	-1.86001E-1
5.32950E+11	1.34390E-7	-9.76388E+0	2.27048E-1	-2.32457E-1
5.33125E+11	1.26875E-7	-9.95622E+0	1.71774E-1	2.67408E-1
5.33300E+11	1.15000E-7	-1.02326E+1	-2.92055E-1	9.74114E-2
5.33475E+11	1.22324E-7	-1.04270E+1	-2.56496E-2	-2.99963E-1
5.33650E+11	1.36865E-7	-1.04170E+1	3.00522E-1	2.30528E-2
5.33825E+11	1.15603E-7	-1.08112E+1	-6.30442E-2	2.81049E-1
5.34000E+11	1.17594E-7	-1.13974E+1	-2.55809E-1	-8.39582E-2
5.34175E+11	1.38321E-7	-1.10434E+1	9.96432E-2	-2.62132E-1
5.34350E+11	1.44069E-7	-1.04970E+1	2.49506E-1	1.64113E-1
5.34525E+11	1.34031E-7	-1.06467E+1	-2.32421E-1	1.79294E-1
5.34700E+11	1.38348E-7	-1.12772E+1	-9.32566E-2	-2.56561E-1
5.34875E+11	1.02145E-7	-1.19635E+1	2.50052E-1	-3.31924E-2
5.35050E+11	1.00022E-7	-1.25961E+1	2.91553E-3	2.34509E-1
5.35225E+11	8.30618E-8	-1.30036E+1	-2.23573E-1	-9.58756E-3
5.35400E+11	7.72525E-8	-1.34959E+1	9.06341E-3	-2.11255E-1
5.35575E+11	9.10353E-8	-1.30319E+1	2.22856E-1	9.30921E-3
5.35750E+11	1.22866E-7	-1.22645E+1	-5.61104E-2	2.37105E-1
5.35925E+11	1.26871E-7	-1.21945E+1	-2.10876E-1	-1.25950E-1
5.36100E+11	1.37982E-7	-1.22065E+1	1.87403E-1	-1.58258E-1
5.36275E+11	1.34536E-7	-1.23544E+1	7.38977E-2	2.29544E-1
5.36450E+11	1.41478E-7	-1.25486E+1	-2.34947E-1	-2.02053E-2
5.36625E+11	1.19110E-7	-1.27962E+1	1.04736E-1	-2.03855E-1
5.36800E+11	9.59653E-8	-1.34856E+1	1.42927E-1	1.56170E-1
5.36975E+11	8.42642E-8	-1.37878E+1	-1.74611E-1	1.06374E-1
5.37150E+11	1.04355E-7	-1.29949E+1	-8.26379E-2	-2.08202E-1
5.37325E+11	1.02285E-7	-1.24420E+1	2.37533E-1	-2.38293E-2
5.37500E+11	9.51319E-8	-1.23531E+1	-4.34970E-2	2.37228E-1
5.37675E+11	1.13055E-7	-1.23168E+1	-2.12314E-1	-1.16535E-1
5.37850E+11	9.94648E-8	-1.25813E+1	1.72312E-1	-1.59685E-1
5.38025E+11	1.04199E-7	-1.24770E+1	9.94157E-2	2.15985E-1
5.38200E+11	9.69217E-8	-1.22533E+1	-2.42700E-1	2.48491E-2
5.38375E+11	9.11235E-8	-1.21641E+1	3.21266E-2	-2.44384E-1
5.38550E+11	1.25735E-7	-1.13388E+1	2.55988E-1	8.91195E-2
5.38725E+11	1.46024E-7	-1.08814E+1	-1.72376E-1	2.27856E-1
5.38900E+11	1.35802E-7	-1.10005E+1	-1.57822E-1	-2.33488E-1
5.39075E+11	1.18679E-7	-1.14078E+1	2.63700E-1	-5.26948E-2
5.39250E+11	1.12674E-7	-1.20269E+1	-6.15219E-2	2.42736E-1
5.39425E+11	9.63148E-8	-1.27327E+1	-1.90071E-1	-1.31046E-1
5.39600E+11	8.81748E-8	-1.32949E+1	1.62979E-1	-1.42361E-1
5.39775E+11	7.04759E-8	-1.37289E+1	1.13656E-1	1.71633E-1
5.39950E+11	7.54531E-8	-1.32318E+1	-1.87137E-1	1.11775E-1
5.40125E+11	1.08225E-7	-1.21110E+1	-8.35456E-2	-2.33503E-1
5.40300E+11	1.27587E-7	-1.15899E+1	2.63333E-1	3.23803E-4
5.40475E+11	1.14896E-7	-1.17179E+1	-9.73840E-2	2.40513E-1
5.40650E+11	1.22265E-7	-1.17146E+1	-1.96119E-1	-1.70057E-1
5.40825E+11	1.29506E-7	-1.17599E+1	2.07065E-1	-1.54292E-1
5.41000E+11	1.39135E-7	-1.18156E+1	1.37954E-1	2.16336E-1
5.41175E+11	1.27606E-7	-1.19716E+1	-2.21871E-1	1.19508E-1
5.41350E+11	1.16559E-7	-1.21608E+1	-1.20598E-1	-2.15078E-1
5.41525E+11	1.35419E-7	-1.13063E+1	2.42739E-1	-1.22890E-1
5.41700E+11	1.46837E-7	-1.08485E+1	7.00903E-2	2.78100E-1
5.41875E+11	1.32581E-7	-1.10223E+1	-2.80998E-1	8.13594E-3
5.42050E+11	1.25341E-7	-1.14899E+1	3.34151E-2	-2.64279E-1
5.42225E+11	1.17320E-7	-1.17762E+1	2.48905E-1	6.69263E-2
5.42400E+11	1.13408E-7	-1.20706E+1	-9.06676E-2	2.32074E-1
5.42575E+11	1.01892E-7	-1.22749E+1	-2.09441E-1	-1.23934E-1
5.42750E+11	1.07058E-7	-1.22736E+1	1.63435E-1	-1.80367E-1
5.42925E+11	1.21270E-7	-1.15143E+1	1.40327E-1	2.25546E-1
5.43100E+11	1.70238E-7	-1.03590E+1	-3.01685E-1	3.24368E-2
5.43275E+11	1.92113E-7	-1.01338E+1	1.16028E-1	-2.88970E-1
5.43450E+11	1.75215E-7	-1.03935E+1	2.07941E-1	2.19312E-1
5.43625E+11	1.51077E-7	-1.08646E+1	-2.63412E-1	1.12080E-1
5.43800E+11	1.11989E-7	-1.15632E+1	-2.80747E-2	-2.62647E-1
5.43975E+11	1.15649E-7	-1.21929E+1	2.41641E-1	4.43172E-2
5.44150E+11	1.01497E-7	-1.28501E+1	-1.01705E-1	2.03801E-1
5.44325E+11	1.04522E-7	-1.28964E+1	-1.77397E-1	-1.40924E-1
5.44500E+11	1.08571E-7	-1.24899E+1	1.92131E-1	-1.39465E-1
5.44675E+11	1.17813E-7	-1.25268E+1	7.97257E-2	2.22558E-1
5.44850E+11	1.08259E-7	-1.27583E+1	-2.25736E-1	4.50570E-2
5.45025E+11	1.00758E-7	-1.29367E+1	-1.07561E-2	-2.25253E-1
5.45200E+11	8.78137E-8	-1.31194E+1	2.19872E-1	2.04084E-2
5.45375E+11	9.37015E-8	-1.32911E+1	-5.20037E-2	2.10154E-1
5.45550E+11	8.38329E-8	-1.33295E+1	-2.00685E-1	-7.86280E-2
5.45725E+11	8.65102E-8	-1.33306E+1	1.12621E-1	-1.83743E-1
5.45900E+11	1.04074E-7	-1.25716E+1	1.73615E-1	1.58660E-1
5.46075E+11	1.25830E-7	-1.16184E+1	-2.21952E-1	1.40097E-1
5.46250E+11	1.15894E-7	-1.15058E+1	-7.16311E-2	-2.56064E-1
5.46425E+11	1.04691E-7	-1.17316E+1	2.58888E-1	9.78847E-3
5.46600E+11	8.96312E-8	-1.21772E+1	-7.76920E-2	2.33532E-1
5.46775E+11	7.37713E-8	-1.27184E+1	-1.94096E-1	-1.25711E-1
5.46950E+11	6.31310E-8	-1.31722E+1	1.72613E-1	-1.35555E-1
5.47125E+11	5.20456E-8	-1.32875E+1	7.94448E-2	2.01485E-1
5.47300E+11	5.16698E-8	-1.31326E+1	-2.20464E-1	2.62870E-3
5.47475E+11	5.16085E-8	-1.28120E+1	6.86342E-2	-2.18232E-1
5.47650E+11	4.68023E-8	-1.28379E+1	1.87797E-1	1.29448E-1
5.47825E+11	4.29597E-8	-1.30370E+1	-1.62283E-1	1.52833E-1
5.48000E+11	3.94478E-8	-1.32954E+1	-1.16596E-1	-1.82286E-1
5.48175E+11	3.45825E-8	-1.36233E+1	1.95542E-1	-7.19789E-2
5.48350E+11	3.22332E-8	-1.40462E+1	2.80746E-2	1.96473E-1
5.48525E+11	2.78448E-8	-1.43741E+1	-1.90963E-1	-7.62066E-3
5.48700E+11	2.92834E-8	-1.45564E+1	3.62527E-2	-1.83601E-1
5.48875E+11	3.58185E-8	-1.39385E+1	1.90027E-1	6.53355E-2
5.49050E+11	3.67255E-8	-1.35593E+1	-1.09131E-1	1.79313E-1
5.49225E+11	3.86351E-8	-1.37802E+1	-1.54411E-1	-1.34293E-1
5.49400E+11	3.39593E-8	-1.41564E+1	1.54130E-1	-1.21021E-1
5.49575E+11	3.34788E-8	-1.48187E+1	8.39774E-2	1.60992E-1
5.49750E+11	2.99948E-8	-1.53565E+1	-1.65223E-1	4.28028E-2
5.49925E+11	2.76502E-8	-1.57730E+1	-4.53841E-3	-1.62623E-1
5.50100E+11	2.31834E-8	-1.60879E+1	1.54429E-1	2.76996E-2
5.50275E+11	2.65336E-8	-1.61258E+1	-5.69122E-2	1.45475E-1
5.50450E+11	2.77687E-8	-1.61348E+1	-1.28107E-1	-8.91035E-2
5.50625E+11	2.99455E-8	-1.60893E+1	1.13154E-1	-1.08646E-1
5.50800E+11	3.07560E-8	-1.62354E+1	7.70961E-2	1.33602E-1
5.50975E+11	2.86605E-8	-1.66015E+1	-1.42741E-1	3.86684E-2
5.51150E+11	3.00545E-8	-1.67852E+1	-1.28166E-3	-1.44785E-1
5.51325E+11	2.78849E-8	-1.71769E+1	1.35903E-1	2.62061E-2
5.51500E+11	2.42088E-8	-1.74004E+1	-4.47804E-2	1.27241E-1
5.51675E+11	2.42661E-8	-1.73724E+1	-1.20690E-1	-6.12112E-2
5.51850E+11	2.72685E-8	-1.71901E+1	8.24345E-2	-1.10917E-1
5.52025E+11	2.61106E-8	-1.72430E+1	8.58840E-2	1.07195E-1
5.52200E+11	2.52396E-8	-1.75183E+1	-1.19545E-1	5.84560E-2
5.52375E+11	2.29395E-8	-1.81481E+1	-2.84543E-2	-1.20449E-1
5.52550E+11	2.02464E-8	-1.87908E+1	1.14794E-1	-5.72582E-3
5.52725E+11	1.57892E-8	-1.95614E+1	-1.14489E-2	1.04554E-1
5.52900E+11	1.54873E-8	-2.02141E+1	-9.21227E-2	-3.21321E-2
5.53075E+11	1.28591E-8	-2.09823E+1	5.18523E-2	-7.27116E-2
5.53250E+11	1.07586E-8	-2.15806E+1	5.25070E-2	6.47480E-2
5.53425E+11	9.84008E-9	-2.20517E+1	-7.45937E-2	2.58988E-2
5.53600E+11	7.61138E-9	-2.28899E+1	2.88173E-3	-7.16397E-2
5.53775E+11	7.00420E-9	-2.36384E+1	6.06634E-2	2.54306E-2
5.53950E+11	5.68530E-9	-2.45611E+1	-4.26159E-2	4.10178E-2
5.54125E+11	4.35996E-9	-2.53442E+1	-1.74901E-2	-5.11411E-2
5.54300E+11	3.50141E-9	-2.63649E+1	4.80125E-2	2.06836E-3
5.54475E+11	2.90874E-9	-2.72209E+1	-1.51560E-2	4.08239E-2
5.54650E+11	2.29743E-9	-2.80829E+1	-3.09624E-2	-2.44183E-2
5.54825E+11	1.48248E-9	-2.92659E+1	2.75622E-2	-2.06028E-2
5.55000E+11	1.41108E-9	-3.01452E+1	1.01491E-2	2.93959E-2
5.55175E+11	9.68229E-10	-3.09987E+1	-2.81830E-2	-5.26648E-4
5.55350E+11	6.48817E-10	-3.25145E+1	8.92544E-3	-2.19272E-2
5.55525E+11	5.71157E-10	-3.33138E+1	1.55511E-2	1.49803E-2
5.55700E+11	4.87690E-10	-3.38711E+1	-1.83410E-2	8.58546E-3
5.55875E+11	3.95917E-10	-3.47223E+1	-1.96036E-3	-1.82555E-2
5.56050E+11	3.50959E-10	-3.51981E+1	1.71125E-2	3.04805E-3
5.56225E+11	2.73604E-10	-3.58724E+1	-8.22832E-3	1.38192E-2
5.56400E+11	2.14125E-10	-3.71636E+1	-7.69026E-3	-1.15330E-2
5.56575E+11	2.28887E-10	-3.66322E+1	1.46474E-2	-1.61650E-3
5.56750E+11	1.87875E-10	-3.74419E+1	-6.43275E-3	1.17831E-2
5.56925E+11	1.75609E-10	-3.78005E+1	-6.71218E-3	-1.09948E-2
5.57100E+11	2.04930E-10	-3.74814E+1	1.32000E-2	-2.08596E-3
5.57275E+11	1.54203E-10	-3.80007E+1	-2.40050E-3	1.23572E-2
5.57450E+11	1.49701E-10	-3.81541E+1	-1.07288E-2	-6.15267E-3
5.57625E+11	1.78816E-10	-3.72363E+1	1.19570E-2	-6.78146E-3
5.57800E+11	2.01622E-10	-3.66037E+1	-5.47497E-4	1.47746E-2
5.57975E+11	2.73184E-10	-3.51949E+1	-1.58460E-2	-7.15940E-3
5.58150E+11	2.58641E-10	-3.54721E+1	1.05668E-2	-1.31147E-2
5.58325E+11	3.43922E-10	-3.48269E+1	1.31131E-2	1.25352E-2
5.58500E+11	5.09693E-10	-3.29166E+1	-1.73817E-2	1.44491E-2
5.58675E+11	5.95147E-10	-3.21910E+1	-1.27760E-2	-2.09902E-2
5.58850E+11	8.58979E-10	-3.12731E+1	2.59392E-2	-8.54887E-3
5.59025E+11	9.95467E-10	-3.04707E+1	-1.93269E-3	2.98923E-2
5.59200E+11	1.03881E-9	-2.99270E+1	-2.89305E-2	-1.34155E-2
5.59375E+11	1.63304E-9	-2.87205E+1	2.24663E-2	-2.89459E-2
5.59550E+11	1.93819E-9	-2.82410E+1	2.90037E-2	2.56539E-2
5.59725E+11	2.45868E-9	-2.70821E+1	-3.03235E-2	3.22236E-2
5.59900E+11	2.80632E-9	-2.63772E+1	-3.07617E-2	-3.68326E-2
5.60075E+11	4.25408E-9	-2.52745E+1	4.89233E-2	-2.39817E-2
5.60250E+11	5.50445E-9	-2.43702E+1	4.40647E-3	6.03026E-2
5.60425E+11	6.67440E-9	-2.37090E+1	-6.25915E-2	-1.84199E-2
5.60600E+11	7.46248E-9	-2.29318E+1	3.54243E-2	-6.19377E-2
5.60775E+11	8.79530E-9	-2.21179E+1	6.46336E-2	4.43065E-2
5.60950E+11	9.64600E-9	-2.16609E+1	-4.68278E-2	6.80378E-2
5.61125E+11	8.93236E-9	-2.08966E+1	-7.12730E-2	-5.52710E-2
5.61300E+11	1.25245E-8	-1.99540E+1	7.80773E-2	-6.33273E-2
5.61475E+11	1.66297E-8	-1.90586E+1	3.20849E-2	1.06729E-1
5.61650E+11	1.85823E-8	-1.84039E+1	-1.19264E-1	-1.47451E-2
5.61825E+11	2.26735E-8	-1.78507E+1	4.07875E-2	-1.21407E-1
5.62000E+11	2.61358E-8	-1.73364E+1	1.25139E-1	5.29682E-2
5.62175E+11	2.63449E-8	-1.71153E+1	-5.73047E-2	1.27067E-1
5.62350E+11	2.57743E-8	-1.69259E+1	-1.27524E-1	-6.35104E-2
5.62525E+11	2.93606E-8	-1.66194E+1	8.68543E-2	-1.19317E-1
5.62700E+11	2.94978E-8	-1.62979E+1	9.38062E-2	1.21054E-1
5.62875E+11	3.52376E-8	-1.57573E+1	-1.52689E-1	5.69982E-2
5.63050E+11	3.74021E-8	-1.53762E+1	-1.51385E-2	-1.69616E-1
5.63225E+11	4.05390E-8	-1.51788E+1	1.73695E-1	1.33130E-2
5.63400E+11	4.35094E-8	-1.52202E+1	-2.14443E-2	1.72045E-1
5.63575E+11	4.59639E-8	-1.53277E+1	-1.60142E-1	-6.06559E-2
5.63750E+11	4.61969E-8	-1.53732E+1	1.13346E-1	-1.27169E-1
5.63925E+11	4.25290E-8	-1.55085E+1	7.11975E-2	1.51855E-1
5.64100E+11	4.29606E-8	-1.53566E+1	-1.70496E-1	7.82330E-3
5.64275E+11	4.68065E-8	-1.48971E+1	4.11495E-2	-1.75179E-1
5.64450E+11	5.79239E-8	-1.44911E+1	1.74707E-1	7.09362E-2
5.64625E+11	6.26806E-8	-1.42430E+1	-8.47622E-2	1.74527E-1
5.64800E+11	5.74304E-8	-1.40976E+1	-1.62615E-1	-1.11727E-1
5.64975E+11	6.64949E-8	-1.39635E+1	1.57641E-1	-1.23675E-1
5.65150E+11	5.95665E-8	-1.39903E+1	4.42374E-2	1.94788E-1
5.65325E+11	5.93789E-8	-1.40080E+1	-1.92720E-1	-5.09539E-2
5.65500E+11	5.40678E-8	-1.40839E+1	1.14767E-1	-1.60865E-1
5.65675E+11	5.76983E-8	-1.36323E+1	1.39682E-1	1.54329E-1
5.65850E+11	7.13346E-8	-1.29336E+1	-1.90475E-1	1.20874E-1
5.66025E+11	6.97533E-8	-1.22798E+1	-6.89717E-2	-2.33242E-1
5.66200E+11	7.52837E-8	-1.20994E+1	2.47024E-1	2.54452E-2
5.66375E+11	7.54469E-8	-1.20422E+1	-1.34226E-1	2.10876E-1
5.66550E+11	7.12756E-8	-1.20127E+1	-1.33810E-1	-2.12147E-1
5.66725E+11	6.36901E-8	-1.20327E+1	2.42732E-1	-6.08630E-2
5.66900E+11	6.25466E-8	-1.20520E+1	9.76940E-3	2.49499E-1
5.67075E+11	5.73704E-8	-1.19206E+1	-2.51696E-1	-3.01403E-2
5.67250E+11	6.42444E-8	-1.12907E+1	8.97565E-2	-2.57357E-1
5.67425E+11	7.81348E-8	-1.07057E+1	2.15100E-1	1.96808E-1
5.67600E+11	8.39355E-8	-1.06115E+1	-2.79707E-1	9.28988E-2
5.67775E+11	8.19422E-8	-1.07461E+1	2.96155E-2	-2.88684E-1
5.67950E+11	7.97986E-8	-1.11589E+1	2.60231E-1	9.41233E-2
5.68125E+11	7.60662E-8	-1.16492E+1	-1.02438E-1	2.40644E-1
5.68300E+11	6.67409E-8	-1.22384E+1	-2.23749E-1	-9.82959E-2
5.68475E+11	7.22695E-8	-1.24618E+1	7.80146E-2	-2.25043E-1
5.68650E+11	6.97183E-8	-1.21040E+1	2.31637E-1	8.91465E-2
5.68825E+11	9.70733E-8	-1.13171E+1	-1.67253E-1	2.14163E-1
5.69000E+11	1.04195E-7	-1.12435E+1	-1.23315E-1	-2.44736E-1
5.69175E+11	9.35635E-8	-1.14287E+1	2.61494E-1	-5.98964E-2
5.69350E+11	9.00233E-8	-1.17104E+1	4.21049E-2	2.56269E-1
5.69525E+11	9.30376E-8	-1.19065E+1	-2.51804E-1	3.26169E-2
5.69700E+11	7.93599E-8	-1.20213E+1	1.24097E-2	-2.50266E-1
5.69875E+11	8.07485E-8	-1.24349E+1	2.21753E-1	8.89339E-2
5.70050E+11	8.76648E-8	-1.20820E+1	-1.91322E-1	1.59097E-1
5.70225E+11	1.10179E-7	-1.11023E+1	-2.05760E-2	-2.77777E-1
5.70400E+11	1.26675E-7	-1.07619E+1	2.49865E-1	1.46550E-1
5.70575E+11	1.29558E-7	-1.06849E+1	-2.39899E-1	1.66910E-1
5.70750E+11	1.33648E-7	-1.09229E+1	-8.51255E-2	-2.71312E-1
5.70925E+11	1.22357E-7	-1.11419E+1	2.77161E-1	7.78328E-3
5.71100E+11	1.13852E-7	-1.11530E+1	-1.40446E-1	2.38659E-1
5.71275E+11	1.12554E-7	-1.13780E+1	-1.09665E-1	-2.46547E-1
5.71450E+11	1.11519E-7	-1.11551E+1	2.74793E-1	3.36892E-2
5.71625E+11	1.28833E-7	-1.04486E+1	-1.68413E-1	2.48644E-1
5.71800E+11	1.41719E-7	-9.71141E+0	-1.82494E-1	-2.71232E-1
5.71975E+11	1.41066E-7	-9.64485E+0	3.19935E-1	-7.85036E-2
5.72150E+11	1.21838E-7	-9.73841E+0	-3.34750E-2	3.24172E-1
5.72325E+11	1.23366E-7	-9.95495E+0	-2.90766E-1	-1.28445E-1
5.72500E+11	9.90798E-8	-1.02274E+1	2.05280E-1	-2.29694E-1
5.72675E+11	9.22934E-8	-1.05453E+1	1.61831E-1	2.49019E-1
5.72850E+11	8.25562E-8	-1.09700E+1	-2.43317E-1	1.44154E-1
5.73025E+11	9.31500E-8	-1.04388E+1	-1.45139E-1	-2.63295E-1
5.73200E+11	1.03317E-7	-1.01641E+1	2.91972E-1	-1.05091E-1
5.73375E+11	9.64723E-8	-1.01912E+1	1.67802E-2	3.08889E-1
5.73550E+11	1.05463E-7	-1.02976E+1	-2.85971E-1	-1.07687E-1
5.73725E+11	9.91483E-8	-1.05388E+1	2.11597E-1	-2.08709E-1
5.73900E+11	9.05844E-8	-1.08424E+1	1.35845E-1	2.52814E-1
5.74075E+11	9.44514E-8	-1.11222E+1	-2.55035E-1	1.10394E-1
5.74250E+11	8.45339E-8	-1.15908E+1	-1.12967E-1	-2.37841E-1
5.74425E+11	7.81425E-8	-1.18563E+1	2.21123E-1	-1.27762E-1
5.74600E+11	1.16001E-7	-1.08443E+1	8.71705E-2	2.73375E-1
5.74775E+11	1.41149E-7	-1.00470E+1	-3.01487E-1	-8.96080E-2
5.74950E+11	1.45831E-7	-1.00958E+1	2.61867E-1	-1.71009E-1
5.75125E+11	1.22133E-7	-1.03669E+1	1.33968E-2	3.02852E-1
5.75300E+11	1.21221E-7	-1.07052E+1	-2.79032E-1	-8.45738E-2
5.75475E+11	1.10798E-7	-1.08535E+1	1.19767E-1	-2.60412E-1
5.75650E+11	9.51936E-8	-1.11335E+1	2.45396E-1	1.29651E-1
5.75825E+11	8.60000E-8	-1.13438E+1	-1.40899E-1	2.31377E-1
5.76000E+11	1.05547E-7	-1.06539E+1	-1.98606E-1	-2.15818E-1
5.76175E+11	1.35748E-8	-9.84875E+0	3.01096E-1	-1.13512E-1
5.76350E+11	3.41594E-9	-9.30144E+0	-1.71722E-1	-2.96585E-1
5.76525E+11	1.09246E-8	-9.17514E+0	3.38213E-1	-8.07993E-2
5.76700E+11	6.81545E-9	-9.43798E+0	2.85781E-2	3.36153E-1
5.76875E+11	7.49029E-9	-9.77378E+0	-3.24570E-1	1.11560E-3
5.77050E+11	6.89001E-9	-1.00002E+1	2.55352E-2	-3.15186E-1
5.77225E+11	5.62195E-9	-1.05155E+1	2.76706E-1	1.10644E-1
5.77400E+11	7.61371E-9	-9.73328E+0	-2.35035E-1	2.26037E-1
5.77575E+11	1.13692E-8	-8.78063E+0	-1.41570E-1	-3.35220E-1
5.77750E+11	9.24879E-9	-8.97205E+0	3.48450E-1	-7.27194E-2
5.77925E+11	6.77464E-9	-9.70411E+0	9.58292E-2	3.12838E-1
5.78100E+11	8.88537E-9	-1.02008E+1	-2.81257E-1	1.27966E-1
5.78275E+11	8.19726E-9	-1.05891E+1	-1.11670E-1	-2.73576E-1
5.78450E+11	6.51834E-9	-1.07053E+1	2.91333E-1	-1.15992E-2
5.78625E+11	7.31567E-9	-1.12265E+1	-1.16805E-1	2.48500E-1
5.78800E+11	6.23421E-9	-1.14952E+1	-1.88893E-1	-1.87598E-1
5.78975E+11	8.42883E-9	-1.06256E+1	2.31733E-1	-1.81341E-1
5.79150E+11	7.10291E-9	-9.76690E+0	1.89053E-1	2.64146E-1
5.79325E+11	9.20782E-9	-9.34984E+0	-2.82714E-1	1.90320E-1
5.79500E+11	1.31122E-8	-9.81264E+0	-1.35108E-1	-2.93521E-1
5.79675E+11	7.01450E-9	-1.00345E+1	3.14213E-1	-2.18589E-2
5.79850E+11	1.08446E-8	-1.03894E+1	-9.96665E-2	2.85466E-1
5.80025E+11	8.98746E-9	-1.06770E+1	-2.19121E-1	-1.93784E-1
5.80200E+11	8.14606E-9	-1.08486E+1	2.20234E-1	-1.83708E-1
5.80375E+11	1.39241E-8	-9.81293E+0	2.12650E-1	2.43273E-1
5.80550E+11	1.23174E-8	-9.50728E+0	-2.83981E-1	1.77112E-1
5.80725E+11	1.35605E-8	-9.94403E+0	-7.67941E-2	-3.08868E-1
5.80900E+11	1.04608E-8	-1.01528E+1	3.03666E-1	6.58058E-2
5.81075E+11	1.46604E-8	-1.03815E+1	-2.09138E-1	2.18750E-1
5.81250E+11	6.78370E-9	-1.02335E+1	-9.81055E-2	-2.91788E-1
5.81425E+11	6.47507E-9	-1.02333E+1	3.06941E-1	-2.35863E-2
5.81600E+11	9.20642E-9	-1.07136E+1	2.80006E-3	2.91273E-1
5.81775E+11	6.01121E-9	-1.01620E+1	-3.08928E-1	3.00185E-2
5.81950E+11	6.32755E-9	-8.29087E+0	4.36480E-2	-3.82514E-1
5.82125E+11	1.04903E-8	-8.08660E+0	3.22583E-1	2.26497E-1
5.82300E+11	9.52365E-9	-8.36658E+0	-3.52152E-1	1.47137E-1
5.82475E+11	1.21955E-8	-8.85283E+0	4.42241E-2	-3.58157E-1
5.82650E+11	5.66187E-9	-9.30930E+0	3.03190E-1	1.59105E-1
5.82825E+11	7.33326E-9	-9.76560E+0	-2.14039E-1	2.44403E-1
5.83000E+11	7.46707E-9	-1.00168E+1	-1.85981E-1	-2.55000E-1
5.83175E+11	5.84898E-9	-1.05252E+1	2.71020E-1	-1.23116E-1
5.83350E+11	7.51750E-9	-1.00717E+1	3.72459E-2	3.11407E-1
5.83525E+11	6.40546E-9	-1.01767E+1	-3.03343E-1	-6.32116E-2
5.83700E+11	1.16352E-8	-1.03775E+1	1.21715E-1	-2.77236E-1
5.83875E+11	8.29573E-9	-1.03679E+1	2.56500E-1	1.61509E-1
5.84050E+11	6.69204E-9	-1.06326E+1	-1.89548E-1	2.24758E-1
5.84225E+11	6.81544E-9	-1.07100E+1	-1.81694E-1	-2.27827E-1
5.84400E+11	5.06374E-9	-1.09907E+1	2.69104E-1	-8.47729E-2
5.84575E+11	6.58601E-9	-1.10863E+1	-2.69822E-2	2.77745E-1
5.84750E+11	1.16688E-8	-9.88571E+0	-2.93068E-1	-1.29529E-1
5.84925E+11	9.11673E-9	-9.20398E+0	2.30899E-1	-2.58461E-1
5.85100E+11	8.34030E-9	-9.22391E+0	2.22468E-1	2.64715E-1
5.85275E+11	7.96978E-9	-9.74700E+0	-2.70639E-1	1.80978E-1
5.85450E+11	5.56768E-9	-9.93941E+0	-1.10949E-1	-2.98488E-1
5.85625E+11	7.49093E-9	-1.02874E+1	3.05830E-1	7.98049E-3
5.85800E+11	5.79419E-9	-1.05670E+1	-1.38016E-1	2.62130E-1
5.85975E+11	5.60139E-9	-1.06872E+1	-1.90927E-1	-2.21159E-1
5.86150E+11	6.42683E-9	-1.06026E+1	2.41669E-1	-1.69235E-1
5.86325E+11	8.01339E-9	-9.84021E+0	1.88844E-1	2.60933E-1
5.86500E+11	9.43982E-9	-9.42658E+0	-2.72632E-1	1.99466E-1
5.86675E+11	1.09551E-8	-9.08055E+0	-1.47700E-1	-3.19004E-1
5.86850E+11	7.92943E-9	-9.07561E+0	3.51583E-1	-1.04453E-2
5.87025E+11	1.03787E-8	-9.52352E+0	-1.37565E-1	3.04420E-1
5.87200E+11	7.22283E-9	-9.71201E+0	-2.44640E-1	-2.16812E-1
5.87375E+11	8.13093E-9	-9.94072E+0	2.25508E-1	-2.24768E-1
5.87550E+11	9.82262E-9	-1.01928E+1	2.44689E-1	1.89171E-1
5.87725E+11	1.35170E-8	-9.48532E+0	-1.99190E-1	2.70009E-1
5.87900E+11	9.36841E-9	-9.05530E+0	-2.32582E-1	-2.64963E-1
5.88075E+11	1.06065E-8	-9.40123E+0	3.29131E-1	-8.03482E-2
5.88250E+11	7.08904E-9	-9.65770E+0	-1.26817E-1	3.03510E-1
5.88425E+11	8.08511E-9	-1.02880E+1	-1.77240E-1	-2.49337E-1
5.88600E+11	5.91259E-9	-1.07051E+1	2.75666E-1	-9.49891E-2
5.88775E+11	6.57043E-9	-1.08796E+1	8.30805E-2	2.73430E-1
5.88950E+11	9.51261E-9	-1.09001E+1	-2.63382E-1	1.09141E-1
5.89125E+11	7.00722E-9	-9.96052E+0	-7.91979E-2	-3.07638E-1
5.89300E+11	1.28483E-8	-9.16557E+0	3.40040E-1	7.45394E-2
5.89475E+11	1.56741E-8	-8.93379E+0	-2.84733E-1	2.16226E-1
5.89650E+11	1.54845E-8	-9.42314E+0	4.48399E-3	-3.37913E-1
5.89825E+11	7.81382E-9	-9.84071E+0	2.99597E-1	1.18226E-1
5.90000E+11	9.78119E-9	-1.05931E+1	-1.46356E-1	2.56543E-1
5.90175E+11	7.97130E-9	-1.11798E+1	-2.27216E-1	-1.56794E-1
5.90350E+11	6.21331E-9	-1.17072E+1	1.81672E-1	-1.85719E-1
5.90525E+11	7.12402E-9	-1.15471E+1	1.33337E-1	2.28587E-1
5.90700E+11	1.06475E-8	-1.04835E+1	-2.98559E-1	1.81017E-2
5.90875E+11	1.00142E-8	-1.03089E+1	8.12352E-2	-2.94168E-1
5.91050E+11	8.38001E-9	-1.05183E+1	2.90329E-1	6.67763E-2
5.91225E+11	5.60331E-9	-1.06886E+1	1.83287E-2	2.91551E-1
5.91400E+11	8.73132E-9	-1.06182E+1	-2.81097E-1	8.78449E-2
5.91575E+11	8.47250E-9	-1.06236E+1	-7.58382E-2	-2.84383E-1
5.91750E+11	6.63909E-9	-1.03536E+1	2.97100E-1	6.25421E-2
5.91925E+11	4.98209E-9	-9.82724E+0	-2.66377E-1	1.81937E-1
5.92100E+11	5.20428E-9	-9.19718E+0	1.01871E-1	-3.31552E-1
5.92275E+11	1.10711E-8	-8.54527E+0	2.27511E-1	2.96695E-1
5.92450E+11	6.73345E-9	-8.94987E+0	-3.26029E-1	1.45119E-1
5.92625E+11	5.70284E-9	-9.59621E+0	-1.18356E-1	-3.09411E-1
5.92800E+11	4.20057E-9	-1.02779E+1	2.92547E-1	-9.06504E-2
5.92975E+11	4.73033E-9	-1.11597E+1	1.42399E-2	2.76338E-1
5.93150E+11	4.24959E-9	-1.18559E+1	-2.37389E-1	-9.41821E-2
5.93325E+11	2.29176E-9	-1.20778E+1	1.83798E-1	-1.67910E-1
5.93500E+11	4.98935E-9	-1.07892E+1	8.21973E-2	2.76816E-1
5.93675E+11	5.54460E-9	-1.03145E+1	-3.01251E-1	-4.75541E-2
5.93850E+11	7.05569E-9	-1.05311E+1	1.15818E-1	-2.73998E-1
5.94025E+11	5.26450E-9	-1.04341E+1	2.45397E-1	1.73976E-1
5.94200E+11	4.96194E-9	-1.06168E+1	-2.50915E-1	1.54280E-1
5.94375E+11	5.64971E-9	-1.07607E+1	-3.00039E-2	-2.88152E-1
5.94550E+11	7.09663E-9	-1.09473E+1	2.77372E-1	5.88851E-2
5.94725E+11	8.08604E-9	-1.10989E+1	-7.52301E-2	2.68301E-1
5.94900E+11	7.03424E-9	-1.10095E+1	-2.72452E-1	-7.09121E-2
5.95075E+11	8.42364E-9	-1.04182E+1	7.85239E-2	-2.90952E-1
5.95250E+11	1.14517E-8	-1.02362E+1	2.68725E-1	1.49975E-1
5.95425E+11	1.17367E-8	-1.07027E+1	-2.22058E-1	1.89077E-1
5.95600E+11	9.34669E-9	-1.13155E+1	-6.83334E-2	-2.63053E-1
5.95775E+11	6.49806E-9	-1.22133E+1	2.40615E-1	4.66419E-2
5.95950E+11	5.40419E-9	-1.24826E+1	-1.13543E-1	2.08730E-1
5.96125E+11	4.11485E-9	-1.25978E+1	-1.99734E-1	-1.22834E-1
5.96300E+11	6.72399E-9	-1.20827E+1	1.39868E-1	-2.05775E-1
5.96475E+11	5.83917E-9	-1.06999E+1	1.94163E-1	2.17753E-1
5.96650E+11	6.17643E-9	-1.04723E+1	-2.75726E-1	1.16918E-1
5.96825E+11	5.09031E-9	-1.05471E+1	-1.94412E-2	-2.96286E-1
5.97000E+11	5.76700E-9	-1.03537E+1	2.97160E-1	6.22473E-2
5.97175E+11	6.33774E-9	-1.03477E+1	-1.28307E-1	2.75397E-1
5.97350E+11	5.58018E-9	-1.05580E+1	-2.39043E-1	-1.75501E-1
5.97525E+11	3.76932E-9	-1.12376E+1	1.98447E-1	-1.89269E-1
5.97700E+11	4.56349E-9	-1.17304E+1	1.41202E-1	2.17254E-1
5.97875E+11	4.72664E-9	-1.07562E+1	-2.75546E-1	8.99598E-2
5.98050E+11	9.01666E-9	-9.62126E+0	4.17282E-2	-3.27676E-1
5.98225E+11	7.87263E-9	-9.82422E+0	2.79845E-1	1.60677E-1
5.98400E+11	6.08068E-9	-1.01218E+1	-2.21101E-1	2.19885E-1
5.98575E+11	8.99335E-9	-1.04318E+1	-1.51921E-1	-2.59723E-1
5.98750E+11	5.93310E-9	-1.09223E+1	2.81901E-1	-3.74050E-2
5.98925E+11	6.48450E-9	-1.15192E+1	-1.01477E-1	2.45325E-1
5.99100E+11	7.06004E-9	-1.14374E+1	-1.64655E-1	-2.11451E-1
5.99275E+11	1.01543E-8	-1.05861E+1	2.89973E-1	-5.73734E-2
5.99450E+11	1.17319E-8	-1.00187E+1	-6.29182E-2	3.09212E-1
5.99625E+11	1.15621E-8	-1.03158E+1	-2.68751E-1	-1.44082E-1
5.99800E+11	1.01319E-8	-1.06150E+1	1.94652E-1	-2.21147E-1
5.99975E+11	7.39265E-9	-1.10869E+1	1.38794E-1	2.42066E-1
6.00150E+11	7.33125E-9	-1.17461E+1	-2.57739E-1	2.15560E-2
6.00325E+11	5.36602E-9	-1.21950E+1	7.56398E-2	-2.33675E-1
6.00500E+11	6.08005E-9	-1.29882E+1	1.86532E-1	1.24341E-1
6.00675E+11	4.32115E-9	-1.27083E+1	-1.24065E-1	1.95470E-1
6.00850E+11	7.35163E-9	-1.10751E+1	-2.45063E-1	-1.34218E-1
6.01025E+11	1.08410E-8	-1.03349E+1	2.00740E-1	-2.28652E-1
6.01200E+11	7.75545E-9	-1.02531E+1	1.40373E-1	2.73191E-1
6.01375E+11	9.21358E-9	-1.05542E+1	-2.96306E-1	-1.49364E-2
6.01550E+11	6.05020E-9	-1.09219E+1	1.63317E-1	-2.32812E-1
6.01725E+11	6.93328E-9	-1.14119E+1	1.35502E-1	2.32130E-1
6.01900E+11	6.12551E-9	-1.15193E+1	-2.47852E-1	9.51299E-2
6.02075E+11	4.99474E-9	-1.18184E+1	-1.15924E-1	-2.28804E-1
6.02250E+11	4.42300E-9	-1.14329E+1	2.31253E-1	-1.35715E-1
6.02425E+11	7.99968E-9	-1.10666E+1	1.14560E-1	2.55148E-1
6.02600E+11	5.27671E-9	-1.10819E+1	-2.78940E-1	-1.18981E-2
6.02775E+11	6.18086E-9	-1.16224E+1	1.73195E-1	-1.97054E-1
6.02950E+11	4.40062E-9	-1.18946E+1	2.72724E-2	2.52789E-1
6.03125E+11	4.31004E-9	-1.19656E+1	-2.24053E-1	-1.15749E-1
6.03300E+11	3.99176E-9	-1.23172E+1	1.82335E-1	-1.59392E-1
6.03475E+11	3.40458E-9	-1.22400E+1	1.32692E-1	2.05175E-1
6.03650E+11	3.61751E-9	-1.10509E+1	-2.33593E-1	1.54731E-1
6.03825E+11	6.03800E-9	-9.36687E+0	-1.33527E-1	-3.12834E-1
6.04000E+11	7.02596E-9	-9.14828E+0	3.45255E-1	-4.96571E-2
6.04175E+11	1.01676E-8	-9.49927E+0	8.29588E-3	3.34891E-1
6.04350E+11	6.09756E-9	-1.01039E+1	-3.05182E-1	-6.70854E-2
6.04525E+11	3.96082E-9	-1.10121E+1	1.29106E-1	-2.50086E-1
6.04700E+11	7.13875E-9	-1.19698E+1	1.94889E-1	1.59856E-1
6.04875E+11	4.53256E-9	-1.26959E+1	-1.68994E-1	1.58729E-1
6.05050E+11	4.77317E-9	-1.26725E+1	-1.46399E-1	-1.80588E-1
6.05225E+11	5.25357E-9	-1.17934E+1	2.30038E-1	-1.15119E-1
6.05400E+11	5.41917E-9	-1.19547E+1	3.92790E-2	2.49427E-1
6.05575E+11	4.40393E-9	-1.24452E+1	-2.38628E-1	2.32792E-3
6.05750E+11	4.35085E-9	-1.24726E+1	2.66697E-2	-2.36388E-1
6.05925E+11	5.96823E-9	-1.22856E+1	2.37982E-1	4.94500E-2
6.06100E+11	3.67803E-9	-1.21985E+1	-7.49066E-2	2.33808E-1
6.06275E+11	3.97670E-9	-1.26271E+1	-2.17155E-1	-8.63498E-2
6.06450E+11	6.02278E-9	-1.22178E+1	1.02472E-1	-2.22507E-1
6.06625E+11	6.41185E-9	-1.05867E+1	2.47507E-1	1.61565E-1
6.06800E+11	4.36423E-9	-1.00004E+1	-2.71033E-1	1.62886E-1
6.06975E+11	7.47557E-9	-1.03264E+1	-6.26903E-2	-2.98043E-1
6.07150E+11	3.65369E-9	-1.11590E+1	2.76581E-1	8.97661E-3
6.07325E+11	3.36119E-9	-1.14711E+1	-5.08163E-2	2.62079E-1
6.07500E+11	3.58675E-9	-1.20819E+1	-2.33641E-1	-8.56084E-2
6.07675E+11	5.31045E-9	-1.21380E+1	1.00625E-1	-2.25824E-1
6.07850E+11	4.94193E-9	-1.23101E+1	2.20660E-1	1.00287E-1
6.08025E+11	5.67244E-9	-1.16155E+1	-1.09392E-1	2.38684E-1
6.08200E+11	6.76556E-9	-1.14734E+1	-2.49330E-1	-9.52034E-2
6.08375E+11	6.18469E-9	-1.10514E+1	8.96694E-2	-2.65437E-1
6.08550E+11	6.57774E-9	-1.06439E+1	2.73087E-1	1.07906E-1
6.08725E+11	8.56622E-9	-1.04928E+1	-1.73053E-1	2.43570E-1
6.08900E+11	9.15432E-9	-1.05833E+1	-1.92035E-1	-2.24844E-1
6.09075E+11	6.59507E-9	-1.10650E+1	2.51281E-1	-1.22924E-1
6.09250E+11	4.94300E-9	-1.13199E+1	9.22276E-2	2.55513E-1
6.09425E+11	1.17367E-8	-1.06360E+1	-2.77477E-1	9.68718E-2
6.09600E+11	8.86701E-9	-9.51356E+0	-5.61450E-2	-3.29696E-1
6.09775E+11	1.18572E-8	-9.57965E+0	3.31234E-1	2.11404E-2
6.09950E+11	6.33458E-9	-1.00854E+1	-1.08735E-1	2.93648E-1
6.10125E+11	7.88550E-9	-1.04974E+1	-2.26412E-1	-1.94721E-1
6.10300E+11	5.21189E-9	-1.09777E+1	2.56364E-1	-1.18827E-1
6.10475E+11	7.54346E-9	-1.14956E+1	1.66363E-2	2.65688E-1
6.10650E+11	5.41273E-9	-1.17261E+1	-2.53772E-1	-5.29445E-2
6.10825E+11	5.20321E-9	-1.18612E+1	9.37806E-2	-2.37380E-1
6.11000E+11	4.20042E-9	-1.18399E+1	2.22758E-1	1.25871E-1
6.11175E+11	7.47059E-9	-1.10851E+1	-1.98442E-1	1.96246E-1
6.11350E+11	4.62454E-9	-1.03951E+1	-8.45346E-2	-2.90099E-1
6.11525E+11	5.76838E-9	-1.08178E+1	2.81938E-1	5.78495E-2
6.11700E+11	4.51342E-9	-1.10831E+1	-1.52001E-1	2.34142E-1
6.11875E+11	5.16290E-9	-1.17421E+1	-1.82739E-1	-1.83199E-1
6.12050E+11	3.10381E-9	-1.18767E+1	1.96877E-1	-1.61715E-1
6.12225E+11	5.15128E-9	-1.15449E+1	1.36519E-1	2.26778E-1
6.12400E+11	5.30752E-9	-1.05674E+1	-2.84671E-1	8.19412E-2
6.12575E+11	4.03074E-9	-1.00105E+1	4.25756E-2	-3.12963E-1
6.12750E+11	4.85101E-9	-1.01217E+1	2.76241E-1	1.44664E-1
6.12925E+11	6.55123E-9	-9.97906E+0	-2.00561E-1	2.45476E-1
6.13100E+11	7.19628E-9	-1.00589E+1	-1.95730E-1	-2.45648E-1
6.13275E+11	5.17481E-9	-9.99597E+0	2.73615E-1	-1.58832E-1
6.13450E+11	5.30206E-9	-1.01711E+1	1.01251E-1	2.93060E-1
6.13625E+11	4.95226E-9	-1.07899E+1	-2.88738E-1	1.14274E-3
6.13800E+11	3.32806E-9	-1.08416E+1	1.08670E-1	-2.65659E-1
6.13975E+11	7.24572E-9	-9.41766E+0	1.63494E-1	2.96005E-1
6.14150E+11	9.06868E-9	-8.99187E+0	-3.44435E-1	-8.65614E-2
6.14325E+11	5.98190E-9	-9.38795E+0	2.17006E-1	-2.60850E-1
6.14500E+11	4.18661E-9	-9.97966E+0	1.99919E-1	2.45971E-1
6.14675E+11	5.77846E-9	-1.04970E+1	-2.27294E-1	1.93710E-1
6.14850E+11	5.19564E-9	-1.10301E+1	-1.65958E-1	-2.26589E-1
6.15025E+11	3.43121E-9	-1.12612E+1	2.40163E-1	-1.30835E-1
6.15200E+11	5.47496E-9	-1.05913E+1	9.33169E-2	2.80292E-1
6.15375E+11	5.66281E-9	-1.03369E+1	-3.01425E-1	4.09800E-2
6.15550E+11	4.44090E-9	-9.90961E+0	-2.61752E-2	-3.18462E-1
6.15725E+11	4.78927E-9	-9.87782E+0	3.18370E-1	-3.86491E-2
6.15900E+11	7.11537E-9	-1.00937E+1	2.54813E-2	3.11795E-1
6.16075E+11	6.54485E-9	-1.05919E+1	-2.87932E-1	-6.59816E-2
6.16250E+11	4.76187E-9	-1.11833E+1	1.93789E-1	-1.96457E-1
6.16425E+11	4.88456E-9	-1.18704E+1	3.54544E-2	2.52488E-1
6.16600E+11	4.93099E-9	-1.18405E+1	-2.34979E-1	-1.01197E-1
6.16775E+11	7.55666E-9	-1.05561E+1	2.15304E-1	-2.04024E-1
6.16950E+11	7.45995E-9	-1.01264E+1	1.08725E-1	2.92078E-1
6.17125E+11	6.42924E-9	-1.05732E+1	-2.95319E-1	2.05562E-2
6.17300E+11	8.18704E-9	-1.11183E+1	8.16254E-2	-2.65775E-1
6.17475E+11	5.75069E-9	-1.12248E+1	1.93766E-1	1.94628E-1
6.17650E+11	9.22502E-9	-1.11361E+1	-2.67727E-1	7.28360E-2
6.17825E+11	5.27427E-9	-1.10405E+1	3.55770E-2	-2.78263E-1
6.18000E+11	7.59499E-9	-1.05647E+1	2.68846E-1	1.24615E-1
6.18175E+11	7.29114E-9	-9.94775E+0	-2.09849E-1	2.39110E-1
6.18350E+11	1.06597E-8	-9.35019E+0	-1.84392E-1	-2.86600E-1
6.18525E+11	7.45011E-9	-9.62473E+0	3.23701E-1	-6.51382E-2
6.18700E+11	6.51320E-9	-9.11128E+0	-5.90612E-2	3.45282E-1
6.18875E+11	6.35846E-9	-8.83090E+0	-3.12450E-1	-1.82389E-1
6.19050E+11	8.09082E-9	-9.03731E+0	2.43879E-1	-2.55614E-1
6.19225E+11	6.34856E-9	-9.34296E+0	2.19632E-1	2.60950E-1
6.19400E+11	6.70553E-9	-9.69688E+0	-2.42763E-1	2.19761E-1
6.19575E+11	7.32376E-9	-9.08670E+0	-2.19382E-1	-2.74364E-1
6.19750E+11	8.81315E-9	-8.55895E+0	3.59583E-1	-1.00248E-1
6.19925E+11	5.85940E-9	-8.60657E+0	-1.27284E-1	3.48752E-1
6.20100E+11	8.06551E-9	-9.21058E+0	-2.33087E-1	-2.56134E-1
6.20275E+11	3.74739E-9	-9.44597E+0	3.19441E-1	-1.07537E-1
6.20450E+11	5.75100E-9	-9.62964E+0	-5.62225E-2	3.25178E-1
6.20625E+11	5.04826E-9	-9.99903E+0	-2.53925E-1	-1.88532E-1
6.20800E+11	3.14816E-9	-1.10255E+1	2.51194E-1	-1.25977E-1
6.20975E+11	3.20898E-9	-1.13501E+1	-6.84860E-3	2.70619E-1
6.21150E+11	3.95476E-9	-1.11409E+1	-2.34699E-1	-1.47693E-1
6.21325E+11	3.48961E-9	-1.03745E+1	2.61898E-1	-1.52142E-1
6.21500E+11	7.86430E-9	-9.89936E+0	-3.72619E-3	3.19891E-1
6.21675E+11	5.07650E-9	-9.78818E+0	-2.92641E-1	-1.39139E-1
6.21850E+11	3.52745E-9	-1.03293E+1	2.20453E-1	-2.09996E-1
6.22025E+11	4.52432E-9	-1.05094E+1	1.10337E-1	2.77052E-1
6.22200E+11	7.85992E-9	-1.05004E+1	-2.98493E-1	-4.31849E-3
6.22375E+11	4.98378E-9	-1.03297E+1	9.58979E-2	-2.88951E-1
6.22550E+11	8.43939E-9	-9.59122E+0	2.67580E-1	1.95628E-1
6.22725E+11	8.67919E-9	-9.51327E+0	-2.58476E-1	2.12250E-1
6.22900E+11	6.89074E-9	-1.00374E+1	-1.88021E-1	-2.52570E-1
6.23075E+11	4.57537E-9	-1.01866E+1	2.52829E-1	-1.78526E-1
6.23250E+11	4.73442E-9	-1.08151E+1	1.14268E-1	2.64254E-1
6.23425E+11	5.06256E-9	-1.12625E+1	-2.72511E-1	-2.26325E-2
6.23600E+11	3.78023E-9	-1.18086E+1	1.33187E-1	-2.19544E-1
6.23775E+11	2.54053E-9	-1.18077E+1	1.84285E-1	1.78862E-1
6.23950E+11	4.54690E-9	-1.07790E+1	-2.24556E-1	1.82081E-1
6.24125E+11	8.56805E-9	-8.83070E+0	-1.70995E-1	-3.18838E-1
6.24300E+11	7.04814E-9	-8.31981E+0	3.74635E-1	-8.29838E-2
6.24475E+11	7.39633E-9	-8.32058E+0	6.92935E-4	3.83681E-1
6.24650E+11	6.74331E-9	-8.22887E+0	-3.72596E-1	-1.07358E-1
6.24825E+11	8.14840E-9	-8.28162E+0	1.75356E-1	-3.43203E-1
6.25000E+11	6.08322E-9	-8.12271E+0	3.29291E-1	2.13638E-1
6.25175E+11	6.22299E-9	-8.86090E+0	-2.01069E-1	2.99268E-1
6.25350E+11	5.74132E-9	-9.17194E+0	-2.98268E-1	-1.79003E-1
6.25525E+11	6.28588E-9	-8.70984E+0	2.20802E-1	-2.92980E-1
6.25700E+11	4.98119E-9	-9.11115E+0	1.87902E-1	2.95642E-1
6.25875E+11	4.60229E-9	-1.01407E+1	-3.00366E-1	8.11962E-2
6.26050E+11	3.32943E-9	-1.09543E+1	-2.71160E-2	-2.82023E-1
6.26225E+11	2.69694E-9	-1.13494E+1	2.70663E-1	-5.83142E-3
6.26400E+11	5.03698E-9	-1.17130E+1	-6.73326E-3	2.59540E-1
6.26575E+11	4.44903E-9	-1.20196E+1	-2.50135E-1	-1.56238E-2
6.26750E+11	4.20605E-9	-1.17500E+1	5.62371E-2	-2.52333E-1
6.26925E+11	5.10244E-9	-1.04678E+1	2.31573E-1	1.90167E-1
6.27100E+11	4.83089E-9	-9.88721E+0	-3.14394E-1	6.15419E-2
6.27275E+11	7.47743E-9	-9.62429E+0	1.53339E-1	-2.92444E-1
6.27450E+11	9.47753E-9	-9.48060E+0	1.40813E-1	3.04756E-1
6.27625E+11	1.21726E-8	-9.48598E+0	-3.32590E-1	-4.41447E-2
6.27800E+11	8.16663E-9	-9.73598E+0	1.81913E-1	-2.70510E-1
6.27975E+11	5.28515E-9	-1.02789E+1	1.91531E-1	2.38946E-1
6.28150E+11	4.48659E-9	-1.07676E+1	-2.62268E-1	1.22532E-1
6.28325E+11	3.25241E-9	-9.98888E+0	-1.53087E-2	-3.16262E-1
6.28500E+11	8.45769E-9	-9.82722E+0	3.06362E-1	1.00999E-1
6.28675E+11	4.58938E-9	-1.01254E+1	-1.45468E-1	2.75667E-1
6.28850E+11	7.21515E-9	-9.95640E+0	-2.73717E-1	-1.61518E-1
6.29025E+11	7.98799E-9	-9.64717E+0	2.24797E-1	-2.40686E-1
6.29200E+11	5.50000E-9	-9.50390E+0	1.82229E-1	2.80880E-1
6.29375E+11	4.49224E-9	-9.88826E+0	-3.05429E-1	9.65385E-2
6.29550E+11	2.98282E-9	-9.66095E+0	3.68337E-2	-3.26746E-1
6.29725E+11	3.47561E-9	-9.26140E+0	3.22713E-1	1.19979E-1
6.29900E+11	5.08178E-9	-8.12286E+0	-2.38968E-1	3.11388E-1
6.30075E+11	6.95135E-9	-7.77166E+0	-2.39870E-1	-3.30919E-1
6.30250E+11	5.44591E-9	-8.02244E+0	3.63860E-1	-1.58992E-1
6.30425E+11	4.75826E-9	-8.21370E+0	1.10614E-2	3.88274E-1
6.30600E+11	4.35177E-9	-8.66918E+0	-3.44788E-1	-1.30301E-1
6.30775E+11	3.58522E-9	-9.29224E+0	2.21280E-1	-2.62174E-1
6.30950E+11	5.04761E-9	-9.91091E+0	1.66589E-1	2.72618E-1
6.31125E+11	2.91193E-9	-1.01106E+1	-3.03380E-1	7.37934E-2
6.31300E+11	3.69031E-9	-1.02347E+1	-4.68302E-3	-3.07762E-1
6.31475E+11	6.16081E-9	-1.00827E+1	3.03266E-1	7.83802E-2
6.31650E+11	5.95171E-9	-1.02739E+1	-1.74352E-1	2.51970E-1
6.31825E+11	6.87644E-9	-1.06359E+1	-1.44177E-1	-2.56112E-1
6.32000E+11	5.32920E-9	-1.13911E+1	2.66472E-1	-3.98037E-2
6.32175E+11	5.20384E-9	-1.19411E+1	-2.64553E-2	2.51511E-1
6.32350E+11	5.68265E-9	-1.24107E+1	-2.37234E-1	-3.34994E-2
6.32525E+11	6.95786E-9	-1.24330E+1	8.81480E-3	-2.38812E-1
6.32700E+11	6.76745E-9	-1.14210E+1	2.66554E-1	3.22891E-2
6.32875E+11	6.27071E-9	-1.05621E+1	-1.09162E-1	2.75577E-1
6.33050E+11	6.76374E-9	-1.06319E+1	-2.33372E-1	-1.78877E-1
6.33225E+11	5.11113E-9	-1.04801E+1	2.33219E-1	-1.87466E-1
6.33400E+11	5.44848E-9	-1.07441E+1	1.53922E-1	2.46092E-1
6.33575E+11	2.89170E-9	-1.09190E+1	-2.62687E-1	1.09195E-1
6.33750E+11	4.92013E-9	-1.06932E+1	-6.50041E-2	-2.84643E-1
6.33925E+11	3.31547E-9	-1.08813E+1	2.85611E-1	7.72585E-3
6.34100E+11	4.74198E-9	-1.02565E+1	-6.98522E-2	2.98973E-1
6.34275E+11	5.20434E-9	-9.07314E+0	-3.02296E-1	-1.80020E-1
6.34450E+11	5.67507E-9	-8.85681E+0	2.58661E-1	-2.51409E-1
6.34625E+11	3.54992E-9	-9.10252E+0	2.03410E-1	2.85622E-1
6.34800E+11	5.28676E-9	-9.29113E+0	-2.73514E-1	2.07171E-1
6.34975E+11	3.57775E-9	-1.01400E+1	-1.90149E-1	-2.46313E-1
6.35150E+11	3.15715E-9	-1.06450E+1	2.49826E-1	-1.54228E-1
6.35325E+11	2.51551E-9	-1.10901E+1	1.46274E-1	2.37498E-1
6.35500E+11	3.73341E-9	-1.03422E+1	-2.71437E-1	1.36910E-1
6.35675E+11	4.77219E-9	-9.40403E+0	-9.09835E-2	-3.26237E-1
6.35850E+11	5.82678E-9	-9.42566E+0	3.37831E-1	-2.96582E-3
6.36025E+11	4.42864E-9	-9.69651E+0	-5.94772E-2	3.22026E-1
6.36200E+11	4.95632E-9	-1.02758E+1	-2.88875E-1	-1.01969E-1
6.36375E+11	4.32781E-9	-1.02826E+1	1.54496E-1	-2.64254E-1
6.36550E+11	4.78250E-9	-9.97319E+0	2.00221E-1	2.46030E-1
6.36725E+11	4.97103E-9	-1.07204E+1	-2.79201E-1	8.22295E-2
6.36900E+11	6.58978E-9	-1.10184E+1	1.61437E-2	-2.80778E-1
6.37075E+11	5.79369E-9	-1.08443E+1	2.65134E-1	1.09714E-1
6.37250E+11	6.86414E-9	-1.02902E+1	-2.23031E-1	2.09266E-1
6.37425E+11	1.03981E-8	-1.05861E+1	-8.82506E-2	-2.82112E-1
6.37600E+11	6.09982E-9	-1.15161E+1	2.64986E-1	1.77528E-2
6.37775E+11	4.59267E-9	-1.24734E+1	-1.08988E-1	2.11427E-1
6.37950E+11	4.96327E-9	-1.30130E+1	-1.35641E-1	-1.77682E-1
6.38125E+11	4.81691E-9	-1.30410E+1	2.20049E-1	-3.50168E-2
6.38300E+11	5.49933E-9	-1.28672E+1	-7.88567E-2	2.13205E-1
6.38475E+11	4.34913E-9	-1.21507E+1	-1.68520E-1	-1.80403E-1
6.38650E+11	4.72737E-9	-1.16674E+1	2.50166E-1	-7.43957E-2
6.38825E+11	2.98542E-9	-1.14126E+1	-1.78947E-2	2.68168E-1
6.39000E+11	3.72357E-9	-1.07420E+1	-2.76494E-1	-8.85776E-2
6.39175E+11	3.37118E-9	-1.06654E+1	1.53093E-1	-2.49714E-1
6.39350E+11	3.66465E-9	-1.01097E+1	2.06967E-1	2.33819E-1
6.39525E+11	4.70884E-9	-1.00888E+1	-2.89092E-1	1.20010E-1
6.39700E+11	3.77248E-9	-1.04942E+1	-2.71301E-2	-2.97503E-1
6.39875E+11	3.58840E-9	-1.00150E+1	3.13337E-1	3.84224E-2
6.40050E+11	4.84737E-9	-9.05687E+0	-9.85890E-2	3.38430E-1
6.40225E+11	4.62816E-9	-9.28536E+0	-2.78792E-1	-2.00403E-1
6.40400E+11	5.56884E-9	-9.64432E+0	2.55167E-1	-2.08385E-1
6.40575E+11	5.34416E-9	-9.90966E+0	1.18077E-1	2.96917E-1
6.40750E+11	4.52666E-9	-1.04851E+1	-2.98439E-1	-1.91394E-2
6.40925E+11	4.40580E-9	-1.10963E+1	1.23828E-1	-2.49716E-1
6.41100E+11	3.45588E-9	-1.19826E+1	1.76501E-1	1.79433E-1
6.41275E+11	4.84499E-9	-1.20777E+1	-2.06366E-1	1.39247E-1
6.41450E+11	4.90999E-9	-1.15560E+1	-1.56967E-1	-2.12717E-1
6.41625E+11	6.28025E-9	-1.07858E+1	2.09669E-1	-1.98716E-1
6.41800E+11	4.97081E-9	-1.01765E+1	1.60376E-1	2.65138E-1
6.41975E+11	3.67884E-9	-1.04446E+1	-2.90050E-1	7.83614E-2
6.42150E+11	3.11002E-9	-1.09880E+1	1.24009E-2	-2.81957E-1
6.42325E+11	3.33263E-9	-1.23536E+1	2.36204E-1	4.86764E-2
6.42500E+11	1.90056E-9	-1.25218E+1	-8.80516E-2	2.19543E-1
6.42675E+11	3.07083E-9	-1.25380E+1	-1.95694E-1	-1.32091E-1
6.42850E+11	2.80985E-9	-1.19945E+1	1.75103E-1	-1.80316E-1
6.43025E+11	2.92324E-9	-1.17610E+1	1.56952E-1	2.05016E-1
6.43200E+11	2.56739E-9	-1.20734E+1	-2.07812E-1	1.37303E-1
6.43375E+11	2.24507E-9	-1.24786E+1	-1.26900E-1	-2.01018E-1
6.43550E+11	2.60826E-9	-1.26809E+1	2.09564E-1	-1.00112E-1
6.43725E+11	2.82723E-9	-1.29966E+1	7.66787E-2	2.10424E-1
6.43900E+11	2.56262E-9	-1.33290E+1	-2.11758E-1	4.02593E-2
6.44075E+11	3.09001E-9	-1.33179E+1	-9.24304E-3	-2.15629E-1
6.44250E+11	3.24997E-9	-1.25963E+1	2.32783E-1	2.85136E-2
6.44425E+11	3.10052E-9	-1.11624E+1	-9.58861E-2	2.59467E-1
6.44600E+11	3.36305E-9	-1.04010E+1	-2.06859E-1	-2.19977E-1
6.44775E+11	4.47039E-9	-1.04887E+1	2.83998E-1	-9.32883E-2
6.44950E+11	2.76644E-9	-1.06925E+1	-4.43501E-2	2.88608E-1
6.45125E+11	4.34798E-9	-1.07152E+1	-2.50363E-1	-1.48776E-1
6.45300E+11	3.45741E-9	-1.08965E+1	2.07044E-1	-1.96166E-1
6.45475E+11	3.60127E-9	-1.05284E+1	1.47981E-1	2.58160E-1
6.45650E+11	4.06342E-9	-1.01085E+1	-2.94637E-1	1.03551E-1
6.45825E+11	5.09477E-9	-9.48986E+0	-4.91857E-2	-3.31730E-1
6.46000E+11	4.13366E-9	-9.32359E+0	3.40435E-1	3.09386E-2
6.46175E+11	5.06466E-9	-9.83592E+0	-1.10069E-1	3.02878E-1
6.46350E+11	3.21612E-9	-9.99152E+0	-2.54909E-1	-1.87661E-1
6.46525E+11	4.66416E-9	-1.00154E+1	2.45787E-1	-1.98080E-1
6.46700E+11	4.61383E-9	-1.04967E+1	1.10009E-1	2.77654E-1
6.46875E+11	3.49339E-9	-1.12411E+1	-2.71229E-1	3.97250E-2
6.47050E+11	4.93756E-9	-1.12901E+1	-1.50403E-2	-2.72166E-1
6.47225E+11	4.15845E-9	-1.01496E+1	3.08466E-1	3.82379E-2
6.47400E+11	4.92972E-9	-9.74881E+0	-1.56640E-1	2.85339E-1
6.47575E+11	3.96703E-9	-1.05519E+1	-2.16522E-1	-2.02940E-1
6.47750E+11	2.97438E-9	-1.08758E+1	2.38455E-1	-1.57724E-1
6.47925E+11	1.94726E-9	-1.16278E+1	1.16537E-1	2.34862E-1
6.48100E+11	1.99177E-9	-1.18015E+1	-2.50408E-1	5.78068E-2
6.48275E+11	2.95231E-9	-1.22096E+1	1.23890E-2	-2.44886E-1
6.48450E+11	1.70863E-9	-1.24427E+1	2.20899E-1	9.04665E-2
6.48625E+11	2.15448E-9	-1.24472E+1	-1.59443E-1	1.77481E-1
6.48800E+11	2.74668E-9	-1.19367E+1	-1.02349E-1	-2.31400E-1
6.48975E+11	2.34178E-9	-1.21450E+1	2.47026E-1	-1.17101E-3
6.49150E+11	1.93238E-9	-1.19902E+1	-9.44032E-2	2.33081E-1
6.49325E+11	2.27824E-9	-1.21757E+1	-1.58965E-1	-1.87949E-1
6.49500E+11	1.65939E-9	-1.33502E+1	1.96382E-1	-8.75776E-2
6.49675E+11	1.92568E-9	-1.41050E+1	5.61831E-2	1.88952E-1
6.49850E+11	1.34407E-9	-1.45787E+1	-1.84966E-1	2.51312E-2
6.50025E+11	1.55010E-9	-1.44789E+1	-1.25598E-2	-1.88405E-1
6.50200E+11	1.17354E-9	-1.42811E+1	1.92756E-1	1.26806E-2
6.50375E+11	1.44988E-9	-1.43241E+1	-1.04880E-2	1.91931E-1
6.50550E+11	1.16320E-9	-1.39196E+1	-2.01372E-1	-1.98148E-3
6.50725E+11	1.61890E-9	-1.31716E+1	2.59854E-2	-2.17948E-1
6.50900E+11	1.36808E-9	-1.33246E+1	2.06773E-1	6.12708E-2
6.51075E+11	7.43828E-10	-1.42824E+1	-8.71865E-2	1.72344E-1
6.51250E+11	9.12408E-10	-1.39202E+1	-1.68556E-1	-1.10171E-1
6.51425E+11	1.28666E-9	-1.39676E+1	1.22413E-1	-1.58504E-1
6.51600E+11	8.78217E-10	-1.37280E+1	1.37141E-1	1.53546E-1
6.51775E+11	1.12115E-9	-1.26583E+1	-2.13617E-1	9.26749E-2
6.51950E+11	7.29365E-10	-1.28050E+1	-2.21833E-2	-2.27878E-1
6.52125E+11	6.64009E-10	-1.28057E+1	2.28778E-1	8.54051E-3
6.52300E+11	5.00839E-10	-1.37429E+1	-4.63429E-2	2.00228E-1
6.52475E+11	7.06191E-10	-1.47824E+1	-1.72042E-1	-6.04097E-2
6.52650E+11	5.14828E-10	-1.61999E+1	3.60222E-2	-1.50636E-1
6.52825E+11	3.82615E-10	-1.63292E+1	1.52594E-1	2.73780E-4
6.53000E+11	5.83690E-10	-1.62208E+1	8.82774E-3	1.54258E-1
6.53175E+11	5.83398E-10	-1.57219E+1	-1.63490E-1	7.13916E-3
6.53350E+11	6.38754E-10	-1.53329E+1	3.48615E-3	-1.71106E-1
6.53525E+11	1.59063E-9	-1.45451E+1	1.86784E-1	1.50384E-2
6.53700E+11	1.75250E-9	-1.38946E+1	-5.84044E-2	1.93333E-1
6.53875E+11	1.37170E-9	-1.40768E+1	-1.62971E-1	-1.12043E-1
6.54050E+11	1.15271E-9	-1.46202E+1	1.16632E-1	-1.44603E-1
6.54225E+11	1.25131E-9	-1.45391E+1	1.43120E-1	1.21163E-1
6.54400E+11	1.60743E-9	-1.31905E+1	-1.66083E-1	1.42772E-1
6.54575E+11	3.18046E-9	-1.17770E+1	-8.20095E-2	-2.44324E-1
6.54750E+11	1.75920E-9	-1.21151E+1	2.42165E-1	5.29292E-2
6.54925E+11	2.97826E-9	-1.25555E+1	-1.33883E-1	1.93896E-1
6.55100E+11	2.22415E-9	-1.29921E+1	-1.31900E-1	-1.81142E-1
6.55275E+11	2.01366E-9	-1.34587E+1	1.99912E-1	-7.16251E-2
6.55450E+11	1.73893E-9	-1.39171E+1	3.24782E-2	1.98805E-1
6.55625E+11	1.06657E-9	-1.40384E+1	-1.97227E-1	-2.37078E-2
6.55800E+11	9.73964E-10	-1.39499E+1	1.17621E-1	-1.62598E-1
6.55975E+11	1.00554E-9	-1.27930E+1	7.67266E-2	2.16051E-1
6.56150E+11	1.77853E-9	-1.26335E+1	-2.25134E-1	-6.20224E-2
6.56325E+11	1.01102E-9	-1.22299E+1	1.45528E-1	-1.96631E-1
6.56500E+11	1.43501E-9	-1.23685E+1	1.63974E-1	1.76282E-1
6.56675E+11	1.62285E-9	-1.16651E+1	-1.96177E-1	1.72248E-1
6.56850E+11	1.33297E-9	-1.21465E+1	-1.33716E-1	-2.07662E-1
6.57025E+11	1.17629E-9	-1.25315E+1	2.20859E-1	-8.39594E-2
6.57200E+11	1.43272E-9	-1.17357E+1	-1.07143E-2	2.58727E-1
6.57375E+11	1.70764E-9	-1.14413E+1	-2.07205E-1	-1.69777E-1
6.57550E+11	1.99836E-9	-1.17103E+1	2.48063E-1	-7.68961E-2
6.57725E+11	1.48251E-9	-1.30671E+1	-4.15804E-2	2.18223E-1
6.57900E+11	1.42685E-9	-1.33217E+1	-1.85825E-1	-1.09588E-1
6.58075E+11	1.23044E-9	-1.42533E+1	1.38619E-1	-1.35424E-1
6.58250E+11	1.35385E-9	-1.45788E+1	7.03261E-2	1.72908E-1
6.58425E+11	9.77064E-10	-1.58902E+1	-1.60325E-1	-7.62322E-3
6.58600E+11	1.01194E-9	-1.66349E+1	6.20176E-2	-1.33629E-1
6.58775E+11	9.85809E-10	-1.69584E+1	9.53365E-2	1.05145E-1
6.58950E+11	1.23471E-9	-1.71294E+1	-1.30244E-1	4.90244E-2
6.59125E+11	1.06642E-9	-1.76896E+1	-2.34404E-2	-1.28351E-1
6.59300E+11	9.54912E-10	-1.77946E+1	1.28764E-1	6.02180E-3
6.59475E+11	5.79905E-10	-1.89865E+1	-2.65989E-2	1.09183E-1
6.59650E+11	6.50276E-10	-1.98145E+1	-9.17718E-2	-4.48815E-2
6.59825E+11	3.66733E-10	-1.95826E+1	7.03590E-2	-7.78362E-2
6.60000E+11	4.69438E-10	-1.88663E+1	5.74744E-2	9.83840E-2
6.60175E+11	5.47334E-10	-1.86287E+1	-1.09299E-1	4.20290E-2
6.60350E+11	3.54428E-10	-1.87987E+1	-2.59748E-2	-1.11856E-1
6.60525E+11	3.34499E-10	-1.81626E+1	1.22385E-1	-1.69807E-2
6.60700E+11	5.92627E-10	-1.77387E+1	-6.82994E-3	1.29557E-1
6.60875E+11	2.43756E-10	-1.94758E+1	-9.70830E-2	-4.31012E-2
6.61050E+11	2.63248E-10	-1.81566E+1	8.66757E-2	-8.81765E-2
6.61225E+11	2.46234E-10	-1.91387E+1	5.02294E-2	9.83394E-2
6.61400E+11	1.74170E-10	-1.90464E+1	-1.01955E-1	4.53927E-2
6.61575E+11	3.01680E-10	-1.83570E+1	-2.16623E-2	-1.18865E-1
6.61750E+11	5.39892E-10	-1.65111E+1	1.49397E-1	-3.30298E-3
6.61925E+11	4.17110E-10	-1.58885E+1	-7.41447E-2	1.42390E-1
6.62100E+11	6.32705E-10	-1.57399E+1	-9.16132E-2	-1.35189E-1
6.62275E+11	4.32426E-10	-1.60274E+1	1.57861E-1	-6.39744E-3
6.62450E+11	4.02585E-10	-1.68769E+1	-5.50195E-2	1.32284E-1
6.62625E+11	3.80710E-10	-1.71665E+1	-1.09623E-1	-8.47647E-2
6.62800E+11	3.55914E-10	-1.74411E+1	1.00509E-1	-8.90139E-2
6.62975E+11	4.82809E-10	-1.74395E+1	5.90120E-2	1.20622E-1
6.63150E+11	5.72967E-10	-1.71672E+1	-1.35926E-1	2.68926E-2
6.63325E+11	5.65786E-10	-1.63721E+1	4.20863E-2	-1.45894E-1
6.63500E+11	3.85472E-10	-1.61070E+1	1.29251E-1	8.83264E-2
6.63675E+11	6.06081E-10	-1.67233E+1	-9.43423E-2	1.11197E-1
6.63850E+11	6.65006E-10	-1.63148E+1	-1.20168E-1	-9.44584E-2
6.64025E+11	8.82590E-10	-1.59147E+1	1.09200E-1	-1.17016E-1
6.64200E+11	8.46525E-10	-1.57985E+1	8.80617E-2	1.36223E-1
6.64375E+11	1.01153E-9	-1.56294E+1	-1.58948E-1	4.57401E-2
6.64550E+11	1.34999E-9	-1.46212E+1	2.38123E-2	-1.84222E-1
6.64725E+11	1.50828E-9	-1.31437E+1	1.86029E-1	1.17818E-1
6.64900E+11	1.44930E-9	-1.35904E+1	-1.43546E-1	1.52127E-1
6.65075E+11	9.54680E-10	-1.40020E+1	-1.39773E-1	-1.42323E-1
6.65250E+11	8.35344E-10	-1.45462E+1	1.48410E-1	-1.14368E-1
6.65425E+11	7.94683E-10	-1.46506E+1	5.46371E-2	1.76880E-1
6.65600E+11	7.71799E-10	-1.46493E+1	-1.72033E-1	-6.84610E-2
6.65775E+11	5.46955E-10	-1.50575E+1	1.62923E-1	-6.82877E-2
6.65950E+11	7.92239E-10	-1.51276E+1	-1.70944E-2	1.74398E-1
6.66125E+11	4.17476E-10	-1.44880E+1	-1.71912E-1	-7.76287E-2
6.66300E+11	1.11964E-9	-1.32367E+1	1.01608E-1	-1.92706E-1
6.66475E+11	1.10933E-9	-1.23761E+1	2.08189E-1	1.20494E-1
6.66650E+11	1.56061E-9	-1.19272E+1	-1.81949E-1	1.76229E-1
6.66825E+11	1.23171E-9	-1.21476E+1	-5.26322E-2	-2.41281E-1
6.67000E+11	1.43555E-9	-1.25296E+1	2.12995E-1	1.02394E-1
6.67175E+11	1.22020E-9	-1.30802E+1	-1.90084E-1	1.14325E-1
6.67350E+11	1.63919E-9	-1.30648E+1	-6.17325E-2	-2.13462E-1
6.67525E+11	1.90274E-9	-1.23565E+1	2.32125E-1	-6.51268E-2
6.67700E+11	1.66548E-9	-1.25688E+1	8.48811E-2	2.19420E-1
6.67875E+11	1.65843E-9	-1.29216E+1	-2.03704E-1	9.76566E-2
6.68050E+11	1.34774E-9	-1.35160E+1	-2.57171E-2	-2.09388E-1
6.68225E+11	1.30013E-9	-1.40826E+1	1.70098E-1	1.00633E-1
6.68400E+11	1.66637E-9	-1.47475E+1	-1.70119E-1	6.76429E-2
6.68575E+11	7.86646E-10	-1.64872E+1	-6.39217E-3	-1.49708E-1
6.68750E+11	4.86237E-10	-1.77252E+1	1.29724E-1	-7.47200E-3
6.68925E+11	6.33501E-10	-1.73766E+1	1.27289E-2	1.34660E-1
6.69100E+11	5.73916E-10	-1.65471E+1	-1.45200E-1	-3.26016E-2
6.69275E+11	5.23165E-10	-1.64583E+1	1.21746E-1	-8.82095E-2
6.69450E+11	5.97536E-10	-1.73798E+1	-2.80457E-2	1.32270E-1
6.69625E+11	4.00078E-10	-1.80999E+1	-8.51720E-2	-9.07432E-2
6.69800E+11	2.36191E-10	-1.92168E+1	9.87610E-2	-4.71420E-2
6.69975E+11	2.17798E-10	-1.98922E+1	5.90839E-2	8.22221E-2
6.70150E+11	1.69323E-10	-2.08960E+1	-4.87037E-2	7.59194E-2
6.70325E+11	1.24714E-10	-2.17167E+1	-7.62883E-2	-3.02495E-2
6.70500E+11	1.51224E-10	-2.03723E+1	6.17093E-2	-7.32836E-2
6.70675E+11	1.82428E-10	-1.98071E+1	2.02586E-4	1.02246E-1
6.70850E+11	9.08422E-11	-2.16823E+1	-6.94239E-2	-4.43700E-2
6.71025E+11	1.17471E-10	-2.24054E+1	6.45586E-2	-3.97428E-2
6.71200E+11	1.29050E-10	-2.24100E+1	4.30874E-2	6.23273E-2
6.71375E+11	9.97517E-11	-2.26505E+1	-4.63227E-2	5.73239E-2
6.71550E+11	1.06886E-10	-2.30664E+1	-6.10221E-2	-3.48150E-2
6.71725E+11	1.87197E-10	-2.04496E+1	6.90383E-2	-6.51933E-2
6.71900E+11	2.45115E-10	-1.91833E+1	-5.73755E-3	1.09709E-1
6.72075E+11	2.59602E-10	-1.93038E+1	-7.50512E-2	-7.81403E-2
6.72250E+11	1.93018E-10	-1.94013E+1	1.03197E-1	-2.87805E-2
6.72425E+11	1.77333E-10	-1.95225E+1	1.29387E-2	1.04856E-1
6.72600E+11	1.15552E-10	-2.03441E+1	-9.11909E-2	3.03706E-2
6.72775E+11	1.11954E-10	-2.10473E+1	-9.62635E-3	-8.81166E-2
6.72950E+11	1.72084E-10	-1.95581E+1	8.90505E-2	5.60445E-2
6.73125E+11	1.66645E-10	-1.93033E+1	-1.06060E-1	2.21666E-2
6.73300E+11	2.70505E-10	-1.87461E+1	4.20708E-2	-1.07597E-1
6.73475E+11	2.61735E-10	-1.76297E+1	7.43194E-2	1.08334E-1
6.73650E+11	1.92617E-10	-1.79717E+1	-1.13304E-1	5.58110E-2
6.73825E+11	3.37161E-10	-1.70114E+1	-6.92806E-2	-1.22884E-1
6.74000E+11	3.74995E-10	-1.64226E+1	1.40748E-1	-5.45885E-2
6.74175E+11	3.55806E-10	-1.58108E+1	-2.17476E-2	1.60512E-1
6.74350E+11	5.27362E-10	-1.47613E+1	-1.15223E-1	-1.41893E-1
6.74525E+11	4.93194E-10	-1.46074E+1	1.85534E-1	-1.38427E-2
6.74700E+11	6.06664E-10	-1.38815E+1	-5.89902E-2	1.93474E-1
6.74875E+11	6.71865E-10	-1.31107E+1	-1.81791E-1	-1.25735E-1
6.75050E+11	7.66913E-10	-1.31123E+1	1.71448E-1	-1.39444E-1
6.75225E+11	4.94409E-10	-1.38564E+1	6.67596E-2	1.91551E-1
6.75400E+11	8.74133E-10	-1.37342E+1	-1.90439E-1	-7.78240E-2
6.75575E+11	6.77038E-10	-1.42133E+1	1.70896E-1	-9.32582E-2
6.75750E+11	6.36940E-10	-1.44310E+1	-1.28113E-2	1.89436E-1
6.75925E+11	5.55079E-10	-1.50317E+1	-1.61578E-1	-7.27017E-2
6.76100E+11	8.82763E-10	-1.49627E+1	8.05313E-2	-1.59407E-1
6.76275E+11	5.92886E-10	-1.38590E+1	1.77643E-1	9.78142E-2
6.76450E+11	1.04986E-9	-1.19168E+1	-1.86587E-1	1.71759E-1
6.76625E+11	1.89066E-9	-1.18249E+1	-3.45129E-2	-2.53971E-1
6.76800E+11	1.20249E-9	-1.19377E+1	2.28714E-1	1.08155E-1
6.76975E+11	1.56473E-9	-1.23700E+1	-1.72613E-1	1.67772E-1
6.77150E+11	1.57819E-9	-1.24030E+1	-1.44703E-1	-1.91222E-1
6.77325E+11	1.23046E-9	-1.28436E+1	1.93778E-1	-1.20026E-1
6.77500E+11	1.67992E-9	-1.26496E+1	1.03343E-1	2.08925E-1
6.77675E+11	1.13551E-9	-1.28644E+1	-2.20658E-1	5.49435E-2
6.77850E+11	7.44890E-10	-1.28301E+1	3.77510E-2	-2.25152E-1
6.78025E+11	1.11108E-9	-1.27984E+1	1.83896E-1	1.36682E-1
6.78200E+11	4.80622E-10	-1.31806E+1	-1.84360E-1	1.18696E-1
6.78375E+11	6.19561E-10	-1.41380E+1	-6.89565E-2	-1.83877E-1
6.78550E+11	4.11716E-10	-1.48885E+1	1.75373E-1	-4.11073E-2
6.78725E+11	1.90865E-10	-1.51452E+1	-4.31002E-3	1.74827E-1
6.78900E+11	2.23289E-10	-1.57572E+1	-1.48957E-1	-6.61429E-2
6.79075E+11	4.16970E-10	-1.43469E+1	1.62655E-1	-1.01477E-1
6.79250E+11	4.57306E-10	-1.37132E+1	-2.28591E-2	2.04954E-1
6.79425E+11	3.29636E-10	-1.50807E+1	-1.47882E-1	-9.57678E-2
6.79600E+11	2.65937E-10	-1.64125E+1	9.15107E-2	-1.20285E-1
6.79775E+11	2.41652E-10	-1.70730E+1	1.17046E-1	7.69441E-2
6.79950E+11	2.04371E-10	-1.71183E+1	-1.08130E-1	8.78895E-2
6.80125E+11	1.51074E-10	-1.80146E+1	-2.85190E-2	-1.22403E-1
6.80300E+11	1.12707E-10	-1.77962E+1	1.20007E-1	4.69963E-2
6.80475E+11	1.37112E-10	-1.72038E+1	-9.75995E-2	9.75300E-2
6.80650E+11	1.87525E-10	-1.63928E+1	-1.07427E-1	-1.06799E-1
6.80825E+11	1.41947E-10	-1.65764E+1	5.87212E-2	-1.36193E-1
6.81000E+11	1.36640E-10	-1.67649E+1	1.38318E-1	4.39401E-2
6.81175E+11	1.21369E-10	-1.58753E+1	-6.65487E-2	1.46361E-1
6.81350E+11	1.85243E-10	-1.74883E+1	-8.89416E-2	-9.95990E-2
6.81525E+11	9.56264E-11	-1.81069E+1	1.24329E-1	-2.40265E-3
6.81700E+11	1.41117E-10	-1.80148E+1	-5.08757E-2	1.14920E-1
6.81875E+11	9.99350E-11	-1.81449E+1	-1.22094E-1	-2.05398E-2
6.82050E+11	1.91249E-10	-1.68111E+1	-1.66688E-2	-1.43393E-1
6.82225E+11	2.83025E-10	-1.60652E+1	1.43092E-1	-6.53385E-2
6.82400E+11	2.84697E-10	-1.68945E+1	5.35085E-2	1.32589E-1
6.82575E+11	2.21458E-10	-1.64473E+1	-1.45913E-1	3.70133E-2
6.82750E+11	2.73451E-10	-1.69307E+1	4.40905E-2	-1.35387E-1
6.82925E+11	1.71228E-10	-1.62784E+1	9.55663E-2	1.20110E-1
6.83100E+11	2.32000E-10	-1.60207E+1	-1.47615E-1	5.66468E-2
6.83275E+11	2.10143E-10	-1.64288E+1	-5.53035E-2	-1.40352E-1
6.83450E+11	1.86965E-10	-1.71694E+1	8.76261E-2	-1.07289E-1
6.83625E+11	2.82998E-10	-1.58009E+1	1.50304E-1	6.08749E-2
6.83800E+11	2.44467E-10	-1.45431E+1	-3.49244E-2	1.84150E-1
6.83975E+11	3.94088E-10	-1.35526E+1	-1.70254E-1	-1.23062E-1
6.84150E+11	3.80168E-10	-1.28303E+1	2.11436E-1	-8.60875E-2
6.84325E+11	4.56719E-10	-1.32407E+1	4.06210E-3	2.17716E-1
6.84500E+11	3.66539E-10	-1.32236E+1	-2.16032E-1	-3.05533E-2
6.84675E+11	6.11968E-10	-1.24019E+1	3.12367E-2	-2.37789E-1
6.84850E+11	8.78341E-10	-1.16909E+1	2.46218E-1	8.44190E-2
6.85025E+11	8.01983E-10	-1.08151E+1	-1.71857E-1	2.30982E-1
6.85200E+11	1.00930E-9	-1.00511E+1	-1.25353E-1	-2.88299E-1
6.85375E+11	1.09325E-9	-1.00786E+1	3.07050E-1	6.26642E-2
6.85550E+11	7.55446E-10	-1.09223E+1	-1.86089E-1	2.15031E-1
6.85725E+11	5.78595E-10	-1.18966E+1	-1.37097E-1	-2.14057E-1
6.85900E+11	4.68373E-10	-1.35862E+1	1.79337E-1	-1.07837E-1
6.86075E+11	3.36431E-10	-1.46697E+1	1.03096E-1	1.53274E-1
6.86250E+11	4.05024E-10	-1.39643E+1	-1.69468E-1	1.06866E-1
6.86425E+11	5.66729E-10	-1.16542E+1	-4.35303E-2	-2.57742E-1
6.86600E+11	5.87441E-10	-9.33601E+0	3.02865E-1	1.57457E-1
6.86775E+11	4.57806E-10	-1.01751E+1	-2.75741E-1	1.41474E-1
6.86950E+11	5.73342E-10	-1.08119E+1	-9.78797E-2	-2.70864E-1
6.87125E+11	4.27480E-10	-1.03694E+1	2.82187E-1	-1.10525E-1
6.87300E+11	3.65490E-10	-9.12060E+0	1.45406E-1	3.18279E-1
6.87475E+11	3.57120E-10	-7.86774E+0	-3.93481E-1	9.25351E-2
6.87650E+11	2.25842E-10	-7.56914E+0	1.09967E-1	-4.03642E-1
6.87825E+11	3.12548E-10	-7.04563E+0	3.08176E-1	3.20107E-1
6.88000E+11	3.40286E-10	-7.36333E+0	-4.13725E-1	1.11108E-1
6.88175E+11	1.47629E-10	-9.76547E+0	7.64026E-2	-3.15771E-1
6.88350E+11	1.20535E-10	-1.17515E+1	2.43483E-1	8.67617E-2
6.88525E+11	1.34079E-10	-1.23178E+1	-1.13409E-1	2.13967E-1
6.88700E+11	7.79119E-11	-1.37340E+1	-1.52252E-1	-1.38365E-1
6.88875E+11	8.41755E-11	-1.30477E+1	1.76132E-1	-1.36197E-1
6.89050E+11	4.54721E-11	-1.38631E+1	8.80103E-2	1.82592E-1
6.89225E+11	6.52769E-11	-1.23987E+1	-2.38518E-1	2.58939E-2
6.89400E+11	6.18971E-11	-1.22768E+1	5.20308E-2	-2.37682E-1
6.89575E+11	4.57835E-11	-1.32219E+1	1.74807E-1	1.30631E-1
6.89750E+11	3.99873E-11	-1.42222E+1	-1.91526E-1	3.38064E-2
6.89925E+11	2.46597E-11	-1.68118E+1	6.93939E-2	-1.26574E-1
6.90100E+11	1.58050E-11	-2.05035E+1	4.99728E-2	8.00504E-2
6.90275E+11	2.64502E-11	-1.77596E+1	-1.26804E-1	2.59181E-2
6.90450E+11	2.56795E-11	-1.63788E+1	-1.32393E-2	-1.51148E-1
6.90625E+11	9.53723E-12	-1.91539E+1	1.07352E-1	2.50309E-2
6.90800E+11	5.12147E-12	-2.36191E+1	-1.84123E-2	6.33007E-2
6.90975E+11	7.02781E-12	-2.34879E+1	-4.69136E-2	-4.77331E-2
6.91150E+11	1.19677E-11	-2.25314E+1	6.97535E-2	-2.67838E-2
6.91325E+11	2.13710E-11	-2.10925E+1	-4.31495E-2	7.69027E-2
6.91500E+11	1.08629E-11	-2.43003E+1	-4.37981E-2	-4.23885E-2
6.91675E+11	5.48256E-12	-2.39311E+1	4.82742E-2	-4.14042E-2
6.91850E+11	3.16323E-12	-2.46604E+1	4.40139E-2	3.84997E-2
6.92025E+11	7.49463E-12	-2.27168E+1	-5.47020E-2	4.85517E-2
6.92200E+11	5.34322E-12	-2.43110E+1	1.30303E-2	-5.94659E-2
6.92375E+11	1.59011E-11	-1.97943E+1	2.01218E-2	1.00400E-1
6.92550E+11	9.88688E-12	-2.36425E+1	-6.37448E-2	-1.61011E-2
6.92725E+11	3.88060E-12	-2.68731E+1	4.52467E-2	-2.67533E-3
6.92900E+11	1.07078E-11	-2.50546E+1	1.98353E-2	5.22431E-2
6.93075E+11	7.23060E-12	-2.71510E+1	-4.12714E-2	1.49584E-2
6.93250E+11	5.59496E-12	-2.77907E+1	-1.37317E-3	-4.07584E-2
6.93425E+11	2.65279E-12	-2.86737E+1	3.35822E-2	-1.51456E-2
6.93600E+11	1.13884E-11	-2.51781E+1	-2.03892E-2	5.11813E-2
6.93775E+11	4.24261E-11	-2.19520E+1	-1.89882E-2	-7.75833E-2
6.93950E+11	1.55981E-11	-2.34412E+1	4.68400E-2	4.83087E-2
6.94125E+11	3.55039E-11	-2.10962E+1	-8.77867E-2	7.92110E-3
6.94300E+11	5.78156E-11	-2.10668E+1	9.58512E-3	-8.79210E-2
6.94475E+11	3.55296E-11	-2.15081E+1	8.34059E-2	1.04779E-2
6.94650E+11	2.87370E-11	-2.29862E+1	1.55190E-2	6.91881E-2
6.94825E+11	2.34127E-11	-2.27264E+1	-7.19735E-2	-1.25523E-2
6.95000E+11	4.87916E-11	-1.91898E+1	8.23615E-2	-7.25772E-2
6.95175E+11	4.65452E-11	-2.00213E+1	-2.38699E-2	9.68574E-2
6.95350E+11	5.14495E-11	-1.88460E+1	-4.96541E-2	-1.02850E-1
6.95525E+11	3.04987E-11	-1.99976E+1	9.99639E-2	3.57760E-3
6.95700E+11	1.67311E-11	-2.26083E+1	-2.99597E-3	7.39994E-2
6.95875E+11	2.77658E-11	-1.99207E+1	-8.20502E-2	-5.87541E-2
6.96050E+11	1.51205E-11	-1.98540E+1	8.86475E-2	-4.98356E-2
6.96225E+11	2.09563E-11	-1.92260E+1	-1.46520E-2	1.08334E-1
6.96400E+11	3.21205E-11	-1.80881E+1	-5.77124E-2	-1.10454E-1
6.96575E+11	2.16623E-11	-1.97539E+1	1.02799E-1	-3.92199E-3
6.96750E+11	2.11170E-11	-1.90371E+1	-5.33196E-2	9.81798E-2
6.96925E+11	2.82555E-11	-1.79503E+1	-9.59107E-2	-8.26593E-2
6.97100E+11	5.48470E-12	-2.40115E+1	5.30191E-2	-3.40514E-2
6.97275E+11	4.77433E-12	-2.44244E+1	-2.69742E-3	6.00261E-2
6.97450E+11	8.42236E-12	-2.18685E+1	-5.39410E-2	-5.99493E-2
6.97625E+11	2.64086E-12	-2.52772E+1	5.44372E-2	1.82867E-3
6.97800E+11	6.65187E-12	-2.12967E+1	-5.15001E-2	6.90399E-2
6.97975E+11	3.58534E-12	-2.38444E+1	-6.42026E-2	-2.07894E-3
6.98150E+11	1.53288E-12	-2.81715E+1	-3.40946E-2	-1.90018E-2
6.98325E+11	2.56856E-12	-2.73969E+1	1.77065E-2	-3.88263E-2
6.98500E+11	3.10018E-12	-2.61513E+1	8.79217E-4	4.92453E-2
6.98675E+11	9.92763E-13	-2.99958E+1	-9.37448E-3	-3.02174E-2
6.98850E+11	3.54332E-13	-3.33603E+1	1.57472E-2	1.46052E-2
6.99025E+11	4.82302E-13	-2.86424E+1	1.17407E-2	3.50591E-2
6.99200E+11	2.66172E-12	-2.44886E+1	-5.88032E-2	9.98302E-3
6.99375E+11	4.87590E-13	-3.36834E+1	-1.77457E-2	-1.06445E-2
6.99550E+11	3.01864E-12	-2.59782E+1	4.46762E-2	-2.29907E-2
6.99725E+11	2.44662E-12	-2.89452E+1	3.12537E-2	1.72664E-2
6.99900E+11	2.88399E-12	-2.66039E+1	-3.72298E-2	2.82796E-2
7.00075E+11	2.59450E-12	-2.59000E+1	4.19973E-3	-5.05249E-2
7.00250E+11	7.63689E-13	-3.31825E+1	-1.42259E-2	-1.66788E-2
7.00425E+11	3.36004E-13	-3.68285E+1	-7.08217E-3	1.25462E-2
7.00600E+11	5.12538E-12	-2.46864E+1	5.61519E-4	5.82989E-2
7.00775E+11	1.68068E-12	-2.79660E+1	-3.25041E-2	-2.32554E-2
7.00950E+11	5.17006E-13	-3.29942E+1	3.28559E-3	-2.21598E-2
7.01125E+11	5.67544E-12	-2.53762E+1	2.54867E-2	4.74372E-2
7.01300E+11	7.22632E-12	-2.49599E+1	-5.62370E-2	5.38476E-3
7.01475E+11	2.88446E-12	-2.97738E+1	5.22031E-3	-3.20347E-2
7.01650E+11	5.12439E-13	-3.75684E+1	1.03258E-2	8.27216E-3
7.01825E+11	2.34484E-12	-3.11464E+1	6.58549E-3	2.69188E-2
7.02000E+11	1.10422E-12	-3.56207E+1	-2.26192E-3	-1.64011E-2
7.02175E+11	4.03531E-12	-2.98300E+1	2.34444E-2	-2.21420E-2
7.02350E+11	1.37018E-12	-3.43017E+1	1.85882E-2	5.08618E-3
7.02525E+11	1.34924E-12	-3.44609E+1	-1.70274E-2	8.25150E-3
7.02700E+11	1.01099E-11	-2.60299E+1	-7.11203E-3	-4.94374E-2
7.02875E+11	7.35254E-12	-2.72634E+1	4.04475E-2	-1.55517E-2
7.03050E+11	1.06324E-11	-2.70678E+1	8.77712E-3	4.34433E-2
7.03225E+11	8.13350E-12	-2.62803E+1	-4.16498E-2	-2.49031E-2
7.03400E+11	1.37221E-11	-2.42086E+1	4.83494E-2	-3.81673E-2
7.03575E+11	3.75531E-11	-2.11791E+1	-1.72482E-2	8.55857E-2
7.03750E+11	4.01596E-11	-2.05674E+1	-9.36759E-2	2.68893E-4
7.03925E+11	7.55832E-11	-1.89724E+1	3.14604E-3	-1.12515E-1
7.04100E+11	7.60286E-11	-1.81753E+1	1.23128E-1	-7.84590E-3
7.04275E+11	8.27786E-11	-1.83856E+1	2.37779E-2	1.18055E-1
7.04450E+11	9.49591E-11	-1.65248E+1	-1.48250E-1	-1.67876E-2
7.04625E+11	8.21442E-11	-1.63565E+1	1.05800E-1	-1.09296E-1
7.04800E+11	8.47215E-11	-1.54631E+1	2.38408E-2	1.66901E-1
7.04975E+11	1.00443E-10	-1.64645E+1	-1.49996E-1	-8.50818E-3
7.05150E+11	1.75022E-10	-1.40122E+1	6.44103E-3	-1.99143E-1
7.05325E+11	2.05184E-10	-1.31967E+1	2.14243E-1	4.47110E-2
7.05500E+11	1.98456E-10	-1.37233E+1	-1.12339E-1	1.72654E-1
7.05675E+11	1.56326E-10	-1.38954E+1	-1.06813E-1	-1.71384E-1
7.05850E+11	1.01303E-10	-1.36277E+1	2.08256E-1	-1.72262E-3
7.06025E+11	1.59139E-10	-1.37111E+1	-8.54024E-2	1.87765E-1
7.06200E+11	1.70362E-10	-1.37088E+1	-1.72379E-1	-1.13387E-1
7.06375E+11	7.51630E-11	-1.46624E+1	1.36586E-1	-1.24593E-1
7.06550E+11	7.00652E-11	-1.45486E+1	9.34281E-2	1.62351E-1
7.06725E+11	9.13303E-11	-1.39241E+1	-2.00207E-1	2.07184E-2
7.06900E+11	5.64129E-11	-1.29675E+1	1.59612E-1	-1.58175E-1
7.07075E+11	8.49384E-11	-1.33447E+1	9.63674E-3	2.14945E-1
7.07250E+11	7.76993E-11	-1.13841E+1	-2.54731E-1	-8.84388E-2
7.07425E+11	4.76437E-11	-1.18282E+1	1.66432E-1	-1.94786E-1
7.07600E+11	5.21179E-11	-1.31153E+1	1.48491E-1	1.63571E-1
7.07775E+11	2.92563E-11	-1.52594E+1	-7.84499E-2	1.53736E-1
7.07950E+11	1.86632E-11	-1.73769E+1	-8.85487E-2	-1.02242E-1
7.08125E+11	3.07000E-11	-1.59027E+1	1.58893E-1	2.09992E-2
7.08300E+11	2.67807E-11	-1.40384E+1	-1.17129E-1	1.60440E-1
7.08475E+11	2.48523E-11	-1.31325E+1	-6.87895E-2	-2.09477E-1
7.08650E+11	7.99610E-12	-1.51523E+1	1.68531E-1	-4.61551E-2
7.08825E+11	2.13766E-11	-1.28238E+1	1.33331E-1	1.85516E-1
7.09000E+11	1.45852E-11	-1.64580E+1	-6.24928E-2	1.36746E-1
7.09175E+11	1.38746E-11	-1.74048E+1	-8.14995E-2	-1.07400E-1
7.09350E+11	1.23838E-11	-1.84786E+1	1.17493E-1	-1.97641E-2
7.09525E+11	5.61332E-12	-2.14421E+1	-5.04865E-2	6.80118E-2
7.09700E+11	5.05133E-12	-2.38244E+1	-4.69926E-2	-4.40121E-2
7.09875E+11	9.64781E-12	-2.02842E+1	7.72343E-2	-5.83217E-2
7.10050E+11	2.72914E-12	-2.39750E+1	6.28384E-2	7.44439E-3
7.10225E+11	7.96913E-12	-2.07450E+1	4.58166E-2	7.95270E-2
7.10400E+11	5.92105E-12	-2.14162E+1	-8.30128E-2	1.80631E-2
7.10575E+11	2.01913E-11	-1.84725E+1	3.46973E-2	-1.14066E-1
7.10750E+11	1.23040E-11	-1.88953E+1	6.78815E-2	9.10411E-2
7.10925E+11	1.56221E-11	-1.85589E+1	-1.11466E-1	3.88649E-2
7.11100E+11	1.03419E-11	-1.98183E+1	6.34549E-2	-8.00042E-2
7.11275E+11	9.81674E-12	-2.18280E+1	7.46031E-2	3.16057E-2
7.11450E+11	2.33135E-11	-1.58464E+1	-7.16696E-2	1.44522E-1
7.11625E+11	1.08618E-11	-1.97707E+1	-8.49267E-2	-5.77029E-2
7.11800E+11	2.16642E-11	-1.78962E+1	1.12870E-1	-5.90970E-2
7.11975E+11	3.58507E-11	-1.73913E+1	-2.56521E-2	1.32572E-1
7.12150E+11	1.05720E-11	-2.18379E+1	-8.06066E-2	-7.21429E-3
7.12325E+11	8.59011E-12	-2.31589E+1	4.60297E-2	-5.20868E-2
7.12500E+11	1.27411E-11	-2.05519E+1	7.71007E-2	5.34985E-2
7.12675E+11	1.25391E-11	-1.92922E+1	-6.90954E-2	8.36408E-2
7.12850E+11	1.40235E-11	-2.02594E+1	-2.63637E-2	-9.34081E-2
7.13025E+11	2.01428E-11	-1.76749E+1	1.21791E-1	4.74100E-2
7.13200E+11	2.34229E-11	-1.70275E+1	-7.21309E-2	1.20929E-1
7.13375E+11	3.61927E-11	-1.37019E+1	-1.38614E-1	-1.53054E-1
7.13550E+11	2.91934E-11	-1.43670E+1	1.39701E-1	-1.30646E-1
7.13725E+11	2.75203E-11	-1.29155E+1	1.40822E-1	1.76841E-1
7.13900E+11	6.54461E-11	-9.31812E+0	-2.60781E-1	2.21345E-1
7.14075E+11	1.04056E-10	-7.10094E+0	-2.64819E-2	-4.40728E-1
7.14250E+11	7.16944E-11	-6.98336E+0	3.46231E-1	2.83578E-1
7.14425E+11	1.06415E-10	-5.66780E+0	-4.96652E-1	1.56503E-1
7.14600E+11	1.11764E-10	-3.96620E+0	1.25141E-1	-6.20933E-1
7.14775E+11	1.16311E-10	-2.92135E+0	6.25075E-1	3.45871E-1
7.14950E+11	1.08101E-10	-2.47978E+0	-5.42540E-1	5.20207E-1
7.15125E+11	9.93791E-11	-2.29551E+0	-4.44512E-1	-6.25989E-1
7.15300E+11	6.91180E-11	-2.78480E+0	7.17869E-1	-1.06356E-1
7.15475E+11	6.43184E-11	-8.57865E-1	-2.59252E-1	8.68069E-1
7.15650E+11	7.53368E-11	9.13549E-1	-7.76607E-1	-7.94351E-1
7.15825E+11	6.31379E-11	-2.74896E+0	7.27634E-1	-3.94998E-2
7.16000E+11	5.98582E-11	-3.53331E-1	-5.37926E-1	7.95298E-1
7.16175E+11	3.71531E-11	-2.21737E+0	-3.53840E-1	-6.89167E-1
7.16350E+11	2.15094E-11	-7.08714E-1	8.41901E-1	-3.75012E-1
7.16525E+11	3.23897E-11	-2.50066E-1	-1.86134E-1	9.53625E-1
7.16700E+11	2.24838E-11	-6.13894E-1	-7.60675E-1	-5.38104E-1
7.16875E+11	3.01055E-11	-2.51143E+0	6.73346E-1	-3.27824E-1
7.17050E+11	2.08907E-11	-2.26905E+0	2.77708E-1	7.18285E-1
7.17225E+11	1.51133E-11	-1.51625E+0	-5.10591E-1	-6.66782E-1
7.17400E+11	1.08112E-11	-4.35438E+0	5.30093E-1	-2.93110E-1
7.17575E+11	9.62060E-12	6.71846E-1	-2.56687E-1	1.04948E+0
7.17750E+11	1.97542E-12	-1.32150E+1	-2.16151E-1	3.12471E-2
7.17925E+11	2.53806E-12	-8.08004E+0	-2.95118E-1	-2.61726E-1
7.18100E+11	3.01889E-12	-6.60329E+0	4.67325E-1	-1.47666E-2
7.18275E+11	7.44288E-13	-1.20011E+1	-2.13630E-1	1.32068E-1
7.18450E+11	4.47425E-13	-1.78111E+1	-1.18204E-1	5.08059E-2
7.18625E+11	1.09531E-12	-1.05844E+1	-1.60700E-1	-2.48164E-1
7.18800E+11	1.75251E-12	-1.03076E+1	8.69218E-2	2.92585E-1
7.18975E+11	5.48296E-12	-1.83611E+0	-6.75339E-1	4.46250E-1
7.19150E+11	1.89905E-12	-1.11682E+1	-7.96302E-2	-2.64715E-1
7.19325E+11	1.96115E-12	-1.19545E+1	1.97193E-1	-1.57719E-1
7.19500E+11	2.07066E-14	-3.06781E+1	-2.91046E-2	2.89143E-3
7.19675E+11	1.40240E-12	-1.04718E+1	-2.34114E-1	1.86808E-1
7.19850E+11	2.36048E-12	-1.01149E+1	-4.13244E-2	-3.09324E-1
7.20025E+11	5.51092E-13	-1.67318E+1	1.40630E-1	3.80371E-2
7.20200E+11	2.94327E-12	-1.03592E+1	-5.85352E-2	2.97716E-1
7.20375E+11	1.64456E-12	-1.58189E+1	-1.61583E-1	-8.89919E-3
7.20550E+11	2.06180E-12	-1.20490E+1	-2.20502E-1	-1.17334E-1
7.20725E+11	1.29104E-12	-1.73601E+1	1.35002E-1	-1.18127E-2
7.20900E+11	3.40098E-12	-8.90956E+0	1.07778E-1	3.41944E-1
7.21075E+11	5.72296E-13	-1.93710E+1	-9.93534E-2	-4.10782E-2
7.21250E+11	1.16128E-12	-1.48323E+1	-1.35138E-1	-1.20854E-1
7.21425E+11	8.83407E-13	-1.59465E+1	8.25171E-2	1.36460E-1
7.21600E+11	2.02849E-12	-1.17686E+1	-2.36222E-2	2.56887E-1
7.21775E+11	1.17392E-12	-1.03334E+1	-2.72230E-1	1.36019E-1
7.21950E+11	1.27858E-13	-2.30898E+1	1.85523E-2	6.75656E-2
7.22125E+11	6.73937E-14	-2.12205E+1	8.68209E-2	-3.48351E-3
7.22300E+11	2.49334E-12	-5.55538E+0	-4.42503E-1	2.87155E-1
7.22475E+11	2.17588E-12	-5.73568E+0	-2.93752E-1	4.25043E-1
7.22650E+11	1.54567E-12	-6.12609E+0	2.68612E-1	-4.14546E-1
7.22825E+11	2.15393E-12	-8.55098E+0	2.44816E-1	-2.82260E-1
7.23000E+11	5.75300E-13	-1.12304E+1	-2.01267E-1	1.86601E-1
7.23175E+11	5.83950E-12	1.56933E+0	1.01153E+0	-6.41937E-1
7.23350E+11	3.42209E-12	-2.65870E+0	5.48934E-1	4.90749E-1
7.23525E+11	3.13724E-12	7.69401E-1	-5.67896E-1	-9.33444E-1
7.23700E+11	1.34811E-12	-9.05917E-1	1.40998E-2	-9.00847E-1
7.23875E+11	3.21976E-12	9.10913E-1	1.07767E+0	-2.68326E-1
7.24050E+11	1.96078E-12	-4.18272E+0	-5.57299E-1	-2.66689E-1
7.24225E+11	3.68822E-12	6.98512E+0	-5.98144E-1	-2.15336E+0
7.24400E+11	7.49477E-12	7.01905E+0	9.06213E-1	2.05248E+0
7.24575E+11	2.92854E-12	8.48279E-1	-2.99684E-1	1.06108E+0
7.24750E+11	3.72193E-12	8.25243E+0	2.54514E+0	4.57657E-1
7.24925E+11	9.31532E-12	6.95788E+0	1.78785E+0	-1.32932E+0
7.25100E+11	2.95699E-12	9.15507E-1	8.00306E-1	7.70831E-1
7.25275E+11	4.08297E-12	-1.25541E+0	2.28953E-2	-8.65122E-1
7.25450E+11	5.04899E-13	-3.89001E+0	5.13725E-1	3.80006E-1
7.25625E+11	1.43042E-12	-1.93681E+0	-6.27322E-1	4.96661E-1
7.25800E+11	3.31382E-13	-7.24744E+0	1.45950E-1	4.08870E-1
7.25975E+11	4.72922E-13	7.73753E+0	-2.09323E+0	-1.24817E+0
7.26150E+11	1.71075E-12	4.72339E+0	-1.64561E+0	5.09033E-1
7.26325E+11	1.09732E-12	1.12338E+0	-8.86384E-1	-7.13811E-1
7.26500E+11	2.59453E-12	1.31051E+1	4.04798E+0	-2.01381E+0
7.26675E+11	2.69083E-13	-1.34045E+1	8.76822E-2	1.94866E-1
7.26850E+11	1.22714E-12	9.60569E-1	8.79214E-1	-6.88861E-1
7.27025E+11	1.57100E-13	-9.49238E+0	2.93193E-1	1.62595E-1
7.27200E+11	3.60439E-13	-8.42478E+0	-3.73056E-1	-6.74626E-2
7.27375E+11	1.76024E-12	-1.25810E+0	-2.74195E-1	-8.20557E-1
7.27550E+11	1.21025E-12	-4.05979E+0	-4.47538E-1	4.38605E-1
7.27725E+11	2.21944E-13	-9.66948E+0	-5.63592E-2	3.23622E-1
7.27900E+11	3.09739E-13	-1.25904E+1	7.50764E-3	-2.34562E-1
7.28075E+11	6.54216E-13	-1.15038E+1	2.36139E-1	1.22356E-1
7.28250E+11	9.57954E-13	-7.75459E+0	3.64407E-1	1.86844E-1
7.28425E+11	8.29436E-13	-5.52201E+0	-4.78520E-1	-2.26786E-1
7.28600E+11	1.70474E-13	-1.73425E+1	-7.41690E-2	-1.13747E-1
7.28775E+11	3.13741E-13	-1.22664E+1	1.71700E-1	1.72803E-1
7.28950E+11	6.97838E-14	-2.29026E+1	6.78723E-2	2.27788E-2
7.29125E+11	1.59410E-12	8.75016E+0	-1.74247E+0	-2.11259E+0
7.29300E+11	9.89688E-13	-8.56334E+0	3.56792E-1	-1.09124E-1
7.29475E+11	4.33502E-13	-1.36389E+1	-2.07862E-1	7.43008E-3
7.29650E+11	1.39625E-12	-5.72324E+0	-4.23087E-2	-5.15681E-1
7.29825E+11	6.38002E-13	-8.49824E+0	2.87402E-1	2.42303E-1
7.30000E+11	8.44951E-13	-7.98822E+0	-2.76964E-1	2.86724E-1
