Position	Channel 1	Channel 2	Channel 3	Channel 4
4.50000E+11	1.22315E-12	-6.52112E+0	4.33662E-1	-1.86343E-1
4.50175E+11	4.59448E-13	-1.80042E+1	-1.05265E-1	-6.89425E-2
4.50350E+11	4.12282E-12	-6.29030E+0	2.39388E-1	-4.21474E-1
4.50525E+11	3.55255E-14	-2.67606E+1	3.78540E-2	2.59888E-2
4.50700E+11	1.40842E-12	-1.27929E+1	-5.81348E-4	2.29273E-1
4.50875E+11	3.85251E-13	-1.57535E+1	6.61755E-2	-1.49019E-1
4.51050E+11	6.17760E-13	-1.24766E+1	1.99982E-1	-1.28630E-1
4.51225E+11	9.82194E-13	-1.30196E+1	2.48268E-2	2.21983E-1
4.51400E+11	7.26665E-15	-3.33932E+1	-6.99396E-3	2.02210E-2
4.51575E+11	1.52131E-12	-8.18400E+0	-1.35197E-1	3.65563E-1
4.51750E+11	1.54317E-13	-1.52103E+1	-1.65006E-1	5.38618E-2
4.51925E+11	2.64244E-13	-1.33610E+1	4.02897E-2	2.10946E-1
4.52100E+11	1.19660E-12	-1.27260E+1	-2.07444E-1	1.01734E-1
4.52275E+11	6.62734E-12	-1.25473E+1	-2.08538E-1	-1.10167E-1
4.52450E+11	1.05143E-11	-1.48927E+1	5.20869E-2	-1.72339E-1
4.52625E+11	3.04038E-11	-1.38363E+1	2.01202E-1	2.92921E-2
4.52800E+11	5.28936E-11	-1.41815E+1	2.89199E-2	1.93249E-1
4.52975E+11	7.75998E-11	-1.49681E+1	-1.40069E-1	1.10618E-1
4.53150E+11	1.14971E-10	-1.69271E+1	-1.39559E-1	-2.85244E-2
4.53325E+11	1.29507E-10	-1.78071E+1	1.55669E-2	-1.27775E-1
4.53500E+11	7.20092E-11	-2.13975E+1	7.93925E-2	3.07464E-2
4.53675E+11	7.32103E-11	-2.19207E+1	-4.11821E-2	6.87743E-2
4.53850E+11	8.59370E-11	-2.21308E+1	-6.46807E-2	-4.40308E-2
4.54025E+11	1.04513E-10	-2.29268E+1	3.06766E-2	-6.44670E-2
4.54200E+11	1.06470E-10	-2.36993E+1	5.93107E-2	2.73629E-2
4.54375E+11	2.85714E-11	-2.93819E+1	-8.51145E-3	3.28712E-2
4.54550E+11	1.67369E-11	-3.03504E+1	-3.03690E-2	-4.49963E-4
4.54725E+11	7.02969E-12	-3.26348E+1	9.13797E-3	-2.14860E-2
4.54900E+11	6.64593E-12	-3.08701E+1	7.86322E-3	2.75066E-2
4.55075E+11	2.28531E-12	-3.38329E+1	-1.58823E-3	2.02782E-2
4.55250E+11	3.03039E-12	-3.00446E+1	-2.22869E-2	2.22052E-2
4.55425E+11	2.05216E-12	-2.92281E+1	-3.31379E-2	9.81763E-3
4.55600E+11	1.52818E-12	-2.80921E+1	1.73674E-3	-3.93526E-2
4.55775E+11	2.41841E-12	-2.33883E+1	6.59187E-2	-1.54244E-2
4.55950E+11	1.29473E-12	-1.99452E+1	1.70596E-2	9.91760E-2
4.56125E+11	8.17206E-13	-1.81068E+1	1.22877E-1	-1.91044E-2
4.56300E+11	7.52110E-13	-1.34150E+1	2.13250E-1	8.70213E-3
4.56475E+11	6.69039E-13	-1.70028E+1	1.10610E-1	8.77792E-2
4.56650E+11	1.11226E-12	-1.47897E+1	-4.68764E-2	-1.76052E-1
4.56825E+11	2.23724E-12	-1.61328E+1	1.54700E-1	2.07412E-2
4.57000E+11	2.09318E-12	-1.42230E+1	-8.22572E-2	1.76215E-1
4.57175E+11	1.38985E-12	-1.54943E+1	-1.28362E-1	-1.08369E-1
4.57350E+11	4.23363E-13	-2.07866E+1	1.95638E-2	-8.92222E-2
4.57525E+11	1.21265E-12	-1.57630E+1	1.61139E-1	2.36988E-2
4.57700E+11	5.84071E-13	-1.09885E+1	1.74249E-1	-2.21994E-1
4.57875E+11	2.95105E-12	-5.81597E+0	2.91943E-1	-4.20512E-1
4.58050E+11	1.23164E-12	2.04153E+0	2.82909E-1	1.23292E+0
4.58225E+11	6.62868E-13	-4.01788E-1	9.52966E-1	5.90831E-2
4.58400E+11	1.97848E-13	-3.97301E+0	-1.43755E-2	6.32758E-1
4.58575E+11	1.46681E-12	5.78789E+0	-1.79512E+0	-7.54223E-1
4.58750E+11	4.37469E-13	-5.67263E+0	-5.12359E-1	-9.13400E-2
4.58925E+11	4.54084E-13	-4.88136E+0	5.67493E-1	-5.41905E-2
4.59100E+11	4.44786E-13	-3.80705E+0	6.45130E-1	-6.50580E-4
4.59275E+11	1.23307E-13	-1.76229E+1	1.31429E-1	3.59799E-3
4.59450E+11	2.13132E-13	-1.11274E+1	7.69216E-3	-2.77629E-1
4.59625E+11	2.59006E-12	-3.31693E+0	6.68541E-1	-1.37728E-1
4.59800E+11	7.10496E-13	-8.43372E+0	2.14173E-1	3.12339E-1
4.59975E+11	2.55891E-12	-3.30234E+0	-5.11948E-1	-4.53202E-1
4.60150E+11	3.58339E-12	2.76334E+0	1.00733E-1	-1.37087E+0
4.60325E+11	1.96215E-12	4.52960E+0	1.43181E+0	8.87460E-1
4.60500E+11	2.98182E-13	-3.13541E+0	-2.73582E-1	6.41057E-1
4.60675E+11	5.86531E-13	-4.94966E+0	2.80064E-1	-4.91405E-1
4.60850E+11	8.62617E-13	9.33420E-1	1.01353E+0	4.61002E-1
4.61025E+11	3.11134E-13	-1.11401E+1	-2.05057E-1	1.86716E-1
4.61200E+11	4.03358E-13	-3.59327E+0	-4.28355E-1	-5.03691E-1
4.61375E+11	3.50894E-12	2.61246E+0	1.33448E+0	-2.10005E-1
4.61550E+11	2.42110E-12	1.44741E+0	-4.23567E-1	1.10278E+0
4.61725E+11	3.42573E-12	6.45944E+0	-1.09788E+0	1.79443E+0
4.61900E+11	2.36257E-12	-3.39483E-1	3.40773E-1	-8.99267E-1
4.62075E+11	2.31727E-12	1.32244E-1	1.01392E+0	-5.36578E-2
4.62250E+11	4.19356E-12	2.82453E+0	1.31593E+0	-4.29643E-1
4.62425E+11	1.69701E-12	-4.02982E+0	1.49655E-1	6.10726E-1
4.62600E+11	8.34505E-13	-2.21259E+0	-7.55355E-1	-1.73934E-1
4.62775E+11	7.31188E-12	9.80272E+0	1.08850E+0	-2.89328E+0
4.62950E+11	1.11267E-12	4.77381E+0	-1.36637E+0	1.06529E+0
4.63125E+11	9.61941E-13	-6.93475E+0	-2.37836E-1	3.82074E-1
4.63300E+11	1.10647E-13	-1.21997E+1	2.45265E-1	1.02395E-2
4.63475E+11	1.34822E-13	-9.46650E-1	5.38388E-2	8.95124E-1
4.63650E+11	1.11667E-12	7.14895E-1	3.94391E-1	1.01163E+0
4.63825E+11	6.47483E-13	-6.68791E+0	-3.55123E-1	2.97120E-1
4.64000E+11	2.24125E-12	4.77587E+0	1.56184E+0	-7.50915E-1
4.64175E+11	2.08998E-12	-4.67316E+0	-5.11694E-1	-2.81272E-1
4.64350E+11	1.17115E-11	4.45638E+0	4.04590E-1	-1.62066E+0
4.64525E+11	1.69839E-11	2.32508E+0	8.77797E-1	9.68271E-1
4.64700E+11	1.94030E-11	4.94373E+0	-1.49884E+0	9.35435E-1
4.64875E+11	3.67821E-11	9.21359E+0	9.93974E-1	-2.71214E+0
4.65050E+11	6.36827E-11	5.73134E+0	6.80040E-1	1.81102E+0
4.65225E+11	8.61609E-11	1.14458E+1	-3.44682E+0	-1.43859E+0
4.65400E+11	8.44426E-11	3.50352E+0	1.30100E+0	-7.40231E-1
4.65575E+11	1.12474E-10	5.51782E+0	5.83084E-1	1.79520E+0
4.65750E+11	2.17996E-10	5.23528E+0	-1.82083E+0	-1.51360E-1
4.65925E+11	3.45404E-10	6.72350E+0	1.07659E+0	-1.88247E+0
4.66100E+11	3.87167E-10	7.02014E+0	1.82709E+0	1.30266E+0
4.66275E+11	3.72369E-10	7.12216E+0	-1.29856E+0	1.86241E+0
4.66450E+11	3.80061E-10	7.36324E+0	-1.30520E+0	-1.93534E+0
4.66625E+11	4.05780E-10	7.67288E+0	1.92467E+0	-1.46541E+0
4.66800E+11	4.75722E-10	8.16248E+0	1.21196E+0	2.25416E+0
4.66975E+11	4.28607E-10	1.03989E+1	-3.27722E+0	-4.71057E-1
4.67150E+11	4.24619E-10	1.03461E+1	1.49497E+0	-2.93164E+0
4.67325E+11	3.55038E-10	8.92816E+0	2.02149E+0	1.93043E+0
4.67500E+11	3.07726E-10	7.55566E+0	-2.37170E+0	-2.66440E-1
4.67675E+11	1.91788E-10	9.63974E+0	4.70301E-1	-2.99712E+0
4.67850E+11	1.37958E-10	6.98857E+0	1.96468E+0	1.06712E+0
4.68025E+11	1.08160E-10	7.27820E+0	-2.05751E+0	1.05360E+0
4.68200E+11	5.99924E-11	3.33750E+0	-1.18890E+0	-8.61991E-1
4.68375E+11	7.12624E-11	6.72997E+0	1.18433E+0	-1.81854E+0
4.68550E+11	5.91820E-11	-3.67399E-1	1.66678E-1	9.43981E-1
4.68725E+11	6.88853E-11	-1.12449E+0	-8.77652E-1	4.01227E-2
4.68900E+11	5.91148E-11	-9.25313E-2	9.50653E-2	-9.84826E-1
4.69075E+11	6.11948E-11	-1.00452E+0	8.73262E-1	1.75824E-1
4.69250E+11	9.16359E-11	-2.38996E+0	-5.88218E-1	4.80386E-1
4.69425E+11	1.37526E-10	-2.23841E+0	-2.73041E-1	-7.22982E-1
4.69600E+11	1.20780E-10	-4.41799E+0	5.93923E-1	-9.39795E-2
4.69775E+11	8.01954E-11	-5.35311E+0	1.81269E-1	5.08602E-1
4.69950E+11	6.13193E-11	-6.05194E+0	-4.57840E-1	1.96430E-1
4.70125E+11	5.64017E-11	-6.55026E+0	-2.25677E-1	-4.12754E-1
4.70300E+11	7.77937E-11	-5.48968E+0	4.65697E-1	-2.56194E-1
4.70475E+11	1.14070E-10	-6.48509E+0	1.53996E-1	4.48249E-1
4.70650E+11	8.76393E-11	-9.28001E+0	-3.19340E-1	1.26704E-1
4.70825E+11	1.08693E-10	-9.59222E+0	-1.91018E-1	-2.70844E-1
4.71000E+11	1.77290E-10	-8.04867E+0	3.01592E-1	-2.56447E-1
4.71175E+11	2.24189E-10	-7.06510E+0	4.03244E-1	1.84260E-1
4.71350E+11	1.84194E-10	-8.33724E+0	-3.54476E-2	3.81302E-1
4.71525E+11	2.16404E-10	-7.96327E+0	-3.71262E-1	1.48324E-1
4.71700E+11	3.77127E-10	-5.49834E+0	-2.36909E-1	-4.75205E-1
4.71875E+11	7.16383E-10	-2.86078E+0	6.00712E-1	-3.95802E-1
4.72050E+11	1.09626E-9	6.60400E-1	4.57110E-1	9.77386E-1
4.72225E+11	1.90016E-9	-7.52442E-1	-8.77573E-1	-2.66060E-1
4.72400E+11	3.08206E-9	-1.44578E+0	5.88114E-1	-6.09065E-1
4.72575E+11	4.27151E-9	-3.16317E+0	2.68457E-1	6.40810E-1
4.72750E+11	7.51439E-9	-2.96966E+0	-7.04001E-1	-9.53122E-2
4.72925E+11	9.89200E-9	-4.54339E+0	3.56802E-1	-4.73263E-1
4.73100E+11	1.49016E-8	-6.84032E+0	2.03426E-1	4.06961E-1
4.73275E+11	2.08352E-8	-8.65273E+0	-3.60584E-1	7.96997E-2
4.73450E+11	2.34993E-8	-9.94182E+0	4.00881E-3	-3.18328E-1
4.73625E+11	2.23174E-8	-1.11967E+1	2.72667E-1	3.96076E-2
4.73800E+11	2.23871E-8	-1.21378E+1	-9.28089E-2	2.29154E-1
4.73975E+11	2.28334E-8	-1.20343E+1	-1.88208E-1	-1.64856E-1
4.74150E+11	2.37859E-8	-1.19286E+1	2.18180E-1	-1.28605E-1
4.74325E+11	1.93468E-8	-1.24988E+1	3.16974E-2	2.35043E-1
4.74500E+11	2.13566E-8	-1.21775E+1	-2.38980E-1	-5.88054E-2
4.74675E+11	2.23949E-8	-1.15287E+1	1.30443E-1	-2.30897E-1
4.74850E+11	1.79322E-8	-1.08996E+1	1.91369E-1	2.11349E-1
4.75025E+11	1.64936E-8	-1.08888E+1	-2.73048E-1	8.32910E-2
4.75200E+11	1.59646E-8	-1.14000E+1	-3.11627E-2	-2.67344E-1
4.75375E+11	1.30245E-8	-1.19675E+1	2.39424E-1	7.90269E-2
4.75550E+11	8.78510E-9	-1.31546E+1	-1.41694E-1	1.68192E-1
4.75725E+11	6.86429E-9	-1.28244E+1	-1.23089E-1	-1.92445E-1
4.75900E+11	5.17494E-9	-1.29265E+1	2.11171E-1	-7.98822E-2
4.76075E+11	4.13170E-9	-1.33296E+1	3.49541E-2	2.12682E-1
4.76250E+11	3.59776E-9	-1.32430E+1	-2.16964E-1	-1.78352E-2
4.76425E+11	2.60038E-9	-1.30287E+1	9.15374E-2	-2.03492E-1
4.76600E+11	2.19590E-9	-1.20574E+1	1.71653E-1	1.81114E-1
4.76775E+11	1.72865E-9	-1.12546E+1	-2.30478E-1	1.47616E-1
4.76950E+11	1.61577E-9	-9.88365E+0	-1.78644E-1	-2.66086E-1
4.77125E+11	1.29922E-9	-9.73804E+0	2.79835E-1	-1.67062E-1
4.77300E+11	1.45332E-9	-1.00386E+1	-3.00821E-1	-9.28554E-2
4.77475E+11	1.27152E-9	-9.86836E+0	2.05820E-1	-2.46405E-1
4.77650E+11	1.39945E-9	-6.51666E+0	1.61149E-1	4.43899E-1
4.77825E+11	1.44230E-9	-4.86315E+0	-5.64577E-1	-8.72003E-2
4.78000E+11	1.08462E-9	-4.89610E+0	3.50446E-1	-4.48411E-1
4.78175E+11	9.52663E-10	-4.19550E+0	2.14545E-1	5.78406E-1
4.78350E+11	1.01307E-9	-4.08670E+0	-5.99942E-1	1.74090E-1
4.78525E+11	1.12334E-9	-3.15451E+0	-2.17917E-1	-6.60441E-1
4.78700E+11	1.47267E-9	-1.91479E+0	7.73097E-1	-2.13960E-1
4.78875E+11	1.40739E-9	-2.37773E+0	-7.72482E-2	7.56591E-1
4.79050E+11	1.48750E-9	-3.99479E+0	-5.56085E-1	-2.98921E-1
4.79225E+11	1.59534E-9	-5.92142E+0	3.61602E-1	-3.53580E-1
4.79400E+11	1.74623E-9	-8.23692E+0	2.50545E-1	2.95469E-1
4.79575E+11	1.23194E-9	-7.41422E+0	-1.73740E-1	3.88831E-1
4.79750E+11	9.24024E-10	6.15709E+0	-1.98571E+0	4.29718E-1
4.79925E+11	1.13488E-9	3.15018E+0	1.40290E+0	-3.11982E-1
4.80100E+11	1.11787E-9	3.34983E+0	-9.37356E-1	1.13314E+0
4.80275E+11	1.08678E-9	6.75542E+0	-8.30064E-1	-2.01207E+0
4.80450E+11	8.81766E-10	9.80163E+0	3.00299E+0	-7.31802E-1
4.80625E+11	9.77325E-10	9.59367E+0	-1.40064E+0	2.67302E+0
4.80800E+11	8.72986E-10	9.25222E+0	-1.37737E+0	-2.55365E+0
4.80975E+11	7.15166E-10	7.39145E+0	1.96092E+0	1.28039E+0
4.81150E+11	4.34110E-10	6.64645E+0	-1.44580E+0	1.59050E+0
4.81325E+11	3.02785E-10	4.85087E+0	-6.66042E-1	-1.61614E+0
4.81500E+11	2.65107E-10	3.97297E+0	1.53934E+0	3.55977E-1
4.81675E+11	2.53042E-10	2.97474E+0	-9.31587E-1	1.05633E+0
4.81850E+11	2.13584E-10	1.95338E+0	-5.95659E-1	-1.10144E+0
4.82025E+11	2.62576E-10	2.40105E+0	1.31646E+0	7.17208E-2
4.82200E+11	1.75784E-10	6.24994E-1	-6.69113E-1	8.40873E-1
4.82375E+11	2.05072E-10	1.09442E-1	-6.55658E-1	-7.71772E-1
4.82550E+11	2.38816E-10	1.96488E-1	1.01828E+0	-9.68508E-2
4.82725E+11	3.54337E-10	-2.90313E-1	-1.87492E-1	9.48781E-1
4.82900E+11	4.37424E-10	-5.86831E-1	-7.03481E-1	-6.15404E-1
4.83075E+11	6.31471E-10	-2.82568E-1	8.67822E-1	-4.28827E-1
4.83250E+11	1.05126E-9	9.25512E-1	3.40607E-1	1.05901E+0
4.83425E+11	1.21381E-9	9.38058E-1	-1.08453E+0	-2.54755E-1
4.83600E+11	1.69266E-9	1.73405E-1	6.39448E-1	-7.94885E-1
4.83775E+11	1.53567E-9	-2.27607E+0	4.83510E-1	5.98595E-1
4.83950E+11	1.24173E-9	-4.23645E+0	-5.26479E-1	3.15962E-1
4.84125E+11	1.10512E-9	-4.24854E+0	-1.53110E-1	-5.93735E-1
4.84300E+11	6.50955E-10	-6.01591E+0	5.00008E-1	-1.61875E-2
4.84475E+11	5.64287E-10	-5.02941E+0	-1.43598E-1	5.41732E-1
4.84650E+11	7.52701E-10	-3.69903E+0	-5.52743E-1	-3.48065E-1
4.84825E+11	1.04417E-9	-1.84296E+0	5.21655E-1	-6.18115E-1
4.85000E+11	8.05504E-10	-2.66587E+0	5.45071E-1	4.94132E-1
4.85175E+11	7.00143E-10	-6.42671E+0	-9.57073E-2	4.67464E-1
4.85350E+11	1.12376E-9	-4.76837E+0	-5.76775E-1	2.96933E-2
4.85525E+11	1.80845E-9	-1.25368E+0	9.14830E-3	-8.65549E-1
4.85700E+11	2.26890E-9	2.25792E+0	1.08116E+0	7.16210E-1
4.85875E+11	3.11925E-9	2.51317E+0	-1.19855E+0	5.89196E-1
4.86050E+11	3.17812E-9	3.99296E+0	3.22373E-1	-1.55045E+0
4.86225E+11	4.42750E-9	4.89893E+0	1.04335E+0	1.41455E+0
4.86400E+11	4.81988E-9	3.50474E+0	-1.47830E+0	-2.36186E-1
4.86575E+11	3.77809E-9	1.01460E+0	8.08552E-1	-7.80647E-1
4.86750E+11	2.93536E-9	-2.84127E+0	2.69148E-1	6.68882E-1
4.86925E+11	4.56432E-9	-2.15146E+0	-7.12938E-1	3.17884E-1
4.87100E+11	3.48504E-9	-3.62444E+0	-3.10719E-1	-5.80964E-1
4.87275E+11	1.14603E-9	-7.92109E+0	3.94669E-1	-7.50429E-2
4.87450E+11	9.72572E-10	-8.94988E+0	5.84260E-2	3.52051E-1
4.87625E+11	3.63682E-9	-3.47821E+0	-6.37820E-1	2.05221E-1
4.87800E+11	1.00924E-8	2.91708E-1	-2.62802E-1	-1.00021E+0
4.87975E+11	1.11816E-8	1.91390E-1	1.00876E+0	-1.65699E-1
4.88150E+11	7.30915E-9	-3.42412E-1	8.74056E-2	9.57364E-1
4.88325E+11	7.09181E-9	-5.70987E-1	-9.31120E-1	-9.90788E-2
4.88500E+11	5.84851E-9	-1.39706E+0	1.37041E-1	-8.40325E-1
4.88675E+11	5.76056E-9	-1.01497E+0	8.35823E-1	3.04949E-1
4.88850E+11	1.01692E-8	1.21265E-1	-7.97682E-1	6.26115E-1
4.89025E+11	1.48447E-8	8.83691E-2	-5.73033E-2	-1.00860E+0
4.89200E+11	2.22441E-8	-1.52454E+0	7.94871E-1	2.68583E-1
4.89375E+11	2.43887E-8	-3.16808E+0	-3.76019E-1	5.83755E-1
4.89550E+11	2.08839E-8	-5.93832E+0	-3.44966E-1	-3.68484E-1
4.89725E+11	2.09928E-8	-8.65418E+0	3.17239E-1	-1.88908E-1
4.89900E+11	1.91075E-8	-1.17410E+1	6.64494E-2	2.50114E-1
4.90075E+11	2.35445E-8	-1.16220E+1	-2.59831E-1	3.63509E-2
4.90250E+11	2.40395E-8	-1.07442E+1	-2.94440E-2	-2.88764E-1
4.90425E+11	2.88428E-8	-8.67603E+0	3.65328E-1	-4.66689E-2
4.90600E+11	3.71891E-8	-7.58520E+0	2.05052E-2	4.17077E-1
4.90775E+11	4.90368E-8	-8.20963E+0	-3.85148E-1	-5.17877E-2
4.90950E+11	6.12475E-8	-1.06168E+1	1.22350E-1	-2.67939E-1
4.91125E+11	7.60961E-8	-1.12146E+1	2.30601E-1	1.49751E-1
4.91300E+11	9.66600E-8	-1.01657E+1	-2.08172E-1	2.30046E-1
4.91475E+11	1.13845E-7	-9.44513E+0	-1.77251E-1	-2.86724E-1
4.91650E+11	9.67858E-8	-9.64173E+0	3.19698E-1	-7.99529E-2
4.91825E+11	7.57306E-8	-1.04249E+1	-1.19537E-2	3.00895E-1
4.92000E+11	5.17363E-8	-1.10588E+1	-2.54696E-1	-1.16168E-1
4.92175E+11	3.58835E-8	-1.24175E+1	1.61120E-1	-1.77067E-1
4.92350E+11	2.20588E-8	-1.39594E+1	1.30811E-1	1.51897E-1
4.92525E+11	1.71684E-8	-1.47319E+1	-1.38302E-1	1.20453E-1
4.92700E+11	1.48543E-8	-1.44533E+1	-1.13116E-1	-1.51887E-1
4.92875E+11	1.16690E-8	-1.41800E+1	1.67583E-1	-1.00550E-1
4.93050E+11	9.89282E-9	-1.39046E+1	8.14251E-2	1.84567E-1
4.93225E+11	1.24180E-8	-1.29843E+1	-2.17444E-1	5.49371E-2
4.93400E+11	1.97411E-8	-1.17371E+1	7.78264E-3	-2.58790E-1
4.93575E+11	2.31167E-8	-1.04726E+1	2.76149E-1	1.15894E-1
4.93750E+11	2.43691E-8	-9.20338E+0	-2.34022E-1	2.55669E-1
4.93925E+11	3.19904E-8	-8.21498E+0	-1.56544E-1	-3.55428E-1
4.94100E+11	5.84232E-8	-7.39621E+0	4.23973E-1	4.87420E-2
4.94275E+11	6.74204E-8	-8.04828E+0	-2.14757E-1	3.32591E-1
4.94450E+11	7.21573E-8	-9.44166E+0	-2.30672E-1	-2.45987E-1
4.94625E+11	5.93904E-8	-1.07679E+1	2.42803E-1	-1.57606E-1
4.94800E+11	5.58553E-8	-1.20533E+1	9.35273E-2	2.31470E-1
4.94975E+11	4.03920E-8	-1.29700E+1	-2.24493E-1	8.29700E-3
4.95150E+11	3.34955E-8	-1.33623E+1	2.93985E-2	-2.12704E-1
4.95325E+11	2.75345E-8	-1.37250E+1	2.05603E-1	1.18598E-2
4.95500E+11	2.77370E-8	-1.39466E+1	-3.82283E-2	1.97083E-1
4.95675E+11	4.12979E-8	-1.34613E+1	-1.78905E-1	-1.14284E-1
4.95850E+11	4.31167E-8	-1.31369E+1	1.68087E-1	-1.42514E-1
4.96025E+11	5.66000E-8	-1.22601E+1	1.21334E-1	2.11439E-1
4.96200E+11	6.91398E-8	-1.09669E+1	-2.78834E-1	4.78686E-2
4.96375E+11	9.16288E-8	-9.59220E+0	9.58144E-2	-3.17277E-1
4.96550E+11	1.08593E-7	-8.52440E+0	2.74150E-1	2.55547E-1
4.96725E+11	8.71239E-8	-8.79953E+0	-3.22493E-1	1.66847E-1
4.96900E+11	6.85102E-8	-9.76314E+0	-6.66977E-2	-3.18051E-1
4.97075E+11	4.71537E-8	-1.06440E+1	2.92949E-1	1.99656E-2
4.97250E+11	3.09267E-8	-1.19905E+1	-6.41400E-2	2.43146E-1
4.97425E+11	2.20299E-8	-1.35861E+1	-1.74000E-1	-1.16255E-1
4.97600E+11	1.73854E-8	-1.44610E+1	1.46839E-1	-1.19329E-1
4.97775E+11	1.30977E-8	-1.50681E+1	8.59628E-2	1.54081E-1
4.97950E+11	1.11493E-8	-1.48964E+1	-1.60173E-1	8.20399E-2
4.98125E+11	9.61540E-9	-1.47210E+1	-8.24453E-2	-1.64085E-1
4.98300E+11	9.72845E-9	-1.46848E+1	1.62842E-1	-8.65187E-2
4.98475E+11	1.23474E-8	-1.33511E+1	5.95993E-2	2.06577E-1
4.98650E+11	1.61528E-8	-1.22242E+1	-2.44582E-1	-1.00377E-2
4.98825E+11	2.15914E-8	-1.12168E+1	9.64143E-2	-2.57429E-1
4.99000E+11	2.62367E-8	-1.00540E+1	2.50131E-1	1.90263E-1
4.99175E+11	3.26784E-8	-9.37346E+0	-2.97876E-1	1.63674E-1
4.99350E+11	3.56836E-8	-8.91427E+0	-1.21266E-1	-3.37190E-1
4.99525E+11	3.03416E-8	-9.84530E+0	3.20883E-1	-2.56948E-2
4.99700E+11	2.14785E-8	-1.14627E+1	-1.32223E-1	2.32210E-1
4.99875E+11	1.74192E-8	-1.23269E+1	-6.89029E-2	-2.31891E-1
5.00050E+11	1.19246E-8	-1.31573E+1	2.05822E-1	7.72873E-2
5.00225E+11	1.27520E-8	-1.37623E+1	-1.31657E-1	1.57216E-1
5.00400E+11	1.92876E-8	-1.42631E+1	-1.40134E-1	-1.33541E-1
5.00575E+11	2.44870E-8	-1.40865E+1	1.43419E-1	-1.35856E-1
5.00750E+11	2.83204E-8	-1.35478E+1	1.12972E-1	1.77249E-1
5.00925E+11	3.41717E-8	-1.28128E+1	-2.18435E-1	6.79118E-2
5.01100E+11	3.97893E-8	-1.21645E+1	3.47643E-2	-2.44011E-1
5.01275E+11	5.80273E-8	-1.07687E+1	2.44303E-1	1.55222E-1
5.01450E+11	6.45954E-8	-9.88124E+0	-2.60892E-1	1.86299E-1
5.01625E+11	7.79597E-8	-9.03038E+0	-1.21745E-1	-3.31954E-1
5.01800E+11	7.16532E-8	-7.59672E+0	4.17018E-1	2.76834E-3
5.01975E+11	4.60983E-8	-5.42404E+0	-1.58322E-1	5.11611E-1
5.02150E+11	2.76866E-8	-4.50798E+0	-4.26800E-1	-4.14733E-1
5.02325E+11	2.08672E-8	-3.94136E+0	6.09141E-1	-1.80183E-1
5.02500E+11	1.59499E-8	-3.43395E+0	-1.29263E-1	6.60924E-1
5.02675E+11	1.39525E-8	-2.25482E+0	-6.75095E-1	-3.73160E-1
5.02850E+11	1.33019E-8	-4.43318E-1	6.18255E-1	-7.21609E-1
5.03025E+11	1.61489E-8	1.53576E+0	7.09594E-1	9.59527E-1
5.03200E+11	1.65162E-8	3.33506E+0	-1.42279E+0	3.61902E-1
5.03375E+11	2.14983E-8	3.16572E+0	4.48574E-1	-1.36808E+0
5.03550E+11	2.42467E-8	3.00423E+0	1.09844E+0	8.89183E-1
5.03725E+11	2.69744E-8	3.54630E+0	-1.24373E+0	8.46084E-1
5.03900E+11	3.50459E-8	3.68741E+0	-3.82418E-1	-1.48027E+0
5.04075E+11	6.72836E-8	4.20598E+0	1.62049E+0	8.89578E-2
5.04250E+11	9.83643E-8	4.03363E+0	-7.15954E-1	1.42085E+0
5.04425E+11	9.97116E-8	2.70277E+0	-6.99467E-1	-1.17219E+0
5.04600E+11	9.19448E-8	3.61947E-1	1.02434E+0	1.94022E-1
5.04775E+11	6.86155E-8	-2.11996E+0	-6.11584E-1	4.89626E-1
5.04950E+11	5.13450E-8	-4.88588E+0	-6.43408E-2	-5.66134E-1
5.05125E+11	4.37968E-8	-7.11672E+0	4.32334E-1	8.55687E-2
5.05300E+11	3.29088E-8	-8.85074E+0	-1.13107E-1	3.42785E-1
5.05475E+11	2.80563E-8	-9.75700E+0	-3.17157E-1	-7.18745E-2
5.05650E+11	2.90646E-8	-9.10455E+0	8.87944E-2	-3.39137E-1
5.05825E+11	3.28040E-8	-7.77931E+0	3.09503E-1	2.66382E-1
5.06000E+11	3.50987E-8	-7.96615E+0	-3.67696E-1	1.56616E-1
5.06175E+11	4.11267E-8	-8.15755E+0	-7.18423E-2	-3.84293E-1
5.06350E+11	5.71232E-8	-7.58781E+0	4.15890E-1	3.61052E-2
5.06525E+11	7.65679E-8	-7.27941E+0	-1.57587E-1	4.02815E-1
5.06700E+11	9.42765E-8	-6.97571E+0	-3.87135E-1	-2.25326E-1
5.06875E+11	1.15766E-7	-6.97200E+0	2.97911E-1	-3.34762E-1
5.07050E+11	1.56223E-7	-6.62454E+0	2.56517E-1	3.89541E-1
5.07225E+11	1.43669E-7	-6.54895E+0	-4.45079E-1	1.52537E-1
5.07400E+11	1.66005E-7	-6.77140E+0	2.55895E-3	-4.58589E-1
5.07575E+11	1.29338E-7	-7.84347E+0	3.86846E-1	1.21063E-1
5.07750E+11	1.15960E-7	-9.45449E+0	-1.66015E-1	2.92955E-1
5.07925E+11	9.38349E-8	-1.08468E+1	-2.42590E-1	-1.53085E-1
5.08100E+11	6.56792E-8	-1.18040E+1	1.30413E-1	-2.21362E-1
5.08275E+11	5.94536E-8	-1.24745E+1	2.08459E-1	1.14498E-1
5.08450E+11	6.64176E-8	-1.21080E+1	-1.36964E-1	2.06851E-1
5.08625E+11	5.95832E-8	-1.20339E+1	-1.75114E-1	-1.78720E-1
5.08800E+11	5.51817E-8	-1.19583E+1	2.29662E-1	-1.04688E-1
5.08975E+11	6.09284E-8	-1.15031E+1	5.73125E-2	2.59731E-1
5.09150E+11	6.41272E-8	-1.08952E+1	-2.83564E-1	3.10490E-2
5.09325E+11	6.47698E-8	-9.93477E+0	8.50323E-3	-3.18498E-1
5.09500E+11	6.06696E-8	-8.96689E+0	3.49845E-1	6.68146E-2
5.09675E+11	5.06321E-8	-8.69177E+0	-1.57389E-1	3.32236E-1
5.09850E+11	4.30331E-8	-8.09319E+0	-3.09830E-1	-2.43167E-1
5.10025E+11	5.71606E-8	-7.71917E+0	3.48104E-1	-2.18860E-1
5.10200E+11	7.67053E-8	-7.43736E+0	5.45860E-2	4.21227E-1
5.10375E+11	6.08616E-8	-7.85206E+0	-3.85107E-1	-1.25195E-1
5.10550E+11	4.73174E-8	-8.74757E+0	2.14218E-1	-2.95867E-1
5.10725E+11	3.89406E-8	-9.70743E+0	1.99544E-1	2.59135E-1
5.10900E+11	3.41944E-8	-1.04648E+1	-2.70325E-1	1.29522E-1
5.11075E+11	3.21407E-8	-1.11802E+1	-8.89174E-2	-2.61340E-1
5.11250E+11	2.91380E-8	-1.13442E+1	2.60884E-1	-7.29344E-2
5.11425E+11	2.96511E-8	-1.11291E+1	5.12704E-2	2.72906E-1
5.11600E+11	3.02729E-8	-1.07629E+1	-2.86428E-1	4.30104E-2
5.11775E+11	3.33405E-8	-1.02812E+1	-5.67211E-2	-3.00854E-1
5.11950E+11	3.91273E-8	-9.41470E+0	3.33048E-1	-5.92155E-2
5.12125E+11	5.53602E-8	-8.79638E+0	-3.76167E-2	3.61276E-1
5.12300E+11	7.11466E-8	-8.17904E+0	-3.50484E-1	-1.71023E-1
5.12475E+11	7.29468E-8	-8.09873E+0	2.84896E-1	-2.71590E-1
5.12650E+11	7.46709E-8	-8.01026E+0	1.68069E-1	3.60372E-1
5.12825E+11	7.46002E-8	-8.25849E+0	-3.83387E-1	4.84343E-2
5.13000E+11	6.90903E-8	-9.13822E+0	4.10549E-2	-3.46790E-1
5.13175E+11	6.90635E-8	-9.94296E+0	3.10112E-1	7.17806E-2
5.13350E+11	6.61311E-8	-1.05817E+1	-1.08611E-1	2.75079E-1
5.13525E+11	6.64690E-8	-1.07826E+1	-2.50078E-1	-1.44816E-1
5.13700E+11	6.77865E-8	-1.05715E+1	1.70716E-1	-2.41921E-1
5.13875E+11	5.09736E-8	-1.06431E+1	2.23420E-1	1.90576E-1
5.14050E+11	5.06420E-8	-1.05793E+1	-2.03919E-1	2.14314E-1
5.14225E+11	5.33242E-8	-9.61082E+0	-2.26595E-1	-2.40893E-1
5.14400E+11	5.89673E-8	-8.81335E+0	2.90426E-1	-2.16965E-1
5.14575E+11	5.75028E-8	-8.08700E+0	1.55774E-1	3.62051E-1
5.14750E+11	5.22836E-8	-7.40768E+0	-4.22937E-1	5.26623E-2
5.14925E+11	4.60236E-8	-6.81197E+0	4.05251E-2	-4.54656E-1
5.15100E+11	5.55496E-8	-6.17852E+0	4.66119E-1	1.54292E-1
5.15275E+11	5.47822E-8	-6.16705E+0	-2.25351E-1	4.36952E-1
5.15450E+11	5.00260E-8	-6.61959E+0	-3.83172E-1	-2.66403E-1
5.15625E+11	4.67061E-8	-7.20266E+0	2.83082E-1	-3.32105E-1
5.15800E+11	3.28546E-8	-7.92937E+0	2.64519E-1	3.01857E-1
5.15975E+11	3.29052E-8	-8.44987E+0	-3.29201E-1	1.85797E-1
5.16150E+11	3.75397E-8	-8.72568E+0	-1.01307E-1	-3.51906E-1
5.16325E+11	3.68193E-8	-9.01668E+0	3.52288E-1	-3.60969E-2
5.16500E+11	4.07416E-8	-9.24648E+0	-8.07790E-3	3.44792E-1
5.16675E+11	4.38969E-8	-9.43444E+0	-3.35859E-1	-3.32725E-2
5.16850E+11	5.79831E-8	-9.48269E+0	3.46032E-2	-3.33845E-1
5.17025E+11	7.21478E-8	-8.80981E+0	3.48674E-1	9.97731E-2
5.17200E+11	8.20530E-8	-8.41554E+0	-2.12982E-1	3.14112E-1
5.17375E+11	9.70744E-8	-8.07571E+0	-2.33982E-1	-3.17809E-1
5.17550E+11	1.15467E-7	-7.93831E+0	3.80566E-1	-1.26200E-1
5.17725E+11	1.25588E-7	-7.89496E+0	4.46856E-2	4.00465E-1
5.17900E+11	1.40247E-7	-7.43620E+0	-4.23725E-1	-3.02721E-2
5.18075E+11	1.60720E-7	-7.15718E+0	1.17182E-1	-4.22732E-1
5.18250E+11	1.71534E-7	-7.27131E+0	3.73729E-1	2.18563E-1
5.18425E+11	1.73991E-7	-7.46336E+0	-3.07935E-1	2.90707E-1
5.18600E+11	1.62529E-7	-7.55204E+0	-1.80990E-1	-3.78091E-1
5.18775E+11	1.80673E-7	-7.51553E+0	4.13477E-1	-7.89304E-2
5.18950E+11	1.73679E-7	-7.80167E+0	-4.63398E-3	4.07276E-1
5.19125E+11	1.73537E-7	-7.99983E+0	-3.90264E-1	-7.86712E-2
5.19300E+11	1.72136E-7	-8.29445E+0	1.58774E-1	-3.50558E-1
5.19475E+11	1.77271E-7	-8.55846E+0	2.95812E-1	2.27729E-1
5.19650E+11	1.67923E-7	-8.89592E+0	-3.00142E-1	1.97132E-1
5.19825E+11	1.64694E-7	-9.00407E+0	-7.67241E-2	-3.46248E-1
5.20000E+11	2.00089E-7	-8.67108E+0	3.62754E-1	6.48601E-2
5.20175E+11	1.90130E-7	-8.43832E+0	-1.98075E-1	3.22553E-1
5.20350E+11	2.10924E-7	-8.15564E+0	-2.54425E-1	-2.96948E-1
5.20525E+11	2.85745E-7	-7.74775E+0	3.64682E-1	-1.87014E-1
5.20700E+11	2.87201E-7	-7.39078E+0	8.23783E-2	4.19011E-1
5.20875E+11	3.17785E-7	-6.95441E+0	-4.46766E-1	-4.50772E-2
5.21050E+11	2.75581E-7	-6.90158E+0	1.71533E-1	-4.17943E-1
5.21225E+11	2.62198E-7	-7.05952E+0	3.16517E-1	3.10850E-1
5.21400E+11	2.62532E-7	-6.99789E+0	-4.01426E-1	1.96164E-1
5.21575E+11	2.11162E-7	-7.41114E+0	-2.71187E-2	-4.25169E-1
5.21750E+11	1.93872E-7	-7.86040E+0	3.90507E-1	1.05690E-1
5.21925E+11	1.79266E-7	-8.51482E+0	-1.93759E-1	3.21294E-1
5.22100E+11	1.41462E-7	-8.99565E+0	-2.39772E-1	-2.61778E-1
5.22275E+11	1.27889E-7	-9.44421E+0	3.09363E-1	-1.33967E-1
5.22450E+11	1.14142E-7	-9.91572E+0	2.70859E-2	3.18160E-1
5.22625E+11	1.02642E-7	-1.02543E+1	-3.04722E-1	-3.81623E-2
5.22800E+11	1.16416E-7	-9.94934E+0	1.42357E-1	-2.84443E-1
5.22975E+11	1.21188E-7	-9.60185E+0	2.15711E-1	2.51137E-1
5.23150E+11	1.30949E-7	-9.23665E+0	-3.24572E-1	1.17767E-1
5.23325E+11	1.41192E-7	-8.58043E+0	-7.54550E-3	-3.72297E-1
5.23500E+11	1.56536E-7	-7.74842E+0	3.98548E-1	9.53992E-2
5.23675E+11	1.84696E-7	-6.83424E+0	-2.23883E-1	3.96441E-1
5.23850E+11	2.09912E-7	-6.28097E+0	-3.13629E-1	-3.70256E-1
5.24025E+11	1.81889E-7	-6.01686E+0	4.81187E-1	-1.36654E-1
5.24200E+11	1.89385E-7	-6.11333E+0	-2.80330E-2	4.93895E-1
5.24375E+11	1.56598E-7	-6.74047E+0	-4.30315E-1	-1.63223E-1
5.24550E+11	1.43422E-7	-7.43008E+0	2.82755E-1	-3.17433E-1
5.24725E+11	1.03195E-7	-8.46406E+0	2.26613E-1	3.01785E-1
5.24900E+11	8.93340E-8	-9.36486E+0	-2.69696E-1	2.07394E-1
5.25075E+11	8.38097E-8	-1.00350E+1	-2.34107E-1	-2.10692E-1
5.25250E+11	9.21598E-8	-1.06332E+1	2.21872E-1	-1.92889E-1
5.25425E+11	9.80629E-8	-1.11097E+1	1.34232E-1	2.43790E-1
5.25600E+11	1.10872E-7	-1.10853E+1	-2.69459E-1	7.26667E-2
5.25775E+11	1.34396E-7	-1.01194E+1	2.28525E-2	-3.11074E-1
5.25950E+11	1.69432E-7	-9.28372E+0	3.16047E-1	1.34333E-1
5.26125E+11	2.06692E-7	-8.66293E+0	-2.15421E-1	2.99410E-1
5.26300E+11	2.45757E-7	-7.73425E+0	-2.67681E-1	-3.11186E-1
5.26475E+11	2.70802E-7	-7.00256E+0	4.18674E-1	-1.55309E-1
5.26650E+11	2.64494E-7	-6.77841E+0	-9.05244E-2	4.49195E-1
5.26825E+11	2.65353E-7	-7.35102E+0	-2.73352E-1	-3.30624E-1
5.27000E+11	2.02223E-7	-8.36769E+0	3.79125E-1	-4.34464E-2
5.27175E+11	1.61851E-7	-9.13506E+0	-9.18166E-2	3.37057E-1
5.27350E+11	1.17674E-7	-9.99750E+0	-2.69999E-1	-1.64796E-1
5.27525E+11	1.00528E-7	-1.07329E+1	1.99397E-1	-2.11455E-1
5.27700E+11	7.01241E-8	-1.12579E+1	1.59989E-1	2.21938E-1
5.27875E+11	7.40034E-8	-1.14772E+1	-2.48495E-1	9.70433E-2
5.28050E+11	7.13224E-8	-1.12148E+1	-1.98428E-2	-2.74238E-1
5.28225E+11	7.73150E-8	-1.08910E+1	2.75856E-1	7.31769E-2
5.28400E+11	9.43302E-8	-1.02519E+1	-1.46238E-1	2.70148E-1
5.28575E+11	1.12127E-7	-9.40770E+0	-2.78712E-1	-1.92176E-1
5.28750E+11	1.35474E-7	-8.56710E+0	2.31866E-1	-2.92107E-1
5.28925E+11	2.16101E-7	-7.18778E+0	3.07623E-1	3.10566E-1
5.29100E+11	2.55664E-7	-6.42155E+0	-4.15964E-1	2.34364E-1
5.29275E+11	2.84337E-7	-6.30493E+0	-1.41122E-2	-4.83692E-1
5.29450E+11	2.32655E-7	-7.10119E+0	3.76971E-1	2.29834E-1
5.29625E+11	1.68607E-7	-8.71067E+0	-3.23503E-1	1.72948E-1
5.29800E+11	1.07215E-7	-1.03893E+1	-5.43145E-2	-2.97448E-1
5.29975E+11	8.06463E-8	-1.14246E+1	2.67399E-1	-2.30509E-2
5.30150E+11	6.55660E-8	-1.18517E+1	1.03503E-2	2.55303E-1
5.30325E+11	5.63636E-8	-1.23628E+1	-2.40808E-1	-7.08023E-3
5.30500E+11	5.29457E-8	-1.28758E+1	4.26117E-2	-2.23063E-1
5.30675E+11	4.13419E-8	-1.30276E+1	2.03958E-1	9.05640E-2
5.30850E+11	4.77707E-8	-1.28595E+1	-1.43872E-1	1.76259E-1
5.31025E+11	5.62889E-8	-1.20615E+1	-1.47597E-1	-2.01058E-1
5.31200E+11	7.22568E-8	-1.12097E+1	2.49028E-1	-1.16937E-1
5.31375E+11	9.54568E-8	-1.01938E+1	9.97669E-2	2.92715E-1
5.31550E+11	1.35005E-7	-8.93690E+0	-3.52996E-1	5.59355E-2
5.31725E+11	1.67605E-7	-8.10914E+0	8.20807E-2	-3.84472E-1
5.31900E+11	1.89060E-7	-7.87701E+0	3.03395E-1	2.66446E-1
5.32075E+11	1.47485E-7	-8.59448E+0	-3.47371E-1	1.32468E-1
5.32250E+11	1.23568E-7	-9.72565E+0	-8.29548E-3	-3.26270E-1
5.32425E+11	1.01870E-7	-1.07665E+1	2.88925E-1	1.85241E-2
5.32600E+11	8.66228E-8	-1.15246E+1	-2.55638E-2	2.64085E-1
5.32775E+11	8.75200E-8	-1.17887E+1	-2.56365E-1	-2.27739E-2
5.32950E+11	8.99706E-8	-1.21131E+1	2.47166E-2	-2.46703E-1
5.33125E+11	8.32555E-8	-1.24105E+1	2.33633E-1	5.31090E-2
5.33300E+11	8.51482E-8	-1.24397E+1	-9.15063E-2	2.20561E-1
5.33475E+11	7.88518E-8	-1.21845E+1	-2.08901E-1	-1.29739E-1
5.33650E+11	1.05403E-7	-1.15093E+1	1.61330E-1	-2.11226E-1
5.33825E+11	1.22795E-7	-1.06970E+1	2.13394E-1	1.99086E-1
5.34000E+11	1.67059E-7	-9.64598E+0	-2.62857E-1	1.98492E-1
5.34175E+11	2.09975E-7	-8.89849E+0	-1.43479E-1	-3.29065E-1
5.34350E+11	2.35145E-7	-8.42251E+0	3.78606E-1	-2.13192E-2
5.34525E+11	2.29014E-7	-8.92373E+0	-1.40185E-1	3.29349E-1
5.34700E+11	1.54998E-7	-1.00555E+1	-2.05631E-1	-2.37583E-1
5.34875E+11	1.17686E-7	-1.17618E+1	2.35029E-1	-1.06843E-1
5.35050E+11	8.20437E-8	-1.31857E+1	5.51469E-2	2.12084E-1
5.35225E+11	6.12423E-8	-1.41632E+1	-1.91334E-1	4.16413E-2
5.35400E+11	5.34887E-8	-1.48717E+1	-3.99218E-2	-1.76004E-1
5.35575E+11	5.58166E-8	-1.53230E+1	1.68244E-1	-3.24077E-2
5.35750E+11	5.69822E-8	-1.53788E+1	1.71516E-2	1.69373E-1
5.35925E+11	6.16854E-8	-1.52664E+1	-1.72040E-1	-1.19819E-2
5.36100E+11	7.31730E-8	-1.46665E+1	5.31542E-2	-1.76978E-1
5.36275E+11	7.92218E-8	-1.38807E+1	1.68702E-1	1.11622E-1
5.36450E+11	1.31234E-7	-1.25208E+1	-1.89523E-1	1.41587E-1
5.36625E+11	1.93501E-7	-1.09783E+1	-6.89050E-2	-2.74014E-1
5.36800E+11	2.30310E-7	-9.66264E+0	3.19640E-1	7.68618E-2
5.36975E+11	2.58925E-7	-9.00908E+0	-2.38518E-1	2.62181E-1
5.37150E+11	2.35963E-7	-9.15765E+0	-1.35426E-1	-3.21036E-1
5.37325E+11	1.84619E-7	-9.72598E+0	3.26265E-1	7.99848E-3
5.37500E+11	1.43496E-7	-1.09634E+1	-1.08609E-1	2.61361E-1
5.37675E+11	1.02184E-7	-1.22352E+1	-1.86364E-1	-1.58233E-1
5.37850E+11	8.56791E-8	-1.31643E+1	1.80387E-1	-1.25373E-1
5.38025E+11	7.05687E-8	-1.36810E+1	6.87218E-2	1.95250E-1
5.38200E+11	6.81306E-8	-1.39148E+1	-2.00496E-1	2.00155E-2
5.38375E+11	6.73442E-8	-1.38749E+1	1.21059E-2	-2.02058E-1
5.38550E+11	6.90262E-8	-1.35243E+1	2.07234E-1	3.83791E-2
5.38725E+11	8.69501E-8	-1.27629E+1	-7.16469E-2	2.18628E-1
5.38900E+11	1.18041E-7	-1.17997E+1	-2.25532E-1	-1.23327E-1
5.39075E+11	1.57342E-7	-1.05424E+1	2.15151E-1	-2.04863E-1
5.39250E+11	2.19976E-7	-9.03098E+0	1.09517E-1	3.36160E-1
5.39425E+11	3.25718E-7	-7.69640E+0	-4.04333E-1	-8.04997E-2
5.39600E+11	3.53703E-7	-7.32256E+0	2.86651E-1	-3.21053E-1
5.39775E+11	2.43809E-7	-8.28293E+0	1.44607E-1	3.57186E-1
5.39950E+11	1.94743E-7	-9.67247E+0	-3.26988E-1	3.02043E-2
5.40125E+11	1.46991E-7	-1.08853E+1	3.76707E-2	-2.83089E-1
5.40300E+11	1.14729E-7	-1.19136E+1	2.32131E-1	1.02365E-1
5.40475E+11	1.03139E-7	-1.28703E+1	-1.46052E-1	1.74089E-1
5.40650E+11	8.05047E-8	-1.34819E+1	-1.28426E-1	-1.68409E-1
5.40825E+11	8.19299E-8	-1.37805E+1	1.75706E-1	-1.04890E-1
5.41000E+11	7.81567E-8	-1.37401E+1	1.12104E-1	1.72334E-1
5.41175E+11	8.16846E-8	-1.33661E+1	-1.75633E-1	1.23369E-1
5.41350E+11	9.27099E-8	-1.28159E+1	-1.41792E-1	-1.79398E-1
5.41525E+11	1.20581E-7	-1.17146E+1	2.02410E-1	-1.62514E-1
5.41700E+11	1.53861E-7	-1.01765E+1	1.58984E-1	2.65975E-1
5.41875E+11	2.39605E-7	-8.58565E+0	-3.51093E-1	1.23404E-1
5.42050E+11	3.38114E-7	-7.16221E+0	-1.82213E-2	-4.38040E-1
5.42225E+11	3.76938E-7	-6.63436E+0	4.34127E-1	1.69073E-1
5.42400E+11	2.93804E-7	-7.64339E+0	-2.88583E-1	2.97947E-1
5.42575E+11	2.13172E-7	-9.12781E+0	-1.57254E-1	-3.12270E-1
5.42750E+11	1.57152E-7	-1.06751E+1	2.89547E-1	-4.20291E-2
5.42925E+11	1.08440E-7	-1.18547E+1	-5.43862E-2	2.49568E-1
5.43100E+11	1.01994E-7	-1.26785E+1	-1.97539E-1	-1.22260E-1
5.43275E+11	8.69212E-8	-1.32491E+1	1.66937E-1	-1.39487E-1
5.43450E+11	7.72354E-8	-1.38203E+1	8.41051E-2	1.85524E-1
5.43625E+11	6.92932E-8	-1.40399E+1	-1.93890E-1	4.30530E-2
5.43800E+11	7.24451E-8	-1.37951E+1	-9.87122E-3	-2.04050E-1
5.43975E+11	8.33620E-8	-1.31610E+1	2.17051E-1	3.44043E-2
5.44150E+11	1.04560E-7	-1.22490E+1	-1.06936E-1	2.19420E-1
5.44325E+11	1.45692E-7	-1.11863E+1	-2.02866E-1	-1.86929E-1
5.44500E+11	1.91242E-7	-1.00130E+1	2.79483E-1	-1.46935E-1
5.44675E+11	2.48814E-7	-8.99229E+0	3.07969E-2	3.53791E-1
5.44850E+11	2.65077E-7	-8.85112E+0	-3.44858E-1	-1.06565E-1
5.45025E+11	2.01917E-7	-9.89262E+0	1.96360E-1	-2.52876E-1
5.45200E+11	1.45922E-7	-1.14266E+1	1.61695E-1	2.14138E-1
5.45375E+11	1.01033E-7	-1.27830E+1	-2.07630E-1	9.78609E-2
5.45550E+11	8.01111E-8	-1.38327E+1	-6.44510E-2	-1.92925E-1
5.45725E+11	6.83506E-8	-1.45164E+1	1.86044E-1	-2.71175E-2
5.45900E+11	5.92064E-8	-1.48194E+1	-2.78232E-3	1.81543E-1
5.46075E+11	6.29141E-8	-1.48289E+1	-1.78475E-1	-3.22540E-2
5.46250E+11	5.29226E-8	-1.48040E+1	5.65627E-2	-1.72869E-1
5.46425E+11	5.06274E-8	-1.46039E+1	1.66254E-1	8.36819E-2
5.46600E+11	6.22393E-8	-1.39012E+1	-1.21723E-1	1.60968E-1
5.46775E+11	6.89695E-8	-1.28012E+1	-1.46996E-1	-1.75665E-1
5.46950E+11	7.66739E-8	-1.17720E+1	2.44192E-1	-8.28641E-2
5.47125E+11	8.94178E-8	-1.05600E+1	-3.09327E-2	2.94864E-1
5.47300E+11	1.00465E-7	-9.89290E+0	-2.55444E-1	-1.92990E-1
5.47475E+11	1.05579E-7	-9.73356E+0	2.98273E-1	-1.31760E-1
5.47650E+11	7.51296E-8	-1.04692E+1	-8.35442E-3	2.99482E-1
5.47825E+11	5.20406E-8	-1.17728E+1	-2.42941E-1	-8.63932E-2
5.48000E+11	4.05406E-8	-1.31501E+1	1.16507E-1	-1.86661E-1
5.48175E+11	2.84278E-8	-1.42595E+1	1.42499E-1	1.31131E-1
5.48350E+11	2.54675E-8	-1.49848E+1	-1.42423E-1	1.07002E-1
5.48525E+11	2.34430E-8	-1.54677E+1	-8.07775E-2	-1.47883E-1
5.48700E+11	2.35135E-8	-1.56802E+1	1.55457E-1	-5.35883E-2
5.48875E+11	2.29346E-8	-1.57069E+1	3.48002E-2	1.60193E-1
5.49050E+11	2.32002E-8	-1.57280E+1	-1.62841E-1	1.50062E-2
5.49225E+11	2.49233E-8	-1.55251E+1	-7.33097E-3	-1.67236E-1
5.49400E+11	3.33443E-8	-1.50832E+1	1.75662E-1	1.28792E-2
5.49575E+11	3.77254E-8	-1.44618E+1	-4.70233E-2	1.83259E-1
5.49750E+11	4.12040E-8	-1.37694E+1	-1.77397E-1	-1.02527E-1
5.49925E+11	5.27175E-8	-1.33204E+1	1.65386E-1	-1.38571E-1
5.50100E+11	4.61521E-8	-1.34365E+1	7.14670E-2	2.00547E-1
5.50275E+11	5.02848E-8	-1.38425E+1	-2.03162E-1	-2.35918E-3
5.50450E+11	4.15674E-8	-1.45511E+1	5.98438E-2	-1.77439E-1
5.50625E+11	3.22263E-8	-1.53863E+1	1.43556E-1	9.12316E-2
5.50800E+11	3.11641E-8	-1.62555E+1	-1.10997E-1	1.06599E-1
5.50975E+11	2.65968E-8	-1.68807E+1	-6.99635E-2	-1.24953E-1
5.51150E+11	2.27848E-8	-1.74782E+1	1.28126E-1	-3.81572E-2
5.51325E+11	2.35832E-8	-1.76709E+1	1.51696E-2	1.29871E-1
5.51500E+11	2.21890E-8	-1.78728E+1	-1.27699E-1	-3.58726E-3
5.51675E+11	2.23886E-8	-1.79155E+1	1.86261E-2	-1.25751E-1
5.51850E+11	2.12636E-8	-1.77739E+1	1.23243E-1	3.88228E-2
5.52025E+11	2.32862E-8	-1.76989E+1	-6.53642E-2	1.12758E-1
5.52200E+11	2.42097E-8	-1.75135E+1	-9.87809E-2	-8.92745E-2
5.52375E+11	2.66042E-8	-1.74502E+1	1.09272E-1	-7.77648E-2
5.52550E+11	2.30447E-8	-1.77154E+1	5.12262E-2	1.19575E-1
5.52725E+11	2.41922E-8	-1.79975E+1	-1.24317E-1	2.00876E-2
5.52900E+11	1.87355E-8	-1.87612E+1	1.77080E-2	-1.13962E-1
5.53075E+11	1.66649E-8	-1.95312E+1	9.29305E-2	5.00377E-2
5.53250E+11	1.19866E-8	-2.06539E+1	-6.90367E-2	6.19366E-2
5.53425E+11	1.11384E-8	-2.16100E+1	-2.98309E-2	-7.75408E-2
5.53600E+11	8.02880E-9	-2.27050E+1	7.32377E-2	6.44595E-4
5.53775E+11	7.02126E-9	-2.35187E+1	-2.45402E-2	6.20117E-2
5.53950E+11	5.24806E-9	-2.45536E+1	-4.23946E-2	-4.13200E-2
5.54125E+11	4.85117E-9	-2.54346E+1	4.90745E-2	-2.12806E-2
5.54300E+11	3.54914E-9	-2.63023E+1	3.33669E-4	4.84032E-2
5.54475E+11	3.18239E-9	-2.69621E+1	-4.30539E-2	-1.26141E-2
5.54650E+11	2.47823E-9	-2.77394E+1	2.25485E-2	-3.42708E-2
5.54825E+11	1.82530E-9	-2.85580E+1	2.23635E-2	2.98943E-2
5.55000E+11	1.54780E-9	-2.96287E+1	-3.15212E-2	9.78115E-3
5.55175E+11	1.24132E-9	-3.03417E+1	1.14849E-3	-3.03810E-2
5.55350E+11	8.34046E-10	-3.16072E+1	2.38620E-2	1.10128E-2
5.55525E+11	8.27620E-10	-3.21614E+1	-1.88222E-2	1.59269E-2
5.55700E+11	6.97879E-10	-3.30961E+1	-7.16797E-3	-2.09484E-2
5.55875E+11	4.32248E-10	-3.46260E+1	1.85625E-2	3.16236E-4
5.56050E+11	3.73874E-10	-3.49528E+1	-6.40183E-3	1.66944E-2
5.56225E+11	2.97250E-10	-3.53390E+1	-1.31492E-2	-1.09353E-2
5.56400E+11	2.65427E-10	-3.58797E+1	1.49819E-2	-5.81232E-3
5.56575E+11	2.37183E-10	-3.68182E+1	-2.15625E-3	1.42620E-2
5.56750E+11	2.39143E-10	-3.63573E+1	-1.14137E-2	-1.00536E-2
5.56925E+11	2.14730E-10	-3.68249E+1	1.35818E-2	-4.82371E-3
5.57100E+11	2.09527E-10	-3.70201E+1	2.49581E-4	1.40905E-2
5.57275E+11	2.45577E-10	-3.58786E+1	-1.40570E-2	-7.79182E-3
5.57450E+11	1.66583E-10	-3.74270E+1	9.98535E-3	-9.00747E-3
5.57625E+11	2.40941E-10	-3.67045E+1	2.02629E-3	1.44731E-2
5.57800E+11	2.34600E-10	-3.60553E+1	-1.53041E-2	-3.71462E-3
5.57975E+11	2.77999E-10	-3.52720E+1	1.21013E-2	-1.22716E-2
5.58150E+11	3.53942E-10	-3.47488E+1	9.51249E-3	1.56388E-2
5.58325E+11	4.43764E-10	-3.38715E+1	-1.83428E-2	8.57959E-3
5.58500E+11	5.56872E-10	-3.31198E+1	-6.48844E-3	-2.11058E-2
5.58675E+11	7.06447E-10	-3.16446E+1	2.58809E-2	-3.86641E-3
5.58850E+11	8.63366E-10	-3.08459E+1	-2.49302E-3	2.85798E-2
5.59025E+11	1.03773E-9	-2.98948E+1	-2.84734E-2	-1.46214E-2
5.59200E+11	1.36404E-9	-2.89726E+1	2.74169E-2	-2.26983E-2
5.59375E+11	1.64705E-9	-2.82478E+1	1.68701E-2	3.48195E-2
5.59550E+11	2.50757E-9	-2.72173E+1	-4.18261E-2	1.21854E-2
5.59725E+11	2.79777E-9	-2.65113E+1	-1.13416E-2	-4.58726E-2
5.59900E+11	3.14509E-9	-2.60332E+1	4.95824E-2	-5.86256E-3
5.60075E+11	4.12615E-9	-2.53457E+1	-9.34744E-3	5.32254E-2
5.60250E+11	4.96528E-9	-2.46575E+1	-5.02418E-2	-2.99586E-2
5.60425E+11	6.48677E-9	-2.37603E+1	4.93126E-2	-4.21338E-2
5.60600E+11	7.03881E-9	-2.29712E+1	3.16768E-2	6.35752E-2
5.60775E+11	8.80462E-9	-2.22134E+1	-7.07189E-2	3.17152E-2
5.60950E+11	1.15159E-8	-2.12669E+1	-3.32401E-2	-7.97803E-2
5.61125E+11	1.29496E-8	-2.01782E+1	9.30865E-2	-3.05440E-2
5.61300E+11	1.63420E-8	-1.90537E+1	7.22027E-3	1.11276E-1
5.61475E+11	2.11571E-8	-1.80748E+1	-1.16525E-1	-4.47246E-2
5.61650E+11	2.55681E-8	-1.71516E+1	9.94091E-2	-9.68818E-2
5.61825E+11	3.27825E-8	-1.65059E+1	7.06662E-2	1.31770E-1
5.62000E+11	3.55015E-8	-1.62211E+1	-1.45359E-1	5.23731E-2
5.62175E+11	3.46259E-8	-1.60986E+1	-4.35898E-2	-1.50515E-1
5.62350E+11	3.23324E-8	-1.62319E+1	1.51286E-1	-3.04177E-2
5.62525E+11	3.14550E-8	-1.62535E+1	-1.96680E-4	1.53931E-1
5.62700E+11	2.79979E-8	-1.63605E+1	-1.45001E-1	-4.57496E-2
5.62875E+11	3.04726E-8	-1.63583E+1	8.71549E-2	-1.24634E-1
5.63050E+11	3.00449E-8	-1.62787E+1	1.04938E-1	1.12006E-1
5.63225E+11	3.37027E-8	-1.61131E+1	-1.25838E-1	9.29421E-2
5.63400E+11	3.91445E-8	-1.58582E+1	-9.46413E-2	-1.30366E-1
5.63575E+11	4.07837E-8	-1.54182E+1	1.53791E-1	-7.11886E-2
5.63750E+11	4.52546E-8	-1.49597E+1	1.46415E-2	1.78055E-1
5.63925E+11	5.65363E-8	-1.42458E+1	-1.82338E-1	-6.61258E-2
5.64100E+11	7.69579E-8	-1.34742E+1	1.55167E-1	-1.44421E-1
5.64275E+11	8.53445E-8	-1.27990E+1	8.67800E-2	2.12043E-1
5.64450E+11	8.91750E-8	-1.23764E+1	-2.37782E-1	3.62885E-2
5.64625E+11	9.06055E-8	-1.22682E+1	4.77077E-4	-2.43549E-1
5.64800E+11	7.87280E-8	-1.26392E+1	2.26947E-1	5.43584E-2
5.64975E+11	7.58275E-8	-1.30975E+1	-1.21263E-1	1.85205E-1
5.65150E+11	6.18842E-8	-1.36568E+1	-1.04836E-1	-1.79147E-1
5.65325E+11	5.88644E-8	-1.41090E+1	1.96731E-1	-1.10059E-2
5.65500E+11	4.97582E-8	-1.42988E+1	-5.82493E-2	1.83768E-1
5.65675E+11	4.84390E-8	-1.40886E+1	-1.71278E-1	-9.83409E-2
5.65850E+11	4.98748E-8	-1.38479E+1	1.25860E-1	-1.59341E-1
5.66025E+11	5.17270E-8	-1.35554E+1	1.33312E-1	1.62266E-1
5.66200E+11	5.53121E-8	-1.30614E+1	-2.07164E-1	8.06152E-2
5.66375E+11	7.18001E-8	-1.23372E+1	9.78711E-3	-2.41425E-1
5.66550E+11	8.38763E-8	-1.15560E+1	2.38839E-1	1.13332E-1
5.66725E+11	9.40967E-8	-1.06143E+1	-2.09065E-1	2.07610E-1
5.66900E+11	1.06745E-7	-9.66437E+0	-1.60791E-1	-2.86672E-1
5.67075E+11	1.23422E-7	-8.92242E+0	3.49052E-1	-7.95270E-2
5.67250E+11	1.38603E-7	-8.51811E+0	-5.63736E-2	3.70794E-1
5.67425E+11	1.49062E-7	-8.69142E+0	-2.88863E-1	-2.27424E-1
5.67600E+11	1.23152E-7	-9.36476E+0	3.20422E-1	-1.14370E-1
5.67775E+11	1.06466E-7	-1.03194E+1	-2.89953E-2	3.03428E-1
5.67950E+11	8.58350E-8	-1.12330E+1	-2.58998E-1	-9.05714E-2
5.68125E+11	6.89159E-8	-1.18355E+1	8.75644E-2	-2.40548E-1
5.68300E+11	7.35368E-8	-1.23212E+1	2.29111E-1	7.81419E-2
5.68475E+11	7.30040E-8	-1.23969E+1	-6.78491E-2	2.30177E-1
5.68650E+11	7.28969E-8	-1.25764E+1	-2.19702E-1	-8.35740E-2
5.68825E+11	7.41047E-8	-1.25840E+1	1.31948E-1	-1.94287E-1
5.69000E+11	7.56024E-8	-1.23422E+1	1.48084E-1	1.90750E-1
5.69175E+11	8.11883E-8	-1.18458E+1	-2.25509E-1	1.20510E-1
5.69350E+11	1.07840E-7	-1.10268E+1	-1.24516E-1	-2.51871E-1
5.69525E+11	1.25680E-7	-1.02795E+1	2.82277E-1	-1.18689E-1
5.69700E+11	1.52057E-7	-9.37909E+0	5.56038E-2	3.35079E-1
5.69875E+11	1.72552E-7	-8.74055E+0	-3.48852E-1	-1.09291E-1
5.70050E+11	1.96968E-7	-8.63731E+0	3.19223E-1	-1.86961E-1
5.70225E+11	1.69130E-7	-9.02498E+0	-7.99957E-2	3.44632E-1
5.70400E+11	1.51947E-7	-9.83179E+0	-2.09664E-1	-2.44929E-1
5.70575E+11	1.22712E-7	-1.05840E+1	2.83132E-1	-8.51686E-2
5.70750E+11	1.07762E-7	-1.13107E+1	8.72222E-3	2.71796E-1
5.70925E+11	9.42230E-8	-1.16002E+1	-2.52274E-1	-7.44180E-2
5.71100E+11	9.95272E-8	-1.19048E+1	1.72279E-1	-1.86586E-1
5.71275E+11	9.33644E-8	-1.19816E+1	5.85782E-2	2.44810E-1
5.71450E+11	9.52607E-8	-1.17887E+1	-2.45424E-1	-7.75159E-2
5.71625E+11	1.03501E-7	-1.12298E+1	1.81967E-1	-2.05493E-1
5.71800E+11	1.14841E-7	-1.04041E+1	1.49916E-1	2.61994E-1
5.71975E+11	1.33623E-7	-9.69330E+0	-3.18465E-1	7.67952E-2
5.72150E+11	1.64482E-7	-8.70306E+0	2.24440E-2	-3.66466E-1
5.72325E+11	2.10802E-7	-7.64864E+0	3.81636E-1	1.61860E-1
5.72500E+11	2.32177E-7	-6.87841E+0	-3.37808E-1	3.01790E-1
5.72675E+11	2.21742E-7	-6.77820E+0	-1.30887E-1	-4.39147E-1
5.72850E+11	2.02117E-7	-7.29639E+0	4.31453E-1	-1.45496E-2
5.73025E+11	1.60867E-7	-8.24094E+0	-6.53219E-2	3.81666E-1
5.73200E+11	1.39646E-7	-9.48254E+0	-3.12624E-1	-1.22149E-1
5.73375E+11	9.35675E-8	-1.07655E+1	1.69854E-1	-2.34498E-1
5.73550E+11	8.82048E-8	-1.15242E+1	1.51058E-1	2.18133E-1
5.73725E+11	7.07752E-8	-1.22022E+1	-2.36705E-1	6.47822E-2
5.73900E+11	6.85730E-8	-1.24667E+1	-1.52822E-2	-2.37557E-1
5.74075E+11	7.26507E-8	-1.25529E+1	2.35239E-1	-1.47145E-2
5.74250E+11	7.90738E-8	-1.21060E+1	5.50069E-2	2.41969E-1
5.74425E+11	9.70715E-8	-1.11988E+1	-2.68274E-1	6.25108E-2
5.74600E+11	1.23103E-7	-1.02259E+1	1.28262E-2	-3.07842E-1
5.74775E+11	1.50908E-7	-9.23844E+0	2.92214E-1	1.83787E-1
5.74950E+11	2.19133E-7	-7.98191E+0	-3.77590E-1	1.28752E-1
5.75125E+11	2.83992E-7	-6.88915E+0	1.39328E-1	-4.30433E-1
5.75300E+11	2.90146E-7	-6.66298E+0	3.01734E-1	3.52963E-1
5.75475E+11	2.20885E-7	-7.54092E+0	-3.93259E-1	1.46656E-1
5.75650E+11	1.46956E-7	-8.79983E+0	-6.73135E-2	-3.56791E-1
5.75825E+11	1.01381E-7	-9.98019E+0	3.16867E-1	-7.23343E-3
5.76000E+11	9.24811E-8	-1.07525E+1	-8.80217E-2	2.76303E-1
5.76175E+11	5.86545E-9	-1.16107E+1	-2.09760E-1	-1.58157E-1
5.76350E+11	2.17152E-9	-1.17663E+1	-8.67865E-2	2.43006E-1
5.76525E+11	3.14286E-9	-1.18010E+1	-2.32027E-1	-1.10535E-1
5.76700E+11	4.11385E-9	-1.14471E+1	1.21789E-1	-2.38391E-1
5.76875E+11	5.94774E-9	-1.10064E+1	2.51761E-1	1.26223E-1
5.77050E+11	8.69126E-9	-1.00394E+1	-1.41066E-1	2.81421E-1
5.77225E+11	8.00546E-9	-8.65661E+0	-2.59266E-1	-2.62740E-1
5.77400E+11	1.50633E-8	-7.21858E+0	4.27389E-1	-8.40894E-2
5.77575E+11	2.30280E-8	-5.95246E+0	-1.26571E-1	4.87784E-1
5.77750E+11	1.93932E-8	-5.38199E+0	-4.58103E-1	-2.82388E-1
5.77925E+11	1.96690E-8	-5.98276E+0	2.96660E-1	-4.05193E-1
5.78100E+11	2.15379E-8	-7.27946E+0	3.35611E-1	2.72868E-1
5.78275E+11	7.60309E-9	-9.15409E+0	-2.61162E-1	2.30866E-1
5.78450E+11	7.11125E-9	-1.05158E+1	-1.16349E-1	-2.74345E-1
5.78625E+11	8.71399E-9	-1.16693E+1	2.60681E-1	1.15796E-2
5.78800E+11	4.10641E-9	-1.21571E+1	-8.91245E-2	2.30024E-1
5.78975E+11	6.41635E-9	-1.25451E+1	-2.06275E-1	-1.14473E-1
5.79150E+11	4.12908E-9	-1.24668E+1	9.07073E-2	-2.20087E-1
5.79325E+11	6.77171E-9	-1.22483E+1	2.35564E-1	6.40262E-2
5.79500E+11	5.31958E-9	-1.15116E+1	-6.64935E-2	2.57262E-1
5.79675E+11	8.97755E-9	-1.05655E+1	-2.54086E-1	-1.52418E-1
5.79850E+11	1.06623E-8	-8.91926E+0	2.91185E-1	-2.08486E-1
5.80025E+11	1.93739E-8	-7.21038E+0	6.68040E-2	4.30846E-1
5.80200E+11	2.17048E-8	-5.88229E+0	-4.97201E-1	-1.04312E-1
5.80375E+11	2.68425E-8	-5.23269E+0	2.74518E-1	-4.73677E-1
5.80550E+11	2.44202E-8	-6.44103E+0	3.10520E-1	3.61262E-1
5.80725E+11	1.38212E-8	-8.07496E+0	-3.72924E-1	1.29247E-1
5.80900E+11	9.27933E-9	-9.71119E+0	4.59383E-2	-3.23676E-1
5.81075E+11	7.22603E-9	-1.08761E+1	2.20747E-1	1.81664E-1
5.81250E+11	5.29894E-9	-1.17235E+1	-2.32291E-1	1.15258E-1
5.81425E+11	5.68649E-9	-1.21480E+1	-7.99928E-2	-2.33631E-1
5.81600E+11	4.02847E-9	-1.20320E+1	2.38093E-1	-7.70978E-2
5.81775E+11	8.36330E-9	-1.15112E+1	8.90668E-2	2.50359E-1
5.81950E+11	4.90901E-9	-1.13387E+1	-2.63159E-1	6.49712E-2
5.82125E+11	6.38694E-9	-1.04115E+1	3.60626E-3	-3.01574E-1
5.82300E+11	9.86474E-9	-8.95211E+0	3.22973E-1	1.51581E-1
5.82475E+11	1.09673E-8	-7.49926E+0	-3.46328E-1	2.40656E-1
5.82650E+11	1.92373E-8	-5.64340E+0	-7.97810E-2	-5.16061E-1
5.82825E+11	2.53465E-8	-4.37482E+0	5.75417E-1	1.84618E-1
5.83000E+11	1.96330E-8	-4.59583E+0	-4.41167E-1	3.90438E-1
5.83175E+11	1.83625E-8	-6.31054E+0	-8.27028E-2	-4.76461E-1
5.83350E+11	1.29373E-8	-8.82756E+0	3.52271E-1	8.30458E-2
5.83525E+11	9.47885E-9	-1.06580E+1	-1.39810E-1	2.57671E-1
5.83700E+11	5.54324E-9	-1.18065E+1	-2.08086E-1	-1.50569E-1
5.83875E+11	5.53492E-9	-1.27027E+1	1.45909E-1	-1.79945E-1
5.84050E+11	4.06046E-9	-1.30877E+1	1.67691E-1	1.44902E-1
5.84225E+11	3.64167E-9	-1.32381E+1	-1.54787E-1	1.53252E-1
5.84400E+11	4.45953E-9	-1.29035E+1	-1.13101E-1	-1.96094E-1
5.84575E+11	5.35915E-9	-1.19826E+1	2.48863E-1	-3.76392E-2
5.84750E+11	6.14593E-9	-1.08315E+1	-4.01353E-2	2.84541E-1
5.84925E+11	8.37846E-9	-9.26516E+0	-3.27289E-1	-1.06386E-1
5.85100E+11	1.43769E-8	-7.32106E+0	1.77207E-1	-3.92308E-1
5.85275E+11	2.21962E-8	-5.26102E+0	4.26699E-1	3.40162E-1
5.85450E+11	2.16786E-8	-4.32793E+0	-5.79356E-1	1.83029E-1
5.85625E+11	1.61471E-8	-5.79977E+0	1.80336E-1	-4.80125E-1
5.85800E+11	1.71200E-8	-7.82636E+0	2.15168E-1	3.44466E-1
5.85975E+11	9.41958E-9	-9.78793E+0	-3.20578E-1	4.72624E-2
5.86150E+11	6.03300E-9	-1.10265E+1	-7.01506E-4	-2.80979E-1
5.86325E+11	5.17341E-9	-1.19877E+1	2.50335E-1	-2.46396E-2
5.86500E+11	2.58561E-9	-1.26446E+1	4.97235E-2	2.27861E-1
5.86675E+11	4.74591E-9	-1.26992E+1	-2.26947E-1	4.69847E-2
5.86850E+11	3.93593E-9	-1.24017E+1	3.17673E-3	-2.39815E-1
5.87025E+11	4.76931E-9	-1.21027E+1	2.34316E-1	8.19615E-2
5.87200E+11	7.65387E-9	-1.08403E+1	-1.42079E-1	2.49442E-1
5.87375E+11	1.02890E-8	-9.25570E+0	-2.93945E-1	-1.79697E-1
5.87550E+11	1.10416E-8	-7.27415E+0	2.15951E-1	-3.75081E-1
5.87725E+11	1.67069E-8	-5.24139E+0	4.37001E-1	3.28878E-1
5.87900E+11	3.26577E-8	-3.87522E+0	-5.65328E-1	3.00194E-1
5.88075E+11	2.64878E-8	-4.52451E+0	1.92938E-1	-5.61776E-1
5.88250E+11	1.67794E-8	-6.87015E+0	1.73640E-1	4.18845E-1
5.88425E+11	1.10700E-8	-9.32620E+0	-3.33810E-1	-7.31691E-2
5.88600E+11	5.37641E-9	-1.12291E+1	1.22792E-1	-2.45508E-1
5.88775E+11	4.99389E-9	-1.23486E+1	2.18967E-1	1.01405E-1
5.88950E+11	5.73063E-9	-1.26012E+1	-7.58743E-2	2.21769E-1
5.89125E+11	5.52908E-9	-1.30403E+1	-2.02262E-1	-9.35212E-2
5.89300E+11	2.96727E-9	-1.29370E+1	1.54332E-1	-1.64417E-1
5.89475E+11	6.02583E-9	-1.29558E+1	7.62426E-2	2.11704E-1
5.89650E+11	3.90161E-9	-1.24172E+1	-2.38748E-1	-1.77921E-2
5.89825E+11	9.55592E-9	-1.10263E+1	9.52216E-2	-2.64360E-1
5.90000E+11	1.68468E-8	-9.08868E+0	3.15105E-1	1.55103E-1
5.90175E+11	1.63053E-8	-7.34269E+0	-2.58178E-1	3.43120E-1
5.90350E+11	3.05568E-8	-5.36947E+0	-2.54635E-1	-4.74972E-1
5.90525E+11	1.93945E-8	-4.99156E+0	5.35302E-1	1.74053E-1
5.90700E+11	1.62567E-8	-6.96870E+0	-3.89650E-1	2.21681E-1
5.90875E+11	8.07779E-9	-9.13074E+0	-5.49600E-2	-3.45165E-1
5.91050E+11	6.03886E-9	-1.10155E+1	2.74591E-1	-6.12302E-2
5.91225E+11	6.07782E-9	-1.22978E+1	1.30579E-1	2.04605E-1
5.91400E+11	3.67777E-9	-1.31805E+1	-1.27169E-1	1.78624E-1
5.91575E+11	2.55952E-9	-1.30464E+1	-1.91329E-1	-1.13927E-1
5.91750E+11	3.11339E-9	-1.26545E+1	1.90028E-1	-1.34753E-1
5.91925E+11	5.63305E-9	-1.26638E+1	-3.56400E-2	2.29963E-1
5.92100E+11	5.48041E-9	-1.21776E+1	-1.46701E-1	-1.97600E-1
5.92275E+11	7.41859E-9	-1.11530E+1	2.67975E-1	-6.98099E-2
5.92450E+11	9.08419E-9	-9.60456E+0	4.87547E-2	3.27346E-1
5.92625E+11	1.57303E-8	-7.74394E+0	-4.08872E-1	3.06391E-2
5.92800E+11	2.60341E-8	-6.12675E+0	4.35961E-2	-4.91999E-1
5.92975E+11	1.87551E-8	-5.09855E+0	4.46102E-1	3.31852E-1
5.93150E+11	2.65279E-8	-5.93446E+0	-5.03271E-1	4.15536E-2
5.93325E+11	1.40886E-8	-8.06280E+0	2.61225E-1	-2.96607E-1
5.93500E+11	9.12739E-9	-1.01031E+1	8.46545E-2	3.00812E-1
5.93675E+11	3.32050E-9	-1.21780E+1	-2.46032E-1	-5.51474E-3
5.93850E+11	5.73035E-9	-1.31718E+1	2.75858E-2	-2.17746E-1
5.94025E+11	3.27777E-9	-1.35964E+1	2.01861E-1	5.42241E-2
5.94200E+11	3.57019E-9	-1.40991E+1	-8.44273E-2	1.78282E-1
5.94375E+11	3.77709E-9	-1.35620E+1	-1.43706E-1	-1.52917E-1
5.94550E+11	3.83707E-9	-1.30481E+1	1.91720E-1	-1.13182E-1
5.94725E+11	7.03439E-9	-1.24947E+1	1.20798E-1	2.04231E-1
5.94900E+11	5.63781E-9	-1.14298E+1	-2.22950E-1	1.49135E-1
5.95075E+11	6.91961E-9	-9.67982E+0	-1.83030E-1	-2.72307E-1
5.95250E+11	9.57729E-9	-7.88161E+0	3.81256E-1	-1.32337E-1
5.95425E+11	2.85553E-8	-6.37036E+0	-9.39973E-2	4.70978E-1
5.95600E+11	2.30159E-8	-6.73081E+0	-2.63043E-1	-3.78276E-1
5.95775E+11	1.20485E-8	-8.54478E+0	3.72469E-1	3.27368E-2
5.95950E+11	7.29111E-9	-1.03663E+1	-1.51726E-1	2.62472E-1
5.96125E+11	5.05932E-9	-1.18140E+1	-1.97365E-1	-1.64022E-1
5.96300E+11	4.09032E-9	-1.33863E+1	1.50684E-1	-1.52144E-1
5.96475E+11	2.72932E-9	-1.41269E+1	1.27244E-1	1.49910E-1
5.96650E+11	2.12876E-9	-1.42756E+1	-1.60454E-1	1.07785E-1
5.96825E+11	3.16044E-9	-1.35289E+1	-7.87645E-2	-1.95367E-1
5.97000E+11	4.00152E-9	-1.32433E+1	2.12403E-1	-4.76782E-2
5.97175E+11	3.31937E-9	-1.27902E+1	3.41985E-2	2.26783E-1
5.97350E+11	6.79796E-9	-1.13616E+1	-2.69832E-1	1.66575E-2
5.97525E+11	1.11619E-8	-9.50317E+0	2.73577E-2	-3.33724E-1
5.97700E+11	1.57034E-8	-7.63071E+0	3.65927E-1	1.96604E-1
5.97875E+11	1.47185E-8	-6.31812E+0	-4.19305E-1	2.40063E-1
5.98050E+11	1.63908E-8	-5.59630E+0	5.66818E-2	-5.21962E-1
5.98225E+11	9.39939E-9	-6.70255E+0	3.48801E-1	3.03329E-1
5.98400E+11	1.06712E-8	-8.76217E+0	-3.24522E-1	1.66326E-1
5.98575E+11	5.18523E-9	-1.09893E+1	-6.23175E-2	-2.75219E-1
5.98750E+11	6.10149E-9	-1.25130E+1	2.35579E-1	2.38493E-2
5.98925E+11	4.48512E-9	-1.32636E+1	-1.13288E-1	1.85291E-1
5.99100E+11	4.28158E-9	-1.36595E+1	-9.88941E-2	-1.82421E-1
5.99275E+11	5.05207E-9	-1.37748E+1	2.03471E-1	-2.30120E-2
5.99450E+11	5.05898E-9	-1.33401E+1	-2.32037E-2	2.14022E-1
5.99625E+11	6.35526E-9	-1.29091E+1	-2.20603E-1	-5.01281E-2
5.99800E+11	4.73445E-9	-1.22003E+1	9.46702E-2	-2.26471E-1
5.99975E+11	8.48232E-9	-1.09817E+1	2.28148E-1	1.66481E-1
6.00150E+11	9.59602E-9	-9.32363E+0	-2.97363E-1	1.68604E-1
6.00325E+11	1.49485E-8	-7.55240E+0	3.24084E-2	-4.17906E-1
6.00500E+11	2.44342E-8	-6.55730E+0	3.60449E-1	3.01686E-1
6.00675E+11	1.64207E-8	-7.27411E+0	-3.95237E-1	1.76380E-1
6.00850E+11	1.55707E-8	-9.10145E+0	-8.20585E-2	-3.40958E-1
6.01025E+11	6.10279E-9	-1.12748E+1	2.71521E-1	-2.89749E-2
6.01200E+11	4.13008E-9	-1.27386E+1	-3.43609E-2	2.28139E-1
6.01375E+11	5.49075E-9	-1.38980E+1	-1.74141E-1	-1.02134E-1
6.01550E+11	3.07138E-9	-1.46583E+1	1.47902E-1	-1.11068E-1
6.01725E+11	3.06074E-9	-1.40488E+1	6.48143E-2	1.87524E-1
6.01900E+11	4.19066E-9	-1.40076E+1	-1.93316E-1	4.86794E-2
6.02075E+11	5.00937E-9	-1.32154E+1	-8.42215E-2	-2.01496E-1
6.02250E+11	6.24714E-9	-1.22946E+1	2.11082E-1	-1.20009E-1
6.02425E+11	5.42790E-9	-1.12012E+1	1.16902E-1	2.49342E-1
6.02600E+11	6.94027E-9	-9.94221E+0	-3.18338E-1	6.90894E-4
6.02775E+11	1.12599E-8	-8.30518E+0	2.54546E-1	-2.87995E-1
6.02950E+11	1.85941E-8	-6.75484E+0	-4.86911E-2	4.56884E-1
6.03125E+11	1.73480E-8	-6.74676E+0	-2.38217E-1	-3.93394E-1
6.03300E+11	1.25812E-8	-8.08447E+0	3.90994E-1	5.05988E-2
6.03475E+11	6.86015E-9	-9.95277E+0	-1.50270E-1	2.80201E-1
6.03650E+11	4.09531E-9	-1.14037E+1	-2.23387E-1	-1.49935E-1
6.03825E+11	3.92984E-9	-1.28553E+1	1.26975E-1	-1.88927E-1
6.04000E+11	1.84024E-9	-1.35476E+1	1.69693E-1	1.24037E-1
6.04175E+11	2.00227E-9	-1.34301E+1	-1.05251E-1	1.85244E-1
6.04350E+11	2.96204E-9	-1.35907E+1	-1.75665E-1	-1.13520E-1
6.04525E+11	3.59819E-9	-1.33914E+1	1.40719E-1	-1.61239E-1
6.04700E+11	3.21243E-9	-1.27891E+1	1.46486E-1	1.76506E-1
6.04875E+11	4.16830E-9	-1.16253E+1	-2.23545E-1	1.37148E-1
6.05050E+11	8.16381E-9	-1.11967E+1	-9.21790E-2	-2.59651E-1
6.05225E+11	9.29158E-9	-9.69107E+0	3.25873E-1	-3.43394E-2
6.05400E+11	1.31022E-8	-7.97052E+0	-9.85294E-2	3.87119E-1
6.05575E+11	9.49643E-9	-7.05661E+0	-3.38323E-1	-2.87194E-1
6.05750E+11	1.36296E-8	-8.10644E+0	3.56779E-1	-1.65411E-1
6.05925E+11	7.06623E-9	-9.85518E+0	6.52240E-2	3.14860E-1
6.06100E+11	6.78985E-9	-1.15384E+1	-2.63988E-1	2.19492E-2
6.06275E+11	3.68579E-9	-1.27712E+1	8.48093E-3	-2.29691E-1
6.06450E+11	3.94454E-9	-1.37863E+1	2.04002E-1	1.41896E-2
6.06625E+11	2.01466E-9	-1.42517E+1	-2.87477E-2	1.91684E-1
6.06800E+11	3.08177E-9	-1.41087E+1	-1.88434E-1	-5.76147E-2
6.06975E+11	2.72717E-9	-1.35470E+1	9.21732E-2	-1.88922E-1
6.07150E+11	2.37285E-9	-1.30921E+1	1.82451E-1	1.25614E-1
6.07325E+11	4.38559E-9	-1.23364E+1	-1.59751E-1	1.81309E-1
6.07500E+11	6.02150E-9	-1.13617E+1	-1.84262E-1	-1.97820E-1
6.07675E+11	5.80340E-9	-1.02019E+1	2.44107E-1	-1.89391E-1
6.07850E+11	1.46623E-8	-8.41503E+0	1.94766E-1	3.25746E-1
6.08025E+11	1.56003E-8	-6.60035E+0	-4.45305E-1	1.43045E-1
6.08200E+11	1.63972E-8	-6.35837E+0	-3.86930E-2	-4.79371E-1
6.08375E+11	1.32262E-8	-7.68877E+0	4.07948E-1	6.19860E-2
6.08550E+11	8.81074E-9	-9.71179E+0	-1.01963E-1	3.10588E-1
6.08725E+11	4.76494E-9	-1.13046E+1	-2.43333E-1	-1.21828E-1
6.08900E+11	7.68634E-9	-1.20684E+1	1.38699E-1	-2.07056E-1
6.09075E+11	5.21658E-9	-1.24358E+1	1.76030E-1	1.61510E-1
6.09250E+11	4.00770E-9	-1.27540E+1	-1.74143E-1	1.50713E-1
6.09425E+11	3.34428E-9	-1.22276E+1	-1.62863E-1	-1.82619E-1
6.09600E+11	5.06279E-9	-1.17340E+1	2.02077E-1	-1.62003E-1
6.09775E+11	5.48473E-9	-1.14490E+1	1.36989E-1	2.29923E-1
6.09950E+11	4.21488E-9	-1.10014E+1	-2.65128E-1	9.54639E-2
6.10125E+11	4.95670E-9	-1.05397E+1	-2.33690E-2	-2.96258E-1
6.10300E+11	8.14066E-9	-8.92198E+0	3.40127E-1	1.11752E-1
6.10475E+11	2.25702E-8	-7.17838E+0	-3.20379E-1	2.98084E-1
6.10650E+11	1.45337E-8	-6.08000E+0	-8.80362E-2	-4.88726E-1
6.10825E+11	2.15439E-8	-7.18762E+0	4.15426E-1	1.36057E-1
6.11000E+11	9.45199E-9	-9.04403E+0	-2.20403E-1	2.75763E-1
6.11175E+11	7.77471E-9	-1.07204E+1	-1.53750E-1	-2.47137E-1
6.11350E+11	5.59700E-9	-1.21045E+1	2.43286E-1	-4.90616E-2
6.11525E+11	3.92047E-9	-1.31665E+1	-2.79481E-2	2.17837E-1
6.11700E+11	3.44377E-9	-1.28864E+1	-2.13198E-1	-7.74158E-2
6.11875E+11	3.61269E-9	-1.25585E+1	1.04343E-1	-2.11173E-1
6.12050E+11	3.54862E-9	-1.22857E+1	2.06880E-1	1.27589E-1
6.12225E+11	6.41993E-9	-1.16405E+1	-1.83455E-1	1.86775E-1
6.12400E+11	6.42689E-9	-1.11335E+1	-1.33765E-1	-2.43176E-1
6.12575E+11	5.60003E-9	-1.07492E+1	2.84214E-1	-5.81228E-2
6.12750E+11	7.17684E-9	-9.47675E+0	-6.05016E-3	3.35809E-1
6.12925E+11	1.04427E-8	-7.41981E+0	-4.13719E-1	-9.98931E-2
6.13100E+11	1.39026E-8	-5.82230E+0	2.98079E-1	-4.15727E-1
6.13275E+11	1.45943E-8	-5.69464E+0	2.58818E-1	4.49999E-1
6.13450E+11	7.87601E-9	-6.96215E+0	-4.45920E-1	4.92751E-2
6.13625E+11	8.08549E-9	-8.55475E+0	1.16053E-1	-3.54987E-1
6.13800E+11	2.63471E-9	-1.02073E+1	2.10244E-1	2.26136E-1
6.13975E+11	3.61239E-9	-1.09264E+1	-2.80961E-1	4.30307E-2
6.14150E+11	2.56161E-9	-1.16552E+1	1.07043E-1	-2.38434E-1
6.14325E+11	3.08679E-9	-1.21276E+1	1.85550E-1	1.63831E-1
6.14500E+11	3.59384E-9	-1.16575E+1	-1.71233E-1	1.97363E-1
6.14675E+11	4.44207E-9	-1.06328E+1	-2.23053E-1	-1.91544E-1
6.14850E+11	5.12746E-9	-1.03897E+1	2.15864E-1	-2.11706E-1
6.15025E+11	4.56057E-9	-1.02655E+1	1.57941E-1	2.62917E-1
6.15200E+11	8.27639E-9	-9.59497E+0	-3.08729E-1	1.20256E-1
6.15375E+11	1.16441E-8	-8.14000E+0	-9.39250E-2	-3.80315E-1
6.15550E+11	1.58326E-8	-6.17698E+0	4.88133E-1	-5.37018E-2
6.15725E+11	2.33236E-8	-5.65362E+0	-6.27708E-2	5.17787E-1
6.15900E+11	1.07321E-8	-7.31939E+0	-4.00256E-1	-1.58664E-1
6.16075E+11	1.19749E-8	-8.93839E+0	2.35809E-1	-2.68487E-1
6.16250E+11	7.28198E-9	-1.05045E+1	8.01379E-2	2.87422E-1
6.16425E+11	4.79022E-9	-1.20526E+1	-2.30425E-1	-9.61251E-2
6.16600E+11	4.62940E-9	-1.26611E+1	1.93766E-1	-1.29000E-1
6.16775E+11	4.30546E-9	-1.30269E+1	4.76401E-2	2.18037E-1
6.16950E+11	3.67390E-9	-1.35456E+1	-2.09680E-1	1.53655E-2
6.17125E+11	3.17681E-9	-1.28391E+1	8.91992E-3	-2.27883E-1
6.17300E+11	5.01229E-9	-1.16995E+1	2.47381E-1	8.01177E-2
6.17475E+11	5.54549E-9	-1.07910E+1	-2.07232E-1	2.01009E-1
6.17650E+11	6.21618E-9	-9.94585E+0	-7.55105E-2	-3.09116E-1
6.17825E+11	1.52875E-8	-8.59018E+0	3.67214E-1	5.92028E-2
6.18000E+11	2.34145E-8	-6.12493E+0	-2.77716E-1	4.08582E-1
6.18175E+11	2.47118E-8	-4.42196E+0	-2.47160E-1	-5.47868E-1
6.18350E+11	2.13657E-8	-5.15132E+0	5.43672E-1	9.90964E-2
6.18525E+11	1.34468E-8	-7.00205E+0	-2.89191E-1	3.40295E-1
6.18700E+11	9.17364E-9	-8.78640E+0	-1.65513E-1	-3.23797E-1
6.18875E+11	5.45743E-9	-9.61464E+0	3.23866E-1	-6.62538E-2
6.19050E+11	4.93426E-9	-1.04129E+1	8.20076E-3	3.01436E-1
6.19225E+11	5.08302E-9	-1.13911E+1	-2.69429E-1	-1.22791E-4
6.19400E+11	3.17280E-9	-1.17681E+1	-2.87213E-2	-2.56380E-1
6.19575E+11	2.83241E-9	-1.17886E+1	2.53169E-1	-4.63532E-2
6.19750E+11	3.04257E-9	-1.12302E+1	-3.78465E-2	2.71846E-1
6.19925E+11	5.11029E-9	-1.01514E+1	-2.60257E-1	-1.69825E-1
6.20100E+11	6.09945E-9	-9.07688E+0	3.03245E-1	-1.78119E-1
6.20275E+11	8.75031E-9	-7.85852E+0	6.19223E-2	3.99879E-1
6.20450E+11	8.56838E-9	-6.02180E+0	-4.61120E-1	-1.93130E-1
6.20625E+11	2.17479E-8	-4.35206E+0	5.36919E-1	-2.80760E-1
6.20800E+11	1.84546E-8	-4.65071E+0	-2.15290E-1	5.44391E-1
6.20975E+11	9.65542E-9	-6.87443E+0	-1.64041E-1	-4.22457E-1
6.21150E+11	9.02212E-9	-9.04187E+0	3.36280E-1	1.07704E-1
6.21325E+11	3.43315E-9	-1.08261E+1	-2.15433E-1	1.90437E-1
6.21500E+11	3.97920E-9	-1.23689E+1	-8.82993E-2	-2.23965E-1
6.21675E+11	3.72927E-9	-1.29906E+1	2.22265E-1	-2.87347E-2
6.21850E+11	2.78949E-9	-1.33085E+1	-1.88991E-2	2.15233E-1
6.22025E+11	2.80508E-9	-1.31084E+1	-2.07530E-1	-7.62555E-2
6.22200E+11	3.25211E-9	-1.24511E+1	1.41693E-1	-1.91818E-1
6.22375E+11	4.27676E-9	-1.14668E+1	1.63746E-1	2.11010E-1
6.22550E+11	7.77552E-9	-1.01500E+1	-2.82820E-1	1.28915E-1
6.22725E+11	6.31586E-9	-8.98123E+0	-1.10233E-1	-3.38063E-1
6.22900E+11	1.15377E-8	-6.83589E+0	4.43319E-1	-1.03338E-1
6.23075E+11	1.06722E-8	-5.03295E+0	1.81392E-2	5.59918E-1
6.23250E+11	2.20566E-8	-4.32096E+0	-5.41480E-1	-2.76670E-1
6.23425E+11	1.47281E-8	-5.78542E+0	5.01283E-1	-1.12370E-1
6.23600E+11	6.83296E-9	-7.91455E+0	-1.67994E-1	3.65262E-1
6.23775E+11	6.66765E-9	-9.59422E+0	-2.27280E-1	-2.41117E-1
6.23950E+11	3.53126E-9	-1.11772E+1	2.32705E-1	-1.48677E-1
6.24125E+11	2.96327E-9	-1.19529E+1	1.26376E-1	2.18663E-1
6.24300E+11	3.09330E-9	-1.25166E+1	-2.02394E-1	1.22707E-1
6.24475E+11	3.43445E-9	-1.20145E+1	-1.20124E-1	-2.20127E-1
6.24650E+11	4.00534E-9	-1.13374E+1	2.48842E-1	-1.07577E-1
6.24825E+11	4.51924E-9	-1.03501E+1	8.48083E-2	2.91655E-1
6.25000E+11	6.12274E-9	-9.47336E+0	-3.24564E-1	8.68942E-2
6.25175E+11	6.07047E-9	-8.38713E+0	-1.15408E-1	-3.62841E-1
6.25350E+11	1.56579E-8	-6.49634E+0	4.48919E-1	-1.50107E-1
6.25525E+11	1.99948E-8	-4.20573E+0	5.81421E-2	6.13439E-1
6.25700E+11	2.01535E-8	-3.56365E+0	-5.78169E-1	-3.25431E-1
6.25875E+11	1.36727E-8	-5.11771E+0	4.99307E-1	-2.41794E-1
6.26050E+11	8.32456E-9	-7.28464E+0	4.10303E-2	4.30331E-1
6.26225E+11	8.56450E-9	-8.92466E+0	-3.56059E-1	-3.63004E-2
6.26400E+11	5.66835E-9	-1.09692E+1	5.98669E-2	-2.76430E-1
6.26575E+11	3.46973E-9	-1.26334E+1	2.29449E-1	4.34296E-2
6.26750E+11	2.30307E-9	-1.32505E+1	-7.50148E-2	2.04163E-1
6.26925E+11	3.59118E-9	-1.38373E+1	-1.57703E-1	-1.28299E-1
6.27100E+11	3.08161E-9	-1.31551E+1	2.00206E-1	-9.09868E-2
6.27275E+11	3.46313E-9	-1.24771E+1	-2.05158E-2	2.36876E-1
6.27450E+11	7.22853E-9	-1.12295E+1	-2.26371E-1	-1.55246E-1
6.27625E+11	8.19304E-9	-9.94154E+0	2.77171E-1	-1.56626E-1
6.27800E+11	9.99089E-9	-8.16309E+0	3.95850E-2	3.88691E-1
6.27975E+11	2.39700E-8	-5.98309E+0	-4.83639E-1	-1.35136E-1
6.28150E+11	2.24393E-8	-4.28550E+0	4.71336E-1	-3.88098E-1
6.28325E+11	2.58103E-8	-4.78679E+0	-4.74943E-2	5.74355E-1
6.28500E+11	1.54815E-8	-6.47825E+0	-3.86998E-1	-2.74278E-1
6.28675E+11	7.71561E-9	-8.63609E+0	2.78641E-1	-2.43423E-1
6.28850E+11	7.07840E-9	-9.81131E+0	1.96506E-1	2.56565E-1
6.29025E+11	4.52570E-9	-1.07987E+1	-2.48718E-1	1.46083E-1
6.29200E+11	2.68120E-9	-1.14092E+1	-9.27178E-2	-2.52375E-1
6.29375E+11	2.33958E-9	-1.16089E+1	2.58960E-1	-4.45153E-2
6.29550E+11	2.78790E-9	-1.16157E+1	-3.05535E-2	2.60769E-1
6.29725E+11	3.18516E-9	-1.10642E+1	-2.60617E-1	-1.01720E-1
6.29900E+11	4.52503E-9	-1.01591E+1	1.62478E-1	-2.64581E-1
6.30075E+11	4.97423E-9	-9.06581E+0	2.71159E-1	2.24660E-1
6.30250E+11	9.07979E-9	-7.63253E+0	-2.82067E-1	3.04830E-1
6.30425E+11	1.43410E-8	-5.18321E+0	-2.01119E-1	-5.12558E-1
6.30600E+11	2.60318E-8	-3.56443E+0	6.48755E-1	1.38647E-1
6.30775E+11	1.66334E-8	-3.16824E+0	-5.51591E-1	4.21771E-1
6.30950E+11	1.27479E-8	-5.01385E+0	2.54154E-3	-5.61440E-1
6.31125E+11	6.01836E-9	-7.81215E+0	3.57087E-1	1.94895E-1
6.31300E+11	3.79504E-9	-1.00675E+1	-2.11737E-1	2.31571E-1
6.31475E+11	4.15874E-9	-1.20104E+1	-1.56254E-1	-1.96291E-1
6.31650E+11	2.66615E-9	-1.29509E+1	2.02314E-1	-9.87826E-2
6.31825E+11	2.41542E-9	-1.33577E+1	4.16077E-2	2.10772E-1
6.32000E+11	2.06372E-9	-1.39681E+1	-1.99885E-1	-1.22603E-2
6.32175E+11	2.09912E-9	-1.39436E+1	4.36903E-2	-1.96017E-1
6.32350E+11	2.63129E-9	-1.31076E+1	2.17985E-1	3.70859E-2
6.32525E+11	2.77680E-9	-1.24278E+1	-2.31314E-2	2.37994E-1
6.32700E+11	4.92009E-9	-1.04829E+1	-2.93196E-1	-5.92656E-2
6.32875E+11	9.45264E-9	-8.51318E+0	1.50503E-1	-3.43765E-1
6.33050E+11	9.92547E-9	-6.78582E+0	3.19704E-1	3.27722E-1
6.33225E+11	1.81792E-8	-5.43939E+0	-5.08351E-1	1.65463E-1
6.33400E+11	1.25922E-8	-5.96816E+0	6.73310E-2	-4.98501E-1
6.33575E+11	5.00475E-9	-7.72505E+0	3.53900E-1	2.08812E-1
6.33750E+11	3.70818E-9	-9.68746E+0	-2.27148E-1	2.36359E-1
6.33925E+11	3.55163E-9	-1.14796E+1	-1.53405E-1	-2.18164E-1
6.34100E+11	3.09399E-9	-1.21859E+1	2.27866E-1	-9.23520E-2
6.34275E+11	2.16437E-9	-1.28617E+1	6.05256E-2	2.19264E-1
6.34450E+11	2.22159E-9	-1.29309E+1	-2.18726E-1	5.55058E-2
6.34625E+11	2.46017E-9	-1.24739E+1	-6.40906E-2	-2.29053E-1
6.34800E+11	4.10994E-9	-1.16855E+1	2.33854E-1	-1.14661E-1
6.34975E+11	5.18099E-9	-1.08712E+1	1.46533E-1	2.45666E-1
6.35150E+11	7.31524E-9	-9.09432E+0	-3.16981E-1	1.50701E-1
6.35325E+11	7.97929E-9	-7.21861E+0	-1.29289E-1	-4.15952E-1
6.35500E+11	1.15084E-8	-5.42882E+0	5.35249E-1	-2.15372E-3
6.35675E+11	1.81559E-8	-4.19683E+0	-2.74700E-1	5.52274E-1
6.35850E+11	1.68923E-8	-5.11101E+0	-3.16548E-1	-4.56119E-1
6.36025E+11	5.55730E-9	-6.75590E+0	4.36884E-1	-1.42107E-1
6.36200E+11	5.65737E-9	-8.49619E+0	1.24119E-2	3.75797E-1
6.36375E+11	3.99056E-9	-1.02468E+1	-2.99628E-1	-6.85502E-2
6.36550E+11	3.11460E-9	-1.22195E+1	1.09926E-1	-2.18865E-1
6.36725E+11	3.27041E-9	-1.32236E+1	1.61804E-1	1.46365E-1
6.36900E+11	2.99819E-9	-1.40864E+1	-1.66337E-1	1.06578E-1
6.37075E+11	2.67248E-9	-1.44567E+1	-5.51258E-2	-1.81102E-1
6.37250E+11	3.22470E-9	-1.41236E+1	1.96480E-1	-9.43659E-3
6.37425E+11	3.20541E-9	-1.37820E+1	-2.31182E-2	2.03288E-1
6.37600E+11	5.02845E-9	-1.21617E+1	-2.35197E-1	-7.39720E-2
6.37775E+11	6.70347E-9	-9.92778E+0	2.15924E-1	-2.34635E-1
6.37950E+11	1.12522E-8	-7.85491E+0	8.19847E-2	3.96424E-1
6.38125E+11	1.84223E-8	-6.43706E+0	-3.97219E-1	-2.63358E-1
6.38300E+11	1.59118E-8	-6.30577E+0	4.83832E-1	-4.22089E-3
6.38475E+11	9.15740E-9	-8.24632E+0	-2.75176E-1	2.72082E-1
6.38650E+11	6.60523E-9	-1.04375E+1	-8.93679E-2	-2.87107E-1
6.38825E+11	3.50625E-9	-1.20009E+1	2.51162E-1	3.63405E-4
6.39000E+11	3.14925E-9	-1.26544E+1	-4.52194E-2	2.28529E-1
6.39175E+11	3.44087E-9	-1.30325E+1	-2.12982E-1	-6.62074E-2
6.39350E+11	2.08039E-9	-1.32504E+1	9.58278E-2	-1.95264E-1
6.39525E+11	1.78414E-9	-1.33296E+1	1.75366E-1	1.25311E-1
6.39700E+11	1.96204E-9	-1.30335E+1	-1.61945E-1	1.53321E-1
6.39875E+11	2.93805E-9	-1.20826E+1	-1.30105E-1	-2.12085E-1
6.40050E+11	3.65172E-9	-1.10483E+1	2.42646E-1	-1.40277E-1
6.40225E+11	5.69349E-9	-9.01063E+0	1.23283E-1	3.32244E-1
6.40400E+11	1.02307E-8	-6.50373E+0	-4.72778E-1	1.26867E-2
6.40575E+11	1.52568E-8	-4.65756E+0	2.59843E-1	-5.24074E-1
6.40750E+11	2.38924E-8	-4.09871E+0	1.84499E-1	5.95920E-1
6.40925E+11	1.15828E-8	-6.01652E+0	-4.48026E-1	-2.22503E-1
6.41100E+11	7.23902E-9	-8.60345E+0	3.09543E-1	-2.05212E-1
6.41275E+11	4.51291E-9	-1.07758E+1	8.05130E-2	2.77773E-1
6.41450E+11	1.78224E-9	-1.29212E+1	-2.10639E-1	8.16586E-2
6.41625E+11	1.82950E-9	-1.35858E+1	-1.17698E-1	-1.73036E-1
6.41800E+11	2.21708E-9	-1.42405E+1	1.60880E-1	-1.08554E-1
6.41975E+11	1.59431E-9	-1.44170E+1	9.39208E-2	1.65364E-1
6.42150E+11	1.72582E-9	-1.42525E+1	-1.72729E-1	8.79026E-2
6.42325E+11	2.23376E-9	-1.36994E+1	-6.90365E-2	-1.94673E-1
6.42500E+11	2.52960E-9	-1.29485E+1	2.21137E-1	-4.25975E-2
6.42675E+11	3.13199E-9	-1.11671E+1	-1.15247E-4	2.76469E-1
6.42850E+11	4.15318E-9	-9.49110E+0	-3.21503E-1	-9.52244E-2
6.43025E+11	4.28955E-9	-8.03574E+0	2.18254E-1	-3.30992E-1
6.43200E+11	9.49884E-9	-7.49470E+0	2.79370E-1	3.16223E-1
6.43375E+11	8.41428E-9	-8.36729E+0	-3.45352E-1	1.62385E-1
6.43550E+11	5.52616E-9	-1.00017E+1	-5.12064E-2	-3.11993E-1
6.43725E+11	3.13351E-9	-1.17978E+1	2.56934E-1	9.35037E-3
6.43900E+11	2.26054E-9	-1.31040E+1	-3.95846E-2	2.17637E-1
6.44075E+11	1.60679E-9	-1.41457E+1	-1.84935E-1	-6.55475E-2
6.44250E+11	2.06379E-9	-1.46337E+1	7.98252E-2	-1.67433E-1
6.44425E+11	1.34858E-9	-1.47880E+1	1.49246E-1	1.04547E-1
6.44600E+11	1.47049E-9	-1.44189E+1	-1.26788E-1	1.41686E-1
6.44775E+11	1.71297E-9	-1.33791E+1	-1.17599E-1	-1.79165E-1
6.44950E+11	2.79810E-9	-1.18080E+1	2.50599E-1	-5.61034E-2
6.45125E+11	4.10225E-9	-9.81266E+0	-4.62157E-2	3.19800E-1
6.45300E+11	4.91051E-9	-7.71782E+0	-3.59814E-1	-1.99155E-1
6.45475E+11	8.43399E-9	-6.14420E+0	4.00088E-1	-2.87949E-1
6.45650E+11	8.43833E-9	-5.39762E+0	7.26478E-2	5.32244E-1
6.45825E+11	7.48878E-9	-6.04266E+0	-4.78104E-1	-1.41950E-1
6.46000E+11	6.90388E-9	-8.09974E+0	2.16521E-1	-3.28648E-1
6.46175E+11	3.69673E-9	-8.93945E+0	2.25470E-1	2.77171E-1
6.46350E+11	2.55552E-9	-1.02001E+1	-2.89371E-1	1.08455E-1
6.46525E+11	2.92640E-9	-1.14824E+1	-3.82534E-2	-2.63853E-1
6.46700E+11	2.21315E-9	-1.23101E+1	2.42191E-1	9.52618E-3
6.46875E+11	2.11366E-9	-1.29237E+1	-4.88238E-2	2.20508E-1
6.47050E+11	1.62422E-9	-1.34486E+1	-2.00864E-1	-6.96699E-2
6.47225E+11	2.33941E-9	-1.32985E+1	9.39614E-2	-1.94836E-1
6.47400E+11	1.69659E-9	-1.29177E+1	1.89874E-1	1.22579E-1
6.47575E+11	3.90028E-9	-1.11606E+1	-1.70052E-1	2.18247E-1
6.47750E+11	5.27040E-9	-9.75683E+0	-2.08162E-1	-2.49855E-1
6.47925E+11	6.67338E-9	-8.28705E+0	3.50258E-1	-1.60226E-1
6.48100E+11	1.27676E-8	-7.17294E+0	1.94583E-3	4.37874E-1
6.48275E+11	9.15010E-9	-7.30809E+0	-3.50892E-1	-2.50473E-1
6.48450E+11	6.05428E-9	-8.66374E+0	3.40770E-1	-1.41079E-1
6.48625E+11	3.72891E-9	-1.06619E+1	-2.65936E-2	2.91815E-1
6.48800E+11	2.40802E-9	-1.26772E+1	-2.01011E-1	-1.16535E-1
6.48975E+11	1.61462E-9	-1.34883E+1	1.56668E-1	-1.42280E-1
6.49150E+11	1.22542E-9	-1.45621E+1	7.20608E-2	1.72584E-1
6.49325E+11	9.06847E-10	-1.54519E+1	-1.67230E-1	2.30666E-2
6.49500E+11	6.75206E-10	-1.66774E+1	3.77414E-3	-1.46549E-1
6.49675E+11	9.15952E-10	-1.65233E+1	1.48918E-1	9.52393E-3
6.49850E+11	5.19931E-10	-1.64940E+1	-2.64642E-2	1.47369E-1
6.50025E+11	1.11555E-9	-1.50263E+1	-1.74756E-1	-2.98608E-2
6.50200E+11	1.72966E-9	-1.42592E+1	4.34982E-2	-1.88711E-1
6.50375E+11	1.51295E-9	-1.20272E+1	2.40247E-1	7.05890E-2
6.50550E+11	3.07961E-9	-9.77680E+0	-1.18758E-1	3.01944E-1
6.50725E+11	5.01341E-9	-8.00482E+0	-2.97868E-1	-2.63795E-1
6.50900E+11	3.18886E-9	-8.56530E+0	3.52368E-1	-1.22402E-1
6.51075E+11	1.85769E-9	-1.06528E+1	5.09288E-4	2.93331E-1
6.51250E+11	8.79316E-10	-1.28042E+1	-2.22408E-1	-5.44450E-2
6.51425E+11	5.48099E-10	-1.44558E+1	6.87822E-2	-1.76390E-1
6.51600E+11	4.98456E-10	-1.59294E+1	1.35255E-1	8.50693E-2
6.51775E+11	4.64239E-10	-1.72288E+1	-9.29161E-2	1.01466E-1
6.51950E+11	3.80426E-10	-1.74961E+1	-9.69311E-2	-9.16697E-2
6.52125E+11	2.26630E-10	-1.73267E+1	9.29025E-2	-9.93766E-2
6.52300E+11	2.99653E-10	-1.74159E+1	1.03902E-1	8.56441E-2
6.52475E+11	3.65935E-10	-1.70739E+1	-8.66418E-2	1.10041E-1
6.52650E+11	6.75466E-10	-1.56342E+1	-1.39429E-1	-8.88014E-2
6.52825E+11	9.33010E-10	-1.41679E+1	8.69180E-2	-1.75346E-1
6.53000E+11	1.24433E-9	-1.21545E+1	2.09199E-1	1.30869E-1
6.53175E+11	1.83789E-9	-1.13836E+1	-1.98279E-1	1.82763E-1
6.53350E+11	2.98384E-9	-1.05861E+1	-1.30405E-1	-2.65272E-1
6.53525E+11	1.91028E-9	-1.16097E+1	2.61369E-1	-2.67368E-2
6.53700E+11	1.14032E-9	-1.31549E+1	-5.80830E-2	2.12107E-1
6.53875E+11	1.03393E-9	-1.45370E+1	-1.69302E-1	-8.07315E-2
6.54050E+11	9.35654E-10	-1.62364E+1	7.54034E-2	-1.34546E-1
6.54225E+11	4.51367E-10	-1.70110E+1	1.21732E-1	7.12971E-2
6.54400E+11	8.71384E-10	-1.69865E+1	-8.91351E-2	1.09862E-1
6.54575E+11	6.84003E-10	-1.77284E+1	-8.86978E-2	-9.48915E-2
6.54750E+11	5.73264E-10	-1.67284E+1	1.23337E-1	-7.76431E-2
6.54925E+11	9.92724E-10	-1.60808E+1	4.77256E-2	1.49594E-1
6.55100E+11	9.27635E-10	-1.41625E+1	-1.95828E-1	5.01327E-4
6.55275E+11	1.34815E-9	-1.24393E+1	5.88122E-2	-2.31444E-1
6.55450E+11	2.78636E-9	-1.03351E+1	2.56221E-1	1.64090E-1
6.55625E+11	3.79977E-9	-8.55524E+0	-3.42279E-1	1.49378E-1
6.55800E+11	3.75386E-9	-8.52982E+0	1.87708E-1	-3.24119E-1
6.55975E+11	2.56009E-9	-1.03756E+1	4.02687E-2	3.00157E-1
6.56150E+11	2.06894E-9	-1.17019E+1	-2.31420E-1	-1.18419E-1
6.56325E+11	8.52887E-10	-1.35040E+1	1.64989E-1	-1.31932E-1
6.56500E+11	9.87356E-10	-1.46970E+1	9.27660E-2	1.59067E-1
6.56675E+11	9.38976E-10	-1.61908E+1	-1.22620E-1	9.48862E-2
6.56850E+11	6.19385E-10	-1.64560E+1	-9.71479E-2	-1.14794E-1
6.57025E+11	6.12683E-10	-1.59867E+1	1.36611E-1	-8.08275E-2
6.57200E+11	8.04425E-10	-1.53606E+1	3.63187E-2	1.66686E-1
6.57375E+11	8.57096E-10	-1.53184E+1	-1.66715E-1	-3.99169E-2
6.57550E+11	1.13334E-9	-1.42346E+1	1.16770E-1	-1.55183E-1
6.57725E+11	2.11423E-9	-1.23873E+1	1.03789E-1	2.16657E-1
6.57900E+11	2.70687E-9	-1.04752E+1	-2.99164E-1	1.16440E-2
6.58075E+11	4.78126E-9	-8.58989E+0	1.82240E-1	-3.24267E-1
6.58250E+11	4.04361E-9	-9.42584E+0	8.12255E-2	3.27928E-1
6.58425E+11	2.34282E-9	-1.17865E+1	-2.29178E-1	-1.17270E-1
6.58600E+11	1.33102E-9	-1.44863E+1	1.63969E-1	-9.33144E-2
6.58775E+11	7.95528E-10	-1.72246E+1	-6.10721E-3	1.37512E-1
6.58950E+11	4.69336E-10	-1.98579E+1	-9.82961E-2	-2.58936E-2
6.59125E+11	2.80424E-10	-2.21721E+1	2.20695E-2	-7.46821E-2
6.59300E+11	2.10681E-10	-2.25303E+1	7.11836E-2	2.27411E-2
6.59475E+11	1.58667E-10	-2.32851E+1	-2.53763E-2	6.36358E-2
6.59650E+11	1.63707E-10	-2.39262E+1	-5.99680E-2	-2.12859E-2
6.59825E+11	1.40656E-10	-2.29212E+1	3.62434E-2	-6.15630E-2
6.60000E+11	2.18898E-10	-2.01368E+1	6.88806E-2	7.03229E-2
6.60175E+11	5.65866E-10	-1.80843E+1	-1.01117E-1	7.29349E-2
6.60350E+11	1.23682E-9	-1.55473E+1	-8.90358E-2	-1.41250E-1
6.60525E+11	2.10015E-9	-1.25031E+1	2.30560E-1	-5.50994E-2
6.60700E+11	2.32975E-9	-1.19662E+1	-1.05041E-1	2.29249E-1
6.60875E+11	8.85441E-10	-1.41761E+1	-8.38405E-2	-1.76634E-1
6.61050E+11	5.01744E-10	-1.68861E+1	1.43114E-1	-1.09763E-3
6.61225E+11	3.60901E-10	-1.82000E+1	-4.63563E-2	1.13959E-1
6.61400E+11	2.74581E-10	-2.00401E+1	-8.36928E-2	-5.38855E-2
6.61575E+11	1.49858E-10	-2.10317E+1	5.70585E-2	-6.80434E-2
6.61750E+11	8.96904E-11	-2.22432E+1	5.33061E-2	5.58967E-2
6.61925E+11	1.45683E-10	-2.03094E+1	-7.70891E-2	5.80490E-2
6.62100E+11	1.90037E-10	-2.06623E+1	-4.23325E-2	-8.24225E-2
6.62275E+11	2.85607E-10	-1.85696E+1	1.17863E-1	-3.04270E-3
6.62450E+11	3.63931E-10	-1.76649E+1	-2.97287E-2	1.27422E-1
6.62625E+11	3.57110E-10	-1.64699E+1	-1.34998E-1	-6.57142E-2
6.62800E+11	9.05106E-10	-1.35855E+1	1.49263E-1	-1.46690E-1
6.62975E+11	1.27638E-9	-1.16599E+1	3.70414E-2	2.58579E-1
6.63150E+11	1.16522E-9	-1.22003E+1	-2.09267E-1	-1.28295E-1
6.63325E+11	1.28602E-9	-1.25975E+1	2.09777E-1	-1.04781E-1
6.63500E+11	7.64476E-10	-1.44423E+1	-9.14523E-3	1.89400E-1
6.63675E+11	5.88526E-10	-1.62716E+1	-1.50279E-1	-3.18145E-2
6.63850E+11	5.76551E-10	-1.73278E+1	1.05323E-2	-1.35614E-1
6.64025E+11	4.93941E-10	-1.79992E+1	1.25533E-1	9.66955E-3
6.64200E+11	5.84521E-10	-1.86463E+1	-2.07214E-2	1.15014E-1
6.64375E+11	4.38910E-10	-1.78280E+1	-1.16301E-1	-5.44359E-2
6.64550E+11	4.28145E-10	-1.74591E+1	9.25019E-2	-9.69243E-2
6.64725E+11	7.13349E-10	-1.66764E+1	8.69258E-2	1.18068E-1
6.64900E+11	8.43790E-10	-1.55865E+1	-1.32446E-1	1.00431E-1
6.65075E+11	1.64555E-9	-1.39267E+1	-1.22982E-1	-1.59261E-1
6.65250E+11	2.17238E-9	-1.10489E+1	2.52427E-1	-1.21753E-1
6.65425E+11	3.01203E-9	-9.14271E+0	-9.10396E-2	3.36949E-1
6.65600E+11	3.60769E-9	-9.82741E+0	-8.37895E-2	-3.11502E-1
6.65775E+11	1.84552E-9	-1.13799E+1	2.03733E-1	1.76838E-1
6.65950E+11	9.67102E-10	-1.28515E+1	-2.25896E-1	2.88710E-2
6.66125E+11	8.97971E-10	-1.43586E+1	1.56880E-2	-1.90813E-1
6.66300E+11	8.98740E-10	-1.47883E+1	1.79765E-1	2.97866E-2
6.66475E+11	7.78912E-10	-1.54416E+1	-1.72167E-2	1.68134E-1
6.66650E+11	7.35281E-10	-1.52404E+1	-1.69973E-1	-3.20729E-2
6.66825E+11	6.65084E-10	-1.57049E+1	8.98317E-2	-1.37170E-1
6.67000E+11	8.03579E-10	-1.51230E+1	6.21799E-2	1.63931E-1
6.67175E+11	1.32690E-9	-1.48082E+1	-1.80241E-1	-2.37512E-2
6.67350E+11	1.17088E-9	-1.36026E+1	7.30963E-2	-1.95659E-1
6.67525E+11	1.29393E-9	-1.21853E+1	2.36918E-1	6.57999E-2
6.67700E+11	3.12816E-9	-9.65552E+0	-6.41746E-2	3.22702E-1
6.67875E+11	3.23452E-9	-8.28536E+0	-3.51143E-1	-1.58457E-1
6.68050E+11	2.98663E-9	-9.14576E+0	3.12834E-1	-1.54507E-1
6.68225E+11	1.71838E-9	-1.13153E+1	-8.40705E-2	2.58463E-1
6.68400E+11	1.06381E-9	-1.38292E+1	-9.92854E-2	-1.77624E-1
6.68575E+11	6.48432E-10	-1.62677E+1	1.49551E-1	-3.53760E-2
6.68750E+11	3.58135E-10	-1.81120E+1	1.86976E-2	1.22865E-1
6.68925E+11	4.74603E-10	-1.94570E+1	-1.05477E-1	1.43671E-2
6.69100E+11	2.67140E-10	-1.99951E+1	-1.11352E-2	-9.94349E-2
6.69275E+11	3.40832E-10	-2.00065E+1	9.15257E-2	4.01006E-2
6.69450E+11	2.65527E-10	-2.00593E+1	-8.21162E-2	5.58685E-2
6.69625E+11	3.83518E-10	-1.96338E+1	3.42605E-4	-1.04305E-1
6.69800E+11	2.45602E-10	-1.96341E+1	9.79865E-2	3.57448E-2
6.69975E+11	3.07850E-10	-1.92322E+1	-1.05020E-2	1.08736E-1
6.70150E+11	4.48706E-10	-1.79674E+1	-1.25990E-1	9.74298E-3
6.70325E+11	4.87952E-10	-1.80435E+1	1.18893E-2	-1.24698E-1
6.70500E+11	5.68645E-10	-1.68655E+1	1.20184E-1	7.83336E-2
6.70675E+11	2.56069E-10	-1.76898E+1	-1.30414E-1	3.85323E-3
6.70850E+11	1.44728E-10	-2.00203E+1	7.59779E-2	-6.46578E-2
6.71025E+11	1.14902E-10	-2.17832E+1	3.68541E-2	7.26245E-2
6.71200E+11	8.06880E-11	-2.30566E+1	-5.91046E-2	3.81267E-2
6.71375E+11	5.58150E-11	-2.51544E+1	-4.87149E-2	-2.60522E-2
6.71550E+11	4.23265E-11	-2.60165E+1	2.40314E-2	-4.38732E-2
6.71725E+11	7.26798E-11	-2.41357E+1	4.12423E-2	4.64504E-2
6.71900E+11	1.08793E-10	-2.23940E+1	-7.37364E-2	1.80358E-2
6.72075E+11	1.64759E-10	-1.96480E+1	4.25717E-2	-9.50366E-2
6.72250E+11	1.53814E-10	-1.99501E+1	5.92516E-2	8.12699E-2
6.72425E+11	2.08387E-10	-1.83352E+1	-9.79561E-2	7.12484E-2
6.72600E+11	3.47103E-10	-1.66411E+1	-8.14448E-2	-1.22630E-1
6.72775E+11	3.94173E-10	-1.62110E+1	1.50314E-1	-3.65108E-2
6.72950E+11	5.18651E-10	-1.49562E+1	-8.41882E-2	1.57656E-1
6.73125E+11	4.34836E-10	-1.52633E+1	6.42741E-3	-1.72399E-1
6.73300E+11	2.77108E-10	-1.73038E+1	8.39238E-2	1.07525E-1
6.73475E+11	3.26432E-10	-1.74078E+1	-1.33863E-1	1.56472E-2
6.73650E+11	1.28358E-10	-1.95535E+1	-1.38520E-2	-1.04360E-1
6.73825E+11	1.73984E-10	-1.84663E+1	1.17973E-1	-1.78268E-2
6.74000E+11	1.47351E-10	-1.99680E+1	1.94013E-2	9.84764E-2
6.74175E+11	3.17847E-10	-1.80221E+1	-1.25263E-1	-8.81438E-3
6.74350E+11	4.25298E-10	-1.63196E+1	1.14295E-1	-1.01357E-1
6.74525E+11	4.93530E-10	-1.56331E+1	-1.54019E-3	1.65320E-1
6.74700E+11	4.90432E-10	-1.48349E+1	-1.71017E-1	-6.00097E-2
6.74875E+11	6.94080E-10	-1.31899E+1	1.00620E-1	-1.94551E-1
6.75050E+11	1.36020E-9	-1.21849E+1	1.72791E-1	1.74955E-1
6.75225E+11	1.21625E-9	-1.17294E+1	-2.46648E-1	7.94791E-2
6.75400E+11	1.80952E-9	-9.71722E+0	1.34290E-1	-2.97816E-1
6.75575E+11	2.12785E-9	-9.48138E+0	3.84816E-2	3.33471E-1
6.75750E+11	1.57045E-9	-1.13445E+1	-2.09837E-1	-1.71298E-1
6.75925E+11	9.48341E-10	-1.34360E+1	1.97600E-1	-7.92808E-2
6.76100E+11	8.73621E-10	-1.47390E+1	5.96567E-2	1.73269E-1
6.76275E+11	8.92780E-10	-1.53113E+1	-1.62650E-1	5.45936E-2
6.76450E+11	5.68326E-10	-1.55984E+1	-1.47466E-2	-1.65333E-1
6.76625E+11	5.12707E-10	-1.55405E+1	1.60254E-1	4.73396E-2
6.76800E+11	6.01143E-10	-1.45657E+1	-1.17981E-1	1.45013E-1
6.76975E+11	8.58340E-10	-1.33963E+1	-1.13955E-1	-1.81003E-1
6.77150E+11	1.27372E-9	-1.28660E+1	2.09932E-1	-8.72819E-2
6.77325E+11	1.12736E-9	-1.29254E+1	5.96951E-2	2.17768E-1
6.77500E+11	1.19051E-9	-1.33050E+1	-2.09883E-1	5.16558E-2
6.77675E+11	1.45321E-9	-1.11989E+1	-7.50999E-3	-2.75356E-1
6.77850E+11	2.08575E-9	-9.95603E+0	2.72667E-1	1.63310E-1
6.78025E+11	2.16039E-9	-8.95550E+0	-3.22024E-1	1.53263E-1
6.78200E+11	1.72249E-9	-9.78347E+0	5.48727E-2	-3.19533E-1
6.78375E+11	9.43935E-10	-1.20212E+1	2.21941E-1	1.16320E-1
6.78550E+11	7.09237E-10	-1.32859E+1	-1.38011E-1	1.66970E-1
6.78725E+11	2.96406E-10	-1.56663E+1	-9.00625E-2	-1.37890E-1
6.78900E+11	2.59581E-10	-1.64203E+1	1.46137E-1	-3.80227E-2
6.79075E+11	1.93409E-10	-1.70200E+1	-3.53407E-2	1.36425E-1
6.79250E+11	1.35456E-10	-1.76566E+1	-8.08252E-2	-1.03054E-1
6.79425E+11	2.12927E-10	-1.65961E+1	1.28532E-1	-7.33271E-2
6.79600E+11	1.54198E-10	-1.84197E+1	4.32294E-2	1.11893E-1
6.79775E+11	1.93784E-10	-1.76578E+1	-1.19631E-1	5.32589E-2
6.79950E+11	1.49342E-10	-1.79434E+1	-4.10509E-2	-1.19881E-1
6.80125E+11	1.69641E-10	-1.58472E+1	1.59432E-1	2.44946E-2
6.80300E+11	2.41558E-10	-1.42334E+1	-1.53954E-1	1.18429E-1
6.80475E+11	1.75555E-10	-1.41399E+1	-3.82848E-3	-1.96300E-1
6.80650E+11	1.84344E-10	-1.40102E+1	1.96395E-1	3.38547E-2
6.80825E+11	1.47335E-10	-1.51357E+1	-1.16548E-2	1.74682E-1
6.81000E+11	1.50461E-10	-1.63421E+1	-1.52186E-1	7.44601E-3
6.81175E+11	1.61778E-10	-1.72308E+1	-5.38866E-3	-1.37445E-1
6.81350E+11	8.77522E-11	-1.78668E+1	1.14633E-1	5.65865E-2
6.81525E+11	6.03882E-11	-1.92238E+1	-7.13994E-2	8.28196E-2
6.81700E+11	8.30589E-11	-2.01040E+1	-6.85255E-3	-9.85715E-2
6.81875E+11	6.61683E-11	-1.98435E+1	1.00063E-1	-1.88236E-2
6.82050E+11	9.26097E-11	-2.08561E+1	5.42374E-2	7.25887E-2
6.82225E+11	1.19327E-10	-1.81353E+1	-7.18790E-2	1.00976E-1
6.82400E+11	1.33934E-10	-1.92796E+1	-1.03937E-1	-3.16462E-2
6.82575E+11	1.41842E-10	-1.74109E+1	5.07567E-2	-1.24801E-1
6.82750E+11	3.45681E-10	-1.48104E+1	9.59416E-2	1.54367E-1
6.82925E+11	5.58639E-10	-1.35962E+1	-2.01823E-1	-5.43779E-2
6.83100E+11	3.92271E-10	-1.37233E+1	1.35519E-1	-1.55126E-1
6.83275E+11	2.43647E-10	-1.49704E+1	1.33772E-1	1.18086E-1
6.83450E+11	4.38889E-10	-1.45911E+1	-7.89761E-2	1.68843E-1
6.83625E+11	4.31815E-10	-1.44911E+1	-1.86561E-1	-2.73731E-2
6.83800E+11	2.97836E-10	-1.44776E+1	2.61272E-2	-1.87034E-1
6.83975E+11	3.25793E-10	-1.42319E+1	1.78487E-1	7.67012E-2
6.84150E+11	3.33209E-10	-1.41609E+1	-1.58576E-1	1.14962E-1
6.84325E+11	4.29983E-10	-1.40403E+1	-6.12941E-2	-1.88908E-1
6.84500E+11	3.40420E-10	-1.38903E+1	2.01829E-1	-9.68727E-3
6.84675E+11	3.49336E-10	-1.44431E+1	1.52430E-2	1.88989E-1
6.84850E+11	4.70291E-10	-1.28927E+1	-2.25538E-1	2.24685E-2
6.85025E+11	8.35572E-10	-1.14469E+1	6.98369E-2	-2.58434E-1
6.85200E+11	7.96152E-10	-1.04301E+1	2.34872E-1	1.88165E-1
6.85375E+11	6.82467E-10	-9.54441E+0	-3.25568E-1	7.11734E-2
6.85550E+11	7.35011E-10	-1.01616E+1	1.09005E-1	-2.90628E-1
6.85725E+11	6.78094E-10	-1.10621E+1	2.16511E-1	1.77283E-1
6.85900E+11	4.60548E-10	-1.09688E+1	-2.05486E-1	1.94375E-1
6.86075E+11	4.19298E-10	-1.22075E+1	-1.60159E-1	-1.85743E-1
6.86250E+11	6.44665E-10	-1.14835E+1	2.35862E-1	-1.24231E-1
6.86425E+11	7.77258E-10	-9.91460E+0	-1.46421E-2	3.19016E-1
6.86600E+11	5.68976E-10	-9.39099E+0	-2.67904E-1	-2.08041E-1
6.86775E+11	5.64901E-10	-1.07060E+1	2.73472E-1	-1.01043E-1
6.86950E+11	3.15652E-10	-1.23118E+1	5.73283E-2	2.35454E-1
6.87125E+11	4.18547E-10	-1.11670E+1	-2.48417E-1	1.21350E-1
6.87300E+11	2.94031E-10	-8.87402E+0	-1.66361E-1	-3.19252E-1
6.87475E+11	4.69990E-10	-7.30757E+0	4.29787E-1	-3.41725E-2
6.87650E+11	5.95096E-10	-7.09063E+0	-1.17398E-1	4.26173E-1
6.87825E+11	3.91748E-10	-7.28832E+0	-2.63180E-1	-3.42705E-1
6.88000E+11	2.78917E-10	-7.84401E+0	3.91305E-1	-1.05669E-1
6.88175E+11	2.13218E-10	-9.84908E+0	1.42136E-2	3.21456E-1
6.88350E+11	2.19321E-10	-1.04446E+1	-2.85564E-1	-9.33940E-2
6.88525E+11	1.18086E-10	-1.12400E+1	1.11386E-1	-2.50509E-1
6.88700E+11	8.96503E-11	-1.10808E+1	2.13210E-1	1.80308E-1
6.88875E+11	5.63999E-11	-1.29784E+1	-1.92046E-1	1.16136E-1
6.89050E+11	7.43714E-11	-1.04984E+1	-4.24133E-2	-2.95566E-1
6.89225E+11	5.74113E-11	-1.09375E+1	2.59671E-1	1.14696E-1
6.89400E+11	4.71497E-11	-1.18313E+1	-1.30538E-1	2.20352E-1
6.89575E+11	3.75272E-11	-1.41671E+1	-9.66382E-2	-1.70203E-1
6.89750E+11	4.01633E-11	-1.52594E+1	1.72249E-1	-1.09335E-2
6.89925E+11	4.41660E-11	-1.46171E+1	-1.12387E-1	1.48008E-1
6.90100E+11	2.99479E-11	-1.71116E+1	-6.99441E-2	-1.20640E-1
6.90275E+11	2.92675E-11	-1.87565E+1	1.14868E-1	1.09787E-2
6.90450E+11	1.26969E-11	-2.12841E+1	-1.38789E-2	8.51328E-2
6.90625E+11	2.00580E-11	-1.53115E+1	-1.69692E-1	-2.52699E-2
6.90800E+11	2.55377E-11	-1.73306E+1	7.52325E-2	-1.13271E-1
6.90975E+11	2.03171E-11	-1.97183E+1	6.45675E-2	8.06301E-2
6.91150E+11	9.85399E-12	-2.29553E+1	-7.10173E-2	-4.50204E-3
6.91325E+11	1.42077E-11	-2.25445E+1	4.69538E-2	-5.79780E-2
6.91500E+11	5.94230E-12	-2.50903E+1	3.53172E-2	4.30108E-2
6.91675E+11	2.44490E-11	-1.96269E+1	-1.00753E-1	2.73100E-2
6.91850E+11	5.88683E-12	-2.38271E+1	-4.00879E-3	-6.42391E-2
6.92025E+11	4.70752E-12	-2.36470E+1	6.12527E-2	2.37962E-2
6.92200E+11	1.92112E-11	-1.93010E+1	-8.04907E-2	7.25772E-2
6.92375E+11	6.73387E-12	-2.42490E+1	2.51831E-2	-5.59020E-2
6.92550E+11	1.87859E-11	-2.04755E+1	2.49989E-2	9.13128E-2
6.92725E+11	4.45275E-12	-2.69540E+1	-4.26701E-2	-1.39919E-2
6.92900E+11	6.46740E-12	-2.75351E+1	2.03395E-2	-3.67460E-2
6.93075E+11	1.33911E-11	-2.58998E+1	4.97781E-2	9.62592E-3
6.93250E+11	1.77149E-11	-2.38450E+1	-3.19796E-2	5.57051E-2
6.93425E+11	2.15308E-11	-2.29069E+1	-6.67410E-2	-2.58100E-2
6.93600E+11	1.05404E-11	-2.56876E+1	4.57915E-2	-2.45432E-2
6.93775E+11	4.25381E-11	-2.17808E+1	-3.40165E-2	7.40213E-2
6.93950E+11	3.80394E-11	-2.02494E+1	-1.18442E-2	-9.64445E-2
6.94125E+11	3.52730E-11	-2.13376E+1	6.56346E-2	5.51484E-2
6.94300E+11	5.23664E-11	-2.02671E+1	-5.82694E-2	7.75130E-2
6.94475E+11	7.75598E-11	-1.87862E+1	-7.96982E-2	-8.29020E-2
6.94650E+11	2.57993E-11	-2.17352E+1	5.85346E-2	-5.72708E-2
6.94825E+11	3.71018E-11	-2.06650E+1	5.96818E-2	7.08404E-2
6.95000E+11	5.43850E-11	-1.95603E+1	-1.05163E-1	-2.53390E-3
6.95175E+11	4.15578E-11	-1.95467E+1	9.39307E-2	-4.77195E-2
6.95350E+11	2.93576E-11	-2.02727E+1	-2.47196E-2	9.37038E-2
6.95525E+11	3.39702E-11	-1.97072E+1	-6.12853E-2	-8.33154E-2
6.95700E+11	3.99661E-11	-1.91293E+1	9.20021E-2	-6.12833E-2
6.95875E+11	3.37345E-11	-1.82784E+1	2.73802E-2	1.18807E-1
6.96050E+11	4.19652E-11	-1.84965E+1	-1.14467E-1	-3.21555E-2
6.96225E+11	6.01102E-11	-1.70084E+1	1.28444E-1	-5.84493E-2
6.96400E+11	3.94178E-11	-1.79220E+1	-4.09539E-2	1.20245E-1
6.96575E+11	6.68707E-11	-1.69441E+1	-7.60517E-2	-1.20114E-1
6.96750E+11	4.13195E-11	-1.77226E+1	1.26434E-1	-3.01456E-2
6.96925E+11	1.39756E-11	-2.06793E+1	-2.10361E-2	9.00528E-2
6.97100E+11	2.42209E-11	-1.81031E+1	-1.01820E-1	-7.14844E-2
6.97275E+11	1.48591E-11	-2.03041E+1	9.65262E-2	-2.53526E-3
6.97450E+11	1.62840E-11	-2.00507E+1	-4.44528E-2	8.89266E-2
6.97625E+11	8.09033E-12	-2.20518E+1	-6.40725E-2	-4.61469E-2
6.97800E+11	3.24803E-12	-2.25414E+1	4.58355E-2	-5.88998E-2
6.97975E+11	1.62965E-12	-2.69601E+1	4.37905E-2	9.80213E-3
6.98150E+11	2.71483E-12	-2.53251E+1	-5.25684E-2	1.30670E-2
6.98325E+11	1.85973E-12	-2.78203E+1	-3.96409E-2	-8.96877E-3
6.98500E+11	3.12795E-12	-2.70315E+1	3.22018E-2	-3.07224E-2
6.98675E+11	4.16552E-12	-2.40149E+1	-5.48626E-3	6.27480E-2
6.98850E+11	6.79568E-13	-2.98409E+1	8.81322E-3	-3.09780E-2
6.99025E+11	1.64302E-12	-2.21570E+1	3.50753E-2	-6.96800E-2
6.99200E+11	6.08975E-12	-2.23200E+1	5.56564E-2	5.25720E-2
6.99375E+11	1.49820E-12	-2.93345E+1	-1.62232E-2	3.00400E-2
6.99550E+11	6.28989E-12	-2.24338E+1	-7.52629E-2	-6.73092E-3
6.99725E+11	3.50662E-13	-3.72297E+1	1.10675E-2	-8.17053E-3
6.99900E+11	2.45028E-12	-2.83689E+1	3.53174E-2	1.44403E-2
7.00075E+11	1.15776E-14	-5.10221E+1	2.62871E-3	9.96445E-4
7.00250E+11	1.36232E-12	-2.96950E+1	-1.63612E-2	-2.83737E-2
7.00425E+11	3.63916E-13	-3.85935E+1	-2.67239E-3	-1.14500E-2
7.00600E+11	4.83844E-12	-2.37617E+1	6.20060E-2	-1.89958E-2
7.00775E+11	1.33057E-12	-2.90787E+1	2.35131E-3	3.50824E-2
7.00950E+11	6.75268E-13	-3.22010E+1	1.33390E-2	-2.06032E-2
7.01125E+11	6.55128E-12	-2.51635E+1	4.05577E-2	-3.74236E-2
7.01300E+11	2.53891E-12	-2.98384E+1	1.80788E-2	2.66658E-2
7.01475E+11	3.63596E-12	-2.83071E+1	-3.71519E-2	9.81991E-3
7.01650E+11	2.70270E-12	-3.05326E+1	-2.66208E-2	-1.32632E-2
7.01825E+11	6.12424E-12	-2.67691E+1	4.52886E-2	7.28991E-3
7.02000E+11	7.54587E-12	-2.67553E+1	-2.08831E-2	4.09244E-2
7.02175E+11	5.09906E-12	-2.84020E+1	-2.01881E-2	-3.22057E-2
7.02350E+11	2.87877E-12	-2.97073E+1	2.79756E-2	-1.69436E-2
7.02525E+11	2.25843E-12	-3.32651E+1	1.54567E-2	1.52511E-2
7.02700E+11	1.85896E-12	-3.34516E+1	-1.70331E-2	1.27108E-2
7.02875E+11	4.45221E-12	-2.97015E+1	-1.79761E-2	-2.73499E-2
7.03050E+11	2.07242E-11	-2.15842E+1	8.14624E-2	-1.75315E-2
7.03225E+11	3.29735E-12	-2.89918E+1	3.24754E-3	3.53660E-2
7.03400E+11	2.28723E-11	-2.44622E+1	-3.21805E-2	-5.04340E-2
7.03575E+11	2.59760E-11	-2.21926E+1	7.48292E-2	-2.08916E-2
7.03750E+11	4.65374E-11	-1.91527E+1	-5.59004E-3	1.10105E-1
7.03925E+11	4.68372E-11	-1.95362E+1	-1.04677E-1	-1.30379E-2
7.04100E+11	1.18901E-10	-1.57577E+1	-1.35564E-2	-1.62407E-1
7.04275E+11	1.64082E-10	-1.46902E+1	1.84124E-1	-7.69599E-3
7.04450E+11	1.87146E-10	-1.44223E+1	-7.27948E-2	1.75564E-1
7.04625E+11	1.30206E-10	-1.43366E+1	-8.47821E-2	-1.72201E-1
7.04800E+11	1.78085E-10	-1.53519E+1	1.66957E-1	3.58768E-2
7.04975E+11	1.60099E-10	-1.54666E+1	-9.96775E-2	1.35890E-1
7.05150E+11	1.21208E-10	-1.50387E+1	-1.51531E-1	-9.15445E-2
7.05325E+11	1.43632E-10	-1.51691E+1	1.11217E-1	-1.34335E-1
7.05500E+11	1.46101E-10	-1.47892E+1	1.17783E-1	1.39005E-1
7.05675E+11	1.16226E-10	-1.56054E+1	-1.63035E-1	3.04566E-2
7.05850E+11	1.25077E-10	-1.41892E+1	5.31435E-2	-1.87854E-1
7.06025E+11	1.00208E-10	-1.54111E+1	1.44980E-1	8.80194E-2
7.06200E+11	1.46799E-10	-1.40648E+1	-1.25699E-1	1.53038E-1
7.06375E+11	1.74663E-10	-1.19925E+1	-1.79204E-1	-1.76326E-1
7.06550E+11	1.77533E-10	-1.15469E+1	2.45063E-1	-9.98927E-2
7.06725E+11	1.61026E-10	-1.10294E+1	-1.05453E-1	2.60340E-1
7.06900E+11	1.02623E-10	-9.52256E+0	-6.28877E-2	-3.28125E-1
7.07075E+11	7.29900E-11	-1.14542E+1	2.15554E-1	1.58374E-1
7.07250E+11	8.39511E-11	-1.09801E+1	-2.70440E-1	8.16083E-2
7.07425E+11	6.10190E-11	-1.04661E+1	-6.95183E-2	-2.91533E-1
7.07600E+11	3.10863E-11	-1.54844E+1	1.67705E-1	-1.26710E-2
7.07775E+11	2.51497E-11	-1.56300E+1	4.70782E-2	1.58545E-1
7.07950E+11	2.29343E-11	-1.63716E+1	-1.51382E-1	-1.19339E-2
7.08125E+11	1.16859E-11	-1.69156E+1	9.66675E-2	-1.04878E-1
7.08300E+11	1.52526E-11	-1.67347E+1	3.50960E-2	1.41343E-1
7.08475E+11	1.91768E-11	-1.55281E+1	-1.55505E-1	-6.18082E-2
7.08650E+11	1.32884E-11	-1.61256E+1	1.92892E-2	-1.55018E-1
7.08825E+11	1.72707E-11	-1.40282E+1	1.83207E-1	-7.73832E-2
7.09000E+11	2.01641E-11	-1.54509E+1	1.16337E-1	1.22352E-1
7.09175E+11	2.16953E-11	-1.52599E+1	-1.72582E-1	1.09043E-3
7.09350E+11	1.24185E-11	-1.77262E+1	3.22314E-2	-1.25862E-1
7.09525E+11	1.64790E-11	-1.78271E+1	2.73569E-2	1.25476E-1
7.09700E+11	2.58095E-11	-1.71858E+1	-1.37444E-1	-1.50337E-2
7.09875E+11	9.48581E-12	-2.07343E+1	5.79556E-2	-7.13132E-2
7.10050E+11	4.30604E-12	-2.24722E+1	7.11607E-2	-2.44054E-2
7.10225E+11	6.89327E-12	-2.06961E+1	3.29130E-2	8.62304E-2
7.10400E+11	3.35921E-12	-2.36908E+1	-5.88865E-2	2.84111E-2
7.10575E+11	5.45359E-12	-2.30917E+1	-3.11112E-2	-6.27633E-2
7.10750E+11	3.32298E-12	-2.47725E+1	5.77004E-2	-1.72882E-3
7.10925E+11	1.22369E-11	-1.93813E+1	-8.93749E-2	5.95247E-2
7.11100E+11	7.98300E-12	-2.20332E+1	-2.76285E-2	-7.41494E-2
7.11275E+11	6.57387E-12	-2.25383E+1	7.46502E-2	1.19567E-3
7.11450E+11	2.34216E-11	-1.76227E+1	1.71330E-2	1.30361E-1
7.11625E+11	1.66014E-11	-1.81571E+1	-1.23315E-1	8.90630E-3
7.11800E+11	1.99274E-11	-1.99889E+1	3.58135E-2	-9.35034E-2
7.11975E+11	2.28802E-11	-1.84392E+1	4.36567E-2	1.11438E-1
7.12150E+11	2.96267E-11	-1.80830E+1	-1.19617E-1	3.52242E-2
7.12325E+11	2.33064E-11	-1.80164E+1	-1.76510E-3	-1.25642E-1
7.12500E+11	2.32445E-11	-1.78427E+1	1.15647E-1	5.53122E-2
7.12675E+11	1.72629E-11	-1.77429E+1	-6.68353E-2	1.11123E-1
7.12850E+11	9.40998E-12	-2.10504E+1	-4.15913E-2	-7.82416E-2
7.13025E+11	1.03613E-11	-1.94009E+1	1.06957E-1	-6.26739E-3
7.13200E+11	1.73486E-11	-1.80920E+1	-8.44073E-3	1.24280E-1
7.13375E+11	2.79556E-11	-1.54229E+1	-1.67039E-1	-2.80457E-2
7.13550E+11	3.78710E-11	-1.42267E+1	7.09860E-2	-1.80960E-1
7.13725E+11	6.88621E-11	-1.07278E+1	2.63752E-1	1.22493E-1
7.13900E+11	6.76651E-11	-1.05197E+1	-1.93602E-1	2.26364E-1
7.14075E+11	9.37394E-11	-7.56869E+0	-1.42390E-1	-3.93399E-1
7.14250E+11	1.14705E-10	-5.67506E+0	5.04280E-1	1.28084E-1
7.14425E+11	1.35377E-10	-2.77151E+0	-5.87426E-1	4.28011E-1
7.14600E+11	1.27321E-10	-3.29540E+0	-8.27712E-2	-6.79250E-1
7.14775E+11	1.60206E-10	-1.21437E+0	8.62735E-1	1.08438E-1
7.14950E+11	1.72786E-10	-7.34414E-1	-3.85278E-1	8.34255E-1
7.15125E+11	9.08525E-11	-6.71205E-1	-7.37751E-1	-5.59038E-1
7.15300E+11	1.42739E-10	-7.20068E-1	8.53353E-1	-3.44968E-1
7.15475E+11	7.84687E-11	-8.74430E-1	-3.87203E-1	8.17132E-1
7.15650E+11	7.94015E-11	9.52868E-1	-7.55153E-1	-8.21633E-1
7.15825E+11	5.60193E-11	5.59697E-1	1.05112E+0	1.80815E-1
7.16000E+11	4.84761E-11	9.47714E-1	-5.97483E-1	9.41740E-1
7.16175E+11	2.71559E-11	-5.16279E+0	-2.57237E-1	-4.88286E-1
7.16350E+11	4.11665E-11	-2.34580E+0	7.51645E-1	-1.33026E-1
7.16525E+11	2.41342E-11	-3.71029E+0	-9.83199E-2	6.44906E-1
7.16700E+11	1.89596E-11	-2.06156E+0	-4.94834E-1	-6.14180E-1
7.16875E+11	1.29372E-11	-4.18872E+0	5.96995E-1	-1.57402E-1
7.17050E+11	1.05513E-11	-3.37403E+0	6.18629E-2	6.75280E-1
7.17225E+11	9.92620E-12	-5.28298E+0	-5.44238E-1	-9.20367E-3
7.17400E+11	1.23256E-11	-3.47456E+0	5.85082E-1	-3.27089E-1
7.17575E+11	3.49103E-12	-5.68930E+0	3.26548E-1	4.03960E-1
7.17750E+11	1.37338E-11	-1.35687E+0	-8.09452E-1	-2.76501E-1
7.17925E+11	5.18441E-12	-4.02150E+0	7.93596E-2	-6.24374E-1
7.18100E+11	5.75080E-12	-1.09767E-1	9.82628E-1	9.73822E-2
7.18275E+11	3.18147E-12	-5.58539E+0	6.22776E-2	5.21989E-1
7.18450E+11	1.28125E-12	-9.16345E+0	3.65775E-2	-3.46272E-1
7.18625E+11	2.22358E-13	-1.76394E+1	-9.92742E-2	8.58225E-2
7.18800E+11	1.45688E-12	-9.21232E+0	-1.02616E-2	3.46093E-1
7.18975E+11	2.93200E-13	-1.85277E+1	-1.18310E-1	-6.19454E-3
7.19150E+11	1.30037E-12	-9.44577E+0	-2.27896E-1	-2.48345E-1
7.19325E+11	1.40937E-12	-1.31116E+1	2.07969E-1	-7.48066E-2
7.19500E+11	2.34976E-12	-9.81274E+0	1.47089E-1	2.87699E-1
7.19675E+11	9.17513E-13	-1.23821E+1	-9.57995E-2	-2.20463E-1
7.19850E+11	8.40149E-13	-1.48081E+1	-1.21696E-1	-1.35061E-1
7.20025E+11	3.76349E-13	-1.58973E+1	9.28859E-2	-1.30736E-1
7.20200E+11	2.13797E-13	-1.89553E+1	4.94913E-2	1.01342E-1
7.20375E+11	8.41818E-13	-1.63613E+1	-1.47999E-1	-3.47842E-2
7.20550E+11	3.56676E-12	-1.14271E+1	5.61844E-3	-2.68257E-1
7.20725E+11	5.63526E-14	-3.07265E+1	2.89202E-2	-3.09640E-3
7.20900E+11	5.72333E-14	-3.02199E+1	4.72997E-3	-3.04673E-2
7.21075E+11	6.99183E-13	-1.97678E+1	3.81243E-3	-1.02639E-1
7.21250E+11	4.16274E-12	-1.17556E+1	-5.33873E-2	-2.52780E-1
7.21425E+11	2.67060E-12	-1.00935E+1	3.05908E-1	-6.54918E-2
7.21600E+11	8.77685E-14	-2.44120E+1	4.49149E-2	-4.00431E-2
7.21775E+11	3.40100E-13	-1.55663E+1	8.87958E-2	1.40969E-1
7.21950E+11	6.76539E-13	-1.22219E+1	-1.95260E-1	-1.47735E-1
7.22125E+11	2.00976E-12	-1.15894E+1	2.08420E-1	1.60978E-1
7.22300E+11	3.21475E-12	-4.06752E+0	-4.57481E-1	4.27407E-1
7.22475E+11	1.14506E-12	-9.94982E+0	-1.61526E-1	-2.73992E-1
7.22650E+11	1.93257E-12	-8.07377E+0	3.91856E-1	4.76299E-2
7.22825E+11	4.99628E-12	-2.56639E+0	-4.83975E-1	5.65312E-1
7.23000E+11	4.72505E-12	-4.57734E+0	-1.69874E-1	-5.65415E-1
7.23175E+11	1.60066E-12	3.78638E+0	1.53393E-1	1.53876E+0
7.23350E+11	8.99523E-13	-1.09312E+1	-5.20328E-2	2.79275E-1
7.23525E+11	9.00060E-13	-4.81265E+0	-3.00218E-1	-4.89936E-1
7.23700E+11	1.10329E-12	-4.48852E+0	3.68184E-1	-4.69247E-1
7.23875E+11	7.99683E-13	-8.21299E+0	2.30421E-1	3.12746E-1
7.24050E+11	7.08921E-12	5.53812E+0	-1.80985E+0	-5.51242E-1
7.24225E+11	5.05751E-12	2.87511E+0	-1.19543E+0	-7.13894E-1
7.24400E+11	4.16776E-12	3.98909E+0	1.45195E+0	-6.30425E-1
7.24575E+11	1.20663E-11	1.18145E+1	-2.07770E+0	-3.29689E+0
7.24750E+11	9.15257E-12	1.17837E+1	-3.74200E+0	-1.03744E+0
7.24925E+11	1.35693E-11	5.38319E+0	4.81786E-1	1.79495E+0
7.25100E+11	8.45047E-12	3.97268E+0	-9.55940E-1	-1.25790E+0
7.25275E+11	1.21924E-12	-3.87178E+0	-3.89699E-1	5.08105E-1
7.25450E+11	1.95079E-12	7.45301E+0	-2.35281E+0	-1.64928E-1
7.25625E+11	3.40509E-12	7.74734E+0	1.15509E+0	2.14912E+0
7.25800E+11	9.30225E-13	-7.17490E+0	4.36409E-1	-3.46086E-2
7.25975E+11	5.01540E-12	1.19006E-1	-9.67815E-1	3.01853E-1
7.26150E+11	3.83274E-13	-1.32618E+1	4.40423E-2	-2.12712E-1
7.26325E+11	2.69028E-12	-1.02744E+0	8.53267E-1	-2.47509E-1
7.26500E+11	4.34976E-13	-5.55819E+0	-3.66896E-1	3.78781E-1
7.26675E+11	1.91631E-13	-1.51924E+1	3.02147E-2	-1.71287E-1
7.26850E+11	2.07101E-12	1.30984E+0	1.13357E+0	2.58941E-1
7.27025E+11	8.02737E-13	4.84160E-1	-5.43513E-1	-9.06933E-1
7.27200E+11	9.88515E-13	1.48359E+0	-9.89118E-1	6.54872E-1
7.27375E+11	1.56067E-12	-1.20021E+0	4.12801E-1	-7.66901E-1
7.27550E+11	4.16837E-13	-1.02655E+1	2.95202E-1	8.32200E-2
7.27725E+11	1.17149E-12	4.14707E+0	-2.05679E-1	1.59878E+0
7.27900E+11	4.29102E-13	-1.30029E+1	-1.93523E-1	-1.12403E-1
7.28075E+11	2.15584E-12	-3.44781E+0	6.52059E-1	1.64022E-1
7.28250E+11	1.67464E-13	-1.64368E+1	1.08524E-2	1.50326E-1
7.28425E+11	2.06346E-13	-1.44090E+1	-1.83343E-1	5.11681E-2
7.28600E+11	1.77959E-13	-7.55462E+0	-5.73421E-2	4.15111E-1
7.28775E+11	2.51444E-13	-1.18057E+1	1.95554E-1	-1.66558E-1
7.28950E+11	4.71976E-15	-1.56783E+1	-6.27760E-2	-1.52018E-1
7.29125E+11	2.33024E-13	-1.80359E+1	9.54790E-2	-8.12538E-2
7.29300E+11	3.46517E-12	-6.67322E+0	4.30025E-1	-1.73775E-1
7.29475E+11	1.57713E-12	-7.00275E+0	-3.74734E-1	2.42847E-1
7.29650E+11	3.88171E-12	-5.46595E-1	4.93256E-1	-7.99023E-1
7.29825E+11	1.86051E-12	-2.63671E+0	-1.36185E-1	7.25513E-1
7.30000E+11	3.12862E-12	-3.43789E-1	-8.48062E-1	4.52418E-1
