Position	Channel 1	Channel 2	Channel 3	Channel 4
2.70000E+11	5.13885E-13	-3.42697E+0	6.15730E-1	2.74108E-1
2.70156E+11	1.76576E-12	1.02274E+1	-3.60114E-1	-3.22614E+0
2.70313E+11	1.32330E-12	1.78671E+1	-7.67600E+0	-1.50756E+0
2.70469E+11	6.18847E-13	-1.25733E-1	-7.96480E-1	5.80589E-1
2.70625E+11	2.95774E-14	-1.30905E+1	-2.08021E-1	-7.62358E-2
2.70781E+11	3.34798E-13	2.08850E+0	9.97890E-1	-7.88502E-1
2.70938E+11	8.40413E-14	-1.42158E+1	1.69731E-1	-9.52486E-2
2.71094E+11	1.87413E-12	-2.41907E+0	6.33252E-1	-4.14620E-1
2.71250E+11	5.67036E-13	5.57246E-1	3.53182E-2	1.06567E+0
2.71406E+11	1.90459E-13	-1.27920E+1	1.34169E-1	1.85947E-1
2.71563E+11	4.74312E-13	2.11559E+0	1.12966E+0	-5.92880E-1
2.71719E+11	8.84666E-13	7.12549E+0	-2.40510E-1	2.25853E+0
2.71875E+11	3.25590E-14	-1.44645E+1	-1.67093E-1	-8.86159E-2
2.72031E+11	1.71373E-12	2.37678E+0	9.40495E-1	-9.18695E-1
2.72188E+11	7.38689E-13	-4.55877E+0	3.80840E-1	-4.52775E-1
2.72344E+11	5.90055E-13	-5.36207E+0	3.43333E-1	4.15999E-1
2.72500E+11	2.47469E-13	-6.82847E+0	4.45597E-1	-9.49111E-2
2.72656E+11	1.74774E-13	-1.25829E+1	1.79267E-1	-1.51771E-1
2.72813E+11	3.29868E-13	-1.08325E+1	2.78661E-1	-7.00308E-2
2.72969E+11	3.13523E-14	-1.77118E+1	-1.30725E-2	-1.29482E-1
2.73125E+11	6.56580E-13	-5.19460E+0	-5.49446E-1	-2.19172E-2
2.73281E+11	6.87394E-13	-2.84980E+0	6.82784E-1	-2.29413E-1
2.73438E+11	9.59825E-14	-1.46955E+1	1.72131E-1	-6.54996E-2
2.73594E+11	2.15894E-12	1.28257E+1	1.62718E+0	-4.06446E+0
2.73750E+11	8.94325E-14	-1.10878E+1	2.44460E-2	2.77931E-1
2.73906E+11	2.44550E-12	2.36692E+0	4.84986E-1	-1.22041E+0
2.74063E+11	2.00055E-12	-6.82579E-2	2.08125E-1	9.70098E-1
2.74219E+11	5.49102E-13	7.50793E-1	-3.64869E-1	-1.02742E+0
2.74375E+11	2.44641E-13	-1.16820E+1	1.86101E-1	1.82363E-1
2.74531E+11	1.57574E-12	1.54700E+1	-2.26616E+0	-5.48646E+0
2.74687E+11	1.07088E-12	1.11905E+0	-8.14381E-1	-7.94164E-1
2.74844E+11	3.01846E-13	-1.04578E+1	2.55482E-1	-1.57241E-1
2.75000E+11	3.44096E-13	-5.68676E+0	4.93046E-1	-1.63954E-1
2.75156E+11	4.73346E-14	-1.50262E+1	1.76778E-1	-1.35036E-2
2.75313E+11	2.02107E-13	-4.89743E+0	-5.66386E-1	-5.47000E-2
2.75469E+11	1.84007E-13	-4.57370E+0	4.30315E-1	4.04563E-1
2.75625E+11	1.10167E-12	-1.86917E-1	-3.40834E-1	-9.17445E-1
2.75781E+11	3.46132E-13	-1.29608E+1	3.18616E-2	-2.22616E-1
2.75937E+11	4.47940E-13	-9.70148E+0	3.16129E-1	8.47236E-2
2.76094E+11	7.21069E-13	1.13093E+1	2.39254E+0	-2.79180E+0
2.76250E+11	4.09351E-13	-4.17068E+0	1.57273E-1	5.98356E-1
2.76406E+11	5.67676E-13	-2.77029E+0	6.09103E-1	-3.96741E-1
2.76563E+11	6.87356E-14	-1.32907E+1	-1.69184E-1	1.35094E-1
2.76719E+11	2.14465E-13	-7.86629E+0	2.12846E-2	4.03722E-1
2.76875E+11	6.84181E-13	3.81024E+0	6.59886E-1	1.40323E+0
2.77031E+11	4.85727E-13	-6.68605E+0	-3.88126E-1	2.52670E-1
2.77187E+11	5.18705E-13	1.96116E+0	-8.28275E-1	9.40607E-1
2.77344E+11	2.65254E-13	-1.12895E+1	2.30142E-1	-1.46102E-1
2.77500E+11	1.20828E-12	5.85631E+0	1.75344E+0	8.81452E-1
2.77656E+11	7.63730E-14	-9.35024E+0	-1.20340E-1	3.18836E-1
2.77813E+11	1.15991E-12	-9.20934E-2	-5.01891E-1	8.52715E-1
2.77969E+11	1.03979E-12	4.20195E-1	4.08159E-1	9.66951E-1
2.78125E+11	1.94159E-13	-7.52877E+0	-1.89557E-1	-3.75129E-1
2.78281E+11	1.25563E-12	-3.67829E+0	6.37972E-1	-1.47341E-1
2.78437E+11	2.19058E-13	-3.49009E+0	-1.88672E-1	-6.41956E-1
2.78594E+11	1.48459E-12	4.73742E+0	5.86023E-1	-1.62275E+0
2.78750E+11	2.06972E-12	3.11165E+0	1.41175E+0	2.32777E-1
2.78906E+11	7.04519E-13	-2.87956E+0	-1.93121E-1	-6.91365E-1
2.79063E+11	1.80802E-12	1.44101E+1	3.80888E+0	3.61926E+0
2.79219E+11	2.20951E-13	-3.40823E+0	6.58365E-1	-1.50925E-1
2.79375E+11	2.61729E-13	-2.82153E+0	-7.09477E-1	1.37316E-1
2.79531E+11	1.63015E-12	3.33215E+0	7.53915E-1	-1.25915E+0
2.79687E+11	1.55362E-13	-1.43849E+1	1.47682E-1	1.20930E-1
2.79844E+11	6.00938E-13	3.55591E+0	-2.46281E-1	1.48562E+0
2.80000E+11	7.85736E-13	-3.74684E+0	2.72012E-1	-5.89926E-1
2.80156E+11	4.56607E-13	-2.08184E+0	-5.54136E-1	5.58670E-1
2.80313E+11	3.40965E-13	-5.49382E+0	1.04216E-1	-5.20940E-1
2.80469E+11	2.09173E-12	-2.28241E+0	6.83058E-1	3.53080E-1
2.80625E+11	1.53393E-13	-1.09585E+1	-7.13411E-2	2.74053E-1
2.80781E+11	9.21479E-15	-3.04315E+1	-1.00523E-2	2.83613E-2
2.80937E+11	1.81044E-12	4.56094E+0	1.01364E+0	-1.35305E+0
2.81094E+11	3.90956E-13	-1.96393E+0	3.93131E-1	-6.94023E-1
2.81250E+11	3.25499E-13	8.18914E+0	2.33732E+0	1.06177E+0
2.81406E+11	4.81423E-14	-1.77282E+1	4.29447E-2	-1.22590E-1
2.81563E+11	3.31482E-13	-5.08118E+0	1.79603E-1	5.27365E-1
2.81719E+11	5.29737E-13	-4.52968E+0	-4.77981E-1	-3.52039E-1
2.81875E+11	1.52791E-12	-2.86341E+0	7.18008E-1	4.08074E-2
2.82031E+11	3.15465E-13	-1.65323E+1	-1.47415E-1	2.21346E-2
2.82187E+11	1.84973E-12	-1.33959E+1	-1.05495E-1	1.86071E-1
2.82344E+11	1.29465E-12	-1.77178E+1	-1.14193E-1	-6.22315E-2
2.82500E+11	7.56285E-14	-2.02261E+1	9.41969E-2	-2.48945E-2
2.82656E+11	1.55245E-13	-1.09742E+1	-1.33260E-1	2.49293E-1
2.82813E+11	3.91991E-13	2.02212E+0	-1.25426E+0	1.40777E-1
2.82969E+11	8.27049E-13	-3.89896E+0	-4.78247E-1	-4.22797E-1
2.83125E+11	9.69446E-13	-6.65359E-1	9.26211E-1	-9.29486E-3
2.83281E+11	4.86741E-13	1.06464E+1	2.75497E+0	2.00373E+0
2.83437E+11	4.14796E-13	1.84543E+0	1.23073E+0	-1.21573E-1
2.83594E+11	4.16891E-13	-7.09020E+0	-4.21608E-1	1.32934E-1
2.83750E+11	5.55913E-13	-2.26535E+0	6.69948E-1	-3.80435E-1
2.83906E+11	1.63154E-14	-1.86311E+1	8.45496E-2	8.09738E-2
2.84063E+11	2.44433E-12	9.45312E+0	3.66386E-1	2.94662E+0
2.84219E+11	4.59563E-13	-6.28429E+0	4.83058E-1	-4.39032E-2
2.84375E+11	5.26726E-13	-5.50329E+0	1.53039E-1	5.08137E-1
2.84531E+11	9.35689E-13	5.55381E-1	7.51066E-2	1.06338E+0
2.84687E+11	4.60174E-13	8.33877E+0	-2.39596E+0	-1.03963E+0
2.84844E+11	5.36921E-13	-6.14300E+0	-4.91898E-1	3.30034E-2
2.85000E+11	2.60173E-12	2.76673E+0	1.09049E+0	-8.37707E-1
2.85156E+11	9.94672E-13	-3.23331E+0	1.19285E-2	6.89079E-1
2.85313E+11	1.05054E-13	8.90926E-1	5.47498E-1	-9.63300E-1
2.85469E+11	5.55054E-13	1.15101E+1	-2.48866E+0	-2.82220E+0
2.85625E+11	1.14615E-13	-1.71461E+1	3.22947E-2	1.35091E-1
2.85781E+11	1.95261E-12	-1.02072E+0	-4.03906E-1	-7.92090E-1
2.85938E+11	3.32067E-13	-5.66942E+0	-3.86522E-1	-3.48793E-1
2.86094E+11	5.46400E-13	1.47110E+1	-5.16887E+0	1.69403E+0
2.86250E+11	4.69706E-13	5.92886E+0	1.86296E+0	6.67671E-1
2.86406E+11	7.85302E-13	-2.89516E+0	-6.49038E-1	3.03617E-1
2.86562E+11	3.49080E-13	-1.07403E+1	-1.95135E-1	2.15057E-1
2.86719E+11	8.10610E-13	4.57692E+0	-1.69351E+0	-2.75576E-2
2.86875E+11	1.11725E-13	-1.14572E+1	2.27219E-1	1.40949E-1
2.87031E+11	8.21007E-13	5.11793E+0	1.80000E+0	-9.65021E-2
2.87188E+11	6.82630E-13	-8.55761E+0	3.69339E-1	5.45972E-2
2.87344E+11	1.09183E-12	-2.12047E+0	6.52972E-1	-4.32809E-1
2.87500E+11	2.24918E-12	1.23237E+1	3.90902E+0	-1.33974E+0
2.87656E+11	4.40182E-13	1.73626E+0	8.31770E-1	-8.94242E-1
2.87812E+11	3.66568E-13	-7.98136E+0	-3.90504E-1	-8.17157E-2
2.87969E+11	6.34298E-13	-2.59618E+0	6.04729E-1	4.29334E-1
2.88125E+11	9.18422E-13	-2.06621E+0	-6.40898E-1	4.58977E-1
2.88281E+11	1.24140E-12	-3.84310E-1	-9.56111E-1	-3.41082E-2
2.88438E+11	3.28993E-12	6.09373E+0	-3.58283E-1	-1.98483E+0
2.88594E+11	1.04997E-12	-5.60943E-3	2.20326E-1	-9.74764E-1
2.88750E+11	2.84130E-12	7.14755E+0	1.50653E+0	1.70747E+0
2.88906E+11	2.73704E-13	1.29731E+0	-1.12112E+0	3.02007E-1
2.89062E+11	1.53108E-13	-7.75395E+0	-7.27695E-2	4.03029E-1
2.89219E+11	1.83529E-13	-7.57831E+0	-3.50424E-1	2.27713E-1
2.89375E+11	1.82366E-12	3.87929E+0	5.05596E-1	-1.47899E+0
2.89531E+11	5.77003E-13	-6.82791E+0	3.87234E-1	2.40086E-1
2.89688E+11	1.67164E-12	-7.24863E+0	-4.22326E-1	-1.00323E-1
2.89844E+11	1.78084E-12	-1.99731E+1	-6.69123E-2	7.47323E-2
2.90000E+11	2.12387E-13	-3.78788E+1	-1.10742E-2	6.35113E-3
2.90156E+11	3.20979E-12	-3.05707E+1	2.95676E-2	1.61599E-3
2.90312E+11	8.89988E-13	-3.86955E+1	-8.16317E-3	8.27039E-3
2.90469E+11	6.50867E-13	-3.96954E+1	-1.01720E-3	1.03069E-2
2.90625E+11	1.67096E-12	-3.86910E+1	-1.04716E-2	-5.05186E-3
2.90781E+11	3.13365E-13	-4.58795E+1	-4.73694E-4	-5.05975E-3
2.90938E+11	1.55805E-12	-4.12283E+1	-3.50941E-3	7.94030E-3
2.91094E+11	1.23888E-12	-3.99032E+1	4.86779E-4	1.01004E-2
2.91250E+11	5.55504E-13	-4.15936E+1	8.31855E-3	-2.93742E-4
2.91406E+11	2.26604E-12	-2.82698E+1	-2.74582E-2	-2.71196E-2
2.91562E+11	1.64764E-12	-2.97596E+1	2.13335E-2	2.45313E-2
2.91719E+11	1.41497E-13	-3.63576E+1	1.33548E-2	7.27895E-3
2.91875E+11	8.09533E-13	-2.58457E+1	3.31959E-2	-3.87401E-2
2.92031E+11	1.17468E-13	-3.06384E+1	2.23677E-3	-2.92965E-2
2.92188E+11	4.85905E-14	-3.25051E+1	7.97104E-3	2.23191E-2
2.92344E+11	1.57922E-14	-3.50127E+1	1.39448E-2	1.09931E-2
2.92500E+11	7.13127E-13	-1.65978E+1	3.05754E-2	1.44755E-1
2.92656E+11	2.61355E-12	-6.45975E+0	-3.73784E-1	-2.93670E-1
2.92812E+11	3.71660E-12	-8.68773E+0	3.70817E-2	-3.65927E-1
2.92969E+11	2.27770E-13	-2.06352E+1	5.27339E-2	7.65406E-2
2.93125E+11	3.44734E-13	-1.11713E+1	-8.39750E-3	2.76208E-1
2.93281E+11	4.44518E-13	-1.66680E+1	1.58958E-2	1.45894E-1
2.93438E+11	5.61841E-13	-9.51379E+0	3.26940E-1	7.04013E-2
2.93594E+11	3.82558E-13	-1.44831E+1	1.09368E-1	-1.53812E-1
2.93750E+11	1.26147E-12	-1.52868E+0	-7.26455E-1	4.18986E-1
2.93906E+11	1.06103E-13	-1.42750E+1	-1.28724E-1	1.44215E-1
2.94062E+11	3.05495E-12	7.43756E-1	-3.35101E-1	1.03658E+0
2.94219E+11	6.87988E-13	-7.01109E+0	4.45973E-1	-1.11969E-2
2.94375E+11	3.87816E-13	-1.06959E+1	2.91788E-1	-7.26486E-3
2.94531E+11	1.53670E-12	-3.53012E+0	-9.61899E-2	6.59047E-1
2.94688E+11	1.08975E-12	5.61068E+0	-1.45589E+0	-1.23292E+0
2.94844E+11	9.23040E-13	-2.05626E+0	-5.00881E-1	-6.09880E-1
2.95000E+11	9.04608E-13	1.23125E+1	-2.56129E+0	-3.23592E+0
2.95156E+11	4.63349E-14	-4.94965E+0	5.51906E-1	-1.23753E-1
2.95312E+11	1.83617E-12	-3.09359E+0	5.23239E-1	4.65535E-1
2.95469E+11	7.28376E-12	-3.34043E+0	1.94121E-1	-6.52471E-1
2.95625E+11	7.38060E-12	3.92671E+0	3.50594E-1	1.53197E+0
2.95781E+11	2.88660E-12	-4.24007E+0	-6.01735E-1	-1.20880E-1
2.95938E+11	3.94572E-12	-5.14996E+0	2.71140E-1	-4.81641E-1
2.96094E+11	3.44998E-12	-2.10633E+0	-9.81550E-3	7.84602E-1
2.96250E+11	3.53372E-12	-4.17927E+0	-4.45146E-1	-4.28781E-1
2.96406E+11	1.09762E-11	2.36174E-1	9.55296E-1	-3.78545E-1
2.96562E+11	1.61065E-11	4.75951E+0	-1.66305E+0	4.75611E-1
2.96719E+11	1.85556E-11	1.48303E+0	1.18486E+0	-5.60739E-2
2.96875E+11	1.50502E-12	-3.12239E+0	-3.99655E-1	5.72308E-1
2.97031E+11	3.97867E-13	-1.52997E+1	-5.26190E-2	-1.63540E-1
2.97188E+11	6.21209E-13	-1.28045E+1	9.40116E-2	-2.08779E-1
2.97344E+11	6.25868E-13	-5.27779E+0	-4.07574E-1	3.61272E-1
2.97500E+11	2.09435E-13	-1.61450E+1	-1.54814E-1	-1.80726E-2
2.97656E+11	8.82248E-13	5.37596E+0	1.31114E+0	1.31496E+0
2.97812E+11	5.06524E-13	-9.88621E+0	6.75530E-2	3.13195E-1
2.97969E+11	1.15647E-12	-9.42391E+0	-2.96115E-1	-1.62791E-1
2.98125E+11	3.98261E-12	-6.30583E+0	2.58529E-1	4.08988E-1
2.98281E+11	4.88783E-13	-1.99812E+1	-9.68636E-2	2.57074E-2
2.98438E+11	4.36902E-12	-1.22694E+1	-6.46889E-2	-2.34767E-1
2.98594E+11	6.31916E-14	-3.20131E+1	-1.43618E-2	2.05620E-2
2.98750E+11	3.03275E-12	-1.97674E+1	-5.32897E-2	8.78095E-2
2.98906E+11	1.72515E-12	-2.57504E+1	4.03830E-2	-3.20892E-2
2.99062E+11	2.15591E-13	-3.67352E+1	-5.92193E-3	1.33042E-2
2.99219E+11	1.45490E-12	-2.97045E+1	-2.96316E-2	1.38700E-2
2.99375E+11	6.21497E-13	-3.46310E+1	1.24793E-2	1.37310E-2
2.99531E+11	1.28781E-12	-3.13380E+1	-4.01951E-3	-2.68085E-2
2.99688E+11	6.54767E-13	-3.43478E+1	1.79227E-2	-6.80018E-3
2.99844E+11	2.52154E-13	-3.72006E+1	-9.14612E-3	-1.03376E-2
3.00000E+11	1.75800E-12	-2.86645E+1	3.54663E-2	-1.01089E-2
3.00156E+11	1.22685E-12	-3.10014E+1	4.02405E-3	2.78905E-2
3.00312E+11	1.23018E-12	-3.17544E+1	-2.28077E-2	-1.21440E-2
3.00469E+11	1.69286E-12	-3.15209E+1	2.44197E-3	-2.64307E-2
3.00625E+11	1.75357E-12	-3.57701E+1	1.38692E-2	8.51415E-3
3.00781E+11	3.96608E-12	-3.78679E+1	-1.05116E-2	7.27276E-3
3.00938E+11	1.64231E-11	-3.65824E+1	3.28717E-3	-1.44519E-2
3.01094E+11	5.73971E-11	-3.26162E+1	2.30416E-2	4.07125E-3
3.01250E+11	7.11996E-11	-3.75436E+1	-1.32486E-2	-7.25779E-4
3.01406E+11	2.66514E-11	-4.50921E+1	2.75028E-3	-4.83689E-3
3.01562E+11	9.25337E-12	-5.06442E+1	2.35725E-3	1.75068E-3
3.01719E+11	1.26077E-11	-5.02580E+1	-1.49226E-3	2.68259E-3
3.01875E+11	7.52744E-12	-5.37290E+1	-1.75398E-3	-1.07746E-3
3.02031E+11	1.05543E-11	-5.25936E+1	3.85611E-4	-2.31405E-3
3.02188E+11	1.11077E-11	-5.11850E+1	2.75020E-3	2.20097E-4
3.02344E+11	1.27343E-11	-4.78071E+1	-2.54047E-3	3.18039E-3
3.02500E+11	4.28272E-12	-5.02968E+1	-7.66022E-4	-2.95847E-3
3.02656E+11	6.80610E-13	-5.63106E+1	1.44986E-3	-4.86235E-4
3.02812E+11	2.36972E-12	-4.95075E+1	-9.21853E-4	3.21731E-3
3.02969E+11	4.60401E-12	-4.54019E+1	-5.36703E-3	1.50347E-4
3.03125E+11	1.78977E-12	-4.76316E+1	3.11971E-3	-2.74217E-3
3.03281E+11	5.89663E-12	-3.83094E+1	5.15096E-3	1.10026E-2
3.03438E+11	2.18769E-11	-2.65462E+1	-4.36020E-2	-1.77176E-2
3.03594E+11	1.49548E-11	-2.45876E+1	5.77030E-2	-1.21499E-2
3.03750E+11	5.12929E-12	-2.73447E+1	-1.30269E-2	4.09061E-2
3.03906E+11	9.54743E-12	-2.54654E+1	-5.27206E-2	7.83914E-3
3.04062E+11	8.72627E-12	-2.63109E+1	-9.47117E-3	-4.74201E-2
3.04219E+11	2.41678E-11	-2.47037E+1	5.48386E-2	-1.94488E-2
3.04375E+11	1.12432E-10	-1.70791E+1	-8.33024E-2	1.12486E-1
3.04531E+11	5.75742E-10	-1.04131E+1	-1.47761E-2	-3.01178E-1
3.04688E+11	1.52957E-9	-7.30553E+0	1.95857E-1	3.84203E-1
3.04844E+11	2.05851E-9	-5.71449E+0	-4.55971E-1	-2.45657E-1
3.05000E+11	2.35736E-9	-4.91053E+0	5.67049E-1	3.55759E-2
3.05156E+11	2.30029E-9	-4.36074E+0	-5.68005E-1	2.09154E-1
3.05312E+11	1.93686E-9	-3.06932E+0	4.89005E-1	-5.04109E-1
3.05469E+11	2.02016E-9	-1.51403E+0	-2.68684E-1	7.95910E-1
3.05625E+11	2.44396E-9	2.17722E+0	2.20698E-1	-1.26578E+0
3.05781E+11	1.83372E-9	4.97169E+0	-2.01533E-1	1.76100E+0
3.05938E+11	3.68306E-10	-8.39973E-1	-3.41254E-1	-8.41242E-1
3.06094E+11	1.68299E-10	-3.15700E+0	6.46784E-1	2.55075E-1
3.06250E+11	1.12213E-10	-2.43125E+0	-4.84498E-1	5.80151E-1
3.06406E+11	7.05255E-11	-6.91537E+0	3.98109E-3	-4.51039E-1
3.06562E+11	1.64541E-10	-3.89584E+0	5.41219E-1	3.38900E-1
3.06719E+11	4.29569E-10	-1.45927E+0	-8.40571E-1	8.97579E-2
3.06875E+11	6.70040E-10	-7.02000E-1	8.90724E-1	-2.39493E-1
3.07031E+11	3.79734E-10	-4.27830E+0	-4.85852E-1	3.70600E-1
3.07188E+11	1.99894E-10	-6.48158E+0	-5.01838E-2	-4.71493E-1
3.07344E+11	1.99766E-10	-7.56450E+0	3.93954E-1	1.41444E-1
3.07500E+11	2.50315E-10	-4.04906E+0	-5.07607E-1	3.68741E-1
3.07656E+11	3.01574E-10	-4.17951E+0	-7.82555E-2	-6.13077E-1
3.07812E+11	4.24233E-10	-2.46998E+0	6.66249E-1	3.49793E-1
3.07969E+11	6.17484E-10	-1.19282E+0	-8.70310E-1	-4.89090E-2
3.08125E+11	1.24027E-10	-7.79103E+0	3.52506E-1	-2.05039E-1
3.08281E+11	2.77161E-11	-1.34619E+1	4.84162E-2	2.06684E-1
3.08438E+11	8.68137E-12	-1.73119E+1	-1.35859E-1	1.06043E-2
3.08594E+11	1.38364E-11	-1.31599E+1	-5.87273E-3	-2.19711E-1
3.08750E+11	1.61090E-11	-1.05567E+1	2.89256E-1	-6.55724E-2
3.08906E+11	1.97699E-11	-8.90088E+0	-1.26296E-1	3.35929E-1
3.09063E+11	1.64262E-11	-1.12510E+1	-3.11701E-2	-2.72030E-1
3.09219E+11	8.94624E-12	-1.48737E+1	1.78646E-1	-2.53298E-2
3.09375E+11	4.81394E-12	-1.90997E+1	-2.56896E-2	1.07905E-1
3.09531E+11	3.40894E-12	-2.26843E+1	-7.32424E-2	-5.03255E-3
3.09687E+11	1.99928E-12	-2.60236E+1	-2.05175E-2	-4.55776E-2
3.09844E+11	4.06392E-12	-2.14187E+1	5.59528E-2	6.38943E-2
3.10000E+11	3.20109E-14	-3.95825E+1	-1.24941E-4	-1.04916E-2
3.10156E+11	5.53819E-12	-1.25026E+1	-3.97116E-2	-2.33716E-1
3.10313E+11	8.34814E-13	-2.47879E+1	5.56749E-2	-1.48611E-2
3.10469E+11	7.98839E-13	-2.43173E+1	6.80277E-3	6.04505E-2
3.10625E+11	2.76981E-12	-1.11050E+1	-2.06527E-2	-2.77684E-1
3.10781E+11	4.35892E-13	-2.60494E+1	-1.69754E-2	4.68539E-2
3.10937E+11	1.78539E-12	-1.45275E+1	-1.35727E-1	-1.29752E-1
3.11094E+11	7.51210E-12	-2.25189E+1	-1.62119E-3	7.48088E-2
3.11250E+11	2.42862E-11	-2.75702E+1	-2.29845E-2	-3.49495E-2
3.11406E+11	6.65243E-11	-3.16574E+1	1.95979E-2	1.72822E-2
3.11563E+11	4.96201E-11	-3.84886E+1	-1.13334E-2	-3.63024E-3
3.11719E+11	2.83323E-11	-4.44026E+1	2.76180E-3	-5.35337E-3
3.11875E+11	2.24371E-11	-4.75069E+1	3.83540E-3	1.74476E-3
3.12031E+11	3.55797E-11	-4.63615E+1	-2.49769E-3	4.10784E-3
3.12187E+11	1.14521E-10	-4.23555E+1	-6.10398E-3	-4.56925E-3
3.12344E+11	3.33614E-10	-3.83578E+1	9.48302E-3	-7.48509E-3
3.12500E+11	4.90031E-10	-3.59256E+1	-6.87223E-3	1.44327E-2
3.12656E+11	2.24539E-10	-3.71530E+1	-1.02878E-2	-9.31568E-3
3.12813E+11	9.34508E-11	-4.16811E+1	1.89484E-3	-8.01951E-3
3.12969E+11	1.03982E-10	-4.22795E+1	6.48248E-3	4.14016E-3
3.13125E+11	8.92194E-11	-4.32067E+1	-4.35296E-3	5.37039E-3
3.13281E+11	8.56213E-11	-4.40376E+1	-5.02134E-3	-3.77545E-3
3.13437E+11	1.48253E-10	-4.21577E+1	6.78623E-3	-3.84607E-3
3.13594E+11	1.08366E-10	-4.29814E+1	2.90758E-4	7.08871E-3
3.13750E+11	4.96908E-11	-4.63725E+1	-4.68268E-3	-1.06144E-3
3.13906E+11	4.40001E-11	-4.79646E+1	1.75907E-3	-3.58949E-3
3.14063E+11	6.31035E-11	-4.72085E+1	3.06147E-3	3.10560E-3
3.14219E+11	8.22310E-11	-4.62633E+1	-3.73564E-3	3.11225E-3
3.14375E+11	2.07329E-10	-4.17308E+1	-4.02550E-3	-7.13620E-3
3.14531E+11	8.52783E-10	-3.53564E+1	1.69753E-2	1.77611E-3
3.14687E+11	2.66760E-9	-3.01589E+1	-2.97642E-2	8.84092E-3
3.14844E+11	2.00628E-9	-3.15119E+1	2.01464E-2	-1.73242E-2
3.15000E+11	1.34289E-9	-3.17883E+1	-3.29398E-3	2.55268E-2
3.15156E+11	1.32617E-9	-3.03082E+1	-2.33263E-2	-1.96820E-2
3.15313E+11	2.32543E-9	-2.86238E+1	3.51080E-2	-1.18436E-2
3.15469E+11	5.93403E-9	-2.64113E+1	-2.06230E-2	4.31230E-2
3.15625E+11	1.72725E-8	-2.29442E+1	-2.25505E-2	-6.75878E-2
3.15781E+11	2.52028E-8	-2.21099E+1	5.51552E-2	5.57658E-2
3.15937E+11	1.27521E-8	-2.51489E+1	-5.06461E-2	-2.21505E-2
3.16094E+11	7.66728E-9	-2.74420E+1	4.20220E-2	-6.02644E-3
3.16250E+11	7.57573E-9	-2.73937E+1	-2.08501E-2	3.72507E-2
3.16406E+11	7.06023E-9	-2.67004E+1	-2.77989E-2	-3.69458E-2
3.16563E+11	1.17359E-8	-2.44985E+1	5.78705E-2	-1.41538E-2
3.16719E+11	2.10285E-8	-2.16121E+1	-1.49248E-2	8.17089E-2
3.16875E+11	3.36268E-8	-1.92202E+1	-7.13289E-2	-8.29392E-2
3.17031E+11	1.94961E-8	-1.82601E+1	1.10958E-1	5.11456E-2
3.17187E+11	1.37905E-8	-2.11808E+1	-7.78157E-2	3.95483E-2
3.17344E+11	1.23275E-8	-2.24956E+1	-5.12664E-3	-7.48520E-2
3.17500E+11	1.11258E-8	-2.26785E+1	6.63186E-2	3.16032E-2
3.17656E+11	1.36350E-8	-2.10056E+1	-8.15565E-2	3.57981E-2
3.17813E+11	1.77098E-8	-1.94838E+1	4.99343E-2	-9.36408E-2
3.17969E+11	1.89248E-8	-1.78777E+1	4.31370E-2	1.20170E-1
3.18125E+11	1.24165E-8	-1.88535E+1	-1.08407E-1	-3.56241E-2
3.18281E+11	5.89196E-9	-2.02565E+1	-9.21933E-2	3.04437E-2
3.18437E+11	3.72465E-9	-1.92018E+1	1.85113E-2	-1.08050E-1
3.18594E+11	4.86350E-9	-1.55815E+1	1.13272E-1	1.21776E-1
3.18750E+11	9.09159E-9	-1.09006E+1	-2.81450E-1	-4.53684E-2
3.18906E+11	1.93543E-8	-5.37612E+0	5.37202E-1	3.75192E-2
3.19063E+11	1.67690E-8	-6.47679E+0	-3.98655E-1	2.57189E-1
3.19219E+11	6.53426E-9	-1.03949E+1	1.41944E-2	-3.01838E-1
3.19375E+11	2.80659E-9	-1.34162E+1	1.88584E-1	9.98752E-2
3.19531E+11	1.16123E-9	-1.84125E+1	-1.13955E-1	3.77747E-2
3.19687E+11	3.56250E-10	-2.36494E+1	2.76336E-2	-5.95999E-2
3.19844E+11	2.01602E-10	-2.42626E+1	5.50722E-2	2.67305E-2
3.20000E+11	2.45987E-10	-2.45443E+1	-4.88279E-2	3.35851E-2
3.20156E+11	2.55465E-10	-2.76467E+1	8.42363E-3	-4.05985E-2
3.20313E+11	1.73777E-10	-3.04907E+1	1.41317E-2	2.63334E-2
3.20469E+11	4.29456E-11	-3.77674E+1	-1.28240E-2	-1.65917E-3
3.20625E+11	5.36239E-11	-3.78739E+1	5.46864E-3	-1.15435E-2
3.20781E+11	2.93098E-11	-4.11988E+1	5.98604E-3	6.32818E-3
3.20937E+11	6.12521E-11	-3.91163E+1	-1.00082E-2	4.73295E-3
3.21094E+11	4.67904E-11	-4.07994E+1	-1.15589E-3	-9.04721E-3
3.21250E+11	1.30703E-10	-3.74645E+1	1.21813E-2	5.55915E-3
3.21406E+11	9.79757E-11	-3.93918E+1	-9.01812E-3	5.80562E-3
3.21563E+11	3.35715E-11	-4.36783E+1	-1.14419E-3	-6.44690E-3
3.21719E+11	1.49985E-11	-4.76261E+1	4.14318E-3	3.28338E-4
3.21875E+11	3.16557E-11	-4.55553E+1	-3.50819E-3	3.93954E-3
3.22031E+11	8.63114E-11	-4.32361E+1	-3.36581E-3	-6.01146E-3
3.22187E+11	2.20639E-10	-4.11340E+1	8.58171E-3	1.83672E-3
3.22344E+11	8.05548E-10	-3.74549E+1	-1.06245E-2	8.17355E-3
3.22500E+11	1.72048E-9	-3.41725E+1	7.12037E-3	-1.82182E-2
3.22656E+11	1.95134E-9	-3.31808E+1	6.30667E-3	2.09994E-2
3.22813E+11	1.95291E-9	-3.31513E+1	-1.91993E-2	-1.07431E-2
3.22969E+11	1.73212E-9	-3.41149E+1	1.92999E-2	-3.90203E-3
3.23125E+11	1.16865E-9	-3.63370E+1	-7.19496E-3	1.34412E-2
3.23281E+11	9.36498E-10	-3.75737E+1	-7.25228E-3	-1.10563E-2
3.23437E+11	1.02987E-9	-3.70303E+1	1.39327E-2	2.00488E-3
3.23594E+11	4.11016E-10	-4.13795E+1	-6.82108E-3	5.12433E-3
3.23750E+11	1.09509E-10	-4.67195E+1	-9.21282E-4	-4.52051E-3
3.23906E+11	5.34046E-11	-4.98053E+1	3.19464E-3	-5.02696E-4
3.24063E+11	2.90935E-11	-5.23340E+1	8.27426E-5	2.41570E-3
3.24219E+11	6.85024E-11	-4.99834E+1	-3.01265E-3	-9.80906E-4
3.24375E+11	6.90057E-11	-5.03230E+1	1.78595E-3	-2.46853E-3
3.24531E+11	2.40085E-10	-4.50815E+1	8.47467E-4	5.50603E-3
3.24687E+11	2.06112E-10	-4.52184E+1	-2.97504E-3	-4.60661E-3
3.24844E+11	8.13494E-11	-4.91182E+1	3.40528E-3	-8.09562E-4
3.25000E+11	1.55428E-11	-5.65964E+1	4.95180E-4	1.39441E-3
3.25156E+11	1.62257E-11	-5.65759E+1	-1.37631E-3	5.52909E-4
3.25313E+11	2.23759E-11	-5.58624E+1	-1.13394E-3	-1.14320E-3
3.25469E+11	9.50895E-11	-4.93059E+1	3.10503E-3	-1.44629E-3
3.25625E+11	2.92356E-10	-4.36958E+1	-7.76588E-4	6.48814E-3
3.25781E+11	2.29314E-10	-4.40849E+1	-3.76253E-3	-4.98834E-3
3.25937E+11	1.87088E-10	-4.60359E+1	4.63691E-3	-1.84684E-3
3.26094E+11	4.10998E-10	-4.35985E+1	-2.00960E-4	6.60502E-3
3.26250E+11	1.24620E-9	-3.89377E+1	-9.85449E-3	-5.53182E-3
3.26406E+11	3.48644E-9	-3.49815E+1	1.55144E-2	-8.76812E-3
3.26563E+11	9.49832E-9	-3.07900E+1	-5.61204E-3	2.83229E-2
3.26719E+11	3.22865E-8	-2.52416E+1	-1.78314E-2	-5.17031E-2
3.26875E+11	4.06976E-8	-2.42743E+1	2.07396E-2	5.75092E-2
3.27031E+11	1.43690E-8	-2.89809E+1	-2.51889E-2	-2.50997E-2
3.27187E+11	4.97982E-9	-3.33443E+1	2.11700E-2	-3.84899E-3
3.27344E+11	2.44843E-9	-3.68103E+1	-3.46067E-3	1.40164E-2
3.27500E+11	1.67443E-9	-3.85630E+1	-1.02774E-2	-5.79596E-3
3.27656E+11	1.80790E-9	-3.81554E+1	9.92912E-3	-7.37107E-3
3.27813E+11	3.46551E-9	-3.51969E+1	-7.27114E-4	1.73691E-2
3.27969E+11	1.97736E-9	-3.75101E+1	-5.47884E-3	-1.21406E-2
3.28125E+11	7.82828E-10	-4.13527E+1	8.53649E-3	6.03928E-4
3.28281E+11	4.82937E-10	-4.33170E+1	-2.29786E-3	6.42733E-3
3.28437E+11	4.37680E-10	-4.32732E+1	-6.35975E-3	-2.57236E-3
3.28594E+11	4.14702E-10	-4.28547E+1	4.73525E-3	-5.42226E-3
3.28750E+11	7.27948E-10	-4.00087E+1	5.33874E-3	8.44386E-3
3.28906E+11	1.43427E-9	-3.75514E+1	-1.32087E-2	-1.12486E-3
3.29063E+11	1.30562E-9	-3.81709E+1	9.73917E-3	-7.58441E-3
3.29219E+11	7.09590E-10	-4.01455E+1	-6.23897E-4	9.81412E-3
3.29375E+11	7.81897E-10	-3.96846E+1	-9.79883E-3	-3.39338E-3
3.29531E+11	1.26274E-9	-3.84169E+1	5.24127E-3	-1.07941E-2
3.29687E+11	3.42381E-9	-3.48822E+1	1.49725E-2	1.00375E-2
3.29844E+11	9.53202E-9	-3.13446E+1	-2.23955E-2	1.52373E-2
3.30000E+11	4.18214E-8	-2.46616E+1	1.83430E-2	-5.55162E-2
3.30156E+11	4.84189E-8	-2.41238E+1	7.83861E-3	6.17067E-2
3.30313E+11	5.57494E-8	-2.37661E+1	-5.41034E-2	-3.56954E-2
3.30469E+11	7.28002E-8	-2.30441E+1	6.75914E-2	-1.98167E-2
3.30625E+11	1.33510E-7	-2.08487E+1	-6.44401E-2	6.38149E-2
3.30781E+11	1.66589E-7	-1.91861E+1	7.22149E-3	-1.09586E-1
3.30937E+11	2.42584E-7	-1.71718E+1	8.34682E-2	1.10507E-1
3.31094E+11	3.16608E-7	-1.51587E+1	-1.59197E-1	-7.17250E-2
3.31250E+11	1.46925E-7	-1.79381E+1	1.26335E-1	-1.07768E-2
3.31406E+11	3.57968E-8	-2.37531E+1	-3.63927E-2	5.37542E-2
3.31562E+11	1.14448E-8	-2.88796E+1	-1.59759E-2	-3.22348E-2
3.31719E+11	5.94799E-9	-3.19479E+1	2.52692E-2	-1.88436E-4
3.31875E+11	4.74691E-9	-3.33151E+1	-8.19300E-3	1.99747E-2
3.32031E+11	7.38173E-9	-3.23092E+1	-1.85105E-2	-1.56510E-2
3.32188E+11	1.05105E-8	-3.03767E+1	2.81083E-2	-1.12626E-2
3.32344E+11	7.92032E-9	-3.15034E+1	-1.13470E-2	2.40550E-2
3.32500E+11	3.14699E-9	-3.53364E+1	-9.29612E-3	-1.43611E-2
3.32656E+11	1.86529E-9	-3.63616E+1	1.49081E-2	-2.97801E-3
3.32812E+11	1.67436E-9	-3.61706E+1	2.07335E-3	1.54017E-2
3.32969E+11	1.11076E-9	-3.71998E+1	-1.37686E-2	-9.90544E-4
3.33125E+11	1.79656E-9	-3.47004E+1	2.07311E-3	-1.82897E-2
3.33281E+11	3.70599E-9	-3.24209E+1	1.86369E-2	1.50115E-2
3.33438E+11	3.88847E-9	-3.31570E+1	-2.16170E-2	-4.01272E-3
3.33594E+11	2.29813E-9	-3.58558E+1	1.17486E-2	-1.10292E-2
3.33750E+11	1.46596E-9	-3.80079E+1	6.67783E-3	1.06588E-2
3.33906E+11	1.52366E-9	-3.77008E+1	-1.27058E-2	2.89029E-3
3.34062E+11	2.53776E-9	-3.53141E+1	3.19236E-3	-1.68515E-2
3.34219E+11	5.79224E-9	-3.16892E+1	1.97372E-2	1.69766E-2
3.34375E+11	1.77481E-8	-2.65665E+1	-4.57080E-2	1.07451E-2
3.34531E+11	3.53964E-8	-2.37307E+1	3.08920E-2	-5.72834E-2
3.34688E+11	4.53653E-8	-2.29219E+1	3.05100E-2	6.45910E-2
3.34844E+11	5.40026E-8	-2.18778E+1	-7.49879E-2	-2.94347E-2
3.35000E+11	6.83126E-8	-2.06493E+1	9.02424E-2	-2.16247E-2
3.35156E+11	7.80030E-8	-2.02082E+1	-6.68650E-2	7.11409E-2
3.35312E+11	7.10787E-8	-2.04529E+1	9.81199E-3	-9.44108E-2
3.35469E+11	5.64922E-8	-2.17042E+1	4.07868E-2	7.13495E-2
3.35625E+11	2.35600E-8	-2.51929E+1	-4.67086E-2	-2.90374E-2
3.35781E+11	7.26115E-9	-3.08410E+1	2.85301E-2	-3.16043E-3
3.35938E+11	1.68251E-9	-3.64879E+1	-7.11177E-3	1.31879E-2
3.36094E+11	8.21457E-10	-4.03834E+1	-7.18883E-3	-6.31435E-3
3.36250E+11	6.92297E-10	-4.21848E+1	6.14139E-3	-4.76982E-3
3.36406E+11	8.02339E-10	-4.20869E+1	3.28191E-3	7.14671E-3
3.36562E+11	1.16390E-9	-4.06441E+1	-9.25644E-3	-7.31891E-4
3.36719E+11	1.06596E-9	-4.12482E+1	6.42505E-3	-5.80858E-3
3.36875E+11	5.42160E-10	-4.40786E+1	1.67171E-3	6.02514E-3
3.37031E+11	3.73904E-10	-4.54805E+1	-5.28881E-3	5.82159E-4
3.37188E+11	3.91492E-10	-4.47459E+1	-9.93904E-4	-5.70442E-3
3.37344E+11	3.37981E-10	-4.58828E+1	5.07812E-3	1.37101E-4
3.37500E+11	6.47440E-10	-4.41523E+1	-2.55656E-3	5.64829E-3
3.37656E+11	8.62360E-10	-4.30195E+1	-4.07666E-3	-5.76846E-3
3.37812E+11	1.04702E-9	-4.23461E+1	7.62746E-3	2.91248E-4
3.37969E+11	7.22184E-10	-4.38875E+1	-3.35911E-3	5.43799E-3
3.38125E+11	5.54375E-10	-4.47159E+1	-3.25724E-3	-4.81151E-3
3.38281E+11	6.05052E-10	-4.40443E+1	6.16107E-3	-1.20317E-3
3.38438E+11	1.09179E-9	-4.09154E+1	-7.88461E-4	8.96516E-3
3.38594E+11	2.59098E-9	-3.62948E+1	-1.40866E-2	-6.02280E-3
3.38750E+11	8.61476E-9	-3.05213E+1	2.52690E-2	-1.57595E-2
3.38906E+11	2.68190E-8	-2.52205E+1	-2.23917E-2	5.00431E-2
3.39062E+11	3.67967E-8	-2.32825E+1	2.84377E-3	-6.84699E-2
3.39219E+11	3.30082E-8	-2.33076E+1	3.14827E-2	6.06468E-2
3.39375E+11	2.61966E-8	-2.41031E+1	-5.70704E-2	-2.51122E-2
3.39531E+11	1.70435E-8	-2.58086E+1	4.80990E-2	-1.76508E-2
3.39688E+11	1.00812E-8	-2.84948E+1	-1.18141E-2	3.57025E-2
3.39844E+11	6.41658E-9	-3.09973E+1	-1.69221E-2	-2.25492E-2
3.40000E+11	3.68382E-9	-3.40812E+1	1.97479E-2	8.70470E-4
3.40156E+11	1.62611E-9	-3.81818E+1	-7.93137E-3	9.43847E-3
3.40312E+11	6.66586E-10	-4.27683E+1	-3.09426E-3	-6.57960E-3
3.40469E+11	3.57057E-10	-4.57451E+1	5.14243E-3	-4.38775E-4
3.40625E+11	3.46276E-10	-4.64390E+1	-6.31417E-4	4.72281E-3
3.40781E+11	2.71272E-10	-4.74190E+1	-4.04624E-3	-1.32111E-3
3.40938E+11	5.36799E-10	-4.46910E+1	3.54594E-3	-4.62394E-3
3.41094E+11	7.93216E-10	-4.27598E+1	1.82024E-3	7.04669E-3
3.41250E+11	5.12168E-10	-4.40757E+1	-5.95664E-3	-1.90827E-3
3.41406E+11	2.13923E-10	-4.73187E+1	1.30549E-3	-4.10325E-3
3.41562E+11	2.00743E-10	-4.79682E+1	3.35526E-3	2.16968E-3
3.41719E+11	3.27807E-10	-4.63285E+1	-2.73772E-3	3.97414E-3
3.41875E+11	5.76911E-10	-4.42512E+1	-4.90138E-3	-3.68098E-3
3.42031E+11	1.07225E-9	-4.18772E+1	5.94036E-3	-5.44213E-3
3.42188E+11	1.61087E-9	-4.04241E+1	1.20084E-3	9.44746E-3
3.42344E+11	1.35893E-9	-4.07648E+1	-7.76850E-3	-4.84804E-3
3.42500E+11	8.89116E-10	-4.18988E+1	6.56566E-3	-4.63414E-3
3.42656E+11	6.70399E-10	-4.20194E+1	2.77104E-3	7.42538E-3
3.42812E+11	7.15726E-10	-4.04359E+1	-9.48421E-3	7.06467E-4
3.42969E+11	1.44722E-9	-3.66394E+1	2.28256E-3	-1.45461E-2
3.43125E+11	5.55844E-9	-3.09621E+1	2.26760E-2	1.69439E-2
3.43281E+11	2.94477E-8	-2.42430E+1	-6.12827E-2	-2.97386E-3
3.43438E+11	7.71405E-8	-2.05429E+1	8.98193E-2	-2.75192E-2
3.43594E+11	8.21255E-8	-2.02401E+1	-6.47960E-2	7.25515E-2
3.43750E+11	7.70286E-8	-2.07940E+1	-5.09914E-3	-9.11215E-2
3.43906E+11	7.66339E-8	-2.10473E+1	7.30896E-2	5.01517E-2
3.44062E+11	9.03880E-8	-2.11185E+1	-8.43761E-2	2.47007E-2
3.44219E+11	1.00109E-7	-2.10225E+1	3.79261E-2	-8.03977E-2
3.44375E+11	1.08594E-7	-2.08602E+1	2.82386E-2	8.60567E-2
3.44531E+11	6.46871E-8	-2.32278E+1	-6.13582E-2	-3.14784E-2
3.44688E+11	2.61667E-8	-2.69069E+1	3.75881E-2	-2.50129E-2
3.44844E+11	1.36310E-8	-2.97837E+1	6.56052E-3	3.17493E-2
3.45000E+11	8.36405E-9	-3.15290E+1	-2.62059E-2	-4.06072E-3
3.45156E+11	8.20975E-9	-3.13342E+1	1.01154E-2	-2.51630E-2
3.45312E+11	1.18008E-8	-2.93628E+1	2.64129E-2	2.14569E-2
3.45469E+11	2.33430E-8	-2.62763E+1	-4.43833E-2	1.96775E-2
3.45625E+11	2.50478E-8	-2.59161E+1	1.47958E-2	-4.83942E-2
3.45781E+11	1.56581E-8	-2.78815E+1	2.68626E-2	3.01186E-2
3.45938E+11	9.04768E-9	-3.03663E+1	-2.78439E-2	1.19932E-2
3.46094E+11	6.87748E-9	-3.21340E+1	-5.85401E-3	-2.40315E-2
3.46250E+11	8.34783E-9	-3.18618E+1	2.54514E-2	-1.89430E-3
3.46406E+11	1.36604E-8	-3.01946E+1	-7.48649E-3	3.00020E-2
3.46562E+11	2.84889E-8	-2.74398E+1	-2.33464E-2	-3.54687E-2
3.46719E+11	3.69638E-8	-2.68467E+1	4.15608E-2	1.84300E-2
3.46875E+11	2.82150E-8	-2.74411E+1	-3.66596E-2	2.14161E-2
3.47031E+11	3.13767E-8	-2.67264E+1	-1.03288E-2	-4.49258E-2
3.47188E+11	4.94090E-8	-2.49875E+1	5.62975E-2	1.39553E-3
3.47344E+11	9.86152E-8	-2.18407E+1	-2.80582E-2	7.58816E-2
3.47500E+11	3.07023E-7	-1.71718E+1	-7.75155E-2	-1.14762E-1
3.47656E+11	9.45839E-7	-1.22230E+1	2.36042E-1	6.49733E-2
3.47812E+11	1.55099E-6	-1.02995E+1	-3.04837E-1	2.02439E-2
3.47969E+11	1.29094E-6	-1.14672E+1	2.32384E-1	-1.31640E-1
3.48125E+11	9.59396E-7	-1.27085E+1	-6.91138E-2	2.20955E-1
3.48281E+11	8.37116E-7	-1.33494E+1	-1.15416E-1	-1.81449E-1
3.48438E+11	7.39313E-7	-1.38174E+1	1.99367E-1	4.21048E-2
3.48594E+11	7.76244E-7	-1.35023E+1	-1.59499E-1	1.38580E-1
3.48750E+11	8.13144E-7	-1.36480E+1	4.77281E-2	-2.02221E-1
3.48906E+11	3.34314E-7	-1.72764E+1	4.12916E-2	1.30451E-1
3.49062E+11	7.48673E-8	-2.34643E+1	-6.28295E-2	-2.35833E-2
3.49219E+11	2.27387E-8	-2.81225E+1	2.56012E-2	-2.97553E-2
3.49375E+11	8.98490E-9	-3.15448E+1	1.30227E-2	2.30455E-2
3.49531E+11	7.27492E-9	-3.25447E+1	-2.31888E-2	4.34380E-3
3.49688E+11	9.41742E-9	-3.11676E+1	6.06208E-3	-2.69725E-2
3.49844E+11	1.83380E-8	-2.79749E+1	3.07913E-2	2.54161E-2
3.50000E+11	2.23184E-8	-2.72352E+1	-4.29341E-2	6.83634E-3
3.50156E+11	1.26034E-8	-3.03169E+1	4.73832E-3	-3.01192E-2
3.50312E+11	8.35411E-9	-3.25753E+1	2.17710E-2	8.87162E-3
3.50469E+11	5.70887E-9	-3.43544E+1	-9.93332E-3	1.63780E-2
3.50625E+11	5.32899E-9	-3.46111E+1	-1.29867E-2	-1.33114E-2
3.50781E+11	6.97587E-9	-3.32358E+1	1.87568E-2	-1.10851E-2
3.50938E+11	1.26251E-8	-3.08360E+1	1.27736E-3	2.86927E-2
3.51094E+11	1.36711E-8	-3.04111E+1	-2.05477E-2	-2.20789E-2
3.51250E+11	9.48690E-9	-3.23162E+1	2.39179E-2	-3.81957E-3
3.51406E+11	1.10517E-8	-3.18992E+1	-8.16223E-3	2.40654E-2
3.51562E+11	1.59295E-8	-3.02840E+1	-2.22979E-2	-2.09641E-2
3.51719E+11	3.56744E-8	-2.64458E+1	4.17518E-2	-2.28832E-2
3.51875E+11	1.34264E-7	-2.07254E+1	1.42617E-3	9.19767E-2
3.52031E+11	5.43529E-7	-1.48491E+1	-1.09080E-1	-1.44370E-1
3.52188E+11	9.78064E-7	-1.22640E+1	1.81821E-1	1.62221E-1
3.52344E+11	7.55938E-7	-1.34766E+1	-2.00702E-1	-6.80278E-2
3.52500E+11	4.93711E-7	-1.54534E+1	1.51275E-1	-7.48561E-2
3.52656E+11	3.51802E-7	-1.70125E+1	-1.04522E-2	1.40663E-1
3.52812E+11	2.52389E-7	-1.84450E+1	-1.00101E-1	-6.54616E-2
3.52969E+11	1.73315E-7	-2.03342E+1	8.98044E-2	-3.45611E-2
3.53125E+11	1.32688E-7	-2.14404E+1	-4.85644E-2	6.94169E-2
3.53281E+11	4.53608E-8	-2.54220E+1	7.46584E-3	-5.30447E-2
3.53438E+11	1.29846E-8	-3.02616E+1	2.50782E-2	1.76813E-2
3.53594E+11	5.91883E-9	-3.32349E+1	-1.50894E-2	1.57196E-2
3.53750E+11	3.95923E-9	-3.47692E+1	-1.03696E-2	-1.50318E-2
3.53906E+11	4.04871E-9	-3.44869E+1	1.77187E-2	-6.47524E-3
3.54062E+11	6.04130E-9	-3.24285E+1	-9.57428E-4	2.38907E-2
3.54219E+11	1.31566E-8	-2.90991E+1	-2.89663E-2	-1.97856E-2
3.54375E+11	1.49158E-8	-2.90515E+1	3.43715E-2	-7.91798E-3
3.54531E+11	7.36748E-9	-3.22176E+1	-3.06810E-3	2.43045E-2
3.54687E+11	3.90053E-9	-3.53148E+1	-1.63605E-2	-5.14310E-3
3.54844E+11	3.21766E-9	-3.65974E+1	6.28198E-3	-1.33956E-2
3.55000E+11	4.48547E-9	-3.55512E+1	1.36003E-2	9.67287E-3
3.55156E+11	8.88466E-9	-3.27398E+1	-1.68736E-2	1.57293E-2
3.55313E+11	2.58794E-8	-2.82910E+1	-7.71754E-3	-3.77174E-2
3.55469E+11	2.73947E-8	-2.85577E+1	2.69418E-2	2.58461E-2
3.55625E+11	1.85262E-8	-3.07627E+1	-2.79010E-2	7.77700E-3
3.55781E+11	1.78481E-8	-3.08533E+1	1.44895E-3	-2.86272E-2
3.55937E+11	2.85317E-8	-2.91182E+1	3.40328E-2	8.17920E-3
3.56094E+11	6.43162E-8	-2.52673E+1	-2.54566E-2	4.82231E-2
3.56250E+11	1.95973E-7	-2.02869E+1	-6.12464E-2	-7.48975E-2
3.56406E+11	5.60979E-7	-1.54229E+1	1.68629E-1	1.58888E-2
3.56563E+11	1.16744E-6	-1.23039E+1	-2.17912E-1	1.06515E-1
3.56719E+11	1.10987E-6	-1.23691E+1	8.77395E-2	-2.24180E-1
3.56875E+11	9.40873E-7	-1.27269E+1	1.37814E-1	1.85416E-1
3.57031E+11	1.00397E-6	-1.22502E+1	-2.41094E-1	3.79120E-2
3.57187E+11	1.32346E-6	-1.11457E+1	1.04201E-1	-2.56815E-1
3.57344E+11	2.09363E-6	-9.32698E+0	1.61415E-1	3.01177E-1
3.57500E+11	2.78865E-6	-7.64484E+0	-3.60317E-1	-2.05346E-1
3.57656E+11	1.29812E-6	-1.11157E+1	2.74807E-1	4.27329E-2
3.57813E+11	4.94679E-7	-1.57874E+1	-1.21950E-1	1.07273E-1
3.57969E+11	2.23907E-7	-1.93009E+1	-3.39210E-2	-1.02937E-1
3.58125E+11	1.36277E-7	-2.09905E+1	8.91565E-2	-3.44451E-3
3.58281E+11	1.39676E-7	-2.12872E+1	-1.88659E-2	8.41372E-2
3.58437E+11	2.04310E-7	-1.99419E+1	-8.19352E-2	-5.84923E-2
3.58594E+11	2.94896E-7	-1.84688E+1	1.18142E-1	-1.64266E-2
3.58750E+11	1.58770E-7	-2.10133E+1	-6.19377E-2	6.38961E-2
3.58906E+11	5.56949E-8	-2.51324E+1	-1.77039E-2	-5.24777E-2
3.59063E+11	3.75914E-8	-2.68945E+1	4.47924E-2	-6.16159E-3
3.59219E+11	3.82749E-8	-2.69960E+1	-1.37511E-3	4.46679E-2
3.59375E+11	5.39441E-8	-2.53345E+1	-5.15298E-2	-1.65085E-2
3.59531E+11	1.21369E-7	-2.17201E+1	5.90412E-2	-5.69535E-2
3.59687E+11	2.86899E-7	-1.81448E+1	-3.23909E-2	1.19499E-1
3.59844E+11	1.39460E-7	-2.07859E+1	-3.44852E-2	-8.45894E-2
3.60000E+11	8.02455E-8	-2.31762E+1	6.91815E-2	-5.15237E-3
3.60156E+11	8.24392E-8	-2.27895E+1	-1.08866E-2	7.17093E-2
3.60313E+11	1.30726E-7	-2.07781E+1	-8.39594E-2	-3.62021E-2
3.60469E+11	2.83891E-7	-1.69007E+1	1.02441E-1	-9.95999E-2
3.60625E+11	8.96942E-7	-1.19724E+1	4.05159E-2	2.48711E-1
3.60781E+11	1.81877E-6	-8.71748E+0	-2.66524E-1	-2.51633E-1
3.60937E+11	1.70791E-6	-9.28388E+0	3.43293E-1	8.76104E-3
3.61094E+11	1.38604E-6	-1.02825E+1	-1.66738E-1	2.56711E-1
3.61250E+11	1.38732E-6	-1.01970E+1	-1.21740E-1	-2.84156E-1
3.61406E+11	1.44483E-6	-9.88531E+0	3.15817E-1	5.41779E-2
3.61563E+11	1.92022E-6	-8.77466E+0	-2.42328E-1	2.71798E-1
3.61719E+11	5.03074E-6	-4.89758E+0	3.04416E-2	-5.68197E-1
3.61875E+11	9.22629E-6	-2.80132E+0	1.48893E-1	7.08857E-1
3.62031E+11	4.87474E-6	-5.76559E+0	-3.08859E-1	-4.11977E-1
3.62187E+11	3.15151E-6	-8.38287E+0	3.77477E-1	5.12457E-2
3.62344E+11	1.88485E-6	-1.04159E+1	-2.00835E-1	2.24794E-1
3.62500E+11	1.39763E-6	-1.16657E+1	-1.09830E-1	-2.36817E-1
3.62656E+11	1.55884E-6	-1.13348E+1	2.70370E-1	-2.09437E-2
3.62813E+11	2.27421E-6	-9.79831E+0	-1.82174E-1	2.67519E-1
3.62969E+11	1.78753E-6	-1.12117E+1	7.51922E-3	-2.74951E-1
3.63125E+11	5.01561E-7	-1.62216E+1	1.25466E-1	9.01541E-2
3.63281E+11	1.93092E-7	-2.01120E+1	-7.40567E-2	6.52760E-2
3.63437E+11	1.18323E-7	-2.20556E+1	-5.07549E-2	-6.04416E-2
3.63594E+11	1.10322E-7	-2.26594E+1	5.85385E-2	-4.46537E-2
3.63750E+11	1.53748E-7	-2.14910E+1	3.87018E-2	7.48084E-2
3.63906E+11	3.28182E-7	-1.80370E+1	-1.25350E-1	1.39836E-3
3.64063E+11	3.21247E-7	-1.84251E+1	1.03412E-1	-6.06376E-2
3.64219E+11	9.68491E-8	-2.32160E+1	2.30474E-3	6.90176E-2
3.64375E+11	5.19142E-8	-2.58741E+1	-4.95118E-2	-1.15909E-2
3.64531E+11	4.01976E-8	-2.65450E+1	2.08327E-2	-4.22097E-2
3.64687E+11	4.79513E-8	-2.53314E+1	4.28411E-2	3.30846E-2
3.64844E+11	9.60506E-8	-2.20164E+1	-6.99843E-2	3.72551E-2
3.65000E+11	2.81029E-7	-1.68276E+1	5.17933E-2	-1.34454E-1
3.65156E+11	3.12621E-7	-1.67582E+1	1.87351E-2	1.44027E-1
3.65313E+11	2.53580E-7	-1.77586E+1	-1.15903E-1	-5.76325E-2
3.65469E+11	2.76709E-7	-1.72952E+1	1.03568E-1	-8.89675E-2
3.65625E+11	4.35674E-7	-1.53607E+1	4.12402E-2	1.65534E-1
3.65781E+11	7.86329E-7	-1.24473E+1	-2.27985E-1	-7.03127E-2
3.65937E+11	1.85944E-6	-8.74045E+0	3.06301E-1	-1.99563E-1
3.66094E+11	4.51342E-6	-4.92586E+0	-2.57946E-1	5.05110E-1
3.66250E+11	4.17674E-6	-5.52994E+0	7.25564E-2	-5.24059E-1
3.66406E+11	2.29551E-6	-8.22605E+0	1.76332E-1	3.45482E-1
3.66563E+11	1.40952E-6	-1.07838E+1	-2.78452E-1	-7.71490E-2
3.66719E+11	9.86213E-7	-1.24648E+1	1.82997E-1	-1.52327E-1
3.66875E+11	7.75414E-7	-1.36009E+1	3.65052E-2	2.05695E-1
3.67031E+11	9.00656E-7	-1.30945E+1	-2.08459E-1	-7.47325E-2
3.67187E+11	1.04277E-6	-1.23539E+1	2.32978E-1	-6.22826E-2
3.67344E+11	3.96871E-7	-1.65468E+1	-1.02967E-1	1.07449E-1
3.67500E+11	1.11987E-7	-2.19018E+1	-2.49601E-2	-7.63602E-2
3.67656E+11	4.48906E-8	-2.58909E+1	5.06570E-2	-3.10437E-3
3.67813E+11	2.57190E-8	-2.78950E+1	-3.71696E-3	4.01230E-2
3.67969E+11	2.79492E-8	-2.72872E+1	-4.24356E-2	-8.17337E-3
3.68125E+11	4.21812E-8	-2.53673E+1	2.45656E-2	-4.79829E-2
3.68281E+11	6.01857E-8	-2.34551E+1	1.98643E-2	6.41770E-2
3.68437E+11	2.71924E-8	-2.69827E+1	-3.97952E-2	-2.04838E-2
3.68594E+11	1.13217E-8	-3.10377E+1	1.93680E-2	-2.03063E-2
3.68750E+11	7.33877E-9	-3.32750E+1	1.30816E-2	1.73005E-2
3.68906E+11	8.13298E-9	-3.31727E+1	-1.89950E-2	1.09926E-2
3.69063E+11	1.53903E-8	-3.09898E+1	-6.66452E-3	-2.74186E-2
3.69219E+11	4.23577E-8	-2.69038E+1	4.34785E-2	1.22304E-2
3.69375E+11	8.45157E-8	-2.39689E+1	-6.12947E-2	1.58940E-2
3.69531E+11	3.79405E-8	-2.76005E+1	2.56379E-2	-3.28679E-2
3.69687E+11	2.29431E-8	-2.96733E+1	1.74609E-2	2.78072E-2
3.69844E+11	2.63416E-8	-2.90040E+1	-3.38149E-2	1.06921E-2
3.70000E+11	4.47518E-8	-2.65281E+1	-3.19505E-3	-4.70537E-2
3.70156E+11	1.10145E-7	-2.24546E+1	7.21979E-2	2.16798E-2
3.70313E+11	4.23748E-7	-1.65241E+1	-1.20918E-1	8.74200E-2
3.70469E+11	1.03480E-6	-1.29013E+1	1.20533E-1	-1.91683E-1
3.70625E+11	7.70787E-7	-1.41534E+1	1.73626E-2	1.95264E-1
3.70781E+11	7.44533E-7	-1.40640E+1	-1.65392E-1	-1.08967E-1
3.70937E+11	1.00350E-6	-1.30758E+1	2.07948E-1	-7.75169E-2
3.71094E+11	1.55529E-6	-1.12792E+1	-1.05196E-1	2.51834E-1
3.71250E+11	3.10463E-6	-8.52558E+0	-1.17119E-1	-3.55960E-1
3.71406E+11	5.83530E-6	-5.90735E+0	3.49030E-1	3.67128E-1
3.71563E+11	4.73318E-6	-7.00586E+0	-3.66730E-1	-2.54492E-1
3.71719E+11	1.24432E-6	-1.25244E+1	2.35756E-1	-1.84087E-2
3.71875E+11	4.11561E-7	-1.69169E+1	-5.40086E-2	1.31990E-1
3.72031E+11	2.11165E-7	-1.98827E+1	-7.11490E-2	-7.21906E-2
3.72187E+11	1.29802E-7	-2.14559E+1	7.04100E-2	-4.68424E-2
3.72344E+11	1.19452E-7	-2.15427E+1	3.61793E-2	7.55066E-2
3.72500E+11	1.52123E-7	-2.03249E+1	-9.60677E-2	-7.08328E-3
3.72656E+11	4.31707E-8	-2.56532E+1	4.00376E-2	-3.34317E-2
3.72813E+11	2.03675E-8	-2.86068E+1	1.16694E-2	3.52428E-2
3.72969E+11	1.55481E-8	-2.97897E+1	-3.20531E-2	4.71417E-3
3.73125E+11	1.28028E-8	-3.03343E+1	-4.47694E-3	-3.00975E-2
3.73281E+11	1.50347E-8	-2.96458E+1	3.22393E-2	-6.75255E-3
3.73437E+11	2.77794E-8	-2.69266E+1	-4.82425E-4	4.50448E-2
3.73594E+11	6.76689E-8	-2.31078E+1	-3.66260E-2	-5.95608E-2
3.73750E+11	3.31467E-8	-2.67692E+1	4.24485E-2	1.73864E-2
3.73906E+11	1.45563E-8	-3.06566E+1	-1.70198E-2	2.38749E-2
3.74063E+11	1.26747E-8	-3.15859E+1	-2.17361E-2	-1.48871E-2
3.74219E+11	1.55959E-8	-3.10187E+1	1.71184E-2	-2.23131E-2
3.74375E+11	3.29026E-8	-2.81932E+1	2.17802E-2	3.22733E-2
3.74531E+11	1.16289E-7	-2.28390E+1	-7.20331E-2	-3.51363E-3
3.74687E+11	2.54358E-7	-1.91752E+1	1.00110E-1	-4.54913E-2
3.74844E+11	2.07260E-7	-1.96773E+1	-1.59739E-2	1.02548E-1
3.75000E+11	1.75611E-7	-2.05448E+1	-8.45113E-2	-4.09750E-2
3.75156E+11	3.25288E-7	-1.80273E+1	9.53249E-2	-8.16250E-2
3.75313E+11	7.65615E-7	-1.44136E+1	1.84842E-2	1.89347E-1
3.75469E+11	1.68467E-6	-1.07845E+1	-2.46267E-1	-1.51082E-1
3.75625E+11	4.50497E-6	-6.58671E+0	4.53143E-1	-1.18777E-1
3.75781E+11	6.87904E-6	-4.94756E+0	-4.63567E-1	3.24306E-1
3.75937E+11	3.49278E-6	-8.00321E+0	2.10926E-1	-3.37465E-1
3.76094E+11	2.14881E-6	-1.04402E+1	2.95839E-2	2.99141E-1
3.76250E+11	2.05084E-6	-1.06383E+1	-2.39259E-1	-1.70549E-1
3.76406E+11	2.41775E-6	-9.65321E+0	2.89646E-1	-1.56262E-1
3.76563E+11	4.07158E-6	-7.22301E+0	2.32590E-2	4.34739E-1
3.76719E+11	6.66616E-6	-4.65947E+0	-3.94898E-1	-4.31367E-1
3.76875E+11	3.62837E-6	-6.95564E+0	4.01129E-1	2.01667E-1
3.77031E+11	1.44290E-6	-1.10418E+1	-2.66194E-1	8.83883E-2
3.77188E+11	6.69893E-7	-1.44723E+1	2.70669E-2	-1.87017E-1
3.77344E+11	3.92624E-7	-1.69169E+1	1.27986E-1	6.29108E-2
3.77500E+11	3.29006E-7	-1.72144E+1	-9.40527E-2	1.00726E-1
3.77656E+11	4.60612E-7	-1.55949E+1	-4.84315E-2	-1.58837E-1
3.77812E+11	6.89574E-7	-1.36423E+1	1.72827E-1	1.15585E-1
3.77969E+11	3.26300E-7	-1.64044E+1	-1.51271E-1	1.69036E-3
3.78125E+11	1.22780E-7	-2.09647E+1	3.14730E-2	-8.37714E-2
3.78281E+11	7.91633E-8	-2.32130E+1	5.92042E-2	3.55924E-2
3.78438E+11	7.25569E-8	-2.42672E+1	-4.50990E-2	4.13477E-2
3.78594E+11	9.95129E-8	-2.32690E+1	-2.51252E-2	-6.38717E-2
3.78750E+11	2.12206E-7	-2.02929E+1	9.65711E-2	4.68422E-3
3.78906E+11	3.91995E-7	-1.85181E+1	-9.44309E-2	7.17603E-2
3.79062E+11	1.99464E-7	-2.16619E+1	-1.04480E-2	-8.19220E-2
3.79219E+11	1.67286E-7	-2.26958E+1	7.21824E-2	1.28559E-2
3.79375E+11	1.76481E-7	-2.28516E+1	-3.54362E-2	6.26924E-2
3.79531E+11	2.64047E-7	-2.12326E+1	-6.05201E-2	-6.21805E-2
3.79688E+11	6.32398E-7	-1.75350E+1	1.14954E-1	-6.65247E-2
3.79844E+11	1.67923E-6	-1.30890E+1	-1.62788E-2	2.20992E-1
3.80000E+11	2.67035E-6	-1.09753E+1	-9.75297E-2	-2.65280E-1
3.80156E+11	2.06073E-6	-1.21365E+1	1.70020E-1	1.79545E-1
3.80312E+11	1.59365E-6	-1.29657E+1	-2.22434E-1	-3.22361E-2
3.80469E+11	1.76728E-6	-1.26739E+1	1.72970E-1	-1.55269E-1
3.80625E+11	2.45671E-6	-1.12221E+1	2.80742E-2	2.73283E-1
3.80781E+11	4.51197E-6	-8.40168E+0	-2.83911E-1	-2.52751E-1
3.80938E+11	9.25573E-6	-5.12933E+0	4.84203E-1	2.69253E-1
3.81094E+11	7.00626E-6	-6.21985E+0	-4.16760E-1	-2.55147E-1
3.81250E+11	3.05339E-6	-9.63248E+0	3.29824E-1	-6.87235E-3
3.81406E+11	1.84673E-6	-1.14662E+1	-1.54637E-1	2.17796E-1
3.81562E+11	1.38539E-6	-1.24350E+1	-8.08831E-2	-2.24812E-1
3.81719E+11	1.30847E-6	-1.27095E+1	2.25993E-1	5.01276E-2
3.81875E+11	1.72466E-6	-1.13227E+1	-1.98622E-1	1.85186E-1
3.82031E+11	2.00352E-6	-1.05448E+1	3.74156E-2	-2.94636E-1
3.82188E+11	7.94369E-7	-1.46331E+1	1.07918E-1	1.50877E-1
3.82344E+11	2.64701E-7	-1.93601E+1	-1.06611E-1	1.48842E-2
3.82500E+11	1.16652E-7	-2.28799E+1	2.14462E-2	-6.85011E-2
3.82656E+11	8.05254E-8	-2.44545E+1	4.98209E-2	3.32168E-2
3.82812E+11	8.55459E-8	-2.39240E+1	-3.97845E-2	4.96847E-2
3.82969E+11	1.79913E-7	-2.06543E+1	-6.84034E-2	-6.26294E-2
3.83125E+11	3.19706E-7	-1.83141E+1	1.21227E-1	6.86466E-3
3.83281E+11	1.06258E-7	-2.34997E+1	-5.68248E-2	3.51871E-2
3.83438E+11	4.53107E-8	-2.74127E+1	-3.88485E-4	-4.25938E-2
3.83594E+11	3.53532E-8	-2.90023E+1	3.42093E-2	9.37926E-3
3.83750E+11	5.09523E-8	-2.76394E+1	-1.45355E-2	3.88693E-2
3.83906E+11	7.97927E-8	-2.56164E+1	-4.72766E-2	-2.25563E-2
3.84062E+11	8.77648E-8	-2.02733E+1	8.20495E-2	-5.15545E-2
3.84219E+11	1.83186E-7	-1.95852E+1	-6.63091E-2	8.12732E-2
3.84375E+11	3.69309E-8	-2.25488E+1	-3.23387E-2	-6.71921E-2
3.84531E+11	4.24689E-8	-2.37896E+1	6.42396E-2	-7.20646E-3
3.84688E+11	3.76246E-8	-2.35639E+1	-5.07841E-3	6.61501E-2
3.84844E+11	4.78598E-8	-2.20409E+1	-7.70443E-2	-1.77367E-2
3.85000E+11	1.40094E-7	-1.74342E+1	9.84149E-2	-9.14804E-2
3.85156E+11	4.57451E-7	-1.20631E+1	-1.71915E-2	2.48778E-1
3.85312E+11	8.33577E-7	-9.58700E+0	-1.09320E-1	-3.13090E-1
3.85469E+11	5.70007E-7	-1.18177E+1	2.49142E-1	6.10675E-2
3.85625E+11	3.86030E-7	-1.34133E+1	-1.36566E-1	1.64069E-1
3.85781E+11	4.97584E-7	-1.29944E+1	-3.30217E-2	-2.21569E-1
3.85938E+11	5.65453E-7	-1.13733E+1	2.04581E-1	1.76172E-1
3.86094E+11	9.71578E-7	-9.27621E+0	-3.35233E-1	7.58553E-2
3.86250E+11	2.08244E-6	-6.53068E+0	2.54626E-1	-3.96814E-1
3.86406E+11	9.27481E-7	-9.72634E+0	6.52711E-3	3.26284E-1
3.86562E+11	4.57542E-7	-1.32097E+1	-1.57864E-1	-1.51113E-1
3.86719E+11	2.17877E-7	-1.59892E+1	1.55912E-1	-2.95420E-2
3.86875E+11	1.54767E-7	-1.77904E+1	-2.75898E-2	1.25982E-1
3.87031E+11	1.15173E-7	-1.88739E+1	-1.05274E-1	-4.33295E-2
3.87188E+11	1.33349E-7	-1.85414E+1	7.61426E-2	-9.05196E-2
3.87344E+11	2.19486E-7	-1.57929E+1	-2.78603E-2	1.59904E-1
3.87500E+11	8.34217E-8	-1.99200E+1	-2.42940E-2	-9.79572E-2
3.87656E+11	3.69114E-8	-2.40494E+1	6.07586E-2	1.56355E-2
3.87812E+11	1.90908E-8	-2.65540E+1	-1.55906E-2	4.43621E-2
3.87969E+11	1.78268E-8	-2.69196E+1	-4.30823E-2	-1.32830E-2
3.88125E+11	2.92611E-8	-2.51131E+1	2.98283E-2	-4.68106E-2
3.88281E+11	4.50470E-8	-2.23547E+1	2.74397E-2	7.11466E-2
3.88438E+11	6.93363E-8	-2.11737E+1	-5.62093E-2	-6.68756E-2
3.88594E+11	2.27508E-8	-2.57987E+1	5.12476E-2	2.17213E-3
3.88750E+11	1.38174E-8	-2.82468E+1	-1.05008E-2	3.72434E-2
3.88906E+11	1.13053E-8	-2.87814E+1	-3.26025E-2	-1.61555E-2
3.89062E+11	1.02721E-8	-2.86329E+1	2.38401E-2	-2.83128E-2
3.89219E+11	2.46152E-8	-2.55490E+1	2.79103E-2	4.48086E-2
3.89375E+11	5.89532E-8	-2.20234E+1	-7.89675E-2	6.30560E-3
3.89531E+11	6.57700E-8	-2.10353E+1	6.89930E-2	-5.58476E-2
3.89688E+11	2.54786E-8	-2.50351E+1	-3.55970E-3	5.58943E-2
3.89844E+11	3.57924E-8	-2.38673E+1	-5.12460E-2	-3.84507E-2
3.90000E+11	6.04081E-8	-2.10012E+1	7.88806E-2	-4.14602E-2
3.90156E+11	1.36393E-7	-1.73289E+1	3.49273E-2	1.31444E-1
3.90312E+11	4.60767E-7	-1.20774E+1	-2.40710E-1	-6.35602E-2
3.90469E+11	1.40363E-6	-7.44530E+0	4.16262E-1	-8.25078E-2
3.90625E+11	1.44448E-6	-7.13474E+0	-4.29969E-1	9.25101E-2
3.90781E+11	8.74058E-7	-9.63325E+0	2.36547E-1	-2.29907E-1
3.90938E+11	6.26556E-7	-1.13554E+1	7.18887E-2	2.60812E-1
3.91094E+11	6.07916E-7	-1.15871E+1	-2.63082E-1	-1.32971E-2
3.91250E+11	7.54717E-7	-1.02633E+1	1.62100E-1	-2.60462E-1
3.91406E+11	1.20499E-6	-8.04858E+0	4.84595E-2	3.92910E-1
3.91562E+11	2.03758E-6	-6.32082E+0	-2.51652E-1	-4.12278E-1
3.91719E+11	1.21591E-6	-9.26424E+0	3.21247E-1	1.23537E-1
3.91875E+11	5.19900E-7	-1.31146E+1	-1.46994E-1	1.64942E-1
3.92031E+11	2.86699E-7	-1.57848E+1	-7.86804E-2	-1.42142E-1
3.92188E+11	1.83493E-7	-1.66459E+1	1.46379E-1	1.48664E-2
3.92344E+11	2.28555E-7	-1.55067E+1	-1.18959E-1	1.18277E-1
3.92500E+11	5.93354E-7	-1.20483E+1	-4.11902E-2	-2.46375E-1
3.92656E+11	6.79143E-7	-1.10473E+1	2.15552E-1	1.79192E-1
3.92812E+11	2.13424E-7	-1.56273E+1	-1.60757E-1	3.90745E-2
3.92969E+11	1.06752E-7	-1.92494E+1	2.94669E-2	-1.04968E-1
3.93125E+11	6.67231E-8	-2.06045E+1	6.51193E-2	6.67833E-2
3.93281E+11	9.16115E-8	-1.93455E+1	-9.22391E-2	5.58444E-2
3.93438E+11	1.36588E-7	-1.67640E+1	-5.50433E-2	-1.34303E-1
3.93594E+11	3.59487E-7	-1.29680E+1	2.24637E-1	5.27669E-3
3.93750E+11	5.09697E-7	-1.27548E+1	-2.05600E-1	1.03723E-1
3.93906E+11	1.88388E-7	-1.64798E+1	4.43218E-2	-1.43272E-1
3.94062E+11	1.35932E-7	-1.77816E+1	1.16710E-1	5.51807E-2
3.94219E+11	1.38057E-7	-1.73660E+1	-1.98843E-2	1.33957E-1
3.94375E+11	2.66354E-7	-1.52061E+1	-1.72862E-1	1.66182E-2
3.94531E+11	5.74031E-7	-1.20373E+1	4.27826E-2	-2.46425E-1
3.94688E+11	1.87184E-6	-7.28129E+0	8.64872E-2	4.23713E-1
3.94844E+11	1.50696E-6	-7.64584E+0	-7.01504E-2	-4.08698E-1
3.95000E+11	1.16106E-6	-1.00937E+1	2.44087E-1	1.95669E-1
3.95156E+11	7.11955E-7	-1.16598E+1	-2.16956E-1	1.45488E-1
3.95312E+11	9.34017E-7	-1.09352E+1	-9.37406E-2	-2.68030E-1
3.95469E+11	1.38044E-6	-9.27567E+0	3.29397E-1	9.82209E-2
3.95625E+11	2.92101E-6	-6.58914E+0	-4.49329E-1	1.32011E-1
3.95781E+11	4.43026E-6	-4.45261E+0	4.95562E-1	-3.36340E-1
3.95938E+11	3.70300E-6	-6.17029E+0	-2.25147E-1	4.36851E-1
3.96094E+11	1.84390E-6	-8.98290E+0	-1.59530E-1	-3.17710E-1
3.96250E+11	1.40962E-6	-1.03384E+1	3.00032E-1	4.98588E-2
3.96406E+11	1.39790E-6	-1.05230E+1	-2.13676E-1	2.07358E-1
3.96562E+11	1.57647E-6	-9.87407E+0	-7.39188E-2	-3.12215E-1
3.96719E+11	2.42835E-6	-7.81840E+0	3.96955E-1	8.76589E-2
3.96875E+11	2.85978E-6	-6.51144E+0	-4.24122E-1	2.08337E-1
3.97031E+11	1.21971E-6	-1.01084E+1	1.67100E-1	-2.63842E-1
3.97188E+11	4.31388E-7	-1.42177E+1	4.04275E-2	1.90341E-1
3.97344E+11	2.72042E-7	-1.68228E+1	-1.35376E-1	-4.95684E-2
3.97500E+11	1.83647E-7	-1.77465E+1	8.19624E-2	-1.00417E-1
3.97656E+11	2.46980E-7	-1.69342E+1	8.67535E-2	1.12833E-1
3.97812E+11	5.36782E-7	-1.37684E+1	-2.04911E-1	-1.60561E-3
3.97969E+11	4.43448E-7	-1.41125E+1	1.86535E-1	-6.32256E-2
3.98125E+11	1.26203E-7	-1.87014E+1	-4.19904E-2	1.08268E-1
3.98281E+11	5.77706E-8	-2.14140E+1	-7.05645E-2	-4.73471E-2
3.98438E+11	3.61836E-8	-2.20914E+1	5.10175E-2	-5.97946E-2
3.98594E+11	5.67668E-8	-2.15791E+1	4.58876E-2	6.96133E-2
3.98750E+11	1.04605E-7	-1.92119E+1	-1.07923E-1	1.85027E-2
3.98906E+11	2.25162E-7	-1.53678E+1	6.86858E-2	-1.56004E-1
3.99062E+11	1.94717E-7	-1.62896E+1	4.44914E-2	1.46694E-1
3.99219E+11	8.33080E-8	-1.99473E+1	-9.87792E-2	-1.90977E-2
3.99375E+11	5.57882E-8	-2.19147E+1	4.91498E-2	-6.33953E-2
3.99531E+11	6.23135E-8	-2.16068E+1	3.24703E-2	7.65058E-2
3.99688E+11	6.67340E-8	-2.08506E+1	-9.06294E-2	-2.75544E-3
3.99844E+11	1.79491E-7	-1.71371E+1	5.61388E-2	-1.27205E-1
4.00000E+11	6.25695E-7	-1.22434E+1	5.43628E-2	2.38121E-1
4.00156E+11	4.06417E-7	-1.43038E+1	-1.26334E-1	-1.45468E-1
4.00313E+11	3.40667E-7	-1.54047E+1	1.69712E-1	2.60034E-3
4.00469E+11	3.00792E-7	-1.51524E+1	-8.37734E-2	1.53344E-1
4.00625E+11	3.78527E-7	-1.43685E+1	-1.14520E-1	-1.53157E-1
4.00781E+11	6.84363E-7	-1.22727E+1	2.33125E-1	-7.00602E-2
4.00937E+11	1.20566E-6	-9.65672E+0	-1.72104E-1	2.80366E-1
4.01094E+11	1.60802E-6	-8.31761E+0	1.57072E-1	-3.50201E-1
4.01250E+11	8.53171E-7	-1.10883E+1	-2.32447E-3	2.78979E-1
4.01406E+11	4.66486E-7	-1.44914E+1	-1.63164E-1	-9.44926E-2
4.01563E+11	2.27471E-7	-1.73869E+1	8.97742E-2	-1.00958E-1
4.01719E+11	1.80739E-7	-1.75020E+1	6.55992E-2	1.16066E-1
4.01875E+11	2.40728E-7	-1.69599E+1	-1.39262E-1	-2.72685E-2
4.02031E+11	4.52873E-7	-1.47017E+1	1.78298E-1	-4.56176E-2
4.02187E+11	3.57444E-7	-1.58027E+1	-1.55219E-1	4.68317E-2
4.02344E+11	1.04388E-7	-2.06698E+1	4.55609E-2	-8.05912E-2
4.02500E+11	3.56822E-8	-2.47381E+1	4.21559E-2	3.97712E-2
4.02656E+11	3.47361E-8	-2.47905E+1	-4.52255E-2	3.56820E-2
4.02813E+11	3.26745E-8	-2.48801E+1	-2.70242E-2	-5.02048E-2
4.02969E+11	6.63923E-8	-2.20431E+1	7.78620E-2	-1.35952E-2
4.03125E+11	1.35314E-7	-1.84252E+1	-7.07021E-2	9.68091E-2
4.03281E+11	7.37028E-8	-2.09053E+1	5.38896E-3	-8.99405E-2
4.03437E+11	3.15902E-8	-2.49137E+1	4.70789E-2	3.17700E-2
4.03594E+11	1.85657E-8	-2.70560E+1	-3.47887E-2	2.75583E-2
4.03750E+11	2.15579E-8	-2.64196E+1	-2.29526E-2	-4.18779E-2
4.03906E+11	3.85019E-8	-2.42126E+1	5.79330E-2	-2.08480E-2
4.04063E+11	8.84776E-8	-2.03800E+1	1.82108E-2	9.39714E-2
4.04219E+11	2.79165E-7	-1.48083E+1	-1.67743E-1	-7.00885E-2
4.04375E+11	1.43057E-7	-1.71236E+1	1.27397E-1	-5.62374E-2
4.04531E+11	9.11585E-8	-1.93376E+1	2.33851E-2	1.05361E-1
4.04687E+11	7.89382E-8	-1.99554E+1	-1.00324E-1	6.18495E-3
4.04844E+11	1.03756E-7	-1.89738E+1	8.34062E-3	-1.12232E-1
4.05000E+11	2.01803E-7	-1.63046E+1	1.47281E-1	4.15408E-2
4.05156E+11	8.28085E-7	-1.07344E+1	-2.17674E-1	1.92510E-1
4.05313E+11	1.54156E-6	-8.00031E+0	1.22139E-1	-3.78893E-1
4.05469E+11	1.11516E-6	-9.41313E+0	1.77724E-1	2.87894E-1
4.05625E+11	9.48324E-7	-1.00284E+1	-3.13260E-1	3.48636E-2
4.05781E+11	8.68514E-7	-1.04811E+1	8.05468E-2	-2.88142E-1
4.05937E+11	1.24716E-6	-9.84734E+0	2.30146E-1	2.24968E-1
4.06094E+11	1.61380E-6	-8.20042E+0	-3.85342E-1	5.34097E-2
4.06250E+11	2.51332E-6	-6.05168E+0	3.17987E-1	-3.83538E-1
4.06406E+11	3.42001E-6	-5.20143E+0	-1.01851E-1	5.39928E-1
4.06563E+11	1.36451E-6	-8.55921E+0	-2.02070E-1	-3.13861E-1
4.06719E+11	8.93256E-7	-1.10658E+1	2.79701E-1	2.51239E-3
4.06875E+11	5.48757E-7	-1.29538E+1	-1.23704E-1	1.88022E-1
4.07031E+11	6.22978E-7	-1.28530E+1	-7.99093E-2	-2.13211E-1
4.07187E+11	8.17504E-7	-1.15600E+1	2.59757E-1	4.84676E-2
4.07344E+11	1.48424E-6	-9.09313E+0	-3.04554E-1	1.74552E-1
4.07500E+11	7.38900E-7	-1.23671E+1	1.28529E-1	-2.03621E-1
4.07656E+11	2.67692E-7	-1.65831E+1	4.12815E-2	1.42333E-1
4.07813E+11	1.13664E-7	-1.95944E+1	-1.00290E-1	-3.03448E-2
4.07969E+11	7.79555E-8	-2.11303E+1	4.31234E-2	-7.64782E-2
4.08125E+11	9.15189E-8	-2.06381E+1	7.37839E-2	5.64756E-2
4.08281E+11	1.84239E-7	-1.77964E+1	-1.17730E-1	5.24330E-2
4.08437E+11	2.94791E-7	-1.58262E+1	9.18899E-2	-1.33043E-1
4.08594E+11	1.48006E-7	-1.84582E+1	-9.79246E-3	1.19021E-1
4.08750E+11	7.74973E-8	-2.10627E+1	-7.41799E-2	-4.82366E-2
4.08906E+11	4.92290E-8	-2.23303E+1	4.67483E-2	-6.05156E-2
4.09063E+11	4.40363E-8	-2.19170E+1	6.33742E-2	4.91434E-2
4.09219E+11	7.61256E-8	-1.90513E+1	-8.98561E-2	6.60852E-2
4.09375E+11	1.90389E-7	-1.49610E+1	2.98176E-2	-1.76123E-1
4.09531E+11	3.08716E-7	-1.27581E+1	-9.54170E-3	2.29995E-1
4.09687E+11	1.61490E-7	-1.55679E+1	-1.35253E-1	-9.72287E-2
4.09844E+11	1.04373E-7	-1.69734E+1	9.92918E-2	-1.01076E-1
4.10000E+11	1.14168E-7	-1.71327E+1	9.11686E-2	1.05073E-1
4.10156E+11	1.46598E-7	-1.54642E+1	-1.48412E-1	7.99450E-2
4.10313E+11	4.14386E-7	-1.21168E+1	-1.80716E-2	-2.47174E-1
4.10469E+11	1.20408E-6	-8.02964E+0	3.18870E-1	2.36079E-1
4.10625E+11	1.22912E-6	-7.52647E+0	-4.10302E-1	9.16488E-2
4.10781E+11	1.21584E-6	-8.75141E+0	1.67287E-1	-3.24536E-1
4.10937E+11	1.06096E-6	-9.69232E+0	8.53992E-2	3.16305E-1
4.11094E+11	1.05711E-6	-9.76896E+0	-2.44099E-1	-2.14196E-1
4.11250E+11	1.35619E-6	-9.01470E+0	3.54207E-1	-2.19236E-3
4.11406E+11	2.29941E-6	-7.28043E+0	-2.88734E-1	3.21997E-1
4.11563E+11	3.41276E-6	-5.36081E+0	6.98167E-2	-5.34924E-1
4.11719E+11	2.26613E-6	-7.13343E+0	5.88863E-2	4.35915E-1
4.11875E+11	1.17305E-6	-1.03421E+1	-1.86787E-1	-2.39866E-1
4.12031E+11	6.84187E-7	-1.32305E+1	2.16978E-1	2.11760E-2
4.12187E+11	4.64626E-7	-1.52223E+1	-1.03019E-1	1.39399E-1
4.12344E+11	4.56329E-7	-1.53079E+1	-7.49142E-2	-1.54422E-1
4.12500E+11	7.94883E-7	-1.31403E+1	2.12580E-1	5.77556E-2
4.12656E+11	5.01954E-7	-1.43329E+1	-1.91984E-1	3.90209E-3
4.12813E+11	3.00216E-7	-1.72969E+1	9.23490E-2	-1.00528E-1
4.12969E+11	1.31562E-7	-2.05325E+1	4.79886E-2	8.08897E-2
4.13125E+11	4.35045E-8	-2.44202E+1	-5.58579E-2	2.22220E-2
4.13281E+11	4.35822E-8	-2.53862E+1	-1.88379E-3	-5.37554E-2
4.13437E+11	4.72774E-8	-2.41261E+1	5.35940E-2	3.15415E-2
4.13594E+11	8.00085E-8	-2.17970E+1	-8.01488E-2	1.37010E-2
4.13750E+11	9.53059E-8	-2.12645E+1	7.02371E-2	-5.04058E-2
4.13906E+11	1.88974E-8	-2.73001E+1	-5.22079E-3	4.28342E-2
4.14063E+11	1.35406E-8	-2.87215E+1	-3.08706E-2	-1.97311E-2
4.14219E+11	8.71457E-9	-2.99460E+1	2.61660E-2	-1.81063E-2
4.14375E+11	1.25320E-8	-2.81782E+1	1.12082E-2	3.73572E-2
4.14531E+11	2.42893E-8	-2.50829E+1	-5.55679E-2	3.83356E-3
4.14687E+11	4.80912E-8	-2.09949E+1	5.24882E-2	-7.20947E-2
4.14844E+11	3.96688E-8	-2.18521E+1	9.03393E-3	8.02899E-2
4.15000E+11	1.75564E-8	-2.46027E+1	-5.60005E-2	-1.81428E-2
4.15156E+11	1.54349E-8	-2.56877E+1	2.60730E-2	-4.49374E-2
4.15313E+11	2.25832E-8	-2.56839E+1	4.05741E-2	3.24853E-2
4.15469E+11	2.88345E-8	-2.39422E+1	-5.13642E-2	3.73643E-2
4.15625E+11	9.03771E-8	-1.93355E+1	6.11879E-3	-1.07777E-1
4.15781E+11	1.78308E-7	-1.60414E+1	5.55265E-2	1.47638E-1
4.15937E+11	1.25428E-7	-1.72923E+1	-1.05406E-1	-8.68536E-2
4.16094E+11	8.18148E-8	-1.97940E+1	9.53831E-2	-3.72531E-2
4.16250E+11	1.25396E-7	-1.76374E+1	5.18281E-3	1.31158E-1
4.16406E+11	1.77677E-7	-1.63432E+1	-1.40304E-1	-5.93715E-2
4.16563E+11	4.38469E-7	-1.22702E+1	2.17857E-1	-1.08756E-1
4.16719E+11	1.22421E-6	-8.82587E+0	-1.54465E-1	3.27389E-1
4.16875E+11	1.47085E-6	-8.27854E+0	-1.86766E-2	-3.85091E-1
4.17031E+11	7.92973E-7	-1.07277E+1	1.84093E-1	2.25129E-1
4.17187E+11	3.77405E-7	-1.35110E+1	-2.11080E-1	-6.31128E-4
4.17344E+11	3.57121E-7	-1.52724E+1	1.06053E-1	-1.35842E-1
4.17500E+11	2.36435E-7	-1.61478E+1	5.24856E-2	1.46709E-1
4.17656E+11	2.94419E-7	-1.56086E+1	-1.64506E-1	-2.06300E-2
4.17813E+11	4.13457E-7	-1.47441E+1	1.40000E-1	-1.18076E-1
4.17969E+11	1.70540E-7	-1.70789E+1	-5.03893E-2	1.30592E-1
4.18125E+11	5.34527E-8	-2.20357E+1	-2.13636E-2	-7.61675E-2
4.18281E+11	2.74385E-8	-2.55116E+1	4.81581E-2	2.21742E-2
4.18437E+11	1.55070E-8	-2.87285E+1	-3.01769E-2	2.07240E-2
4.18594E+11	1.19733E-8	-2.99639E+1	-7.00325E-3	-3.09726E-2
4.18750E+11	1.66943E-8	-2.81452E+1	3.78718E-2	9.92466E-3
4.18906E+11	3.18242E-8	-2.52875E+1	-4.83415E-2	2.49568E-2
4.19063E+11	2.41410E-8	-2.63178E+1	2.28943E-2	-4.25499E-2
4.19219E+11	7.23777E-9	-3.09983E+1	1.82069E-2	2.15208E-2
4.19375E+11	3.49755E-9	-3.38240E+1	-1.59124E-2	1.27031E-2
4.19531E+11	2.73411E-9	-3.44160E+1	-1.09590E-2	-1.55448E-2
4.19687E+11	2.95338E-9	-3.33980E+1	1.85335E-2	-1.06682E-2
4.19844E+11	5.40131E-9	-3.08653E+1	2.86602E-3	2.84803E-2
4.20000E+11	8.46547E-9	-2.93606E+1	-2.56242E-2	-2.24058E-2
4.20156E+11	4.50006E-9	-3.14826E+1	2.62897E-2	-4.43105E-3
4.20313E+11	2.53465E-9	-3.36564E+1	-1.72096E-3	2.06862E-2
4.20469E+11	2.53747E-9	-3.41436E+1	-1.84847E-2	-6.59368E-3
4.20625E+11	3.23212E-9	-3.24903E+1	1.46609E-2	-1.86723E-2
4.20781E+11	7.88119E-9	-2.91217E+1	1.81270E-2	2.99257E-2
4.20937E+11	2.36530E-8	-2.39210E+1	-6.35771E-2	-3.48203E-3
4.21094E+11	3.79829E-8	-2.17157E+1	7.10290E-2	-4.11249E-2
4.21250E+11	3.02308E-8	-2.26760E+1	-1.99204E-2	7.07334E-2
4.21406E+11	3.60380E-8	-2.22099E+1	-5.11796E-2	-5.82452E-2
4.21563E+11	6.15736E-8	-2.04419E+1	9.03595E-2	-2.94561E-2
4.21719E+11	1.43378E-7	-1.73500E+1	-1.64208E-3	1.35665E-1
4.21875E+11	3.41041E-7	-1.30371E+1	-1.82226E-1	-1.28399E-1
4.22031E+11	9.33504E-7	-9.11377E+0	3.44441E-1	6.32294E-2
4.22187E+11	1.12394E-6	-8.63419E+0	-3.70051E-1	4.26126E-3
4.22344E+11	4.38554E-7	-1.21250E+1	2.07048E-1	-1.35784E-1
4.22500E+11	2.99470E-7	-1.44312E+1	-2.33159E-2	1.88427E-1
4.22656E+11	2.17970E-7	-1.50640E+1	-1.22815E-1	-1.26795E-1
4.22813E+11	2.64574E-7	-1.51389E+1	1.74871E-1	-6.90627E-3
4.22969E+11	2.66739E-7	-1.49645E+1	-1.27633E-1	1.24869E-1
4.23125E+11	3.42399E-7	-1.36710E+1	5.28298E-2	-2.00381E-1
4.23281E+11	1.49580E-7	-1.80166E+1	3.66962E-2	1.20174E-1
4.23438E+11	4.84370E-8	-2.25413E+1	-7.28517E-2	-1.62129E-2
4.23594E+11	2.46167E-8	-2.55053E+1	2.46302E-2	-4.69923E-2
4.23750E+11	1.84791E-8	-2.65378E+1	3.46196E-2	3.19500E-2
4.23906E+11	2.37764E-8	-2.61310E+1	-4.27230E-2	2.47384E-2
4.24062E+11	3.75628E-8	-2.33490E+1	-3.02931E-3	-6.79391E-2
4.24219E+11	4.46573E-8	-2.28427E+1	4.03710E-2	5.97241E-2
4.24375E+11	1.19208E-8	-2.85579E+1	-3.67717E-2	-6.45521E-3
4.24531E+11	5.38949E-9	-3.22240E+1	1.20519E-2	-2.13070E-2
4.24688E+11	3.98758E-9	-3.29606E+1	1.55554E-2	1.62413E-2
4.24844E+11	4.91547E-9	-3.25411E+1	-1.92613E-2	1.36399E-2
4.25000E+11	1.47270E-8	-2.79398E+1	-1.15458E-2	-3.83891E-2
4.25156E+11	3.22838E-8	-2.43422E+1	6.00527E-2	8.54766E-3
4.25312E+11	3.62375E-8	-2.37518E+1	-6.17359E-2	2.00972E-2
4.25469E+11	2.02788E-8	-2.60302E+1	1.33061E-2	-4.81394E-2
4.25625E+11	1.58301E-8	-2.65102E+1	3.71572E-2	2.92028E-2
4.25781E+11	2.25330E-8	-2.54924E+1	-4.18029E-2	3.27998E-2
4.25938E+11	2.73666E-8	-2.39563E+1	-3.02301E-2	-5.57443E-2
4.26094E+11	5.46411E-8	-2.13255E+1	8.11936E-2	-2.78799E-2
4.26250E+11	1.91961E-7	-1.59220E+1	-1.45783E-2	1.59253E-1
4.26406E+11	2.54829E-7	-1.51398E+1	-7.47642E-2	-1.58214E-1
4.26562E+11	1.93557E-7	-1.69326E+1	1.41987E-1	1.02176E-2
4.26719E+11	1.85111E-7	-1.74727E+1	-4.39765E-2	1.26336E-1
4.26875E+11	2.11888E-7	-1.67521E+1	-1.19825E-1	-8.22587E-2
4.27031E+11	5.70529E-7	-1.29458E+1	1.97578E-1	-1.08215E-1
4.27188E+11	1.31055E-6	-9.77574E+0	-8.37302E-2	3.13510E-1
4.27344E+11	3.25898E-6	-5.91139E+0	-7.23447E-2	-5.01131E-1
4.27500E+11	2.55330E-6	-6.62655E+0	1.29612E-1	4.47933E-1
4.27656E+11	1.51186E-6	-9.09559E+0	-2.64961E-1	-2.30103E-1
4.27812E+11	9.55597E-7	-1.05335E+1	2.92473E-1	-5.38568E-2
4.27969E+11	7.80451E-7	-1.12653E+1	-8.73618E-2	2.59025E-1
4.28125E+11	1.00323E-6	-1.08838E+1	-1.80965E-1	-2.20993E-1
4.28281E+11	1.36737E-6	-9.84202E+0	3.21723E-1	1.41134E-2
4.28438E+11	1.63556E-6	-8.75859E+0	-3.32571E-1	1.49950E-1
4.28594E+11	5.95901E-7	-1.22223E+1	1.54585E-1	-1.89871E-1
4.28750E+11	2.11706E-7	-1.65609E+1	3.52937E-2	1.44325E-1
4.28906E+11	1.02580E-7	-2.02037E+1	-9.70618E-2	-1.09905E-2
4.29062E+11	6.79278E-8	-2.19788E+1	2.96675E-2	-7.38934E-2
4.29219E+11	8.16924E-8	-2.19158E+1	5.78160E-2	5.55919E-2
4.29375E+11	1.06139E-7	-2.07679E+1	-8.93220E-2	2.00243E-2
4.29531E+11	1.12111E-7	-2.07682E+1	6.73159E-2	-6.20267E-2
4.29688E+11	3.02488E-8	-2.56946E+1	-1.00212E-3	5.19028E-2
4.29844E+11	1.38820E-8	-2.90684E+1	-3.13135E-2	-1.60847E-2
4.30000E+11	1.16237E-8	-3.04543E+1	2.29922E-2	-1.92882E-2
4.30156E+11	1.08057E-8	-3.03312E+1	9.18295E-3	2.90214E-2
4.30312E+11	1.49015E-8	-2.85290E+1	-3.74558E-2	4.45990E-4
4.30469E+11	2.83884E-8	-2.55785E+1	2.18307E-2	-4.78679E-2
4.30625E+11	2.49876E-8	-2.52159E+1	2.52092E-2	4.87175E-2
4.30781E+11	1.14188E-8	-2.82514E+1	-3.86374E-2	1.70029E-3
4.30938E+11	7.37373E-9	-3.02213E+1	3.42290E-3	-3.06368E-2
4.31094E+11	6.15753E-9	-3.08839E+1	2.77196E-2	6.89064E-3
4.31250E+11	6.96039E-9	-2.97043E+1	-8.00936E-3	3.17223E-2
4.31406E+11	1.39328E-8	-2.69960E+1	-4.20715E-2	-1.50697E-2
4.31562E+11	3.75711E-8	-2.31494E+1	4.85383E-2	-4.98645E-2
4.31719E+11	4.04243E-8	-2.28392E+1	-2.03758E-3	7.20884E-2
4.31875E+11	2.85359E-8	-2.44167E+1	-5.33894E-2	-2.76839E-2
4.32031E+11	3.08648E-8	-2.42502E+1	4.28623E-2	-4.38296E-2
4.32188E+11	5.75531E-8	-2.25754E+1	4.11893E-2	6.18874E-2
4.32344E+11	1.34024E-7	-1.95403E+1	-1.01580E-1	2.82491E-2
4.32500E+11	3.19642E-7	-1.55949E+1	4.46999E-2	-1.59928E-1
4.32656E+11	7.76210E-7	-1.20087E+1	8.69025E-2	2.35410E-1
4.32812E+11	7.83047E-7	-1.12934E+1	-2.09156E-1	-1.74633E-1
4.32969E+11	8.28920E-7	-1.23339E+1	2.41421E-1	1.19146E-2
4.33125E+11	5.50942E-7	-1.37649E+1	-1.44924E-1	1.44990E-1
4.33281E+11	5.05876E-7	-1.45572E+1	-2.77808E-2	-1.85054E-1
4.33438E+11	3.86414E-7	-1.46729E+1	1.61538E-1	8.94549E-2
4.33594E+11	5.69896E-7	-1.40219E+1	-1.84936E-1	7.35486E-2
4.33750E+11	5.19796E-7	-1.37038E+1	9.61788E-2	-1.82677E-1
4.33906E+11	3.36389E-7	-1.67616E+1	2.43053E-2	1.43136E-1
4.34062E+11	1.17617E-7	-2.11667E+1	-8.02214E-2	-3.47663E-2
4.34219E+11	5.43956E-8	-2.43588E+1	4.61546E-2	-3.91806E-2
4.34375E+11	4.06370E-8	-2.62830E+1	1.38251E-2	4.65006E-2
4.34531E+11	2.96544E-8	-2.67498E+1	-4.49962E-2	-9.42965E-3
4.34688E+11	4.01657E-8	-2.65006E+1	3.51992E-2	-3.16134E-2
4.34844E+11	3.51908E-8	-2.66222E+1	-5.38255E-3	4.63426E-2
4.35000E+11	1.73623E-8	-2.96763E+1	-2.33438E-2	-2.30747E-2
4.35156E+11	9.93926E-9	-3.26485E+1	2.08721E-2	-1.03823E-2
4.35312E+11	5.42862E-9	-3.46596E+1	5.28434E-3	1.77224E-2
4.35469E+11	4.29213E-9	-3.49966E+1	-1.76000E-2	2.59139E-3
4.35625E+11	5.23736E-9	-3.40410E+1	2.74612E-3	-1.96679E-2
4.35781E+11	8.27266E-9	-3.19683E+1	2.07457E-2	1.43245E-2
4.35938E+11	7.80928E-9	-3.09520E+1	-2.66863E-2	9.53903E-3
4.36094E+11	4.48656E-9	-3.31273E+1	2.21716E-3	-2.19498E-2
4.36250E+11	1.92682E-9	-3.60666E+1	1.54154E-2	3.11935E-3
4.36406E+11	1.57782E-9	-3.71054E+1	-4.32741E-3	1.32671E-2
4.36562E+11	2.50230E-9	-3.51880E+1	-1.48823E-2	-9.01938E-3
4.36719E+11	5.05585E-9	-3.19797E+1	1.96265E-2	-1.57704E-2
4.36875E+11	9.09543E-9	-2.95646E+1	6.79215E-3	3.25473E-2
4.37031E+11	1.48901E-8	-2.78365E+1	-3.59771E-2	-1.87441E-2
4.37188E+11	1.31051E-8	-2.81938E+1	3.42100E-2	-1.85845E-2
4.37344E+11	1.43166E-8	-2.74750E+1	-1.74742E-3	4.22551E-2
4.37500E+11	2.84930E-8	-2.53548E+1	-4.32855E-2	-3.22582E-2
4.37656E+11	5.46222E-8	-2.25985E+1	6.86915E-2	-2.79067E-2
4.37812E+11	1.33331E-7	-1.87038E+1	-1.23561E-2	1.15435E-1
4.37969E+11	3.15440E-7	-1.48295E+1	-1.41234E-1	-1.13763E-1
4.38125E+11	6.14976E-7	-1.25003E+1	2.36030E-1	2.27939E-2
4.38281E+11	5.36561E-7	-1.30120E+1	-2.11377E-1	7.27998E-2
4.38438E+11	4.00120E-7	-1.39431E+1	1.32111E-1	-1.51269E-1
4.38594E+11	3.96589E-7	-1.43839E+1	3.09563E-3	1.90875E-1
4.38750E+11	3.81234E-7	-1.40884E+1	-1.54862E-1	-1.22583E-1
4.38906E+11	4.86017E-7	-1.31781E+1	2.16930E-1	-3.23497E-2
4.39062E+11	5.59648E-7	-1.22864E+1	-1.88509E-1	1.53405E-1
4.39219E+11	4.42377E-7	-1.34349E+1	1.04906E-1	-1.85303E-1
4.39375E+11	2.24509E-7	-1.66961E+1	2.67960E-2	1.43808E-1
4.39531E+11	1.08570E-7	-2.00798E+1	-9.39676E-2	-3.14342E-2
4.39688E+11	7.64217E-8	-2.22746E+1	5.54852E-2	-5.33330E-2
4.39844E+11	5.11373E-8	-2.39352E+1	1.15116E-2	6.25174E-2
4.40000E+11	4.61464E-8	-2.39590E+1	-5.61096E-2	-2.95050E-2
4.40156E+11	6.09790E-8	-2.34751E+1	6.33720E-2	-2.18285E-2
4.40312E+11	4.13524E-8	-2.51467E+1	-1.97397E-2	5.16484E-2
4.40469E+11	1.95639E-8	-2.80570E+1	-2.70762E-2	-2.88288E-2
4.40625E+11	1.28927E-8	-3.01910E+1	2.91003E-2	-1.04950E-2
4.40781E+11	1.08156E-8	-3.12748E+1	-3.25667E-3	2.71112E-2
4.40938E+11	1.16163E-8	-3.11282E+1	-2.43546E-2	-1.33444E-2
4.41094E+11	1.52494E-8	-2.89333E+1	2.89568E-2	-2.09738E-2
4.41250E+11	2.25271E-8	-2.70751E+1	-3.61208E-3	4.41364E-2
4.41406E+11	1.26782E-8	-2.84227E+1	-2.11587E-2	-3.14677E-2
4.41562E+11	8.65546E-9	-3.03495E+1	3.01849E-2	3.39936E-3
4.41719E+11	7.24870E-9	-3.06242E+1	-1.46371E-2	2.55319E-2
4.41875E+11	7.80138E-9	-3.00984E+1	-2.09552E-2	-2.32053E-2
4.42031E+11	1.43511E-8	-2.77857E+1	3.64086E-2	-1.84251E-2
4.42188E+11	2.91788E-8	-2.47488E+1	-1.28697E-3	5.78699E-2
4.42344E+11	5.73017E-8	-2.25555E+1	-4.94062E-2	-5.57764E-2
4.42500E+11	4.72777E-8	-2.31253E+1	6.96981E-2	-3.39698E-3
4.42656E+11	5.47261E-8	-2.38008E+1	-8.05849E-3	6.40545E-2
4.42812E+11	5.46953E-8	-2.31423E+1	-6.68265E-2	-1.96089E-2
4.42969E+11	9.59961E-8	-2.15021E+1	5.04850E-2	-6.72850E-2
4.43125E+11	2.03672E-7	-1.85161E+1	4.69990E-2	1.08923E-1
4.43281E+11	4.30917E-7	-1.49770E+1	-1.74735E-1	-3.54701E-2
4.43438E+11	6.69050E-7	-1.23345E+1	1.81688E-1	-1.59398E-1
4.43594E+11	7.71312E-7	-1.22722E+1	-9.87585E-4	2.43437E-1
4.43750E+11	6.13012E-7	-1.33003E+1	-1.33140E-1	-1.70422E-1
4.43906E+11	6.34482E-7	-1.38783E+1	1.86638E-1	7.81544E-2
4.44062E+11	7.69792E-7	-1.36346E+1	-2.04871E-1	3.65121E-2
4.44219E+11	8.61266E-7	-1.26606E+1	1.07512E-1	-2.06478E-1
4.44375E+11	1.28988E-6	-1.11677E+1	1.51939E-1	2.30952E-1
4.44531E+11	1.29176E-6	-1.09650E+1	-2.67791E-1	-9.14467E-2
4.44688E+11	6.92594E-7	-1.36365E+1	2.07782E-1	-1.06163E-2
4.44844E+11	3.16919E-7	-1.67133E+1	-1.23895E-1	7.72298E-2
4.45000E+11	1.64007E-7	-1.94129E+1	1.10507E-2	-1.06420E-1
4.45156E+11	1.28767E-7	-2.14635E+1	7.81634E-2	3.20884E-2
4.45312E+11	8.87856E-8	-2.23849E+1	-4.56923E-2	6.07177E-2
4.45469E+11	9.29322E-8	-2.21610E+1	-1.50753E-2	-7.65030E-2
4.45625E+11	7.39965E-8	-2.35391E+1	3.44678E-2	5.69099E-2
4.45781E+11	2.50748E-8	-2.78176E+1	-3.76131E-2	-1.54319E-2
4.45937E+11	1.12018E-8	-3.15018E+1	1.87522E-2	-1.88682E-2
4.46094E+11	6.77365E-9	-3.36489E+1	1.03813E-2	1.79962E-2
4.46250E+11	4.97901E-9	-3.41715E+1	-1.95486E-2	-7.40495E-4
4.46406E+11	6.25191E-9	-3.32304E+1	1.66290E-2	-1.40983E-2
4.46563E+11	9.58776E-9	-3.11427E+1	-5.44935E-3	2.71837E-2
4.46719E+11	7.22411E-9	-3.22464E+1	-1.62061E-2	-1.82624E-2
4.46875E+11	3.36214E-9	-3.54919E+1	1.34748E-2	-1.00397E-2
4.47031E+11	2.07382E-9	-3.74372E+1	6.25642E-3	1.18859E-2
4.47187E+11	2.01094E-9	-3.74026E+1	-1.34812E-2	-3.41121E-4
4.47344E+11	2.90585E-9	-3.60515E+1	7.48993E-3	-1.38610E-2
4.47500E+11	4.24478E-9	-3.39188E+1	1.53018E-2	1.30947E-2
4.47656E+11	8.92795E-9	-3.08371E+1	-2.26059E-2	1.77107E-2
4.47813E+11	9.13190E-9	-3.12212E+1	-1.41297E-3	-2.74388E-2
4.47969E+11	5.82174E-9	-3.30552E+1	1.74454E-2	1.38029E-2
4.48125E+11	5.33752E-9	-3.33723E+1	-2.05591E-2	6.11078E-3
4.48281E+11	6.13762E-9	-3.23898E+1	-2.90340E-4	-2.40147E-2
4.48437E+11	1.38633E-8	-2.94732E+1	3.35343E-2	2.09882E-3
4.48594E+11	4.14713E-8	-2.48066E+1	-2.38484E-2	5.23215E-2
4.48750E+11	1.23919E-7	-2.04105E+1	6.20423E-3	-9.51816E-2
4.48906E+11	1.17940E-7	-2.01285E+1	9.23629E-4	9.85275E-2
4.49063E+11	1.20115E-7	-2.03209E+1	-5.52655E-2	-7.89527E-2
4.49219E+11	1.94536E-7	-1.92284E+1	1.09200E-1	-4.44582E-3
4.49375E+11	2.44410E-7	-1.75440E+1	-7.56504E-2	1.08998E-1
4.49531E+11	3.57595E-7	-1.55127E+1	1.63196E-2	-1.66839E-1
4.49687E+11	5.39654E-7	-1.35575E+1	1.32933E-2	2.09533E-1
4.49844E+11	6.28628E-7	-1.28675E+1	-4.60952E-2	-2.22591E-1
4.50000E+11	3.06217E-7	-1.61768E+1	9.93280E-2	1.19376E-1
4.50156E+11	1.10153E-7	-2.06689E+1	-9.25861E-2	-6.50729E-4
4.50313E+11	5.84492E-8	-2.43191E+1	3.98270E-2	-4.59661E-2
4.50469E+11	3.77681E-8	-2.67227E+1	4.19784E-3	4.59259E-2
4.50625E+11	3.05493E-8	-2.75212E+1	-3.59175E-2	-2.18983E-2
4.50781E+11	3.57988E-8	-2.67475E+1	4.08749E-2	-2.10697E-2
4.50937E+11	3.41214E-8	-2.76990E+1	-1.51078E-2	3.83455E-2
4.51094E+11	8.99704E-9	-3.27213E+1	-8.69646E-3	-2.14189E-2
4.51250E+11	3.36788E-9	-3.67385E+1	1.42814E-2	2.81984E-3
4.51406E+11	2.19563E-9	-3.87340E+1	-5.85039E-3	9.98078E-3
4.51563E+11	2.09151E-9	-3.87121E+1	-9.68007E-3	-6.38896E-3
4.51719E+11	2.88691E-9	-3.73080E+1	8.92990E-3	-1.03015E-2
4.51875E+11	4.75922E-9	-3.46613E+1	4.55378E-3	1.79205E-2
4.52031E+11	5.04963E-9	-3.54093E+1	-1.16399E-2	-1.23409E-2
4.52187E+11	2.49607E-9	-3.87165E+1	1.15614E-2	-8.47547E-4
4.52344E+11	1.61645E-9	-4.07779E+1	-1.73799E-3	8.97665E-3
4.52500E+11	1.75936E-9	-4.06541E+1	-8.51696E-3	-3.67152E-3
4.52656E+11	2.31598E-9	-3.93749E+1	7.88329E-3	-7.30309E-3
4.52813E+11	4.67291E-9	-3.62470E+1	2.13457E-3	1.52559E-2
4.52969E+11	9.73127E-9	-3.26442E+1	-1.80003E-2	-1.48312E-2
4.53125E+11	7.57581E-9	-3.32448E+1	2.16943E-2	-1.75307E-3
4.53281E+11	3.93136E-9	-3.60889E+1	-5.49474E-3	1.46938E-2
4.53437E+11	3.23473E-9	-3.66639E+1	-1.01078E-2	-1.06495E-2
4.53594E+11	3.39250E-9	-3.51371E+1	1.69031E-2	-4.54810E-3
4.53750E+11	8.55433E-9	-3.17326E+1	-1.28054E-3	2.58725E-2
4.53906E+11	2.55113E-8	-2.64089E+1	-4.72415E-2	-7.37672E-3
4.54063E+11	7.53935E-8	-2.24352E+1	3.81874E-2	-6.51899E-2
4.54219E+11	5.93848E-8	-2.27797E+1	2.96370E-2	6.62898E-2
4.54375E+11	6.60964E-8	-2.25318E+1	-7.30296E-2	-1.57796E-2
4.54531E+11	1.17543E-7	-2.03089E+1	6.81095E-2	-6.83703E-2
4.54687E+11	2.30210E-7	-1.69155E+1	5.81969E-2	1.30221E-1
4.54844E+11	5.76843E-7	-1.30492E+1	-2.14716E-1	5.87448E-2
4.55000E+11	1.24749E-6	-9.00876E+0	1.23428E-1	-3.32272E-1
4.55156E+11	1.87841E-6	-7.41335E+0	-1.07916E-1	4.12026E-1
4.55313E+11	1.19911E-6	-1.00015E+1	6.93520E-2	-3.08473E-1
4.55469E+11	6.45100E-7	-1.30866E+1	7.27637E-2	2.09366E-1
4.55625E+11	3.02530E-7	-1.52225E+1	-1.73253E-1	-5.21514E-3
4.55781E+11	2.88049E-7	-1.62027E+1	2.14078E-2	-1.53347E-1
4.55937E+11	3.38559E-7	-1.57025E+1	1.49327E-1	6.78322E-2
4.56094E+11	4.35760E-7	-1.38773E+1	-1.99044E-1	3.65100E-2
4.56250E+11	1.92411E-7	-1.75021E+1	1.24309E-1	-4.81808E-2
4.56406E+11	4.73159E-8	-2.38857E+1	-1.86938E-2	6.11376E-2
4.56563E+11	1.56918E-8	-2.83334E+1	-3.33471E-2	-1.88615E-2
4.56719E+11	9.19764E-9	-3.03138E+1	1.92250E-2	-2.36791E-2
4.56875E+11	1.02692E-8	-3.05104E+1	1.59343E-2	2.52036E-2
4.57031E+11	1.71895E-8	-2.84165E+1	-3.76822E-2	4.47209E-3
4.57187E+11	3.49218E-8	-2.59833E+1	3.46036E-2	-3.63886E-2
4.57344E+11	1.32832E-8	-3.05407E+1	4.99303E-4	2.97100E-2
4.57500E+11	4.69983E-9	-3.50802E+1	-1.67790E-2	-5.37642E-3
4.57656E+11	2.55074E-9	-3.70837E+1	8.45190E-3	-1.11482E-2
4.57813E+11	1.84818E-9	-3.77985E+1	7.72585E-3	1.03116E-2
4.57969E+11	3.20065E-9	-3.62525E+1	-1.40836E-2	6.21728E-3
4.58125E+11	7.60105E-9	-3.19018E+1	-6.50117E-3	-2.45585E-2
4.58281E+11	1.44862E-8	-2.88552E+1	2.83724E-2	2.22851E-2
4.58437E+11	5.27171E-9	-3.32893E+1	-2.09613E-2	5.43246E-3
4.58594E+11	2.98067E-9	-3.58997E+1	9.14533E-4	-1.60068E-2
4.58750E+11	2.77834E-9	-3.61791E+1	1.48065E-2	4.66991E-3
4.58906E+11	3.82311E-9	-3.43290E+1	-6.37878E-3	1.81212E-2
4.59063E+11	9.58025E-9	-3.06090E+1	-2.44670E-2	-1.64479E-2
4.59219E+11	4.15332E-8	-2.42551E+1	5.87390E-2	-1.74260E-2
4.59375E+11	4.85967E-8	-2.33960E+1	-5.19571E-2	4.33072E-2
4.59531E+11	2.25780E-8	-2.60975E+1	-1.06894E-2	-4.83927E-2
4.59687E+11	2.31849E-8	-2.64351E+1	4.75633E-2	-3.18890E-3
4.59844E+11	4.18305E-8	-2.45427E+1	-9.20264E-3	5.85551E-2
4.60000E+11	1.15598E-7	-2.07931E+1	-7.15060E-2	-5.67245E-2
4.60156E+11	3.99450E-7	-1.52960E+1	1.69737E-1	-2.69920E-2
4.60313E+11	1.93953E-6	-8.93565E+0	-3.14958E-1	1.69036E-1
4.60469E+11	1.57024E-6	-9.32822E+0	2.44493E-1	-2.38647E-1
4.60625E+11	8.52214E-7	-1.16202E+1	-3.36568E-3	2.62393E-1
4.60781E+11	6.91343E-7	-1.26074E+1	-1.43025E-1	-1.85484E-1
4.60937E+11	8.63517E-7	-1.26635E+1	2.14017E-1	9.13960E-2
4.61094E+11	9.89827E-7	-1.12395E+1	-2.66809E-1	6.31149E-2
4.61250E+11	2.18776E-6	-7.95980E+0	2.22442E-1	-3.32389E-1
4.61406E+11	2.23468E-6	-7.35166E+0	-1.24918E-1	4.10369E-1
4.61563E+11	8.09551E-7	-1.27271E+1	-2.41258E-2	-2.29755E-1
4.61719E+11	2.28957E-7	-1.78927E+1	7.07200E-2	1.06039E-1
4.61875E+11	9.70068E-8	-2.19412E+1	-7.68090E-2	-2.22706E-2
4.62031E+11	7.23817E-8	-2.36810E+1	4.46940E-2	-4.78225E-2
4.62187E+11	5.61767E-8	-2.41584E+1	3.39323E-2	5.18368E-2
4.62344E+11	9.76838E-8	-2.21545E+1	-7.78108E-2	-5.87080E-3
4.62500E+11	4.64196E-8	-2.49592E+1	5.63644E-2	3.89316E-3
4.62656E+11	9.54816E-9	-3.13335E+1	-2.65744E-2	5.42427E-3
4.62813E+11	3.72464E-9	-3.52106E+1	9.90713E-3	-1.42517E-2
4.62969E+11	2.01889E-9	-3.73838E+1	9.62048E-3	9.49183E-3
4.63125E+11	2.00490E-9	-3.68205E+1	-9.34588E-3	1.09818E-2
4.63281E+11	3.86198E-9	-3.40453E+1	-1.01743E-2	-1.70429E-2
4.63437E+11	7.54543E-9	-3.12751E+1	1.82429E-2	2.03168E-2
4.63594E+11	2.67305E-9	-3.56434E+1	-1.14931E-2	-1.18573E-2
4.63750E+11	9.81092E-10	-3.93811E+1	1.07044E-2	-8.55766E-4
4.63906E+11	6.62257E-10	-4.10243E+1	-1.78050E-3	8.70744E-3
4.64063E+11	6.02784E-10	-4.13825E+1	-7.60983E-3	-3.85063E-3
4.64219E+11	1.00050E-9	-3.85489E+1	1.00592E-2	-6.20376E-3
4.64375E+11	2.60063E-9	-3.41251E+1	-5.38812E-3	1.89148E-2
4.64531E+11	3.78081E-9	-3.24249E+1	-2.78824E-3	-2.37565E-2
4.64687E+11	1.74587E-9	-3.54554E+1	1.45915E-2	8.47549E-3
4.64844E+11	1.26258E-9	-3.74515E+1	-1.07065E-2	8.07426E-3
4.65000E+11	1.06444E-9	-3.81114E+1	-1.97571E-3	-1.22708E-2
4.65156E+11	1.85789E-9	-3.60281E+1	1.54060E-2	3.49642E-3
4.65313E+11	3.68672E-9	-3.30539E+1	-8.05490E-3	2.07395E-2
4.65469E+11	1.64174E-8	-2.69131E+1	-3.56198E-2	-2.76918E-2
4.65625E+11	2.02050E-8	-2.59911E+1	4.99888E-2	-4.25821E-3
4.65781E+11	1.34783E-8	-2.76001E+1	-2.73788E-2	3.14348E-2
4.65937E+11	1.74233E-8	-2.67089E+1	-6.42469E-3	-4.57418E-2
4.66094E+11	2.89397E-8	-2.44726E+1	5.85382E-2	1.19948E-2
4.66250E+11	8.59866E-8	-1.98854E+1	-2.55484E-2	9.80539E-2
4.66406E+11	2.69366E-7	-1.49805E+1	-1.44253E-1	-1.04673E-1
4.66563E+11	6.08027E-7	-1.18287E+1	2.47138E-1	6.75062E-2
4.66719E+11	4.90149E-7	-1.31299E+1	-2.10040E-1	-6.72702E-2
4.66875E+11	1.94449E-7	-1.71946E+1	1.36407E-1	-2.17164E-2
4.67031E+11	6.68483E-8	-2.14117E+1	-2.48696E-2	8.12796E-2
4.67187E+11	3.88568E-8	-2.45180E+1	-5.55065E-2	-2.12711E-2
4.67344E+11	2.72807E-8	-2.66665E+1	2.93949E-2	-3.59229E-2
4.67500E+11	2.69989E-8	-2.70743E+1	1.56660E-2	4.14243E-2
4.67656E+11	2.41213E-8	-2.71866E+1	-3.39951E-2	-2.74898E-2
4.67813E+11	6.93403E-9	-3.27334E+1	2.30849E-2	-7.81225E-5
4.67969E+11	2.66537E-9	-3.73811E+1	-5.98263E-3	1.21232E-2
4.68125E+11	1.17413E-9	-4.05067E+1	-6.38810E-3	-6.94114E-3
4.68281E+11	8.96788E-10	-4.14636E+1	7.89471E-3	-3.01060E-3
4.68437E+11	1.19654E-9	-4.06263E+1	6.58049E-5	9.30408E-3
4.68594E+11	1.63980E-9	-3.87381E+1	-9.42252E-3	-6.70337E-3
4.68750E+11	1.34295E-9	-3.90856E+1	1.10337E-2	-1.30185E-3
4.68906E+11	6.46266E-10	-4.21742E+1	-5.72991E-3	5.27095E-3
4.69062E+11	3.71874E-10	-4.47791E+1	5.60987E-4	-5.74091E-3
4.69219E+11	2.55343E-10	-4.60747E+1	4.36628E-3	2.37198E-3
4.69375E+11	3.87412E-10	-4.44990E+1	-3.29775E-3	4.96126E-3
4.69531E+11	5.51017E-10	-4.33913E+1	-5.50550E-3	-3.93570E-3
4.69688E+11	8.61969E-10	-4.07329E+1	7.76713E-3	-4.91360E-3
4.69844E+11	1.39971E-9	-3.96103E+1	-4.12092E-3	9.61284E-3
4.70000E+11	7.33056E-10	-4.16444E+1	-3.66691E-3	-7.41844E-3
4.70156E+11	5.70154E-10	-4.24800E+1	7.26658E-3	-1.92091E-3
4.70312E+11	7.64535E-10	-4.20351E+1	3.21240E-3	7.22966E-3
4.70469E+11	8.23390E-10	-4.09038E+1	-8.46152E-3	3.10065E-3
4.70625E+11	1.95749E-9	-3.70682E+1	-1.48378E-4	-1.40141E-2
4.70781E+11	3.88655E-9	-3.44631E+1	1.39424E-2	1.27846E-2
4.70938E+11	4.09649E-9	-3.37732E+1	-1.93295E-2	6.76930E-3
4.71094E+11	3.57667E-9	-3.40542E+1	6.77509E-4	-1.98170E-2
4.71250E+11	4.15297E-9	-3.36099E+1	1.73836E-2	1.15469E-2
4.71406E+11	7.84576E-9	-3.13401E+1	-2.62895E-2	6.58503E-3
4.71562E+11	1.53350E-8	-2.74595E+1	2.16953E-2	-3.63904E-2
4.71719E+11	3.60622E-8	-2.38874E+1	3.65459E-2	5.24405E-2
4.71875E+11	1.15999E-7	-1.95472E+1	-1.03432E-1	2.00213E-2
4.72031E+11	2.55026E-7	-1.60834E+1	1.13899E-1	-1.08018E-1
4.72188E+11	2.87613E-7	-1.51485E+1	-1.11563E-1	1.34587E-1
4.72344E+11	2.89754E-7	-1.48455E+1	7.43777E-2	-1.65033E-1
4.72500E+11	3.89373E-7	-1.43078E+1	7.59535E-2	1.76968E-1
4.72656E+11	4.16925E-7	-1.43808E+1	-1.89958E-1	1.96182E-2
4.72812E+11	4.18910E-7	-1.43105E+1	7.54096E-2	-1.77136E-1
4.72969E+11	3.57406E-7	-1.53330E+1	-1.15967E-2	1.70747E-1
4.73125E+11	1.47202E-7	-1.90489E+1	-8.83573E-3	-1.11222E-1
4.73281E+11	4.68480E-8	-2.38071E+1	4.81048E-2	4.29865E-2
4.73438E+11	1.92580E-8	-2.80976E+1	-2.65470E-2	2.90675E-2
4.73594E+11	1.17315E-8	-2.94028E+1	-2.69918E-2	-2.04663E-2
4.73750E+11	1.05963E-8	-2.98838E+1	3.01660E-2	-1.08223E-2
4.73906E+11	5.19525E-9	-3.27286E+1	-1.41375E-2	1.82658E-2
4.74062E+11	3.57581E-9	-3.41986E+1	3.20969E-3	-1.92356E-2
4.74219E+11	1.70386E-9	-3.71240E+1	9.43888E-3	1.02380E-2
4.74375E+11	1.24704E-9	-3.88763E+1	-9.93150E-3	5.55825E-3
4.74531E+11	7.37087E-10	-3.97128E+1	-2.32679E-3	-1.00708E-2
4.74688E+11	1.11441E-9	-3.91624E+1	1.01475E-2	4.27777E-3
4.74844E+11	1.30408E-9	-3.84350E+1	-1.11619E-2	4.33554E-3
4.75000E+11	1.19886E-9	-3.86298E+1	3.35806E-3	-1.12168E-2
4.75156E+11	1.15631E-9	-3.95276E+1	6.52105E-3	8.30463E-3
4.75312E+11	7.04621E-10	-4.14080E+1	-8.47277E-3	-7.22596E-4
4.75469E+11	4.71436E-10	-4.20848E+1	4.96482E-3	-6.10136E-3
4.75625E+11	7.37603E-10	-4.12055E+1	4.18302E-3	7.63306E-3
4.75781E+11	1.62407E-9	-3.79211E+1	-1.19907E-2	4.19766E-3
4.75938E+11	2.63654E-9	-3.54663E+1	5.42704E-3	-1.59557E-2
4.76094E+11	2.49194E-9	-3.61967E+1	6.53744E-3	1.40474E-2
4.76250E+11	1.52322E-9	-3.75070E+1	-1.29547E-2	-3.11739E-3
4.76406E+11	1.30818E-9	-3.77189E+1	8.78457E-3	-9.58747E-3
4.76562E+11	1.73577E-9	-3.69062E+1	9.73062E-3	1.04497E-2
4.76719E+11	3.32566E-9	-3.37743E+1	-1.59582E-2	1.28326E-2
4.76875E+11	7.29316E-9	-2.94330E+1	-1.09433E-2	-3.19327E-2
4.77031E+11	1.77427E-8	-2.62695E+1	4.23176E-2	2.38744E-2
4.77188E+11	1.70639E-8	-2.62795E+1	-4.72562E-2	1.10518E-2
4.77344E+11	1.59599E-8	-2.64289E+1	1.49813E-2	-4.52907E-2
4.77500E+11	2.36046E-8	-2.48363E+1	4.69706E-2	3.28252E-2
4.77656E+11	5.17956E-8	-2.15766E+1	-6.91783E-2	4.65835E-2
4.77812E+11	1.59657E-7	-1.70838E+1	4.73332E-3	-1.39818E-1
4.77969E+11	5.28021E-7	-1.13707E+1	1.28188E-1	2.37701E-1
4.78125E+11	8.08193E-7	-9.51953E+0	-1.71159E-1	-2.87059E-1
4.78281E+11	4.06403E-7	-1.27423E+1	1.95073E-1	1.23003E-1
4.78438E+11	2.21537E-7	-1.56043E+1	-1.57803E-1	5.11223E-2
4.78594E+11	1.31351E-7	-1.78010E+1	3.85525E-2	-1.22906E-1
4.78750E+11	1.08113E-7	-1.81622E+1	8.00078E-2	9.41636E-2
4.78906E+11	9.18888E-8	-1.81250E+1	-1.23984E-1	5.19818E-3
4.79062E+11	1.03416E-7	-1.73483E+1	1.00647E-1	-9.10235E-2
4.79219E+11	3.25439E-8	-2.15001E+1	-3.66663E-2	7.57288E-2
4.79375E+11	7.01018E-9	-2.83417E+1	-1.46445E-2	-3.53626E-2
4.79531E+11	2.15370E-9	-3.28542E+1	2.27663E-2	9.67807E-6
4.79688E+11	1.13976E-9	-3.54759E+1	-4.57311E-3	1.62017E-2
4.79844E+11	8.82658E-10	-3.62112E+1	-1.30133E-2	-8.36182E-3
4.80000E+11	1.70684E-9	-3.42853E+1	1.58086E-2	-1.10853E-2
4.80156E+11	2.38746E-9	-3.20097E+1	-1.16138E-2	2.22412E-2
4.80312E+11	8.20164E-10	-3.68047E+1	2.24238E-3	-1.42714E-2
4.80469E+11	2.83157E-10	-4.16788E+1	6.55408E-3	4.99839E-3
4.80625E+11	1.37292E-10	-4.46382E+1	-4.03557E-3	4.25258E-3
4.80781E+11	1.45581E-10	-4.45088E+1	-3.64794E-3	-4.70130E-3
4.80938E+11	1.68528E-10	-4.35368E+1	6.15662E-3	-2.52742E-3
4.81094E+11	3.59762E-10	-3.94468E+1	-1.13802E-3	1.05967E-2
4.81250E+11	3.89215E-10	-3.81909E+1	-2.55767E-3	-1.20471E-2
4.81406E+11	2.03112E-10	-4.16968E+1	6.40199E-3	5.16448E-3
4.81562E+11	9.91264E-11	-4.45718E+1	-4.84507E-3	3.38003E-3
4.81719E+11	6.58835E-11	-4.58377E+1	-3.21974E-3	-3.96343E-3
4.81875E+11	1.40604E-10	-4.26796E+1	6.25040E-3	-3.85852E-3
4.82031E+11	1.79439E-10	-4.12554E+1	2.38196E-3	8.31997E-3
4.82188E+11	7.48082E-10	-3.52915E+1	-1.53915E-2	-7.66813E-3
4.82344E+11	4.68446E-10	-3.71022E+1	1.39548E-2	3.88784E-4
4.82500E+11	2.91943E-10	-3.92897E+1	-5.10095E-3	9.57857E-3
4.82656E+11	2.91806E-10	-4.00443E+1	-7.18655E-3	-6.88033E-3
4.82812E+11	3.76875E-10	-3.86624E+1	9.77569E-3	-6.36443E-3
4.82969E+11	9.43349E-10	-3.53671E+1	2.77141E-3	1.68200E-2
4.83125E+11	3.03965E-9	-3.02777E+1	-2.69246E-2	-1.45984E-2
4.83281E+11	1.27689E-8	-2.44914E+1	5.91435E-2	7.56515E-3
4.83438E+11	8.99455E-9	-2.63552E+1	-4.65544E-2	1.21378E-2
4.83594E+11	1.16063E-8	-2.56511E+1	2.94790E-2	-4.30466E-2
4.83750E+11	1.30753E-8	-2.44593E+1	-2.24866E-3	5.98037E-2
4.83906E+11	2.75678E-8	-2.20021E+1	-5.79707E-2	-5.42761E-2
4.84062E+11	4.48584E-8	-1.98037E+1	1.00403E-1	1.95365E-2
4.84219E+11	7.80339E-8	-1.74658E+1	-1.27304E-1	4.14359E-2
4.84375E+11	4.13100E-8	-2.03501E+1	9.60249E-2	2.18770E-3
4.84531E+11	6.13851E-9	-2.77112E+1	-3.91679E-2	1.26391E-2
4.84688E+11	3.63714E-9	-3.11892E+1	1.42886E-2	-2.35859E-2
4.84844E+11	1.72573E-9	-3.48174E+1	9.90359E-3	1.52225E-2
4.85000E+11	1.47814E-9	-3.60304E+1	-1.49898E-2	4.97407E-3
4.85156E+11	1.47139E-9	-3.57876E+1	3.57960E-3	-1.58419E-2
4.85312E+11	1.90470E-9	-3.51176E+1	2.26215E-3	1.73972E-2
4.85469E+11	5.46929E-10	-4.09083E+1	-3.55781E-3	-8.27465E-3
4.85625E+11	1.87614E-10	-4.58572E+1	4.87197E-3	1.49081E-3
4.85781E+11	1.40753E-10	-4.75227E+1	-2.69262E-3	3.23111E-3
4.85938E+11	9.56576E-11	-4.87258E+1	-1.68025E-3	-3.25370E-3
4.86094E+11	1.95362E-10	-4.58289E+1	4.93091E-3	-1.34689E-3
4.86250E+11	2.77154E-10	-4.47285E+1	-2.50577E-3	5.23298E-3
4.86406E+11	3.22284E-10	-4.38675E+1	-3.62428E-3	5.28288E-3
4.86562E+11	1.05407E-10	-4.79797E+1	-4.23813E-5	-3.99018E-3
4.86719E+11	5.63636E-11	-5.08527E+1	2.86105E-3	-1.78147E-4
4.86875E+11	6.50611E-11	-4.96254E+1	-1.05699E-3	3.12789E-3
4.87031E+11	7.44434E-11	-4.82789E+1	-3.59470E-3	-1.39333E-3
4.87188E+11	1.56048E-10	-4.46607E+1	4.76355E-3	-3.39131E-3
4.87344E+11	3.50408E-10	-4.03823E+1	1.37863E-3	9.46957E-3
4.87500E+11	1.83123E-10	-4.29607E+1	-3.99845E-3	-5.88100E-3
4.87656E+11	1.08657E-10	-4.48116E+1	5.34481E-3	-2.11131E-3
4.87812E+11	1.31287E-10	-4.44641E+1	1.47831E-3	5.79572E-3
4.87969E+11	1.62904E-10	-4.29248E+1	-7.05356E-3	1.11397E-3
4.88125E+11	4.48326E-10	-3.88708E+1	-7.69960E-4	-1.13623E-2
4.88281E+11	9.59023E-10	-3.44540E+1	1.68378E-2	8.66491E-3
4.88438E+11	2.16355E-9	-3.15823E+1	-2.60580E-2	3.95390E-3
4.88594E+11	1.33450E-9	-3.29625E+1	1.41262E-2	-1.74924E-2
4.88750E+11	1.39194E-9	-3.30866E+1	1.20827E-2	1.85821E-2
4.88906E+11	2.75802E-9	-3.05504E+1	-2.79777E-2	9.90996E-3
4.89062E+11	6.68501E-9	-2.66692E+1	-1.67751E-3	-4.63718E-2
4.89219E+11	2.05124E-8	-2.10472E+1	6.64137E-2	5.87073E-2
4.89375E+11	7.23186E-8	-1.64314E+1	-1.50616E-1	7.66210E-3
4.89531E+11	1.29662E-7	-1.35857E+1	2.05875E-1	-3.75597E-2
4.89688E+11	8.42781E-8	-1.60937E+1	-1.25594E-1	9.38559E-2
4.89844E+11	6.24895E-8	-1.72303E+1	3.83514E-2	-1.32104E-1
4.90000E+11	5.32060E-8	-1.77909E+1	3.48245E-2	1.24169E-1
4.90156E+11	5.54803E-8	-1.79816E+1	-1.02261E-1	-7.38858E-2
4.90312E+11	6.55053E-8	-1.73837E+1	1.33097E-1	-2.34623E-2
4.90469E+11	6.57320E-8	-1.70601E+1	-1.02244E-1	9.60436E-2
4.90625E+11	2.47835E-8	-2.13186E+1	2.58668E-2	-8.19287E-2
4.90781E+11	7.69705E-9	-2.68159E+1	1.82725E-2	4.18062E-2
4.90938E+11	4.07195E-9	-2.95292E+1	-3.18212E-2	-1.00955E-2
4.91094E+11	2.59275E-9	-3.15349E+1	1.91674E-2	-1.83000E-2
4.91250E+11	3.06122E-9	-3.06499E+1	1.37144E-2	2.59409E-2
4.91406E+11	3.23484E-9	-3.12872E+1	-2.71237E-2	2.79382E-3
4.91563E+11	3.19307E-9	-3.02214E+1	1.69931E-2	-2.57204E-2
4.91719E+11	1.86624E-9	-3.32408E+1	1.84311E-3	2.16969E-2
4.91875E+11	8.83594E-10	-3.63093E+1	-1.40942E-2	-5.93927E-3
4.92031E+11	6.12735E-10	-3.77398E+1	8.48740E-3	-9.81011E-3
4.92187E+11	6.57940E-10	-3.80809E+1	6.83486E-3	1.04331E-2
4.92344E+11	6.88971E-10	-3.75955E+1	-1.25130E-2	4.16985E-3
4.92500E+11	1.68118E-9	-3.39255E+1	9.80943E-4	-2.01005E-2
4.92656E+11	2.28571E-9	-3.26632E+1	1.04148E-2	2.08118E-2
4.92813E+11	1.10674E-9	-3.56110E+1	-1.65006E-2	-1.56758E-3
4.92969E+11	7.98345E-10	-3.70318E+1	5.47250E-3	-1.29663E-2
4.93125E+11	6.70325E-10	-3.80929E+1	7.82888E-3	9.68726E-3
4.93281E+11	9.26516E-10	-3.65414E+1	-1.31432E-2	7.00025E-3
4.93437E+11	2.38101E-9	-3.32706E+1	-1.33507E-2	-1.71076E-2
4.93594E+11	4.20833E-9	-3.05336E+1	2.78029E-2	-1.05535E-2
4.93750E+11	5.21330E-9	-2.94304E+1	-1.50611E-2	3.02211E-2
4.93906E+11	4.38885E-9	-3.12550E+1	-1.59348E-2	-2.22511E-2
4.94063E+11	3.27746E-9	-3.21625E+1	2.41674E-2	-4.87086E-3
4.94219E+11	3.90939E-9	-3.11476E+1	-3.17592E-3	2.75264E-2
4.94375E+11	8.04208E-9	-2.87396E+1	-3.33739E-2	-1.49303E-2
4.94531E+11	1.27604E-8	-2.53080E+1	3.77411E-2	-3.90050E-2
4.94687E+11	5.49405E-8	-1.92843E+1	1.06686E-2	1.08064E-1
4.94844E+11	8.35650E-8	-1.73405E+1	-4.31792E-2	-1.28777E-1
4.95000E+11	7.62419E-8	-1.81463E+1	1.06596E-1	6.29376E-2
4.95156E+11	4.87002E-8	-1.94989E+1	-9.72270E-2	4.20717E-2
4.95313E+11	4.28009E-8	-2.01129E+1	-3.08155E-2	-9.37752E-2
4.95469E+11	6.48245E-8	-1.80621E+1	1.24920E-1	-4.34819E-3
4.95625E+11	1.00078E-7	-1.55911E+1	-1.36046E-1	9.53439E-2
4.95781E+11	1.58664E-7	-1.39759E+1	1.74563E-1	-9.77765E-2
4.95937E+11	5.90208E-8	-1.79024E+1	-9.57514E-2	8.39090E-2
4.96094E+11	1.43798E-8	-2.33182E+1	-1.60076E-3	-6.82288E-2
4.96250E+11	4.47212E-9	-2.85400E+1	3.73088E-2	2.76355E-3
4.96406E+11	2.29628E-9	-3.06495E+1	-9.76360E-3	2.76724E-2
4.96563E+11	1.67195E-9	-3.16900E+1	-1.88017E-2	-1.80039E-2
4.96719E+11	2.11696E-9	-3.05064E+1	2.86127E-2	-8.44125E-3
4.96875E+11	2.98851E-9	-2.87067E+1	-2.83679E-2	2.32842E-2
4.97031E+11	1.30021E-9	-3.28323E+1	1.56253E-2	-1.66362E-2
4.97187E+11	2.82052E-10	-3.91437E+1	-1.87317E-3	1.08760E-2
4.97344E+11	8.15212E-11	-4.47280E+1	-4.73193E-3	-3.35794E-3
4.97500E+11	8.62900E-11	-4.43712E+1	3.69995E-3	-4.78117E-3
4.97656E+11	1.87372E-10	-4.17252E+1	4.28032E-3	6.99257E-3
4.97813E+11	4.11740E-10	-3.83785E+1	-1.15101E-2	-3.57501E-3
4.97969E+11	4.02656E-10	-3.81544E+1	1.22984E-2	1.30598E-3
4.98125E+11	1.52895E-10	-4.29881E+1	-6.62829E-3	2.51444E-3
4.98281E+11	1.71311E-11	-5.19074E+1	1.03409E-3	-2.31865E-3
4.98437E+11	2.18956E-11	-5.11151E+1	2.43210E-3	1.34920E-3
4.98594E+11	2.78878E-11	-5.04730E+1	-1.63909E-3	2.50630E-3
4.98750E+11	9.65648E-11	-4.55143E+1	-3.17629E-3	-4.24291E-3
4.98906E+11	3.85231E-10	-3.94194E+1	8.16925E-3	6.89690E-3
4.99063E+11	3.93958E-10	-3.97388E+1	-9.68019E-3	-3.53460E-3
4.99219E+11	8.77596E-11	-4.52087E+1	5.29417E-3	-1.45279E-3
4.99375E+11	4.39748E-11	-4.91876E+1	-7.67608E-4	3.38642E-3
4.99531E+11	1.87138E-11	-5.24547E+1	-2.10054E-3	-1.12700E-3
4.99687E+11	4.09068E-11	-4.91268E+1	9.64780E-4	-3.36097E-3
4.99844E+11	4.78197E-10	-3.78806E+1	8.49342E-3	9.52725E-3
5.00000E+11	1.71858E-9	-3.10506E+1	-2.02443E-2	-1.93725E-2
5.00156E+11	1.37385E-9	-3.28415E+1	2.06346E-2	9.69698E-3
5.00313E+11	5.56039E-10	-3.61127E+1	-1.55630E-2	1.59556E-3
5.00469E+11	1.74523E-10	-4.17358E+1	3.51892E-3	-7.39399E-3
5.00625E+11	1.66429E-10	-4.16105E+1	8.12255E-3	1.74363E-3
5.00781E+11	6.30152E-10	-3.47565E+1	-7.86352E-3	1.65114E-2
5.00937E+11	4.17652E-9	-2.64894E+1	-3.75626E-3	-4.72236E-2
5.01094E+11	4.71441E-9	-2.60100E+1	-1.61714E-2	4.73774E-2
5.01250E+11	1.41441E-9	-3.09442E+1	-2.46770E-3	-2.82580E-2
5.01406E+11	2.28766E-10	-3.94677E+1	9.68818E-3	4.37919E-3
5.01563E+11	1.51010E-10	-4.11016E+1	-4.34080E-3	7.66513E-3
5.01719E+11	3.06058E-11	-4.85794E+1	-2.57142E-3	-2.69392E-3
5.01875E+11	7.32155E-11	-4.36906E+1	2.64959E-3	-5.97744E-3
5.02031E+11	4.58749E-10	-3.67700E+1	8.39824E-4	1.44801E-2
5.02187E+11	2.17305E-10	-4.00461E+1	-3.65293E-3	-9.25207E-3
5.02344E+11	1.06648E-10	-4.38290E+1	6.20062E-3	1.72105E-3
5.02500E+11	3.14090E-11	-4.94235E+1	-5.79604E-4	3.32920E-3
5.02656E+11	9.12785E-12	-5.46583E+1	-1.26746E-3	-1.34711E-3
5.02813E+11	3.10454E-12	-5.96144E+1	-7.94963E-4	-6.78880E-4
5.02969E+11	8.01178E-11	-4.59741E+1	5.02560E-3	-1.10717E-4
5.03125E+11	1.74731E-10	-4.30125E+1	-7.06546E-3	2.31727E-4
5.03281E+11	8.59322E-11	-4.68209E+1	2.17388E-3	-4.00835E-3
5.03437E+11	5.11715E-11	-4.84973E+1	1.46007E-3	3.46446E-3
5.03594E+11	2.31984E-11	-5.32784E+1	-2.08848E-3	5.82193E-4
5.03750E+11	2.91919E-11	-5.16943E+1	-1.49283E-3	-2.13101E-3
5.03906E+11	2.92294E-11	-5.27823E+1	2.00108E-3	-1.12482E-3
5.04063E+11	2.53593E-10	-4.32249E+1	1.85059E-3	6.64568E-3
5.04219E+11	1.85937E-10	-4.45050E+1	-4.06911E-3	-4.34546E-3
5.04375E+11	9.43709E-11	-4.74736E+1	4.22889E-3	8.69966E-5
5.04531E+11	7.97439E-11	-4.81269E+1	-1.27759E-3	3.70947E-3
5.04687E+11	9.79512E-11	-4.73654E+1	-2.28961E-3	-3.61943E-3
5.04844E+11	1.42054E-10	-4.52330E+1	5.44673E-3	-5.51306E-4
5.05000E+11	3.29501E-10	-4.16423E+1	-3.12964E-4	8.27135E-3
5.05156E+11	1.33731E-9	-3.50707E+1	1.14879E-3	-1.76013E-2
5.05313E+11	6.57412E-10	-3.76550E+1	7.63833E-3	1.06419E-2
5.05469E+11	8.64277E-10	-3.73308E+1	-1.35879E-2	-5.12814E-4
5.05625E+11	6.27630E-10	-3.77094E+1	7.68722E-3	-1.05054E-2
5.05781E+11	1.12294E-9	-3.53486E+1	1.12207E-2	1.28815E-2
5.05937E+11	3.04570E-9	-3.05713E+1	-2.88470E-2	-6.67731E-3
5.06094E+11	1.16377E-8	-2.46209E+1	5.71320E-2	1.36608E-2
5.06250E+11	5.66822E-9	-2.81087E+1	-3.81050E-2	-9.68213E-3
5.06406E+11	2.67998E-9	-3.11732E+1	2.11328E-2	-1.77956E-2
5.06563E+11	1.38219E-9	-3.35085E+1	7.33223E-3	1.98002E-2
5.06719E+11	1.04717E-9	-3.39489E+1	-1.91598E-2	5.97692E-3
5.06875E+11	1.49878E-9	-3.16856E+1	4.03242E-3	-2.57308E-2
5.07031E+11	2.35625E-9	-2.97513E+1	1.86314E-2	2.66799E-2
5.07187E+11	2.19371E-9	-2.89487E+1	-2.57525E-2	-2.47124E-2
5.07344E+11	8.39733E-10	-3.44018E+1	1.89654E-2	-1.80059E-3
5.07500E+11	3.19193E-10	-3.75183E+1	-2.15665E-3	1.31312E-2
5.07656E+11	2.59569E-10	-3.91574E+1	-9.72806E-3	-5.17449E-3
5.07813E+11	1.97813E-10	-3.90706E+1	3.92793E-3	-1.04132E-2
5.07969E+11	3.93742E-10	-3.63829E+1	1.45492E-2	4.27895E-3
5.08125E+11	1.52838E-9	-3.00645E+1	-2.33263E-2	2.10036E-2
5.08281E+11	5.97962E-10	-3.41978E+1	5.04680E-3	-1.88391E-2
5.08437E+11	2.62925E-10	-3.82461E+1	1.04376E-2	6.38846E-3
5.08594E+11	1.72622E-10	-4.03496E+1	-3.56595E-3	8.91908E-3
5.08750E+11	1.02021E-10	-4.18831E+1	-7.58099E-3	-2.71022E-3
5.08906E+11	3.04504E-10	-3.75850E+1	2.69922E-3	-1.29265E-2
5.09063E+11	7.15238E-11	-3.36728E+1	1.96016E-2	6.71066E-3
5.09219E+11	1.51533E-9	-2.99472E+1	-3.14911E-2	4.53329E-3
5.09375E+11	6.08341E-10	-3.45735E+1	7.86490E-3	-1.69412E-2
5.09531E+11	4.57297E-10	-3.62295E+1	8.68246E-3	1.27623E-2
5.09687E+11	3.76289E-10	-3.66543E+1	-1.36521E-2	5.44768E-3
5.09844E+11	3.62967E-10	-3.58337E+1	-4.45366E-3	-1.55293E-2
5.10000E+11	1.30044E-9	-3.06863E+1	2.91743E-2	-1.63840E-3
5.10156E+11	4.87469E-9	-2.46261E+1	-2.86148E-2	5.12619E-2
5.10313E+11	4.64656E-9	-2.32586E+1	3.54102E-3	-6.86265E-2
5.10469E+11	2.86946E-9	-2.56220E+1	4.14922E-2	3.19172E-2
5.10625E+11	2.05638E-9	-2.56242E+1	-5.10044E-2	1.17246E-2
5.10781E+11	2.37550E-9	-2.47810E+1	2.37352E-2	-5.25593E-2
5.10937E+11	3.28972E-9	-2.18840E+1	6.00926E-2	5.35650E-2
5.11094E+11	9.79360E-9	-1.60384E+1	-1.54787E-1	3.06379E-2
5.11250E+11	2.50992E-8	-1.13316E+1	2.13067E-1	-1.67917E-1
5.11406E+11	1.01796E-8	-1.26603E+1	-1.52694E-1	1.75730E-1
5.11563E+11	3.84881E-9	-1.57011E+1	-1.96149E-2	-1.62861E-1
5.11719E+11	2.33872E-9	-1.62659E+1	1.28829E-1	8.38467E-2
5.11875E+11	1.93257E-9	-1.62370E+1	-1.49877E-1	3.63530E-2
5.12031E+11	1.84380E-9	-1.32496E+1	1.02221E-1	-1.92015E-1
5.12187E+11	2.15162E-9	-1.15111E+1	6.85737E-3	2.65644E-1
5.12344E+11	2.04032E-9	-1.09506E+1	-1.12127E-1	-2.60326E-1
5.12500E+11	9.67031E-10	-1.19887E+1	1.99696E-1	1.52910E-1
5.12656E+11	3.53137E-10	-1.43620E+1	-1.88426E-1	3.34973E-2
5.12813E+11	2.10425E-10	-1.61282E+1	2.76332E-2	-1.53703E-1
5.12969E+11	1.82010E-10	-1.69814E+1	1.18016E-1	7.81711E-2
5.13125E+11	1.93901E-10	-1.58461E+1	-1.58011E-1	3.25139E-2
5.13281E+11	1.84734E-10	-1.50276E+1	1.01920E-1	-1.45034E-1
5.13437E+11	3.02243E-10	-1.23487E+1	-4.04526E-3	2.41271E-1
5.13594E+11	1.27030E-10	-1.56149E+1	-8.65961E-2	-1.41241E-1
5.13750E+11	6.55186E-11	-1.92608E+1	1.08880E-1	-7.58775E-4
5.13906E+11	3.86774E-11	-2.16333E+1	1.89267E-3	8.28363E-2
5.14063E+11	5.58804E-11	-2.02158E+1	-8.66436E-2	4.48124E-2
5.14219E+11	3.74582E-11	-1.96469E+1	-2.49037E-2	-1.01127E-1
5.14375E+11	5.34513E-11	-1.53826E+1	1.64912E-1	4.19576E-2
5.14531E+11	7.10822E-11	-1.03819E+1	-2.87193E-1	9.54003E-2
5.14688E+11	4.03627E-11	-9.96912E+0	1.87232E-1	-2.56238E-1
5.14844E+11	1.51363E-11	-1.02272E+1	7.30335E-2	2.99282E-1
5.15000E+11	2.82572E-11	-3.41845E+0	-6.58234E-1	-1.47916E-1
5.15156E+11	1.90313E-11	2.56959E-1	7.51700E-1	-7.04202E-1
5.15312E+11	1.28616E-11	3.93385E-1	4.91602E-1	9.23654E-1
5.15469E+11	3.18851E-11	6.98153E+0	-2.23317E+0	-5.97278E-2
5.15625E+11	4.13318E-11	1.45912E+1	3.96716E+0	-3.61159E+0
5.15781E+11	4.23498E-11	6.68972E+0	-5.91165E-1	2.07769E+0
5.15938E+11	1.52834E-11	4.08799E+0	-5.13864E-1	-1.51633E+0
5.16094E+11	2.18095E-11	7.55999E+0	2.38412E+0	1.32677E-1
5.16250E+11	1.27056E-11	-1.73066E+0	-7.79699E-1	2.51785E-1
5.16406E+11	1.02433E-11	8.59960E+0	2.32001E+0	1.36428E+0
5.16562E+11	4.69658E-12	1.14066E+1	-1.52369E+0	3.39165E+0
5.16719E+11	5.99268E-12	1.97186E+0	-8.73807E-1	9.00620E-1
5.16875E+11	2.09339E-12	2.85684E+0	9.06901E-1	1.05266E+0
5.17031E+11	1.23173E-13	-9.46901E+0	2.18682E-1	2.55311E-1
5.17188E+11	5.85944E-13	-6.22761E+0	1.31673E-1	-4.70133E-1
5.17344E+11	1.63148E-12	5.01940E+0	-1.77506E+0	-1.59989E-1
5.17500E+11	9.40577E-13	-7.95282E+0	-2.35751E-1	-3.23484E-1
5.17656E+11	4.52592E-13	-1.00391E+1	-2.65280E-1	-1.69498E-1
5.17812E+11	2.83244E-12	-1.65683E+0	5.70134E-1	-5.98151E-1
5.17969E+11	2.74093E-13	-1.25080E+1	2.37369E-2	-2.35728E-1
5.18125E+11	8.51967E-13	-1.40012E+1	1.04354E-1	-1.70029E-1
5.18281E+11	1.87757E-12	-3.81399E+0	6.18386E-1	-1.82008E-1
5.18438E+11	5.44609E-13	-1.06988E+1	-4.79268E-2	-2.87820E-1
5.18594E+11	6.77719E-13	-1.42330E+1	-3.70064E-2	1.90687E-1
5.18750E+11	1.81313E-12	-1.10770E+1	4.98219E-3	2.79308E-1
5.18906E+11	2.96800E-14	-3.33542E+1	1.58874E-2	1.44750E-2
5.19062E+11	5.85177E-13	-2.38659E+1	-6.10621E-2	1.94243E-2
5.19219E+11	2.32616E-12	-2.23038E+1	2.92284E-2	7.09153E-2
5.19375E+11	1.07707E-12	-2.81936E+1	-1.22085E-2	3.69694E-2
5.19531E+11	7.03697E-13	-3.11696E+1	-2.40257E-3	2.75342E-2
5.19688E+11	3.15001E-13	-3.63800E+1	1.39035E-2	-6.06957E-3
5.19844E+11	1.59742E-13	-4.06301E+1	-2.43680E-5	9.30018E-3
5.20000E+11	2.81596E-13	-3.80580E+1	-7.90986E-3	-9.68603E-3
