Position	Channel 1	Channel 2	Channel 3	Channel 4
2.70000E+11	6.41496E-13	4.03591E+0	-1.14513E+0	1.10518E+0
2.70156E+11	9.18063E-13	4.15491E-1	5.59204E-1	-8.87518E-1
2.70313E+11	1.47488E-12	-6.12116E+0	1.91855E-1	-4.55488E-1
2.70469E+11	1.27787E-12	3.13530E+0	1.28129E-1	1.42898E+0
2.70625E+11	8.24335E-13	-4.00479E+0	4.00800E-1	-4.86855E-1
2.70781E+11	3.60281E-13	-5.61309E+0	9.91162E-2	5.14558E-1
2.70938E+11	2.32901E-12	1.83573E+0	1.22583E+0	-1.52973E-1
2.71094E+11	2.25893E-12	1.31457E+1	-3.33518E+0	-3.08378E+0
2.71250E+11	9.05339E-13	-3.06588E+0	5.73166E-1	4.06353E-1
2.71406E+11	4.93981E-13	-4.09461E+0	5.36584E-1	3.18756E-1
2.71563E+11	1.05242E-12	4.93146E-1	9.33193E-1	4.99400E-1
2.71719E+11	6.29473E-13	-3.24530E+0	-1.83830E-1	-6.63227E-1
2.71875E+11	3.81630E-13	6.16503E+0	-1.61491E-1	2.02711E+0
2.72031E+11	1.44497E-12	-2.19072E-1	-2.45514E-1	-9.43679E-1
2.72188E+11	1.21123E-12	2.04236E+0	8.23890E-1	-9.60017E-1
2.72344E+11	5.01257E-14	-1.85805E+1	7.15583E-2	9.35164E-2
2.72500E+11	1.88022E-12	2.60812E+0	-1.25555E+0	-4.96698E-1
2.72656E+11	3.47655E-13	-6.31989E+0	1.90606E-1	4.43871E-1
2.72813E+11	6.44975E-13	-4.05897E+0	-5.87804E-1	-2.17313E-1
2.72969E+11	6.29121E-13	-5.53006E+0	-3.68936E-1	3.79183E-1
2.73125E+11	1.41009E-13	-6.31984E+0	-5.22851E-2	4.80230E-1
2.73281E+11	2.17292E-13	-4.36030E+0	2.91250E-1	-5.30647E-1
2.73438E+11	6.73113E-13	-4.91308E+0	4.27883E-1	-3.73546E-1
2.73594E+11	5.08992E-13	1.83532E-1	-1.02053E+0	4.09864E-2
2.73750E+11	7.55741E-13	5.19107E+0	-1.58142E+0	8.96455E-1
2.73906E+11	6.23482E-13	-3.78527E+0	-9.05873E-2	6.40375E-1
2.74063E+11	2.20912E-12	9.50213E-1	1.10983E+0	1.13332E-1
2.74219E+11	2.03330E-13	-1.05249E+1	2.63122E-1	1.39222E-1
2.74375E+11	1.70751E-12	-3.35145E-1	-1.74841E-1	9.46131E-1
2.74531E+11	3.19931E-13	-7.71395E+0	4.10823E-1	2.24454E-2
2.74687E+11	1.42051E-12	-2.44278E+0	7.02541E-1	2.76108E-1
2.74844E+11	8.10937E-13	-4.10637E+0	4.75435E-1	-4.03034E-1
2.75000E+11	1.47953E-12	-4.46606E+0	4.45833E-1	3.98535E-1
2.75156E+11	5.96004E-13	-3.26438E+0	1.58213E-1	-6.68248E-1
2.75313E+11	3.99577E-12	4.01844E+0	4.23796E-1	-1.53068E+0
2.75469E+11	5.46886E-13	-3.36807E+0	5.83247E-1	3.46821E-1
2.75625E+11	8.49410E-13	5.06128E+0	-1.61213E+0	-7.79903E-1
2.75781E+11	1.63357E-12	1.18143E+1	2.87060E+0	2.63540E+0
2.75937E+11	2.28292E-13	-3.72528E+0	4.97396E-1	-4.20358E-1
2.76094E+11	3.71835E-13	-9.40378E+0	-1.44966E-1	-3.06105E-1
2.76250E+11	7.44382E-13	1.40933E+0	-9.83524E-1	6.45006E-1
2.76406E+11	4.32124E-13	-6.06623E+0	3.41143E-1	-3.61951E-1
2.76563E+11	1.33534E-12	-1.41618E+0	-6.93869E-1	-4.90191E-1
2.76719E+11	2.14946E-13	-1.39851E+1	-1.93312E-1	5.07756E-2
2.76875E+11	2.29922E-13	6.16466E+0	-1.81550E+0	9.15904E-1
2.77031E+11	1.68678E-12	2.58165E+0	-7.60612E-1	1.11063E+0
2.77187E+11	9.97636E-14	-1.04614E+1	4.10341E-2	-2.97048E-1
2.77344E+11	7.36392E-13	-1.84713E+0	7.10445E-1	3.85786E-1
2.77500E+11	1.85591E-12	3.30210E+0	-4.46045E-1	-1.39285E+0
2.77656E+11	3.78893E-13	-4.81366E+0	3.14917E-1	-4.80540E-1
2.77813E+11	7.24813E-13	1.90509E+0	-9.27203E-1	-8.31221E-1
2.77969E+11	7.80368E-13	8.52211E+0	2.42502E+0	-1.11124E+0
2.78125E+11	2.84219E-12	2.66967E+0	1.53481E-2	-1.35974E+0
2.78281E+11	1.51858E-12	7.59734E+0	2.35750E+0	4.39398E-1
2.78437E+11	3.29241E-13	2.51385E-1	1.02931E+0	-1.10008E-2
2.78594E+11	5.29800E-13	-6.24110E+0	4.44958E-1	-1.99089E-1
2.78750E+11	6.96720E-13	-2.42259E+0	7.33366E-1	1.86089E-1
2.78906E+11	5.02058E-14	-1.61795E+1	-1.21146E-1	-9.70862E-2
2.79063E+11	2.64316E-13	-4.01298E+0	-5.15435E-1	-3.62280E-1
2.79219E+11	1.72044E-12	7.28561E-1	1.07470E+0	-1.66324E-1
2.79375E+11	2.19539E-13	-1.88305E+0	7.46560E-1	3.01376E-1
2.79531E+11	3.24598E-12	9.36018E+0	-2.16498E+0	1.98570E+0
2.79687E+11	7.98605E-13	-3.88833E+0	-6.12945E-1	-1.81037E-1
2.79844E+11	9.80283E-13	5.03300E+0	-9.18679E-2	-1.78268E+0
2.80000E+11	6.63463E-13	3.07088E+0	-1.04429E+0	-9.68270E-1
2.80156E+11	1.16211E-13	5.50980E+0	-1.81477E+0	-5.12582E-1
2.80313E+11	6.26466E-13	-1.37266E+0	-4.27024E-1	-7.39366E-1
2.80469E+11	1.49876E-14	-1.46358E+1	-1.83115E-1	2.92871E-2
2.80625E+11	1.87095E-13	-8.09020E+0	-1.53320E-1	-3.62939E-1
2.80781E+11	8.45118E-13	4.66303E+0	-1.70224E+0	1.69034E-1
2.80937E+11	1.07376E-12	-4.83591E+0	-4.36408E-1	3.71419E-1
2.81094E+11	5.29446E-13	-1.84970E+0	-1.52485E-1	7.93678E-1
2.81250E+11	4.85031E-13	-6.48119E+0	2.62329E-1	-3.95003E-1
2.81406E+11	3.37581E-13	-1.19873E+1	1.09880E-1	2.26290E-1
2.81563E+11	8.68903E-15	-2.36606E+1	-2.50693E-2	-6.06316E-2
2.81719E+11	1.27081E-12	-3.79187E+0	5.75549E-1	-2.93928E-1
2.81875E+11	1.16601E-12	-2.25068E+0	-2.28803E-1	-7.37034E-1
2.82031E+11	7.57374E-13	-1.26455E+1	5.50829E-2	-2.26599E-1
2.82187E+11	2.06633E-14	-3.22727E+1	-1.76198E-2	1.67959E-2
2.82344E+11	5.73755E-13	-2.24231E+1	-6.92532E-2	3.04617E-2
2.82500E+11	3.25204E-13	-1.53176E+1	-7.89039E-2	-1.52206E-1
2.82656E+11	2.98127E-13	-4.21220E+0	-5.56925E-1	-2.62598E-1
2.82813E+11	3.83110E-13	4.17413E+0	-1.50238E+0	-5.97920E-1
2.82969E+11	6.03637E-13	-1.47389E+0	-2.57104E-1	-8.03811E-1
2.83125E+11	2.30006E-12	4.20838E+0	6.43394E-1	-1.49043E+0
2.83281E+11	4.80099E-13	-3.90415E+0	5.75513E-1	-2.75274E-1
2.83437E+11	9.66180E-13	-1.18927E+0	8.70128E-1	-5.77229E-2
2.83594E+11	7.36492E-14	-1.53848E+1	7.40915E-2	-1.53140E-1
2.83750E+11	1.26907E-12	-2.03652E+0	-1.97568E-1	7.65925E-1
2.83906E+11	1.03397E-13	1.03307E+1	-2.23276E+0	2.40957E+0
2.84063E+11	4.38665E-13	-1.42019E+0	6.56923E-1	5.38078E-1
2.84219E+11	2.60239E-12	-6.70591E-1	6.63829E-1	-6.45176E-1
2.84375E+11	2.33256E-13	-1.44574E+1	1.19030E-1	-1.47184E-1
2.84531E+11	3.25691E-13	7.17958E-1	7.13965E-1	8.18547E-1
2.84687E+11	1.59673E-13	-3.61373E+0	6.51775E-3	-6.59618E-1
2.84844E+11	1.46848E-12	-4.34438E+0	-5.60543E-1	-2.31407E-1
2.85000E+11	1.29670E-12	-5.32499E+0	4.73153E-1	2.63730E-1
2.85156E+11	2.21157E-14	-1.01433E+1	1.30476E-1	2.82365E-1
2.85313E+11	2.87108E-13	-9.14301E+0	1.63506E-1	-3.08351E-1
2.85469E+11	8.36165E-13	-1.94703E+0	7.96075E-1	7.04596E-2
2.85625E+11	1.17035E-12	7.54702E-2	-9.72544E-1	2.67747E-1
2.85781E+11	3.74626E-14	-1.41766E+1	1.13672E-1	1.59069E-1
2.85938E+11	3.82377E-12	5.77792E+0	1.55099E+0	1.17347E+0
2.86094E+11	8.88714E-13	9.68972E-1	1.03904E+0	4.12737E-1
2.86250E+11	2.44595E-13	4.25578E+0	-8.56321E-1	-1.38960E+0
2.86406E+11	7.68226E-14	-1.15084E+1	-1.75812E-1	-1.99369E-1
2.86562E+11	1.21607E-12	7.62856E+0	1.32125E+0	-2.01163E+0
2.86719E+11	7.46682E-14	-1.32952E+1	-1.63687E-2	2.15772E-1
2.86875E+11	4.18935E-13	5.56128E+0	1.89392E+0	-1.07780E-1
2.87031E+11	6.27286E-14	-1.92129E+1	-1.01114E-1	-4.19860E-2
2.87188E+11	1.20200E-13	-1.37227E+1	-1.57292E-1	1.33023E-1
2.87344E+11	9.08598E-13	1.42454E+1	-1.28934E+0	4.99164E+0
2.87500E+11	2.94758E-13	-8.77661E+0	-3.63744E-1	1.51007E-2
2.87656E+11	6.63694E-14	-1.26112E+1	-2.19633E-1	-8.10797E-2
2.87812E+11	1.63996E-13	5.91430E-1	4.97342E-1	-9.47914E-1
2.87969E+11	4.52893E-13	-3.52079E+0	-5.02117E-1	-4.38667E-1
2.88125E+11	3.42720E-13	-5.90346E+0	4.21085E-1	-2.81997E-1
2.88281E+11	3.65475E-12	1.40436E+1	4.82129E+0	-1.45858E+0
2.88438E+11	1.97012E-13	1.36878E+1	-2.13952E+0	4.33580E+0
2.88594E+11	5.04741E-13	7.25471E+0	6.30872E-1	-2.21734E+0
2.88750E+11	5.73428E-13	-6.14811E+0	-1.36568E-1	-4.73409E-1
2.88906E+11	4.22354E-13	-9.38216E+0	3.39458E-1	7.47022E-3
2.89062E+11	2.42494E-12	7.10997E+0	2.26332E+0	1.33369E-1
2.89219E+11	3.30627E-14	-5.90326E-1	5.38892E-2	-9.32739E-1
2.89375E+11	1.42460E-13	-1.26071E+1	2.33916E-1	-1.21479E-2
2.89531E+11	8.27153E-13	-7.72942E+0	-3.87076E-1	-1.37296E-1
2.89688E+11	5.00260E-13	-1.04454E+1	2.97053E-1	4.48561E-2
2.89844E+11	1.49632E-12	-2.19614E+1	-7.44774E-2	2.86192E-2
2.90000E+11	5.89128E-13	-3.42805E+1	-8.37268E-3	1.74099E-2
2.90156E+11	3.40133E-13	-4.08032E+1	4.70618E-3	-7.80817E-3
2.90312E+11	5.76313E-12	-2.99614E+1	1.37796E-3	3.17336E-2
2.90469E+11	2.69559E-12	-3.23635E+1	-6.41884E-3	-2.32184E-2
2.90625E+11	2.26114E-12	-3.60559E+1	2.20571E-3	-1.55921E-2
2.90781E+11	3.31416E-12	-3.46194E+1	1.79414E-2	4.82721E-3
2.90938E+11	1.55391E-12	-4.03038E+1	1.26542E-3	9.57304E-3
2.91094E+11	6.11975E-13	-4.25281E+1	-7.47033E-3	-2.57280E-4
2.91250E+11	2.30432E-12	-3.55492E+1	3.86842E-3	-1.62389E-2
2.91406E+11	1.30509E-13	-4.10092E+1	-3.10566E-3	-8.34389E-3
2.91562E+11	2.07321E-13	-3.82963E+1	6.99400E-3	9.95598E-3
2.91719E+11	1.30551E-12	-2.47832E+1	-5.81149E-3	5.73617E-2
2.91875E+11	5.88456E-13	-2.67501E+1	4.22808E-2	1.80495E-2
2.92031E+11	1.32266E-13	-2.92199E+1	-3.09942E-2	-1.53665E-2
2.92188E+11	8.74356E-13	-1.96971E+1	3.50299E-2	-9.74439E-2
2.92344E+11	3.01274E-13	-2.19522E+1	-4.10491E-2	-6.85160E-2
2.92500E+11	3.80288E-13	-1.74240E+1	-7.38364E-2	1.12450E-1
2.92656E+11	5.27957E-13	-1.71838E+1	1.63419E-3	-1.38286E-1
2.92812E+11	2.06171E-12	-1.02774E+1	1.89631E-1	2.40527E-1
2.92969E+11	6.80675E-13	-1.51358E+1	-2.22598E-2	-1.73649E-1
2.93125E+11	4.06549E-13	-1.42378E+1	4.57444E-2	1.88672E-1
2.93281E+11	2.43155E-13	-1.78948E+1	1.18292E-1	-4.73785E-2
2.93438E+11	5.15037E-13	-1.63881E+1	9.17396E-2	-1.20645E-1
2.93594E+11	6.16970E-13	-1.14637E+1	-2.49163E-1	-9.64666E-2
2.93750E+11	2.43493E-12	1.39769E+0	1.08331E+0	4.53980E-1
2.93906E+11	6.42526E-13	-6.50393E+0	-3.11714E-1	3.55674E-1
2.94062E+11	1.40878E-12	-3.25144E+0	-2.55530E-2	-6.87271E-1
2.94219E+11	1.28093E-13	-1.19746E+1	2.43424E-1	6.48822E-2
2.94375E+11	2.54679E-13	-9.90325E+0	1.00377E-1	-3.03607E-1
2.94531E+11	1.25437E-12	-2.20219E+0	5.24462E-1	5.72010E-1
2.94688E+11	1.01719E-12	-5.10252E+0	-3.43823E-1	4.36619E-1
2.94844E+11	9.73382E-13	1.00086E+1	3.43769E-1	-3.14668E+0
2.95000E+11	1.70503E-12	-3.67508E+0	6.06764E-1	-2.46723E-1
2.95156E+11	3.09718E-13	-4.24964E+0	-1.51692E-1	5.94019E-1
2.95312E+11	2.75189E-12	8.15673E-1	-1.04118E+0	3.50073E-1
2.95469E+11	6.25763E-13	-9.15952E+0	3.21828E-1	1.33339E-1
2.95625E+11	3.81637E-12	1.76221E+0	1.04491E+0	6.39219E-1
2.95781E+11	1.72209E-11	6.44072E+0	1.33624E-1	-2.09486E+0
2.95938E+11	2.09132E-11	2.90435E+0	1.37498E+0	-2.47422E-1
2.96094E+11	1.13840E-11	3.11991E+0	-1.27898E+0	-6.44452E-1
2.96250E+11	5.57588E-12	-5.71278E-1	2.89568E-1	-8.90445E-1
2.96406E+11	2.38116E-11	8.29258E+0	1.72954E+0	1.93855E+0
2.96562E+11	9.10920E-12	4.32521E+0	-1.50763E+0	-6.58973E-1
2.96719E+11	5.17802E-12	-8.56771E-1	9.05803E-1	-2.19750E-2
2.96875E+11	2.83588E-12	2.78570E+0	-1.07606E+0	8.60976E-1
2.97031E+11	1.39781E-12	-5.76560E+0	-2.21257E-1	-4.64934E-1
2.97188E+11	1.32109E-13	-1.46262E+1	7.86625E-2	1.68159E-1
2.97344E+11	2.41747E-12	-5.24255E+0	-4.85874E-1	-2.50953E-1
2.97500E+11	1.74328E-12	-4.98445E+0	2.68777E-1	4.95097E-1
2.97656E+11	1.71166E-12	2.29846E+0	-7.21289E-1	1.08507E+0
2.97812E+11	1.38386E-12	-4.77683E+0	-5.60686E-1	-1.36139E-1
2.97969E+11	4.63543E-14	-2.28543E+1	2.39184E-2	6.79029E-2
2.98125E+11	1.01958E-12	-1.27543E+1	1.37416E-1	1.84804E-1
2.98281E+11	2.21442E-12	-1.34059E+1	-1.18255E-1	-1.77939E-1
2.98438E+11	3.89467E-12	-1.44957E+1	1.76703E-1	-6.55153E-2
2.98594E+11	9.31555E-12	-1.26822E+1	-6.58282E-2	2.22689E-1
2.98750E+11	3.70926E-12	-1.97163E+1	-9.40736E-3	-1.02891E-1
2.98906E+11	1.99784E-14	-4.43616E+1	-2.76235E-3	5.38516E-3
2.99062E+11	1.10927E-12	-2.94920E+1	-2.42754E-3	3.34393E-2
2.99219E+11	3.45368E-13	-3.61508E+1	1.11660E-2	-1.08599E-2
2.99375E+11	3.11235E-12	-2.79400E+1	3.92745E-2	-8.02785E-3
2.99531E+11	1.72824E-13	-4.06860E+1	-9.24056E-3	-6.82888E-6
2.99688E+11	1.60262E-12	-3.08653E+1	2.38064E-2	-1.58935E-2
2.99844E+11	9.00745E-13	-3.26086E+1	1.57753E-2	-1.73086E-2
3.00000E+11	7.14645E-13	-3.25517E+1	2.26568E-2	6.50780E-3
3.00156E+11	9.59223E-13	-3.11816E+1	-2.23679E-2	-1.61700E-2
3.00312E+11	1.36539E-13	-3.98972E+1	7.79195E-3	-6.45605E-3
3.00469E+11	4.67749E-13	-3.65155E+1	-1.40198E-2	-5.14971E-3
3.00625E+11	7.26496E-12	-2.87717E+1	-3.64119E-2	1.02885E-3
3.00781E+11	1.45234E-11	-3.20445E+1	1.41023E-2	-2.06313E-2
3.00938E+11	4.05565E-11	-3.32161E+1	4.18759E-3	2.14318E-2
3.01094E+11	5.18445E-11	-3.46180E+1	-1.85812E-2	2.09046E-4
3.01250E+11	2.77798E-11	-4.29927E+1	2.91167E-3	-6.45954E-3
3.01406E+11	3.95568E-11	-4.48052E+1	4.60137E-3	3.44981E-3
3.01562E+11	2.58556E-11	-4.69858E+1	-4.07943E-3	1.83742E-3
3.01719E+11	1.56944E-11	-4.91146E+1	-7.13413E-4	-3.42819E-3
3.01875E+11	1.77870E-11	-5.00024E+1	3.15683E-3	-1.70305E-4
3.02031E+11	1.35670E-11	-5.15889E+1	5.40494E-4	2.57756E-3
3.02188E+11	1.46829E-11	-5.00167E+1	-2.80533E-3	1.44629E-3
3.02344E+11	6.54131E-12	-5.06052E+1	2.12125E-4	-2.94181E-3
3.02500E+11	7.29386E-12	-4.75336E+1	3.85490E-3	1.66901E-3
3.02656E+11	3.69791E-12	-4.83566E+1	-2.59729E-3	2.80245E-3
3.02812E+11	3.66407E-12	-4.65038E+1	-3.25438E-3	-3.43168E-3
3.02969E+11	2.09616E-12	-4.72671E+1	3.66508E-3	2.30862E-3
3.03125E+11	5.51494E-12	-4.14234E+1	-2.50417E-3	8.11068E-3
3.03281E+11	4.21970E-12	-3.93391E+1	-9.41615E-3	-5.27007E-3
3.03438E+11	1.59773E-11	-2.74416E+1	4.23652E-2	-2.74581E-3
3.03594E+11	1.24490E-11	-2.60653E+1	-2.78046E-2	4.12468E-2
3.03750E+11	2.68723E-11	-2.20817E+1	-5.28972E-2	-5.82572E-2
3.03906E+11	2.69405E-11	-2.21761E+1	7.60161E-2	-1.67459E-2
3.04062E+11	2.97673E-11	-2.22362E+1	1.70053E-2	7.54083E-2
3.04219E+11	6.14856E-11	-2.12571E+1	-8.51621E-2	1.52980E-2
3.04375E+11	1.62696E-10	-1.52170E+1	1.32704E-1	-1.11673E-1
3.04531E+11	2.33985E-10	-1.37874E+1	-3.05588E-2	2.02173E-1
3.04688E+11	5.18109E-10	-1.14481E+1	-1.77552E-1	-2.00304E-1
3.04844E+11	1.60486E-9	-6.63758E+0	4.65656E-1	-7.50147E-3
3.05000E+11	4.37084E-9	-2.13143E+0	-7.44282E-1	2.41234E-1
3.05156E+11	6.49856E-9	5.72963E-1	1.00153E+0	-3.71428E-1
3.05312E+11	3.60775E-9	-2.17846E-2	-9.47088E-1	3.13082E-1
3.05469E+11	1.56652E-9	-1.84125E+0	5.83225E-1	-5.60621E-1
3.05625E+11	9.34729E-10	-1.34198E+0	-4.81272E-1	7.08912E-1
3.05781E+11	6.88614E-10	1.89431E+0	-5.13584E-2	-1.24264E+0
3.05938E+11	4.94320E-10	8.84571E-1	5.69361E-1	9.49597E-1
3.06094E+11	3.62714E-10	1.03551E-1	-8.53520E-1	-5.43722E-1
3.06250E+11	3.02999E-10	-1.09303E-1	8.68261E-1	-4.70392E-1
3.06406E+11	2.76306E-10	-1.30623E+0	-4.24751E-1	7.48221E-1
3.06562E+11	2.44566E-10	-3.24790E+0	-1.96965E-1	-6.59230E-1
3.06719E+11	2.09921E-10	-4.41536E+0	4.76667E-1	3.66859E-1
3.06875E+11	2.09825E-10	-4.67390E+0	-5.78783E-1	7.67905E-2
3.07031E+11	2.50631E-10	-5.58463E+0	3.76034E-1	-3.67420E-1
3.07188E+11	3.25535E-10	-2.98648E+0	2.15023E-3	7.09045E-1
3.07344E+11	4.17467E-10	-3.18757E+0	-4.15605E-1	-5.54323E-1
3.07500E+11	3.44413E-10	-1.98791E+0	7.68925E-1	2.03645E-1
3.07656E+11	3.36984E-10	-3.15509E+0	-5.43556E-1	4.33765E-1
3.07812E+11	3.09053E-10	-4.19991E+0	-1.10035E-2	-6.16503E-1
3.07969E+11	2.20671E-10	-5.18275E+0	4.59259E-1	3.03774E-1
3.08125E+11	6.39516E-11	-9.95847E+0	-3.08495E-1	7.61053E-2
3.08281E+11	1.90011E-11	-1.42545E+1	4.23464E-2	-1.89082E-1
3.08438E+11	2.73141E-11	-1.21191E+1	2.01051E-1	1.44798E-1
3.08594E+11	1.69531E-11	-1.16120E+1	-1.73850E-1	1.96898E-1
3.08750E+11	3.53761E-11	-8.02052E+0	-2.09041E-1	-3.37704E-1
3.08906E+11	2.07441E-11	-1.03925E+1	3.01198E-1	-2.52636E-2
3.09063E+11	1.53548E-11	-1.32007E+1	-6.87812E-2	2.07664E-1
3.09219E+11	9.91352E-12	-1.46630E+1	-7.66229E-2	-1.68236E-1
3.09375E+11	1.33940E-11	-1.39628E+1	1.15569E-1	-1.63697E-1
3.09531E+11	3.84944E-12	-2.05893E+1	-3.44312E-3	9.33769E-2
3.09687E+11	1.16161E-12	-2.63741E+1	-2.93168E-2	3.80142E-2
3.09844E+11	3.96440E-12	-1.97842E+1	6.59321E-2	-7.85012E-2
3.10000E+11	4.47077E-12	-1.70387E+1	4.91670E-2	1.31751E-1
3.10156E+11	1.20743E-12	-1.95008E+1	-1.04865E-1	-1.48804E-2
3.10313E+11	2.81918E-12	-2.00811E+1	-9.31741E-2	-3.36686E-2
3.10469E+11	3.42423E-12	-1.85900E+1	6.79563E-2	-9.60083E-2
3.10625E+11	6.45828E-12	-7.63055E+0	-2.23465E-1	3.50179E-1
3.10781E+11	7.36104E-12	-1.53382E+1	1.91348E-2	-1.69964E-1
3.10937E+11	9.37569E-12	-6.11982E+0	2.69005E-2	4.93588E-1
3.11094E+11	1.33752E-11	-1.92964E+1	1.05839E-1	2.35964E-2
3.11250E+11	1.89557E-11	-2.92351E+1	-3.23193E-2	1.21680E-2
3.11406E+11	3.97026E-11	-3.43920E+1	1.17646E-2	-1.50115E-2
3.11563E+11	6.06663E-11	-3.78469E+1	2.93741E-3	1.24720E-2
3.11719E+11	2.97981E-11	-4.40960E+1	-6.14068E-3	-1.11034E-3
3.11875E+11	3.51581E-11	-4.53146E+1	1.38449E-3	-5.24370E-3
3.12031E+11	5.87853E-11	-4.27634E+1	6.19361E-3	3.81626E-3
3.12187E+11	1.20309E-10	-4.01708E+1	-7.93686E-3	5.75760E-3
3.12344E+11	1.82520E-10	-3.99732E+1	-2.35975E-3	-9.74934E-3
3.12500E+11	2.27853E-10	-3.94536E+1	9.91853E-3	3.87690E-3
3.12656E+11	2.50678E-10	-3.72399E+1	-6.52462E-3	1.20926E-2
3.12813E+11	2.06678E-10	-3.96933E+1	-1.03326E-2	-7.43940E-4
3.12969E+11	3.05317E-10	-3.99323E+1	7.20374E-3	-7.04814E-3
3.13125E+11	2.47536E-10	-4.03894E+1	2.46975E-3	9.23716E-3
3.13281E+11	9.67835E-11	-4.39526E+1	-6.31395E-3	6.17977E-4
3.13437E+11	6.52303E-11	-4.50802E+1	1.50560E-4	-5.56972E-3
3.13594E+11	4.40546E-11	-4.60214E+1	4.79338E-3	1.42098E-3
3.13750E+11	4.06089E-11	-4.63178E+1	1.25423E-4	4.83016E-3
3.13906E+11	6.24374E-11	-4.58434E+1	-4.45336E-3	-2.49174E-3
3.14063E+11	1.51922E-10	-4.28167E+1	6.00035E-3	-4.03417E-3
3.14219E+11	1.77969E-10	-4.24342E+1	-4.84575E-4	7.54042E-3
3.14375E+11	2.34955E-10	-4.05740E+1	-7.85184E-3	-5.09592E-3
3.14531E+11	3.63167E-10	-3.81674E+1	1.11254E-2	-5.35917E-3
3.14687E+11	6.72221E-10	-3.53965E+1	-1.88795E-3	1.68841E-2
3.14844E+11	1.71849E-9	-3.14665E+1	-1.75826E-2	-2.01069E-2
3.15000E+11	3.47383E-9	-2.76817E+1	3.89320E-2	1.37731E-2
3.15156E+11	6.65491E-9	-2.49849E+1	-5.60161E-2	5.95393E-3
3.15313E+11	5.31214E-9	-2.67444E+1	2.84852E-2	-3.61223E-2
3.15469E+11	8.46343E-9	-2.63660E+1	3.39884E-3	4.79303E-2
3.15625E+11	1.32869E-8	-2.46440E+1	-4.47083E-2	-3.78629E-2
3.15781E+11	1.44951E-8	-2.41441E+1	6.20010E-2	-2.64266E-3
3.15937E+11	9.86312E-9	-2.47677E+1	-4.57142E-2	3.53022E-2
3.16094E+11	1.01031E-8	-2.47477E+1	1.96608E-2	-5.44505E-2
3.16250E+11	1.58838E-8	-2.23927E+1	1.82333E-2	7.36991E-2
3.16406E+11	1.31899E-8	-2.26792E+1	-5.92625E-2	-4.34059E-2
3.16563E+11	1.23521E-8	-2.40804E+1	5.90414E-2	-2.05458E-2
3.16719E+11	1.05238E-8	-2.49819E+1	-8.35320E-3	5.57286E-2
3.16875E+11	1.34589E-8	-2.36789E+1	-6.45335E-2	-1.10475E-2
3.17031E+11	2.20559E-8	-1.83640E+1	1.00213E-1	-6.73212E-2
3.17187E+11	3.13669E-8	-1.80266E+1	-4.06081E-2	1.18756E-1
3.17344E+11	2.78599E-8	-1.95853E+1	-4.60378E-2	-9.42471E-2
3.17500E+11	2.41139E-8	-2.01094E+1	9.60171E-2	2.30659E-2
3.17656E+11	2.63261E-8	-1.92016E+1	-9.74992E-2	5.01209E-2
3.17813E+11	2.56829E-8	-1.91822E+1	5.29380E-2	-9.62787E-2
3.17969E+11	1.68234E-8	-1.91808E+1	4.30052E-2	1.01126E-1
3.18125E+11	8.29510E-9	-2.07959E+1	-9.12436E-2	1.31526E-6
3.18281E+11	6.47243E-9	-1.94639E+1	-7.51555E-2	7.52688E-2
3.18437E+11	5.75459E-9	-1.60027E+1	-2.08294E-2	-1.57065E-1
3.18594E+11	7.48000E-9	-1.24689E+1	1.61002E-1	1.75263E-1
3.18750E+11	1.07783E-8	-9.21638E+0	-3.12012E-1	-1.49742E-1
3.18906E+11	1.30790E-8	-7.11411E+0	4.22080E-1	1.27281E-1
3.19063E+11	1.44668E-8	-8.10263E+0	-3.15406E-1	2.35174E-1
3.19219E+11	1.16014E-8	-9.93855E+0	-4.90439E-2	-3.14674E-1
3.19375E+11	4.65143E-9	-1.20373E+1	2.19169E-1	1.20501E-1
3.19531E+11	1.85315E-9	-1.66740E+1	-1.44719E-1	2.37578E-2
3.19687E+11	6.90618E-10	-2.05637E+1	5.85533E-2	-7.31722E-2
3.19844E+11	3.22846E-10	-2.16361E+1	6.26837E-2	5.41461E-2
3.20000E+11	3.66904E-10	-2.15961E+1	-8.27214E-2	9.03728E-3
3.20156E+11	2.04363E-10	-2.74645E+1	2.96671E-2	-3.02114E-2
3.20313E+11	1.07644E-10	-3.25110E+1	5.94102E-3	2.29265E-2
3.20469E+11	4.50009E-11	-3.78896E+1	-1.21892E-2	-3.74073E-3
3.20625E+11	5.68322E-11	-3.81803E+1	9.67060E-3	-7.65018E-3
3.20781E+11	5.79152E-11	-3.85231E+1	2.18724E-3	1.16500E-2
3.20937E+11	4.73748E-11	-4.00942E+1	-9.31118E-3	-3.34013E-3
3.21094E+11	7.61970E-11	-3.85780E+1	5.08762E-3	-1.06234E-2
3.21250E+11	9.91657E-11	-3.86498E+1	6.53840E-3	9.68055E-3
3.21406E+11	1.09446E-10	-4.00337E+1	-9.95071E-3	-4.58194E-4
3.21563E+11	6.69558E-11	-4.18717E+1	2.12840E-3	-7.77546E-3
3.21719E+11	7.16757E-11	-4.17166E+1	5.57360E-3	6.02374E-3
3.21875E+11	5.01514E-11	-4.40607E+1	-6.15446E-3	1.17497E-3
3.22031E+11	8.20613E-11	-4.32814E+1	1.53932E-3	-6.67867E-3
3.22187E+11	1.88796E-10	-4.05576E+1	1.80099E-3	9.20361E-3
3.22344E+11	3.67147E-10	-3.90717E+1	-9.98626E-3	-4.90962E-3
3.22500E+11	9.21702E-10	-3.55162E+1	1.38453E-2	-9.43897E-3
3.22656E+11	2.36281E-9	-3.15303E+1	-4.99471E-3	2.60399E-2
3.22813E+11	5.16220E-9	-2.90096E+1	-1.14386E-2	-3.35455E-2
3.22969E+11	5.69810E-9	-3.01349E+1	1.95032E-2	2.42700E-2
3.23125E+11	2.26717E-9	-3.44309E+1	-1.85091E-2	-4.23274E-3
3.23281E+11	1.31019E-9	-3.70482E+1	1.04395E-2	-9.39897E-3
3.23437E+11	6.53610E-10	-3.98034E+1	2.64345E-3	9.88145E-3
3.23594E+11	3.54401E-10	-4.23299E+1	-7.61503E-3	-7.01361E-4
3.23750E+11	1.65223E-10	-4.51998E+1	3.55834E-3	-4.18798E-3
3.23906E+11	9.22638E-11	-4.78144E+1	2.09415E-3	3.48649E-3
3.24063E+11	1.21891E-10	-4.66491E+1	-4.60523E-3	6.50785E-4
3.24219E+11	7.65522E-11	-4.94889E+1	1.15780E-3	-3.14774E-3
3.24375E+11	7.75250E-11	-4.93455E+1	1.93743E-3	2.80587E-3
3.24531E+11	8.45301E-11	-4.88672E+1	-3.54058E-3	6.66730E-4
3.24687E+11	1.14444E-10	-4.68343E+1	9.96676E-4	-4.44244E-3
3.24844E+11	1.12131E-10	-4.66204E+1	3.69902E-3	2.84475E-3
3.25000E+11	5.07988E-11	-5.09272E+1	-2.20945E-3	1.78768E-3
3.25156E+11	4.42881E-11	-5.31766E+1	-1.19859E-3	-1.83728E-3
3.25313E+11	6.38247E-11	-5.23077E+1	2.27274E-3	-8.44150E-4
3.25469E+11	8.65329E-11	-5.06529E+1	-1.03033E-4	2.93147E-3
3.25625E+11	1.21152E-10	-4.82904E+1	-3.72492E-3	-9.74053E-4
3.25781E+11	1.56878E-10	-4.58464E+1	2.80726E-3	-4.25941E-3
3.25937E+11	2.57628E-10	-4.36429E+1	4.06123E-3	5.17005E-3
3.26094E+11	1.15081E-9	-3.75776E+1	-1.32137E-2	-2.79708E-4
3.26250E+11	3.76659E-9	-3.30348E+1	1.85910E-2	-1.23108E-2
3.26406E+11	6.47783E-9	-3.19920E+1	-7.23608E-3	2.40781E-2
3.26563E+11	8.39853E-9	-3.15616E+1	-1.44251E-2	-2.21336E-2
3.26719E+11	1.48012E-8	-2.92844E+1	3.40595E-2	4.36815E-3
3.26875E+11	2.77025E-8	-2.64920E+1	-4.08743E-2	2.39192E-2
3.27031E+11	4.10565E-8	-2.47704E+1	3.03525E-2	-4.91189E-2
3.27187E+11	2.53032E-8	-2.65780E+1	-1.06068E-2	4.56767E-2
3.27344E+11	7.06478E-9	-3.22742E+1	-1.27346E-2	-2.07410E-2
3.27500E+11	3.42815E-9	-3.56687E+1	1.64423E-2	-8.67112E-4
3.27656E+11	2.45580E-9	-3.74695E+1	-5.43297E-3	1.22296E-2
3.27813E+11	2.07907E-9	-3.81410E+1	-7.95642E-3	-9.49316E-3
3.27969E+11	1.70411E-9	-3.85530E+1	1.17430E-2	-1.28181E-3
3.28125E+11	1.05541E-9	-3.96167E+1	-2.84590E-3	1.00563E-2
3.28281E+11	1.04808E-9	-3.85171E+1	-7.95539E-3	-8.79840E-3
3.28437E+11	9.04960E-10	-3.84297E+1	1.16155E-2	-2.93884E-3
3.28594E+11	9.12626E-10	-3.81815E+1	-3.51360E-3	1.18177E-2
3.28750E+11	9.15148E-10	-3.84784E+1	-8.81225E-3	-8.01891E-3
3.28906E+11	2.01249E-9	-3.63489E+1	1.44348E-2	-4.84060E-3
3.29063E+11	2.49070E-9	-3.66356E+1	-4.36154E-3	1.40700E-2
3.29219E+11	2.98410E-9	-3.56707E+1	-1.02223E-2	-1.29027E-2
3.29375E+11	2.66911E-9	-3.49882E+1	1.75891E-2	-2.77677E-3
3.29531E+11	3.56421E-9	-3.38785E+1	-5.13781E-4	2.02271E-2
3.29687E+11	8.74445E-9	-3.03082E+1	-2.98724E-2	-6.25596E-3
3.29844E+11	1.75494E-8	-2.73943E+1	3.41749E-2	-2.55765E-2
3.30000E+11	3.24954E-8	-2.47472E+1	-2.10694E-2	5.39251E-2
3.30156E+11	3.80146E-8	-2.48797E+1	-2.63141E-2	-5.05835E-2
3.30313E+11	7.96549E-8	-2.21159E+1	7.79974E-2	7.73427E-3
3.30469E+11	1.87049E-7	-1.93641E+1	-8.46518E-2	6.64141E-2
3.30625E+11	3.39300E-7	-1.67230E+1	7.57991E-2	-1.24584E-1
3.30781E+11	4.91520E-7	-1.44694E+1	-5.03993E-3	1.88963E-1
3.30937E+11	5.17981E-7	-1.37754E+1	-8.47698E-2	-1.86380E-1
3.31094E+11	4.37609E-7	-1.42746E+1	1.45219E-1	1.27605E-1
3.31250E+11	1.70711E-7	-1.78132E+1	-1.28347E-1	8.51991E-3
3.31406E+11	5.44700E-8	-2.24454E+1	3.93100E-2	-6.44150E-2
3.31562E+11	2.01355E-8	-2.67466E+1	2.54032E-2	3.83384E-2
3.31719E+11	1.33349E-8	-2.84179E+1	-3.79295E-2	9.26646E-4
3.31875E+11	1.41720E-8	-2.76898E+1	2.14453E-2	-3.52467E-2
3.32031E+11	1.40413E-8	-2.73829E+1	9.58686E-3	4.16529E-2
3.32188E+11	9.17389E-9	-2.98567E+1	-2.94394E-2	-1.29173E-2
3.32344E+11	5.00298E-9	-3.30806E+1	1.45330E-2	-1.67559E-2
3.32500E+11	5.03815E-9	-3.34656E+1	1.01088E-2	1.86559E-2
3.32656E+11	5.44470E-9	-3.27274E+1	-2.30903E-2	-6.97695E-4
3.32812E+11	7.73474E-9	-3.11672E+1	6.41753E-3	-2.68915E-2
3.32969E+11	4.31814E-9	-3.24337E+1	1.79601E-2	1.57616E-2
3.33125E+11	4.51447E-9	-3.11427E+1	-2.37918E-2	1.42336E-2
3.33281E+11	4.41768E-9	-3.12900E+1	-2.81640E-5	-2.72585E-2
3.33438E+11	4.03698E-9	-3.24401E+1	1.63782E-2	1.73754E-2
3.33594E+11	3.16611E-9	-3.40997E+1	-1.93325E-2	3.91468E-3
3.33750E+11	2.85959E-9	-3.53367E+1	-2.38263E-4	-1.71050E-2
3.33906E+11	5.02948E-9	-3.26540E+1	2.09282E-2	1.02353E-2
3.34062E+11	9.12054E-9	-2.99295E+1	-2.92175E-2	1.27557E-2
3.34219E+11	1.32125E-8	-2.78705E+1	1.47371E-2	-3.76258E-2
3.34375E+11	1.67282E-8	-2.63624E+1	2.68694E-2	3.98603E-2
3.34531E+11	3.15294E-8	-2.35077E+1	-6.36672E-2	2.01360E-2
3.34688E+11	9.88590E-8	-1.90823E+1	2.88406E-2	-1.07337E-1
3.34844E+11	2.48261E-7	-1.59366E+1	3.38713E-2	1.56015E-1
3.35000E+11	3.26699E-7	-1.52116E+1	-8.13326E-2	-1.53309E-1
3.35156E+11	2.10931E-7	-1.66782E+1	1.20280E-1	8.37846E-2
3.35312E+11	1.40706E-7	-1.81318E+1	-1.23964E-1	2.85349E-3
3.35469E+11	7.32134E-8	-2.03463E+1	6.85316E-2	-6.73575E-2
3.35625E+11	3.00337E-8	-2.27537E+1	-8.99258E-3	7.22736E-2
3.35781E+11	1.17534E-8	-2.72928E+1	-2.13399E-2	-3.75473E-2
3.35938E+11	4.88256E-9	-3.08594E+1	2.81562E-2	5.26312E-3
3.36094E+11	3.41530E-9	-3.41085E+1	-1.41428E-2	1.37208E-2
3.36250E+11	2.67804E-9	-3.71993E+1	-5.32893E-3	-1.27350E-2
3.36406E+11	2.17738E-9	-3.92049E+1	1.09407E-2	-6.25794E-4
3.36562E+11	1.55364E-9	-4.08816E+1	-2.50900E-3	8.67946E-3
3.36719E+11	1.66661E-9	-4.03053E+1	-7.86162E-3	-5.60413E-3
3.36875E+11	1.92612E-9	-3.86198E+1	1.00156E-2	-6.09085E-3
3.37031E+11	1.44738E-9	-3.85164E+1	-5.71123E-4	1.18488E-2
3.37188E+11	1.22094E-9	-3.92605E+1	-1.01400E-2	-3.96765E-3
3.37344E+11	9.56437E-10	-4.12670E+1	5.08253E-3	-6.99030E-3
3.37500E+11	1.17007E-9	-4.13043E+1	4.85314E-3	7.10666E-3
3.37656E+11	1.32692E-9	-4.09770E+1	-8.90149E-3	7.86658E-4
3.37812E+11	1.65939E-9	-3.99612E+1	4.30548E-3	-9.07522E-3
3.37969E+11	1.35324E-9	-4.03637E+1	5.52713E-3	7.83698E-3
3.38125E+11	1.85726E-9	-3.87032E+1	-1.14678E-2	1.81321E-3
3.38281E+11	2.84026E-9	-3.67738E+1	6.07326E-3	-1.31647E-2
3.38438E+11	5.45104E-9	-3.44396E+1	1.00621E-2	1.60792E-2
3.38594E+11	8.32522E-9	-3.23808E+1	-2.40330E-2	6.34799E-4
3.38750E+11	1.93791E-8	-2.84139E+1	1.62738E-2	-3.42929E-2
3.38906E+11	5.40612E-8	-2.29775E+1	2.49387E-2	6.64527E-2
3.39062E+11	1.02224E-7	-1.87691E+1	-8.70637E-2	-7.54768E-2
3.39219E+11	1.16023E-7	-1.67205E+1	1.34893E-1	5.55228E-2
3.39375E+11	8.97599E-8	-1.77075E+1	-1.30036E-1	6.61333E-3
3.39531E+11	6.13029E-8	-1.92767E+1	8.58252E-2	-6.66806E-2
3.39688E+11	3.60578E-8	-2.26112E+1	-1.64750E-2	7.21793E-2
3.39844E+11	1.86731E-8	-2.71013E+1	-2.64721E-2	-3.53337E-2
3.40000E+11	8.43751E-9	-3.21391E+1	2.46050E-2	-2.38093E-3
3.40156E+11	3.92767E-9	-3.55220E+1	-3.84043E-3	1.62992E-2
3.40312E+11	2.98479E-9	-3.68751E+1	-1.19285E-2	-7.94085E-3
3.40469E+11	2.54511E-9	-3.71786E+1	1.28146E-2	-5.22239E-3
3.40625E+11	1.85578E-9	-3.83016E+1	-3.68800E-3	1.15868E-2
3.40781E+11	1.18573E-9	-4.06430E+1	-6.05451E-3	-7.04144E-3
3.40938E+11	1.02733E-9	-4.16022E+1	7.65697E-3	-3.24322E-3
3.41094E+11	9.10484E-10	-4.21443E+1	-6.18121E-4	7.78794E-3
3.41250E+11	9.14974E-10	-4.14099E+1	-8.45559E-3	-8.84374E-4
3.41406E+11	7.23655E-10	-4.15421E+1	2.48093E-3	-7.99726E-3
3.41562E+11	1.06270E-9	-4.00438E+1	8.76673E-3	4.70546E-3
3.41719E+11	2.18913E-9	-3.70409E+1	-1.27914E-2	5.83389E-3
3.41875E+11	2.95568E-9	-3.70728E+1	3.21476E-4	-1.40037E-2
3.42031E+11	2.94433E-9	-3.83744E+1	1.12344E-2	4.38031E-3
3.42188E+11	2.49421E-9	-3.98181E+1	-5.94730E-3	8.30108E-3
3.42344E+11	2.96236E-9	-3.88564E+1	-7.41079E-3	-8.67215E-3
3.42500E+11	4.82863E-9	-3.56541E+1	1.54928E-2	-5.65542E-3
3.42656E+11	6.43804E-9	-3.21329E+1	-6.50381E-3	2.38671E-2
3.42812E+11	4.97970E-9	-3.05575E+1	-1.50748E-2	-2.55396E-2
3.42969E+11	4.47003E-9	-3.04241E+1	3.00965E-2	-1.07798E-3
3.43125E+11	1.02798E-8	-2.70076E+1	-1.88185E-2	4.04676E-2
3.43281E+11	4.02159E-8	-2.24384E+1	-2.82793E-2	-7.00291E-2
3.43438E+11	1.76913E-7	-1.72479E+1	1.16953E-1	7.18857E-2
3.43594E+11	4.54839E-7	-1.42614E+1	-1.93608E-1	1.13006E-3
3.43750E+11	7.23426E-7	-1.25470E+1	2.02375E-1	-1.21131E-1
3.43906E+11	5.49646E-7	-1.27147E+1	-1.06654E-1	2.05298E-1
3.44062E+11	3.80025E-7	-1.43772E+1	-2.67923E-2	-1.89159E-1
3.44219E+11	2.21411E-7	-1.68127E+1	1.09585E-1	9.39325E-2
3.44375E+11	1.47183E-7	-1.91719E+1	-1.03904E-1	3.61220E-2
3.44531E+11	1.44585E-7	-1.92487E+1	1.74347E-2	-1.07632E-1
3.44688E+11	1.31741E-7	-1.99771E+1	6.97173E-2	7.20587E-2
3.44844E+11	7.45496E-8	-2.20376E+1	-7.89748E-2	4.25757E-3
3.45000E+11	3.53520E-8	-2.48607E+1	2.79060E-2	-4.98661E-2
3.45156E+11	2.76155E-8	-2.56442E+1	3.60071E-2	3.78129E-2
3.45312E+11	3.36346E-8	-2.42958E+1	-5.59927E-2	2.41606E-2
3.45469E+11	5.35714E-8	-2.25011E+1	5.49515E-3	-7.47787E-2
3.45625E+11	8.05893E-8	-2.19257E+1	6.25014E-2	5.01199E-2
3.45781E+11	6.65936E-8	-2.31211E+1	-6.42403E-2	2.73353E-2
3.45938E+11	5.59791E-8	-2.39665E+1	3.33458E-3	-6.32517E-2
3.46094E+11	4.09030E-8	-2.50510E+1	5.11880E-2	2.24750E-2
3.46250E+11	3.33304E-8	-2.52540E+1	-3.93061E-2	3.79164E-2
3.46406E+11	3.36839E-8	-2.52925E+1	-1.50171E-2	-5.22573E-2
3.46562E+11	4.28095E-8	-2.45057E+1	5.58987E-2	2.04646E-2
3.46719E+11	6.33315E-8	-2.31675E+1	-6.44231E-2	2.59218E-2
3.46875E+11	1.01735E-7	-2.22622E+1	2.23671E-2	-7.37541E-2
3.47031E+11	1.33392E-7	-2.13308E+1	6.30667E-2	5.81667E-2
3.47188E+11	2.06325E-7	-1.96327E+1	-8.87276E-2	5.48621E-2
3.47344E+11	5.75647E-7	-1.55978E+1	-1.63558E-2	-1.65193E-1
3.47500E+11	1.51475E-6	-1.07861E+1	2.11143E-1	1.97132E-1
3.47656E+11	2.26359E-6	-7.82521E+0	-3.92621E-1	-1.04148E-1
3.47812E+11	2.14245E-6	-8.27218E+0	3.76027E-1	-8.63995E-2
3.47969E+11	2.31195E-6	-8.48341E+0	-2.29082E-1	2.98857E-1
3.48125E+11	2.61296E-6	-7.87114E+0	-3.33620E-2	-4.02678E-1
3.48281E+11	3.38229E-6	-7.01808E+0	3.18317E-1	3.12044E-1
3.48438E+11	3.20935E-6	-7.14888E+0	-4.21091E-1	-1.24437E-1
3.48594E+11	2.24922E-6	-8.72847E+0	3.34647E-1	-1.48412E-1
3.48750E+11	1.42623E-6	-1.09728E+1	-1.38686E-1	2.46370E-1
3.48906E+11	5.64498E-7	-1.49923E+1	-4.67844E-2	-1.71727E-1
3.49062E+11	2.16211E-7	-1.92655E+1	1.02666E-1	3.60889E-2
3.49219E+11	8.06035E-8	-2.35674E+1	-4.89374E-2	4.47564E-2
3.49375E+11	4.34787E-8	-2.59183E+1	-1.81621E-2	-4.72199E-2
3.49531E+11	4.01446E-8	-2.61032E+1	4.85398E-2	9.83746E-3
3.49688E+11	3.18836E-8	-2.56062E+1	-4.02673E-2	3.35982E-2
3.49844E+11	2.43313E-8	-2.55358E+1	-4.99819E-3	-5.26336E-2
3.50000E+11	1.87271E-8	-2.66995E+1	4.52209E-2	9.65918E-3
3.50156E+11	1.89454E-8	-2.72457E+1	-1.30019E-2	4.14301E-2
3.50312E+11	3.00347E-8	-2.64765E+1	-3.79329E-2	-2.84949E-2
3.50469E+11	3.61202E-8	-2.72529E+1	4.08838E-2	-1.45228E-2
3.50625E+11	2.87163E-8	-2.88628E+1	-7.68164E-3	3.52183E-2
3.50781E+11	1.96384E-8	-3.03394E+1	-2.55160E-2	-1.65460E-2
3.50938E+11	1.71202E-8	-3.03869E+1	2.37146E-2	-1.87718E-2
3.51094E+11	1.81922E-8	-2.90771E+1	6.74128E-3	3.45158E-2
3.51250E+11	2.12803E-8	-2.76848E+1	-3.62966E-2	-1.96659E-2
3.51406E+11	2.76081E-8	-2.68608E+1	4.14111E-2	-1.85842E-2
3.51562E+11	5.55184E-8	-2.42533E+1	-1.19010E-2	6.01153E-2
3.51719E+11	1.13799E-7	-2.12566E+1	-6.11834E-2	-6.11898E-2
3.51875E+11	2.90702E-7	-1.75377E+1	1.31484E-1	-1.84658E-2
3.52031E+11	5.86288E-7	-1.46547E+1	-1.25943E-1	1.35566E-1
3.52188E+11	9.31361E-7	-1.23711E+1	2.70892E-2	-2.39153E-1
3.52344E+11	1.60988E-6	-9.86766E+0	1.32267E-1	2.92574E-1
3.52500E+11	2.08451E-6	-9.42941E+0	-2.66183E-1	-2.07815E-1
3.52656E+11	1.70902E-6	-1.10595E+1	2.79910E-1	-1.70857E-3
3.52812E+11	7.56952E-7	-1.46388E+1	-1.20585E-1	1.40799E-1
3.52969E+11	3.29648E-7	-1.84520E+1	-1.91294E-2	-1.17967E-1
3.53125E+11	1.21663E-7	-2.18481E+1	6.50851E-2	4.79389E-2
3.53281E+11	4.60747E-8	-2.44268E+1	-5.86181E-2	1.31271E-2
3.53438E+11	2.26800E-8	-2.65650E+1	1.82810E-2	-4.32581E-2
3.53594E+11	1.23215E-8	-2.88076E+1	2.81129E-2	2.29265E-2
3.53750E+11	1.10146E-8	-2.95677E+1	-2.91034E-2	1.60513E-2
3.53906E+11	1.14119E-8	-2.98815E+1	2.53328E-4	-3.20562E-2
3.54062E+11	1.70566E-8	-2.94147E+1	2.78601E-2	1.91859E-2
3.54219E+11	1.80271E-8	-2.96159E+1	-2.92988E-2	1.52989E-2
3.54375E+11	1.90221E-8	-2.91927E+1	-6.12266E-3	-3.41584E-2
3.54531E+11	1.44712E-8	-2.92384E+1	3.41844E-2	4.80755E-3
3.54687E+11	1.00248E-8	-3.03064E+1	-1.42337E-2	2.70051E-2
3.54844E+11	7.75008E-9	-3.11949E+1	-1.56274E-2	-2.26993E-2
3.55000E+11	8.75001E-9	-3.16164E+1	2.54702E-2	-6.36373E-3
3.55156E+11	1.44654E-8	-2.99408E+1	-3.20580E-3	3.16773E-2
3.55313E+11	2.47128E-8	-2.89219E+1	-2.93398E-2	-2.05173E-2
3.55469E+11	2.98522E-8	-2.90389E+1	3.22858E-2	-1.43295E-2
3.55625E+11	3.19045E-8	-2.90157E+1	-3.56374E-3	3.52376E-2
3.55781E+11	4.33061E-8	-2.74307E+1	-3.79100E-2	-1.92284E-2
3.55937E+11	1.01393E-7	-2.37945E+1	4.87073E-2	-4.24455E-2
3.56094E+11	2.78900E-7	-1.96753E+1	1.07057E-2	1.03256E-1
3.56250E+11	4.37078E-7	-1.76451E+1	-1.02471E-1	-8.18427E-2
3.56406E+11	4.19218E-7	-1.71222E+1	1.31080E-1	-4.70874E-2
3.56563E+11	7.63565E-7	-1.38899E+1	-4.71498E-2	1.96493E-1
3.56719E+11	1.33936E-6	-1.08717E+1	-1.77994E-1	-2.23902E-1
3.56875E+11	1.91088E-6	-8.31541E+0	3.83251E-1	2.24938E-2
3.57031E+11	2.21526E-6	-7.40703E+0	-3.27820E-1	2.72415E-1
3.57187E+11	2.88898E-6	-6.68612E+0	4.06313E-2	-4.61335E-1
3.57344E+11	3.66726E-6	-7.25250E+0	2.01210E-1	3.84410E-1
3.57500E+11	2.59047E-6	-9.69488E+0	-3.04682E-1	-1.20196E-1
3.57656E+11	1.46133E-6	-1.24885E+1	2.11147E-1	-1.08629E-1
3.57813E+11	8.82090E-7	-1.46096E+1	-1.63429E-2	1.85285E-1
3.57969E+11	6.83506E-7	-1.50384E+1	-1.46535E-1	-9.93578E-2
3.58125E+11	5.00182E-7	-1.43248E+1	1.83120E-1	-5.83885E-2
3.58281E+11	2.86682E-7	-1.60991E+1	-7.80601E-2	1.35864E-1
3.58437E+11	1.44482E-7	-2.01775E+1	-4.40969E-2	-8.74929E-2
3.58594E+11	9.54394E-8	-2.24907E+1	7.44713E-2	-9.45995E-3
3.58750E+11	9.28386E-8	-2.29903E+1	-1.74545E-2	6.86907E-2
3.58906E+11	1.22077E-7	-2.23224E+1	-5.93345E-2	-4.83480E-2
3.59063E+11	1.75123E-7	-2.13614E+1	8.12692E-2	-2.65394E-2
3.59219E+11	1.52573E-7	-2.16244E+1	-2.20535E-2	7.99578E-2
3.59375E+11	1.33002E-7	-2.18361E+1	-5.25352E-2	-6.15820E-2
3.59531E+11	1.05846E-7	-2.24702E+1	7.48313E-2	-7.90104E-3
3.59687E+11	1.06688E-7	-2.21825E+1	-3.31250E-2	7.03754E-2
3.59844E+11	1.10874E-7	-2.17893E+1	-4.78353E-2	-6.58410E-2
3.60000E+11	1.60521E-7	-1.99231E+1	9.60844E-2	-3.07658E-2
3.60156E+11	2.75901E-7	-1.68575E+1	-4.01228E-2	1.37871E-1
3.60313E+11	3.23051E-7	-1.55299E+1	-8.48922E-2	-1.44165E-1
3.60469E+11	3.66891E-7	-1.48751E+1	1.78623E-1	2.52812E-2
3.60625E+11	4.48224E-7	-1.45016E+1	-1.09482E-1	1.53237E-1
3.60781E+11	9.18700E-7	-1.17037E+1	-1.44803E-1	-2.15831E-1
3.60937E+11	2.82345E-6	-8.08942E+0	3.94019E-1	2.90650E-3
3.61094E+11	6.84839E-6	-5.60693E+0	-4.09407E-1	3.27673E-1
3.61250E+11	4.56126E-6	-6.23936E+0	1.44603E-1	-4.65627E-1
3.61406E+11	2.59924E-6	-7.42396E+0	2.22371E-1	3.62657E-1
3.61563E+11	1.88952E-6	-8.04941E+0	-3.94786E-1	-2.89950E-2
3.61719E+11	2.76872E-6	-6.07276E+0	3.87344E-1	-3.11417E-1
3.61875E+11	4.80457E-6	-3.67515E+0	-2.08034E-1	6.21087E-1
3.62031E+11	5.96109E-6	-4.11372E+0	-1.18882E-1	-6.11298E-1
3.62187E+11	8.61047E-6	-4.64301E+0	4.06218E-1	4.22264E-1
3.62344E+11	6.14458E-6	-6.88823E+0	-4.50242E-1	-4.48306E-2
3.62500E+11	3.60752E-6	-9.08873E+0	2.29700E-1	-2.65677E-1
3.62656E+11	2.09529E-6	-1.11485E+1	9.31216E-2	2.60941E-1
3.62813E+11	1.37452E-6	-1.26546E+1	-2.31984E-1	-2.12463E-2
3.62969E+11	1.28086E-6	-1.22382E+1	1.35619E-1	-2.03311E-1
3.63125E+11	7.90743E-7	-1.29377E+1	5.19477E-2	2.19418E-1
3.63281E+11	3.74063E-7	-1.62414E+1	-1.42992E-1	-5.75659E-2
3.63437E+11	1.96126E-7	-1.94177E+1	5.37967E-2	-9.24167E-2
3.63594E+11	1.64480E-7	-2.06583E+1	7.07183E-2	5.99366E-2
3.63750E+11	1.63869E-7	-2.07455E+1	-7.50664E-2	5.27987E-2
3.63906E+11	2.20391E-7	-1.95576E+1	-1.95654E-2	-1.03390E-1
3.64063E+11	2.30591E-7	-1.97308E+1	9.05811E-2	4.93420E-2
3.64219E+11	1.73443E-7	-2.16135E+1	-6.70620E-2	4.89842E-2
3.64375E+11	1.47253E-7	-2.27519E+1	-1.05977E-2	-7.20710E-2
3.64531E+11	1.29128E-7	-2.28065E+1	6.90724E-2	2.16613E-2
3.64687E+11	1.20555E-7	-2.21562E+1	-5.54398E-2	5.48912E-2
3.64844E+11	8.54297E-8	-2.22751E+1	-1.35326E-2	-7.57572E-2
3.65000E+11	1.18797E-7	-1.97490E+1	9.66125E-2	3.55114E-2
3.65156E+11	1.65922E-7	-1.73695E+1	-1.19816E-1	6.30032E-2
3.65313E+11	2.54991E-7	-1.58620E+1	3.14207E-2	-1.57932E-1
3.65469E+11	4.82103E-7	-1.44320E+1	1.29889E-1	1.38455E-1
3.65625E+11	8.78547E-7	-1.28601E+1	-2.25650E-1	2.90135E-2
3.65781E+11	1.86777E-6	-1.00650E+1	1.67412E-1	-2.65496E-1
3.65937E+11	3.80934E-6	-7.54185E+0	4.78647E-2	4.16931E-1
3.66094E+11	4.23669E-6	-6.45412E+0	-2.90412E-1	-3.76710E-1
3.66250E+11	2.29089E-6	-7.77020E+0	4.00717E-1	8.07916E-2
3.66406E+11	2.23939E-6	-7.62273E+0	-3.46725E-1	2.29467E-1
3.66563E+11	2.26852E-6	-7.48787E+0	1.28114E-1	-4.02383E-1
3.66719E+11	1.97413E-6	-8.11107E+0	1.20528E-1	3.74113E-1
3.66875E+11	1.36423E-6	-1.06334E+1	-2.42266E-1	-1.66542E-1
3.67031E+11	7.06130E-7	-1.39200E+1	1.89291E-1	-6.87004E-2
3.67187E+11	4.27640E-7	-1.64289E+1	-3.75414E-2	1.46108E-1
3.67344E+11	3.31555E-7	-1.81144E+1	-8.59864E-2	-8.96848E-2
3.67500E+11	2.26055E-7	-1.93687E+1	1.05673E-1	-1.99453E-2
3.67656E+11	1.11424E-7	-2.23573E+1	-3.00103E-2	7.00761E-2
3.67813E+11	7.84509E-8	-2.37025E+1	-4.72965E-2	-4.50157E-2
3.67969E+11	6.24889E-8	-2.42291E+1	5.81491E-2	-1.98795E-2
3.68125E+11	3.49777E-8	-2.63382E+1	-5.26353E-3	4.79166E-2
3.68281E+11	1.67358E-8	-2.83585E+1	-3.33581E-2	-1.86163E-2
3.68437E+11	1.25271E-8	-2.95918E+1	2.27039E-2	-2.41473E-2
3.68594E+11	1.30089E-8	-2.90243E+1	1.97536E-2	2.93544E-2
3.68750E+11	2.12779E-8	-2.74724E+1	-4.22238E-2	2.60378E-3
3.68906E+11	3.30490E-8	-2.74585E+1	2.65090E-2	-3.30551E-2
3.69063E+11	2.82807E-8	-2.96954E+1	8.22630E-3	3.17016E-2
3.69219E+11	2.65679E-8	-3.04542E+1	-2.97925E-2	-3.61916E-3
3.69375E+11	3.15586E-8	-2.96812E+1	1.58795E-2	-2.87057E-2
3.69531E+11	4.23722E-8	-2.75701E+1	2.16184E-2	3.58115E-2
3.69687E+11	4.59410E-8	-2.56681E+1	-5.15202E-2	-7.55275E-3
3.69844E+11	5.03438E-8	-2.45585E+1	3.99929E-2	-4.36027E-2
3.70000E+11	6.77360E-8	-2.28337E+1	1.26569E-2	7.10447E-2
3.70156E+11	1.05813E-7	-2.18858E+1	-7.48509E-2	-2.95810E-2
3.70313E+11	2.03583E-7	-1.97126E+1	8.11124E-2	-6.40704E-2
3.70469E+11	4.55384E-7	-1.71149E+1	-5.32002E-4	1.39396E-1
3.70625E+11	8.85666E-7	-1.45742E+1	-1.54701E-1	-1.04634E-1
3.70781E+11	2.58990E-6	-1.01064E+1	3.11501E-1	-2.33780E-2
3.70937E+11	3.48954E-6	-8.08944E+0	-3.39723E-1	1.99618E-1
3.71094E+11	3.09878E-6	-8.14342E+0	2.33704E-1	-3.14202E-1
3.71250E+11	2.18563E-6	-9.64601E+0	-4.36530E-3	3.29353E-1
3.71406E+11	2.33768E-6	-9.76310E+0	-2.26322E-1	-2.33205E-1
3.71563E+11	2.56400E-6	-9.17057E+0	3.47165E-1	2.28148E-2
3.71719E+11	1.83852E-6	-9.91782E+0	-2.71415E-1	1.68059E-1
3.71875E+11	8.49046E-7	-1.31952E+1	7.12977E-2	-2.06962E-1
3.72031E+11	3.49903E-7	-1.69245E+1	8.30619E-2	1.15772E-1
3.72187E+11	1.90520E-7	-1.97490E+1	-1.00510E-1	2.21985E-2
3.72344E+11	1.08330E-7	-2.23147E+1	-1.01081E-3	-7.65993E-2
3.72500E+11	9.75743E-8	-2.35917E+1	6.38072E-2	1.73834E-2
3.72656E+11	4.15774E-8	-2.71805E+1	-2.81322E-2	3.35055E-2
3.72813E+11	3.65599E-8	-2.69154E+1	-1.90846E-2	-4.08692E-2
3.72969E+11	2.78117E-8	-2.67538E+1	4.59188E-2	-1.76257E-3
3.73125E+11	2.12240E-8	-2.69068E+1	-9.84268E-3	4.40641E-2
3.73281E+11	1.71779E-8	-2.76603E+1	-3.74595E-2	-1.76248E-2
3.73437E+11	1.54205E-8	-2.83054E+1	2.55789E-2	-2.86876E-2
3.73594E+11	2.80273E-8	-2.65813E+1	1.26650E-2	4.51310E-2
3.73750E+11	4.76685E-8	-2.63900E+1	-4.26582E-2	-2.18274E-2
3.73906E+11	3.71683E-8	-2.84429E+1	2.97899E-2	-2.33195E-2
3.74063E+11	2.58475E-8	-2.97476E+1	1.57480E-2	2.84928E-2
3.74219E+11	3.08310E-8	-2.88482E+1	-3.38474E-2	1.25717E-2
3.74375E+11	4.62307E-8	-2.65457E+1	6.19577E-3	-4.66570E-2
3.74531E+11	8.26973E-8	-2.30412E+1	4.35439E-2	5.53937E-2
3.74687E+11	1.24437E-7	-2.11030E+1	-8.58412E-2	-1.97068E-2
3.74844E+11	1.54803E-7	-2.05703E+1	5.38752E-2	-7.65956E-2
3.75000E+11	2.00671E-7	-1.97693E+1	6.19823E-2	8.18764E-2
3.75156E+11	5.11334E-7	-1.60146E+1	-1.56992E-1	1.97031E-2
3.75313E+11	1.46952E-6	-1.16088E+1	1.65050E-1	-2.04453E-1
3.75469E+11	2.77105E-6	-9.10490E+0	-1.28229E-2	3.50320E-1
3.75625E+11	4.88292E-6	-6.93201E+0	-3.02268E-1	-3.33630E-1
3.75781E+11	5.66535E-6	-6.67400E+0	4.50374E-1	1.10650E-1
3.75937E+11	4.00129E-6	-8.05061E+0	-3.79873E-1	1.11131E-1
3.76094E+11	2.94085E-6	-9.36091E+0	2.21520E-1	-2.58423E-1
3.76250E+11	2.66104E-6	-9.31101E+0	2.74414E-2	3.41232E-1
3.76406E+11	3.48442E-6	-7.42643E+0	-3.70017E-1	-2.09652E-1
3.76563E+11	4.13874E-6	-5.45809E+0	4.98243E-1	-1.90592E-1
3.76719E+11	3.80272E-6	-5.66717E+0	-2.98678E-1	4.26600E-1
3.76875E+11	2.29535E-6	-8.86633E+0	-2.03043E-2	-3.59743E-1
3.77031E+11	1.43543E-6	-1.14839E+1	2.23958E-1	1.44566E-1
3.77188E+11	1.33145E-6	-1.27825E+1	-1.99509E-1	1.13530E-1
3.77344E+11	1.32929E-6	-1.34568E+1	5.52329E-3	-2.12330E-1
3.77500E+11	8.84722E-7	-1.42183E+1	1.50993E-1	1.22720E-1
3.77656E+11	4.00762E-7	-1.55088E+1	-1.63822E-1	3.59052E-2
3.77812E+11	2.37871E-7	-1.67616E+1	7.14011E-2	-1.26414E-1
3.77969E+11	1.52440E-7	-1.83279E+1	6.39367E-2	1.02997E-1
3.78125E+11	1.46330E-7	-1.92730E+1	-1.07455E-1	1.66030E-2
3.78281E+11	1.35905E-7	-2.04666E+1	2.71581E-2	-9.07949E-2
3.78438E+11	1.69885E-7	-2.06532E+1	6.72585E-2	6.38745E-2
3.78594E+11	2.54285E-7	-2.06849E+1	-9.22370E-2	5.78365E-3
3.78750E+11	2.04110E-7	-2.18282E+1	3.71013E-2	-7.20256E-2
3.78906E+11	1.59333E-7	-2.28035E+1	4.93781E-2	5.29688E-2
3.79062E+11	1.52845E-7	-2.30417E+1	-6.12180E-2	3.48756E-2
3.79219E+11	2.68535E-7	-2.05157E+1	-1.81524E-2	-9.24710E-2
3.79375E+11	4.49404E-7	-1.83434E+1	1.08205E-1	5.41833E-2
3.79531E+11	5.98340E-7	-1.69303E+1	-1.33495E-1	4.95401E-2
3.79688E+11	5.42125E-7	-1.71981E+1	2.75179E-2	-1.35299E-1
3.79844E+11	6.50356E-7	-1.66273E+1	1.25338E-1	7.76583E-2
3.80000E+11	1.00487E-6	-1.47252E+1	-1.67685E-1	7.46339E-2
3.80156E+11	2.06076E-6	-1.17100E+1	1.32362E-1	-2.23456E-1
3.80312E+11	4.40932E-6	-9.14209E+0	-5.29595E-2	3.45015E-1
3.80469E+11	5.89806E-6	-8.81542E+0	-1.18668E-1	-3.42457E-1
3.80625E+11	6.44649E-6	-8.49750E+0	3.05815E-1	2.18660E-1
3.80781E+11	4.72861E-6	-8.94334E+0	-3.57011E-1	-9.42013E-3
3.80938E+11	3.38225E-6	-9.24205E+0	3.10271E-1	-1.50996E-1
3.81094E+11	2.93992E-6	-8.95417E+0	-2.10269E-1	2.88124E-1
3.81250E+11	2.77122E-6	-8.46110E+0	-2.22779E-2	-3.76866E-1
3.81406E+11	3.46115E-6	-6.83427E+0	2.87973E-1	3.52646E-1
3.81562E+11	3.72793E-6	-7.69156E+0	-3.75545E-1	-1.70648E-1
3.81719E+11	2.67665E-6	-1.07595E+1	2.84073E-1	-5.70761E-2
3.81875E+11	1.33773E-6	-1.40978E+1	-7.70604E-2	1.81619E-1
3.82031E+11	8.20156E-7	-1.60356E+1	-1.16881E-1	-1.06079E-1
3.82188E+11	7.11014E-7	-1.63096E+1	1.32949E-1	-7.55987E-2
3.82344E+11	5.50131E-7	-1.60780E+1	-1.65932E-2	1.56193E-1
3.82500E+11	2.68657E-7	-1.77232E+1	-6.40555E-2	-1.13088E-1
3.82656E+11	1.35271E-7	-2.08270E+1	9.05091E-2	8.60779E-3
3.82812E+11	8.92171E-8	-2.27662E+1	-3.10496E-2	6.57649E-2
3.82969E+11	8.72912E-8	-2.36152E+1	-5.66665E-2	-3.37460E-2
3.83125E+11	8.39942E-8	-2.42374E+1	4.31462E-2	-4.36768E-2
3.83281E+11	9.26031E-8	-2.43367E+1	1.11309E-2	5.96673E-2
3.83438E+11	1.15895E-7	-2.40592E+1	-5.44502E-2	-3.10213E-2
3.83594E+11	1.43877E-7	-2.37085E+1	6.19379E-2	-2.05226E-2
3.83750E+11	1.44422E-7	-2.37719E+1	-1.32152E-2	6.34122E-2
3.83906E+11	1.02138E-7	-2.51403E+1	-4.71404E-2	-2.89741E-2
3.84062E+11	3.32295E-8	-2.47891E+1	4.55174E-2	-3.53245E-2
3.84219E+11	7.32376E-8	-2.38831E+1	7.61178E-3	6.34957E-2
3.84375E+11	3.70237E-8	-2.17682E+1	-7.89426E-2	-2.05812E-2
3.84531E+11	6.23841E-8	-1.99834E+1	7.89514E-2	-6.16840E-2
3.84688E+11	6.05089E-8	-2.03974E+1	9.86175E-3	9.50173E-2
3.84844E+11	8.17629E-8	-1.93711E+1	-1.04983E-1	-2.31655E-2
3.85000E+11	1.95677E-7	-1.67226E+1	1.26111E-1	-7.32439E-2
3.85156E+11	3.39608E-7	-1.49427E+1	-3.79116E-2	1.74943E-1
3.85312E+11	7.03158E-7	-1.25183E+1	-1.52498E-1	-1.80949E-1
3.85469E+11	6.82477E-7	-1.20673E+1	2.41916E-1	-6.00148E-2
3.85625E+11	6.03256E-7	-1.09441E+1	-9.17943E-2	2.68393E-1
3.85781E+11	8.05333E-7	-9.27547E+0	-7.16898E-2	-3.36178E-1
3.85938E+11	7.50715E-7	-8.48211E+0	2.11810E-1	3.11405E-1
3.86094E+11	7.85340E-7	-8.94016E+0	-3.45541E-1	-9.07778E-2
3.86250E+11	9.18683E-7	-9.77842E+0	2.38103E-1	-2.20321E-1
3.86406E+11	7.33895E-7	-1.17356E+1	5.42516E-2	2.53207E-1
3.86562E+11	7.41436E-7	-1.22695E+1	-2.05636E-1	-1.30434E-1
3.86719E+11	5.65476E-7	-1.35104E+1	2.08267E-1	-3.44424E-2
3.86875E+11	3.05034E-7	-1.52943E+1	-6.38140E-2	1.59621E-1
3.87031E+11	2.21999E-7	-1.58568E+1	-1.09970E-1	-1.17761E-1
3.87188E+11	1.33849E-7	-1.79052E+1	1.26075E-1	-1.74224E-2
3.87344E+11	9.74386E-8	-1.93838E+1	-6.78039E-2	8.32286E-2
3.87500E+11	4.46374E-8	-2.26079E+1	-1.19114E-2	-7.30998E-2
3.87656E+11	3.31097E-8	-2.36932E+1	6.35151E-2	1.54359E-2
3.87812E+11	3.08928E-8	-2.34980E+1	-2.89434E-2	6.02589E-2
3.87969E+11	5.14696E-8	-2.24529E+1	-5.38133E-2	-5.28099E-2
3.88125E+11	6.20496E-8	-2.19229E+1	7.96769E-2	-8.61657E-3
3.88281E+11	3.99231E-8	-2.41069E+1	-4.01408E-2	4.76759E-2
3.88438E+11	2.77724E-8	-2.60268E+1	-1.16611E-2	-4.85843E-2
3.88594E+11	2.21161E-8	-2.66329E+1	4.56468E-2	9.35954E-3
3.88750E+11	2.42269E-8	-2.60454E+1	-2.67046E-2	4.21028E-2
3.88906E+11	2.12217E-8	-2.58480E+1	-2.75351E-2	-4.29325E-2
3.89062E+11	2.15314E-8	-2.50476E+1	5.57390E-2	-4.58003E-3
3.89219E+11	2.11341E-8	-2.33523E+1	-3.59452E-2	5.77004E-2
3.89375E+11	1.93465E-8	-2.45514E+1	-2.85573E-2	-5.18736E-2
3.89531E+11	2.60596E-8	-2.47577E+1	5.78187E-2	-8.29312E-4
3.89688E+11	2.28102E-8	-2.61035E+1	-2.33948E-2	4.36507E-2
3.89844E+11	8.40824E-8	-2.16575E+1	-3.48376E-2	-7.49239E-2
3.90000E+11	2.17356E-7	-1.67494E+1	1.38398E-1	4.45384E-2
3.90156E+11	3.82264E-7	-1.36616E+1	-1.72962E-1	1.14545E-1
3.90312E+11	4.23436E-7	-1.20711E+1	4.09848E-2	-2.45748E-1
3.90469E+11	4.75794E-7	-1.11291E+1	1.53107E-1	2.31656E-1
3.90625E+11	7.19925E-7	-9.44228E+0	-3.03642E-1	-1.46643E-1
3.90781E+11	8.05703E-7	-8.20155E+0	3.86563E-1	-4.32576E-2
3.90938E+11	1.44270E-6	-7.95899E+0	-2.55071E-1	3.08110E-1
3.91094E+11	1.38965E-6	-8.82880E+0	-7.92359E-2	-3.53095E-1
3.91250E+11	1.36356E-6	-9.27618E+0	3.08688E-1	1.51154E-1
3.91406E+11	1.29604E-6	-9.29807E+0	-3.34889E-1	7.34272E-2
3.91562E+11	1.37392E-6	-9.06833E+0	2.12078E-1	-2.80981E-1
3.91719E+11	9.58432E-7	-9.95554E+0	8.84442E-2	3.05298E-1
3.91875E+11	8.09320E-7	-1.09662E+1	-2.81647E-1	-2.69742E-2
3.92031E+11	6.00106E-7	-1.19038E+1	1.76043E-1	-1.83079E-1
3.92188E+11	3.89279E-7	-1.34692E+1	-3.39166E-2	2.09370E-1
3.92344E+11	2.69913E-7	-1.48255E+1	-8.56656E-2	-1.59940E-1
3.92500E+11	1.92839E-7	-1.57361E+1	1.63208E-1	7.47567E-3
3.92656E+11	2.15997E-7	-1.53468E+1	-3.96867E-2	1.66195E-1
3.92812E+11	3.27906E-7	-1.41583E+1	-1.51783E-1	-1.23886E-1
3.92969E+11	4.51984E-7	-1.43563E+1	1.91238E-1	1.01544E-2
3.93125E+11	2.45101E-7	-1.66536E+1	-1.26658E-1	7.46123E-2
3.93281E+11	1.46483E-7	-1.80463E+1	-1.38295E-2	-1.24458E-1
3.93438E+11	1.28161E-7	-1.79458E+1	1.26588E-1	4.86707E-3
3.93594E+11	1.62037E-7	-1.68758E+1	-3.13288E-2	1.39821E-1
3.93750E+11	2.33047E-7	-1.46532E+1	-1.29561E-1	-1.32158E-1
3.93906E+11	2.04453E-7	-1.42192E+1	1.93503E-1	2.02070E-2
3.94062E+11	2.73894E-7	-1.41596E+1	-1.07116E-1	1.64013E-1
3.94219E+11	3.59154E-7	-1.41114E+1	-1.64613E-1	-1.08188E-1
3.94375E+11	4.04699E-7	-1.39930E+1	9.92669E-2	-1.73267E-1
3.94531E+11	5.64116E-7	-1.30585E+1	1.43353E-1	1.69995E-1
3.94688E+11	8.30244E-7	-1.15646E+1	-2.60137E-1	-4.55797E-2
3.94844E+11	1.52258E-6	-8.73289E+0	3.51299E-1	-1.02313E-1
3.95000E+11	1.79914E-6	-6.99858E+0	-3.04541E-1	3.26874E-1
3.95156E+11	1.33189E-6	-7.83203E+0	-3.20857E-2	-4.04611E-1
3.95312E+11	1.37002E-6	-9.17618E+0	3.17882E-1	1.40850E-1
3.95469E+11	1.31133E-6	-9.14529E+0	-3.08524E-1	1.62984E-1
3.95625E+11	1.73011E-6	-8.20851E+0	1.72527E-1	-3.48274E-1
3.95781E+11	3.47370E-6	-6.53108E+0	6.57005E-2	4.66861E-1
3.95938E+11	4.17482E-6	-5.78004E+0	-3.57777E-1	-3.69099E-1
3.96094E+11	3.28285E-6	-6.99406E+0	4.46957E-1	5.38651E-3
3.96250E+11	2.89039E-6	-7.68772E+0	-3.14446E-1	2.67262E-1
3.96406E+11	2.17621E-6	-8.48390E+0	4.98857E-2	-3.73215E-1
3.96562E+11	2.06158E-6	-9.00078E+0	2.38362E-1	2.62780E-1
3.96719E+11	1.31749E-6	-9.54547E+0	-3.22346E-1	8.44154E-2
3.96875E+11	1.07358E-6	-9.79665E+0	7.15209E-2	-3.15719E-1
3.97031E+11	9.09003E-7	-9.78788E+0	1.74815E-1	2.72846E-1
3.97188E+11	8.20931E-7	-1.11158E+1	-2.51051E-1	-1.19647E-1
3.97344E+11	6.89871E-7	-1.32750E+1	2.11670E-1	-4.73236E-2
3.97500E+11	3.97119E-7	-1.54708E+1	-5.69895E-2	1.58513E-1
3.97656E+11	3.56997E-7	-1.65266E+1	-1.09651E-1	-1.01131E-1
3.97812E+11	3.23644E-7	-1.68214E+1	1.39622E-1	-3.59991E-2
3.97969E+11	2.43009E-7	-1.69200E+1	-6.47727E-2	1.26996E-1
3.98125E+11	1.31179E-7	-1.82236E+1	-5.68495E-2	-1.08727E-1
3.98281E+11	9.38091E-8	-1.84964E+1	1.18262E-1	-1.22984E-2
3.98438E+11	8.42187E-8	-1.82209E+1	-3.78416E-2	1.16751E-1
3.98594E+11	9.04084E-8	-1.83909E+1	-7.05371E-2	-9.75144E-2
3.98750E+11	9.50543E-8	-1.90381E+1	1.11704E-1	-1.22470E-3
3.98906E+11	7.07076E-8	-1.99594E+1	-3.98706E-2	9.22191E-2
3.99062E+11	9.28980E-8	-1.94568E+1	-8.65606E-2	-6.19654E-2
3.99219E+11	1.35423E-7	-1.88009E+1	9.97577E-2	-5.68179E-2
3.99375E+11	1.54175E-7	-1.76444E+1	-2.97063E-2	1.27745E-1
3.99531E+11	1.34984E-7	-1.75277E+1	-5.78746E-2	-1.19668E-1
3.99688E+11	1.32173E-7	-1.79595E+1	1.19922E-1	4.02009E-2
3.99844E+11	1.38740E-7	-1.83521E+1	-9.04596E-2	8.01987E-2
4.00000E+11	1.80345E-7	-1.70573E+1	-3.14686E-2	-1.36751E-1
4.00156E+11	2.18713E-7	-1.63214E+1	1.39389E-1	6.24320E-2
4.00313E+11	4.20182E-7	-1.39617E+1	-1.85019E-1	7.70135E-2
4.00469E+11	7.68686E-7	-1.13764E+1	8.86056E-2	-2.54926E-1
4.00625E+11	1.23098E-6	-9.80954E+0	1.28454E-1	2.96619E-1
4.00781E+11	9.25086E-7	-1.04646E+1	-2.86769E-1	-8.72857E-2
4.00937E+11	1.09710E-6	-1.16836E+1	2.39059E-1	-1.03511E-1
4.01094E+11	7.72744E-7	-1.22598E+1	-1.22640E-1	2.10692E-1
4.01250E+11	8.60216E-7	-1.21119E+1	-5.84203E-2	-2.40995E-1
4.01406E+11	7.06792E-7	-1.17670E+1	2.39748E-1	9.53655E-2
4.01563E+11	4.53906E-7	-1.28597E+1	-1.85702E-1	1.31448E-1
4.01719E+11	3.69074E-7	-1.41191E+1	1.61123E-2	-1.96149E-1
4.01875E+11	3.21779E-7	-1.61888E+1	8.16132E-2	1.31869E-1
4.02031E+11	2.34946E-7	-1.78624E+1	-1.11678E-1	-6.23473E-2
4.02187E+11	1.69626E-7	-1.93347E+1	1.06753E-1	-1.61018E-2
4.02344E+11	1.73603E-7	-2.01168E+1	-4.91081E-2	8.55749E-2
4.02500E+11	1.12273E-7	-2.15581E+1	-4.96127E-2	-6.72602E-2
4.02656E+11	8.42434E-8	-2.05432E+1	9.32479E-2	-1.13664E-2
4.02813E+11	5.02731E-8	-2.17145E+1	-3.33022E-2	7.50280E-2
4.02969E+11	4.53866E-8	-2.22631E+1	-4.49520E-2	-6.25940E-2
4.03125E+11	3.72003E-8	-2.27914E+1	7.20215E-2	-8.44882E-3
4.03281E+11	3.53637E-8	-2.33578E+1	-2.14222E-2	6.44716E-2
4.03437E+11	3.94098E-8	-2.32218E+1	-4.35346E-2	-5.35452E-2
4.03594E+11	5.83920E-8	-2.33101E+1	6.80488E-2	-5.98473E-3
4.03750E+11	5.88980E-8	-2.30414E+1	-2.73544E-2	6.49314E-2
4.03906E+11	6.53846E-8	-2.24284E+1	-5.45193E-2	-5.23881E-2
4.04063E+11	8.01301E-8	-2.11292E+1	7.44675E-2	-4.65295E-2
4.04219E+11	1.17713E-7	-1.87057E+1	2.99282E-2	1.12144E-1
4.04375E+11	1.20517E-7	-1.78918E+1	-1.25767E-1	-2.07705E-2
4.04531E+11	1.05110E-7	-1.78718E+1	5.80774E-2	-1.13801E-1
4.04687E+11	1.28016E-7	-1.71725E+1	9.50509E-2	1.00703E-1
4.04844E+11	2.04049E-7	-1.60877E+1	-1.44280E-1	6.16436E-2
4.05000E+11	2.93434E-7	-1.43340E+1	6.32641E-3	-1.91896E-1
4.05156E+11	5.84874E-7	-1.21622E+1	1.88521E-1	1.58878E-1
4.05313E+11	1.03737E-6	-1.07283E+1	-2.81030E-1	7.47246E-2
4.05469E+11	1.61407E-6	-9.18777E+0	1.21898E-1	-3.25125E-1
4.05625E+11	1.68105E-6	-8.65351E+0	2.26249E-1	2.91821E-1
4.05781E+11	1.65721E-6	-8.32548E+0	-3.81238E-1	4.12689E-2
4.05937E+11	1.58771E-6	-8.10554E+0	2.03622E-1	-3.36485E-1
4.06094E+11	1.71245E-6	-7.20497E+0	1.25647E-1	4.17781E-1
4.06250E+11	2.07165E-6	-5.50956E+0	-4.32175E-1	-3.07317E-1
4.06406E+11	1.88995E-6	-6.23523E+0	4.87735E-1	7.70354E-3
4.06563E+11	1.29236E-6	-8.68633E+0	-2.37801E-1	2.80664E-1
4.06719E+11	1.41675E-6	-1.01036E+1	-8.58327E-2	-3.00461E-1
4.06875E+11	1.24005E-6	-1.09950E+1	2.60795E-1	1.07283E-1
4.07031E+11	1.46737E-6	-1.04637E+1	-2.76206E-1	1.16549E-1
4.07187E+11	1.48670E-6	-9.43030E+0	1.51350E-1	-3.01845E-1
4.07344E+11	7.03624E-7	-1.10968E+1	5.99677E-2	2.72188E-1
4.07500E+11	4.48948E-7	-1.35350E+1	-1.88838E-1	-9.30031E-2
4.07656E+11	2.21490E-7	-1.59184E+1	1.46479E-1	-6.43386E-2
4.07813E+11	1.69685E-7	-1.74211E+1	-3.51282E-2	1.29903E-1
4.07969E+11	1.44985E-7	-1.85796E+1	-9.27043E-2	-7.26276E-2
4.08125E+11	1.69085E-7	-1.82367E+1	1.05652E-1	-6.20147E-2
4.08281E+11	2.51220E-7	-1.71631E+1	-1.46950E-2	1.37845E-1
4.08437E+11	2.25215E-7	-1.79229E+1	-6.88701E-2	-1.06723E-1
4.08594E+11	1.35213E-7	-1.95746E+1	1.03166E-1	1.96399E-2
4.08750E+11	8.71499E-8	-2.05108E+1	-5.80787E-2	7.42775E-2
4.08906E+11	7.58531E-8	-2.02285E+1	-6.67230E-2	-7.09619E-2
4.09063E+11	9.84664E-8	-1.87819E+1	9.91497E-2	-5.83689E-2
4.09219E+11	1.41537E-7	-1.57851E+1	-1.70881E-2	1.61559E-1
4.09375E+11	1.20338E-7	-1.63067E+1	-6.63362E-2	-1.37861E-1
4.09531E+11	9.23447E-8	-1.68012E+1	1.33005E-1	5.65407E-2
4.09687E+11	1.37754E-7	-1.59148E+1	-1.14024E-1	1.12317E-1
4.09844E+11	1.96260E-7	-1.47402E+1	-9.32593E-2	-1.57718E-1
4.10000E+11	3.76217E-7	-1.33191E+1	2.12154E-1	-3.94775E-2
4.10156E+11	5.49650E-7	-1.18957E+1	-8.81965E-2	2.38435E-1
4.10313E+11	6.10586E-7	-1.11210E+1	-1.53269E-1	-2.31858E-1
4.10469E+11	5.97753E-7	-1.01743E+1	3.09682E-1	-1.27931E-2
4.10625E+11	6.70130E-7	-9.15249E+0	-1.05264E-1	3.32368E-1
4.10781E+11	9.39699E-7	-8.00886E+0	-2.39000E-1	-3.17876E-1
4.10937E+11	1.53704E-6	-7.11149E+0	4.16184E-1	1.45808E-1
4.11094E+11	2.44003E-6	-6.29307E+0	-4.84431E-1	1.11178E-2
4.11250E+11	3.72511E-6	-5.81450E+0	4.68445E-1	-2.06662E-1
4.11406E+11	3.88038E-6	-6.98206E+0	-2.25660E-1	3.86561E-1
4.11563E+11	2.69961E-6	-8.42983E+0	-1.07621E-1	-3.63280E-1
4.11719E+11	2.05781E-6	-8.92961E+0	3.12875E-1	1.73375E-1
4.11875E+11	1.59657E-6	-8.32832E+0	-3.83254E-1	8.10095E-3
4.12031E+11	1.36483E-6	-8.86240E+0	3.13113E-1	-1.78621E-1
4.12187E+11	8.03889E-7	-1.12825E+1	-1.22192E-1	2.43924E-1
4.12344E+11	4.09441E-7	-1.44658E+1	-6.85674E-2	-1.76239E-1
4.12500E+11	3.14501E-7	-1.62483E+1	1.49137E-1	3.84824E-2
4.12656E+11	2.46334E-7	-1.77532E+1	-1.01405E-1	8.05775E-2
4.12813E+11	3.26958E-7	-1.66274E+1	-1.43541E-2	-1.46745E-1
4.12969E+11	3.54016E-7	-1.66190E+1	1.32948E-1	6.40857E-2
4.13125E+11	1.65232E-7	-1.99191E+1	-8.37367E-2	5.63575E-2
4.13281E+11	9.45116E-8	-2.20809E+1	5.75480E-3	-7.84860E-2
4.13437E+11	4.96523E-8	-2.41437E+1	4.31078E-2	4.46451E-2
4.13594E+11	3.93474E-8	-2.51219E+1	-5.49783E-2	7.22221E-3
4.13750E+11	3.61633E-8	-2.42084E+1	2.60511E-2	-5.58199E-2
4.13906E+11	2.99457E-8	-2.48909E+1	2.94533E-2	4.87363E-2
4.14063E+11	3.39538E-8	-2.32115E+1	-6.53426E-2	-2.24502E-2
4.14219E+11	2.76690E-8	-2.48008E+1	5.38774E-2	-2.01981E-2
4.14375E+11	2.42745E-8	-2.60380E+1	-9.85705E-3	4.89168E-2
4.14531E+11	1.68231E-8	-2.62969E+1	-4.34407E-2	-2.14204E-2
4.14687E+11	2.92756E-8	-2.51873E+1	3.53297E-2	-4.21971E-2
4.14844E+11	4.03321E-8	-2.22170E+1	3.40577E-2	6.95855E-2
4.15000E+11	4.96249E-8	-2.06367E+1	-9.05603E-2	-2.08586E-2
4.15156E+11	3.01458E-8	-2.15574E+1	5.95635E-2	-5.86408E-2
4.15313E+11	2.72162E-8	-2.24673E+1	2.79990E-2	6.98709E-2
4.15469E+11	3.05616E-8	-2.26615E+1	-7.34166E-2	-5.29930E-3
4.15625E+11	5.10542E-8	-2.12667E+1	5.57239E-2	-6.60686E-2
4.15781E+11	9.30864E-8	-1.88360E+1	1.19734E-2	1.13712E-1
4.15937E+11	1.72991E-7	-1.74527E+1	-1.07978E-1	-7.94870E-2
4.16094E+11	2.12029E-7	-1.63270E+1	1.48026E-1	-3.72169E-2
4.16250E+11	3.85679E-7	-1.35202E+1	-8.45732E-2	1.93154E-1
4.16406E+11	3.76634E-7	-1.32028E+1	-9.49134E-2	-1.97037E-1
4.16563E+11	4.85310E-7	-1.11155E+1	2.55882E-1	1.08962E-1
4.16719E+11	7.17619E-7	-1.00944E+1	-2.91650E-1	1.13097E-1
4.16875E+11	9.17114E-7	-9.33189E+0	1.20047E-1	-3.19717E-1
4.17031E+11	1.05694E-6	-9.13860E+0	1.13852E-1	3.30115E-1
4.17187E+11	8.61937E-7	-1.08060E+1	-2.47470E-1	-1.47718E-1
4.17344E+11	6.57360E-7	-1.20831E+1	2.43409E-1	-5.14901E-2
4.17500E+11	5.99029E-7	-1.31017E+1	-1.21426E-1	1.84971E-1
4.17656E+11	4.91137E-7	-1.43736E+1	-6.00553E-2	-1.81447E-1
4.17813E+11	3.30656E-7	-1.59089E+1	1.49897E-1	5.64108E-2
4.17969E+11	1.37491E-7	-1.91056E+1	-9.84408E-2	5.09523E-2
4.18125E+11	7.11675E-8	-2.13078E+1	2.55193E-2	-8.21491E-2
4.18281E+11	4.53064E-8	-2.27472E+1	3.16478E-2	6.56561E-2
4.18437E+11	3.23329E-8	-2.47056E+1	-5.45735E-2	-2.01453E-2
4.18594E+11	1.87857E-8	-2.65469E+1	4.14528E-2	-2.22781E-2
4.18750E+11	1.77410E-8	-2.78160E+1	-6.77352E-3	4.00949E-2
4.18906E+11	1.96686E-8	-2.78379E+1	-2.88450E-2	-2.85158E-2
4.19063E+11	1.77610E-8	-2.76554E+1	3.97904E-2	-1.15109E-2
4.19219E+11	1.62408E-8	-2.87301E+1	-4.33900E-3	3.63432E-2
4.19375E+11	9.21569E-9	-2.99573E+1	-3.00109E-2	-1.04510E-2
4.19531E+11	9.18881E-9	-2.95408E+1	1.98744E-2	-2.67683E-2
4.19687E+11	5.83540E-9	-2.96422E+1	1.51858E-2	2.92451E-2
4.19844E+11	4.35608E-9	-3.10289E+1	-2.78911E-2	-3.33971E-3
4.20000E+11	3.31436E-9	-3.24975E+1	1.34755E-2	-1.95212E-2
4.20156E+11	3.33831E-9	-3.21241E+1	1.62615E-2	1.86747E-2
4.20313E+11	5.03899E-9	-3.10689E+1	-2.54343E-2	1.16157E-2
4.20469E+11	9.65376E-9	-2.92715E+1	2.68286E-3	-3.42846E-2
4.20625E+11	1.55562E-8	-2.68159E+1	3.13801E-2	3.31204E-2
4.20781E+11	1.38961E-8	-2.69505E+1	-4.49150E-2	8.96220E-4
4.20937E+11	1.58383E-8	-2.63164E+1	2.05329E-2	-4.37467E-2
4.21094E+11	2.36999E-8	-2.49623E+1	3.52295E-2	4.41442E-2
4.21250E+11	3.61788E-8	-2.22598E+1	-7.65727E-2	8.93776E-3
4.21406E+11	8.02804E-8	-1.83490E+1	6.95029E-2	-9.89670E-2
4.21563E+11	1.52759E-7	-1.52003E+1	3.26905E-2	1.70672E-1
4.21719E+11	3.00586E-7	-1.30950E+1	-1.95909E-1	-1.03216E-1
4.21875E+11	4.98199E-7	-1.16162E+1	2.54249E-1	-6.54406E-2
4.22031E+11	7.03462E-7	-1.10103E+1	-1.82852E-1	2.14033E-1
4.22187E+11	7.15591E-7	-1.07488E+1	5.30820E-3	-2.90061E-1
4.22344E+11	8.13379E-7	-1.06382E+1	1.81225E-1	2.31280E-1
4.22500E+11	9.80526E-7	-9.94312E+0	-3.08551E-1	-7.81952E-2
4.22656E+11	7.07170E-7	-9.84708E+0	3.13502E-1	-7.28027E-2
4.22813E+11	4.37167E-7	-1.22470E+1	-1.84535E-1	1.59856E-1
4.22969E+11	1.89313E-7	-1.54011E+1	2.04507E-2	-1.68567E-1
4.23125E+11	1.33613E-7	-1.64845E+1	9.91746E-2	1.12390E-1
4.23281E+11	9.87288E-8	-1.85398E+1	-1.17604E-1	1.28814E-2
4.23438E+11	1.20581E-7	-1.90236E+1	4.88270E-2	-1.00683E-1
4.23594E+11	1.06361E-7	-2.04293E+1	4.38549E-2	8.44717E-2
4.23750E+11	6.67727E-8	-2.24574E+1	-7.49139E-2	-8.17302E-3
4.23906E+11	4.60155E-8	-2.38917E+1	3.53614E-2	-5.32089E-2
4.24062E+11	3.35039E-8	-2.43139E+1	2.84723E-2	5.37848E-2
4.24219E+11	1.63415E-8	-2.60009E+1	-5.00090E-2	-3.23325E-3
4.24375E+11	1.27693E-8	-2.70536E+1	2.44439E-2	-3.70578E-2
4.24531E+11	1.07115E-8	-2.77190E+1	1.66367E-2	3.76041E-2
4.24688E+11	1.27797E-8	-2.78455E+1	-3.94706E-2	-9.18514E-3
4.24844E+11	1.55093E-8	-2.90115E+1	2.28285E-2	-2.71008E-2
4.25000E+11	2.19505E-8	-2.71909E+1	1.99369E-2	3.88842E-2
4.25156E+11	2.86799E-8	-2.62595E+1	-4.80469E-2	7.59564E-3
4.25312E+11	3.11777E-8	-2.49861E+1	2.09808E-2	-5.22708E-2
4.25469E+11	5.02961E-8	-2.23408E+1	3.63438E-2	6.71749E-2
4.25625E+11	4.09054E-8	-2.18996E+1	-7.73096E-2	-2.19155E-2
4.25781E+11	4.32246E-8	-2.19808E+1	5.34549E-2	-5.89928E-2
4.25938E+11	3.96900E-8	-2.15912E+1	4.59017E-2	6.94652E-2
4.26094E+11	5.77142E-8	-2.00290E+1	-9.37421E-2	3.38514E-2
4.26250E+11	1.44711E-7	-1.73534E+1	1.16927E-3	-1.35616E-1
4.26406E+11	3.09172E-7	-1.47647E+1	1.47258E-1	1.08161E-1
4.26562E+11	4.48930E-7	-1.37032E+1	-1.97314E-1	6.07742E-2
4.26719E+11	5.54802E-7	-1.35700E+1	4.44119E-2	-2.04894E-1
4.26875E+11	6.38893E-7	-1.30870E+1	1.74794E-1	1.36278E-1
4.27031E+11	1.13830E-6	-1.04239E+1	-2.91487E-1	7.57360E-2
4.27188E+11	1.62816E-6	-8.58283E+0	1.70704E-1	-3.30825E-1
4.27344E+11	2.76418E-6	-5.92296E+0	2.71734E-2	5.04921E-1
4.27500E+11	2.64429E-6	-4.80220E+0	-2.03101E-1	-5.38250E-1
4.27656E+11	2.47750E-6	-5.90237E+0	3.52949E-1	3.63767E-1
4.27812E+11	2.05377E-6	-7.73839E+0	-4.10120E-1	-1.14694E-2
4.27969E+11	2.04770E-6	-8.49229E+0	2.11461E-1	-3.11109E-1
4.28125E+11	2.92894E-6	-7.84236E+0	1.38731E-1	3.80922E-1
4.28281E+11	2.98581E-6	-7.34838E+0	-3.64623E-1	-2.26266E-1
4.28438E+11	2.27061E-6	-7.74722E+0	4.08365E-1	3.50109E-2
4.28594E+11	6.68267E-7	-1.14450E+1	-2.23420E-1	1.47579E-1
4.28750E+11	3.05825E-7	-1.40496E+1	1.08744E-3	-1.98387E-1
4.28906E+11	2.41134E-7	-1.62418E+1	1.37201E-1	7.02437E-2
4.29062E+11	1.82278E-7	-1.71515E+1	-1.14629E-1	7.82856E-2
4.29219E+11	1.78986E-7	-1.82332E+1	8.33490E-3	-1.22274E-1
4.29375E+11	1.52666E-7	-1.95721E+1	7.47352E-2	7.38246E-2
4.29531E+11	1.14467E-7	-2.13885E+1	-8.46081E-2	1.02506E-2
4.29688E+11	6.45723E-8	-2.40494E+1	2.94833E-2	-5.53788E-2
4.29844E+11	3.88751E-8	-2.54063E+1	2.59760E-2	4.69584E-2
4.30000E+11	2.69696E-8	-2.60821E+1	-4.96225E-2	-1.57457E-3
4.30156E+11	2.90808E-8	-2.52754E+1	3.26699E-2	-4.35964E-2
4.30312E+11	2.89176E-8	-2.46781E+1	2.19528E-2	5.40708E-2
4.30469E+11	3.10907E-8	-2.44280E+1	-5.92318E-2	-9.95304E-3
4.30625E+11	1.65448E-8	-2.61304E+1	2.58911E-2	-4.20385E-2
4.30781E+11	1.73872E-8	-2.66053E+1	3.56926E-2	3.01848E-2
4.30938E+11	1.91364E-8	-2.61478E+1	-3.92190E-2	2.98283E-2
4.31094E+11	3.56855E-8	-2.46083E+1	-1.59700E-2	-5.66190E-2
4.31250E+11	3.51001E-8	-2.38398E+1	6.39094E-2	6.80041E-3
4.31406E+11	3.67073E-8	-2.37725E+1	-3.07011E-2	5.70315E-2
4.31562E+11	3.23551E-8	-2.41889E+1	-4.49498E-2	-4.23217E-2
4.31719E+11	3.63477E-8	-2.27579E+1	6.38076E-2	-3.50407E-2
4.31875E+11	5.12291E-8	-2.07518E+1	4.71278E-3	9.15870E-2
4.32031E+11	9.68937E-8	-1.87606E+1	-1.00792E-1	-5.60702E-2
4.32188E+11	1.77949E-7	-1.68121E+1	1.21585E-1	-7.77949E-2
4.32344E+11	3.51512E-7	-1.52374E+1	8.39512E-3	1.72830E-1
4.32500E+11	6.83285E-7	-1.28912E+1	-1.87913E-1	-1.26801E-1
4.32656E+11	1.14453E-6	-1.12392E+1	2.69841E-1	-4.85952E-2
4.32812E+11	1.54350E-6	-9.83435E+0	-1.83565E-1	2.64938E-1
4.32969E+11	1.79113E-6	-8.39001E+0	-2.93867E-2	-3.79491E-1
4.33125E+11	1.87206E-6	-7.98550E+0	2.47044E-1	3.13031E-1
4.33281E+11	1.06935E-6	-9.01175E+0	-3.44657E-1	-8.22411E-2
4.33438E+11	1.02523E-6	-1.02759E+1	2.77601E-1	-1.29551E-1
4.33594E+11	7.00770E-7	-1.22383E+1	-6.29329E-2	2.36150E-1
4.33750E+11	6.43989E-7	-1.30473E+1	-1.45367E-1	-1.68653E-1
4.33906E+11	7.34087E-7	-1.36411E+1	2.07533E-1	-1.30712E-2
4.34062E+11	6.67530E-7	-1.49011E+1	-1.21411E-1	1.32704E-1
4.34219E+11	2.66334E-7	-1.80133E+1	-1.11702E-2	-1.25202E-1
4.34375E+11	1.32925E-7	-2.12093E+1	7.32216E-2	4.69917E-2
4.34531E+11	7.19485E-8	-2.29163E+1	-6.50644E-2	2.95976E-2
4.34688E+11	5.05111E-8	-2.44239E+1	1.12143E-2	-5.90346E-2
4.34844E+11	4.00574E-8	-2.48403E+1	3.93933E-2	4.15799E-2
4.35000E+11	3.51662E-8	-2.56983E+1	-5.06690E-2	1.11915E-2
4.35156E+11	3.25274E-8	-2.66730E+1	1.38624E-2	-4.42622E-2
4.35312E+11	2.36374E-8	-2.84641E+1	2.91374E-2	2.39851E-2
4.35469E+11	2.33917E-8	-2.89472E+1	-3.16087E-2	1.65893E-2
4.35625E+11	1.70843E-8	-3.00363E+1	-2.55818E-3	-3.13870E-2
4.35781E+11	1.61693E-8	-2.97455E+1	3.11105E-2	9.61744E-3
4.35938E+11	1.66678E-8	-2.84436E+1	-2.37069E-2	2.94788E-2
4.36094E+11	1.17692E-8	-2.82702E+1	-1.77554E-2	-3.42644E-2
4.36250E+11	7.39066E-9	-2.96989E+1	3.25003E-2	-3.93837E-3
4.36406E+11	6.52098E-9	-3.05637E+1	-5.86507E-3	2.90496E-2
4.36562E+11	7.61583E-9	-2.96622E+1	-2.83315E-2	-1.66797E-2
4.36719E+11	1.53139E-8	-2.72594E+1	3.67000E-2	-2.30799E-2
4.36875E+11	2.52534E-8	-2.64293E+1	4.19035E-3	4.75176E-2
4.37031E+11	3.96060E-8	-2.51670E+1	-5.12112E-2	-2.05041E-2
4.37188E+11	5.86616E-8	-2.32418E+1	5.44700E-2	-4.21133E-2
4.37344E+11	6.83853E-8	-2.12582E+1	-3.89688E-3	8.64273E-2
4.37500E+11	1.25336E-7	-1.82965E+1	-8.25027E-2	-8.94216E-2
4.37656E+11	2.14468E-7	-1.57972E+1	1.61834E-1	1.13768E-2
4.37812E+11	3.22886E-7	-1.38879E+1	-1.26698E-1	1.57478E-1
4.37969E+11	6.47778E-7	-1.13784E+1	-1.09496E-1	-2.46608E-1
4.38125E+11	1.14298E-6	-8.75261E+0	3.30295E-1	1.55490E-1
4.38281E+11	1.86050E-6	-7.94536E+0	-4.00588E-1	4.99233E-3
4.38438E+11	2.34034E-6	-7.50769E+0	3.84339E-1	-1.72618E-1
4.38594E+11	2.29719E-6	-7.29707E+0	-2.42542E-1	3.57082E-1
4.38750E+11	2.36642E-6	-7.10093E+0	-3.60934E-2	-4.40045E-1
4.38906E+11	1.81134E-6	-7.59989E+0	2.67991E-1	3.19320E-1
4.39062E+11	1.11880E-6	-8.82222E+0	-3.46382E-1	-1.05702E-1
4.39219E+11	9.14901E-7	-1.01199E+1	2.93859E-1	-1.04523E-1
4.39375E+11	6.76041E-7	-1.11048E+1	-1.20560E-1	2.51005E-1
4.39531E+11	5.17546E-7	-1.20707E+1	-1.09040E-1	-2.24025E-1
4.39688E+11	4.80535E-7	-1.34291E+1	1.97322E-1	8.04232E-2
4.39844E+11	2.70525E-7	-1.72029E+1	-1.34450E-1	3.10641E-2
4.40000E+11	1.48786E-7	-2.01951E+1	3.98230E-2	-8.93024E-2
4.40156E+11	1.55087E-7	-2.08032E+1	5.52318E-2	7.25325E-2
4.40312E+11	1.11165E-7	-2.10508E+1	-8.72678E-2	1.53361E-2
4.40469E+11	1.15543E-7	-2.09441E+1	2.54903E-2	-8.60021E-2
4.40625E+11	9.87521E-8	-2.14065E+1	4.42051E-2	7.26595E-2
4.40781E+11	5.00364E-8	-2.31399E+1	-6.75878E-2	-1.68785E-2
4.40938E+11	3.89267E-8	-2.47613E+1	4.24881E-2	-3.91879E-2
4.41094E+11	3.78387E-8	-2.47469E+1	1.52659E-2	5.58478E-2
4.41250E+11	3.73328E-8	-2.49467E+1	-5.49357E-2	-1.35421E-2
4.41406E+11	4.53795E-8	-2.41972E+1	4.43468E-2	-4.28684E-2
4.41562E+11	6.97736E-8	-2.24043E+1	-3.94413E-3	7.57175E-2
4.41719E+11	8.08053E-8	-2.13391E+1	-5.68321E-2	-6.41619E-2
4.41875E+11	5.14565E-8	-2.19963E+1	7.93289E-2	-4.68542E-3
4.42031E+11	3.96472E-8	-2.26108E+1	-2.44564E-2	6.98827E-2
4.42188E+11	4.69581E-8	-2.16197E+1	-6.20898E-2	-5.50629E-2
4.42344E+11	8.97465E-8	-1.97580E+1	9.85188E-2	-2.94476E-2
4.42500E+11	1.52382E-7	-1.72888E+1	-3.09939E-2	1.33073E-1
4.42656E+11	3.08192E-7	-1.55990E+1	-1.22962E-1	-1.11485E-1
4.42812E+11	4.21172E-7	-1.57582E+1	1.48203E-1	-6.77739E-2
4.42969E+11	5.33212E-7	-1.47953E+1	-1.06130E-2	1.81758E-1
4.43125E+11	7.99166E-7	-1.27286E+1	-1.75106E-1	-1.50628E-1
4.43281E+11	1.14019E-6	-1.07567E+1	2.82649E-1	-6.41808E-2
4.43438E+11	1.61368E-6	-8.92373E+0	-7.95312E-2	3.48995E-1
4.43594E+11	2.25890E-6	-7.10747E+0	-2.83325E-1	-3.38196E-1
4.43750E+11	2.51656E-6	-6.61573E+0	4.40783E-1	1.53933E-1
4.43906E+11	2.74514E-6	-6.77777E+0	-4.57691E-1	-2.28202E-2
4.44062E+11	2.88499E-6	-7.14984E+0	4.17090E-1	-1.37098E-1
4.44219E+11	2.42486E-6	-7.63580E+0	-1.71464E-1	3.78092E-1
4.44375E+11	3.19808E-6	-7.40811E+0	-2.60877E-1	-3.37007E-1
4.44531E+11	4.13235E-6	-6.99845E+0	4.44420E-1	4.56988E-2
4.44688E+11	2.49572E-6	-8.23638E+0	-3.74856E-1	9.78597E-2
4.44844E+11	1.33753E-6	-1.11417E+1	2.26724E-1	-1.59624E-1
4.45000E+11	6.70786E-7	-1.34848E+1	-2.62639E-2	2.10083E-1
4.45156E+11	3.91163E-7	-1.50450E+1	-1.50295E-1	-9.33170E-2
4.45312E+11	3.19790E-7	-1.66364E+1	1.26522E-1	-7.54143E-2
4.45469E+11	1.96645E-7	-1.84500E+1	-3.25059E-2	1.15032E-1
4.45625E+11	1.07957E-7	-2.12016E+1	-2.39611E-2	-8.37192E-2
4.45781E+11	8.00337E-8	-2.38323E+1	5.63352E-2	3.10509E-2
4.45937E+11	4.70032E-8	-2.57961E+1	-4.20147E-2	2.94519E-2
4.46094E+11	3.50627E-8	-2.64578E+1	-5.56729E-3	-4.72184E-2
4.46250E+11	2.19640E-8	-2.80487E+1	2.86654E-2	2.73044E-2
4.46406E+11	1.51984E-8	-2.86952E+1	-3.61271E-2	-6.72972E-3
4.46563E+11	1.23848E-8	-2.89079E+1	3.04606E-2	-1.89228E-2
4.46719E+11	1.00236E-8	-3.01253E+1	5.92898E-3	3.06006E-2
4.46875E+11	6.95157E-9	-3.12351E+1	-2.72202E-2	3.39517E-3
4.47031E+11	6.81915E-9	-3.18627E+1	2.91256E-3	-2.53525E-2
4.47187E+11	9.68600E-9	-3.09594E+1	1.89958E-2	2.09986E-2
4.47344E+11	1.37262E-8	-3.00838E+1	-3.13135E-2	-5.94850E-4
4.47500E+11	1.58868E-8	-2.93402E+1	1.46478E-2	-3.08141E-2
4.47656E+11	1.12749E-8	-2.99223E+1	2.60389E-2	1.84397E-2
4.47813E+11	9.57907E-9	-3.03563E+1	-2.18430E-2	2.10739E-2
4.47969E+11	1.13263E-8	-2.92797E+1	-5.61157E-3	-3.38954E-2
4.48125E+11	1.75951E-8	-2.69689E+1	3.52164E-2	2.77380E-2
4.48281E+11	2.86650E-8	-2.55588E+1	-5.12585E-2	1.23712E-2
4.48437E+11	4.27465E-8	-2.40501E+1	4.32657E-3	-6.25836E-2
4.48594E+11	6.79527E-8	-2.24568E+1	6.30993E-2	4.12085E-2
4.48750E+11	1.06603E-7	-2.08472E+1	-9.06137E-2	4.11147E-3
4.48906E+11	2.22480E-7	-1.84516E+1	1.04775E-1	-5.74966E-2
4.49063E+11	3.98756E-7	-1.58766E+1	-9.10645E-2	1.32476E-1
4.49219E+11	7.60359E-7	-1.34369E+1	-3.99917E-2	-2.09100E-1
4.49375E+11	8.18107E-7	-1.20022E+1	1.86275E-1	1.68421E-1
4.49531E+11	7.81796E-7	-1.09990E+1	-2.57260E-1	-1.15189E-1
4.49687E+11	7.07127E-7	-1.14054E+1	2.48973E-1	1.01815E-1
4.49844E+11	5.57626E-7	-1.32810E+1	-2.16708E-1	3.96251E-3
4.50000E+11	4.84268E-7	-1.45143E+1	1.24798E-1	-1.40678E-1
4.50156E+11	4.67576E-7	-1.57285E+1	6.55875E-3	1.63389E-1
4.50313E+11	3.08369E-7	-1.80212E+1	-6.63352E-2	-1.06637E-1
4.50469E+11	1.36387E-7	-2.13405E+1	7.45025E-2	4.23519E-2
4.50625E+11	7.80079E-8	-2.43067E+1	-5.96516E-2	1.23010E-2
4.50781E+11	3.40407E-8	-2.68136E+1	1.24415E-2	-4.39089E-2
4.50937E+11	2.07836E-8	-2.84700E+1	2.92445E-2	2.38135E-2
4.51094E+11	1.51497E-8	-2.97030E+1	-3.20259E-2	6.71727E-3
4.51250E+11	1.01021E-8	-3.16614E+1	1.44527E-2	-2.17541E-2
4.51406E+11	7.87732E-9	-3.29243E+1	7.25519E-3	2.13860E-2
4.51563E+11	7.81108E-9	-3.39180E+1	-2.01285E-2	7.36306E-4
4.51719E+11	6.66002E-9	-3.45623E+1	4.53737E-3	-1.81430E-2
4.51875E+11	6.42968E-9	-3.53103E+1	1.23587E-2	1.19031E-2
4.52031E+11	5.58491E-9	-3.58776E+1	-1.57868E-2	3.02447E-3
4.52187E+11	5.60727E-9	-3.51647E+1	8.10640E-3	-1.54514E-2
4.52344E+11	4.89654E-9	-3.52058E+1	9.72069E-3	1.43911E-2
4.52500E+11	4.28118E-9	-3.56212E+1	-1.64719E-2	1.66057E-3
4.52656E+11	4.79457E-9	-3.54925E+1	9.58053E-3	-1.38036E-2
4.52813E+11	5.00867E-9	-3.50303E+1	4.26290E-3	1.72005E-2
4.52969E+11	6.48786E-9	-3.39393E+1	-1.90067E-2	-6.51601E-3
4.53125E+11	1.06743E-8	-3.25284E+1	1.64365E-2	-1.69860E-2
4.53281E+11	1.19903E-8	-3.20399E+1	6.88008E-3	2.40385E-2
4.53437E+11	9.86957E-9	-3.16687E+1	-2.35325E-2	-1.12781E-2
4.53594E+11	1.26034E-8	-3.03489E+1	2.81994E-2	-1.12954E-2
4.53750E+11	1.85206E-8	-2.80635E+1	-6.70623E-3	3.89477E-2
4.53906E+11	2.50239E-8	-2.57892E+1	-4.83431E-2	-1.73145E-2
4.54063E+11	3.46885E-8	-2.43783E+1	2.27524E-2	-5.59578E-2
4.54219E+11	6.36356E-8	-2.17383E+1	6.39704E-2	5.10811E-2
4.54375E+11	1.76087E-7	-1.82398E+1	-1.21550E-1	1.49320E-2
4.54531E+11	3.35283E-7	-1.50944E+1	1.21563E-1	-1.27143E-1
4.54687E+11	7.93505E-7	-1.21015E+1	4.36857E-2	2.44398E-1
4.54844E+11	1.24402E-6	-1.03480E+1	-2.98363E-1	-5.72668E-2
4.55000E+11	2.05327E-6	-9.02280E+0	2.44120E-1	-2.56201E-1
4.55156E+11	1.76888E-6	-8.34050E+0	-1.20758E-1	3.63257E-1
4.55313E+11	1.64263E-6	-8.32727E+0	3.34777E-2	-3.81922E-1
4.55469E+11	1.21313E-6	-9.05621E+0	1.12953E-1	3.33939E-1
4.55625E+11	9.00546E-7	-1.02156E+1	-2.95886E-1	-8.72307E-2
4.55781E+11	7.48958E-7	-1.13701E+1	1.72040E-1	-2.08196E-1
4.55937E+11	5.20232E-7	-1.30267E+1	6.39147E-2	2.13838E-1
4.56094E+11	3.11828E-7	-1.59534E+1	-1.34281E-1	-8.57802E-2
4.56250E+11	1.84539E-7	-1.92369E+1	1.05557E-1	-2.79031E-2
4.56406E+11	9.70008E-8	-2.11864E+1	-2.73288E-2	8.28411E-2
4.56563E+11	7.15049E-8	-2.27451E+1	-4.99275E-2	-5.31231E-2
4.56719E+11	3.95865E-8	-2.42218E+1	6.06517E-2	-1.02077E-2
4.56875E+11	2.24758E-8	-2.64268E+1	-2.38388E-2	4.13340E-2
4.57031E+11	1.48548E-8	-2.84924E+1	-1.76114E-2	-3.32394E-2
4.57187E+11	1.18168E-8	-2.97199E+1	3.25568E-2	-2.58298E-3
4.57344E+11	9.60454E-9	-3.05820E+1	-6.38368E-3	2.88761E-2
4.57500E+11	1.04299E-8	-3.08798E+1	-2.22260E-2	-1.79616E-2
4.57656E+11	8.69627E-9	-3.17913E+1	2.51260E-2	-5.54165E-3
4.57813E+11	8.34166E-9	-3.24072E+1	-9.61160E-3	2.19569E-2
4.57969E+11	8.91827E-9	-3.23323E+1	-1.44371E-2	-1.93919E-2
4.58125E+11	6.47301E-9	-3.29100E+1	2.14764E-2	-7.10251E-3
4.58281E+11	5.58294E-9	-3.31964E+1	2.16321E-3	2.17795E-2
4.58437E+11	5.94394E-9	-3.25535E+1	-2.31767E-2	-4.27698E-3
4.58594E+11	7.63397E-9	-3.11118E+1	1.84562E-2	-2.08208E-2
4.58750E+11	8.48054E-9	-2.97925E+1	6.72321E-3	3.16819E-2
4.58906E+11	1.36382E-8	-2.92255E+1	-3.28431E-2	-1.07955E-2
4.59063E+11	1.45717E-8	-2.91683E+1	2.45280E-2	-2.46869E-2
4.59219E+11	2.24676E-8	-2.79062E+1	1.37335E-2	3.78269E-2
4.59375E+11	3.82542E-8	-2.56739E+1	-5.19050E-2	-3.69597E-3
4.59531E+11	5.36891E-8	-2.29695E+1	3.63308E-2	-6.10511E-2
4.59687E+11	8.10838E-8	-2.09735E+1	4.17006E-2	7.90752E-2
4.59844E+11	1.06677E-7	-1.92451E+1	-1.08809E-1	-7.68570E-3
4.60000E+11	1.74956E-7	-1.70404E+1	1.07604E-1	-9.04929E-2
4.60156E+11	3.74545E-7	-1.47701E+1	-3.90549E-2	1.78372E-1
4.60313E+11	7.14538E-7	-1.23653E+1	-1.13658E-1	-2.12339E-1
4.60469E+11	1.41628E-6	-1.01600E+1	2.99459E-1	8.18948E-2
4.60625E+11	2.46941E-6	-8.34444E+0	-3.42139E-1	1.71307E-1
4.60781E+11	2.77089E-6	-7.23296E+0	2.98487E-1	-3.16245E-1
4.60937E+11	2.94295E-6	-7.28020E+0	-2.61236E-1	3.44696E-1
4.61094E+11	1.56734E-6	-8.57560E+0	1.29776E-1	-3.49248E-1
4.61250E+11	1.30578E-6	-9.82375E+0	1.42748E-1	2.89421E-1
4.61406E+11	1.19150E-6	-1.03611E+1	-2.97455E-1	-5.95257E-2
4.61563E+11	1.05137E-6	-1.09617E+1	2.54926E-1	-1.23079E-1
4.61719E+11	7.64236E-7	-1.27895E+1	-1.85205E-1	1.35305E-1
4.61875E+11	3.32356E-7	-1.68300E+1	8.74422E-2	-1.14468E-1
4.62031E+11	1.56282E-7	-2.02895E+1	1.77994E-2	9.50705E-2
4.62187E+11	8.79275E-8	-2.29510E+1	-7.01499E-2	-1.21553E-2
4.62344E+11	5.67836E-8	-2.49025E+1	3.43214E-2	-4.53447E-2
4.62500E+11	3.23385E-8	-2.62815E+1	-2.82663E-3	4.84380E-2
4.62656E+11	2.20600E-8	-2.85029E+1	-6.34532E-3	-3.70317E-2
4.62813E+11	9.93646E-9	-3.03911E+1	1.75267E-2	2.46314E-2
4.62969E+11	5.44575E-9	-3.26406E+1	-2.31277E-2	3.08915E-3
4.63125E+11	3.78580E-9	-3.36454E+1	1.45051E-3	-2.07333E-2
4.63281E+11	2.86603E-9	-3.48288E+1	1.59783E-2	8.58093E-3
4.63437E+11	2.95373E-9	-3.50839E+1	-1.71803E-2	3.87487E-3
4.63594E+11	3.84964E-9	-3.45806E+1	1.47254E-2	-1.14654E-2
4.63750E+11	3.55184E-9	-3.49942E+1	-6.15790E-3	1.66952E-2
4.63906E+11	2.02789E-9	-3.67369E+1	-7.70151E-3	-1.23562E-2
4.64063E+11	1.30365E-9	-3.81081E+1	1.23620E-2	-1.33257E-3
4.64219E+11	1.24548E-9	-3.77316E+1	-6.81977E-3	1.10492E-2
4.64375E+11	1.53800E-9	-3.61911E+1	-4.00104E-3	-1.49788E-2
4.64531E+11	2.20049E-9	-3.37905E+1	1.86897E-2	8.27504E-3
4.64687E+11	2.45174E-9	-3.38043E+1	-1.86085E-2	8.37730E-3
4.64844E+11	2.47259E-9	-3.41388E+1	2.43701E-3	-1.94844E-2
4.65000E+11	2.86294E-9	-3.42731E+1	1.29765E-2	1.43337E-2
4.65156E+11	3.33382E-9	-3.38164E+1	-2.02587E-2	2.20912E-3
4.65313E+11	5.37855E-9	-3.22556E+1	3.37425E-3	-2.41560E-2
4.65469E+11	8.10504E-9	-2.95351E+1	3.19659E-2	9.54818E-3
4.65625E+11	1.49856E-8	-2.71621E+1	-2.64018E-2	3.50013E-2
4.65781E+11	2.02332E-8	-2.51407E+1	1.54726E-4	-5.53302E-2
4.65937E+11	2.97415E-8	-2.37101E+1	3.49221E-2	5.51025E-2
4.66094E+11	4.53695E-8	-2.23058E+1	-7.66665E-2	1.67603E-3
4.66250E+11	9.61032E-8	-1.90342E+1	1.55114E-2	-1.10679E-1
4.66406E+11	2.32141E-7	-1.57484E+1	1.43414E-1	7.77764E-2
4.66563E+11	5.48794E-7	-1.30591E+1	-2.21855E-1	1.48648E-2
4.66719E+11	7.50729E-7	-1.27383E+1	2.30333E-1	-1.33396E-2
4.66875E+11	2.94566E-7	-1.62763E+1	-1.39471E-1	6.41757E-2
4.67031E+11	9.52864E-8	-2.00781E+1	1.33994E-2	-9.81947E-2
4.67187E+11	5.17701E-8	-2.34265E+1	6.38444E-2	2.16101E-2
4.67344E+11	2.99700E-8	-2.55520E+1	-3.54677E-2	3.90754E-2
4.67500E+11	1.84579E-8	-2.76884E+1	-5.09176E-3	-4.09492E-2
4.67656E+11	1.06671E-8	-3.02583E+1	2.42607E-2	1.88065E-2
4.67813E+11	5.91285E-9	-3.28587E+1	-2.25297E-2	3.18962E-3
4.67969E+11	3.86511E-9	-3.63579E+1	6.67711E-3	-1.36651E-2
4.68125E+11	1.46067E-9	-4.00420E+1	5.84755E-3	8.05249E-3
4.68281E+11	1.41879E-9	-4.09061E+1	-8.94316E-3	1.09045E-3
4.68437E+11	1.11150E-9	-4.05670E+1	4.41941E-3	-8.26010E-3
4.68594E+11	1.10458E-9	-4.03951E+1	5.42578E-3	7.86538E-3
4.68750E+11	7.33500E-10	-4.05586E+1	-9.20218E-3	-1.80284E-3
4.68906E+11	4.58620E-10	-4.30608E+1	6.54966E-3	-2.55415E-3
4.69062E+11	2.84963E-10	-4.50439E+1	-1.82196E-3	5.29012E-3
4.69219E+11	2.99483E-10	-4.54086E+1	-3.54140E-3	-4.03007E-3
4.69375E+11	5.35279E-10	-4.41459E+1	5.37585E-3	-3.09777E-3
4.69531E+11	7.59565E-10	-4.24836E+1	1.79963E-3	7.29438E-3
4.69688E+11	7.70468E-10	-4.24184E+1	-7.26874E-3	-2.11342E-3
4.69844E+11	5.96320E-10	-4.20457E+1	6.58450E-3	-4.36809E-3
4.70000E+11	4.67175E-10	-4.27749E+1	-9.44252E-4	7.20374E-3
4.70156E+11	4.39400E-10	-4.32447E+1	-6.52445E-3	-2.19188E-3
4.70312E+11	7.10509E-10	-4.13416E+1	2.31004E-3	-8.25155E-3
4.70469E+11	1.10060E-9	-3.89494E+1	9.51557E-3	6.06821E-3
4.70625E+11	1.69188E-9	-3.71650E+1	-1.24955E-2	5.99589E-3
4.70781E+11	2.64267E-9	-3.59116E+1	3.31027E-3	-1.56652E-2
4.70938E+11	3.42856E-9	-3.51438E+1	1.42328E-2	1.01664E-2
4.71094E+11	2.95127E-9	-3.53230E+1	-1.41240E-2	9.69910E-3
4.71250E+11	4.84703E-9	-3.33118E+1	-3.16309E-3	-2.13650E-2
4.71406E+11	9.70627E-9	-2.94559E+1	2.12261E-2	2.61330E-2
4.71562E+11	2.09890E-8	-2.61735E+1	-4.79626E-2	-1.06338E-2
4.71719E+11	3.68308E-8	-2.31530E+1	5.03355E-2	-4.80075E-2
4.71875E+11	6.67872E-8	-2.09601E+1	3.18119E-2	8.36939E-2
4.72031E+11	1.33358E-7	-1.74924E+1	-1.21270E-1	-5.57441E-2
4.72188E+11	2.73217E-7	-1.54385E+1	1.63679E-1	4.23696E-2
4.72344E+11	5.50798E-7	-1.26430E+1	-2.33224E-1	-4.33528E-3
4.72500E+11	8.63981E-7	-1.19492E+1	2.11666E-1	-1.37971E-1
4.72656E+11	7.40703E-7	-1.27349E+1	2.88839E-2	2.28995E-1
4.72812E+11	5.20254E-7	-1.40007E+1	-1.79173E-1	-8.77572E-2
4.72969E+11	3.18704E-7	-1.56066E+1	1.65819E-1	-2.09680E-3
4.73125E+11	1.11980E-7	-1.92105E+1	-1.06763E-1	2.43967E-2
4.73281E+11	6.22699E-8	-2.20787E+1	3.25508E-2	-7.16709E-2
4.73438E+11	3.90139E-8	-2.40475E+1	4.72368E-2	4.13096E-2
4.73594E+11	2.05570E-8	-2.70104E+1	-3.50771E-2	2.75697E-2
4.73750E+11	1.08718E-8	-2.98629E+1	-4.04345E-3	-3.18705E-2
4.73906E+11	7.38251E-9	-3.24181E+1	1.65135E-2	1.73308E-2
4.74062E+11	4.99698E-9	-3.41206E+1	-1.95054E-2	-2.59681E-3
4.74219E+11	3.03259E-9	-3.51068E+1	1.12067E-2	-1.35260E-2
4.74375E+11	2.95574E-9	-3.46157E+1	7.43197E-3	1.70367E-2
4.74531E+11	1.79957E-9	-3.57897E+1	-1.58749E-2	-3.41168E-3
4.74688E+11	1.25956E-9	-3.73820E+1	1.06077E-2	-8.37877E-3
4.74844E+11	9.91700E-10	-3.90958E+1	7.72201E-4	1.10702E-2
4.75000E+11	1.29672E-9	-3.86015E+1	-1.09600E-2	-4.22717E-3
4.75156E+11	1.29541E-9	-3.87711E+1	9.40949E-3	-6.64590E-3
4.75312E+11	1.88844E-9	-3.81843E+1	-1.47597E-3	1.22362E-2
4.75469E+11	2.08118E-9	-3.73982E+1	-6.61881E-3	-1.17574E-2
4.75625E+11	1.73651E-9	-3.78483E+1	1.24815E-2	2.88719E-3
4.75781E+11	1.42440E-9	-3.82490E+1	-4.95095E-3	1.11869E-2
4.75938E+11	1.75735E-9	-3.74417E+1	-9.48562E-3	-9.50030E-3
4.76094E+11	1.82493E-9	-3.68243E+1	1.38214E-2	-4.09030E-3
4.76250E+11	2.21816E-9	-3.50184E+1	-5.81976E-3	1.67638E-2
4.76406E+11	3.73371E-9	-3.29172E+1	-9.96378E-3	-2.02870E-2
4.76562E+11	5.09521E-9	-3.21746E+1	2.45466E-2	1.88418E-3
4.76719E+11	4.56133E-9	-3.26822E+1	-8.33223E-3	2.16750E-2
4.76875E+11	6.47172E-9	-3.12683E+1	-2.37562E-2	-1.35048E-2
4.77031E+11	1.33677E-8	-2.86699E+1	3.04324E-2	-2.07896E-2
4.77188E+11	2.28083E-8	-2.57203E+1	-1.26130E-3	5.17437E-2
4.77344E+11	3.29187E-8	-2.30756E+1	-5.24424E-2	-4.66393E-2
4.77500E+11	6.05124E-8	-2.06238E+1	9.04407E-2	-2.19639E-2
4.77656E+11	1.02577E-7	-1.84540E+1	-5.47016E-2	1.06223E-1
4.77812E+11	1.33265E-7	-1.65878E+1	-5.56738E-2	-1.37258E-1
4.77969E+11	4.08017E-7	-1.33023E+1	1.78196E-1	1.22452E-1
4.78125E+11	5.05912E-7	-1.21672E+1	-2.43791E-1	-3.57596E-2
4.78281E+11	6.76621E-7	-1.21450E+1	2.16122E-1	-1.19648E-1
4.78438E+11	5.43599E-7	-1.24698E+1	-8.80675E-2	2.21067E-1
4.78594E+11	3.67854E-7	-1.36021E+1	-4.14475E-2	-2.04726E-1
4.78750E+11	1.30765E-7	-1.66276E+1	1.16757E-1	9.00377E-2
4.78906E+11	5.73539E-8	-1.84360E+1	-1.16587E-1	2.72471E-2
4.79062E+11	3.63216E-8	-2.06801E+1	4.47521E-2	-8.09175E-2
4.79219E+11	1.73721E-8	-2.33846E+1	2.28715E-2	6.37500E-2
4.79375E+11	1.02033E-8	-2.68455E+1	-4.10309E-2	-1.95953E-2
4.79531E+11	5.28133E-9	-2.97261E+1	2.91457E-2	-1.46844E-2
4.79688E+11	2.61477E-9	-3.26343E+1	-2.85128E-3	2.31751E-2
4.79844E+11	1.55427E-9	-3.49375E+1	-1.54524E-2	-9.05754E-3
4.80000E+11	1.49774E-9	-3.47255E+1	1.66494E-2	-7.72388E-3
4.80156E+11	1.19088E-9	-3.58148E+1	-6.97360E-3	1.46116E-2
4.80312E+11	3.82394E-10	-3.88241E+1	-3.96889E-3	-1.07399E-2
4.80469E+11	3.69490E-10	-4.02818E+1	9.57147E-3	1.45025E-3
4.80625E+11	2.84213E-10	-4.10330E+1	-5.78191E-3	6.73809E-3
4.80781E+11	2.23908E-10	-4.17834E+1	-3.34442E-3	-7.42546E-3
4.80938E+11	2.22219E-10	-4.15106E+1	8.39531E-3	-3.74769E-4
4.81094E+11	2.46324E-10	-4.12889E+1	-5.64458E-3	6.51614E-3
4.81250E+11	2.63962E-10	-4.07167E+1	-2.48955E-3	-8.86504E-3
4.81406E+11	2.21719E-10	-4.14412E+1	7.89360E-3	3.07429E-3
4.81562E+11	2.00225E-10	-4.22411E+1	-6.48561E-3	4.19823E-3
4.81719E+11	1.67393E-10	-4.26544E+1	-2.15654E-3	-7.04409E-3
4.81875E+11	1.37517E-10	-4.18866E+1	7.98554E-3	-9.98156E-4
4.82031E+11	2.86429E-10	-3.89787E+1	-4.36607E-3	1.03658E-2
4.82188E+11	2.31256E-10	-3.91776E+1	-4.60481E-3	-9.98215E-3
4.82344E+11	3.50214E-10	-3.80313E+1	1.22736E-2	2.59033E-3
4.82500E+11	3.94539E-10	-3.86393E+1	-6.35501E-3	9.81875E-3
4.82656E+11	8.34774E-10	-3.62310E+1	-6.68511E-3	-1.39100E-2
4.82812E+11	1.01246E-9	-3.56542E+1	1.64788E-2	6.75790E-4
4.82969E+11	2.25485E-9	-3.20524E+1	-1.71138E-2	1.81797E-2
4.83125E+11	2.66153E-9	-3.00197E+1	3.48054E-4	-3.15491E-2
4.83281E+11	4.43547E-9	-2.82774E+1	2.86602E-2	2.57955E-2
4.83438E+11	8.42566E-9	-2.53307E+1	-5.41259E-2	9.02722E-4
4.83594E+11	2.44642E-8	-2.15297E+1	7.27726E-2	-4.16579E-2
4.83750E+11	4.05741E-8	-1.96801E+1	-7.39949E-2	7.27266E-2
4.83906E+11	8.73603E-8	-1.78272E+1	2.30114E-2	-1.26344E-1
4.84062E+11	1.03773E-7	-1.68535E+1	4.28617E-2	1.37114E-1
4.84219E+11	7.48562E-8	-1.82868E+1	-8.43345E-2	-8.78846E-2
4.84375E+11	4.00617E-8	-2.02892E+1	8.51830E-2	4.58217E-2
4.84531E+11	1.92146E-8	-2.40370E+1	-6.17541E-2	-1.15630E-2
4.84688E+11	1.12660E-8	-2.55136E+1	5.08194E-2	-1.50654E-2
4.84844E+11	6.02656E-9	-2.88675E+1	-1.58486E-2	3.23534E-2
4.85000E+11	3.58280E-9	-3.11820E+1	-1.62581E-2	-2.23026E-2
4.85156E+11	2.35321E-9	-3.41877E+1	1.95252E-2	1.97530E-4
4.85312E+11	1.38861E-9	-3.71344E+1	-9.96323E-3	9.70474E-3
4.85469E+11	9.58161E-10	-3.87310E+1	5.55022E-5	-1.15729E-2
4.85625E+11	1.10626E-9	-3.81115E+1	7.52350E-3	9.89285E-3
4.85781E+11	8.10759E-10	-3.97522E+1	-1.00352E-2	-2.27284E-3
4.85938E+11	3.58960E-10	-4.31889E+1	4.55165E-3	-5.22184E-3
4.86094E+11	3.08345E-10	-4.41327E+1	2.19928E-3	5.81169E-3
4.86250E+11	2.04690E-10	-4.51941E+1	-5.43459E-3	-8.39992E-4
4.86406E+11	2.40964E-10	-4.42916E+1	-5.81877E-3	1.83508E-3
4.86562E+11	3.67411E-10	-4.22996E+1	2.41592E-3	-7.28376E-3
4.86719E+11	3.07229E-10	-4.26332E+1	2.97677E-3	6.75833E-3
4.86875E+11	2.81613E-10	-4.32205E+1	-6.80573E-3	-1.14878E-3
4.87031E+11	3.04432E-10	-4.30989E+1	3.41511E-3	-6.10959E-3
4.87188E+11	2.77046E-10	-4.25737E+1	5.74165E-3	4.72455E-3
4.87344E+11	2.52626E-10	-4.22232E+1	-6.73276E-3	3.82162E-3
4.87500E+11	2.68085E-10	-4.14566E+1	-1.09279E-3	-8.38518E-3
4.87656E+11	4.47682E-10	-3.77369E+1	1.12100E-2	6.53618E-3
4.87812E+11	4.00809E-10	-3.80390E+1	-1.13434E-2	5.32911E-3
4.87969E+11	3.99481E-10	-3.80222E+1	-1.75662E-3	-1.24337E-2
4.88125E+11	5.42222E-10	-3.76896E+1	1.30075E-2	1.01724E-3
4.88281E+11	6.91843E-10	-3.66410E+1	-3.64196E-3	1.42638E-2
4.88438E+11	1.66100E-9	-3.29437E+1	-1.70345E-2	-1.47497E-2
4.88594E+11	4.63019E-9	-2.87285E+1	3.64386E-2	-3.51683E-3
4.88750E+11	5.19564E-9	-2.75753E+1	-2.83763E-2	3.06999E-2
4.88906E+11	5.53143E-9	-2.68608E+1	-1.84528E-2	-4.14696E-2
4.89062E+11	8.43731E-9	-2.46235E+1	5.86117E-2	3.65096E-3
4.89219E+11	1.91981E-8	-2.12599E+1	-5.02357E-2	7.04151E-2
4.89375E+11	6.09838E-8	-1.68782E+1	-1.40717E-2	-1.42556E-1
4.89531E+11	1.08407E-7	-1.45901E+1	1.10739E-1	1.49966E-1
4.89688E+11	1.54141E-7	-1.30622E+1	-1.95226E-1	-1.06266E-1
4.89844E+11	1.29422E-7	-1.44164E+1	1.85836E-1	4.04441E-2
4.90000E+11	1.13160E-7	-1.55413E+1	-1.62642E-1	3.82698E-2
4.90156E+11	7.44131E-8	-1.65858E+1	1.06858E-1	-1.02619E-1
4.90312E+11	4.80369E-8	-1.83870E+1	-1.04728E-2	1.19951E-1
4.90469E+11	4.17489E-8	-1.93380E+1	-8.20130E-2	-7.01465E-2
4.90625E+11	2.61573E-8	-2.11356E+1	8.69167E-2	1.20227E-2
4.90781E+11	7.31459E-9	-2.59965E+1	-4.47877E-2	2.25378E-2
4.90938E+11	5.30743E-9	-2.83971E+1	1.62688E-2	-3.43763E-2
4.91094E+11	2.95967E-9	-3.04897E+1	1.36461E-2	2.65922E-2
4.91250E+11	2.41579E-9	-3.16091E+1	-2.60149E-2	3.68834E-3
4.91406E+11	3.67186E-9	-3.12232E+1	6.79610E-3	-2.66149E-2
4.91563E+11	2.51319E-9	-3.27557E+1	1.23309E-2	1.94459E-2
4.91719E+11	7.95938E-10	-3.71890E+1	-1.37277E-2	-1.60593E-3
4.91875E+11	6.27480E-10	-3.74173E+1	6.20088E-3	-1.19498E-2
4.92031E+11	4.93565E-10	-3.82800E+1	7.55133E-3	9.56927E-3
4.92187E+11	6.93934E-10	-3.68842E+1	-1.38882E-2	3.46966E-3
4.92344E+11	6.69809E-10	-3.66254E+1	4.97078E-3	-1.38850E-2
4.92500E+11	8.33978E-10	-3.69955E+1	6.47381E-3	1.25627E-2
4.92656E+11	5.58362E-10	-3.93181E+1	-1.07475E-2	-1.22105E-3
4.92813E+11	3.74023E-10	-4.08797E+1	2.04180E-3	-8.80307E-3
4.92969E+11	7.13353E-10	-3.82327E+1	9.45068E-3	7.80414E-3
4.93125E+11	9.21075E-10	-3.72510E+1	-1.33015E-2	3.37502E-3
4.93281E+11	1.03016E-9	-3.57204E+1	5.98807E-3	-1.52327E-2
4.93437E+11	2.07433E-9	-3.35506E+1	1.80657E-2	1.07303E-2
4.93594E+11	1.05548E-9	-3.66420E+1	-1.38702E-2	4.92853E-3
4.93750E+11	5.50266E-10	-3.93538E+1	-3.96548E-3	-1.00159E-2
4.93906E+11	1.09578E-9	-3.70429E+1	1.37621E-2	-2.85836E-3
4.94063E+11	2.20482E-9	-3.44487E+1	-2.96298E-3	1.87149E-2
4.94219E+11	6.17768E-9	-2.99039E+1	-1.86278E-2	-2.59880E-2
4.94375E+11	1.18595E-8	-2.67357E+1	4.42596E-2	1.27096E-2
4.94531E+11	7.72558E-9	-2.83598E+1	-3.67909E-2	1.02616E-2
4.94687E+11	3.88580E-9	-3.10388E+1	4.05987E-3	-2.77630E-2
4.94844E+11	4.25547E-9	-3.01044E+1	2.89481E-2	1.17580E-2
4.95000E+11	2.17102E-8	-2.33090E+1	-5.44141E-2	4.13132E-2
4.95156E+11	5.63684E-8	-1.85833E+1	4.32364E-2	-1.09488E-1
4.95313E+11	6.58592E-8	-1.73510E+1	4.54419E-2	1.27823E-1
4.95469E+11	7.48676E-8	-1.80547E+1	-8.45211E-2	-9.22311E-2
4.95625E+11	2.03735E-8	-2.32644E+1	6.10852E-2	3.13764E-2
4.95781E+11	2.72595E-9	-3.24292E+1	-2.18536E-2	9.69544E-3
4.95937E+11	4.72029E-9	-2.85717E+1	3.69166E-3	-3.70916E-2
4.96094E+11	8.13130E-9	-2.63397E+1	3.47021E-2	3.34460E-2
4.96250E+11	6.86996E-9	-2.50165E+1	-5.59744E-2	-4.14222E-3
4.96406E+11	4.02405E-9	-2.69089E+1	4.35397E-2	-1.19112E-2
4.96563E+11	4.30412E-10	-3.67757E+1	-1.06564E-2	9.82557E-3
4.96719E+11	1.10620E-10	-4.33138E+1	-2.26136E-3	-6.44293E-3
4.96875E+11	5.60972E-11	-4.61086E+1	4.94287E-3	-2.58172E-4
4.97031E+11	1.64923E-10	-4.11082E+1	2.20777E-4	8.79941E-3
4.97187E+11	6.53449E-10	-3.70838E+1	-1.45575E-5	-1.39898E-2
4.97344E+11	4.27310E-10	-3.78388E+1	2.57107E-3	1.25647E-2
4.97500E+11	1.49288E-10	-4.15260E+1	-3.89962E-3	-7.42727E-3
4.97656E+11	3.98870E-11	-4.72563E+1	4.32482E-3	-3.24262E-4
4.97813E+11	1.68119E-11	-5.17636E+1	-2.10711E-3	1.49083E-3
4.97969E+11	9.55332E-12	-5.33684E+1	-1.61417E-3	-1.41375E-3
4.98125E+11	1.01566E-10	-4.42213E+1	5.62407E-3	-2.49048E-3
4.98281E+11	1.60203E-10	-4.30022E+1	-5.78740E-3	4.07419E-3
4.98437E+11	1.32494E-10	-4.36863E+1	3.55661E-3	-5.49030E-3
4.98594E+11	4.98238E-11	-4.83435E+1	3.01030E-4	3.81486E-3
4.98750E+11	4.29755E-11	-4.97110E+1	-3.21518E-3	-5.92172E-4
4.98906E+11	3.39058E-11	-4.91527E+1	2.84145E-3	-2.01999E-3
4.99063E+11	1.34065E-10	-4.46761E+1	4.05294E-3	4.20062E-3
4.99219E+11	2.29579E-10	-4.09739E+1	-8.31618E-3	-3.27919E-3
4.99375E+11	3.31226E-10	-4.05700E+1	9.29435E-3	-1.14694E-3
4.99531E+11	1.31227E-10	-4.32356E+1	-4.39086E-3	5.30968E-3
4.99687E+11	1.50601E-10	-4.29696E+1	-2.96124E-3	-6.45766E-3
4.99844E+11	2.07521E-10	-4.16001E+1	7.50845E-3	3.57841E-3
5.00000E+11	3.26336E-10	-3.96985E+1	-2.96138E-3	9.92066E-3
5.00156E+11	2.16636E-9	-3.20032E+1	-7.33063E-3	-2.40157E-2
5.00313E+11	2.58007E-9	-3.01759E+1	2.31753E-2	2.05721E-2
5.00469E+11	2.24614E-9	-2.97730E+1	-3.16082E-2	-7.38853E-3
5.00625E+11	1.89266E-9	-3.04462E+1	2.19583E-2	-2.04984E-2
5.00781E+11	1.60725E-9	-3.06128E+1	-5.64801E-3	2.89223E-2
5.00937E+11	1.14089E-9	-3.11274E+1	-2.38210E-2	-1.42803E-2
5.01094E+11	3.99412E-9	-2.68204E+1	4.46715E-2	-9.16261E-3
5.01250E+11	4.60524E-9	-2.67213E+1	-3.70795E-2	2.74342E-2
5.01406E+11	2.17388E-9	-2.95166E+1	5.54950E-3	-3.29688E-2
5.01563E+11	8.87100E-10	-3.45603E+1	1.53223E-2	1.07309E-2
5.01719E+11	5.01727E-10	-3.64240E+1	-1.24266E-2	8.56771E-3
5.01875E+11	2.89405E-10	-3.86194E+1	-6.14965E-4	-1.17066E-2
5.02031E+11	2.42671E-10	-3.84907E+1	1.14297E-2	3.30421E-3
5.02187E+11	2.84055E-10	-3.78709E+1	-1.07500E-2	6.90710E-3
5.02344E+11	2.82583E-10	-3.95559E+1	-4.29057E-4	-1.05158E-2
5.02500E+11	1.19820E-10	-4.40929E+1	5.99610E-3	1.73642E-3
5.02656E+11	1.52106E-10	-4.36530E+1	1.43176E-4	6.56518E-3
5.02813E+11	1.02371E-10	-4.53653E+1	-4.85929E-3	-2.33647E-3
5.02969E+11	9.01768E-11	-4.59950E+1	3.75816E-3	-3.32020E-3
5.03125E+11	1.20095E-10	-4.42561E+1	1.23286E-3	6.00095E-3
5.03281E+11	1.65639E-10	-4.27594E+1	-6.82896E-3	-2.51777E-3
5.03437E+11	1.26300E-10	-4.51787E+1	4.85406E-3	-2.60507E-3
5.03594E+11	1.21791E-10	-4.63604E+1	1.37350E-3	4.60780E-3
5.03750E+11	1.28159E-10	-4.60399E+1	-4.94986E-3	6.23093E-4
5.03906E+11	1.45965E-10	-4.59061E+1	-4.62958E-4	-5.04513E-3
5.04063E+11	2.17841E-10	-4.40530E+1	6.20904E-3	8.80550E-4
5.04219E+11	3.00029E-10	-4.27240E+1	-4.88229E-3	5.43784E-3
5.04375E+11	3.27547E-10	-4.22962E+1	-2.06952E-4	-7.67422E-3
5.04531E+11	2.71633E-10	-4.32214E+1	5.26830E-3	4.45791E-3
5.04687E+11	4.35496E-10	-4.10752E+1	-8.27802E-3	3.08915E-3
5.04844E+11	5.01150E-10	-4.03503E+1	3.50612E-3	-8.94193E-3
5.05000E+11	4.07670E-10	-3.99176E+1	4.89061E-3	8.83162E-3
5.05156E+11	7.15302E-10	-3.72970E+1	-1.34305E-2	-2.44141E-3
5.05313E+11	1.03667E-9	-3.43956E+1	1.51831E-2	-1.15292E-2
5.05469E+11	1.66127E-9	-3.35132E+1	-6.72452E-3	2.00027E-2
5.05625E+11	3.84549E-9	-3.06234E+1	-2.00528E-2	-2.15445E-2
5.05781E+11	4.27537E-9	-3.01312E+1	3.06294E-2	5.66344E-3
5.05937E+11	5.16213E-9	-2.96667E+1	-3.11685E-2	1.04067E-2
5.06094E+11	4.40280E-9	-2.90861E+1	2.68485E-2	-2.26576E-2
5.06250E+11	5.13643E-9	-2.78907E+1	-9.52845E-3	3.91726E-2
5.06406E+11	5.09123E-9	-2.73034E+1	-2.12324E-2	-3.75473E-2
5.06563E+11	3.73129E-9	-2.80727E+1	3.94770E-2	-3.86167E-4
5.06719E+11	3.56478E-9	-2.79242E+1	-2.56399E-2	3.09093E-2
5.06875E+11	2.54710E-9	-2.99537E+1	-6.40259E-3	-3.11405E-2
5.07031E+11	1.99315E-9	-3.21804E+1	2.09381E-2	1.29180E-2
5.07187E+11	1.13402E-9	-3.32082E+1	-2.00324E-2	8.74257E-3
5.07344E+11	1.13486E-9	-3.34442E+1	4.20865E-3	-2.08505E-2
5.07500E+11	9.32794E-10	-3.35179E+1	1.59249E-2	1.38292E-2
5.07656E+11	8.87207E-10	-3.26167E+1	-2.16804E-2	8.79737E-3
5.07813E+11	5.77704E-10	-3.41154E+1	6.72784E-3	-1.85043E-2
5.07969E+11	3.63643E-10	-3.66125E+1	1.35674E-2	5.83729E-3
5.08125E+11	2.57674E-10	-3.76993E+1	-5.08687E-3	1.19990E-2
5.08281E+11	3.67305E-10	-3.67518E+1	-1.19911E-2	-8.21444E-3
5.08437E+11	4.12533E-10	-3.69884E+1	1.12245E-2	-8.60645E-3
5.08594E+11	4.02757E-10	-3.58500E+1	5.87650E-3	1.50160E-2
5.08750E+11	5.26547E-10	-3.48841E+1	-1.79045E-2	-2.05116E-3
5.08906E+11	4.19083E-10	-3.67804E+1	7.61837E-3	-1.23222E-2
5.09063E+11	6.53852E-11	-3.67331E+1	1.13608E-2	9.11611E-3
5.09219E+11	3.83211E-10	-3.62896E+1	-1.17240E-2	9.87573E-3
5.09375E+11	4.64936E-10	-3.60564E+1	-4.15345E-3	-1.51887E-2
5.09531E+11	5.53948E-10	-3.44355E+1	1.81069E-2	5.68024E-3
5.09687E+11	8.70164E-10	-3.20577E+1	-1.87706E-2	1.64404E-2
5.09844E+11	7.61756E-10	-3.24401E+1	6.31179E-4	-2.38695E-2
5.10000E+11	8.91233E-10	-3.18443E+1	2.45084E-2	7.30210E-3
5.10156E+11	1.94304E-9	-2.87804E+1	-2.48493E-2	2.65841E-2
5.10313E+11	2.97622E-9	-2.71510E+1	-1.12891E-2	-4.24219E-2
5.10469E+11	2.81790E-9	-2.67871E+1	4.45431E-2	1.05569E-2
5.10625E+11	5.49102E-9	-2.30779E+1	-6.39288E-2	2.89115E-2
5.10781E+11	3.04608E-9	-2.32007E+1	4.17100E-2	-5.51889E-2
5.10937E+11	3.13325E-9	-2.09786E+1	3.57848E-2	8.18658E-2
5.11094E+11	5.40954E-9	-1.77496E+1	-1.25204E-1	-3.33670E-2
5.11250E+11	7.06084E-9	-1.53988E+1	1.62202E-1	-5.03846E-2
5.11406E+11	6.93116E-9	-1.54073E+1	-1.11220E-1	1.28147E-1
5.11563E+11	5.26348E-9	-1.51334E+1	-1.56147E-2	-1.74420E-1
5.11719E+11	3.55584E-9	-1.47545E+1	9.99481E-2	1.53206E-1
5.11875E+11	1.23427E-9	-1.72225E+1	-1.21270E-1	-6.51892E-2
5.12031E+11	1.47490E-9	-1.46865E+1	1.54476E-1	-1.00635E-1
5.12187E+11	1.71718E-9	-1.19066E+1	-1.42450E-1	2.10179E-1
5.12344E+11	8.04741E-10	-1.30175E+1	6.43100E-2	-2.13965E-1
5.12500E+11	6.37598E-10	-1.35297E+1	8.89498E-2	1.90924E-1
5.12656E+11	5.18015E-10	-1.36605E+1	-1.85427E-1	-9.30802E-2
5.12813E+11	1.53839E-10	-1.82181E+1	1.10634E-1	-5.32234E-2
5.12969E+11	1.73710E-10	-1.73378E+1	4.97407E-2	1.26433E-1
5.13125E+11	2.18392E-10	-1.52320E+1	-1.50442E-1	-8.57031E-2
5.13281E+11	3.01349E-10	-1.26742E+1	2.26977E-1	5.00438E-2
5.13437E+11	1.54512E-10	-1.59275E+1	-1.39974E-1	7.71312E-2
5.13594E+11	1.35652E-10	-1.61009E+1	4.97814E-2	-1.48540E-1
5.13750E+11	4.82481E-11	-2.14756E+1	4.75212E-2	6.97216E-2
5.13906E+11	4.49784E-11	-2.11617E+1	-5.95142E-2	6.41171E-2
5.14063E+11	4.31903E-11	-2.10948E+1	-8.19905E-2	-3.23926E-2
5.14219E+11	7.03440E-11	-1.62085E+1	1.29416E-1	-8.48109E-2
5.14375E+11	5.77422E-11	-1.50444E+1	1.81221E-3	1.76912E-1
5.14531E+11	4.35175E-11	-1.25276E+1	-1.07163E-1	-2.10700E-1
5.14688E+11	3.00815E-11	-1.10112E+1	2.76795E-1	5.11090E-2
5.14844E+11	8.59378E-12	-1.26863E+1	-1.78293E-1	1.48607E-1
5.15000E+11	2.08480E-11	-5.45267E+0	-2.99608E-1	-4.41771E-1
5.15156E+11	4.51542E-11	5.08659E-1	1.04567E+0	1.75581E-1
5.15312E+11	2.29025E-11	2.58107E+0	-1.17570E+0	6.55369E-1
5.15469E+11	2.86656E-11	1.40770E+1	3.80267E-1	-5.04219E+0
5.15625E+11	2.07600E-11	5.65086E+0	1.13724E+0	1.54280E+0
5.15781E+11	1.08290E-11	3.10736E+0	-1.33533E+0	-5.11945E-1
5.15938E+11	2.50767E-11	8.44986E+0	2.06091E+0	-1.65856E+0
5.16094E+11	4.07332E-11	1.19512E+1	1.99536E+0	3.41912E+0
5.16250E+11	4.13841E-11	9.60855E+0	3.70656E-1	-3.00012E+0
5.16406E+11	1.49295E-11	7.59353E+0	2.30978E+0	6.40881E-1
5.16562E+11	1.55447E-11	1.05151E+1	-1.70692E+0	-2.88888E+0
5.16719E+11	7.10915E-12	5.19569E+0	7.24622E-1	-1.66822E+0
5.16875E+11	4.81572E-13	-2.95265E+0	-3.41345E-1	-6.24632E-1
5.17031E+11	2.82445E-12	1.88643E+0	-1.08331E+0	6.08631E-1
5.17188E+11	1.31477E-12	-5.69510E+0	3.56725E-1	-3.77101E-1
5.17344E+11	5.72996E-13	-6.44438E+0	-4.70517E-1	-7.32886E-2
5.17500E+11	5.69145E-13	-5.37733E+0	-7.62352E-2	-5.33011E-1
5.17656E+11	1.94098E-13	-1.41341E+1	-1.65234E-1	1.06294E-1
5.17812E+11	8.75521E-13	-6.39754E+0	3.72224E-1	-3.01107E-1
5.17969E+11	2.25406E-12	-6.34627E-1	2.99678E-1	-8.79909E-1
5.18125E+11	2.04412E-12	-7.61546E+0	3.78430E-1	1.73071E-1
5.18281E+11	1.32140E-13	-1.71922E+1	-5.28091E-2	1.27673E-1
5.18438E+11	2.56649E-12	-4.54428E-2	-9.91232E-1	-8.39608E-2
5.18594E+11	6.80361E-13	-1.47311E+1	1.81623E-1	2.56144E-2
5.18750E+11	2.91346E-13	-1.92956E+1	-8.50157E-2	-6.73301E-2
5.18906E+11	5.93746E-13	-2.17257E+1	6.34972E-2	-5.18562E-2
5.19062E+11	9.22258E-13	-2.23264E+1	4.99895E-2	-5.79122E-2
5.19219E+11	9.74562E-13	-2.50916E+1	4.98115E-3	5.54208E-2
5.19375E+11	4.00931E-14	-4.16979E+1	6.69809E-3	4.77250E-3
5.19531E+11	1.27223E-13	-3.88774E+1	1.02061E-2	-5.03305E-3
5.19688E+11	1.53117E-14	-5.00885E+1	3.13013E-3	-2.35336E-5
5.19844E+11	1.18767E-13	-4.25895E+1	2.16268E-3	-7.10004E-3
5.20000E+11	1.56553E-12	-3.06687E+1	2.04835E-2	-2.09216E-2
