Position	Channel 1	Channel 2	Channel 3	Channel 4
2.70000E+11	1.02378E-13	1.94146E+0	7.54077E-1	9.97517E-1
2.70156E+11	8.48978E-13	-3.15334E-1	6.29656E-1	-7.30409E-1
2.70313E+11	3.51181E-13	-1.14173E+1	-2.33272E-1	1.33192E-1
2.70469E+11	1.36469E-13	-1.23434E+1	1.69041E-1	1.72406E-1
2.70625E+11	9.32160E-14	-9.92770E+0	-2.71992E-1	-1.66430E-1
2.70781E+11	1.86788E-15	-2.40425E+1	-1.80851E-2	6.01268E-2
2.70938E+11	8.68983E-13	-7.48290E+0	2.99522E-1	2.98021E-1
2.71094E+11	1.27992E-12	-2.73168E+0	-1.41730E-1	7.16269E-1
2.71250E+11	1.11934E-12	-1.97038E+0	-4.34227E-1	6.68373E-1
2.71406E+11	1.84831E-12	4.16786E+0	1.01098E+0	-1.26047E+0
2.71563E+11	3.56174E-14	-1.30224E+1	-2.22853E-1	1.40420E-2
2.71719E+11	3.43505E-12	8.70916E+0	-2.61544E+0	7.66964E-1
2.71875E+11	2.36969E-12	-1.16401E+0	-3.85865E-1	7.84856E-1
2.72031E+11	1.20980E-12	-4.46007E+0	2.77072E-1	5.30398E-1
2.72188E+11	3.16251E-12	5.11773E+0	3.30336E-1	-1.77202E+0
2.72344E+11	2.82476E-12	1.24832E+0	6.57585E-1	9.48993E-1
2.72500E+11	1.78862E-12	-6.78068E+0	2.57793E-1	-3.78687E-1
2.72656E+11	1.70458E-12	3.66308E+0	5.39047E-1	1.42612E+0
2.72813E+11	9.57099E-13	-4.29828E-1	-4.75724E-1	-8.24291E-1
2.72969E+11	2.62296E-13	-1.30246E+1	1.36258E-1	1.76833E-1
2.73125E+11	1.47504E-12	7.60139E+0	2.36547E+0	-4.00997E-1
2.73281E+11	7.05164E-13	-3.08004E+0	-4.88035E-1	-5.03842E-1
2.73438E+11	2.47794E-12	1.22803E+1	-3.08712E+0	2.71578E+0
2.73594E+11	6.79013E-14	-1.47973E+1	-2.64842E-2	1.80090E-1
2.73750E+11	3.51940E-12	6.53874E+0	2.10251E+0	2.93823E-1
2.73906E+11	4.56380E-13	3.88408E+0	1.77988E-1	1.55372E+0
2.74063E+11	2.75250E-13	-2.01184E+0	-4.77576E-1	-6.33373E-1
2.74219E+11	1.98941E-13	-9.08387E+0	2.96385E-1	1.88787E-1
2.74375E+11	7.04771E-13	3.32393E+0	3.53044E-2	1.46579E+0
2.74531E+11	3.68303E-13	-7.14268E+0	-1.90660E-1	3.95887E-1
2.74687E+11	4.32349E-13	-4.19303E+0	-5.62785E-1	2.53126E-1
2.74844E+11	1.24248E-12	-5.34711E-1	-9.34888E-1	1.00704E-1
2.75000E+11	8.01088E-13	-3.10497E+0	5.24045E-1	-4.63244E-1
2.75156E+11	4.26485E-13	-4.17998E+0	5.52886E-1	-2.76158E-1
2.75313E+11	1.65406E-13	-9.71558E+0	-2.29754E-1	2.32339E-1
2.75469E+11	8.64848E-13	-5.94848E+0	3.25498E-1	3.85015E-1
2.75625E+11	1.25340E-13	6.94223E+0	2.02879E+0	9.10847E-1
2.75781E+11	8.01069E-13	2.87314E+0	-1.12797E+0	8.15780E-1
2.75937E+11	3.04984E-12	3.97496E+0	1.57228E+0	-1.59271E-1
2.76094E+11	1.49504E-12	-4.13293E-1	8.54582E-1	-4.22982E-1
2.76250E+11	4.83062E-14	-8.46755E+0	-4.60673E-2	-3.74421E-1
2.76406E+11	3.09536E-13	-3.72939E+0	6.49921E-1	-3.61395E-2
2.76563E+11	6.36570E-14	-1.11493E+1	2.60583E-1	-9.40473E-2
2.76719E+11	1.52549E-13	-5.35581E+0	-2.50191E-1	4.78285E-1
2.76875E+11	3.14322E-12	1.14138E+1	-1.04723E+0	3.57085E+0
2.77031E+11	2.22208E-12	1.04777E+1	3.32696E+0	3.06786E-1
2.77187E+11	3.92069E-13	5.94835E+0	-4.16694E-1	1.93917E+0
2.77344E+11	2.43470E-12	1.80950E+0	1.18796E+0	3.25016E-1
2.77500E+11	2.39353E-13	-3.48935E+0	-4.88347E-1	4.57491E-1
2.77656E+11	1.27000E-13	-1.42464E+1	9.48101E-2	1.69191E-1
2.77813E+11	1.84641E-13	-3.22577E+0	6.89176E-1	-2.88963E-2
2.77969E+11	2.36286E-13	-1.06916E+1	1.69845E-1	-2.37555E-1
2.78125E+11	4.36762E-13	-5.28705E+0	2.92567E-1	-4.58702E-1
2.78281E+11	1.28328E-13	-1.54401E+0	7.01600E-1	-4.56690E-1
2.78437E+11	2.44763E-13	-3.80038E+0	4.87403E-1	-4.23405E-1
2.78594E+11	3.09254E-12	3.90419E+0	1.48451E+0	5.03301E-1
2.78750E+11	3.95200E-13	-4.88616E+0	3.77134E-1	-4.27080E-1
2.78906E+11	3.67539E-12	5.43712E+0	-6.54685E-1	1.75172E+0
2.79063E+11	1.38217E-13	-3.92055E+0	5.34446E-1	-3.46157E-1
2.79219E+11	2.56525E-12	7.23251E-1	-6.08692E-1	9.00388E-1
2.79375E+11	6.98341E-13	-4.75453E+0	5.52216E-1	-1.72261E-1
2.79531E+11	3.44362E-13	-1.67550E+0	-7.76889E-1	-2.76319E-1
2.79687E+11	7.41554E-13	-2.12281E+0	-4.34589E-1	-6.51535E-1
2.79844E+11	2.64110E-12	5.82761E+0	1.59610E+0	1.13076E+0
2.80000E+11	1.08496E-12	1.70348E+0	-2.96783E-2	-1.21631E+0
2.80156E+11	2.54868E-12	1.27689E+1	-1.50427E+0	-4.08115E+0
2.80313E+11	7.35131E-13	3.87468E+0	1.41872E+0	-6.53975E-1
2.80469E+11	1.83981E-13	-6.33958E+0	3.59427E-1	3.21105E-1
2.80625E+11	1.03561E-12	7.18834E-1	-8.14798E-1	7.18406E-1
2.80781E+11	1.21025E-12	2.52390E+0	9.86089E-1	9.03173E-1
2.80937E+11	6.49306E-13	-2.66093E+0	-6.22929E-1	-3.92229E-1
2.81094E+11	6.58112E-13	-6.01114E+0	-7.19156E-2	4.95352E-1
2.81250E+11	3.40562E-13	-8.63371E+0	-2.53903E-1	2.69266E-1
2.81406E+11	3.76686E-13	-1.34721E+1	1.92895E-1	-8.80208E-2
2.81563E+11	4.27889E-15	-2.15225E+1	8.36739E-4	8.39174E-2
2.81719E+11	5.13118E-13	-6.45820E+0	-4.40639E-1	1.78534E-1
2.81875E+11	2.83089E-14	-2.55733E+1	-2.48915E-3	-5.25837E-2
2.82031E+11	7.88321E-13	-1.27383E+1	2.28616E-1	3.10859E-2
2.82187E+11	4.50871E-13	-1.85915E+1	-1.17376E-1	-7.32697E-3
2.82344E+11	4.87820E-13	-2.26691E+1	-1.80197E-2	-7.13015E-2
2.82500E+11	9.31813E-13	-1.38228E+1	-1.88377E-1	7.73504E-2
2.82656E+11	1.83379E-13	-1.28634E+1	-1.84246E-1	-1.33318E-1
2.82813E+11	2.67134E-13	8.00823E-1	9.76606E-1	4.98732E-1
2.82969E+11	1.98633E-13	-1.45591E+0	3.36399E-1	7.75890E-1
2.83125E+11	8.17919E-13	-1.84218E+0	-7.56441E-1	2.86539E-1
2.83281E+11	5.33935E-13	-6.15541E+0	-1.21508E-1	-4.77069E-1
2.83437E+11	5.59723E-13	-7.29118E-2	3.05219E-1	-9.43500E-1
2.83594E+11	6.92618E-13	2.26593E-1	7.13666E-1	-7.37727E-1
2.83750E+11	5.54093E-13	-8.83039E+0	2.92097E-1	-2.13508E-1
2.83906E+11	4.80314E-13	2.12985E+0	5.36261E-1	-1.15992E+0
2.84063E+11	1.85459E-13	-1.14034E+1	2.06521E-1	1.72442E-1
2.84219E+11	6.00861E-13	-4.55651E+0	-6.26775E-2	5.88471E-1
2.84375E+11	8.22801E-13	8.31628E+0	1.91178E+0	1.76955E+0
2.84531E+11	1.21222E-14	-2.71433E+1	-1.49117E-3	-4.39122E-2
2.84687E+11	2.03310E-13	-6.71408E+0	4.61505E-1	1.08330E-2
2.84844E+11	9.74035E-13	-2.31252E+0	3.60448E-1	6.76185E-1
2.85000E+11	5.88919E-15	-2.30685E+1	-3.04640E-2	6.32879E-2
2.85156E+11	1.58023E-13	-1.21014E+1	2.34919E-1	8.03287E-2
2.85313E+11	1.15745E-13	-1.63193E+1	1.22804E-1	9.08712E-2
2.85469E+11	1.82317E-14	-2.22828E+1	4.26857E-2	-6.39508E-2
2.85625E+11	1.90375E-12	-1.01542E+0	7.84540E-1	4.19535E-1
2.85781E+11	7.37915E-13	1.45840E+0	8.87336E-1	-7.82117E-1
2.85938E+11	4.72073E-13	-2.47243E+0	2.42920E-1	7.11978E-1
2.86094E+11	2.37908E-13	-6.91981E+0	2.66844E-1	3.63371E-1
2.86250E+11	5.02259E-13	-8.03032E+0	3.17852E-1	2.37396E-1
2.86406E+11	1.77571E-13	-1.36210E+0	4.70006E-1	7.14058E-1
2.86562E+11	1.92411E-12	1.39280E+0	8.41121E-1	8.18910E-1
2.86719E+11	2.69272E-13	-2.25659E+0	-6.39943E-1	-4.30385E-1
2.86875E+11	5.57742E-14	-5.92905E+0	-1.57666E-1	-4.80070E-1
2.87031E+11	7.60124E-14	-1.48958E+1	1.79776E-1	8.45541E-3
2.87188E+11	8.44421E-13	1.26603E+1	9.31423E-1	4.19330E+0
2.87344E+11	7.11140E-13	1.37830E+1	3.19575E+0	-3.69888E+0
2.87500E+11	2.59783E-12	6.94552E+0	9.45948E-1	-2.01360E+0
2.87656E+11	4.22029E-13	-7.28368E+0	3.79641E-1	2.06839E-1
2.87812E+11	1.47690E-12	2.46057E+0	-9.82270E-1	-8.92947E-1
2.87969E+11	1.10779E-12	-1.98551E+0	7.52488E-1	2.58511E-1
2.88125E+11	3.35520E-12	6.22124E+0	-1.27261E+0	1.60300E+0
2.88281E+11	5.53623E-13	-7.68857E+0	4.12639E-1	-8.84904E-4
2.88438E+11	1.25090E-13	1.87807E+0	3.00242E-2	1.24101E+0
2.88594E+11	1.24467E-12	5.45038E+0	1.41384E-1	1.86758E+0
2.88750E+11	2.05767E-12	1.97139E+0	5.26339E-1	1.13906E+0
2.88906E+11	5.26535E-13	3.76842E+0	5.46277E-1	1.44327E+0
2.89062E+11	1.26243E-13	-7.32808E+0	3.92031E-1	-1.76976E-1
2.89219E+11	5.48798E-13	-4.25854E+0	1.65728E-1	-5.89604E-1
2.89375E+11	2.56421E-13	2.14645E+0	-1.07486E+0	6.95647E-1
2.89531E+11	1.45870E-12	2.34404E+0	9.91885E-1	8.55404E-1
2.89688E+11	3.91731E-13	-1.40635E+1	-1.21277E-1	1.56603E-1
2.89844E+11	4.95583E-13	-2.53531E+1	5.39054E-2	-3.08707E-3
2.90000E+11	1.63983E-13	-3.95073E+1	7.62779E-4	-1.05562E-2
2.90156E+11	4.86542E-13	-3.86028E+1	1.11889E-2	-3.57209E-3
2.90312E+11	1.11620E-12	-3.75368E+1	-1.31616E-2	-1.76079E-3
2.90469E+11	4.88969E-14	-5.07213E+1	-2.84199E-3	6.26692E-4
2.90625E+11	2.88102E-12	-3.63168E+1	2.73671E-4	-1.52789E-2
2.90781E+11	1.54497E-12	-3.89235E+1	6.66968E-3	9.14571E-3
2.90938E+11	1.34914E-12	-4.17491E+1	-8.12036E-3	-9.52758E-4
2.91094E+11	4.36010E-13	-4.43190E+1	-5.41801E-3	-2.76347E-3
2.91250E+11	9.88210E-14	-4.91911E+1	3.02598E-3	1.70020E-3
2.91406E+11	9.78275E-13	-3.16508E+1	1.55472E-2	2.10255E-2
2.91562E+11	4.46872E-13	-3.51537E+1	-1.59718E-2	7.08058E-3
2.91719E+11	1.43794E-13	-3.53534E+1	1.34514E-2	1.05155E-2
2.91875E+11	8.68432E-13	-2.57413E+1	3.18292E-2	-4.06563E-2
2.92031E+11	7.28910E-13	-2.31566E+1	3.80764E-2	5.81772E-2
2.92188E+11	2.54826E-13	-2.61570E+1	4.58925E-2	1.77921E-2
2.92344E+11	1.17222E-12	-1.46455E+1	1.11925E-1	1.47597E-1
2.92500E+11	2.24305E-13	-2.00254E+1	-2.19051E-2	-9.72717E-2
2.92656E+11	1.27250E-12	-1.23826E+1	-1.73963E-1	1.65865E-1
2.92812E+11	2.03377E-13	-1.87631E+1	-8.67005E-2	7.60143E-2
2.92969E+11	1.97355E-13	-1.48571E+1	5.63648E-2	1.71766E-1
2.93125E+11	6.44160E-13	-1.06089E+1	2.92649E-1	-3.57074E-2
2.93281E+11	1.49328E-12	-1.09550E+1	-2.83030E-1	1.24000E-2
2.93438E+11	3.10247E-14	-2.71692E+1	1.16213E-2	4.22372E-2
2.93594E+11	7.48482E-13	-1.13231E+1	8.00832E-2	2.59469E-1
2.93750E+11	2.00159E-12	3.80690E+0	1.47322E-2	-1.54998E+0
2.93906E+11	7.50309E-13	-5.79654E+0	3.82461E-1	-3.41994E-1
2.94062E+11	2.72245E-14	-2.27076E+1	6.78480E-3	-7.29030E-2
2.94219E+11	6.53242E-13	-3.01440E+0	6.64032E-1	-2.42053E-1
2.94375E+11	9.95542E-13	1.02203E+1	-2.88799E+0	-1.47646E+0
2.94531E+11	5.03846E-13	-4.22058E+0	6.10763E-1	-7.32144E-2
2.94688E+11	9.00583E-15	-2.36366E+1	2.55408E-2	-6.06314E-2
2.94844E+11	4.28883E-13	1.31421E+1	-2.97940E+0	3.42632E+0
2.95000E+11	3.19877E-13	-4.14357E+0	6.11166E-1	1.07876E-1
2.95156E+11	6.00302E-13	-2.91608E+0	2.77761E-1	-6.58646E-1
2.95312E+11	5.96372E-13	-7.66001E+0	-3.65121E-1	1.95146E-1
2.95469E+11	1.55216E-13	-1.36117E+1	-1.82407E-1	1.01303E-1
2.95625E+11	2.72394E-13	-1.15589E+1	-2.50279E-1	8.48662E-2
2.95781E+11	5.74295E-12	5.41008E-1	-1.01477E+0	-3.20800E-1
2.95938E+11	4.25942E-12	-2.58109E+0	7.32931E-1	-1.21453E-1
2.96094E+11	4.04539E-12	-6.23868E+0	1.47453E-1	4.64773E-1
2.96250E+11	2.03644E-12	-4.30996E+0	-4.35962E-1	-4.24996E-1
2.96406E+11	3.06811E-12	-3.62141E+0	6.58059E-2	6.55774E-1
2.96562E+11	2.04040E-12	-2.11626E+0	-7.55579E-1	2.08307E-1
2.96719E+11	4.40307E-12	-2.10474E-1	8.62176E-1	-4.57542E-1
2.96875E+11	2.55227E-12	3.94921E+0	9.35796E-1	1.26766E+0
2.97031E+11	2.48492E-13	-1.58127E+1	1.61073E-1	-1.67785E-2
2.97188E+11	4.63556E-12	-1.12301E+0	8.74577E-1	8.52058E-2
2.97344E+11	4.13895E-13	-1.31632E+1	2.03051E-1	-8.39079E-2
2.97500E+11	3.97344E-13	-1.33546E+1	1.07557E-1	-1.86066E-1
2.97656E+11	8.03961E-13	-4.83127E+0	1.90107E-1	5.40939E-1
2.97812E+11	3.54453E-12	3.07563E+0	-1.26866E+0	-6.48710E-1
2.97969E+11	4.90873E-14	-2.45949E+1	-4.58460E-2	-3.70081E-2
2.98125E+11	3.13126E-12	-1.92446E+0	6.80742E-1	4.22633E-1
2.98281E+11	3.10750E-13	-1.99378E+1	-2.35982E-2	9.79152E-2
2.98438E+11	2.51448E-12	-1.42160E+1	-1.10693E-1	-1.60083E-1
2.98594E+11	1.67545E-12	-1.81922E+1	1.18916E-1	3.19618E-2
2.98750E+11	3.07275E-12	-2.03640E+1	-9.15755E-2	2.84600E-2
2.98906E+11	1.81261E-12	-2.59487E+1	1.62908E-2	-4.77112E-2
2.99062E+11	3.03777E-13	-3.56921E+1	1.24433E-2	-1.07147E-2
2.99219E+11	6.13355E-12	-2.29568E+1	-4.35262E-2	-5.62800E-2
2.99375E+11	1.68028E-13	-3.93962E+1	-6.77915E-3	-8.30421E-3
2.99531E+11	1.54895E-14	-5.03284E+1	-2.71709E-3	-1.37444E-3
2.99688E+11	3.09510E-13	-3.72119E+1	4.17457E-3	1.31376E-2
2.99844E+11	1.03417E-12	-3.11580E+1	-1.25491E-2	-2.46673E-2
3.00000E+11	3.02363E-13	-3.66464E+1	1.12492E-2	-9.48199E-3
3.00156E+11	3.11271E-12	-2.71363E+1	4.27962E-2	1.01032E-2
3.00312E+11	2.99154E-12	-2.77589E+1	-1.35777E-2	3.86136E-2
3.00469E+11	1.12338E-12	-3.32305E+1	2.17857E-2	8.13272E-4
3.00625E+11	9.92326E-14	-4.84055E+1	2.87591E-4	3.78861E-3
3.00781E+11	4.22029E-12	-3.74587E+1	-1.04421E-2	-8.39578E-3
3.00938E+11	8.04393E-12	-3.95968E+1	7.91044E-3	-6.86680E-3
3.01094E+11	1.48236E-11	-3.85154E+1	3.10061E-3	1.14516E-2
3.01250E+11	9.92745E-12	-4.60312E+1	-4.90629E-3	-9.31383E-4
3.01406E+11	2.76997E-12	-5.50728E+1	8.30833E-4	-1.55546E-3
3.01562E+11	6.47214E-12	-5.24373E+1	1.80798E-3	1.56089E-3
3.01719E+11	2.96825E-12	-5.64065E+1	-1.26052E-3	8.35768E-4
3.01875E+11	4.25878E-12	-5.60614E+1	-1.53451E-3	-3.49181E-4
3.02031E+11	5.78556E-12	-5.51738E+1	1.23475E-3	-1.23029E-3
3.02188E+11	2.50031E-12	-5.74103E+1	-3.29624E-4	1.30642E-3
3.02344E+11	3.96748E-12	-5.27163E+1	-1.78446E-3	1.47169E-3
3.02500E+11	2.00519E-12	-5.34975E+1	-2.52780E-5	-2.11394E-3
3.02656E+11	7.17300E-13	-5.60070E+1	-1.53841E-3	3.75715E-4
3.02812E+11	3.74575E-13	-5.74752E+1	6.36257E-4	1.17629E-3
3.02969E+11	1.80544E-12	-4.95331E+1	-5.31618E-4	-3.29428E-3
3.03125E+11	1.11601E-12	-4.96393E+1	1.93102E-3	-2.67153E-3
3.03281E+11	1.23104E-13	-5.52607E+1	-1.56659E-3	7.23782E-4
3.03438E+11	1.57877E-12	-3.77416E+1	-3.52770E-3	-1.24804E-2
3.03594E+11	5.53210E-12	-2.88943E+1	3.59102E-2	6.38225E-4
3.03750E+11	3.42352E-12	-2.88211E+1	-1.92536E-2	3.06783E-2
3.03906E+11	1.29385E-11	-2.39397E+1	-4.50676E-2	-4.47841E-2
3.04062E+11	1.29349E-12	-3.44458E+1	1.40112E-2	-1.27654E-2
3.04219E+11	1.21174E-11	-2.80094E+1	3.91201E-2	7.14648E-3
3.04375E+11	3.52321E-11	-2.21584E+1	-7.47807E-2	2.21677E-2
3.04531E+11	1.18387E-10	-1.73667E+1	8.55864E-2	-1.04939E-1
3.04688E+11	2.45503E-10	-1.50021E+1	6.36004E-3	1.77672E-1
3.04844E+11	4.36675E-10	-1.26441E+1	-1.60271E-1	-1.69447E-1
3.05000E+11	7.96527E-10	-9.74729E+0	3.02160E-1	1.21206E-1
3.05156E+11	8.35398E-10	-8.43234E+0	-3.78504E-1	-1.43672E-2
3.05312E+11	7.88360E-10	-6.95034E+0	4.24329E-1	-1.47533E-1
3.05469E+11	6.83067E-10	-6.50283E+0	-3.89543E-1	2.68296E-1
3.05625E+11	5.51219E-10	-4.33616E+0	4.95103E-1	-3.51180E-1
3.05781E+11	2.58601E-10	-4.98901E+0	-2.86763E-1	4.84557E-1
3.05938E+11	1.04260E-10	-6.74825E+0	-3.50881E-2	-4.58479E-1
3.06094E+11	5.72573E-11	-7.42490E+0	2.81165E-1	3.19180E-1
3.06250E+11	4.33565E-11	-6.41516E+0	-4.75579E-1	4.59711E-2
3.06406E+11	3.95026E-11	-8.93193E+0	1.88783E-1	-3.03714E-1
3.06562E+11	5.59931E-11	-8.47812E+0	1.39407E-1	3.50047E-1
3.06719E+11	9.30143E-11	-7.42122E+0	-3.36108E-1	-2.60987E-1
3.06875E+11	1.18849E-10	-8.57142E+0	3.54857E-1	1.14132E-1
3.07031E+11	8.04801E-11	-1.07043E+1	-2.74191E-1	9.92410E-2
3.07188E+11	6.88908E-11	-1.19584E+1	5.57748E-2	-2.46156E-1
3.07344E+11	7.91294E-11	-1.16316E+1	2.17386E-1	1.46376E-1
3.07500E+11	1.26933E-10	-7.20938E+0	-4.34058E-1	4.15718E-2
3.07656E+11	1.41578E-10	-6.82314E+0	2.63176E-1	-3.72233E-1
3.07812E+11	2.13267E-10	-6.25543E+0	7.59551E-2	4.80699E-1
3.07969E+11	9.05287E-11	-9.50185E+0	-2.21228E-1	-2.51420E-1
3.08125E+11	1.81758E-11	-1.63512E+1	1.50188E-1	-2.47185E-2
3.08281E+11	1.02536E-11	-1.75018E+1	-1.67283E-2	1.32270E-1
3.08438E+11	4.87024E-12	-1.90193E+1	-1.11104E-1	-1.37627E-2
3.08594E+11	3.17390E-12	-1.91022E+1	-2.17797E-2	-1.08730E-1
3.08750E+11	3.50113E-12	-1.69302E+1	4.62438E-2	1.34675E-1
3.08906E+11	8.34650E-12	-1.44831E+1	-1.61469E-1	9.77130E-2
3.09063E+11	3.80528E-12	-1.67659E+1	-5.89223E-4	-1.45112E-1
3.09219E+11	3.92774E-12	-1.86078E+1	3.55094E-3	1.17331E-1
3.09375E+11	3.70506E-12	-2.00116E+1	-4.50278E-2	8.91394E-2
3.09531E+11	1.19868E-12	-2.69068E+1	-3.11739E-2	-3.26607E-2
3.09687E+11	1.30312E-12	-2.81462E+1	3.19655E-2	-2.25972E-2
3.09844E+11	1.56482E-12	-2.57491E+1	5.01820E-2	-1.19610E-2
3.10000E+11	2.99845E-12	-1.96161E+1	-3.80240E-2	-9.73569E-2
3.10156E+11	3.48713E-12	-1.58707E+1	1.40860E-2	-1.60249E-1
3.10313E+11	1.63037E-12	-2.13850E+1	1.22128E-2	-8.43820E-2
3.10469E+11	1.36926E-12	-2.30019E+1	7.07771E-2	-5.10916E-4
3.10625E+11	1.97773E-13	-2.08522E+1	-8.90831E-2	-1.68076E-2
3.10781E+11	4.33889E-13	-2.68483E+1	2.50556E-2	3.79260E-2
3.10937E+11	2.11458E-12	-1.13010E+1	-1.72899E-1	-2.10286E-1
3.11094E+11	7.47951E-12	-2.25515E+1	-6.50291E-2	3.64471E-2
3.11250E+11	6.30051E-12	-3.37153E+1	7.70414E-3	-1.91239E-2
3.11406E+11	8.12255E-12	-4.09493E+1	-2.13453E-3	8.70684E-3
3.11563E+11	2.05727E-11	-4.25578E+1	-5.66767E-3	-4.83405E-3
3.11719E+11	9.68226E-12	-4.89329E+1	2.79517E-3	-2.22986E-3
3.11875E+11	1.52904E-11	-4.91989E+1	2.93269E-3	1.85066E-3
3.12031E+11	1.71264E-11	-4.94072E+1	-3.12433E-3	1.30428E-3
3.12187E+11	4.33666E-11	-4.64877E+1	-5.71779E-4	-4.70361E-3
3.12344E+11	1.08777E-10	-4.32491E+1	6.68634E-3	1.61785E-3
3.12500E+11	1.50364E-10	-4.13549E+1	-7.28768E-3	4.48218E-3
3.12656E+11	1.06725E-10	-4.04807E+1	-3.48258E-3	-8.79741E-3
3.12813E+11	3.85627E-11	-4.56139E+1	3.62864E-3	-3.77982E-3
3.12969E+11	3.35584E-11	-4.72331E+1	1.95714E-3	3.88325E-3
3.13125E+11	5.50589E-11	-4.53802E+1	-5.28813E-3	1.00395E-3
3.13281E+11	4.89657E-11	-4.65821E+1	1.67475E-4	-4.68400E-3
3.13437E+11	4.51499E-11	-4.70188E+1	4.07166E-3	1.81333E-3
3.13594E+11	2.62965E-11	-4.90263E+1	-3.11083E-3	1.68407E-3
3.13750E+11	2.36604E-11	-4.96420E+1	-1.85431E-3	-2.72413E-3
3.13906E+11	3.01313E-11	-4.95370E+1	2.91954E-3	-1.61286E-3
3.14063E+11	2.37308E-11	-5.13039E+1	2.40610E-4	2.71081E-3
3.14219E+11	5.62831E-11	-4.79087E+1	-4.00347E-3	-3.97165E-4
3.14375E+11	1.39055E-10	-4.34702E+1	2.62684E-3	-6.17055E-3
3.14531E+11	3.23469E-10	-3.93484E+1	5.10773E-3	9.49205E-3
3.14687E+11	5.70361E-10	-3.68565E+1	-1.22322E-2	-7.52336E-3
3.14844E+11	6.30045E-10	-3.66773E+1	1.44998E-2	-2.16099E-3
3.15000E+11	6.24133E-10	-3.52302E+1	-1.04898E-2	1.37793E-2
3.15156E+11	6.86589E-10	-3.31319E+1	-6.53191E-3	-2.10601E-2
3.15313E+11	1.32001E-9	-3.11431E+1	2.62400E-2	8.94631E-3
3.15469E+11	3.32913E-9	-2.90169E+1	-3.35469E-2	1.13421E-2
3.15625E+11	8.86625E-9	-2.60497E+1	2.68911E-2	-4.19544E-2
3.15781E+11	8.66677E-9	-2.65654E+1	-2.08299E-3	4.69139E-2
3.15937E+11	4.32450E-9	-2.94870E+1	-1.74836E-2	-2.86305E-2
3.16094E+11	3.38568E-9	-3.07876E+1	2.65763E-2	1.13067E-2
3.16250E+11	4.06942E-9	-2.99348E+1	-2.80750E-2	1.50638E-2
3.16406E+11	4.51994E-9	-2.84672E+1	4.84217E-4	-3.77227E-2
3.16563E+11	7.31330E-9	-2.65252E+1	3.95436E-2	2.57305E-2
3.16719E+11	1.03603E-8	-2.46437E+1	-5.57628E-2	1.79761E-2
3.16875E+11	9.13339E-9	-2.48382E+1	8.82601E-3	-5.66079E-2
3.17031E+11	6.44339E-9	-2.32072E+1	3.59305E-2	5.90537E-2
3.17187E+11	6.49229E-9	-2.45972E+1	-5.86320E-2	-5.64603E-3
3.17344E+11	6.05332E-9	-2.56080E+1	2.58163E-2	-4.56366E-2
3.17500E+11	7.01108E-9	-2.47546E+1	2.55875E-2	5.18783E-2
3.17656E+11	9.61088E-9	-2.25979E+1	-6.88902E-2	-2.74274E-2
3.17813E+11	1.07244E-8	-2.16181E+1	8.21716E-2	-1.17231E-2
3.17969E+11	7.92453E-9	-2.16947E+1	-4.81158E-2	6.67376E-2
3.18125E+11	3.90108E-9	-2.37440E+1	-3.00774E-2	-5.76031E-2
3.18281E+11	2.34659E-9	-2.43358E+1	-5.73386E-2	-1.99293E-2
3.18437E+11	1.93753E-9	-2.19906E+1	5.35634E-2	-5.87724E-2
3.18594E+11	3.07702E-9	-1.74406E+1	8.38864E-3	1.34005E-1
3.18750E+11	6.03371E-9	-1.24448E+1	-1.24186E-1	-2.03793E-1
3.18906E+11	9.10535E-9	-8.42078E+0	1.68405E-1	3.39844E-1
3.19063E+11	5.41944E-9	-1.13524E+1	-2.55946E-1	-8.79387E-2
3.19219E+11	2.35041E-9	-1.49762E+1	1.13387E-1	-1.37623E-1
3.19375E+11	1.28834E-9	-1.67775E+1	5.90810E-2	1.32329E-1
3.19531E+11	6.85524E-10	-2.06921E+1	-8.54740E-2	-3.49447E-2
3.19687E+11	2.92415E-10	-2.46757E+1	5.43576E-2	-2.12772E-2
3.19844E+11	1.49713E-10	-2.55990E+1	1.96232E-2	4.86806E-2
3.20000E+11	1.74908E-10	-2.61792E+1	-4.46376E-2	-2.04410E-2
3.20156E+11	9.54100E-11	-3.18513E+1	2.35105E-2	-1.00095E-2
3.20313E+11	5.22712E-11	-3.57734E+1	-7.28480E-3	1.45457E-2
3.20469E+11	2.73600E-11	-3.95120E+1	-8.50029E-3	-6.29590E-3
3.20625E+11	2.45524E-11	-4.11209E+1	7.98752E-3	-3.66757E-3
3.20781E+11	1.01817E-11	-4.57599E+1	-1.34481E-3	4.97373E-3
3.20937E+11	1.62190E-11	-4.47937E+1	-5.36056E-3	-2.10372E-3
3.21094E+11	5.14949E-11	-4.04392E+1	8.29124E-3	-4.65166E-3
3.21250E+11	4.76607E-11	-4.18664E+1	-2.11873E-4	8.06359E-3
3.21406E+11	3.12593E-11	-4.41769E+1	-5.29536E-3	-3.19079E-3
3.21563E+11	1.80604E-11	-4.65017E+1	3.35059E-3	-3.33947E-3
3.21719E+11	1.31803E-11	-4.80737E+1	2.86696E-3	2.71347E-3
3.21875E+11	3.22444E-11	-4.54741E+1	-5.16843E-3	1.28066E-3
3.22031E+11	5.14935E-11	-4.54985E+1	1.91924E-3	-4.95080E-3
3.22187E+11	1.46583E-10	-4.31046E+1	1.81806E-3	6.75434E-3
3.22344E+11	3.72530E-10	-4.08665E+1	-7.78871E-3	-4.60969E-3
3.22500E+11	4.96351E-10	-3.94678E+1	1.01637E-2	-3.12022E-3
3.22656E+11	7.92452E-10	-3.69787E+1	-4.41740E-3	1.34533E-2
3.22813E+11	1.18233E-9	-3.52357E+1	-6.99133E-3	-1.58318E-2
3.22969E+11	1.39003E-9	-3.51423E+1	1.49936E-2	9.01240E-3
3.23125E+11	1.18315E-9	-3.62064E+1	-1.51131E-2	3.33565E-3
3.23281E+11	9.55364E-10	-3.73542E+1	7.96800E-3	-1.09732E-2
3.23437E+11	3.49319E-10	-4.17424E+1	1.31001E-3	8.07687E-3
3.23594E+11	1.12808E-10	-4.70432E+1	-4.34184E-3	-9.50666E-4
3.23750E+11	4.81111E-11	-5.03612E+1	1.36715E-3	-2.70792E-3
3.23906E+11	2.29514E-11	-5.34274E+1	1.74003E-3	1.23061E-3
3.24063E+11	1.87746E-11	-5.40411E+1	-1.39680E-3	1.41157E-3
3.24219E+11	2.73579E-11	-5.38470E+1	-8.31894E-4	-1.85251E-3
3.24375E+11	8.79690E-11	-4.91913E+1	3.27449E-3	1.15081E-3
3.24531E+11	9.22399E-11	-4.92312E+1	-3.19028E-3	1.32616E-3
3.24687E+11	5.29893E-11	-5.10926E+1	8.79107E-4	-2.64631E-3
3.24844E+11	3.46127E-11	-5.28523E+1	1.83403E-3	1.34965E-3
3.25000E+11	5.88620E-12	-6.07583E+1	-8.45222E-5	9.12493E-4
3.25156E+11	1.43270E-11	-5.71176E+1	-1.25575E-3	6.04182E-4
3.25313E+11	3.38577E-11	-5.38162E+1	3.78999E-4	-2.00239E-3
3.25469E+11	1.35693E-10	-4.74918E+1	2.82627E-3	3.13503E-3
3.25625E+11	9.71194E-11	-4.81347E+1	-3.90477E-3	3.42932E-4
3.25781E+11	4.65712E-11	-5.10960E+1	1.03587E-3	-2.58778E-3
3.25937E+11	6.82976E-11	-5.05626E+1	2.86235E-3	7.69302E-4
3.26094E+11	2.89969E-10	-4.51133E+1	-4.16660E-3	3.66709E-3
3.26250E+11	1.15978E-9	-3.94423E+1	-2.44284E-3	-1.03796E-2
3.26406E+11	4.29175E-9	-3.38900E+1	1.82437E-2	8.68849E-3
3.26563E+11	1.27027E-8	-2.94771E+1	-3.34626E-2	2.86272E-3
3.26719E+11	1.69308E-8	-2.81892E+1	3.68828E-2	-1.25288E-2
3.26875E+11	1.05139E-8	-3.02034E+1	-2.15922E-2	2.20910E-2
3.27031E+11	5.76473E-9	-3.27315E+1	2.89496E-4	-2.30883E-2
3.27187E+11	3.37757E-9	-3.52373E+1	1.41905E-2	9.90181E-3
3.27344E+11	2.22295E-9	-3.71817E+1	-1.23748E-2	6.18164E-3
3.27500E+11	2.29060E-9	-3.71895E+1	-3.61727E-4	-1.38158E-2
3.27656E+11	2.90343E-9	-3.60747E+1	1.12155E-2	1.10054E-2
3.27813E+11	1.35734E-9	-3.92602E+1	-1.07205E-2	-1.90891E-3
3.27969E+11	5.87814E-10	-4.27098E+1	4.43714E-3	-5.82188E-3
3.28125E+11	3.60217E-10	-4.47547E+1	3.79279E-3	4.36754E-3
3.28281E+11	3.92609E-10	-4.42676E+1	-5.67173E-3	2.29413E-3
3.28437E+11	3.41402E-10	-4.41943E+1	-1.27824E-3	-6.03616E-3
3.28594E+11	6.75665E-10	-4.08102E+1	8.78834E-3	2.39700E-3
3.28750E+11	1.22702E-9	-3.79214E+1	-1.03308E-2	7.39304E-3
3.28906E+11	1.06469E-9	-3.88045E+1	2.23676E-3	-1.12555E-2
3.29063E+11	4.94791E-10	-4.20603E+1	6.03765E-3	5.07661E-3
3.29219E+11	4.06319E-10	-4.23842E+1	-6.61350E-3	3.74373E-3
3.29375E+11	6.31748E-10	-4.05393E+1	-2.70799E-3	-8.99934E-3
3.29531E+11	1.51087E-9	-3.74488E+1	1.32930E-2	-1.79820E-3
3.29687E+11	6.20014E-9	-3.24826E+1	-3.55006E-3	2.34945E-2
3.29844E+11	1.50932E-8	-2.92393E+1	-1.60315E-2	-3.05683E-2
3.30000E+11	1.67476E-8	-2.87700E+1	3.15678E-2	1.81897E-2
3.30156E+11	1.49534E-8	-2.91006E+1	-3.05604E-2	1.72095E-2
3.30313E+11	2.92338E-8	-2.64084E+1	1.22597E-4	-4.78166E-2
3.30469E+11	6.51597E-8	-2.36282E+1	4.92763E-2	4.36896E-2
3.30625E+11	1.46098E-7	-2.03312E+1	-9.22977E-2	-2.73300E-2
3.30781E+11	2.79479E-7	-1.69407E+1	1.36994E-1	-3.82045E-2
3.30937E+11	3.54083E-7	-1.54292E+1	-1.45730E-1	8.60816E-2
3.31094E+11	1.67170E-7	-1.80357E+1	7.42316E-2	-1.01038E-1
3.31250E+11	5.33236E-8	-2.23609E+1	2.15768E-2	7.30817E-2
3.31406E+11	1.69616E-8	-2.68584E+1	-4.49141E-2	-6.64184E-3
3.31562E+11	8.61076E-9	-2.99584E+1	1.67759E-2	-2.69853E-2
3.31719E+11	6.45098E-9	-3.14919E+1	1.20899E-2	2.37298E-2
3.31875E+11	8.50169E-9	-3.05364E+1	-2.95701E-2	-3.07019E-3
3.32031E+11	1.16729E-8	-2.99668E+1	2.56747E-2	-1.86675E-2
3.32188E+11	5.55751E-9	-3.35179E+1	-3.06130E-4	2.10891E-2
3.32344E+11	2.64096E-9	-3.62920E+1	-1.47871E-2	-4.02449E-3
3.32500E+11	1.59257E-9	-3.83219E+1	6.78383E-3	-1.00571E-2
3.32656E+11	1.69610E-9	-3.68576E+1	8.09001E-3	1.18628E-2
3.32812E+11	2.10381E-9	-3.52988E+1	-1.50180E-2	8.34632E-3
3.32969E+11	2.15462E-9	-3.42785E+1	-2.16542E-3	-1.92014E-2
3.33125E+11	2.75048E-9	-3.26908E+1	2.11267E-2	9.58283E-3
3.33281E+11	2.19250E-9	-3.44265E+1	-1.66532E-2	9.14019E-3
3.33438E+11	1.50060E-9	-3.71937E+1	2.49725E-3	-1.35863E-2
3.33594E+11	1.08007E-9	-3.90181E+1	9.68665E-3	5.61591E-3
3.33750E+11	1.27319E-9	-3.88068E+1	-6.85830E-3	9.19689E-3
3.33906E+11	2.24908E-9	-3.62365E+1	-7.57526E-3	-1.34347E-2
3.34062E+11	5.67346E-9	-3.19256E+1	2.52304E-2	2.29934E-3
3.34219E+11	1.16163E-8	-2.86620E+1	-3.28657E-2	1.67530E-2
3.34375E+11	1.13142E-8	-2.86766E+1	1.11098E-2	-3.51114E-2
3.34531E+11	1.35356E-8	-2.80080E+1	3.27676E-2	2.25442E-2
3.34688E+11	2.25816E-8	-2.56800E+1	-4.15854E-2	3.12192E-2
3.34844E+11	5.21894E-8	-2.21049E+1	8.53823E-3	-7.80132E-2
3.35000E+11	1.04995E-7	-1.89360E+1	4.46736E-2	1.03829E-1
3.35156E+11	1.65735E-7	-1.70166E+1	-9.43697E-2	-1.04742E-1
3.35312E+11	1.20468E-7	-1.80484E+1	1.04554E-1	6.88589E-2
3.35469E+11	4.20358E-8	-2.27253E+1	-7.29796E-2	-3.61819E-3
3.35625E+11	1.05490E-8	-2.84776E+1	2.81697E-2	-2.50265E-2
3.35781E+11	3.88878E-9	-3.37081E+1	2.71169E-3	2.04556E-2
3.35938E+11	1.48098E-9	-3.70389E+1	-1.33499E-2	-4.41931E-3
3.36094E+11	1.33389E-9	-3.85634E+1	7.31196E-3	-9.25962E-3
3.36250E+11	2.11811E-9	-3.76054E+1	6.19533E-3	1.16268E-2
3.36406E+11	1.94046E-9	-3.85980E+1	-1.14023E-2	-2.84412E-3
3.36562E+11	8.33059E-10	-4.22503E+1	5.87868E-3	-5.00033E-3
3.36719E+11	3.91512E-10	-4.54289E+1	1.46152E-3	5.14907E-3
3.36875E+11	3.06289E-10	-4.62396E+1	-4.82444E-3	7.03835E-4
3.37031E+11	4.21087E-10	-4.47463E+1	-1.54737E-3	-5.57948E-3
3.37188E+11	6.68813E-10	-4.23361E+1	7.59272E-3	-8.64225E-4
3.37344E+11	9.62388E-10	-4.12094E+1	-2.99255E-3	8.16936E-3
3.37500E+11	1.24835E-9	-4.11284E+1	-3.37764E-3	-8.10622E-3
3.37656E+11	7.83249E-10	-4.35578E+1	6.46051E-3	1.52966E-3
3.37812E+11	4.53254E-10	-4.57912E+1	-2.99740E-3	4.16793E-3
3.37969E+11	3.96393E-10	-4.65084E+1	-3.34782E-3	-3.33710E-3
3.38125E+11	6.15896E-10	-4.41390E+1	5.47515E-3	-2.92905E-3
3.38281E+11	1.38804E-9	-4.01920E+1	8.70708E-4	9.74254E-3
3.38438E+11	3.63287E-9	-3.55013E+1	-1.46453E-2	-8.20197E-3
3.38594E+11	7.31874E-9	-3.19151E+1	2.50620E-2	-3.91289E-3
3.38750E+11	7.67786E-9	-3.11971E+1	-1.51586E-2	2.30064E-2
3.38906E+11	1.17521E-8	-2.88688E+1	-1.31235E-2	-3.35456E-2
3.39062E+11	2.22394E-8	-2.54624E+1	5.00461E-2	1.83919E-2
3.39219E+11	4.27129E-8	-2.21343E+1	-7.46356E-2	2.33860E-2
3.39375E+11	6.85603E-8	-1.98585E+1	7.10699E-2	-7.26652E-2
3.39531E+11	6.46356E-8	-2.00556E+1	-3.72427E-2	9.21186E-2
3.39688E+11	2.53379E-8	-2.44001E+1	-8.50300E-4	-6.02493E-2
3.39844E+11	5.69547E-9	-3.15507E+1	2.12965E-2	1.56903E-2
3.40000E+11	1.89790E-9	-3.70328E+1	-1.13474E-2	8.32240E-3
3.40156E+11	1.06056E-9	-4.01237E+1	-3.46413E-3	-9.22995E-3
3.40312E+11	8.00246E-10	-4.19231E+1	8.00819E-3	-3.03648E-4
3.40469E+11	9.67368E-10	-4.14813E+1	-3.11797E-3	7.83440E-3
3.40625E+11	1.35423E-9	-4.03601E+1	-5.48480E-3	-7.87144E-3
3.40781E+11	1.01384E-9	-4.18251E+1	7.95202E-3	1.56656E-3
3.40938E+11	4.43242E-10	-4.52696E+1	-3.11565E-3	4.47348E-3
3.41094E+11	3.46665E-10	-4.64097E+1	-2.48885E-3	-4.08208E-3
3.41250E+11	2.89370E-10	-4.64423E+1	3.84364E-3	-2.81301E-3
3.41406E+11	3.34703E-10	-4.54835E+1	3.12220E-3	4.30619E-3
3.41562E+11	6.80405E-10	-4.27192E+1	-6.55277E-3	3.24466E-3
3.41719E+11	1.70684E-9	-3.90238E+1	2.12592E-3	-1.09857E-2
3.41875E+11	1.41620E-9	-4.00725E+1	7.23765E-3	6.77947E-3
3.42031E+11	9.92629E-10	-4.22498E+1	-6.53552E-3	4.10565E-3
3.42188E+11	7.94706E-10	-4.32924E+1	-2.22133E-3	-6.47468E-3
3.42344E+11	7.52384E-10	-4.34613E+1	6.68875E-3	-5.73395E-4
3.42500E+11	1.10160E-9	-4.09755E+1	-1.21690E-3	8.85447E-3
3.42656E+11	2.31216E-9	-3.68249E+1	-1.25836E-2	-7.02761E-3
3.42812E+11	4.32197E-9	-3.26484E+1	2.21629E-2	-7.22910E-3
3.42969E+11	4.49212E-9	-3.17340E+1	-1.23025E-2	2.27915E-2
3.43125E+11	5.62231E-9	-3.06646E+1	-1.38960E-2	-2.57876E-2
3.43281E+11	1.31605E-8	-2.75917E+1	4.14328E-2	4.94575E-3
3.43438E+11	4.25691E-8	-2.29375E+1	-5.23905E-2	4.83709E-2
3.43594E+11	1.18113E-7	-1.88807E+1	8.74915E-3	-1.13417E-1
3.43750E+11	2.85120E-7	-1.51766E+1	8.97320E-2	1.49367E-1
3.43906E+11	4.11213E-7	-1.38133E+1	-1.50283E-1	-1.37748E-1
3.44062E+11	2.15736E-7	-1.73812E+1	1.29661E-1	3.82645E-2
3.44219E+11	9.00876E-8	-2.13244E+1	-7.28977E-2	4.53593E-2
3.44375E+11	5.19207E-8	-2.41327E+1	-5.50382E-3	-6.18950E-2
3.44531E+11	3.80038E-8	-2.55667E+1	5.10252E-2	1.31092E-2
3.44688E+11	3.41406E-8	-2.57953E+1	-2.65811E-2	4.38924E-2
3.44844E+11	4.82206E-8	-2.42694E+1	-2.68387E-2	-5.49664E-2
3.45000E+11	4.38478E-8	-2.42902E+1	5.39445E-2	2.85266E-2
3.45156E+11	1.99393E-8	-2.75657E+1	-3.89430E-2	1.53307E-2
3.45312E+11	1.03113E-8	-2.98979E+1	-1.71426E-3	-3.19507E-2
3.45469E+11	8.60766E-9	-3.04630E+1	2.98281E-2	3.02688E-3
3.45625E+11	1.09992E-8	-2.93667E+1	-7.20415E-3	3.32430E-2
3.45781E+11	2.02947E-8	-2.66406E+1	-3.99917E-2	-2.38347E-2
3.45938E+11	4.10456E-8	-2.40526E+1	5.71489E-2	-2.58296E-2
3.46094E+11	3.42828E-8	-2.53823E+1	-2.41291E-2	4.81000E-2
3.46250E+11	1.54753E-8	-2.92260E+1	-1.96936E-2	-2.84121E-2
3.46406E+11	1.06315E-8	-3.16180E+1	2.50369E-2	-7.88232E-3
3.46562E+11	1.21857E-8	-3.16893E+1	-1.24335E-3	2.60038E-2
3.46719E+11	1.82511E-8	-2.99767E+1	-2.75539E-2	-1.56895E-2
3.46875E+11	3.82190E-8	-2.60150E+1	4.09246E-2	-2.87819E-2
3.47031E+11	1.11260E-7	-2.10769E+1	-2.06557E-3	8.83153E-2
3.47188E+11	1.68724E-7	-1.93164E+1	-6.97165E-2	-8.27310E-2
3.47344E+11	1.67143E-7	-1.94422E+1	1.06442E-1	-6.37230E-3
3.47500E+11	2.20940E-7	-1.83683E+1	-6.49555E-2	1.01691E-1
3.47656E+11	3.61613E-7	-1.65005E+1	-6.27814E-2	-1.35806E-1
3.47812E+11	7.28134E-7	-1.38926E+1	1.95156E-1	5.21673E-2
3.47969E+11	1.64345E-6	-1.05386E+1	-2.76604E-1	1.08756E-1
3.48125E+11	2.98956E-6	-7.75626E+0	2.88984E-1	-2.90047E-1
3.48281E+11	2.22781E-6	-8.90157E+0	-1.68605E-1	3.16781E-1
3.48438E+11	1.01808E-6	-1.26883E+1	-1.28954E-2	-2.31693E-1
3.48594E+11	4.96730E-7	-1.56729E+1	1.40046E-1	8.64350E-2
3.48750E+11	2.78643E-7	-1.84391E+1	-1.11414E-1	4.37226E-2
3.48906E+11	1.40390E-7	-2.09980E+1	1.12201E-2	-8.84365E-2
3.49062E+11	9.62644E-8	-2.22180E+1	6.20773E-2	4.63369E-2
3.49219E+11	6.32047E-8	-2.34135E+1	-6.67809E-2	9.84797E-3
3.49375E+11	2.16755E-8	-2.76688E+1	2.65297E-2	-3.17278E-2
3.49531E+11	8.50096E-9	-3.17225E+1	7.54565E-3	2.48124E-2
3.49688E+11	5.33870E-9	-3.36467E+1	-2.06934E-2	-1.90521E-3
3.49844E+11	5.23764E-9	-3.34980E+1	5.97966E-3	-2.02765E-2
3.50000E+11	7.70617E-9	-3.18023E+1	2.35266E-2	1.03363E-2
3.50156E+11	1.49269E-8	-2.96969E+1	-1.75108E-2	2.76707E-2
3.50312E+11	2.34026E-8	-2.82042E+1	-1.37869E-2	-3.63597E-2
3.50469E+11	1.19056E-8	-3.10364E+1	2.58623E-2	1.09016E-2
3.50625E+11	4.80893E-9	-3.49133E+1	-1.32895E-2	1.20827E-2
3.50781E+11	2.99628E-9	-3.67955E+1	-7.54491E-3	-1.23378E-2
3.50938E+11	2.90995E-9	-3.71987E+1	1.26949E-2	-5.42616E-3
3.51094E+11	4.66728E-9	-3.48587E+1	2.12323E-3	1.79492E-2
3.51250E+11	1.25106E-8	-3.10132E+1	-2.50716E-2	-1.27801E-2
3.51406E+11	2.36965E-8	-2.84646E+1	3.75019E-2	-4.20928E-3
3.51562E+11	2.54434E-8	-2.81610E+1	-2.46581E-2	3.03180E-2
3.51719E+11	3.32732E-8	-2.69535E+1	-1.63218E-2	-4.18369E-2
3.51875E+11	5.75640E-8	-2.43308E+1	6.05935E-2	4.18702E-3
3.52031E+11	1.41683E-7	-2.07830E+1	-5.85381E-2	7.01676E-2
3.52188E+11	3.38381E-7	-1.67399E+1	7.64123E-4	-1.45546E-1
3.52344E+11	7.88423E-7	-1.33143E+1	9.70967E-2	1.92853E-1
3.52500E+11	9.16718E-7	-1.26818E+1	-1.68560E-1	-1.59740E-1
3.52656E+11	4.88967E-7	-1.55800E+1	1.64632E-1	2.37857E-2
3.52812E+11	1.88744E-7	-1.98171E+1	-7.36489E-2	7.07532E-2
3.52969E+11	6.14130E-8	-2.47962E+1	-1.00347E-2	-5.66876E-2
3.53125E+11	2.35061E-8	-2.85816E+1	3.38538E-2	1.54975E-2
3.53281E+11	1.50164E-8	-3.01350E+1	-2.51834E-2	1.83083E-2
3.53438E+11	1.69733E-8	-2.92063E+1	-1.93141E-3	-3.45949E-2
3.53594E+11	1.07570E-8	-3.08500E+1	2.33821E-2	1.65991E-2
3.53750E+11	4.57682E-9	-3.41212E+1	-1.79373E-2	8.08713E-3
3.53906E+11	2.56440E-9	-3.65263E+1	-6.73969E-4	-1.49018E-2
3.54062E+11	2.13008E-9	-3.70163E+1	1.35606E-2	3.85828E-3
3.54219E+11	2.59762E-9	-3.61176E+1	-7.92690E-3	1.34775E-2
3.54375E+11	4.83088E-9	-3.38055E+1	-1.48969E-2	-1.39438E-2
3.54531E+11	7.76344E-9	-3.18456E+1	2.36057E-2	-9.82660E-3
3.54687E+11	5.87955E-9	-3.32975E+1	-5.32059E-3	2.09688E-2
3.54844E+11	3.30365E-9	-3.64674E+1	-1.10854E-2	-1.01328E-2
3.55000E+11	2.43655E-9	-3.83163E+1	1.04612E-2	-6.15782E-3
3.55156E+11	2.77313E-9	-3.81102E+1	4.89115E-3	1.14279E-2
3.55313E+11	4.31629E-9	-3.63982E+1	-1.47211E-2	3.53127E-3
3.55469E+11	9.06823E-9	-3.33554E+1	3.09275E-3	-2.12660E-2
3.55625E+11	2.17297E-8	-3.00499E+1	1.88207E-2	2.51865E-2
3.55781E+11	2.21528E-8	-2.99053E+1	-3.15400E-2	-5.22223E-3
3.55937E+11	2.28974E-8	-2.99050E+1	1.78042E-2	-2.65543E-2
3.56094E+11	3.10736E-8	-2.85667E+1	2.22361E-2	2.99427E-2
3.56250E+11	5.47822E-8	-2.58921E+1	-4.82059E-2	1.58519E-2
3.56406E+11	1.06671E-7	-2.26866E+1	7.67666E-3	-7.29927E-2
3.56563E+11	3.82943E-7	-1.70473E+1	1.04114E-1	9.43224E-2
3.56719E+11	8.69415E-7	-1.30693E+1	-2.20508E-1	-2.64859E-2
3.56875E+11	1.00178E-6	-1.25964E+1	2.08193E-1	-1.07959E-1
3.57031E+11	6.82028E-7	-1.38901E+1	-5.09504E-2	1.95537E-1
3.57187E+11	5.57009E-7	-1.49518E+1	-1.16138E-1	-1.35969E-1
3.57344E+11	5.29449E-7	-1.53554E+1	1.69900E-1	-1.65013E-2
3.57500E+11	5.03144E-7	-1.51786E+1	-9.35905E-2	1.46933E-1
3.57656E+11	5.13398E-7	-1.53069E+1	-3.57442E-2	-1.67891E-1
3.57813E+11	4.41533E-7	-1.62152E+1	1.11134E-1	1.07489E-1
3.57969E+11	1.97878E-7	-1.97785E+1	-1.02581E-1	4.81016E-4
3.58125E+11	7.72405E-8	-2.33480E+1	3.25394E-2	-5.97259E-2
3.58281E+11	4.76009E-8	-2.58041E+1	3.65005E-2	3.59933E-2
3.58437E+11	3.99255E-8	-2.68205E+1	-4.03644E-2	2.12175E-2
3.58594E+11	4.46774E-8	-2.65718E+1	-3.92019E-3	-4.67617E-2
3.58750E+11	5.82878E-8	-2.54169E+1	4.66317E-2	2.64252E-2
3.58906E+11	4.64188E-8	-2.58437E+1	-4.88476E-2	1.47602E-2
3.59063E+11	2.88709E-8	-2.80754E+1	1.06682E-2	-3.79973E-2
3.59219E+11	1.98185E-8	-2.97719E+1	2.62782E-2	1.90628E-2
3.59375E+11	1.69794E-8	-3.02287E+1	-2.50097E-2	1.79784E-2
3.59531E+11	2.13309E-8	-2.92442E+1	-7.76732E-3	-3.36121E-2
3.59687E+11	3.49704E-8	-2.70720E+1	4.23202E-2	1.30934E-2
3.59844E+11	5.82231E-8	-2.44634E+1	-4.88254E-2	3.45572E-2
3.60000E+11	6.52020E-8	-2.40053E+1	7.15477E-3	-6.26503E-2
3.60156E+11	5.17793E-8	-2.46405E+1	4.69593E-2	3.50714E-2
3.60313E+11	5.49291E-8	-2.42868E+1	-5.27460E-2	3.07330E-2
3.60469E+11	7.78499E-8	-2.25125E+1	-6.77678E-3	-7.45743E-2
3.60625E+11	1.41917E-7	-1.98018E+1	9.60701E-2	3.51786E-2
3.60781E+11	3.23819E-7	-1.63585E+1	-1.15282E-1	9.91897E-2
3.60937E+11	6.74316E-7	-1.33106E+1	4.72693E-3	-2.15956E-1
3.61094E+11	8.52834E-7	-1.23310E+1	1.54743E-1	1.85797E-1
3.61250E+11	7.17622E-7	-1.31166E+1	-2.19395E-1	-2.56276E-2
3.61406E+11	5.90943E-7	-1.39032E+1	1.45569E-1	-1.39706E-1
3.61563E+11	5.50559E-7	-1.44492E+1	2.50232E-2	1.87811E-1
3.61719E+11	7.86828E-7	-1.28024E+1	-1.82693E-1	-1.38111E-1
3.61875E+11	1.51579E-6	-1.05060E+1	2.98155E-1	-1.03151E-2
3.62031E+11	2.01780E-6	-9.56496E+0	-2.87011E-1	1.67812E-1
3.62187E+11	1.72797E-6	-1.11207E+1	1.43318E-1	-2.38148E-1
3.62344E+11	9.08693E-7	-1.38173E+1	4.92571E-2	1.97724E-1
3.62500E+11	5.30208E-7	-1.61404E+1	-1.49067E-1	-4.58127E-2
3.62656E+11	3.59545E-7	-1.79327E+1	8.37950E-2	-9.52618E-2
3.62813E+11	3.01348E-7	-1.88316E+1	4.52894E-2	1.05051E-1
3.62969E+11	2.82043E-7	-1.88895E+1	-1.12632E-1	-1.50857E-2
3.63125E+11	2.01629E-7	-2.01229E+1	7.08392E-2	-6.85767E-2
3.63281E+11	9.31354E-8	-2.29329E+1	1.80031E-2	6.90350E-2
3.63437E+11	5.42685E-8	-2.55816E+1	-5.25907E-2	3.69501E-4
3.63594E+11	3.69851E-8	-2.74194E+1	7.26314E-3	-4.19384E-2
3.63750E+11	3.01418E-8	-2.84715E+1	3.47150E-2	1.47210E-2
3.63906E+11	3.54575E-8	-2.79823E+1	-2.42555E-2	3.16708E-2
3.64063E+11	4.30937E-8	-2.66631E+1	-2.06893E-2	-4.15709E-2
3.64219E+11	4.45119E-8	-2.69505E+1	4.38757E-2	9.64695E-3
3.64375E+11	2.56853E-8	-2.90767E+1	-2.50422E-2	2.46938E-2
3.64531E+11	1.67111E-8	-3.03884E+1	-9.96407E-3	-2.85510E-2
3.64687E+11	1.48211E-8	-3.06440E+1	2.93631E-2	4.83607E-5
3.64844E+11	1.54744E-8	-2.98811E+1	-1.36896E-2	2.89889E-2
3.65000E+11	2.75301E-8	-2.69978E+1	-2.53381E-2	-3.68001E-2
3.65156E+11	5.49521E-8	-2.40436E+1	6.24704E-2	6.22290E-3
3.65313E+11	8.76111E-8	-2.21366E+1	-5.82555E-2	5.21584E-2
3.65469E+11	1.15461E-7	-2.10831E+1	-7.00077E-3	-8.79988E-2
3.65625E+11	1.54561E-7	-1.98331E+1	8.58096E-2	5.50310E-2
3.65781E+11	2.10628E-7	-1.82318E+1	-1.15161E-1	4.19910E-2
3.65937E+11	3.21436E-7	-1.63547E+1	5.44841E-2	-1.42058E-1
3.66094E+11	5.23998E-7	-1.43722E+1	7.29394E-2	1.76694E-1
3.66250E+11	7.75890E-7	-1.29214E+1	-1.94627E-1	-1.14690E-1
3.66406E+11	7.53511E-7	-1.32214E+1	2.18238E-1	1.90617E-4
3.66563E+11	5.18979E-7	-1.49901E+1	-1.47003E-1	1.00424E-1
3.66719E+11	3.10468E-7	-1.74594E+1	2.88309E-2	-1.30838E-1
3.66875E+11	1.83696E-7	-2.00099E+1	6.70131E-2	7.40709E-2
3.67031E+11	1.20640E-7	-2.15555E+1	-8.17754E-2	1.73868E-2
3.67187E+11	1.00968E-7	-2.26078E+1	2.90899E-2	-6.81125E-2
3.67344E+11	7.58253E-8	-2.37411E+1	2.65784E-2	5.93230E-2
3.67500E+11	3.80529E-8	-2.64939E+1	-4.53565E-2	-1.35889E-2
3.67656E+11	1.45719E-8	-3.06874E+1	2.02951E-2	-2.10173E-2
3.67813E+11	7.18619E-9	-3.33078E+1	1.01601E-2	1.90700E-2
3.67969E+11	5.83561E-9	-3.39491E+1	-1.90606E-2	6.28444E-3
3.68125E+11	5.33687E-9	-3.43648E+1	-1.92882E-4	-1.91309E-2
3.68281E+11	5.25847E-9	-3.42678E+1	1.80170E-2	7.04866E-3
3.68437E+11	5.58404E-9	-3.39987E+1	-1.59260E-2	1.20246E-2
3.68594E+11	3.76273E-9	-3.58047E+1	-2.11041E-3	-1.60713E-2
3.68750E+11	2.60182E-9	-3.78826E+1	1.22884E-2	3.43916E-3
3.68906E+11	2.12989E-9	-3.88770E+1	-6.47443E-3	9.35897E-3
3.69063E+11	2.59524E-9	-3.84099E+1	-7.03196E-3	-9.73483E-3
3.69219E+11	4.25041E-9	-3.68163E+1	1.41578E-2	-2.77545E-3
3.69375E+11	6.82825E-9	-3.48852E+1	-7.08698E-3	1.65673E-2
3.69531E+11	8.85522E-9	-3.39416E+1	-7.47248E-3	-1.86456E-2
3.69687E+11	7.51329E-9	-3.47012E+1	1.77122E-2	5.00287E-3
3.69844E+11	7.91531E-9	-3.42977E+1	-1.26921E-2	1.45137E-2
3.70000E+11	1.05795E-8	-3.27226E+1	-1.07773E-2	-2.04474E-2
3.70156E+11	1.79669E-8	-3.02143E+1	3.07754E-2	-2.17549E-3
3.70313E+11	4.31456E-8	-2.64676E+1	-2.17503E-2	4.22185E-2
3.70469E+11	1.06471E-7	-2.25990E+1	-2.24924E-2	-7.06453E-2
3.70625E+11	1.70342E-7	-2.07364E+1	7.58816E-2	5.17905E-2
3.70781E+11	2.30792E-7	-1.93028E+1	-1.07805E-1	1.09322E-2
3.70937E+11	2.83934E-7	-1.84769E+1	8.04713E-2	-8.78923E-2
3.71094E+11	3.53734E-7	-1.77610E+1	-8.97232E-3	1.29093E-1
3.71250E+11	4.68262E-7	-1.68296E+1	-8.12503E-2	-1.18952E-1
3.71406E+11	6.18503E-7	-1.58438E+1	1.51786E-1	5.47717E-2
3.71563E+11	6.05400E-7	-1.60535E+1	-1.53945E-1	3.33488E-2
3.71719E+11	3.03431E-7	-1.85162E+1	7.95512E-2	-8.80016E-2
3.71875E+11	1.27864E-7	-2.23781E+1	1.06210E-2	7.53040E-2
3.72031E+11	5.15296E-8	-2.57742E+1	-4.69069E-2	-2.11106E-2
3.72187E+11	2.62852E-8	-2.84583E+1	2.57490E-2	-2.76250E-2
3.72344E+11	1.37537E-8	-3.06157E+1	1.78295E-2	2.34505E-2
3.72500E+11	9.75148E-9	-3.17438E+1	-2.36466E-2	1.04951E-2
3.72656E+11	5.78257E-9	-3.39865E+1	1.54984E-3	-1.99236E-2
3.72813E+11	4.75906E-9	-3.48348E+1	1.48251E-2	1.04262E-2
3.72969E+11	4.31816E-9	-3.52190E+1	-1.42765E-2	9.84153E-3
3.73125E+11	3.51193E-9	-3.60503E+1	-6.48544E-3	-1.43608E-2
3.73281E+11	3.06943E-9	-3.66705E+1	1.37523E-2	-5.11172E-3
3.73437E+11	3.24981E-9	-3.63927E+1	1.58321E-3	1.50655E-2
3.73594E+11	5.04500E-9	-3.47442E+1	-1.61931E-2	-8.55537E-3
3.73750E+11	4.93722E-9	-3.46991E+1	1.73259E-2	-6.22353E-3
3.73906E+11	3.65437E-9	-3.64752E+1	-8.15916E-4	1.49829E-2
3.74063E+11	3.35772E-9	-3.71928E+1	-1.32874E-2	-3.78254E-3
3.74219E+11	3.87765E-9	-3.70621E+1	6.35061E-3	-1.25045E-2
3.74375E+11	5.79276E-9	-3.56964E+1	1.00775E-2	1.29546E-2
3.74531E+11	1.10787E-8	-3.29751E+1	-2.24146E-2	1.28498E-3
3.74687E+11	2.45352E-8	-2.94157E+1	1.85852E-2	-2.82597E-2
3.74844E+11	4.07666E-8	-2.69158E+1	1.84567E-2	4.11545E-2
3.75000E+11	4.56963E-8	-2.65801E+1	-4.68709E-2	-9.70209E-4
3.75156E+11	8.89568E-8	-2.36761E+1	3.67576E-2	-5.42052E-2
3.75313E+11	1.68557E-7	-2.06940E+1	2.01305E-2	9.00999E-2
3.75469E+11	3.03062E-7	-1.83147E+1	-1.05873E-1	-5.94311E-2
3.75625E+11	5.41185E-7	-1.58761E+1	1.51008E-1	-5.51587E-2
3.75781E+11	7.48729E-7	-1.44862E+1	-9.84497E-2	1.60940E-1
3.75937E+11	7.06476E-7	-1.50755E+1	1.39322E-2	-1.75738E-1
3.76094E+11	5.50572E-7	-1.63909E+1	6.21909E-2	1.38164E-1
3.76250E+11	5.15010E-7	-1.65664E+1	-1.33468E-1	-6.50692E-2
3.76406E+11	5.56250E-7	-1.62194E+1	1.33230E-1	-7.83024E-2
3.76563E+11	6.44709E-7	-1.51901E+1	5.11599E-3	1.73903E-1
3.76719E+11	7.07557E-7	-1.44369E+1	-1.44100E-1	-1.23433E-1
3.76875E+11	5.32415E-7	-1.53579E+1	1.70259E-1	1.15452E-2
3.77031E+11	3.06045E-7	-1.76989E+1	-1.01496E-1	8.17632E-2
3.77188E+11	1.74895E-7	-2.03460E+1	-7.69718E-3	-9.57866E-2
3.77344E+11	9.89568E-8	-2.27126E+1	6.80772E-2	2.68384E-2
3.77500E+11	7.04694E-8	-2.37970E+1	-4.62636E-2	4.50689E-2
3.77656E+11	6.90725E-8	-2.37103E+1	-1.38457E-2	-6.37493E-2
3.77812E+11	6.58890E-8	-2.35334E+1	5.86011E-2	3.16002E-2
3.77969E+11	5.19694E-8	-2.46058E+1	-5.43930E-2	2.24525E-2
3.78125E+11	2.96865E-8	-2.71625E+1	3.41119E-3	-4.37077E-2
3.78281E+11	2.22129E-8	-2.87573E+1	3.34801E-2	1.45037E-2
3.78438E+11	1.88257E-8	-2.99648E+1	-2.37796E-2	2.10398E-2
3.78594E+11	2.20259E-8	-2.99795E+1	-7.24830E-3	-3.08578E-2
3.78750E+11	2.83324E-8	-2.90736E+1	3.43922E-2	7.41313E-3
3.78906E+11	3.97189E-8	-2.83681E+1	-2.43403E-2	2.93876E-2
3.79062E+11	4.06552E-8	-2.85373E+1	-1.52558E-2	-3.41719E-2
3.79219E+11	4.33292E-8	-2.85473E+1	3.73790E-2	1.80307E-4
3.79375E+11	4.87034E-8	-2.83670E+1	-1.70571E-2	3.41396E-2
3.79531E+11	6.68625E-8	-2.69387E+1	-2.87671E-2	-3.45841E-2
3.79688E+11	1.30170E-7	-2.44415E+1	5.63183E-2	-2.06034E-2
3.79844E+11	2.43095E-7	-2.16051E+1	-1.49167E-2	8.17780E-2
3.80000E+11	3.89358E-7	-1.95874E+1	-5.05036E-2	-9.19018E-2
3.80156E+11	4.50805E-7	-1.88308E+1	9.48622E-2	6.39576E-2
3.80312E+11	4.37255E-7	-1.86041E+1	-1.17351E-1	-4.41673E-3
3.80469E+11	5.20997E-7	-1.80792E+1	9.45636E-2	-8.13653E-2
3.80625E+11	6.31929E-7	-1.69927E+1	-4.69375E-3	1.41295E-1
3.80781E+11	9.51427E-7	-1.51704E+1	-1.02925E-1	-1.40756E-1
3.80938E+11	1.24224E-6	-1.37673E+1	1.65210E-1	1.21274E-1
3.81094E+11	1.10256E-6	-1.39776E+1	-1.84278E-1	-7.78350E-2
3.81250E+11	7.40547E-7	-1.56370E+1	1.63558E-1	-2.36058E-2
3.81406E+11	5.11505E-7	-1.68720E+1	-8.17448E-2	1.17760E-1
3.81562E+11	4.18881E-7	-1.77965E+1	-3.33265E-2	-1.24494E-1
3.81719E+11	3.57411E-7	-1.83363E+1	1.10374E-1	4.98550E-2
3.81875E+11	3.29369E-7	-1.84829E+1	-1.06236E-1	5.38074E-2
3.82031E+11	2.72572E-7	-1.93158E+1	2.22066E-2	-1.05892E-1
3.82188E+11	1.54003E-7	-2.19505E+1	5.46483E-2	5.82706E-2
3.82344E+11	7.20333E-8	-2.49930E+1	-5.49061E-2	1.23557E-2
3.82500E+11	3.57512E-8	-2.79219E+1	1.27040E-2	-3.81083E-2
3.82656E+11	2.42188E-8	-2.95279E+1	2.50622E-2	2.20620E-2
3.82812E+11	2.53312E-8	-2.93112E+1	-2.75759E-2	2.02840E-2
3.82969E+11	3.59692E-8	-2.79829E+1	-1.77808E-2	-3.57068E-2
3.83125E+11	3.47373E-8	-2.79587E+1	3.98705E-2	3.22395E-3
3.83281E+11	2.41181E-8	-2.99890E+1	-2.39628E-2	2.06959E-2
3.83438E+11	1.48075E-8	-3.24451E+1	-8.45719E-4	-2.38490E-2
3.83594E+11	1.24060E-8	-3.36131E+1	1.94067E-2	7.65406E-3
3.83750E+11	1.56274E-8	-3.27352E+1	-1.22198E-2	1.95799E-2
3.83906E+11	2.37246E-8	-3.09427E+1	-2.04102E-2	-1.97054E-2
3.84062E+11	1.40468E-8	-2.82641E+1	3.77361E-2	-8.20817E-3
3.84219E+11	2.69495E-8	-2.78842E+1	-2.44511E-2	3.20915E-2
3.84375E+11	8.58377E-9	-2.85982E+1	-1.85324E-2	-3.22102E-2
3.84531E+11	1.26893E-8	-2.86829E+1	3.67050E-2	-2.64864E-3
3.84688E+11	1.18340E-8	-2.82428E+1	-8.76248E-3	3.77086E-2
3.84844E+11	1.67912E-8	-2.67181E+1	-4.16801E-2	-1.97955E-2
3.85000E+11	4.07977E-8	-2.27009E+1	6.80732E-2	-2.71147E-2
3.85156E+11	7.65763E-8	-1.95470E+1	-4.39388E-2	9.57540E-2
3.85312E+11	1.66648E-7	-1.71114E+1	-4.54871E-2	-1.31827E-1
3.85469E+11	1.69912E-7	-1.72430E+1	1.33752E-1	3.12613E-2
3.85625E+11	1.28447E-7	-1.80094E+1	-8.89991E-2	8.88477E-2
3.85781E+11	1.69319E-7	-1.73592E+1	6.48405E-3	-1.35376E-1
3.85938E+11	2.20023E-7	-1.61753E+1	8.44826E-2	1.30338E-1
3.86094E+11	3.14580E-7	-1.46380E+1	-1.82410E-1	-3.31386E-2
3.86250E+11	3.11626E-7	-1.39108E+1	1.54346E-1	-1.29668E-1
3.86406E+11	2.20634E-7	-1.62052E+1	-3.72695E-3	1.54744E-1
3.86562E+11	1.19572E-7	-1.81694E+1	-8.43135E-2	-9.01874E-2
3.86719E+11	9.49300E-8	-2.03803E+1	9.56523E-2	-3.50093E-3
3.86875E+11	5.96140E-8	-2.21178E+1	-3.41734E-2	7.05187E-2
3.87031E+11	4.40169E-8	-2.33498E+1	-5.06721E-2	-4.53467E-2
3.87188E+11	3.45619E-8	-2.41098E+1	5.68801E-2	-2.54240E-2
3.87344E+11	4.13139E-8	-2.36752E+1	-2.92419E-2	5.86100E-2
3.87500E+11	1.95262E-8	-2.62439E+1	-1.05406E-2	-4.75772E-2
3.87656E+11	1.17346E-8	-2.87624E+1	3.44378E-2	1.19899E-2
3.87812E+11	8.07350E-9	-3.06112E+1	-1.42634E-2	2.57930E-2
3.87969E+11	7.54858E-9	-3.07755E+1	-2.36988E-2	-1.65782E-2
3.88125E+11	9.01087E-9	-2.96940E+1	2.71125E-2	-1.83821E-2
3.88281E+11	1.22148E-8	-2.84906E+1	-4.56391E-3	3.73465E-2
3.88438E+11	1.07386E-8	-2.90399E+1	-1.72324E-2	-3.08295E-2
3.88594E+11	5.99545E-9	-3.14660E+1	2.65609E-2	2.83348E-3
3.88750E+11	5.05859E-9	-3.22803E+1	-9.41139E-3	2.24266E-2
3.88906E+11	4.17999E-9	-3.28161E+1	-1.74315E-2	-1.47990E-2
3.89062E+11	4.03904E-9	-3.24520E+1	2.04307E-2	-1.22952E-2
3.89219E+11	7.49147E-9	-2.98301E+1	4.00482E-3	3.19978E-2
3.89375E+11	1.11021E-8	-2.85910E+1	-3.45012E-2	-1.38897E-2
3.89531E+11	1.23582E-8	-2.82086E+1	3.38895E-2	-1.90284E-2
3.89688E+11	8.82695E-9	-3.00911E+1	-4.49200E-3	3.09687E-2
3.89844E+11	1.34970E-8	-2.77909E+1	-2.81930E-2	-2.94658E-2
3.90000E+11	2.53697E-8	-2.44696E+1	5.82933E-2	-1.32270E-2
3.90156E+11	5.67616E-8	-2.10372E+1	-1.05497E-2	8.81149E-2
3.90312E+11	1.82129E-7	-1.66157E+1	-1.09081E-1	-9.94980E-2
3.90469E+11	3.84444E-7	-1.35582E+1	2.04642E-1	4.68592E-2
3.90625E+11	3.49776E-7	-1.30969E+1	-2.21196E-1	9.25634E-3
3.90781E+11	3.56955E-7	-1.41751E+1	1.57841E-1	-1.15430E-1
3.90938E+11	2.93116E-7	-1.50159E+1	9.09008E-3	1.77270E-1
3.91094E+11	2.60295E-7	-1.51538E+1	-1.62704E-1	-6.36405E-2
3.91250E+11	3.38534E-7	-1.41408E+1	1.60950E-1	-1.12411E-1
3.91406E+11	4.10622E-7	-1.26605E+1	-8.16137E-2	2.18019E-1
3.91562E+11	5.19036E-7	-1.24092E+1	-3.85613E-2	-2.36506E-1
3.91719E+11	3.55005E-7	-1.47409E+1	1.56816E-1	9.47382E-2
3.91875E+11	1.91532E-7	-1.72850E+1	-1.07305E-1	8.46829E-2
3.92031E+11	1.18196E-7	-1.92588E+1	-2.84859E-2	-1.05117E-1
3.92188E+11	1.00671E-7	-1.98515E+1	9.20868E-2	4.32192E-2
3.92344E+11	1.13460E-7	-1.90087E+1	-1.06094E-1	3.61691E-2
3.92500E+11	1.57156E-7	-1.73022E+1	5.27558E-2	-1.25810E-1
3.92656E+11	1.38968E-7	-1.78046E+1	6.81007E-2	1.09273E-1
3.92812E+11	7.72503E-8	-2.07186E+1	-9.15947E-2	9.24695E-3
3.92969E+11	4.81586E-8	-2.28921E+1	3.09499E-2	-6.46532E-2
3.93125E+11	3.79722E-8	-2.36547E+1	3.07138E-2	5.80278E-2
3.93281E+11	4.41193E-8	-2.25007E+1	-7.40528E-2	1.17790E-2
3.93438E+11	7.53500E-8	-2.03525E+1	1.07958E-2	-9.54139E-2
3.93594E+11	1.12969E-7	-1.86551E+1	9.89464E-2	6.19634E-2
3.93750E+11	1.09841E-7	-1.91216E+1	-1.07773E-1	2.50360E-2
3.93906E+11	6.68981E-8	-2.09339E+1	3.96676E-2	-8.05705E-2
3.94062E+11	6.73253E-8	-2.13854E+1	6.71071E-2	5.25874E-2
3.94219E+11	7.05065E-8	-2.03261E+1	-4.21582E-2	8.65984E-2
3.94375E+11	1.22214E-7	-1.81556E+1	-1.18307E-1	-3.59828E-2
3.94531E+11	2.21017E-7	-1.55435E+1	1.07062E-1	-1.28222E-1
3.94688E+11	4.39639E-7	-1.29596E+1	-6.77480E-2	2.14470E-1
3.94844E+11	5.27256E-7	-1.32115E+1	1.37158E-2	-2.18055E-1
3.95000E+11	3.80008E-7	-1.42212E+1	1.27275E-1	1.47088E-1
3.95156E+11	3.63951E-7	-1.48671E+1	-1.70497E-1	5.94670E-2
3.95312E+11	4.98777E-7	-1.38548E+1	-9.97902E-5	-2.02889E-1
3.95469E+11	7.09175E-7	-1.22710E+1	1.81969E-1	1.61761E-1
3.95625E+11	1.18873E-6	-1.04231E+1	-2.92486E-1	-7.19026E-2
3.95781E+11	1.41602E-6	-9.69810E+0	3.23807E-1	-4.84539E-2
3.95938E+11	1.08217E-6	-1.10418E+1	-1.86085E-1	2.09867E-1
3.96094E+11	7.83855E-7	-1.26486E+1	-5.08777E-2	-2.27496E-1
3.96250E+11	5.61998E-7	-1.35263E+1	1.88998E-1	9.31588E-2
3.96406E+11	7.56029E-7	-1.34261E+1	-1.95776E-1	8.43002E-2
3.96562E+11	7.17052E-7	-1.28139E+1	4.85618E-2	-2.23506E-1
3.96719E+11	9.94192E-7	-1.15902E+1	1.87565E-1	1.84819E-1
3.96875E+11	7.73533E-7	-1.20312E+1	-2.50234E-1	5.16841E-3
3.97031E+11	4.49161E-7	-1.47412E+1	1.32949E-1	-1.26052E-1
3.97188E+11	2.38546E-7	-1.77094E+1	-3.04020E-3	1.30140E-1
3.97344E+11	1.34138E-7	-1.96052E+1	-8.22204E-2	-6.47416E-2
3.97500E+11	1.06864E-7	-2.03341E+1	8.45376E-2	-4.59666E-2
3.97656E+11	1.16141E-7	-1.96257E+1	1.35368E-2	1.03523E-1
3.97812E+11	1.72230E-7	-1.84700E+1	-9.55726E-2	-7.13384E-2
3.97969E+11	9.92513E-8	-1.98807E+1	1.01383E-1	1.27516E-4
3.98125E+11	5.03934E-8	-2.27502E+1	-4.09027E-2	6.02953E-2
3.98281E+11	3.55515E-8	-2.44900E+1	-3.89387E-2	-4.51671E-2
3.98438E+11	2.85639E-8	-2.46565E+1	5.08545E-2	-2.89198E-2
3.98594E+11	2.90579E-8	-2.41443E+1	8.70960E-3	6.14419E-2
3.98750E+11	4.49227E-8	-2.21189E+1	-7.30475E-2	-2.83420E-2
3.98906E+11	5.74211E-8	-2.04063E+1	8.08090E-2	-5.07631E-2
3.99062E+11	5.42709E-8	-2.17805E+1	-7.88034E-4	8.14617E-2
3.99219E+11	3.38344E-8	-2.37292E+1	-5.92214E-2	-2.70191E-2
3.99375E+11	2.42792E-8	-2.47847E+1	4.70384E-2	-3.33220E-2
3.99531E+11	3.31734E-8	-2.43329E+1	2.89773E-3	6.06539E-2
3.99688E+11	4.76199E-8	-2.29865E+1	-6.26170E-2	-3.32657E-2
3.99844E+11	8.93059E-8	-2.02387E+1	8.34736E-2	-4.99737E-2
4.00000E+11	1.58613E-7	-1.78636E+1	-3.64133E-2	1.22592E-1
4.00156E+11	1.36046E-7	-1.88903E+1	-4.87389E-2	-1.02644E-1
4.00313E+11	1.33748E-7	-1.86602E+1	1.11854E-1	3.32050E-2
4.00469E+11	1.55759E-7	-1.79294E+1	-9.39138E-2	8.53739E-2
4.00625E+11	2.17634E-7	-1.65219E+1	-3.84206E-2	-1.44216E-1
4.00781E+11	3.68264E-7	-1.48412E+1	1.77192E-1	3.74635E-2
4.00937E+11	5.32071E-7	-1.29726E+1	-2.04085E-1	9.37292E-2
4.01094E+11	5.96381E-7	-1.29671E+1	1.75476E-1	-1.40386E-1
4.01250E+11	3.82112E-7	-1.52385E+1	-5.59343E-2	1.63720E-1
4.01406E+11	2.15621E-7	-1.74989E+1	-8.98868E-2	-9.85283E-2
4.01563E+11	1.24327E-7	-1.99485E+1	8.89542E-2	-4.69732E-2
4.01719E+11	1.50329E-7	-1.97241E+1	9.25825E-3	1.02811E-1
4.01875E+11	1.83670E-7	-1.90870E+1	-8.26962E-2	-7.41678E-2
4.02031E+11	1.86601E-7	-1.84365E+1	1.08185E-1	5.12788E-2
4.02187E+11	1.00617E-7	-2.11230E+1	-8.72739E-2	-1.02362E-2
4.02344E+11	3.99568E-8	-2.44495E+1	4.24055E-2	-4.23247E-2
4.02500E+11	1.93889E-8	-2.75766E+1	1.95964E-2	3.69213E-2
4.02656E+11	2.10587E-8	-2.71419E+1	-4.19441E-2	1.31074E-2
4.02813E+11	2.32403E-8	-2.67141E+1	-6.84502E-4	-4.61580E-2
4.02969E+11	3.02519E-8	-2.45057E+1	5.37779E-2	2.55228E-2
4.03125E+11	4.93354E-8	-2.30150E+1	-6.76739E-2	2.03665E-2
4.03281E+11	2.62455E-8	-2.58106E+1	2.13636E-2	-4.65559E-2
4.03437E+11	1.29192E-8	-2.84132E+1	2.33135E-2	2.99586E-2
4.03594E+11	9.19017E-9	-2.98013E+1	-3.06494E-2	1.03644E-2
4.03750E+11	1.42247E-8	-2.86203E+1	-4.27757E-3	-3.68190E-2
4.03906E+11	2.00037E-8	-2.61327E+1	4.88348E-2	7.17346E-3
4.04063E+11	4.64447E-8	-2.27310E+1	-3.25430E-2	6.53684E-2
4.04219E+11	8.05884E-8	-2.02260E+1	-5.01946E-2	-8.35076E-2
4.04375E+11	5.49147E-8	-2.16091E+1	8.27485E-2	-7.52313E-3
4.04531E+11	4.42164E-8	-2.24685E+1	-7.27073E-3	7.49099E-2
4.04687E+11	4.66594E-8	-2.23943E+1	-7.26300E-2	-2.20640E-2
4.04844E+11	6.62934E-8	-2.08927E+1	4.28240E-2	-7.94228E-2
4.05000E+11	1.31410E-7	-1.80293E+1	8.51315E-2	9.21684E-2
4.05156E+11	3.39140E-7	-1.39595E+1	-2.00396E-1	4.96461E-3
4.05313E+11	5.42027E-7	-1.27368E+1	1.68310E-1	-1.57864E-1
4.05469E+11	4.58994E-7	-1.31946E+1	4.16698E-2	2.14909E-1
4.05625E+11	5.10548E-7	-1.29693E+1	-2.17823E-1	-5.50228E-2
4.05781E+11	5.25769E-7	-1.28362E+1	1.41099E-1	-1.79266E-1
4.05937E+11	7.16992E-7	-1.17981E+1	8.47330E-2	2.42731E-1
4.06094E+11	1.13807E-6	-1.01906E+1	-2.81820E-1	-1.27607E-1
4.06250E+11	1.39245E-6	-8.99283E+0	3.46560E-1	-7.74404E-2
4.06406E+11	1.18428E-6	-9.69168E+0	-2.12847E-1	2.49105E-1
4.06563E+11	6.19175E-7	-1.20137E+1	-4.99127E-2	-2.45777E-1
4.06719E+11	4.69418E-7	-1.37794E+1	1.89453E-1	7.74131E-2
4.06875E+11	3.71611E-7	-1.50788E+1	-1.47226E-1	9.68456E-2
4.07031E+11	4.44599E-7	-1.44910E+1	2.45496E-2	-1.86955E-1
4.07187E+11	6.26679E-7	-1.33101E+1	1.42437E-1	1.62408E-1
4.07344E+11	5.00763E-7	-1.33212E+1	-2.11424E-1	-4.29634E-2
4.07500E+11	2.28785E-7	-1.65183E+1	1.24581E-1	-8.22962E-2
4.07656E+11	1.06420E-7	-1.96979E+1	-1.12902E-2	1.02922E-1
4.07813E+11	6.83123E-8	-2.19748E+1	-6.16951E-2	-5.03980E-2
4.07969E+11	5.17307E-8	-2.29008E+1	5.83514E-2	-4.15063E-2
4.08125E+11	7.13087E-8	-2.20012E+1	2.75168E-2	7.45029E-2
4.08281E+11	1.29958E-7	-2.01594E+1	-9.38457E-2	-2.88560E-2
4.08437E+11	1.03405E-7	-2.03325E+1	9.15698E-2	-2.96289E-2
4.08594E+11	5.67806E-8	-2.25596E+1	-3.61354E-2	6.51230E-2
4.08750E+11	3.35240E-8	-2.40802E+1	-3.60496E-2	-5.10749E-2
4.08906E+11	2.54090E-8	-2.45881E+1	5.13114E-2	-2.90516E-2
4.09063E+11	2.96157E-8	-2.34899E+1	2.80456E-2	6.07506E-2
4.09219E+11	5.53395E-8	-2.04310E+1	-9.51306E-2	2.32548E-3
4.09375E+11	1.05638E-7	-1.77146E+1	1.07101E-1	-7.38575E-2
4.09531E+11	8.91948E-8	-1.80881E+1	-6.71357E-2	1.04993E-1
4.09687E+11	6.57063E-8	-1.90944E+1	-5.58967E-2	-9.58856E-2
4.09844E+11	5.72628E-8	-1.96716E+1	9.54937E-2	-4.08229E-2
4.10000E+11	7.01101E-8	-1.91374E+1	3.11049E-2	1.05971E-1
4.10156E+11	1.47029E-7	-1.69007E+1	-1.42862E-1	-2.07041E-3
4.10313E+11	2.99381E-7	-1.36853E+1	1.17424E-1	-1.70335E-1
4.10469E+11	5.27134E-7	-1.16192E+1	5.90501E-2	2.55717E-1
4.10625E+11	5.63728E-7	-1.13691E+1	-2.57403E-1	-8.18770E-2
4.10781E+11	4.84572E-7	-1.20454E+1	1.98385E-1	-1.51930E-1
4.10937E+11	6.06835E-7	-1.22284E+1	-4.22166E-2	2.41001E-1
4.11094E+11	6.54113E-7	-1.16903E+1	-9.62947E-2	-2.41841E-1
4.11250E+11	8.66048E-7	-1.04373E+1	2.55828E-1	1.58029E-1
4.11406E+11	1.13735E-6	-9.05951E+0	-3.48445E-1	5.25834E-2
4.11563E+11	1.68281E-6	-8.77440E+0	2.86032E-1	-2.25368E-1
4.11719E+11	1.11056E-6	-1.10254E+1	-1.05477E-1	2.60469E-1
4.11875E+11	6.07608E-7	-1.33042E+1	-4.19475E-2	-2.12057E-1
4.12031E+11	4.21089E-7	-1.54526E+1	1.42365E-1	9.06927E-2
4.12187E+11	3.17734E-7	-1.68406E+1	-1.31197E-1	5.90430E-2
4.12344E+11	3.64955E-7	-1.62901E+1	2.94931E-2	-1.50420E-1
4.12500E+11	4.33964E-7	-1.55059E+1	7.04314E-2	1.52266E-1
4.12656E+11	1.72951E-7	-1.87501E+1	-9.46075E-2	-6.62132E-2
4.12813E+11	9.90230E-8	-2.10904E+1	8.32558E-2	-2.91217E-2
4.12969E+11	6.50670E-8	-2.32929E+1	6.48261E-3	6.81393E-2
4.13125E+11	3.21710E-8	-2.62725E+1	-4.83293E-2	-4.83755E-3
4.13281E+11	2.66146E-8	-2.66663E+1	2.25892E-2	-4.05504E-2
4.13437E+11	3.34659E-8	-2.54590E+1	1.75802E-2	5.03590E-2
4.13594E+11	3.96494E-8	-2.47173E+1	-4.61984E-2	-3.52228E-2
4.13750E+11	3.32146E-8	-2.58600E+1	5.09232E-2	1.01628E-3
4.13906E+11	9.27390E-9	-3.07492E+1	-1.52964E-2	2.46489E-2
4.14063E+11	7.15019E-9	-3.10127E+1	-1.47213E-2	-2.39852E-2
4.14219E+11	5.71729E-9	-3.15591E+1	2.62876E-2	-2.70850E-3
4.14375E+11	1.04330E-8	-2.90554E+1	-9.96023E-3	3.38194E-2
4.14531E+11	1.96991E-8	-2.59450E+1	-3.75847E-2	-3.36350E-2
4.14687E+11	2.00864E-8	-2.51113E+1	5.52585E-2	-5.36634E-3
4.14844E+11	1.34938E-8	-2.61404E+1	-2.31406E-2	4.35490E-2
4.15000E+11	9.74542E-9	-2.75833E+1	-2.94820E-2	-2.95856E-2
4.15156E+11	1.19608E-8	-2.76956E+1	3.50850E-2	-2.16565E-2
4.15313E+11	1.33031E-8	-2.70507E+1	1.46986E-2	4.19051E-2
4.15469E+11	2.38737E-8	-2.45929E+1	-5.88661E-2	-2.80237E-3
4.15625E+11	5.22660E-8	-2.11643E+1	7.15477E-2	-5.02921E-2
4.15781E+11	6.35224E-8	-2.00419E+1	-4.37697E-2	8.93771E-2
4.15937E+11	5.11941E-8	-2.16658E+1	-2.57448E-2	-7.84314E-2
4.16094E+11	4.09403E-8	-2.26223E+1	7.35538E-2	7.55415E-3
4.16250E+11	8.96576E-8	-1.96702E+1	-4.78660E-2	9.21836E-2
4.16406E+11	1.34862E-7	-1.76288E+1	-7.44016E-2	-1.08294E-1
4.16563E+11	4.26676E-7	-1.32138E+1	2.11420E-1	5.48900E-2
4.16719E+11	6.54067E-7	-1.10804E+1	-2.70616E-1	6.88615E-2
4.16875E+11	5.89038E-7	-1.22193E+1	1.56347E-1	-1.88531E-1
4.17031E+11	4.06771E-7	-1.42043E+1	2.68459E-2	1.93031E-1
4.17187E+11	2.72184E-7	-1.59639E+1	-1.37677E-1	-7.98344E-2
4.17344E+11	2.04167E-7	-1.68629E+1	1.34602E-1	-4.97474E-2
4.17500E+11	2.39777E-7	-1.71829E+1	-4.12820E-2	1.32006E-1
4.17656E+11	2.41476E-7	-1.66324E+1	-8.28224E-2	-1.21883E-1
4.17813E+11	1.84364E-7	-1.76247E+1	1.28739E-1	2.65678E-2
4.17969E+11	7.17507E-8	-2.14832E+1	-7.49096E-2	3.86705E-2
4.18125E+11	2.71765E-8	-2.54457E+1	1.53751E-2	-5.11611E-2
4.18281E+11	1.55443E-8	-2.78518E+1	2.24522E-2	3.37020E-2
4.18437E+11	1.14822E-8	-3.01023E+1	-3.12519E-2	2.04207E-4
4.18594E+11	1.00226E-8	-3.07235E+1	1.33518E-2	-2.58509E-2
4.18750E+11	1.48927E-8	-2.91170E+1	1.33882E-2	3.23454E-2
4.18906E+11	1.25242E-8	-2.90993E+1	-3.04457E-2	-1.74221E-2
4.19063E+11	6.74106E-9	-3.11468E+1	2.51240E-2	-1.16921E-2
4.19219E+11	3.52738E-9	-3.37252E+1	3.17126E-3	2.03484E-2
4.19375E+11	2.22273E-9	-3.54449E+1	-1.67539E-2	2.17833E-3
4.19531E+11	2.30644E-9	-3.52562E+1	1.07400E-4	-1.72656E-2
4.19687E+11	2.66669E-9	-3.38887E+1	1.96997E-2	4.51301E-3
4.19844E+11	3.25972E-9	-3.25862E+1	-1.87376E-2	1.41491E-2
4.20000E+11	3.13210E-9	-3.36363E+1	1.96325E-3	-2.07130E-2
4.20156E+11	1.67676E-9	-3.53068E+1	1.52885E-2	7.80534E-3
4.20313E+11	1.39438E-9	-3.61768E+1	-9.70335E-3	1.21250E-2
4.20469E+11	1.56706E-9	-3.54796E+1	-9.55914E-3	-1.38488E-2
4.20625E+11	2.74225E-9	-3.32251E+1	2.14566E-2	-3.93512E-3
4.20781E+11	6.75160E-9	-2.92813E+1	-1.16505E-2	3.23144E-2
4.20937E+11	1.48686E-8	-2.60988E+1	-2.01966E-2	-4.52493E-2
4.21094E+11	1.18101E-8	-2.66896E+1	4.32436E-2	1.65246E-2
4.21250E+11	1.63534E-8	-2.65807E+1	-3.64663E-2	2.94570E-2
4.21406E+11	2.68786E-8	-2.43947E+1	-8.39957E-3	-5.97047E-2
4.21563E+11	4.73221E-8	-2.15298E+1	7.91209E-2	2.77670E-2
4.21719E+11	1.15510E-7	-1.78066E+1	-8.94774E-2	9.25445E-2
4.21875E+11	3.12528E-7	-1.34717E+1	8.46118E-3	-2.11870E-1
4.22031E+11	4.91871E-7	-1.17753E+1	7.44842E-2	2.46775E-1
4.22187E+11	3.65418E-7	-1.31232E+1	-1.52537E-1	-1.59528E-1
4.22344E+11	2.07911E-7	-1.51055E+1	1.75094E-1	1.43616E-2
4.22500E+11	1.71237E-7	-1.62813E+1	-1.09021E-1	1.07972E-1
4.22656E+11	2.15809E-7	-1.59567E+1	-5.93028E-3	-1.59171E-1
4.22813E+11	2.38509E-7	-1.54595E+1	1.16362E-1	1.22097E-1
4.22969E+11	2.50837E-7	-1.55271E+1	-1.59461E-1	-5.07979E-2
4.23125E+11	1.33994E-7	-1.76662E+1	1.29383E-1	-1.93736E-2
4.23281E+11	5.08719E-8	-2.23983E+1	-3.65781E-2	6.64729E-2
4.23438E+11	2.12822E-8	-2.54863E+1	-3.40053E-2	-4.08772E-2
4.23594E+11	1.45797E-8	-2.69975E+1	4.07242E-2	-1.83840E-2
4.23750E+11	1.63816E-8	-2.68427E+1	2.41310E-3	4.54205E-2
4.23906E+11	2.61669E-8	-2.56560E+1	-4.69252E-2	-2.27376E-2
4.24062E+11	3.06660E-8	-2.45153E+1	5.67859E-2	-1.76359E-2
4.24219E+11	1.27512E-8	-2.84143E+1	-1.83065E-2	3.32502E-2
4.24375E+11	4.35899E-9	-3.26779E+1	-1.41326E-2	-1.84403E-2
4.24531E+11	3.55247E-9	-3.43554E+1	1.77480E-2	-7.19967E-3
4.24688E+11	3.24568E-9	-3.38018E+1	6.72011E-4	2.04020E-2
4.24844E+11	4.93740E-9	-3.23642E+1	-2.30790E-2	-6.89651E-3
4.25000E+11	1.84684E-8	-2.73211E+1	3.14403E-2	-2.94032E-2
4.25156E+11	1.96984E-8	-2.66075E+1	-2.96079E-3	4.66393E-2
4.25312E+11	1.00531E-8	-2.93782E+1	-2.65012E-2	-2.12515E-2
4.25469E+11	8.40089E-9	-2.92879E+1	2.99187E-2	-1.68239E-2
4.25625E+11	9.21290E-9	-2.84634E+1	6.45745E-3	3.71860E-2
4.25781E+11	2.10761E-8	-2.59326E+1	-4.99145E-2	-7.72912E-3
4.25938E+11	3.45825E-8	-2.35922E+1	2.92856E-2	-5.92907E-2
4.26094E+11	8.21955E-8	-2.03790E+1	5.75966E-2	7.64651E-2
4.26250E+11	9.80662E-8	-1.94811E+1	-1.06043E-1	-4.91739E-3
4.26406E+11	7.34415E-8	-2.05500E+1	4.88758E-2	-8.01350E-2
4.26562E+11	8.68510E-8	-2.02375E+1	6.27211E-2	7.43901E-2
4.26719E+11	1.42597E-7	-1.89873E+1	-1.01369E-1	4.84817E-2
4.26875E+11	2.37596E-7	-1.66941E+1	-1.02243E-2	-1.45960E-1
4.27031E+11	6.35002E-7	-1.26007E+1	1.92867E-1	1.33220E-1
4.27188E+11	1.48579E-6	-9.46202E+0	-3.36301E-1	-9.42795E-3
4.27344E+11	1.32003E-6	-9.33494E+0	3.29671E-1	-8.86880E-2
4.27500E+11	9.54425E-7	-1.09624E+1	-2.01365E-1	1.98935E-1
4.27656E+11	8.43759E-7	-1.18113E+1	1.87011E-2	-2.56024E-1
4.27812E+11	8.54114E-7	-1.18874E+1	1.89131E-1	1.70240E-1
4.27969E+11	8.88509E-7	-1.14058E+1	-2.62271E-1	5.96649E-2
4.28125E+11	1.02116E-6	-1.04931E+1	1.34104E-1	-2.66987E-1
4.28281E+11	1.06042E-6	-9.94624E+0	1.90865E-2	3.17618E-1
4.28438E+11	5.97262E-7	-1.26409E+1	-1.17855E-1	-2.01368E-1
4.28594E+11	2.00390E-7	-1.65836E+1	1.45153E-1	2.98481E-2
4.28750E+11	1.36957E-7	-1.92110E+1	-6.88705E-2	8.51420E-2
4.28906E+11	8.25159E-8	-2.09084E+1	-4.48952E-2	-7.80831E-2
4.29062E+11	8.34362E-8	-2.11647E+1	8.68728E-2	-1.00360E-2
4.29219E+11	1.08788E-7	-2.03480E+1	-5.06730E-2	8.16218E-2
4.29375E+11	6.84340E-8	-2.19400E+1	-3.16359E-3	-7.99207E-2
4.29531E+11	3.12044E-8	-2.61827E+1	3.87139E-2	3.01606E-2
4.29688E+11	1.35581E-8	-2.96798E+1	-2.88257E-2	1.56715E-2
4.29844E+11	9.82105E-9	-3.10832E+1	-3.25733E-3	-2.77244E-2
4.30000E+11	1.02962E-8	-3.05381E+1	2.82639E-2	9.19881E-3
4.30156E+11	1.63239E-8	-2.89520E+1	-2.74655E-2	2.27718E-2
4.30312E+11	1.87904E-8	-2.68882E+1	-2.32685E-3	-4.51871E-2
4.30469E+11	1.50786E-8	-2.76889E+1	3.25396E-2	2.53725E-2
4.30625E+11	6.83269E-9	-3.04615E+1	-2.44506E-2	1.73598E-2
4.30781E+11	4.81713E-9	-3.15549E+1	-1.20513E-2	-2.35334E-2
4.30938E+11	4.86659E-9	-3.19290E+1	2.34859E-2	-9.47498E-3
4.31094E+11	6.41386E-9	-3.06443E+1	6.24897E-3	2.86894E-2
4.31250E+11	1.28293E-8	-2.77639E+1	-4.08874E-2	1.28964E-3
4.31406E+11	2.13496E-8	-2.50580E+1	2.77099E-2	-4.85025E-2
4.31562E+11	1.75900E-8	-2.64683E+1	2.07970E-2	4.26919E-2
4.31719E+11	1.15333E-8	-2.76961E+1	-4.07071E-2	6.53350E-3
4.31875E+11	1.51175E-8	-2.71574E+1	4.72074E-3	-4.36116E-2
4.32031E+11	2.51452E-8	-2.53355E+1	5.05080E-2	1.93934E-2
4.32188E+11	5.70125E-8	-2.18588E+1	-5.04234E-2	6.30520E-2
4.32344E+11	2.06515E-7	-1.75026E+1	-4.55953E-2	-1.25273E-1
4.32500E+11	3.88298E-7	-1.48806E+1	1.52629E-1	9.59616E-2
4.32656E+11	4.46587E-7	-1.47157E+1	-1.83030E-1	1.62034E-2
4.32812E+11	3.89387E-7	-1.49108E+1	1.11511E-1	-1.40870E-1
4.32969E+11	4.55913E-7	-1.47685E+1	3.00678E-2	1.80139E-1
4.33125E+11	4.89782E-7	-1.44980E+1	-1.61269E-1	-9.74162E-2
4.33281E+11	5.41448E-7	-1.38100E+1	1.93967E-1	-6.29916E-2
4.33438E+11	6.63284E-7	-1.27241E+1	-1.22656E-1	1.95860E-1
4.33594E+11	6.19845E-7	-1.34349E+1	1.32693E-2	-2.12524E-1
4.33750E+11	2.93811E-7	-1.70789E+1	9.00979E-2	1.07126E-1
4.33906E+11	1.09306E-7	-2.04715E+1	-9.28379E-2	1.87703E-2
4.34062E+11	8.69653E-8	-2.28085E+1	1.65146E-2	-7.04630E-2
4.34219E+11	6.57990E-8	-2.40883E+1	4.76530E-2	4.03751E-2
4.34375E+11	6.28980E-8	-2.41171E+1	-5.97291E-2	1.75389E-2
4.34531E+11	6.33187E-8	-2.40694E+1	3.62137E-2	-5.10542E-2
4.34688E+11	2.97720E-8	-2.75529E+1	2.27232E-3	4.18518E-2
4.34844E+11	1.24021E-8	-3.06104E+1	-2.60486E-2	-1.37968E-2
4.35000E+11	8.27930E-9	-3.26679E+1	1.74131E-2	-1.54209E-2
4.35156E+11	6.75232E-9	-3.39107E+1	9.94928E-3	1.75326E-2
4.35312E+11	7.25021E-9	-3.36284E+1	-1.99167E-2	6.08267E-3
4.35469E+11	9.75885E-9	-3.20716E+1	2.80654E-3	-2.47541E-2
4.35625E+11	9.04201E-9	-3.15158E+1	1.87874E-2	1.87727E-2
4.35781E+11	5.96886E-9	-3.33116E+1	-2.13027E-2	3.56160E-3
4.35938E+11	3.50814E-9	-3.50975E+1	2.85550E-3	-1.73508E-2
4.36094E+11	2.14443E-9	-3.61632E+1	1.50670E-2	3.86114E-3
4.36250E+11	1.88706E-9	-3.64383E+1	-3.88811E-3	1.45588E-2
4.36406E+11	2.72001E-9	-3.48416E+1	-1.58083E-2	-8.83569E-3
4.36562E+11	6.13481E-9	-3.13901E+1	2.32615E-2	-1.36011E-2
4.36719E+11	8.61142E-9	-2.99466E+1	-8.96820E-3	3.05276E-2
4.36875E+11	4.96581E-9	-3.23176E+1	-1.78249E-2	-1.63932E-2
4.37031E+11	5.54983E-9	-3.20068E+1	2.11594E-2	-1.35001E-2
4.37188E+11	8.15552E-9	-3.04913E+1	7.11448E-3	2.90246E-2
4.37344E+11	1.80553E-8	-2.69613E+1	-4.30078E-2	-1.27839E-2
4.37500E+11	5.16570E-8	-2.28272E+1	6.34450E-2	-3.44971E-2
4.37656E+11	1.13459E-7	-1.92661E+1	-4.08814E-2	1.00845E-1
4.37812E+11	1.78081E-7	-1.74615E+1	-4.89532E-2	-1.24679E-1
4.37969E+11	2.11036E-7	-1.68838E+1	1.41055E-1	2.44416E-2
4.38125E+11	2.56938E-7	-1.57660E+1	-1.22253E-1	1.07535E-1
4.38281E+11	3.16439E-7	-1.47599E+1	3.05209E-2	-1.80247E-1
4.38438E+11	4.82473E-7	-1.31870E+1	7.82408E-2	2.04659E-1
4.38594E+11	6.46146E-7	-1.16286E+1	-2.08412E-1	-1.59038E-1
4.38750E+11	7.73651E-7	-1.09164E+1	2.82204E-1	3.65718E-2
4.38906E+11	5.61244E-7	-1.25786E+1	-2.17268E-1	8.95548E-2
4.39062E+11	2.92646E-7	-1.50843E+1	9.25007E-2	-1.49861E-1
4.39219E+11	2.25882E-7	-1.68645E+1	3.06392E-2	1.40165E-1
4.39375E+11	1.74758E-7	-1.76831E+1	-1.19176E-1	-5.33475E-2
4.39531E+11	1.59850E-7	-1.80848E+1	1.05392E-1	-6.65968E-2
4.39688E+11	1.63016E-7	-1.84318E+1	-2.83750E-2	1.16378E-1
4.39844E+11	9.47129E-8	-2.12157E+1	-2.41946E-2	-8.35045E-2
4.40000E+11	4.41613E-8	-2.49529E+1	4.87892E-2	2.85728E-2
4.40156E+11	2.25314E-8	-2.75214E+1	-3.58924E-2	2.19378E-2
4.40312E+11	1.95767E-8	-2.86501E+1	-9.84740E-3	-3.56030E-2
4.40469E+11	1.76331E-8	-2.87274E+1	3.66013E-2	9.07481E-4
4.40625E+11	2.64212E-8	-2.75553E+1	-2.16904E-2	3.58511E-2
4.40781E+11	2.91583E-8	-2.67808E+1	-5.71056E-3	-4.54527E-2
4.40938E+11	1.69608E-8	-2.88742E+1	2.67847E-2	2.40522E-2
4.41094E+11	9.75033E-9	-3.11020E+1	-2.63124E-2	9.14064E-3
4.41250E+11	6.27597E-9	-3.20958E+1	5.76863E-4	-2.48367E-2
4.41406E+11	6.92315E-9	-3.19511E+1	2.24427E-2	1.15945E-2
4.41562E+11	1.01481E-8	-3.01237E+1	-2.73831E-2	1.49028E-2
4.41719E+11	2.01802E-8	-2.69838E+1	7.04301E-3	-4.41943E-2
4.41875E+11	2.20178E-8	-2.60060E+1	2.72467E-2	4.20241E-2
4.42031E+11	1.39392E-8	-2.73419E+1	-4.29352E-2	-8.76704E-4
4.42188E+11	1.50533E-8	-2.80869E+1	1.78716E-2	-3.51300E-2
4.42344E+11	1.50579E-8	-2.78778E+1	2.57461E-2	3.11006E-2
4.42500E+11	2.23162E-8	-2.61948E+1	-4.51694E-2	1.90109E-2
4.42656E+11	4.25534E-8	-2.33011E+1	-1.54108E-2	-6.66236E-2
4.42812E+11	1.18892E-7	-1.97416E+1	1.00171E-1	2.40602E-2
4.42969E+11	1.96138E-7	-1.84751E+1	-1.05350E-1	5.57489E-2
4.43125E+11	1.95028E-7	-1.86680E+1	3.41582E-2	-1.11457E-1
4.43281E+11	1.88996E-7	-1.85678E+1	7.98889E-2	8.67429E-2
4.43438E+11	2.50820E-7	-1.73708E+1	-1.20642E-1	6.13622E-2
4.43594E+11	4.45398E-7	-1.52073E+1	-1.25793E-2	-1.73178E-1
4.43750E+11	7.91993E-7	-1.29026E+1	1.51189E-1	1.68513E-1
4.43906E+11	1.17945E-6	-1.12429E+1	-2.14517E-1	-1.70571E-1
4.44062E+11	8.34276E-7	-1.22392E+1	2.10964E-1	1.23322E-1
4.44219E+11	4.95428E-7	-1.43496E+1	-1.86514E-1	4.40905E-2
4.44375E+11	4.30024E-7	-1.56629E+1	2.92145E-2	-1.62151E-1
4.44531E+11	3.23818E-7	-1.62942E+1	1.17965E-1	9.77635E-2
4.44688E+11	3.86238E-7	-1.61854E+1	-1.55062E-1	-4.98810E-3
4.44844E+11	3.93151E-7	-1.57444E+1	1.53729E-1	-5.48535E-2
4.45000E+11	3.14581E-7	-1.72100E+1	-9.53392E-2	9.96053E-2
4.45156E+11	1.23414E-7	-2.13784E+1	-1.50452E-2	-8.39884E-2
4.45312E+11	4.92418E-8	-2.53085E+1	5.33933E-2	9.72543E-3
4.45469E+11	2.82041E-8	-2.83572E+1	-2.49427E-2	2.89418E-2
4.45625E+11	1.61026E-8	-2.99008E+1	-4.57608E-3	-3.16569E-2
4.45781E+11	1.60541E-8	-3.00401E+1	2.61193E-2	1.75665E-2
4.45937E+11	1.30828E-8	-3.00196E+1	-3.00002E-2	9.77206E-3
4.46094E+11	9.65481E-9	-3.19294E+1	1.09201E-2	-2.28484E-2
4.46250E+11	3.50921E-9	-3.55711E+1	4.24678E-3	1.61005E-2
4.46406E+11	2.03036E-9	-3.79342E+1	-1.01939E-2	-7.54948E-3
4.46563E+11	1.47173E-9	-3.89223E+1	1.04833E-2	-4.27399E-3
4.46719E+11	1.88476E-9	-3.80468E+1	3.24554E-3	1.20937E-2
4.46875E+11	2.46123E-9	-3.67156E+1	-1.42917E-2	2.96289E-3
4.47031E+11	2.61196E-9	-3.59071E+1	4.95220E-3	-1.52346E-2
4.47187E+11	1.57842E-9	-3.74732E+1	3.71851E-3	1.28493E-2
4.47344E+11	1.38489E-9	-3.90246E+1	-1.04471E-2	-4.00494E-3
4.47500E+11	1.23360E-9	-3.96637E+1	5.43561E-3	-8.86035E-3
4.47656E+11	1.35428E-9	-3.87283E+1	1.05975E-2	4.65981E-3
4.47813E+11	2.48683E-9	-3.68263E+1	-7.89266E-3	1.20570E-2
4.47969E+11	4.79603E-9	-3.41664E+1	-4.17582E-3	-1.91235E-2
4.48125E+11	6.59006E-9	-3.28893E+1	1.55308E-2	1.65203E-2
4.48281E+11	4.74601E-9	-3.34324E+1	-2.12147E-2	1.90543E-3
4.48437E+11	4.88767E-9	-3.33268E+1	2.52169E-3	-2.14125E-2
4.48594E+11	7.26726E-9	-3.18977E+1	2.34133E-2	9.88987E-3
4.48750E+11	1.55998E-8	-2.90188E+1	-3.27935E-2	1.33445E-2
4.48906E+11	3.87145E-8	-2.51252E+1	3.64185E-2	-4.17869E-2
4.49063E+11	9.97109E-8	-2.13628E+1	-2.99338E-2	8.00663E-2
4.49219E+11	1.23304E-7	-1.99511E+1	-2.09886E-2	-9.83494E-2
4.49375E+11	1.25433E-7	-2.02633E+1	7.52163E-2	6.12714E-2
4.49531E+11	1.18114E-7	-2.05795E+1	-9.10280E-2	-2.15597E-2
4.49687E+11	1.13693E-7	-2.08037E+1	9.10033E-2	-5.37617E-3
4.49844E+11	1.04603E-7	-2.07254E+1	-7.83291E-2	4.82311E-2
4.50000E+11	1.08106E-7	-2.09530E+1	2.71088E-2	-8.54101E-2
4.50156E+11	9.26211E-8	-2.24708E+1	2.48178E-2	7.10313E-2
4.50313E+11	3.81242E-8	-2.59604E+1	-3.66731E-2	-3.44960E-2
4.50469E+11	1.51787E-8	-3.03981E+1	2.97646E-2	5.14626E-3
4.50625E+11	6.16455E-9	-3.37049E+1	-1.58649E-2	1.32062E-2
4.50781E+11	4.03114E-9	-3.56252E+1	-5.36395E-3	-1.56543E-2
4.50937E+11	3.75593E-9	-3.64122E+1	1.51143E-2	-2.54172E-5
4.51094E+11	3.35596E-9	-3.69666E+1	-9.11268E-3	1.08641E-2
4.51250E+11	2.69758E-9	-3.80890E+1	1.07640E-3	-1.24144E-2
4.51406E+11	1.39304E-9	-4.10415E+1	6.29832E-3	6.24571E-3
4.51563E+11	7.00982E-10	-4.35223E+1	-5.66040E-3	3.52132E-3
4.51719E+11	5.50325E-10	-4.41787E+1	-2.61244E-3	-5.60189E-3
4.51875E+11	5.67328E-10	-4.46468E+1	5.77988E-3	-9.46060E-4
4.52031E+11	8.25320E-10	-4.31047E+1	-3.52292E-3	6.04271E-3
4.52187E+11	9.22360E-10	-4.20162E+1	-2.00477E-3	-7.67085E-3
4.52344E+11	9.33785E-10	-4.30548E+1	6.69566E-3	2.15840E-3
4.52500E+11	5.81968E-10	-4.48952E+1	-4.07952E-3	3.96898E-3
4.52656E+11	6.00178E-10	-4.51737E+1	-1.02010E-3	-5.41687E-3
4.52813E+11	6.11101E-10	-4.46345E+1	5.44232E-3	2.18652E-3
4.52969E+11	7.86219E-10	-4.26655E+1	-5.57296E-3	4.80346E-3
4.53125E+11	1.49025E-9	-4.06064E+1	-2.74288E-3	-8.91318E-3
4.53281E+11	1.75004E-9	-3.92503E+1	1.03443E-2	3.44034E-3
4.53437E+11	1.52749E-9	-3.95576E+1	-9.60687E-3	4.29318E-3
4.53594E+11	1.71775E-9	-3.94160E+1	3.48189E-3	-1.01129E-2
4.53750E+11	1.68918E-9	-3.83612E+1	9.03243E-3	8.01604E-3
4.53906E+11	3.28893E-9	-3.57218E+1	-1.07254E-2	1.23600E-2
4.54063E+11	7.04509E-9	-3.23170E+1	-1.93048E-2	-1.46240E-2
4.54219E+11	1.58878E-8	-2.84970E+1	3.34508E-2	-1.71625E-2
4.54375E+11	3.28950E-8	-2.57721E+1	-2.34491E-2	4.57969E-2
4.54531E+11	4.75185E-8	-2.41854E+1	-1.36150E-2	-6.02443E-2
4.54687E+11	7.54013E-8	-2.23273E+1	7.35701E-2	2.09506E-2
4.54844E+11	1.07986E-7	-2.02349E+1	-4.62856E-2	8.56215E-2
4.55000E+11	1.88197E-7	-1.82090E+1	-6.87407E-2	-1.01878E-1
4.55156E+11	2.81981E-7	-1.63765E+1	1.33655E-1	7.18964E-2
4.55313E+11	3.30487E-7	-1.55446E+1	-1.55755E-1	-6.02988E-2
4.55469E+11	2.27455E-7	-1.69211E+1	1.41883E-1	1.36980E-2
4.55625E+11	1.42395E-7	-1.96144E+1	-6.89368E-2	7.85884E-2
4.55781E+11	8.23976E-8	-2.19079E+1	-4.41336E-2	-6.70602E-2
4.55937E+11	4.73111E-8	-2.37853E+1	6.30599E-2	-1.43619E-2
4.56094E+11	4.13691E-8	-2.48054E+1	-2.41933E-2	5.21718E-2
4.56250E+11	3.51551E-8	-2.56515E+1	-1.16943E-2	-5.08428E-2
4.56406E+11	1.82042E-8	-2.82673E+1	3.11589E-2	2.27905E-2
4.56563E+11	7.80614E-9	-3.20482E+1	-2.28331E-2	1.01311E-2
4.56719E+11	3.79504E-9	-3.53473E+1	3.23989E-4	-1.70828E-2
4.56875E+11	2.36984E-9	-3.73232E+1	1.24158E-2	5.57337E-3
4.57031E+11	2.15637E-9	-3.76307E+1	-1.00519E-2	8.45659E-3
4.57187E+11	1.93963E-9	-3.73504E+1	-3.67644E-3	-1.30592E-2
4.57344E+11	2.66293E-9	-3.69753E+1	1.37853E-2	3.26077E-3
4.57500E+11	1.77944E-9	-3.89420E+1	-8.70433E-3	7.19852E-3
4.57656E+11	8.72232E-10	-4.15503E+1	-7.71492E-4	-8.32968E-3
4.57813E+11	5.74576E-10	-4.31272E+1	6.59368E-3	2.27934E-3
4.57969E+11	6.10373E-10	-4.26752E+1	-4.44116E-3	5.85547E-3
4.58125E+11	7.56938E-10	-4.19862E+1	-5.46791E-3	-5.77915E-3
4.58281E+11	1.24766E-9	-3.95045E+1	9.49201E-3	-4.68898E-3
4.58437E+11	1.50562E-9	-3.88827E+1	-2.02417E-3	1.11912E-2
4.58594E+11	1.06859E-9	-4.01508E+1	-6.78419E-3	-7.11077E-3
4.58750E+11	9.51403E-10	-4.07289E+1	8.84937E-3	-2.49759E-3
4.58906E+11	1.04416E-9	-4.02791E+1	2.73829E-4	9.67986E-3
4.59063E+11	1.61886E-9	-3.85152E+1	-1.14412E-2	-3.13968E-3
4.59219E+11	3.23338E-9	-3.51496E+1	1.10097E-2	-1.35759E-2
4.59375E+11	6.92394E-9	-3.18404E+1	5.83253E-3	2.49110E-2
4.59531E+11	7.43414E-9	-3.07379E+1	-2.64980E-2	-1.18995E-2
4.59687E+11	9.52848E-9	-3.05183E+1	2.30373E-2	-1.88887E-2
4.59844E+11	1.38889E-8	-2.95021E+1	9.72278E-3	3.20460E-2
4.60000E+11	2.21854E-8	-2.70720E+1	-4.21000E-2	-1.37859E-2
4.60156E+11	5.04038E-8	-2.35176E+1	5.96076E-2	-2.99282E-2
4.60313E+11	1.54256E-7	-1.92454E+1	-4.57042E-2	9.90394E-2
4.60469E+11	2.95911E-7	-1.63254E+1	-2.42170E-2	-1.50729E-1
4.60625E+11	2.95569E-7	-1.62002E+1	1.01219E-1	1.17225E-1
4.60781E+11	2.57016E-7	-1.71914E+1	-1.26984E-1	-5.44744E-2
4.60937E+11	2.22901E-7	-1.78998E+1	1.27153E-1	7.14476E-3
4.61094E+11	1.89032E-7	-1.77973E+1	-1.14571E-1	5.89874E-2
4.61250E+11	2.30178E-7	-1.70187E+1	4.13188E-2	-1.34758E-1
4.61406E+11	2.90929E-7	-1.65661E+1	6.26975E-2	1.34604E-1
4.61563E+11	1.99407E-7	-1.83561E+1	-9.39879E-2	-7.59453E-2
4.61719E+11	8.66792E-8	-2.23099E+1	7.01513E-2	3.08845E-2
4.61875E+11	3.43952E-8	-2.64495E+1	-4.74942E-2	3.03267E-3
4.62031E+11	1.73862E-8	-2.94693E+1	1.76227E-2	-2.86256E-2
4.62187E+11	9.63381E-9	-3.12441E+1	1.85236E-2	2.01936E-2
4.62344E+11	1.06425E-8	-3.19407E+1	-2.44188E-2	6.58497E-3
4.62500E+11	6.82634E-9	-3.29168E+1	1.72113E-2	-1.46510E-2
4.62656E+11	3.68413E-9	-3.60471E+1	-1.06806E-2	1.15933E-2
4.62813E+11	1.15995E-9	-3.96581E+1	1.80541E-3	-1.02436E-2
4.62969E+11	8.24674E-10	-4.14630E+1	7.15476E-3	4.49545E-3
4.63125E+11	5.68225E-10	-4.26339E+1	-3.96260E-3	6.23090E-3
4.63281E+11	5.43561E-10	-4.25293E+1	-4.56183E-3	-5.91996E-3
4.63437E+11	7.70502E-10	-4.11022E+1	8.32801E-3	2.86862E-3
4.63594E+11	6.04218E-10	-4.16228E+1	-8.23424E-3	-1.00896E-3
4.63750E+11	3.94066E-10	-4.37476E+1	5.27622E-3	-3.78876E-3
4.63906E+11	2.50301E-10	-4.48214E+1	1.14532E-3	5.62484E-3
4.64063E+11	2.15491E-10	-4.59075E+1	-4.92068E-3	-1.20267E-3
4.64219E+11	2.51666E-10	-4.47869E+1	4.52238E-3	-3.57231E-3
4.64375E+11	3.80983E-10	-4.27872E+1	-9.08977E-4	7.19784E-3
4.64531E+11	6.81919E-10	-4.04254E+1	-5.76744E-3	-7.57670E-3
4.64687E+11	5.44706E-10	-4.15181E+1	8.39599E-3	-8.95885E-5
4.64844E+11	4.97788E-10	-4.16527E+1	-4.51681E-3	6.92433E-3
4.65000E+11	3.62841E-10	-4.22431E+1	-3.03009E-3	-7.10493E-3
4.65156E+11	6.40095E-10	-4.11193E+1	8.67655E-3	1.41375E-3
4.65313E+11	9.95546E-10	-3.90493E+1	-3.64966E-3	1.05428E-2
4.65469E+11	2.12971E-9	-3.55329E+1	-1.47989E-2	-7.79125E-3
4.65625E+11	3.60407E-9	-3.29878E+1	1.81320E-2	-1.31844E-2
4.65781E+11	4.99544E-9	-3.20466E+1	-6.58390E-3	2.41013E-2
4.65937E+11	7.75902E-9	-3.08068E+1	-1.18643E-2	-2.62621E-2
4.66094E+11	1.09182E-8	-2.85844E+1	3.71829E-2	1.67065E-3
4.66250E+11	2.42767E-8	-2.49793E+1	-1.20605E-2	5.50628E-2
4.66406E+11	6.17888E-8	-2.15962E+1	-6.95877E-2	-4.56288E-2
4.66563E+11	1.06787E-7	-1.91441E+1	1.10350E-1	1.04319E-3
4.66719E+11	1.09061E-7	-1.91377E+1	-1.09882E-1	1.10537E-2
4.66875E+11	5.87055E-8	-2.18715E+1	7.06289E-2	-3.88664E-2
4.67031E+11	2.76294E-8	-2.55131E+1	-3.84711E-3	5.28687E-2
4.67187E+11	1.42444E-8	-2.90137E+1	-3.39323E-2	-1.01770E-2
4.67344E+11	7.73014E-9	-3.18167E+1	1.49792E-2	-2.08276E-2
4.67500E+11	4.91728E-9	-3.37089E+1	7.80394E-3	1.90998E-2
4.67656E+11	4.20930E-9	-3.48510E+1	-1.66957E-2	-6.96567E-3
4.67813E+11	2.05527E-9	-3.81028E+1	1.15773E-2	-4.55486E-3
4.67969E+11	9.90921E-10	-4.15850E+1	-1.33582E-3	8.22420E-3
4.68125E+11	4.72066E-10	-4.39678E+1	-4.90439E-3	-4.00669E-3
4.68281E+11	3.85904E-10	-4.57562E+1	4.66975E-3	-2.18233E-3
4.68437E+11	3.51447E-10	-4.54242E+1	-1.73640E-4	5.35258E-3
4.68594E+11	3.03526E-10	-4.58468E+1	-4.38505E-3	-2.60619E-3
4.68750E+11	3.53028E-10	-4.49254E+1	5.37303E-3	-1.81695E-3
4.68906E+11	2.29557E-10	-4.68151E+1	-2.39198E-3	3.88575E-3
4.69062E+11	1.13499E-10	-4.95238E+1	-3.87804E-4	-3.31790E-3
4.69219E+11	1.36353E-10	-4.89607E+1	3.25147E-3	1.46005E-3
4.69375E+11	1.45175E-10	-4.91079E+1	-2.02977E-3	2.85661E-3
4.69531E+11	1.57284E-10	-4.80378E+1	-3.33206E-3	-2.14680E-3
4.69688E+11	2.08186E-10	-4.74706E+1	3.71453E-3	-2.02625E-3
4.69844E+11	2.94114E-10	-4.57282E+1	-9.64123E-4	5.08052E-3
4.70000E+11	2.50587E-10	-4.64318E+1	-3.20942E-3	-3.52718E-3
4.70156E+11	2.53190E-10	-4.64547E+1	4.36569E-3	-1.88755E-3
4.70312E+11	2.36250E-10	-4.62580E+1	2.22971E-3	4.32414E-3
4.70469E+11	3.61324E-10	-4.48520E+1	-5.33394E-3	2.06596E-3
4.70625E+11	4.94704E-10	-4.28575E+1	5.24189E-4	-7.17744E-3
4.70781E+11	9.63935E-10	-4.06024E+1	7.42094E-3	5.65496E-3
4.70938E+11	1.19044E-9	-3.95446E+1	-9.15931E-3	5.21166E-3
4.71094E+11	1.45780E-9	-3.82041E+1	-1.53889E-3	-1.22003E-2
4.71250E+11	1.51886E-9	-3.73402E+1	1.20724E-2	6.22512E-3
4.71406E+11	2.45581E-9	-3.55453E+1	-1.63737E-2	3.28812E-3
4.71562E+11	5.46598E-9	-3.22118E+1	1.27518E-2	-2.09361E-2
4.71719E+11	1.23866E-8	-2.86509E+1	2.07560E-2	3.05531E-2
4.71875E+11	2.85350E-8	-2.48463E+1	-5.61269E-2	1.12225E-2
4.72031E+11	7.27048E-8	-2.12823E+1	5.46265E-2	-6.67785E-2
4.72188E+11	1.23734E-7	-1.93994E+1	-5.92633E-2	8.92798E-2
4.72344E+11	1.22387E-7	-1.87885E+1	4.34658E-2	-1.06435E-1
4.72500E+11	1.49921E-7	-1.85212E+1	4.82811E-2	1.08284E-1
4.72656E+11	1.51407E-7	-1.86176E+1	-1.16889E-1	9.22371E-3
4.72812E+11	1.59699E-7	-1.90651E+1	4.97417E-2	-9.96385E-2
4.72969E+11	9.07284E-8	-2.04863E+1	-2.34921E-3	9.45263E-2
4.73125E+11	4.38106E-8	-2.36963E+1	-1.11256E-2	-6.43869E-2
4.73281E+11	1.97547E-8	-2.77893E+1	3.20804E-2	2.51900E-2
4.73438E+11	8.07206E-9	-3.16050E+1	-1.80128E-2	1.91460E-2
4.73594E+11	4.94046E-9	-3.37393E+1	-1.52877E-2	-1.37486E-2
4.73750E+11	3.47531E-9	-3.49592E+1	1.68939E-2	-5.81422E-3
4.73906E+11	2.06402E-9	-3.69485E+1	-8.82078E-3	1.11400E-2
4.74062E+11	1.38375E-9	-3.88839E+1	1.34210E-3	-1.12917E-2
4.74219E+11	7.71643E-10	-4.12418E+1	6.26195E-3	5.99324E-3
4.74375E+11	5.84764E-10	-4.20524E+1	-6.87914E-3	3.87520E-3
4.74531E+11	3.50359E-10	-4.33509E+1	-7.12489E-4	-6.76170E-3
4.74688E+11	3.56344E-10	-4.34210E+1	6.01363E-3	3.05366E-3
4.74844E+11	4.09797E-10	-4.29099E+1	-6.75563E-3	2.35172E-3
4.75000E+11	3.97175E-10	-4.36368E+1	1.55865E-3	-6.39173E-3
4.75156E+11	3.35785E-10	-4.42213E+1	4.15993E-3	4.53080E-3
4.75312E+11	3.09576E-10	-4.47702E+1	-5.76586E-3	-3.09835E-4
4.75469E+11	2.30495E-10	-4.62017E+1	3.22286E-3	-3.68678E-3
4.75625E+11	3.19549E-10	-4.48667E+1	2.21631E-3	5.26276E-3
4.75781E+11	5.58640E-10	-4.27110E+1	-7.21095E-3	1.25301E-3
4.75938E+11	8.50208E-10	-4.06389E+1	2.86278E-3	-8.83879E-3
4.76094E+11	8.80929E-10	-4.02166E+1	4.48607E-3	8.66086E-3
4.76250E+11	6.15497E-10	-4.06760E+1	-9.13704E-3	-1.44921E-3
4.76406E+11	7.64350E-10	-4.06819E+1	6.26839E-3	-6.79527E-3
4.76562E+11	7.66583E-10	-4.00603E+1	5.82258E-3	8.04481E-3
4.76719E+11	1.25644E-9	-3.74838E+1	-1.17220E-2	6.40983E-3
4.76875E+11	3.30978E-9	-3.41673E+1	-3.59921E-3	-1.92382E-2
4.77031E+11	6.48961E-9	-3.14186E+1	2.36237E-2	1.27771E-2
4.77188E+11	7.26835E-9	-3.01553E+1	-2.94070E-2	1.00047E-2
4.77344E+11	7.80260E-9	-2.95735E+1	8.75948E-3	-3.20386E-2
4.77500E+11	1.28740E-8	-2.76316E+1	3.33963E-2	2.46962E-2
4.77656E+11	2.69795E-8	-2.46144E+1	-5.22324E-2	2.69752E-2
4.77812E+11	7.91442E-8	-2.06053E+1	2.00549E-2	-9.10864E-2
4.77969E+11	2.12029E-7	-1.63261E+1	4.80974E-2	1.44874E-1
4.78125E+11	2.40128E-7	-1.46132E+1	-1.04291E-1	-1.53922E-1
4.78281E+11	1.71136E-7	-1.63280E+1	1.36513E-1	6.82322E-2
4.78438E+11	1.12179E-7	-1.85534E+1	-1.11711E-1	3.83831E-2
4.78594E+11	7.20244E-8	-2.03735E+1	3.42393E-2	-8.94623E-2
4.78750E+11	5.06454E-8	-2.13222E+1	4.44231E-2	7.34973E-2
4.78906E+11	3.70747E-8	-2.20314E+1	-7.81805E-2	-1.23246E-2
4.79062E+11	3.32866E-8	-2.27340E+1	5.97014E-2	-4.20025E-2
4.79219E+11	1.07427E-8	-2.60820E+1	-1.65378E-2	4.68122E-2
4.79375E+11	3.32471E-9	-3.11601E+1	-1.14674E-2	-2.51808E-2
4.79531E+11	1.26022E-9	-3.55332E+1	1.67239E-2	4.07820E-5
4.79688E+11	5.71475E-10	-3.80102E+1	-4.52928E-3	1.17304E-2
4.79844E+11	6.50463E-10	-3.87695E+1	-8.41927E-3	-7.86579E-3
4.80000E+11	5.70369E-10	-3.83458E+1	1.14503E-2	-3.90528E-3
4.80156E+11	6.96152E-10	-3.76478E+1	-7.22662E-3	1.09387E-2
4.80312E+11	2.44031E-10	-4.13356E+1	5.67663E-4	-8.55590E-3
4.80469E+11	1.22203E-10	-4.41565E+1	5.22777E-3	3.32749E-3
4.80625E+11	8.99615E-11	-4.66211E+1	-3.54346E-3	3.03571E-3
4.80781E+11	7.24329E-11	-4.73183E+1	-2.25779E-3	-3.66671E-3
4.80938E+11	8.25025E-11	-4.69406E+1	4.45974E-3	-5.81682E-4
4.81094E+11	1.06671E-10	-4.44235E+1	-2.54578E-3	5.44344E-3
4.81250E+11	1.54329E-10	-4.32482E+1	-1.59331E-3	-6.69295E-3
4.81406E+11	8.10671E-11	-4.52711E+1	4.38341E-3	3.23954E-3
4.81562E+11	5.72809E-11	-4.63611E+1	-3.18502E-3	3.60143E-3
4.81719E+11	3.97677E-11	-4.80371E+1	-2.20775E-3	-3.29239E-3
4.81875E+11	8.02848E-11	-4.53149E+1	4.78917E-3	-2.54456E-3
4.82031E+11	1.02498E-10	-4.37920E+1	1.24671E-3	6.34108E-3
4.82188E+11	2.18183E-10	-4.08747E+1	-7.29656E-3	-5.34030E-3
4.82344E+11	2.04033E-10	-4.12807E+1	8.62831E-3	-1.18209E-4
4.82500E+11	1.95417E-10	-4.19563E+1	-4.11538E-3	6.84086E-3
4.82656E+11	1.51403E-10	-4.25628E+1	-5.37573E-3	-5.15057E-3
4.82812E+11	2.26233E-10	-4.14627E+1	7.89708E-3	-3.00679E-3
4.82969E+11	3.19760E-10	-3.89668E+1	-6.09242E-4	1.12467E-2
4.83125E+11	1.19772E-9	-3.38901E+1	-1.49099E-2	-1.36385E-2
4.83281E+11	3.59152E-9	-2.95460E+1	3.28117E-2	5.79549E-3
4.83438E+11	3.99745E-9	-2.94372E+1	-3.23209E-2	9.68151E-3
4.83594E+11	5.57365E-9	-2.83984E+1	2.30190E-2	-3.02671E-2
4.83750E+11	9.36665E-9	-2.69412E+1	-6.38185E-3	4.45166E-2
4.83906E+11	1.60316E-8	-2.46688E+1	-3.20825E-2	-4.88216E-2
4.84062E+11	1.76251E-8	-2.28281E+1	6.70134E-2	2.68977E-2
4.84219E+11	2.71597E-8	-2.18259E+1	-8.09618E-2	3.58408E-3
4.84375E+11	1.40584E-8	-2.45435E+1	5.92636E-2	-7.46328E-4
4.84531E+11	3.94856E-9	-2.99496E+1	-3.09895E-2	7.16406E-3
4.84688E+11	1.78484E-9	-3.41434E+1	1.19590E-2	-1.55615E-2
4.84844E+11	9.91720E-10	-3.70861E+1	5.99342E-3	1.26369E-2
4.85000E+11	6.91523E-10	-3.86617E+1	-1.16457E-2	6.85401E-4
4.85156E+11	6.55596E-10	-3.92731E+1	4.89407E-3	-9.70910E-3
4.85312E+11	7.69663E-10	-3.97654E+1	-3.20279E-4	1.02688E-2
4.85469E+11	2.64939E-10	-4.38840E+1	-2.29793E-3	-5.96723E-3
4.85625E+11	1.22909E-10	-4.82982E+1	3.51341E-3	1.56622E-3
4.85781E+11	6.24680E-11	-4.98000E+1	-2.24234E-3	2.33308E-3
4.85938E+11	7.82642E-11	-4.99880E+1	-1.26457E-3	-2.90318E-3
4.86094E+11	8.43153E-11	-4.99834E+1	3.15622E-3	2.76534E-4
4.86250E+11	1.26994E-10	-4.80200E+1	-2.74186E-3	2.87374E-3
4.86406E+11	9.41728E-11	-4.87823E+1	-2.10544E-3	2.96707E-3
4.86562E+11	5.67322E-11	-5.12374E+1	-8.40343E-4	-2.61047E-3
4.86719E+11	3.70852E-11	-5.20313E+1	2.41427E-3	6.59980E-4
4.86875E+11	2.74438E-11	-5.27600E+1	-9.94151E-4	2.07564E-3
4.87031E+11	4.52507E-11	-5.04160E+1	-2.45895E-3	-1.74358E-3
4.87188E+11	6.12385E-11	-4.91694E+1	2.93833E-3	-1.86379E-3
4.87344E+11	1.25553E-10	-4.46989E+1	-2.03242E-4	5.81824E-3
4.87500E+11	9.71511E-11	-4.61335E+1	-3.44193E-3	-3.53716E-3
4.87656E+11	4.65853E-11	-4.87945E+1	3.52980E-3	-8.60021E-4
4.87812E+11	5.27989E-11	-4.71705E+1	1.16834E-4	4.37843E-3
4.87969E+11	7.96223E-11	-4.56837E+1	-5.16116E-3	-6.15417E-4
4.88125E+11	1.65660E-10	-4.23956E+1	1.54433E-3	-7.43083E-3
4.88281E+11	4.83621E-10	-3.83321E+1	9.53609E-3	7.47567E-3
4.88438E+11	7.29582E-10	-3.60542E+1	-1.57422E-2	5.07039E-4
4.88594E+11	6.73384E-10	-3.60433E+1	1.00695E-2	-1.21369E-2
4.88750E+11	8.77246E-10	-3.50227E+1	7.97118E-3	1.58442E-2
4.88906E+11	1.26091E-9	-3.31192E+1	-2.16790E-2	4.20006E-3
4.89062E+11	4.24143E-9	-2.87451E+1	5.94147E-3	-3.60518E-2
4.89219E+11	1.20422E-8	-2.40762E+1	3.98340E-2	4.82194E-2
4.89375E+11	3.05330E-8	-1.97762E+1	-1.00246E-1	-2.18959E-2
4.89531E+11	5.80476E-8	-1.76172E+1	1.30672E-1	-1.52989E-2
4.89688E+11	4.74566E-8	-1.86403E+1	-9.42768E-2	6.91965E-2
4.89844E+11	3.44390E-8	-1.95661E+1	4.15357E-2	-9.65688E-2
4.90000E+11	3.01484E-8	-2.01137E+1	1.38995E-2	9.77162E-2
4.90156E+11	3.09250E-8	-2.03637E+1	-6.56451E-2	-6.99105E-2
4.90312E+11	2.99505E-8	-2.02801E+1	9.66100E-2	6.48085E-3
4.90469E+11	2.48428E-8	-2.11616E+1	-7.20427E-2	4.96288E-2
4.90625E+11	1.22283E-8	-2.46976E+1	1.96486E-2	-5.48111E-2
4.90781E+11	4.79386E-9	-2.90984E+1	1.22671E-2	3.28670E-2
4.90938E+11	2.43023E-9	-3.21599E+1	-2.23143E-2	-1.04984E-2
4.91094E+11	1.68789E-9	-3.35995E+1	1.75048E-2	-1.14082E-2
4.91250E+11	1.70297E-9	-3.36907E+1	5.16073E-3	2.00215E-2
4.91406E+11	1.70890E-9	-3.37985E+1	-2.02895E-2	-2.31373E-3
4.91563E+11	1.42579E-9	-3.42319E+1	1.29251E-2	-1.45035E-2
4.91719E+11	7.63827E-10	-3.67977E+1	1.09827E-3	1.44164E-2
4.91875E+11	5.02274E-10	-3.86938E+1	-1.03926E-2	-5.20406E-3
4.92031E+11	4.08221E-10	-4.01859E+1	7.22037E-3	-6.60880E-3
4.92187E+11	3.47284E-10	-4.06103E+1	4.45867E-3	8.18604E-3
4.92344E+11	4.31529E-10	-3.98690E+1	-1.00069E-2	1.71004E-3
4.92500E+11	7.88267E-10	-3.71355E+1	4.09399E-3	-1.32905E-2
4.92656E+11	8.29738E-10	-3.67573E+1	5.04150E-3	1.36226E-2
4.92813E+11	6.13677E-10	-3.85660E+1	-1.16509E-2	-1.83883E-3
4.92969E+11	5.08684E-10	-3.89802E+1	6.23714E-3	-9.35773E-3
4.93125E+11	4.27540E-10	-4.03479E+1	5.02380E-3	8.18919E-3
4.93281E+11	5.73397E-10	-3.90148E+1	-1.09463E-2	2.37567E-3
4.93437E+11	1.10488E-9	-3.59683E+1	-6.74857E-3	-1.44044E-2
4.93594E+11	1.95358E-9	-3.40702E+1	1.96965E-2	-1.94176E-3
4.93750E+11	2.42904E-9	-3.31251E+1	-1.17558E-2	1.86749E-2
4.93906E+11	2.39110E-9	-3.41445E+1	-9.67983E-3	-1.70699E-2
4.94063E+11	1.92721E-9	-3.45995E+1	1.85116E-2	-2.02416E-3
4.94219E+11	2.69305E-9	-3.32256E+1	-6.17247E-3	2.09218E-2
4.94375E+11	4.83979E-9	-3.08279E+1	-2.33497E-2	-1.67698E-2
4.94531E+11	9.88196E-9	-2.74747E+1	3.63857E-2	-2.15582E-2
4.94687E+11	2.22062E-8	-2.29185E+1	-1.32282E-2	7.02270E-2
4.94844E+11	3.51264E-8	-2.08722E+1	-2.12431E-2	-8.79164E-2
4.95000E+11	3.42797E-8	-2.10325E+1	7.10232E-2	5.32897E-2
4.95156E+11	2.79139E-8	-2.17289E+1	-7.72776E-2	2.72785E-2
4.95313E+11	3.28229E-8	-2.17637E+1	-1.28069E-2	-8.06121E-2
4.95469E+11	3.63594E-8	-2.02192E+1	9.51905E-2	2.11328E-2
4.95625E+11	5.39069E-8	-1.83906E+1	-1.14546E-1	3.69425E-2
4.95781E+11	5.78134E-8	-1.80486E+1	1.20929E-1	-3.23826E-2
4.95937E+11	2.38242E-8	-2.11912E+1	-7.11127E-2	5.04399E-2
4.96094E+11	6.89453E-9	-2.64338E+1	1.14391E-3	-4.76636E-2
4.96250E+11	2.35764E-9	-3.04072E+1	2.94091E-2	6.75312E-3
4.96406E+11	1.54211E-9	-3.24884E+1	-1.16825E-2	2.06728E-2
4.96563E+11	9.84266E-10	-3.38040E+1	-1.08607E-2	-1.72780E-2
4.96719E+11	8.56277E-10	-3.34681E+1	2.11952E-2	8.61829E-4
4.96875E+11	1.05311E-9	-3.32729E+1	-1.93312E-2	9.84717E-3
4.97031E+11	5.52572E-10	-3.62858E+1	1.12409E-2	-1.04322E-2
4.97187E+11	1.33666E-10	-4.13586E+1	-6.55666E-4	8.52690E-3
4.97344E+11	7.07494E-11	-4.50919E+1	-4.83410E-3	-2.75539E-3
4.97500E+11	4.90474E-11	-4.73245E+1	3.36279E-3	-2.68471E-3
4.97656E+11	1.13642E-10	-4.32195E+1	1.63852E-3	6.70547E-3
4.97813E+11	1.66949E-10	-4.17420E+1	-6.33842E-3	-5.17516E-3
4.97969E+11	1.42263E-10	-4.29545E+1	6.76061E-3	2.22284E-3
4.98125E+11	8.88432E-11	-4.51110E+1	-5.05928E-3	2.28657E-3
4.98281E+11	1.92495E-11	-5.17896E+1	9.77700E-4	-2.38052E-3
4.98437E+11	1.59971E-11	-5.25003E+1	1.96002E-3	1.33467E-3
4.98594E+11	2.64050E-11	-5.05412E+1	-1.94139E-3	2.24929E-3
4.98750E+11	4.16156E-11	-4.85869E+1	-9.36878E-4	-3.60109E-3
4.98906E+11	1.56679E-10	-4.35459E+1	3.39424E-3	5.71649E-3
4.99063E+11	9.55815E-11	-4.55313E+1	-4.47861E-3	-2.81492E-3
4.99219E+11	4.40907E-11	-4.82757E+1	3.65387E-3	-1.23416E-3
4.99375E+11	3.29821E-11	-5.04273E+1	-8.02241E-4	2.90162E-3
4.99531E+11	9.79077E-12	-5.54933E+1	-1.09330E-3	-1.27570E-3
4.99687E+11	4.29691E-11	-4.86934E+1	2.30241E-3	-2.86517E-3
4.99844E+11	2.25783E-10	-4.11582E+1	1.73390E-3	8.57818E-3
5.00000E+11	7.08730E-10	-3.59967E+1	-7.46105E-3	-1.39897E-2
5.00156E+11	5.56458E-10	-3.68133E+1	1.16074E-2	8.57654E-3
5.00313E+11	2.82660E-10	-3.87075E+1	-1.15672E-2	9.28949E-4
5.00469E+11	1.14696E-10	-4.35373E+1	2.21935E-3	-6.27385E-3
5.00625E+11	1.20751E-10	-4.24343E+1	6.98720E-3	2.87577E-3
5.00781E+11	5.03365E-10	-3.62927E+1	-1.24558E-2	8.92583E-3
5.00937E+11	1.73530E-9	-3.04179E+1	1.33572E-2	-2.70155E-2
5.01094E+11	1.56020E-9	-3.07142E+1	-1.35604E-2	2.57773E-2
5.01250E+11	5.35577E-10	-3.48664E+1	1.22510E-3	-1.80168E-2
5.01406E+11	1.17332E-10	-4.14816E+1	7.46059E-3	3.92863E-3
5.01563E+11	7.21053E-11	-4.41903E+1	-4.21529E-3	4.50947E-3
5.01719E+11	2.48101E-11	-4.86123E+1	-2.20864E-3	-2.98106E-3
5.01875E+11	7.15064E-11	-4.51759E+1	4.50906E-3	-3.16792E-3
5.02031E+11	1.75035E-10	-4.15251E+1	-4.71184E-3	6.94157E-3
5.02187E+11	1.08673E-10	-4.38011E+1	-6.75203E-5	-6.45536E-3
5.02344E+11	3.10806E-11	-4.89054E+1	3.40668E-3	1.12297E-3
5.02500E+11	1.92877E-11	-5.12770E+1	-1.59181E-3	2.21778E-3
5.02656E+11	1.06541E-11	-5.39747E+1	-1.51030E-3	-1.31274E-3
5.02813E+11	6.39848E-12	-5.64869E+1	6.84694E-5	-1.49694E-3
5.02969E+11	6.03773E-11	-4.71544E+1	3.40888E-3	2.76318E-3
5.03125E+11	5.16069E-11	-4.79077E+1	-4.01732E-3	-2.24986E-4
5.03281E+11	4.76057E-11	-4.90802E+1	2.19793E-3	-2.74374E-3
5.03437E+11	1.57914E-11	-5.44462E+1	5.75047E-4	1.80602E-3
5.03594E+11	1.50872E-11	-5.47561E+1	-1.61947E-3	8.49849E-4
5.03750E+11	2.25496E-11	-5.37688E+1	-7.11733E-4	-1.92151E-3
5.03906E+11	4.00384E-11	-5.17701E+1	2.50819E-3	-6.01335E-4
5.04063E+11	9.79942E-11	-4.79553E+1	-1.10783E-3	3.84522E-3
5.04219E+11	5.95597E-11	-4.97051E+1	-1.42835E-3	-2.94321E-3
5.04375E+11	6.47151E-11	-4.96914E+1	3.18122E-3	7.85097E-4
5.04531E+11	5.01983E-11	-5.03205E+1	-1.89888E-3	2.38389E-3
5.04687E+11	5.87981E-11	-4.95069E+1	-1.40575E-3	-3.03745E-3
5.04844E+11	8.27332E-11	-4.78549E+1	4.03483E-3	3.27766E-4
5.05000E+11	2.07428E-10	-4.29559E+1	-4.51444E-3	5.50005E-3
5.05156E+11	4.27122E-10	-4.01844E+1	3.11204E-3	-9.28211E-3
5.05313E+11	3.94420E-10	-4.02711E+1	4.28123E-3	8.69597E-3
5.05469E+11	4.01533E-10	-3.96081E+1	-1.02117E-2	-2.27277E-3
5.05625E+11	3.64925E-10	-4.01785E+1	6.53897E-3	-7.29493E-3
5.05781E+11	7.52147E-10	-3.68911E+1	5.42575E-3	1.32345E-2
5.05937E+11	1.65440E-9	-3.28801E+1	-1.81533E-2	-1.36264E-2
5.06094E+11	3.53146E-9	-2.95256E+1	2.54230E-2	2.16588E-2
5.06250E+11	2.59916E-9	-3.14984E+1	-2.43235E-2	-1.07970E-2
5.06406E+11	1.17051E-9	-3.42306E+1	1.69825E-2	-9.44016E-3
5.06563E+11	8.21922E-10	-3.55499E+1	3.22377E-3	1.63776E-2
5.06719E+11	6.58166E-10	-3.59609E+1	-1.59100E-2	-5.75719E-4
5.06875E+11	8.32215E-10	-3.41245E+1	1.02539E-2	-1.67842E-2
5.07031E+11	1.43677E-9	-3.25051E+1	3.27097E-3	2.34730E-2
5.07187E+11	8.38537E-10	-3.34965E+1	-1.20080E-2	-1.74027E-2
5.07344E+11	3.61411E-10	-3.74588E+1	1.33298E-2	1.35659E-3
5.07500E+11	2.19000E-10	-3.95044E+1	-4.21398E-3	9.71242E-3
5.07656E+11	1.41803E-10	-4.15495E+1	-7.25680E-3	-4.16315E-3
5.07813E+11	1.44454E-10	-4.11019E+1	6.38853E-3	-6.06443E-3
5.07969E+11	3.08940E-10	-3.77945E+1	9.35641E-3	8.86715E-3
5.08125E+11	5.14239E-10	-3.55406E+1	-1.64250E-2	3.07191E-3
5.08281E+11	2.18684E-10	-3.84712E+1	4.57970E-3	-1.10100E-2
5.08437E+11	1.19327E-10	-4.20066E+1	6.35842E-3	4.75081E-3
5.08594E+11	1.05175E-10	-4.27285E+1	-4.50758E-3	5.74750E-3
5.08750E+11	8.78548E-11	-4.28242E+1	-5.61544E-3	-4.54490E-3
5.08906E+11	1.79647E-10	-3.96213E+1	6.40968E-3	-8.24782E-3
5.09063E+11	4.94385E-11	-3.51613E+1	9.88507E-3	1.43869E-2
5.09219E+11	5.13469E-10	-3.53166E+1	-1.69596E-2	-2.52355E-3
5.09375E+11	2.38404E-10	-3.81480E+1	7.31393E-3	-9.98421E-3
5.09531E+11	2.11826E-10	-3.91341E+1	4.40172E-3	1.01335E-2
5.09687E+11	2.53158E-10	-3.82365E+1	-1.22103E-2	9.98054E-4
5.09844E+11	2.71564E-10	-3.72921E+1	7.91661E-4	-1.36353E-2
5.10000E+11	8.00337E-10	-3.28359E+1	2.08549E-2	9.24967E-3
5.10156E+11	1.95902E-9	-2.85546E+1	-3.28238E-2	1.78179E-2
5.10313E+11	1.90761E-9	-2.80194E+1	1.33535E-2	-3.74102E-2
5.10469E+11	1.57383E-9	-2.89666E+1	2.27668E-2	2.73918E-2
5.10625E+11	1.27326E-9	-2.83653E+1	-3.81642E-2	7.18305E-4
5.10781E+11	1.24914E-9	-2.71163E+1	2.86439E-2	-3.34971E-2
5.10937E+11	2.47172E-9	-2.34646E+1	2.63444E-2	6.17203E-2
5.11094E+11	4.95555E-9	-1.88967E+1	-1.06761E-1	-3.86584E-2
5.11250E+11	7.30753E-9	-1.60009E+1	1.56820E-1	-2.28224E-2
5.11406E+11	4.32607E-9	-1.72355E+1	-1.12810E-1	7.85713E-2
5.11563E+11	1.73238E-9	-1.87753E+1	1.86521E-2	-1.13622E-1
5.11719E+11	1.11070E-9	-1.91577E+1	7.23346E-2	8.31143E-2
5.11875E+11	8.95378E-10	-1.80127E+1	-1.25520E-1	-6.87957E-3
5.12031E+11	1.04019E-9	-1.55456E+1	1.39252E-1	-9.21852E-2
5.12187E+11	1.03435E-9	-1.44799E+1	-9.27387E-2	1.64455E-1
5.12344E+11	6.35240E-10	-1.52469E+1	1.11605E-2	-1.72483E-1
5.12500E+11	3.10476E-10	-1.69900E+1	8.08283E-2	1.16041E-1
5.12656E+11	1.50095E-10	-1.77384E+1	-1.29710E-1	-2.88248E-3
5.12813E+11	1.43052E-10	-1.86835E+1	6.41395E-2	-9.70932E-2
5.12969E+11	1.19226E-10	-1.88001E+1	6.17358E-2	9.68034E-2
5.13125E+11	1.18621E-10	-1.73980E+1	-1.31397E-1	-3.06643E-2
5.13281E+11	1.01498E-10	-1.77078E+1	1.21872E-1	-4.58181E-2
5.13437E+11	1.08743E-10	-1.72016E+1	-5.36745E-2	1.27148E-1
5.13594E+11	8.70021E-11	-1.80417E+1	-3.60098E-2	-1.20004E-1
5.13750E+11	4.61098E-11	-2.16241E+1	7.80705E-2	2.80168E-2
5.13906E+11	2.65797E-11	-2.35745E+1	-1.79341E-2	6.37905E-2
5.14063E+11	2.43052E-11	-2.25188E+1	-7.07842E-2	-2.42647E-2
5.14219E+11	3.88386E-11	-1.98443E+1	4.60883E-2	-9.07789E-2
5.14375E+11	3.50622E-11	-1.73368E+1	1.05812E-1	8.52503E-2
5.14531E+11	1.27769E-11	-1.90048E+1	-1.11778E-1	8.99596E-3
5.14688E+11	9.95716E-12	-1.62727E+1	8.39639E-2	-1.28610E-1
5.14844E+11	1.12655E-11	-1.18010E+1	1.14294E-1	2.30198E-1
5.15000E+11	8.47288E-12	-6.63383E+0	-3.35337E-1	-3.23463E-1
5.15156E+11	9.14716E-12	-6.20528E+0	4.68285E-1	-1.42481E-1
5.15312E+11	7.73553E-12	-3.32666E+0	-1.81302E-1	6.57269E-1
5.15469E+11	2.32724E-11	7.65510E+0	-1.79960E+0	-1.60914E+0
5.15625E+11	9.89283E-12	7.17827E+0	2.23945E+0	4.54678E-1
5.15781E+11	9.93300E-12	5.60143E+0	-5.18132E-1	1.83399E+0
5.15938E+11	4.04009E-12	7.13177E+0	-2.02932E+0	-1.02378E+0
5.16094E+11	1.39586E-11	1.95290E+0	1.19601E+0	3.70628E-1
5.16250E+11	7.61700E-12	4.99171E+0	-1.76849E+0	1.69399E-1
5.16406E+11	9.70954E-12	4.78523E+0	1.73355E+0	6.70979E-2
5.16562E+11	8.66428E-13	-4.03376E+0	-4.61948E-1	4.26179E-1
5.16719E+11	9.56353E-13	-2.55212E+0	5.04310E-1	-5.48912E-1
5.16875E+11	3.47331E-12	1.22879E+1	2.59542E+0	3.19360E+0
5.17031E+11	8.09258E-13	4.60198E+0	1.68451E+0	-2.18606E-1
5.17188E+11	6.65749E-14	-1.72738E+1	-1.20387E-1	-6.51176E-2
5.17344E+11	6.76244E-13	-1.14614E+1	1.78432E-1	1.98968E-1
5.17500E+11	4.14199E-12	-3.92297E-1	-9.52090E-1	8.45789E-2
5.17656E+11	1.08456E-12	-7.73225E+0	4.08447E-1	4.17058E-2
5.17812E+11	2.76544E-13	-1.51219E+1	-1.14240E-1	-1.33028E-1
5.17969E+11	5.98056E-13	-1.33120E+1	2.71516E-3	-2.15955E-1
5.18125E+11	1.11386E-13	-1.69869E+1	1.00725E-1	-9.93343E-2
5.18281E+11	9.97004E-13	2.29048E+1	-1.38887E+1	-1.51835E+0
5.18438E+11	2.66554E-13	-1.60095E+1	-4.04255E-2	-1.53067E-1
5.18594E+11	2.66551E-13	-1.83009E+1	-3.10008E-2	1.17588E-1
5.18750E+11	5.36231E-13	-1.84513E+1	1.14294E-1	3.49532E-2
5.18906E+11	4.75354E-13	-2.03239E+1	3.47544E-2	8.98518E-2
5.19062E+11	5.96895E-13	-2.39568E+1	4.47761E-2	-4.49000E-2
5.19219E+11	4.99139E-13	-2.77428E+1	-3.84092E-2	1.43640E-2
5.19375E+11	3.18633E-13	-3.28093E+1	-1.14356E-2	-1.98218E-2
5.19531E+11	5.91865E-13	-3.26049E+1	-2.31163E-2	-3.81588E-3
5.19688E+11	1.14407E-12	-3.02575E+1	-2.83365E-2	1.18097E-2
5.19844E+11	2.75742E-13	-3.84623E+1	-1.19282E-2	4.51673E-4
5.20000E+11	5.59286E-13	-3.57567E+1	1.50746E-2	-6.19810E-3
