2.00000E+11	1.32149E-12	-1.14778E+2	-6.53152E-1	-1.41498E+0
2.00088E+11	1.43258E-12	8.64232E+1	1.06155E-1	1.69825E+0
2.00175E+11	4.28265E-13	1.17091E+2	-2.27271E-1	4.44292E-1
2.00263E+11	5.77061E-13	5.70633E+1	3.94926E-1	6.09606E-1
2.00350E+11	1.78290E-13	9.96046E+1	-2.08553E-1	1.23243E+0
2.00437E+11	4.16654E-13	-6.77262E+1	2.08440E-1	-5.08891E-1
2.00525E+11	1.01990E-12	-9.91794E+1	-3.95975E-1	-2.45040E+0
2.00612E+11	4.30566E-14	-1.45805E+2	-2.73169E-1	-1.85609E-1
2.00700E+11	3.68468E-14	-1.47533E+2	-2.12344E-1	-1.35108E-1
2.00787E+11	3.53628E-12	1.20492E+2	-7.29082E-1	1.23815E+0
2.00875E+11	1.68751E-12	1.61612E+2	-6.78044E-1	2.25402E-1
2.00963E+11	4.18463E-13	6.37355E+1	1.94235E-1	3.93618E-1
2.01050E+11	1.45514E-13	2.19357E+1	9.78277E-1	3.93973E-1
2.01138E+11	3.08490E-13	-7.24042E+1	3.08770E-1	-9.73615E-1
2.01225E+11	1.45440E-12	-1.62744E+2	-2.23891E+0	-6.95470E-1
2.01313E+11	3.45960E-13	9.90020E+1	-1.84734E-1	1.16610E+0
2.01400E+11	6.49176E-13	-9.95742E+1	-9.04020E-2	-5.35954E-1
2.01487E+11	5.46050E-13	-8.14421E+1	3.51126E-1	-2.33331E+0
2.01575E+11	2.54145E-12	-9.31442E+1	-1.79208E-1	-3.26234E+0
2.01662E+11	4.26968E-13	-1.04154E+2	-9.19986E-2	-3.64806E-1
2.01750E+11	4.10079E-12	-6.26046E+1	5.80659E-1	-1.12043E+0
2.01837E+11	7.57500E-14	-1.33897E+1	2.19210E-1	-5.21815E-2
2.01925E+11	1.52396E-12	1.71873E+2	-1.05358E+0	1.50461E-1
2.02013E+11	7.11269E-15	1.25269E+2	-1.28320E-1	1.81443E-1
2.02100E+11	1.93947E-13	-1.07712E+1	3.49889E-1	-6.65628E-2
2.02188E+11	7.99571E-13	2.54158E+1	7.18683E-1	3.41498E-1
2.02275E+11	3.42807E-13	-1.50089E+2	-1.54724E+0	-8.90102E-1
2.02363E+11	4.55032E-13	1.64856E+2	-1.11944E+0	3.02961E-1
2.02450E+11	8.07405E-13	9.28356E+0	2.72657E+0	4.45690E-1
2.02538E+11	7.10759E-13	3.05425E+1	6.99938E-1	4.12994E-1
2.02625E+11	6.23846E-13	1.61079E+2	-4.04745E-1	1.38740E-1
2.02712E+11	2.40394E-13	6.12287E+1	1.03032E-1	1.87637E-1
2.02800E+11	2.56410E-12	1.49059E+2	-1.80206E+0	1.08026E+0
2.02887E+11	1.85655E-12	3.18936E+1	1.25606E+0	7.81636E-1
2.02975E+11	4.93508E-13	-1.15301E+2	-2.91399E-1	-6.16432E-1
2.03062E+11	1.45717E-13	2.93028E+1	1.64194E-1	9.21520E-2
2.03150E+11	1.10392E-12	7.30483E-1	8.68586E-1	1.10745E-2
2.03238E+11	1.31409E-12	-3.86812E+1	5.61189E-1	-4.49294E-1
2.03325E+11	7.16843E-13	-1.20798E+2	-4.42945E-1	-7.43093E-1
2.03413E+11	8.49256E-14	1.68697E+2	-1.40657E-1	2.81147E-2
2.03500E+11	1.70377E-12	2.43796E+1	1.28568E+0	5.82660E-1
2.03588E+11	6.74765E-13	-1.53926E+1	1.79423E+0	-4.93965E-1
2.03675E+11	1.06648E-12	-6.17271E+1	8.32376E-1	-1.54764E+0
2.03762E+11	7.35931E-13	-6.33623E+1	2.96362E-1	-5.90848E-1
2.03850E+11	4.44696E-13	-1.72344E+2	-8.58686E-1	-1.15432E-1
2.03937E+11	2.52892E-13	1.66896E+2	-3.60960E-1	8.40225E-2
2.04025E+11	7.45173E-13	1.27581E+2	-3.04081E-1	3.95128E-1
2.04112E+11	1.57406E-12	4.78716E+1	4.99298E-1	5.52033E-1
2.04200E+11	1.72740E-12	-1.87077E+1	8.17727E-1	-2.76907E-1
2.04287E+11	6.63882E-13	-1.07337E+2	-3.07703E-1	-9.85667E-1
2.04375E+11	4.55273E-12	3.84995E+1	3.98468E+0	3.16950E+0
2.04463E+11	1.49178E-13	-3.79423E+1	5.27491E-1	-4.11266E-1
2.04550E+11	2.46899E-12	7.94245E+1	4.84630E-1	2.59573E+0
2.04638E+11	2.01419E-12	-5.70526E+1	5.08832E-1	-7.85110E-1
2.04725E+11	9.65990E-13	-4.04347E+0	6.52365E-1	-4.61152E-2
2.04813E+11	1.86868E-12	-7.18119E+0	4.06473E+0	-5.12139E-1
2.04900E+11	1.99620E-13	7.97769E+1	1.64686E-1	9.13167E-1
2.04987E+11	3.14675E-12	-3.70330E+1	1.14100E+0	-8.60833E-1
2.05075E+11	1.08326E-13	8.38813E+1	3.26522E-2	3.04592E-1
2.05162E+11	3.39031E-13	-1.44029E+2	-8.81156E-1	-6.39509E-1
2.05250E+11	4.14436E-13	-2.63112E+1	4.38075E-1	-2.16617E-1
2.05337E+11	5.92193E-13	1.39616E+1	2.20563E+0	5.48357E-1
2.05425E+11	5.77616E-14	1.31379E+1	7.17459E-1	1.67458E-1
2.05513E+11	7.24979E-13	-1.01194E+2	-1.71446E-1	-8.66361E-1
2.05600E+11	1.45946E-13	-1.67669E+2	-2.29795E-1	-5.02337E-2
2.05688E+11	2.15872E-12	4.80505E+1	9.93237E-1	1.10506E+0
2.05775E+11	4.57372E-13	-5.19762E+1	5.23550E-1	-6.69540E-1
2.05863E+11	5.50143E-14	1.10015E+2	-5.53992E-2	1.52082E-1
2.05950E+11	7.13714E-13	1.60801E+2	-3.92444E+0	1.36653E+0
2.06037E+11	9.95379E-14	-6.75072E+1	1.99329E-1	-4.81392E-1
2.06125E+11	4.47494E-13	-1.71806E+2	-7.58538E-1	-1.09220E-1
2.06212E+11	3.78280E-13	-6.22352E+1	2.16121E-1	-4.10522E-1
2.06300E+11	1.14637E-13	1.52641E+2	-5.75918E-1	2.98008E-1
2.06387E+11	5.60108E-13	-5.86500E+1	2.97743E-1	-4.88739E-1
2.06475E+11	2.31573E-14	2.98519E+1	1.87891E-1	1.07832E-1
2.06562E+11	9.60978E-14	-7.09781E+0	2.04226E-1	-2.54298E-2
2.06650E+11	4.50425E-13	-1.18642E+2	-2.71720E-1	-4.97496E-1
2.06738E+11	8.82272E-13	4.55065E+1	6.79442E-1	6.91563E-1
2.06825E+11	1.42611E-14	-1.62445E+2	-1.01919E-1	-3.22417E-2
2.06913E+11	2.59641E-12	3.39123E+1	2.41844E+0	1.62588E+0
2.07000E+11	1.43894E-12	-7.27080E+1	7.25313E-1	-2.32986E+0
2.07088E+11	7.85328E-13	-2.25525E+1	4.53027E-1	-1.88136E-1
2.07175E+11	1.30792E-13	-1.50882E+2	-6.51811E-1	-3.63061E-1
2.07262E+11	2.23392E-12	-1.33084E+2	-4.74576E-1	-5.07433E-1
2.07350E+11	1.53003E-12	5.35801E+1	9.69644E-1	1.31424E+0
2.07437E+11	8.15520E-16	-1.70780E+2	-5.59713E-2	-9.08507E-3
2.07525E+11	1.36375E-13	-7.50905E+1	5.81897E-2	-2.18547E-1
2.07612E+11	4.63788E-13	3.95405E+1	4.67247E-1	3.85725E-1
2.07700E+11	3.35911E-13	-9.55267E+1	-3.78881E-2	-3.91573E-1
2.07788E+11	3.26007E-13	1.71939E+2	-3.73638E-1	5.29175E-2
2.07875E+11	1.28987E-13	1.38627E+2	-4.42670E-1	3.89892E-1
2.07963E+11	5.47629E-14	-5.59098E+1	4.45026E-1	-6.57542E-1
2.08050E+11	3.74263E-13	-2.42680E+0	9.67130E-1	-4.09879E-2
2.08138E+11	8.64526E-15	-4.83919E+1	9.75293E-2	-1.09819E-1
2.08225E+11	5.96011E-12	-1.12463E+2	-2.74760E+0	-6.64528E+0
2.08313E+11	3.12740E-13	1.28084E+2	-4.65407E-1	5.93904E-1
2.08400E+11	3.57041E-13	-9.70049E+1	-5.59570E-2	-4.55413E-1
2.08487E+11	5.16206E-13	-1.43743E+2	-9.41185E-1	-6.90290E-1
2.08575E+11	6.13929E-13	-1.63692E+2	-3.73130E+0	-1.09167E+0
2.08662E+11	1.66875E-13	1.11435E+2	-1.60219E-1	4.08105E-1
2.08750E+11	2.87527E-13	7.79830E+1	2.28873E-1	1.07519E+0
2.08837E+11	1.58524E-12	2.42330E+1	1.00326E+0	4.51578E-1
2.08925E+11	5.61638E-13	1.04310E+2	-2.46953E-1	9.68130E-1
2.09013E+11	6.40013E-13	3.46468E+1	6.10672E+0	4.22012E+0
2.09100E+11	1.59741E-13	3.64171E+0	1.44590E+0	9.20251E-2
2.09188E+11	1.29054E-12	1.29155E+2	-4.84174E-1	5.94616E-1
2.09275E+11	2.76878E-13	1.59755E+1	8.23968E-1	2.35887E-1
2.09363E+11	1.00012E-12	8.67219E+1	1.18297E-1	2.06538E+0
2.09450E+11	2.35697E-12	3.21307E+0	4.29773E+0	2.41264E-1
2.09537E+11	1.68190E-12	9.14289E+1	-3.76513E-2	1.50942E+0
2.09625E+11	8.14850E-13	1.79481E+2	-4.71761E-1	4.27695E-3
2.09712E+11	5.40252E-13	-6.13435E+1	1.99997E-1	-3.65960E-1
2.09800E+11	8.02420E-13	-7.25872E+1	4.56230E-1	-1.45469E+0
2.09887E+11	8.85741E-13	2.61258E+1	3.32500E+0	1.63076E+0
2.09975E+11	6.04979E-13	-8.71900E+1	7.89330E-2	-1.60818E+0
2.10063E+11	1.63724E-12	8.61739E+0	1.06214E+0	1.60963E-1
2.10150E+11	4.52490E-13	7.40113E+1	1.51639E-1	5.29219E-1
2.10238E+11	2.67207E-13	1.48012E+2	-1.68757E+0	1.05403E+0
2.10325E+11	1.27458E-14	-1.60881E+2	-1.34144E-1	-4.65026E-2
2.10413E+11	2.05004E-12	-8.76056E+1	2.42938E-2	-5.81001E-1
2.10500E+11	8.48337E-13	1.14075E+2	-1.81775E-1	4.06844E-1
2.10588E+11	1.03730E-12	-3.24220E+1	8.81673E-1	-5.60003E-1
2.10675E+11	1.97561E-12	-9.64474E+1	-1.17184E-1	-1.03698E+0
2.10762E+11	1.35890E-12	-3.04565E+1	8.06038E-1	-4.73968E-1
2.10850E+11	8.24298E-13	3.75270E+1	8.68758E-1	6.67272E-1
2.10937E+11	3.13169E-12	-1.00531E+2	-1.76090E-1	-9.47239E-1
2.11025E+11	7.16096E-13	8.70159E+1	1.24252E-1	2.38356E+0
2.11112E+11	1.77992E-15	2.17492E+1	6.93079E-2	2.76500E-2
2.11200E+11	1.32130E-13	9.18173E+1	-6.54574E-3	2.06300E-1
2.11288E+11	9.42879E-14	3.84527E+1	2.60909E-1	2.07185E-1
2.11375E+11	3.25466E-13	-1.71962E+2	-4.16790E-1	-5.88611E-2
2.11463E+11	6.79123E-13	8.97329E+1	3.78516E-3	8.11946E-1
2.11550E+11	1.69754E-12	-1.20656E+2	-1.18729E+0	-2.00310E+0
2.11638E+11	8.59063E-13	5.48274E+1	6.77739E-1	9.61733E-1
2.11725E+11	1.41436E-12	2.84338E+1	1.56341E+0	8.46523E-1
2.11812E+11	1.21229E-12	-2.89020E+1	4.82549E-1	-2.66404E-1
2.11900E+11	2.98724E-13	1.71190E+2	-8.71964E+0	1.35149E+0
2.11987E+11	1.28130E-13	-8.13972E+1	4.77834E-2	-3.15849E-1
2.12075E+11	4.32293E-13	6.00681E+1	2.28076E-1	3.96125E-1
2.12162E+11	9.72883E-13	2.87126E+1	8.67651E-1	4.75273E-1
2.12250E+11	4.82347E-14	6.24336E+1	8.12658E-2	1.55669E-1
2.12337E+11	4.38559E-13	2.87585E+1	3.80715E-1	2.08941E-1
2.12425E+11	5.01239E-13	7.50986E+0	7.54809E-1	9.95046E-2
2.12513E+11	1.22874E-12	-1.73200E+2	-4.88933E+0	-5.83048E-1
2.12600E+11	7.60922E-13	-9.84633E+1	-1.61156E-1	-1.08306E+0
2.12688E+11	3.69490E-14	1.50531E+2	-9.99371E-2	5.64700E-2
2.12775E+11	5.62070E-11	9.32365E+0	1.39094E+1	2.28365E+0
2.12863E+11	1.89613E-8	-1.50353E+2	-1.58343E+2	-9.01225E+1
2.12950E+11	4.42279E-8	-1.42324E+2	-1.40825E+2	-1.08747E+2
2.13037E+11	3.47144E-8	1.39629E+2	-2.12516E+2	1.80682E+2
2.13125E+11	4.73619E-8	6.35567E+1	1.70983E+1	3.43791E+1
2.13212E+11	2.57059E-8	-8.15097E+1	3.43846E+0	-2.30340E+1
2.13300E+11	3.21532E-8	1.30517E+2	-1.44395E+1	1.68964E+1
2.13387E+11	1.54318E-8	-4.39294E+1	1.08567E+1	-1.04584E+1
2.13475E+11	2.16512E-8	1.47183E+2	-9.88362E+0	6.37372E+0
2.13563E+11	8.94131E-9	-6.83436E+0	7.31668E+0	-8.76912E-1
2.13650E+11	9.98554E-9	-1.77032E+2	-3.43238E+0	-1.77970E-1
2.13738E+11	5.53379E-9	3.92902E+1	1.78269E+0	1.45861E+0
2.13825E+11	7.23802E-9	-1.28193E+2	-9.60609E-1	-1.22101E+0
2.13913E+11	2.70174E-9	8.85107E+1	2.52963E-1	9.72952E+0
2.14000E+11	2.14536E-9	-5.33466E+1	3.36311E+1	-4.51962E+1
2.14087E+11	1.69181E-9	4.02130E+1	2.07615E+1	1.75529E+1
2.14175E+11	1.07633E-9	1.30620E+2	-3.23442E+1	3.77098E+1
2.14262E+11	5.16869E-10	-1.76057E+2	-5.71872E+1	-3.94210E+0
2.14350E+11	5.01718E-10	3.74860E+1	1.74150E+1	1.33563E+1
2.14437E+11	2.09645E-9	1.69890E+2	-2.31188E+2	4.12222E+1
2.14525E+11	7.00738E-10	9.30734E+1	-1.33930E+0	2.49436E+1
2.14612E+11	3.19085E-9	1.06914E+2	-1.53409E+1	5.04484E+1
2.14700E+11	3.42331E-10	1.03769E+2	-1.26550E+1	5.16433E+1
2.14788E+11	1.34670E-9	-6.78450E+0	2.00264E+1	-2.38251E+0
2.14875E+11	6.32299E-11	-1.04752E+2	-2.72902E+0	-1.03639E+1
2.14963E+11	1.78037E-12	-8.37527E+1	3.30369E-1	-3.01787E+0
2.15050E+11	5.79249E-13	-1.26917E+2	-7.08486E-1	-9.43024E-1
2.15138E+11	9.56712E-14	1.56557E+2	-8.08142E-1	3.50428E-1
2.15225E+11	1.21357E-12	-5.96539E+1	6.87413E-1	-1.17420E+0
2.15312E+11	7.44475E-14	-2.84466E+1	2.87017E-1	-1.55491E-1
2.15400E+11	4.16808E-13	8.70440E+1	3.30731E-2	6.40483E-1
2.15487E+11	1.24207E-12	4.14454E+0	7.15903E-1	5.18760E-2
2.15575E+11	6.09586E-13	1.38917E+2	-1.07037E+0	9.33169E-1
2.15662E+11	2.93021E-13	-4.42147E+1	4.36036E-1	-4.24244E-1
2.15750E+11	7.40232E-13	5.96688E+1	3.41490E-1	5.83660E-1
2.15838E+11	1.63770E-12	7.26626E+1	5.09392E+0	1.63172E+1
2.15925E+11	2.36754E-12	-5.53118E+1	4.88977E-1	-7.06484E-1
2.16013E+11	5.71281E-13	5.33579E+1	6.58426E-1	8.85213E-1
2.16100E+11	1.24053E-12	3.03470E+0	5.99654E-1	3.17907E-2
2.16188E+11	1.10183E-12	3.93483E+1	8.39007E-1	6.87901E-1
2.16275E+11	5.34827E-14	-1.39804E+1	9.81346E-2	-2.44320E-2
2.16363E+11	1.36151E-13	2.16735E+1	3.69350E-1	1.46784E-1
2.16450E+11	1.54209E-12	-1.66005E+0	2.12558E+0	-6.16026E-2
2.16537E+11	5.55477E-13	-4.79886E+1	2.48182E-1	-2.75523E-1
2.16625E+11	2.45536E-12	-3.62241E+1	1.28125E+0	-9.38561E-1
2.16712E+11	7.06072E-13	1.20212E+2	-2.62821E-1	4.51348E-1
2.16800E+11	8.39813E-13	-1.79978E+2	-8.35238E-1	-3.18227E-4
2.16887E+11	5.29005E-13	6.82027E+1	2.32586E-1	5.81586E-1
2.16975E+11	3.14375E-13	-1.29621E+2	-1.80997E-1	-2.18621E-1
2.17063E+11	2.09147E-12	1.13546E+2	-4.42654E-1	1.01578E+0
2.17150E+11	1.32760E-12	4.17858E+1	8.54880E-1	7.63970E-1
2.17238E+11	2.03841E-12	-1.82348E+1	1.42481E+0	-4.69411E-1
2.17325E+11	1.03727E-12	-9.81726E+1	-1.06909E-1	-7.44417E-1
2.17413E+11	4.90366E-13	-2.21666E+1	5.17631E-1	-2.10889E-1
2.17500E+11	5.73013E-13	8.58094E+1	4.66051E-2	6.36067E-1
2.17587E+11	3.50152E-12	8.96232E+1	8.47900E-3	1.28926E+0
2.17675E+11	2.67960E-12	1.43912E+2	-6.29272E-1	4.58675E-1
2.17762E+11	2.70220E-11	-5.45230E+0	8.07315E+0	-7.70574E-1
2.17850E+11	1.52311E-10	-1.11006E+2	-2.53894E+0	-6.61204E+0
2.17937E+11	2.70651E-9	-5.43835E+1	4.56864E+1	-6.37752E+1
2.18025E+11	9.49491E-9	-1.21717E+2	-5.44101E+1	-8.80392E+1
2.18113E+11	2.12993E-7	-5.93667E+0	5.40496E+2	-5.62044E+1
2.18200E+11	4.24977E-7	1.13827E+2	-1.72585E+2	3.90809E+2
2.18288E+11	2.15864E-6	-1.79006E+2	-1.27783E+3	-2.21688E+1
2.18375E+11	2.88670E-6	-5.59618E+1	1.36657E+3	-2.02312E+3
2.18463E+11	4.98033E-6	-1.97455E+0	2.16605E+3	-7.46768E+1
2.18550E+11	3.41442E-6	4.12060E+1	2.18319E+3	1.91164E+3
2.18638E+11	2.13717E-6	8.12739E+1	4.12728E+2	2.68901E+3
2.18725E+11	1.34328E-6	1.24898E+2	-6.33097E+2	9.07574E+2
2.18812E+11	1.42107E-6	1.28679E+2	-3.58925E+2	4.48348E+2
2.18900E+11	1.47799E-6	-1.07348E+2	-1.65149E+2	-5.28662E+2
2.18987E+11	1.61230E-6	1.00629E+2	-3.78059E+2	2.01441E+3
2.19075E+11	1.18891E-6	1.56152E+2	-7.37566E+2	3.26038E+2
2.19162E+11	2.59012E-6	-1.08494E+2	-7.19040E+2	-2.14968E+3
2.19250E+11	7.39411E-6	1.47177E+2	-3.64155E+2	2.34889E+2
2.19338E+11	5.00316E-6	1.29877E+1	2.58338E+0	5.95833E-1
2.19425E+11	1.25126E-5	-1.57321E+2	-7.47429E-1	-3.12338E-1
2.19513E+11	5.77157E-6	5.73546E+1	1.96682E-1	3.07006E-1
2.19600E+11	1.11060E-5	-8.42645E+1	3.17058E-2	-3.15674E-1
2.19688E+11	7.02616E-6	1.49296E+2	-1.89021E-1	1.12251E-1
2.19775E+11	8.86301E-6	2.26929E+1	2.32704E-1	9.73085E-2
2.19862E+11	4.22597E-6	-1.00859E+2	-3.67834E-2	-1.91748E-1
2.19950E+11	7.94463E-6	1.31024E+2	-1.44962E-1	1.66617E-1
2.20037E+11	3.53553E-6	-2.33255E+0	1.95137E-1	-7.94857E-3
2.20125E+11	4.59665E-6	-1.31192E+2	-1.16238E-1	-1.32813E-1
2.20212E+11	4.27712E-6	1.00525E+2	-3.42913E-2	1.84574E-1
2.20300E+11	1.84617E-6	-3.43095E+1	1.26910E-1	-8.66030E-2
2.20387E+11	6.53244E-6	-1.64871E+2	-1.90888E-1	-5.16077E-2
2.20475E+11	2.02810E-6	4.37825E+1	1.07276E-1	1.02811E-1
2.20563E+11	4.78111E-6	-7.75497E+1	4.34437E-2	-1.96769E-1
2.20650E+11	2.69154E-6	1.30035E+2	-9.42483E-2	1.12181E-1
2.20738E+11	3.37641E-6	2.47737E+1	1.69850E-1	7.83869E-2
2.20825E+11	2.29935E-6	-1.37159E+2	-1.09320E-1	-1.01377E-1
2.20913E+11	5.20433E-6	1.06259E+2	-4.86698E-2	1.66882E-1
2.21000E+11	1.18802E-6	-5.22648E+1	9.56892E-2	-1.23650E-1
2.21087E+11	6.13728E-6	-1.59621E+2	-1.58596E-1	-5.89137E-2
2.21175E+11	1.84397E-6	5.12697E+1	9.99803E-2	1.24661E-1
2.21262E+11	4.47736E-6	-6.26971E+1	8.37972E-2	-1.62334E-1
2.21350E+11	3.08728E-6	1.48037E+2	-1.45333E-1	9.06819E-2
2.21437E+11	4.48654E-6	2.20631E+1	1.97839E-1	8.01854E-2
2.21525E+11	3.25183E-6	-1.33524E+2	-1.23160E-1	-1.29676E-1
2.21613E+11	8.64395E-6	1.02447E+2	-5.46414E-2	2.47556E-1
2.21700E+11	1.98711E-6	-5.45617E+1	1.24817E-1	-1.75386E-1
2.21788E+11	1.29467E-5	-1.75534E+2	-3.16085E-1	-2.46883E-2
2.21875E+11	3.76681E-6	2.39075E+1	2.38254E-1	1.05617E-1
2.21963E+11	8.26501E-6	-9.54261E+1	-3.48369E-2	-3.66754E-1
2.22050E+11	7.53446E-6	9.12322E+1	-6.56012E-3	3.04992E-1
2.22137E+11	4.04023E-6	-2.16594E+1	3.48993E-1	-1.38595E-1
2.22225E+11	5.99093E-6	1.70742E+2	-3.22752E-1	5.26110E-2
2.22312E+11	4.27776E-6	6.15661E+1	1.64600E-1	3.03992E-1
2.22400E+11	3.56995E-6	-1.06004E+2	-1.19302E-1	-4.15949E-1
2.22487E+11	4.17119E-6	1.34885E+2	-3.88808E-1	3.90373E-1
2.22575E+11	7.01877E-6	-3.00661E+1	4.98431E-1	-2.88537E-1
2.22662E+11	3.45165E-6	-1.48202E+2	-4.87308E-1	-3.02117E-1
2.22750E+11	1.10667E-5	6.80060E+1	2.04348E-1	5.05930E-1
2.22838E+11	2.89896E-6	-4.25838E+1	4.07398E-1	-3.74410E-1
2.22925E+11	9.33688E-6	1.73432E+2	-4.55532E-1	5.24452E-2
2.23013E+11	6.04369E-6	5.16478E+1	3.22465E-1	4.07548E-1
2.23100E+11	5.45564E-6	-1.04152E+2	-9.56466E-2	-3.79321E-1
2.23188E+11	7.88357E-6	1.29842E+2	-2.95567E-1	3.54218E-1
2.23275E+11	9.62900E-6	-2.92527E+1	2.75855E-1	-1.54503E-1
2.23362E+11	7.37678E-6	-1.47534E+2	-3.07257E-1	-1.95488E-1
2.23450E+11	1.38164E-5	4.94890E+1	1.61727E-1	1.89284E-1
2.23537E+11	6.49998E-6	-7.04223E+1	9.51710E-2	-2.67601E-1
2.23625E+11	1.42580E-5	1.21455E+2	-1.21790E-1	1.99094E-1
2.23712E+11	1.31013E-5	6.35194E+0	2.60218E-1	2.89672E-2
2.23800E+11	1.34749E-5	-1.47154E+2	-1.98612E-1	-1.28224E-1
2.23888E+11	1.55583E-5	8.57722E+1	1.82025E-2	2.46235E-1
2.23975E+11	1.29500E-5	-7.59015E+1	4.90252E-2	-1.95199E-1
2.24063E+11	1.40572E-5	1.33159E+2	-1.52594E-1	1.62727E-1
2.24150E+11	2.26052E-5	-1.83053E+1	2.17567E-1	-7.19757E-2
2.24238E+11	2.39160E-5	-1.61083E+2	-2.56166E-1	-8.77926E-2
2.24325E+11	2.27380E-5	6.07356E+1	1.10855E-1	1.97829E-1
2.24412E+11	4.25481E-5	-7.30343E+1	7.68561E-2	-2.51924E-1
2.24500E+11	1.76246E-5	1.60144E+2	-1.86882E-1	6.74877E-2
2.24587E+11	4.78996E-5	2.11140E+1	2.35295E-1	9.08589E-2
2.24675E+11	2.66475E-5	-1.18204E+2	-9.70927E-2	-1.81044E-1
2.24762E+11	5.89685E-5	9.58912E+1	-2.73089E-2	2.64661E-1
2.24850E+11	3.23999E-5	-4.73050E+1	1.52525E-1	-1.65319E-1
2.24937E+11	5.53407E-5	1.58872E+2	-2.30960E-1	8.92474E-2
2.25025E+11	4.04729E-5	-4.81225E+0	2.41267E-1	-2.03117E-2
2.25113E+11	5.59463E-5	-1.62935E+2	-2.28337E-1	-7.00935E-2
2.25200E+11	5.05197E-5	5.15856E+1	1.79897E-1	2.26857E-1
2.25288E+11	5.87166E-5	-9.01878E+1	-1.10181E-3	-3.36118E-1
2.25375E+11	6.28314E-5	1.49947E+2	-4.18872E-1	2.42357E-1
2.25463E+11	5.76269E-5	2.82273E+0	5.20750E-1	2.56760E-2
2.25550E+11	5.73689E-5	-1.09067E+2	-2.63189E-1	-7.61465E-1
2.25637E+11	4.73779E-5	1.05335E+2	-2.29286E-1	8.36099E-1
2.25725E+11	5.37667E-5	-5.83386E+0	1.38310E+0	-1.41316E-1
2.25812E+11	5.26648E-5	-1.49588E+2	-1.46565E+0	-8.60293E-1
2.25900E+11	5.46454E-5	9.96801E+1	-3.24989E-1	1.90525E+0
2.25987E+11	5.30390E-5	-4.36707E+1	1.85785E+0	-1.77358E+0
2.26075E+11	7.11844E-5	-1.66548E+2	-2.46214E+0	-5.88946E-1
2.26163E+11	5.22843E-5	5.25911E+1	1.98450E+0	2.59478E+0
2.26250E+11	8.38922E-5	-7.11104E+1	1.33970E+0	-3.91526E+0
2.26338E+11	4.55503E-5	1.51800E+2	-3.97963E+0	2.13384E+0
2.26425E+11	9.00051E-5	3.21688E+1	4.46743E+0	2.80989E+0
2.26513E+11	3.85955E-5	-1.04997E+2	-1.25697E+0	-4.69197E+0
2.26600E+11	1.00203E-4	1.29697E+2	-2.70496E+0	3.25850E+0
2.26688E+11	3.63180E-5	-1.53967E+1	4.89081E+0	-1.34685E+0
2.26775E+11	1.16164E-4	-1.38409E+2	-3.58085E+0	-3.17819E+0
2.26862E+11	4.25731E-5	7.39116E+1	1.60940E+0	5.58013E+0
2.26950E+11	1.07572E-4	-3.87203E+1	5.01685E+0	-4.02217E+0
2.27037E+11	5.21544E-5	1.67346E+2	-6.41332E+0	1.43987E+0
2.27125E+11	9.20066E-5	5.13174E+1	3.41425E+0	4.26433E+0
2.27212E+11	5.74764E-5	-1.08205E+2	-1.74153E+0	-5.29536E+0
2.27300E+11	7.14220E-5	1.30598E+2	-2.52952E+0	2.95146E+0
2.27388E+11	5.72380E-5	-2.56581E+1	4.41994E+0	-2.12320E+0
2.27475E+11	6.99098E-5	-1.51755E+2	-4.02790E+0	-2.16378E+0
2.27563E+11	4.83168E-5	6.38861E+1	2.06600E+0	4.21465E+0
2.27650E+11	5.39525E-5	-6.05181E+1	3.00549E+0	-5.31609E+0
2.27738E+11	4.09700E-5	1.58640E+2	-4.01495E+0	1.57020E+0
2.27825E+11	3.21813E-5	3.42764E+1	3.45549E+0	2.35510E+0
2.27912E+11	2.63363E-5	-1.18515E+2	-1.82278E+0	-3.35507E+0
2.28000E+11	1.49210E-5	1.16157E+2	-1.69108E+0	3.44326E+0
2.28087E+11	1.58760E-5	-3.87061E+1	2.78020E+0	-2.22785E+0
2.28175E+11	2.29537E-5	-1.60603E+2	-6.42645E+0	-2.26275E+0
2.28262E+11	1.25914E-5	5.70586E+1	1.32689E+0	2.04781E+0
2.28350E+11	1.52296E-5	-4.97512E+1	1.39950E+0	-1.65323E+0
2.28438E+11	2.00633E-5	1.51229E+2	-1.01429E+0	5.56937E-1
2.28525E+11	7.50843E-6	4.31839E+1	8.11004E-1	7.61155E-1
2.28613E+11	2.21963E-5	-1.10864E+2	-3.47127E-1	-9.10766E-1
2.28700E+11	8.05232E-6	1.40025E+2	-5.81890E-1	4.87838E-1
2.28788E+11	1.76203E-5	5.70760E+0	5.48154E-1	5.47865E-2
2.28875E+11	1.49285E-5	-1.02427E+2	-8.68282E-2	-3.94036E-1
2.28963E+11	1.26047E-5	1.21483E+2	-1.40401E-1	2.29268E-1
2.29050E+11	1.48663E-5	-2.10897E+1	2.32012E-1	-8.94782E-2
2.29137E+11	1.86029E-5	-1.74389E+2	-2.03388E-1	-1.99805E-2
2.29225E+11	9.70935E-6	4.28824E+1	1.72940E-1	1.60607E-1
2.29312E+11	1.10318E-5	-1.09062E+2	-5.25424E-2	-1.52057E-1
2.29400E+11	6.44890E-6	1.00839E+2	-3.53878E-2	1.84835E-1
2.29487E+11	4.60183E-6	-5.17438E+1	8.03409E-2	-1.01889E-1
2.29575E+11	9.98152E-6	1.64154E+2	-1.76654E-1	5.01406E-2
2.29663E+11	5.03360E-6	8.74421E+0	1.61894E-1	2.49011E-2
2.29750E+11	1.60156E-5	-1.31574E+2	-1.57156E-1	-1.77173E-1
2.29838E+11	9.96262E-6	7.74527E+1	4.63481E-2	2.08249E-1
2.29925E+11	1.19223E-5	-6.65812E+1	1.04269E-1	-2.40734E-1
2.30013E+11	1.58685E-5	1.49695E+2	-2.11280E-1	1.23489E-1
2.30100E+11	1.11835E-5	1.00328E+1	2.81465E-1	4.97960E-2
2.30187E+11	1.29745E-5	-1.38354E+2	-1.97323E-1	-1.75477E-1
2.30275E+11	2.21146E-5	7.75089E+1	6.21194E-2	2.80408E-1
2.30362E+11	7.22417E-6	-4.60261E+1	1.73928E-1	-1.80272E-1
2.30450E+11	2.07353E-5	1.67446E+2	-2.78001E-1	6.19085E-2
2.30537E+11	1.00337E-5	4.06402E+1	1.76579E-1	1.51562E-1
2.30625E+11	1.29908E-5	-1.00815E+2	-5.25544E-2	-2.75100E-1
2.30712E+11	9.27422E-6	1.33845E+2	-1.45802E-1	1.51804E-1
2.30800E+11	1.24767E-5	-6.75036E+0	2.76095E-1	-3.26797E-2
2.30888E+11	7.51616E-6	-1.31782E+2	-1.33554E-1	-1.49467E-1
2.30975E+11	1.72722E-5	9.56209E+1	-2.58568E-2	2.62722E-1
2.31063E+11	5.54391E-6	-4.01824E+1	1.55033E-1	-1.30931E-1
2.31150E+11	1.29209E-5	-1.67868E+2	-2.42065E-1	-5.20376E-2
2.31238E+11	9.66187E-6	6.27018E+1	1.00481E-1	1.94693E-1
2.31325E+11	8.22230E-6	-6.06985E+1	1.27467E-1	-2.27130E-1
2.31412E+11	1.21793E-5	1.74537E+2	-2.67889E-1	2.56179E-2
2.31500E+11	8.55530E-6	4.57413E+1	2.14933E-1	2.20568E-1
2.31587E+11	1.24582E-5	-8.02444E+1	5.95590E-2	-3.46409E-1
2.31675E+11	1.16032E-5	1.49045E+2	-3.37313E-1	2.02318E-1
2.31762E+11	7.75112E-6	3.20461E+1	3.67230E-1	2.29882E-1
2.31850E+11	1.10154E-5	-9.52201E+1	-4.57077E-2	-5.00300E-1
2.31938E+11	1.01893E-5	1.47807E+2	-4.01012E-1	2.52461E-1
2.32025E+11	8.13992E-6	9.27783E+0	6.00309E-1	9.80658E-2
2.32113E+11	1.41791E-5	-1.20342E+2	-2.66056E-1	-4.54539E-1
2.32200E+11	1.19302E-5	1.06449E+2	-1.64479E-1	5.57079E-1
2.32288E+11	1.23924E-5	-2.46568E+1	4.55971E-1	-2.09307E-1
2.32375E+11	2.06130E-5	-1.47436E+2	-4.91742E-1	-3.14047E-1
2.32462E+11	1.24978E-5	7.98661E+1	8.04496E-2	4.50098E-1
2.32550E+11	1.63610E-5	-4.22434E+1	3.08002E-1	-2.79704E-1
2.32637E+11	2.45752E-5	1.77394E+2	-3.55529E-1	1.61841E-2
2.32725E+11	1.61018E-5	4.50186E+1	2.27995E-1	2.28143E-1
2.32812E+11	2.80439E-5	-9.58814E+1	-3.10540E-2	-3.01462E-1
2.32900E+11	2.05684E-5	1.27196E+2	-1.71855E-1	2.26446E-1
2.32987E+11	2.49447E-5	-7.14570E+0	2.97015E-1	-3.72358E-2
2.33075E+11	3.11258E-5	-1.53530E+2	-2.57463E-1	-1.28195E-1
2.33163E+11	2.41823E-5	6.92653E+1	1.01951E-1	2.69311E-1
2.33250E+11	2.59706E-5	-8.18763E+1	3.99691E-2	-2.80007E-1
2.33338E+11	3.41068E-5	1.47008E+2	-2.25068E-1	1.46113E-1
2.33425E+11	3.28876E-5	5.51424E+0	2.90553E-1	2.80499E-2
2.33513E+11	3.40338E-5	-1.21667E+2	-1.39009E-1	-2.25363E-1
2.33600E+11	4.80229E-5	9.87353E+1	-4.44914E-2	2.89559E-1
2.33687E+11	3.73088E-5	-3.76148E+1	2.16146E-1	-1.66544E-1
2.33775E+11	5.50522E-5	1.79566E+2	-2.87230E-1	2.17808E-3
2.33862E+11	4.91277E-5	3.68923E+1	2.29541E-1	1.72296E-1
2.33950E+11	5.36727E-5	-1.05748E+2	-7.27506E-2	-2.57997E-1
2.34037E+11	6.19522E-5	1.21393E+2	-1.53963E-1	2.52300E-1
2.34125E+11	5.48794E-5	-2.24370E+1	2.29726E-1	-9.48595E-2
2.34213E+11	5.73194E-5	-1.60750E+2	-2.75858E-1	-9.63339E-2
2.34300E+11	6.12713E-5	5.13107E+1	1.51870E-1	1.89638E-1
2.34388E+11	6.70174E-5	-8.07106E+1	5.05675E-2	-3.09155E-1
2.34475E+11	6.43417E-5	1.28321E+2	-1.54895E-1	1.95983E-1
2.34563E+11	7.06809E-5	3.11115E+0	3.19989E-1	1.73925E-2
2.34650E+11	9.05127E-5	-1.41569E+2	-2.04741E-1	-1.62458E-1
2.34738E+11	6.73202E-5	9.60219E+1	-3.31701E-2	3.14436E-1
2.34825E+11	1.06670E-4	-6.17758E+1	1.31293E-1	-2.44612E-1
2.34912E+11	7.76667E-5	1.67481E+2	-3.08383E-1	6.84722E-2
2.35000E+11	1.11260E-4	1.76437E+1	2.67198E-1	8.49847E-2
2.35087E+11	7.76184E-5	-1.14319E+2	-1.35028E-1	-2.98790E-1
2.35175E+11	1.16517E-4	9.55467E+1	-2.70694E-2	2.78746E-1
2.35262E+11	9.00574E-5	-4.28286E+1	2.55435E-1	-2.36773E-1
2.35350E+11	1.16820E-4	1.74787E+2	-2.64675E-1	2.41492E-2
2.35438E+11	1.08786E-4	4.66695E+1	2.45482E-1	2.60222E-1
2.35525E+11	9.78533E-5	-8.90579E+1	4.22459E-3	-2.56900E-1
2.35613E+11	1.22856E-4	1.45258E+2	-2.96515E-1	2.05638E-1
2.35700E+11	8.99695E-5	2.79133E+0	2.52267E-1	1.22997E-2
2.35788E+11	1.26738E-4	-1.24713E+2	-2.07042E-1	-2.98866E-1
2.35875E+11	8.98244E-5	8.30314E+1	3.07520E-2	2.51594E-1
2.35962E+11	1.12110E-4	-4.38052E+1	2.48960E-1	-2.38787E-1
2.36050E+11	7.95091E-5	1.61859E+2	-2.47580E-1	8.11156E-2
2.36137E+11	1.03267E-4	4.59670E+1	2.14278E-1	2.21636E-1
2.36225E+11	8.47715E-5	-1.02019E+2	-5.53648E-2	-2.60054E-1
2.36312E+11	1.07420E-4	1.34704E+2	-2.02736E-1	2.04842E-1
2.36400E+11	9.56902E-5	-1.19131E+1	2.54699E-1	-5.37342E-2
2.36488E+11	1.27781E-4	-1.40907E+2	-2.27791E-1	-1.85074E-1
2.36575E+11	1.00720E-4	7.85164E+1	5.20440E-2	2.56179E-1
2.36663E+11	1.54766E-4	-5.01655E+1	1.94091E-1	-2.32671E-1
2.36750E+11	9.85850E-5	1.69965E+2	-2.47530E-1	4.38029E-2
2.36838E+11	1.86775E-4	4.12302E+1	2.32151E-1	2.03449E-1
2.36925E+11	1.15386E-4	-1.04045E+2	-6.00849E-2	-2.40178E-1
2.37013E+11	2.46041E-4	1.26246E+2	-1.83591E-1	2.50426E-1
2.37100E+11	9.35604E-5	-2.14065E+1	2.30661E-1	-9.04256E-2
2.37187E+11	2.00395E-4	-1.40767E+2	-2.42567E-1	-1.98064E-1
2.37275E+11	1.02964E-4	7.03953E+1	8.50596E-2	2.38813E-1
2.37362E+11	1.83295E-4	-4.14133E+1	2.23419E-1	-1.97062E-1
2.37450E+11	1.02605E-4	1.60023E+2	-2.59024E-1	9.41598E-2
2.37537E+11	1.50466E-4	3.95043E+1	2.30115E-1	1.89721E-1
2.37625E+11	1.19333E-4	-1.18489E+2	-1.67869E-1	-3.09311E-1
2.37713E+11	1.39266E-4	1.23295E+2	-2.27562E-1	3.46493E-1
2.37800E+11	1.52847E-4	-2.54585E+1	5.19327E-1	-2.47245E-1
2.37888E+11	1.54131E-4	-1.43694E+2	-4.96240E-1	-3.64610E-1
2.37975E+11	1.70494E-4	6.87991E+1	2.56349E-1	6.60876E-1
2.38063E+11	1.66665E-4	-5.66551E+1	3.83639E-1	-5.83040E-1
2.38150E+11	1.73055E-4	1.54809E+2	-6.29995E-1	2.96327E-1
2.38237E+11	1.61383E-4	2.61970E+1	5.94562E-1	2.92522E-1
2.38325E+11	1.66194E-4	-1.18607E+2	-2.78900E-1	-5.11399E-1
2.38412E+11	1.68396E-4	1.21939E+2	-3.24091E-1	5.19882E-1
2.38500E+11	1.71572E-4	-2.54549E+1	4.60659E-1	-2.19278E-1
2.38587E+11	1.38033E-4	-1.42544E+2	-4.07808E-1	-3.12428E-1
2.38675E+11	1.66713E-4	5.68331E+1	2.58228E-1	3.95111E-1
2.38762E+11	9.49211E-5	-5.16248E+1	2.67698E-1	-3.38051E-1
2.38850E+11	1.74254E-4	1.47833E+2	-3.78273E-1	2.37911E-1
2.38938E+11	8.47334E-5	2.47829E+1	3.11336E-1	1.43745E-1
2.39025E+11	1.71890E-4	-1.34521E+2	-2.76855E-1	-2.81520E-1
2.39113E+11	6.47943E-5	9.69560E+1	-3.68644E-2	3.02155E-1
2.39200E+11	1.58503E-4	-5.70310E+1	1.99099E-1	-3.06949E-1
2.39288E+11	6.55294E-5	1.72575E+2	-2.80946E-1	3.66125E-2
2.39375E+11	1.63525E-4	2.73344E+1	2.91920E-1	1.50893E-1
2.39462E+11	7.64718E-5	-1.12489E+2	-1.05029E-1	-2.53698E-1
2.39550E+11	1.54834E-4	9.82111E+1	-4.35791E-2	3.02004E-1
2.39637E+11	8.35884E-5	-4.70775E+1	1.89718E-1	-2.04000E-1
2.39725E+11	1.45392E-4	1.67505E+2	-2.87012E-1	6.36010E-2
2.39812E+11	8.35256E-5	4.17946E+1	2.15531E-1	1.92670E-1
2.39900E+11	8.77694E-5	-9.49991E+1	-2.62483E-2	-3.00076E-1
2.39988E+11	4.74904E-5	1.33118E+2	-1.92510E-1	2.05590E-1
2.40075E+11	9.07335E-5	-1.20817E+1	3.02546E-1	-6.47590E-2
2.40163E+11	5.68610E-5	-1.49692E+2	-2.36102E-1	-1.38013E-1
2.40250E+11	1.04319E-4	6.58566E+1	1.29384E-1	2.88653E-1
2.40338E+11	6.37412E-5	-7.03714E+1	8.74489E-2	-2.45197E-1
2.40425E+11	9.63285E-5	1.56515E+2	-2.91044E-1	1.26460E-1
2.40512E+11	4.54343E-5	1.94537E+1	2.40802E-1	8.50536E-2
2.40600E+11	7.96183E-5	-1.17352E+2	-1.51638E-1	-2.93138E-1
2.40687E+11	4.54236E-5	9.01922E+1	-8.64767E-4	2.57747E-1
2.40775E+11	6.87223E-5	-4.46922E+1	2.27747E-1	-2.25314E-1
2.40862E+11	5.04655E-5	1.60697E+2	-2.52915E-1	8.85863E-2
2.40950E+11	5.48169E-5	3.20028E+1	2.55776E-1	1.59844E-1
2.41037E+11	5.50402E-5	-1.19562E+2	-1.36546E-1	-2.40734E-1
2.41125E+11	4.73739E-5	1.15283E+2	-1.23329E-1	2.61107E-1
2.41213E+11	5.86129E-5	-3.12240E+1	2.38218E-1	-1.44406E-1
2.41300E+11	4.02943E-5	-1.59394E+2	-2.72137E-1	-1.02324E-1
2.41388E+11	6.43342E-5	5.40840E+1	1.64562E-1	2.27200E-1
2.41475E+11	5.08511E-5	-8.16977E+1	4.26997E-2	-2.92612E-1
2.41563E+11	6.52920E-5	1.54919E+2	-2.43431E-1	1.13932E-1
2.41650E+11	5.36065E-5	3.00169E+1	2.57906E-1	1.49004E-1
2.41737E+11	5.75662E-5	-1.05040E+2	-6.59764E-2	-2.45541E-1
2.41825E+11	5.45578E-5	1.22674E+2	-1.63848E-1	2.55478E-1
2.41912E+11	5.48272E-5	-1.42269E+1	2.44148E-1	-6.19010E-2
2.42000E+11	5.08699E-5	-1.37146E+2	-2.29357E-1	-2.12786E-1
2.42087E+11	5.90712E-5	8.59435E+1	1.85251E-2	2.61216E-1
2.42175E+11	4.71526E-5	-3.56704E+1	2.45496E-1	-1.76214E-1
2.42263E+11	5.42610E-5	1.79132E+2	-2.68989E-1	4.07350E-3
2.42350E+11	4.87936E-5	4.92228E+1	1.92765E-1	2.23500E-1
2.42438E+11	6.65556E-5	-9.70480E+1	-3.60635E-2	-2.91693E-1
2.42525E+11	5.83050E-5	1.34898E+2	-2.12685E-1	2.13445E-1
2.42613E+11	9.28000E-5	-2.61755E+0	3.09489E-1	-1.41488E-2
2.42700E+11	7.08690E-5	-1.35402E+2	-2.18256E-1	-2.15215E-1
2.42788E+11	9.12445E-5	9.26374E+1	-1.39595E-2	3.03043E-1
2.42875E+11	7.83656E-5	-4.88393E+1	2.04221E-1	-2.33602E-1
2.42962E+11	6.57709E-5	-1.78698E+2	-2.94599E-1	-6.69400E-3
2.43050E+11	7.73451E-5	4.41807E+1	2.48936E-1	2.41916E-1
2.43137E+11	7.28031E-5	-7.32709E+1	9.01476E-2	-2.99924E-1
2.43225E+11	9.70142E-5	1.56316E+2	-3.15301E-1	1.38304E-1
2.43312E+11	7.59351E-5	3.47683E+1	2.38184E-1	1.65347E-1
2.43400E+11	1.01004E-4	-9.01232E+1	-7.12382E-4	-3.31420E-1
2.43488E+11	7.29185E-5	1.49758E+2	-2.33290E-1	1.36009E-1
2.43575E+11	8.98659E-5	3.14589E+1	2.42507E-1	1.48369E-1
2.43663E+11	6.45162E-5	-8.90747E+1	3.93672E-3	-2.43756E-1
2.43750E+11	8.06176E-5	1.47171E+2	-2.06531E-1	1.33248E-1
2.43838E+11	5.58724E-5	2.02561E+1	2.24331E-1	8.27873E-2
2.43925E+11	6.39411E-5	-1.13005E+2	-9.01495E-2	-2.12325E-1
2.44012E+11	6.20229E-5	1.21174E+2	-1.24852E-1	2.06362E-1
2.44100E+11	6.66108E-5	-1.94677E+1	2.22793E-1	-7.87538E-2
2.44187E+11	5.67834E-5	-1.47389E+2	-2.03151E-1	-1.29975E-1
2.44275E+11	7.38128E-5	6.09666E+1	1.21847E-1	2.19515E-1
2.44362E+11	5.51969E-5	-6.96692E+1	8.21482E-2	-2.21709E-1
2.44450E+11	1.08190E-4	1.37269E+2	-1.92856E-1	1.78158E-1
2.44538E+11	7.47144E-5	9.09445E+0	2.33394E-1	3.73605E-2
2.44625E+11	1.37588E-4	-1.31298E+2	-1.79034E-1	-2.03803E-1
2.44713E+11	1.00447E-4	1.07122E+2	-7.12371E-2	2.31250E-1
2.44800E+11	1.93885E-4	-2.91044E+1	2.59390E-1	-1.44401E-1
2.44888E+11	1.30870E-4	-1.58816E+2	-2.46122E-1	-9.53875E-2
2.44975E+11	1.87573E-4	6.49786E+1	1.26807E-1	2.71675E-1
2.45063E+11	1.33680E-4	-6.81226E+1	1.02285E-1	-2.54731E-1
2.45150E+11	1.84103E-4	1.54980E+2	-2.65753E-1	1.24035E-1
2.45237E+11	1.65535E-4	2.35294E+1	2.66005E-1	1.15824E-1
2.45325E+11	1.79106E-4	-1.15748E+2	-1.24202E-1	-2.57521E-1
2.45412E+11	1.95513E-4	1.13482E+2	-1.20171E-1	2.76615E-1
2.45500E+11	1.83202E-4	-3.38993E+1	2.49335E-1	-1.67542E-1
2.45587E+11	1.91925E-4	-1.69030E+2	-3.00291E-1	-5.82065E-2
2.45675E+11	1.54105E-4	4.12842E+1	2.33753E-1	2.05243E-1
2.45763E+11	2.23606E-4	-8.57896E+1	2.20066E-2	-2.98928E-1
2.45850E+11	2.17621E-4	1.24380E+2	-1.83264E-1	2.67850E-1
2.45938E+11	2.49565E-4	-3.45729E+0	2.88178E-1	-1.74101E-2
2.46025E+11	2.22757E-4	-1.46266E+2	-2.72004E-1	-1.81641E-1
2.46113E+11	2.56902E-4	9.14283E+1	-7.28828E-3	2.92315E-1
2.46200E+11	2.06871E-4	-4.29724E+1	2.44714E-1	-2.27979E-1
2.46287E+11	2.77486E-4	-1.76748E+2	-3.02206E-1	-1.71718E-2
2.46375E+11	1.60213E-4	5.14431E+1	1.96193E-1	2.46146E-1
2.46462E+11	2.71247E-4	-7.99485E+1	5.36049E-2	-3.02419E-1
2.46550E+11	1.57812E-4	1.44346E+2	-2.45594E-1	1.76175E-1
2.46637E+11	3.13151E-4	1.22846E+1	3.05545E-1	6.65334E-2
2.46725E+11	1.58895E-4	-1.26185E+2	-1.69110E-1	-2.31189E-1
2.46813E+11	3.37954E-4	1.05169E+2	-8.38032E-2	3.09115E-1
2.46900E+11	1.58013E-4	-3.58768E+1	2.28536E-1	-1.65291E-1
2.46988E+11	3.51133E-4	-1.64188E+2	-3.06269E-1	-8.67351E-2
2.47075E+11	1.69040E-4	4.41002E+1	2.06658E-1	2.00267E-1
2.47163E+11	3.06154E-4	-8.23730E+1	3.97457E-2	-2.96811E-1
2.47250E+11	1.74478E-4	1.32508E+2	-1.95938E-1	2.13765E-1
2.47338E+11	2.85178E-4	1.27432E+1	2.84507E-1	6.43418E-2
2.47425E+11	1.83497E-4	-1.28641E+2	-1.84324E-1	-2.30563E-1
2.47512E+11	2.94563E-4	1.08689E+2	-9.50798E-2	2.81075E-1
2.47600E+11	1.70195E-4	-2.74412E+1	2.59664E-1	-1.34834E-1
2.47687E+11	2.72258E-4	-1.53607E+2	-2.77174E-1	-1.37548E-1
2.47775E+11	1.47127E-4	7.13139E+1	9.13110E-2	2.69982E-1
2.47862E+11	2.83606E-4	-5.65570E+1	1.75483E-1	-2.65700E-1
2.47950E+11	1.62868E-4	1.68835E+2	-2.71379E-1	5.35606E-2
2.48038E+11	3.25053E-4	3.80138E+1	2.64033E-1	2.06388E-1
2.48125E+11	1.61687E-4	-1.03478E+2	-6.25587E-2	-2.61026E-1
2.48213E+11	3.44180E-4	1.22975E+2	-1.94901E-1	3.00409E-1
2.48300E+11	1.54203E-4	-2.20298E+1	2.48439E-1	-1.00526E-1
2.48388E+11	2.94583E-4	-1.47604E+2	-3.00223E-1	-1.90500E-1
2.48475E+11	1.63253E-4	6.20407E+1	1.29682E-1	2.44314E-1
2.48562E+11	2.58900E-4	-6.82342E+1	1.26793E-1	-3.17555E-1
2.48650E+11	1.70686E-4	1.39530E+2	-2.16089E-1	1.84362E-1
2.48737E+11	2.18241E-4	9.98672E+0	3.28823E-1	5.79018E-2
2.48825E+11	1.68163E-4	-1.35212E+2	-2.04643E-1	-2.03132E-1
2.48912E+11	1.69412E-4	9.46871E+1	-2.67905E-2	3.26758E-1
2.49000E+11	1.51158E-4	-4.38847E+1	2.04392E-1	-1.96586E-1
2.49087E+11	1.85677E-4	1.79902E+2	-3.38253E-1	5.76106E-4
2.49175E+11	1.55105E-4	4.28822E+1	2.01175E-1	1.86827E-1
2.49263E+11	2.05343E-4	-9.86350E+1	-5.13691E-2	-3.38264E-1
2.49350E+11	1.38470E-4	1.22539E+2	-1.40002E-1	2.19433E-1
2.49438E+11	2.05092E-4	-1.80893E+1	3.29131E-1	-1.07509E-1
2.49525E+11	1.24218E-4	-1.55590E+2	-2.27307E-1	-1.03158E-1
2.49613E+11	1.94215E-4	7.69446E+1	7.82716E-2	3.37543E-1
2.49700E+11	1.21460E-4	-5.76776E+1	1.39771E-1	-2.20905E-1
2.49787E+11	1.84093E-4	1.54334E+2	-3.21924E-1	1.54693E-1
2.49875E+11	1.25849E-4	-4.52678E+0	2.63929E-1	-2.08958E-2
2.49962E+11	1.72585E-4	-1.44344E+2	-2.58342E-1	-1.85336E-1
2.50050E+11	1.25726E-4	7.87790E+1	4.87618E-2	2.45793E-1
2.50137E+11	1.47369E-4	-4.72203E+1	1.94173E-1	-2.09837E-1
2.50225E+11	1.08384E-4	-1.71683E+2	-2.47681E-1	-3.62081E-2
2.50313E+11	1.10122E-4	5.90568E+1	1.51291E-1	2.52356E-1
2.50400E+11	9.37419E-5	-7.78580E+1	5.52053E-2	-2.56591E-1
2.50488E+11	1.10273E-4	1.45037E+2	-2.36257E-1	1.65201E-1
2.50575E+11	8.05316E-5	2.95455E+1	2.21095E-1	1.25321E-1
2.50663E+11	1.25605E-4	-1.14455E+2	-1.33564E-1	-2.93686E-1
2.50750E+11	7.81287E-5	1.02084E+2	-5.56554E-2	2.59971E-1
2.50837E+11	1.51969E-4	-6.05169E+1	1.62374E-1	-2.87192E-1
2.50925E+11	7.75092E-5	1.54919E+2	-2.38958E-1	1.11841E-1
2.51012E+11	1.44670E-4	1.21107E+1	3.27250E-1	7.02206E-2
2.51100E+11	6.98424E-5	-1.29133E+2	-1.69521E-1	-2.08350E-1
2.51187E+11	1.20987E-4	9.06173E+1	-3.46609E-3	3.21686E-1
2.51275E+11	6.54692E-5	-4.19679E+1	1.95657E-1	-1.75972E-1
2.51362E+11	1.02938E-4	-1.74059E+2	-2.94360E-1	-3.06312E-2
2.51450E+11	6.44613E-5	5.32191E+1	1.60481E-1	2.14668E-1
2.51538E+11	1.02556E-4	-8.52157E+1	2.39764E-2	-2.86470E-1
2.51625E+11	7.36262E-5	1.41355E+2	-2.18464E-1	1.74680E-1
2.51713E+11	1.07034E-4	-3.40704E+0	2.89146E-1	-1.72141E-2
2.51800E+11	7.14820E-5	-1.28296E+2	-1.71886E-1	-2.17678E-1
2.51888E+11	1.07840E-4	8.54144E+1	2.33961E-2	2.91701E-1
2.51975E+11	6.05225E-5	-3.55637E+1	2.14720E-1	-1.53519E-1
2.52062E+11	1.07635E-4	1.79909E+2	-2.98585E-1	4.73906E-4
2.52150E+11	5.69028E-5	6.28718E+1	1.16945E-1	2.28253E-1
2.52237E+11	1.05614E-4	-7.68615E+1	6.85517E-2	-2.93688E-1
2.52325E+11	7.01000E-5	1.62008E+2	-2.48725E-1	8.07785E-2
2.52412E+11	1.41530E-4	1.85991E+1	2.95812E-1	9.95464E-2
2.52500E+11	8.91317E-5	-1.11598E+2	-1.00061E-1	-2.52745E-1
2.52588E+11	1.63964E-4	1.01085E+2	-6.03377E-2	3.07965E-1
2.52675E+11	1.06264E-4	-3.21014E+1	2.36535E-1	-1.48386E-1
2.52763E+11	1.60290E-4	-1.78138E+2	-3.07331E-1	-9.99165E-3
2.52850E+11	1.09816E-4	5.33038E+1	1.70927E-1	2.29348E-1
2.52938E+11	1.42583E-4	-9.39211E+1	-2.02808E-2	-2.95884E-1
2.53025E+11	1.01336E-4	1.37609E+2	-2.13426E-1	1.94822E-1
2.53113E+11	1.46681E-4	-1.43082E+1	2.95176E-1	-7.52843E-2
2.53200E+11	9.81763E-5	-1.36249E+2	-2.05374E-1	-1.96609E-1
2.53287E+11	1.55215E-4	6.97637E+1	1.07587E-1	2.91842E-1
2.53375E+11	9.48747E-5	-4.83317E+1	1.86408E-1	-2.09453E-1
2.53462E+11	1.56093E-4	1.61646E+2	-3.07123E-1	1.01891E-1
2.53550E+11	1.03645E-4	4.64790E+1	1.89228E-1	1.99258E-1
2.53637E+11	1.91122E-4	-1.04462E+2	-8.29786E-2	-3.21740E-1
2.53725E+11	1.07450E-4	1.35252E+2	-1.88092E-1	1.86441E-1
2.53813E+11	1.98790E-4	-8.36438E+0	3.20110E-1	-4.70664E-2
2.53900E+11	1.11842E-4	-1.28905E+2	-1.65628E-1	-2.05231E-1
2.53988E+11	1.86665E-4	9.88586E+1	-4.84972E-2	3.11168E-1
2.54075E+11	1.30096E-4	-1.76783E+1	2.62900E-1	-8.37925E-2
2.54163E+11	1.75678E-4	-1.53904E+2	-2.74737E-1	-1.34568E-1
2.54250E+11	1.50838E-4	8.66789E+1	1.64599E-2	2.83649E-1
2.54337E+11	1.71450E-4	-5.49165E+1	1.70444E-1	-2.42666E-1
2.54425E+11	1.57697E-4	-1.78495E+2	-2.88988E-1	-7.59439E-3
2.54512E+11	1.50148E-4	3.14051E+1	2.49481E-1	1.52314E-1
2.54600E+11	1.42850E-4	-8.95813E+1	2.04318E-3	-2.79620E-1
2.54687E+11	1.36672E-4	1.19487E+2	-1.42793E-1	2.52523E-1
2.54775E+11	1.41896E-4	6.06363E-1	2.68243E-1	2.83893E-3
2.54863E+11	1.68225E-4	-1.51911E+2	-2.62665E-1	-1.40183E-1
2.54950E+11	1.53901E-4	8.33915E+1	3.06340E-2	2.64418E-1
2.55038E+11	1.93596E-4	-6.62494E+1	1.23124E-1	-2.79812E-1
2.55125E+11	1.65736E-4	1.67379E+2	-2.64569E-1	5.92416E-2
2.55213E+11	1.74509E-4	3.08600E+1	2.65483E-1	1.58636E-1
2.55300E+11	1.77104E-4	-9.81688E+1	-4.05332E-2	-2.82369E-1
2.55388E+11	1.54999E-4	1.27419E+2	-1.79798E-1	2.35005E-1
2.55475E+11	1.93022E-4	-1.07430E+1	2.86309E-1	-5.43211E-2
2.55562E+11	1.62008E-4	-1.45512E+2	-2.36709E-1	-1.62613E-1
2.55650E+11	2.00475E-4	7.58621E+1	7.04990E-2	2.79884E-1
2.55737E+11	1.80962E-4	-5.20896E+1	1.80514E-1	-2.31794E-1
2.55825E+11	2.14818E-4	1.74124E+2	-2.91473E-1	2.99954E-2
2.55912E+11	2.02228E-4	4.47062E+1	2.22971E-1	2.20696E-1
2.56000E+11	1.86652E-4	-8.70018E+1	1.45898E-2	-2.78553E-1
2.56088E+11	2.06083E-4	1.36253E+2	-2.33608E-1	2.23609E-1
2.56175E+11	1.80256E-4	4.71685E+0	2.82251E-1	2.32888E-2
2.56263E+11	2.32164E-4	-1.40562E+2	-2.73236E-1	-2.24742E-1
2.56350E+11	1.15945E-4	-4.12640E+1	2.16942E-1	-1.90347E-1
2.56438E+11	1.76177E-4	1.77659E+2	-3.59988E-1	1.47164E-2
2.56525E+11	1.34826E-4	4.85470E+1	1.97684E-1	2.23811E-1
2.56612E+11	1.91095E-4	-9.43950E+1	-2.83334E-2	-3.68647E-1
2.56700E+11	1.57277E-4	1.30050E+2	-2.00493E-1	2.38514E-1
2.56787E+11	1.81539E-4	-1.23893E+1	3.45431E-1	-7.58804E-2
2.56875E+11	1.74924E-4	-1.48930E+2	-2.80300E-1	-1.68889E-1
2.56962E+11	1.76655E-4	6.97073E+1	1.16535E-1	3.15158E-1
2.57050E+11	1.86778E-4	-6.42922E+1	1.46555E-1	-3.04413E-1
2.57137E+11	1.70771E-4	1.51637E+2	-2.78452E-1	1.50324E-1
2.57225E+11	2.01397E-4	1.92249E+1	3.29154E-1	1.14784E-1
2.57313E+11	1.91427E-4	-1.31028E+2	-2.08859E-1	-2.40025E-1
2.57400E+11	2.00127E-4	1.00505E+2	-6.15534E-2	3.31942E-1
2.57488E+11	2.11385E-4	-5.20781E+1	1.97117E-1	-2.53009E-1
2.57575E+11	1.98455E-4	-1.77481E+2	-3.22618E-1	-1.41931E-2
2.57663E+11	2.55572E-4	3.27720E+1	2.76255E-1	1.77843E-1
2.57750E+11	1.96837E-4	-9.38385E+1	-2.11425E-2	-3.15116E-1
2.57837E+11	2.51896E-4	1.19577E+2	-1.61212E-1	2.84047E-1
2.57925E+11	1.79332E-4	-1.01213E+1	3.02266E-1	-5.39577E-2
2.58012E+11	2.41796E-4	-1.52326E+2	-2.82254E-1	-1.48023E-1
2.58100E+11	1.80118E-4	7.24634E+1	9.32004E-2	2.94937E-1
2.58187E+11	2.05337E-4	-6.78409E+1	1.11095E-1	-2.72786E-1
2.58275E+11	1.69483E-4	1.59357E+2	-2.83306E-1	1.06729E-1
2.58363E+11	1.77165E-4	2.29890E+1	2.57984E-1	1.09449E-1
2.58450E+11	1.51601E-4	-1.07747E+2	-9.30867E-2	-2.90863E-1
2.58538E+11	1.39684E-4	1.10660E+2	-9.52263E-2	2.52543E-1
2.58625E+11	1.37614E-4	-1.86132E+1	2.89304E-1	-9.74359E-2
2.58713E+11	1.41054E-4	-1.60607E+2	-2.59608E-1	-9.13846E-2
2.58800E+11	1.34914E-4	7.46924E+1	8.00616E-2	2.92503E-1
2.58887E+11	1.33905E-4	-6.62956E+1	1.12589E-1	-2.56432E-1
2.58975E+11	1.13809E-4	1.72520E+2	-2.85838E-1	3.75307E-2
2.59062E+11	1.23635E-4	3.29819E+1	2.34852E-1	1.52409E-1
2.59150E+11	9.99702E-5	-8.86603E+1	6.48860E-3	-2.77458E-1
2.59237E+11	1.11587E-4	1.32249E+2	-1.87450E-1	2.06374E-1
2.59325E+11	9.27237E-5	5.61745E+0	2.64847E-1	2.60499E-2
2.59412E+11	1.06967E-4	-1.29617E+2	-1.75675E-1	-2.12225E-1
2.59500E+11	1.22681E-4	9.74211E+1	-3.76580E-2	2.89117E-1
2.59588E+11	1.16278E-4	-3.74022E+1	2.21138E-1	-1.69086E-1
2.59675E+11	1.32265E-4	-1.71989E+2	-2.87278E-1	-4.04309E-2
2.59763E+11	1.17730E-4	5.21997E+1	1.68330E-1	2.17007E-1
2.59850E+11	1.48000E-4	-8.04663E+1	5.11004E-2	-3.04264E-1
2.59938E+11	1.21340E-4	1.46862E+2	-2.40740E-1	1.57163E-1
2.60025E+11	1.56766E-4	1.70588E+1	3.06107E-1	9.39300E-2
2.60112E+11	1.35473E-4	-1.19233E+2	-1.40441E-1	-2.50953E-1
2.60200E+11	1.56672E-4	1.05434E+2	-8.26762E-2	2.99460E-1
2.60287E+11	1.26691E-4	-3.58471E+1	2.28370E-1	-1.64991E-1
2.60375E+11	1.35454E-4	-1.69803E+2	-2.76073E-1	-4.96580E-2
2.60462E+11	1.19539E-4	5.54624E+1	1.56192E-1	2.26941E-1
2.60550E+11	1.20073E-4	-7.27117E+1	7.90683E-2	-2.54042E-1
2.60638E+11	1.24483E-4	1.63064E+2	-2.68926E-1	8.18912E-2
2.60725E+11	1.16892E-4	2.97331E+1	2.17987E-1	1.24504E-1
2.60813E+11	1.04122E-4	-9.47768E+1	-2.16012E-2	-2.58495E-1
2.60900E+11	1.06359E-4	1.21521E+2	-1.27767E-1	2.08327E-1
2.60988E+11	8.23979E-5	-1.20450E+0	2.53540E-1	-5.33084E-3
2.61075E+11	9.69221E-5	-1.44576E+2	-1.94892E-1	-1.38627E-1
2.61163E+11	7.61432E-5	9.51912E+1	-2.20817E-2	2.43051E-1
2.61250E+11	9.49316E-5	-4.51000E+1	1.62891E-1	-1.63460E-1
2.61337E+11	7.95622E-5	-1.66911E+2	-2.32864E-1	-5.41425E-2
2.61425E+11	9.61494E-5	5.32347E+1	1.35307E-1	1.81097E-1
2.61512E+11	8.41800E-5	-7.36924E+1	6.84269E-2	-2.33886E-1
2.61600E+11	9.21672E-5	1.47138E+2	-1.82574E-1	1.17943E-1
2.61687E+11	8.50631E-5	2.34552E+1	2.24254E-1	9.72998E-2
2.61775E+11	8.04432E-5	-1.11015E+2	-7.00486E-2	-1.82339E-1
2.61863E+11	8.43140E-5	1.24722E+2	-1.36765E-1	1.97355E-1
2.61950E+11	7.84179E-5	-1.54141E+1	1.84556E-1	-5.08839E-2
2.62038E+11	8.58459E-5	-1.37217E+2	-1.81049E-1	-1.67556E-1
2.62125E+11	6.99471E-5	8.61594E+1	1.25214E-2	1.86519E-1
2.62213E+11	7.95371E-5	-2.79701E+1	2.08047E-1	-1.10481E-1
2.62300E+11	7.32769E-5	-1.67434E+2	-1.84350E-1	-4.10934E-2
2.62387E+11	7.55271E-5	7.42269E+1	6.10715E-2	2.16210E-1
2.62475E+11	7.47830E-5	-7.11263E+1	5.94907E-2	-1.74019E-1
2.62562E+11	7.18021E-5	1.62489E+2	-2.05808E-1	6.49329E-2
2.62650E+11	7.67092E-5	1.73407E+1	1.81209E-1	5.65818E-2
2.62737E+11	7.20352E-5	-1.14837E+2	-9.21026E-2	-1.98995E-1
2.62825E+11	7.37431E-5	1.02054E+2	-3.98585E-2	1.86661E-1
2.62913E+11	8.32978E-5	-2.97904E+1	1.97398E-1	-1.13007E-1
2.63000E+11	7.79757E-5	-1.66686E+2	-1.91002E-1	-4.52020E-2
2.63088E+11	9.52583E-5	5.93489E+1	1.23961E-1	2.09180E-1
2.63175E+11	6.35066E-5	-7.45836E+1	4.99476E-2	-1.81131E-1
2.63263E+11	8.92471E-5	1.55196E+2	-2.17298E-1	1.00423E-1
2.63350E+11	5.67347E-5	2.23094E+1	1.76367E-1	7.23673E-2
2.63438E+11	9.39724E-5	-1.08725E+2	-8.14322E-2	-2.40238E-1
2.63525E+11	5.78011E-5	1.16344E+2	-8.46607E-2	1.70964E-1
2.63612E+11	9.38033E-5	-1.16656E+1	2.43943E-1	-5.03652E-2
2.63700E+11	5.96970E-5	-1.44295E+2	-1.62270E-1	-1.16624E-1
2.63787E+11	8.58136E-5	9.13186E+1	-5.57836E-3	2.42342E-1
2.63875E+11	5.58278E-5	-4.06021E+1	1.51444E-1	-1.29813E-1
2.63962E+11	8.92140E-5	-1.73026E+2	-2.35540E-1	-2.88122E-2
2.64050E+11	6.43247E-5	4.95035E+1	1.36522E-1	1.59866E-1
2.64138E+11	9.63167E-5	-8.92789E+1	3.07856E-3	-2.44613E-1
2.64225E+11	6.40164E-5	1.41943E+2	-1.69910E-1	1.33020E-1
2.64313E+11	1.10569E-4	-6.39945E-1	2.55962E-1	-2.85900E-3
2.64400E+11	7.13941E-5	-1.26109E+2	-1.32118E-1	-1.81118E-1
2.64488E+11	1.30456E-4	8.79841E+1	9.57888E-3	2.72132E-1
2.64575E+11	7.34784E-5	-3.90331E+1	1.75983E-1	-1.42676E-1
2.64662E+11	1.46854E-4	1.74182E+2	-2.85978E-1	2.91391E-2
2.64750E+11	7.50160E-5	5.30116E+1	1.38395E-1	1.83734E-1
2.64837E+11	1.52950E-4	-8.81585E+1	9.44586E-3	-2.93801E-1
2.64925E+11	7.20296E-5	1.48468E+2	-1.94959E-1	1.19619E-1
2.65012E+11	1.40793E-4	3.59721E+0	2.82297E-1	1.77468E-2
2.65100E+11	7.55604E-5	-1.24683E+2	-1.31779E-1	-1.90432E-1
2.65187E+11	1.23836E-4	9.05608E+1	-2.68529E-3	2.74365E-1
2.65275E+11	7.67978E-5	-3.12531E+1	2.01761E-1	-1.22446E-1
2.65363E+11	1.25656E-4	-1.72697E+2	-2.74463E-1	-3.51755E-2
2.65450E+11	9.12095E-5	7.13471E+1	7.93973E-2	2.35205E-1
2.65538E+11	1.31894E-4	-7.61623E+1	6.74110E-2	-2.73672E-1
2.65625E+11	9.04039E-5	1.67215E+2	-2.42361E-1	5.49955E-2
2.65713E+11	1.44083E-4	1.50744E+1	2.80652E-1	7.55911E-2
2.65800E+11	9.37090E-5	-9.52258E+1	-2.25304E-2	-2.46341E-1
2.65887E+11	1.44121E-4	1.13536E+2	-1.15889E-1	2.66067E-1
2.65975E+11	9.64165E-5	1.54146E+0	2.36634E-1	6.36785E-3
2.66062E+11	1.71856E-4	-1.51957E+2	-2.67789E-1	-1.42641E-1
2.66150E+11	1.10371E-4	9.19986E+1	-8.43421E-3	2.41687E-1
2.66237E+11	1.86604E-4	-5.36279E+1	1.84733E-1	-2.50821E-1
2.66325E+11	1.20772E-4	-1.65588E+2	-2.38541E-1	-6.12983E-2
2.66413E+11	1.79292E-4	5.83021E+1	1.62029E-1	2.62369E-1
2.66500E+11	1.40542E-4	-5.69965E+1	1.41241E-1	-2.17463E-1
2.66588E+11	1.76017E-4	1.59321E+2	-2.84469E-1	1.07375E-1
2.66675E+11	1.61010E-4	3.47073E+1	2.23122E-1	1.54539E-1
2.66763E+11	1.77598E-4	-1.12130E+2	-1.16398E-1	-2.86225E-1
2.66850E+11	1.78316E-4	1.28815E+2	-1.79160E-1	2.22713E-1
2.66937E+11	1.61584E-4	-9.41846E+0	3.01701E-1	-5.00462E-2
2.67025E+11	1.92049E-4	-1.24693E+2	-1.65463E-1	-2.39021E-1
2.67112E+11	1.63727E-4	8.30835E+1	3.72220E-2	3.06843E-1
2.67200E+11	1.75282E-4	-4.16011E+1	2.07925E-1	-1.84612E-1
2.67287E+11	1.53880E-4	1.60862E+2	-2.92013E-1	1.01337E-1
2.67375E+11	1.72610E-4	3.60441E+1	2.15351E-1	1.56716E-1
2.67462E+11	1.49682E-4	-1.15189E+2	-1.30736E-1	-2.77967E-1
2.67550E+11	1.66952E-4	1.23253E+2	-1.45059E-1	2.21228E-1
2.67638E+11	1.53327E-4	-1.59955E+1	3.01959E-1	-8.65599E-2
2.67725E+11	1.94301E-4	-1.46210E+2	-2.32744E-1	-1.55749E-1
2.67813E+11	1.65314E-4	6.72272E+1	1.26606E-1	3.01585E-1
2.67900E+11	2.24045E-4	-6.87239E+1	1.07622E-1	-2.76376E-1
2.67988E+11	1.48776E-4	1.51489E+2	-2.77572E-1	1.50779E-1
2.68075E+11	2.33144E-4	2.04079E+1	2.84826E-1	1.05970E-1
2.68162E+11	1.39992E-4	-1.18674E+2	-1.48094E-1	-2.70792E-1
2.68250E+11	2.34803E-4	1.06480E+2	-8.68900E-2	2.93703E-1
2.68337E+11	1.31719E-4	-3.31239E+1	2.43954E-1	-1.59177E-1
2.68425E+11	2.35042E-4	-1.60369E+2	-2.83712E-1	-1.01196E-1
2.68512E+11	1.38506E-4	5.17018E+1	1.78477E-1	2.26006E-1
2.68600E+11	2.13875E-4	-7.83992E+1	5.62408E-2	-2.73964E-1
2.68688E+11	1.29955E-4	1.34719E+2	-1.95819E-1	1.97749E-1
2.68775E+11	1.85976E-4	7.74416E+0	2.62187E-1	3.56549E-2
2.68863E+11	1.34413E-4	-1.34951E+2	-1.96675E-1	-1.97010E-1
2.68950E+11	1.60217E-4	9.78339E+1	-3.48410E-2	2.53230E-1
2.69038E+11	1.32258E-4	-4.03157E+1	2.09526E-1	-1.77790E-1
2.69125E+11	1.65144E-4	-1.75201E+2	-2.54046E-1	-2.13296E-2
2.69212E+11	1.48193E-4	4.59945E+1	1.89884E-1	1.96592E-1
2.69300E+11	1.76861E-4	-8.77139E+1	9.98985E-3	-2.50236E-1
2.69387E+11	1.34474E-4	1.40294E+2	-1.97204E-1	1.63758E-1
2.69475E+11	2.10105E-4	2.30379E+0	2.64949E-1	1.06590E-2
2.69562E+11	1.58047E-4	-1.35785E+2	-1.90158E-1	-1.85020E-1
2.69650E+11	2.00064E-4	8.94910E+1	2.39393E-3	2.69480E-1
2.69737E+11	1.51719E-4	-4.66934E+1	1.75918E-1	-1.86636E-1
2.69825E+11	1.70814E-4	-1.78334E+2	-2.56742E-1	-7.46872E-3
2.69913E+11	1.54861E-4	3.75717E+1	2.05273E-1	1.57920E-1
2.70000E+11	1.46521E-4	-9.29052E+1	-1.21130E-2	-2.38688E-1
2.70088E+11	1.69043E-4	1.25005E+2	-1.52159E-1	2.17269E-1
2.70175E+11	1.32073E-4	-7.71963E+0	2.36377E-1	-3.20419E-2
2.70263E+11	1.79328E-4	-1.48759E+2	-2.33517E-1	-1.41653E-1
2.70350E+11	1.29623E-4	7.18898E+1	7.48493E-2	2.28864E-1
2.70437E+11	1.93042E-4	-7.06007E+1	9.48375E-2	-2.69317E-1
2.70525E+11	1.22219E-4	1.44623E+2	-1.99843E-1	1.41898E-1
2.70612E+11	1.91569E-4	8.89629E+0	2.79526E-1	4.37540E-2
2.70700E+11	1.25505E-4	-1.33694E+2	-1.73290E-1	-1.81377E-1
2.70787E+11	1.75242E-4	9.03072E+1	-1.47928E-3	2.75898E-1
2.70875E+11	1.17526E-4	-5.96926E+1	1.29839E-1	-2.22127E-1
2.70963E+11	1.74823E-4	1.54444E+2	-2.49681E-1	1.19391E-1
2.71050E+11	1.08695E-4	1.33710E-2	2.51987E-1	5.88054E-5
2.71138E+11	1.60539E-4	-1.40991E+2	-2.05427E-1	-1.66403E-1
2.71225E+11	1.11309E-4	8.06251E+1	4.08053E-2	2.47157E-1
2.71313E+11	1.72526E-4	-4.84241E+1	1.83643E-1	-2.07018E-1
2.71400E+11	1.06376E-4	1.76506E+2	-2.50746E-1	1.53089E-2
2.71488E+11	1.88428E-4	4.26474E+1	2.12619E-1	1.95838E-1
2.71575E+11	1.06644E-4	-9.82619E+1	-3.64572E-2	-2.51073E-1
2.71662E+11	1.80065E-4	1.23890E+2	-1.63333E-1	2.43157E-1
2.71750E+11	1.03936E-4	-1.91337E+1	2.38728E-1	-8.28241E-2
2.71837E+11	1.89184E-4	-1.45993E+2	-2.48176E-1	-1.67442E-1
2.71925E+11	1.13528E-4	7.25226E+1	7.94693E-2	2.52392E-1
2.72012E+11	1.78190E-4	-5.29081E+1	1.78869E-1	-2.36577E-1
2.72100E+11	1.10503E-4	1.60021E+2	-2.49693E-1	9.07756E-2
2.72188E+11	1.64910E-4	2.54327E+1	2.62986E-1	1.25059E-1
2.72275E+11	1.18489E-4	-1.21850E+2	-1.44715E-1	-2.32951E-1
2.72363E+11	1.49556E-4	1.15211E+2	-1.21955E-1	2.59043E-1
2.72450E+11	1.20244E-4	-1.95848E+1	2.58259E-1	-9.18847E-2
2.72538E+11	1.50910E-4	-1.44247E+2	-2.31552E-1	-1.66711E-1
2.72625E+11	1.20036E-4	7.64008E+1	6.37433E-2	2.63500E-1
2.72712E+11	1.33970E-4	-5.57777E+1	1.59374E-1	-2.34315E-1
2.72800E+11	1.10814E-4	1.66675E+2	-2.47349E-1	5.85855E-2
2.72887E+11	1.36403E-4	4.38137E+1	2.11185E-1	2.02616E-1
2.72975E+11	1.13298E-4	-8.80123E+1	9.13143E-3	-2.63115E-1
2.73062E+11	1.38660E-4	1.56726E+2	-2.69375E-1	1.15866E-1
2.73150E+11	1.13775E-4	2.38112E+1	2.35481E-1	1.03915E-1
2.73238E+11	1.30754E-4	-9.69022E+1	-3.44518E-2	-2.84601E-1
2.73325E+11	1.12327E-4	1.15824E+2	-1.09108E-1	2.25455E-1
2.73413E+11	1.07512E-4	-5.15065E+0	2.69030E-1	-2.42500E-2
2.73500E+11	1.15968E-4	-1.49293E+2	-2.14706E-1	-1.27517E-1
2.73588E+11	1.13457E-4	9.49436E+1	-2.35127E-2	2.71836E-1
2.73675E+11	1.47391E-4	-4.89707E+1	1.74783E-1	-2.00858E-1
2.73763E+11	1.16358E-4	-1.66821E+2	-2.73417E-1	-6.40221E-2
2.73850E+11	1.80683E-4	4.21070E+1	2.12530E-1	1.92083E-1
2.73937E+11	1.16066E-4	-8.12923E+1	4.43678E-2	-2.89683E-1
2.74025E+11	1.80201E-4	1.34018E+2	-1.98578E-1	2.05502E-1
2.74112E+11	1.16914E-4	1.53993E+1	2.75404E-1	7.58554E-2
2.74200E+11	1.63323E-4	-1.26223E+2	-1.61424E-1	-2.20370E-1
2.74287E+11	1.15792E-4	1.19235E+2	-1.40799E-1	2.51570E-1
2.74375E+11	1.66348E-4	-1.96351E+1	2.56330E-1	-9.14521E-2
2.74463E+11	1.16615E-4	-1.31111E+2	-1.95156E-1	-2.23624E-1
2.74550E+11	1.74380E-4	8.62824E+1	1.74816E-2	2.69046E-1
2.74638E+11	1.08230E-4	-2.40511E+1	2.63112E-1	-1.17426E-1
2.74725E+11	1.82571E-4	-1.78221E+2	-2.73718E-1	-8.50389E-3
2.74813E+11	9.79188E-5	6.83093E+1	1.01180E-1	2.54374E-1
2.74900E+11	1.74032E-4	-8.53002E+1	2.18625E-2	-2.65930E-1
2.74988E+11	9.20161E-5	1.61215E+2	-2.49828E-1	8.49748E-2
2.75075E+11	1.86036E-4	1.02444E+0	2.75657E-1	4.92925E-3
2.75162E+11	9.28853E-5	-1.21435E+2	-1.36490E-1	-2.23295E-1
2.75250E+11	1.80704E-4	7.81464E+1	5.70604E-2	2.71861E-1
2.75338E+11	9.84811E-5	-4.32788E+1	1.95629E-1	-1.84214E-1
2.75425E+11	1.80453E-4	1.67366E+2	-2.70996E-1	6.07456E-2
2.75512E+11	1.00925E-4	5.23232E+1	1.63877E-1	2.12209E-1
2.75600E+11	1.56463E-4	-9.63721E+1	-2.93632E-2	-2.62935E-1
2.75688E+11	1.06098E-4	1.40863E+2	-2.11059E-1	1.71751E-1
2.75775E+11	1.48394E-4	-1.84911E+1	2.48891E-1	-8.32346E-2
2.75862E+11	1.18232E-4	-1.41103E+2	-2.22537E-1	-1.79548E-1
2.75950E+11	1.50128E-4	6.94484E+1	9.30783E-2	2.48268E-1
2.76038E+11	1.23408E-4	-2.85336E+1	2.46349E-1	-1.33944E-1
2.76125E+11	1.61566E-4	-1.74867E+2	-2.72393E-1	-2.44705E-2
2.76213E+11	1.38907E-4	7.88427E+1	5.56821E-2	2.82319E-1
2.76300E+11	1.86145E-4	-8.11447E+1	4.57749E-2	-2.93811E-1
2.76387E+11	1.42357E-4	1.60132E+2	-2.67235E-1	9.65700E-2
2.76475E+11	1.73875E-4	6.01212E+0	2.94570E-1	3.10235E-2
2.76563E+11	1.46773E-4	-1.04023E+2	-6.83609E-2	-2.73712E-1
2.76650E+11	1.83956E-4	1.06562E+2	-8.67804E-2	2.91798E-1
2.76737E+11	1.66236E-4	-1.04897E+1	2.90808E-1	-5.38440E-2
2.76825E+11	1.86300E-4	-1.66747E+2	-3.03353E-1	-7.14440E-2
2.76913E+11	1.92229E-4	6.27955E+1	1.44047E-1	2.80231E-1
2.77000E+11	1.70461E-4	-9.62146E+1	-3.38553E-2	-3.10907E-1
2.77087E+11	1.93192E-4	1.44530E+2	-2.60965E-1	1.85935E-1
2.77175E+11	1.55709E-4	7.73730E-1	3.04488E-1	4.11210E-3
2.77262E+11	1.99518E-4	-1.09070E+2	-1.09079E-1	-3.15534E-1
2.77350E+11	1.41376E-4	9.78082E+1	-4.19756E-2	3.06103E-1
2.77438E+11	1.56960E-4	-1.57161E+1	2.99165E-1	-8.41820E-2
2.77525E+11	1.48836E-4	-1.74785E+2	-3.24640E-1	-2.96329E-2
2.77612E+11	1.78749E-4	7.27589E+1	9.67613E-2	3.11792E-1
2.77700E+11	1.61856E-4	-7.94721E+1	6.46328E-2	-3.47783E-1
2.77788E+11	1.76745E-4	1.68976E+2	-3.36330E-1	6.55207E-2
2.77875E+11	1.46567E-4	1.46715E+1	3.60800E-1	9.44622E-2
2.77962E+11	2.08680E-4	-1.08736E+2	-1.28324E-1	-3.78337E-1
2.78050E+11	1.79828E-4	9.24914E+1	-2.05962E-2	4.73361E-1
2.78138E+11	2.22658E-4	-2.75345E+1	4.18972E-1	-2.18423E-1
2.78225E+11	1.67824E-4	-1.74041E+2	-4.99427E-1	-5.21333E-2
2.78312E+11	2.22747E-4	7.15241E+1	1.57938E-1	4.72687E-1
2.78400E+11	1.65295E-4	-7.49943E+1	1.30081E-1	-4.85275E-1
2.78487E+11	2.20989E-4	1.64731E+2	-4.80918E-1	1.31285E-1
2.78575E+11	1.61638E-4	1.15125E+1	4.86251E-1	9.90397E-2
2.78663E+11	2.51971E-4	-1.05353E+2	-1.38805E-1	-5.05532E-1
2.78750E+11	1.83185E-4	1.03193E+2	-1.18805E-1	5.06818E-1
2.78837E+11	2.06401E-4	-7.47848E+0	4.88990E-1	-6.41899E-2
2.78925E+11	1.67132E-4	-1.55505E+2	-4.67204E-1	-2.12867E-1
2.79013E+11	1.97454E-4	9.62083E+1	-5.31025E-2	4.88162E-1
2.79100E+11	1.81643E-4	-4.90060E+1	3.44578E-1	-3.96476E-1
2.79187E+11	2.07025E-4	-1.57442E+2	-4.61557E-1	-1.91728E-1
2.79275E+11	2.02298E-4	5.68912E+1	2.82314E-1	4.32923E-1
2.79363E+11	1.92147E-4	-5.37395E+1	2.68600E-1	-3.66184E-1
2.79450E+11	1.96594E-4	1.58883E+2	-4.51788E-1	1.74481E-1
2.79537E+11	1.74093E-4	4.14445E+1	3.06504E-1	2.70643E-1
2.79625E+11	1.87132E-4	-1.03032E+2	-9.42888E-2	-4.07380E-1
2.79712E+11	1.64463E-4	1.38485E+2	-2.79704E-1	2.47593E-1
2.79800E+11	1.69227E-4	-6.68019E+0	3.71605E-1	-4.35233E-2
2.79888E+11	1.54127E-4	-1.25722E+2	-2.07156E-1	-2.88049E-1
2.79975E+11	1.76553E-4	8.23825E+1	4.85933E-2	3.63344E-1
2.80062E+11	1.74768E-4	-3.66421E+1	2.91151E-1	-2.16560E-1
2.80150E+11	2.05953E-4	1.72189E+2	-3.60761E-1	4.94884E-2
2.80238E+11	1.59422E-4	6.02936E+1	1.70305E-1	2.98499E-1
2.80325E+11	2.12682E-4	-8.85528E+1	8.86662E-3	-3.50960E-1
2.80412E+11	1.43103E-4	1.57762E+2	-2.93069E-1	1.19825E-1
2.80500E+11	2.06240E-4	4.71669E+0	3.34255E-1	2.75788E-2
2.80588E+11	1.35575E-4	-1.08748E+2	-1.00555E-1	-2.96266E-1
2.80675E+11	2.33360E-4	9.71850E+1	-4.44060E-2	3.52253E-1
2.80763E+11	1.32690E-4	-1.84260E+1	2.85883E-1	-9.52450E-2
2.80850E+11	2.54256E-4	-1.67143E+2	-3.46610E-1	-7.91074E-2
2.80937E+11	1.57041E-4	7.15538E+1	1.00232E-1	3.00499E-1
2.81025E+11	2.72001E-4	-8.21605E+1	4.64454E-2	-3.37331E-1
2.81113E+11	1.62948E-4	1.48732E+2	-2.71833E-1	1.65072E-1
2.81200E+11	2.77782E-4	-6.07648E+0	3.28329E-1	-3.49520E-2
2.81287E+11	1.54088E-4	-1.25736E+2	-1.84062E-1	-2.55808E-1
2.81375E+11	2.69131E-4	8.69831E+1	1.69171E-2	3.20985E-1
2.81463E+11	1.45882E-4	-2.92297E+1	2.73705E-1	-1.53155E-1
2.81550E+11	2.60851E-4	1.77113E+2	-3.22584E-1	1.62694E-2
2.81637E+11	1.37190E-4	5.85306E+1	1.63765E-1	2.67561E-1
2.81725E+11	2.50583E-4	-9.89011E+1	-5.02096E-2	-3.20593E-1
2.81813E+11	1.20973E-4	1.47882E+2	-2.51724E-1	1.58016E-1
2.81900E+11	2.72117E-4	-4.89015E+0	3.26718E-1	-2.79530E-2
2.81988E+11	1.17365E-4	-1.16484E+2	-1.30015E-1	-2.60953E-1
2.82075E+11	2.84346E-4	9.02999E+1	-1.77945E-3	3.39932E-1
2.82162E+11	1.18802E-4	-3.16809E+1	2.51309E-1	-1.55096E-1
2.82250E+11	2.62594E-4	1.76177E+2	-3.41950E-1	2.28500E-2
2.82338E+11	1.19387E-4	5.77858E+1	1.60683E-1	2.55020E-1
2.82425E+11	2.20407E-4	-8.54490E+1	2.55065E-2	-3.20443E-1
2.82512E+11	1.20775E-4	1.51620E+2	-2.73932E-1	1.47992E-1
2.82600E+11	2.12275E-4	-3.35407E+0	3.19975E-1	-1.87527E-2
2.82688E+11	1.31335E-4	-1.31378E+2	-2.07436E-1	-2.35472E-1
2.82775E+11	1.95006E-4	7.33614E+1	8.91182E-2	2.98206E-1
2.82862E+11	1.41046E-4	-4.55326E+1	2.23612E-1	-2.27808E-1
2.82950E+11	1.65492E-4	1.65543E+2	-2.86348E-1	7.38247E-2
2.83037E+11	1.28121E-4	5.56620E+1	1.73960E-1	2.54653E-1
2.83125E+11	1.62418E-4	-1.00714E+2	-5.64043E-2	-2.98107E-1
2.83213E+11	1.27678E-4	1.40165E+2	-2.38160E-1	1.98677E-1
2.83300E+11	1.76163E-4	-2.53177E+1	2.87848E-1	-1.36174E-1
2.83387E+11	1.16326E-4	-1.37505E+2	-2.18003E-1	-1.99730E-1
2.83475E+11	1.63302E-4	7.04568E+1	1.05104E-1	2.96094E-1
2.83563E+11	1.25090E-4	-4.14695E+1	2.27968E-1	-2.01473E-1
2.83650E+11	1.49939E-4	1.71057E+2	-3.06256E-1	4.81964E-2
2.83737E+11	1.33117E-4	5.92022E+1	1.55054E-1	2.60129E-1
2.83825E+11	1.27122E-4	-9.06058E+1	-3.14024E-3	-2.97009E-1
2.83913E+11	1.50931E-4	1.57473E+2	-2.92590E-1	1.21356E-1
2.84000E+11	1.43837E-4	1.38609E+0	3.12470E-1	7.56070E-3
2.84087E+11	1.54071E-4	-1.13981E+2	-1.34363E-1	-3.02058E-1
2.84175E+11	1.32519E-4	8.01779E+1	5.43154E-2	3.13731E-1
2.84262E+11	1.41553E-4	-3.36553E+1	2.78574E-1	-1.85472E-1
2.84350E+11	1.16457E-4	1.64569E+2	-2.90784E-1	8.02618E-2
2.84438E+11	1.25332E-4	5.95411E+1	1.52158E-1	2.58737E-1
2.84525E+11	1.18954E-4	-1.06273E+2	-8.59378E-2	-2.94403E-1
2.84612E+11	1.34791E-4	1.46265E+2	-2.42600E-1	1.62006E-1
2.84700E+11	1.32422E-4	-2.12703E+1	2.91430E-1	-1.13450E-1
2.84788E+11	1.44169E-4	-1.31689E+2	-1.94311E-1	-2.18177E-1
2.84875E+11	1.36923E-4	5.98477E+1	1.60820E-1	2.76846E-1
2.84962E+11	1.58003E-4	-5.29881E+1	1.76889E-1	-2.34639E-1
2.85050E+11	1.35450E-4	1.40660E+2	-2.45252E-1	2.01024E-1
2.85138E+11	1.70419E-4	3.02578E+1	2.51863E-1	1.46929E-1
2.85225E+11	1.49173E-4	-1.34083E+2	-2.21435E-1	-2.28642E-1
2.85313E+11	1.86979E-4	1.17904E+2	-1.38958E-1	2.62407E-1
2.85400E+11	1.52209E-4	-4.59271E+1	2.23531E-1	-2.30885E-1
2.85487E+11	1.87363E-4	-1.54614E+2	-2.69087E-1	-1.27692E-1
2.85575E+11	1.35454E-4	4.13180E+1	2.30224E-1	2.02385E-1
2.85663E+11	1.86669E-4	-6.62563E+1	1.19907E-1	-2.72591E-1
2.85750E+11	1.45140E-4	1.17851E+2	-1.48878E-1	2.81763E-1
2.85837E+11	1.61954E-4	6.67788E+0	2.80928E-1	3.28915E-2
2.85925E+11	1.57254E-4	-1.66628E+2	-3.17311E-1	-7.54275E-2
2.86013E+11	1.46842E-4	9.18448E+1	-8.60248E-3	2.67090E-1
2.86100E+11	1.78657E-4	-7.02993E+1	1.12911E-1	-3.15337E-1
2.86187E+11	1.49073E-4	-1.70215E+2	-2.65903E-1	-4.58595E-2
2.86275E+11	1.83681E-4	3.02122E+1	2.97509E-1	1.73239E-1
2.86363E+11	1.39617E-4	-7.42275E+1	7.40674E-2	-2.62230E-1
2.86450E+11	2.03270E-4	1.22745E+2	-1.95390E-1	3.03823E-1
2.86538E+11	1.33662E-4	1.18404E+1	2.69583E-1	5.65173E-2
2.86625E+11	1.86454E-4	-1.46800E+2	-3.04558E-1	-1.99295E-1
2.86712E+11	1.27077E-4	1.01366E+2	-5.65966E-2	2.81545E-1
2.86800E+11	1.82668E-4	-5.47874E+1	2.14415E-1	-3.03811E-1
2.86888E+11	1.13609E-4	-1.56866E+2	-2.62540E-1	-1.12168E-1
2.86975E+11	1.65839E-4	5.22740E+1	2.20053E-1	2.84449E-1
2.87062E+11	9.02062E-5	-4.61732E+1	1.82167E-1	-1.89784E-1
2.87150E+11	1.60070E-4	1.55299E+2	-3.24131E-1	1.49091E-1
2.87238E+11	7.81555E-5	4.43334E+1	1.75595E-1	1.71555E-1
2.87325E+11	1.59514E-4	-1.19714E+2	-1.77058E-1	-3.10235E-1
2.87412E+11	7.73528E-5	1.21591E+2	-1.29331E-1	2.10298E-1
2.87500E+11	1.63520E-4	-3.96720E+1	2.85275E-1	-2.36604E-1
2.87588E+11	8.02485E-5	-1.54030E+2	-2.27559E-1	-1.10842E-1
2.87675E+11	1.96258E-4	5.16806E+1	2.41311E-1	3.05341E-1
2.87763E+11	9.35413E-5	-6.02131E+1	1.28991E-1	-2.25351E-1
2.87850E+11	2.47868E-4	1.47641E+2	-3.44377E-1	2.18203E-1
2.87937E+11	9.64159E-5	2.71815E+1	2.32377E-1	1.19331E-1
2.88025E+11	1.49101E-4	-1.31686E+2	-2.65182E-1	-2.97777E-1
2.88113E+11	6.43754E-5	1.00698E+2	-4.76456E-2	2.52217E-1
2.88200E+11	1.75248E-4	-5.44914E+1	2.21675E-1	-3.10678E-1
2.88287E+11	5.59899E-5	-1.76513E+2	-2.45542E-1	-1.49633E-2
2.88375E+11	1.54304E-4	3.28104E+1	3.09243E-1	1.99373E-1
2.88463E+11	4.76169E-5	-8.52446E+1	1.93183E-2	-2.32224E-1
2.88550E+11	1.43328E-4	1.25109E+2	-2.13855E-1	3.04186E-1
2.88637E+11	4.61836E-5	4.85854E+0	2.32304E-1	1.97462E-2
2.88725E+11	1.68310E-4	-1.43729E+2	-3.09814E-1	-2.27336E-1
2.88812E+11	4.73646E-5	9.31280E+1	-1.27602E-2	2.33499E-1
2.88900E+11	2.04392E-4	-5.29761E+1	2.28555E-1	-3.03040E-1
2.88988E+11	4.85829E-5	-1.75648E+2	-2.24230E-1	-1.70626E-2
2.89075E+11	2.35754E-4	3.92262E+1	3.14719E-1	2.56918E-1
2.89162E+11	5.43526E-5	-9.07863E+1	-3.28923E-3	-2.39656E-1
2.89250E+11	2.75647E-4	1.24739E+2	-2.47066E-1	3.56287E-1
2.89338E+11	5.76672E-5	-1.21943E+1	2.37221E-1	-5.12640E-2
2.89425E+11	2.42208E-4	-1.50537E+2	-3.58191E-1	-2.02348E-1
2.89512E+11	4.80089E-5	7.68479E+1	5.25603E-2	2.24938E-1
2.89600E+11	1.95899E-4	-5.25986E+1	2.33518E-1	-3.05413E-1
2.89688E+11	4.28608E-5	1.75294E+2	-2.31501E-1	1.90590E-2
2.89775E+11	1.82567E-4	4.58018E+1	2.78773E-1	2.86686E-1
2.89862E+11	5.20213E-5	-9.16249E+1	-7.20768E-3	-2.54078E-1
2.89950E+11	1.81273E-4	1.38664E+2	-3.09476E-1	2.72222E-1
2.90037E+11	5.37094E-5	5.40802E+0	2.75559E-1	2.60869E-2
2.90125E+11	1.96862E-4	-1.20593E+2	-2.25735E-1	-3.81798E-1
2.90213E+11	5.67133E-5	1.11206E+2	-1.06454E-1	2.74368E-1
2.90300E+11	2.06603E-4	-1.31336E+1	4.70648E-1	-1.09814E-1
2.90387E+11	6.02073E-5	-1.45179E+2	-2.57920E-1	-1.79398E-1
2.90475E+11	2.49937E-4	8.29729E+1	6.69993E-2	5.43538E-1
2.90563E+11	6.66847E-5	-5.91775E+1	1.74082E-1	-2.91764E-1
2.90650E+11	2.64159E-4	1.74222E+2	-6.04506E-1	6.11695E-2
2.90737E+11	7.41981E-5	2.94574E+1	3.72780E-1	2.10543E-1
2.90825E+11	2.25143E-4	-8.80008E+1	2.49926E-2	-7.15994E-1
2.90913E+11	8.37753E-5	1.30064E+2	-3.54181E-1	4.21140E-1
2.91000E+11	2.06267E-4	1.11728E+1	8.60203E-1	1.69900E-1
2.91088E+11	1.07128E-4	-1.32271E+2	-4.78932E-1	-5.26880E-1
2.91175E+11	1.95967E-4	1.07319E+2	-2.97481E-1	9.53990E-1
2.91262E+11	1.07342E-4	-3.13248E+1	6.06102E-1	-3.68875E-1
2.91350E+11	1.51436E-4	-1.49417E+2	-7.62223E-1	-4.50465E-1
2.91438E+11	8.38184E-5	7.60146E+1	1.53743E-1	6.17301E-1
2.91525E+11	1.62730E-4	-4.56305E+1	5.89672E-1	-6.02796E-1
2.91612E+11	8.54348E-5	1.75011E+2	-6.29371E-1	5.49378E-2
2.91700E+11	1.72768E-4	5.26826E+1	5.14401E-1	6.74822E-1
2.91788E+11	8.65548E-5	-8.35079E+1	6.74527E-2	-5.92755E-1
2.91875E+11	1.63951E-4	1.63221E+2	-7.96834E-1	2.40262E-1
2.91962E+11	9.37186E-5	2.85686E+1	4.74149E-1	2.58178E-1
2.92050E+11	1.49526E-4	-8.17899E+1	9.71408E-2	-6.73270E-1
2.92138E+11	9.72994E-5	1.27972E+2	-3.04356E-1	3.89957E-1
2.92225E+11	1.18109E-4	8.05028E+0	5.58800E-1	7.90343E-2
2.92313E+11	1.08735E-4	-1.43221E+2	-3.59833E-1	-2.68980E-1
2.92400E+11	9.83652E-5	9.97202E+1	-8.29084E-2	4.84005E-1
2.92487E+11	1.34775E-4	-4.25516E+1	3.21509E-1	-2.95142E-1
2.92575E+11	1.16985E-4	-1.59538E+2	-4.38869E-1	-1.63751E-1
2.92663E+11	1.58163E-4	5.96948E+1	2.07536E-1	3.55081E-1
2.92750E+11	1.20552E-4	-6.37575E+1	1.87978E-1	-3.81308E-1
2.92837E+11	1.57629E-4	1.56462E+2	-3.38337E-1	1.47382E-1
2.92925E+11	1.13413E-4	3.57719E+1	3.16868E-1	2.28297E-1
2.93013E+11	1.52174E-4	-1.00250E+2	-5.91135E-2	-3.26889E-1
2.93100E+11	1.18743E-4	1.39139E+2	-2.76019E-1	2.38770E-1
2.93187E+11	1.51683E-4	-3.87711E+0	3.05464E-1	-2.07018E-2
2.93275E+11	9.87468E-5	-1.31062E+2	-2.23781E-1	-2.56871E-1
2.93362E+11	1.44387E-4	7.81658E+1	5.93002E-2	2.83009E-1
2.93450E+11	9.16636E-5	-4.58549E+1	2.08705E-1	-2.15028E-1
2.93538E+11	1.29853E-4	1.72729E+2	-2.76955E-1	3.53376E-2
2.93625E+11	9.12887E-5	5.22229E+1	1.77792E-1	2.29398E-1
2.93712E+11	1.43625E-4	-9.01669E+1	-7.95264E-4	-2.72940E-1
2.93800E+11	9.25236E-5	1.41147E+2	-2.27545E-1	1.83298E-1
2.93888E+11	1.38496E-4	-3.01039E+0	2.74888E-1	-1.44563E-2
2.93975E+11	9.36720E-5	-1.33531E+2	-2.02871E-1	-2.13546E-1
2.94062E+11	1.35690E-4	8.46151E+1	2.55640E-2	2.71203E-1
2.94150E+11	9.17467E-5	-4.32841E+1	2.12040E-1	-1.99705E-1
2.94238E+11	1.19132E-4	-1.77063E+2	-2.68068E-1	-1.37523E-2
2.94325E+11	9.50187E-5	5.47726E+1	1.79288E-1	2.53898E-1
2.94412E+11	1.06250E-4	-7.74667E+1	5.83182E-2	-2.62334E-1
2.94500E+11	1.00839E-4	1.58880E+2	-2.94101E-1	1.13601E-1
2.94587E+11	9.01648E-5	2.40069E+1	2.38473E-1	1.06209E-1
2.94675E+11	9.56681E-5	-1.03333E+2	-7.39693E-2	-3.12115E-1
2.94763E+11	9.63793E-5	1.11648E+2	-9.88737E-2	2.49122E-1
2.94850E+11	9.03664E-5	-1.33371E+1	3.01567E-1	-7.14934E-2
2.94937E+11	9.03280E-5	-1.50938E+2	-2.31165E-1	-1.28463E-1
2.95025E+11	8.60894E-5	9.17795E+1	-9.86858E-3	3.17635E-1
2.95113E+11	9.33546E-5	-4.42608E+1	1.98472E-1	-1.93416E-1
2.95200E+11	8.36708E-5	-1.66665E+2	-3.06758E-1	-7.27120E-2
2.95287E+11	9.42636E-5	4.60627E+1	1.97519E-1	2.04985E-1
2.95375E+11	1.05149E-4	-8.55594E+1	2.52929E-2	-3.25693E-1
2.95463E+11	1.03013E-4	1.30789E+2	-1.91619E-1	2.22076E-1
2.95550E+11	1.13030E-4	5.37789E+0	3.33869E-1	3.14299E-2
2.95638E+11	9.02567E-5	-1.26117E+2	-1.64306E-1	-2.25179E-1
2.95725E+11	1.19582E-4	1.07716E+2	-1.05059E-1	3.28883E-1
2.95812E+11	8.49860E-5	-3.55637E+1	2.25799E-1	-1.61440E-1
2.95900E+11	1.22425E-4	-1.67380E+2	-3.38141E-1	-7.57096E-2
2.95988E+11	8.06980E-5	4.80145E+1	1.82119E-1	2.02367E-1
2.96075E+11	1.31042E-4	-6.97262E+1	1.22756E-1	-3.32318E-1
2.96162E+11	7.77802E-5	1.54893E+2	-2.46729E-1	1.15612E-1
2.96250E+11	1.36123E-4	4.04960E+1	2.64989E-1	2.26291E-1
2.96338E+11	8.92878E-5	-1.12183E+2	-1.06248E-1	-2.60574E-1
2.96425E+11	1.40130E-4	1.21471E+2	-1.78827E-1	2.92152E-1
2.96512E+11	8.85160E-5	-3.97105E+1	2.27565E-1	-1.88998E-1
2.96600E+11	1.25883E-4	-1.66317E+2	-3.25484E-1	-7.92397E-2
2.96688E+11	8.49494E-5	5.25754E+1	1.75480E-1	2.29314E-1
2.96775E+11	1.22948E-4	-5.62261E+1	1.87708E-1	-2.80671E-1
2.96863E+11	9.39621E-5	1.60189E+2	-2.81880E-1	1.01547E-1
2.96950E+11	1.48943E-4	3.59403E+1	2.85020E-1	2.06626E-1
2.97037E+11	8.24520E-5	-1.17239E+2	-1.34103E-1	-2.60497E-1
2.97125E+11	1.67803E-4	1.19431E+2	-1.77594E-1	3.14780E-1
2.97213E+11	9.22033E-5	-3.22121E+1	2.52073E-1	-1.58813E-1
2.97300E+11	1.55286E-4	-1.53614E+2	-3.08949E-1	-1.53269E-1
2.97387E+11	9.00050E-5	5.35768E+1	1.74881E-1	2.37003E-1
2.97475E+11	1.69422E-4	-6.57295E+1	1.51532E-1	-3.36068E-1
2.97563E+11	9.49990E-5	1.34650E+2	-2.38804E-1	2.41739E-1
2.97650E+11	1.44382E-4	3.09915E+1	3.54275E-1	2.12798E-1
2.97737E+11	1.01745E-4	-1.16193E+2	-1.66558E-1	-3.38596E-1
2.97825E+11	1.25340E-4	1.40056E+2	-3.19187E-1	2.67299E-1
2.97913E+11	1.06757E-4	-8.15770E+0	3.47868E-1	-4.98665E-2
2.98000E+11	1.46351E-4	-1.31915E+2	-2.45327E-1	-2.73277E-1
2.98088E+11	1.32412E-4	6.26521E+1	1.89903E-1	3.67176E-1
2.98175E+11	1.54225E-4	-6.04341E+1	2.41620E-1	-4.25917E-1
2.98262E+11	1.37323E-4	1.47965E+2	-4.97036E-1	3.11001E-1
2.98350E+11	1.60802E-4	3.85870E+1	5.48934E-1	4.38004E-1
2.98438E+11	1.30676E-4	-1.06753E+2	-2.33140E-1	-7.74476E-1
2.98525E+11	1.66309E-4	1.39554E+2	-8.10335E-1	6.90764E-1
2.98612E+11	1.43287E-4	-1.57194E+1	1.27570E+0	-3.59050E-1
2.98700E+11	1.64701E-4	-1.33386E+2	-1.15337E+0	-1.22026E+0
2.98788E+11	1.44916E-4	7.46120E+1	5.35304E-1	1.94500E+0
2.98875E+11	1.58183E-4	-2.77211E+1	2.36919E+0	-1.24496E+0
2.98962E+11	1.25809E-4	-1.74600E+2	-2.04336E+0	-1.93159E-1
2.99050E+11	1.28048E-4	8.63175E+1	1.63670E-1	2.54302E+0
2.99137E+11	1.52667E-4	-6.47178E+1	1.27493E+0	-2.69930E+0
2.99225E+11	1.13791E-4	-1.68753E+2	-2.92733E+0	-5.82106E-1
2.99313E+11	1.43318E-4	4.06129E+1	2.54157E+0	2.17938E+0
2.99400E+11	1.03801E-4	-6.60070E+1	1.13705E+0	-2.55469E+0
2.99487E+11	1.59152E-4	1.45077E+2	-2.30103E+0	1.60658E+0
2.99575E+11	1.05028E-4	3.52280E+1	1.98770E+0	1.40362E+0
2.99663E+11	1.57632E-4	-1.10079E+2	-7.14181E-1	-1.95385E+0
2.99750E+11	9.77373E-5	1.41436E+2	-1.19790E+0	9.55025E-1
2.99837E+11	1.58531E-4	-7.16131E-1	1.05632E+0	-1.32034E-2
2.99925E+11	9.13275E-5	-1.14203E+2	-2.96982E-1	-6.60710E-1
3.00013E+11	1.56358E-4	9.56038E+1	-6.51077E-2	6.63565E-1
3.00100E+11	9.75305E-5	-2.26441E+1	4.90624E-1	-2.04670E-1
3.00187E+11	1.72678E-4	-1.71757E+2	-5.24322E-1	-7.59551E-2
3.00275E+11	8.88047E-5	8.02302E+1	6.92887E-2	4.02404E-1
3.00362E+11	1.82859E-4	-6.75574E+1	1.69095E-1	-4.09392E-1
3.00450E+11	8.88534E-5	-1.79456E+2	-3.33990E-1	-3.17042E-3
3.00538E+11	2.11405E-4	2.39525E+1	3.59483E-1	1.59695E-1
3.00625E+11	8.53451E-5	-1.02955E+2	-6.64920E-2	-2.89049E-1
3.00712E+11	2.05558E-4	1.01517E+2	-7.22889E-2	3.54764E-1
3.00800E+11	7.44414E-5	-1.74213E+1	2.67891E-1	-8.40613E-2
3.00888E+11	2.27927E-4	-1.61314E+2	-3.51673E-1	-1.18941E-1
3.00975E+11	8.19433E-5	8.04270E+1	4.84125E-2	2.87053E-1
3.01062E+11	1.99982E-4	-6.74617E+1	1.40055E-1	-3.37484E-1
3.01150E+11	8.14216E-5	1.58212E+2	-2.62727E-1	1.05020E-1
3.01238E+11	2.23860E-4	1.79413E+0	3.47827E-1	1.08953E-2
3.01325E+11	8.15175E-5	-1.34127E+2	-1.92126E-1	-1.98075E-1
3.01413E+11	2.11458E-4	7.64024E+1	7.80002E-2	3.22473E-1
3.01500E+11	7.29681E-5	-4.85301E+1	1.80951E-1	-2.04745E-1
3.01587E+11	1.99179E-4	1.70749E+2	-3.15922E-1	5.14567E-2
3.01675E+11	6.95921E-5	5.20256E+1	1.63171E-1	2.09041E-1
3.01763E+11	1.79674E-4	-9.08552E+1	-4.75990E-3	-3.18891E-1
3.01850E+11	6.36788E-5	1.49124E+2	-2.16293E-1	1.29327E-1
3.01937E+11	1.82304E-4	2.88976E+0	3.18933E-1	1.60993E-2
3.02025E+11	6.17160E-5	-1.20284E+2	-1.26040E-1	-2.15830E-1
3.02113E+11	1.73189E-4	9.41607E+1	-2.38348E-2	3.27644E-1
3.02200E+11	5.44309E-5	-2.78168E+1	2.19133E-1	-1.15618E-1
3.02287E+11	1.78291E-4	-1.66621E+2	-3.36322E-1	-7.99919E-2
3.02375E+11	5.51862E-5	7.22162E+1	7.93906E-2	2.47513E-1
3.02463E+11	1.85507E-4	-6.19022E+1	1.71730E-1	-3.21652E-1
3.02550E+11	5.74624E-5	1.70234E+2	-2.71857E-1	4.67917E-2
3.02638E+11	1.59398E-4	3.14035E+1	3.24357E-1	1.98016E-1
3.02725E+11	6.00225E-5	-1.06617E+2	-8.83628E-2	-2.96079E-1
3.02812E+11	1.61522E-4	1.11861E+2	-1.57196E-1	3.91806E-1
3.02900E+11	5.94656E-5	-2.59286E+1	3.18930E-1	-1.55061E-1
3.02988E+11	1.65233E-4	-1.64633E+2	-4.48824E-1	-1.23348E-1
3.03075E+11	5.84437E-5	6.66693E+1	1.54909E-1	3.59164E-1
3.03162E+11	1.44857E-4	-6.62895E+1	2.20797E-1	-5.02739E-1
3.03250E+11	5.67610E-5	1.64276E+2	-4.51508E-1	1.27121E-1
3.03338E+11	1.65578E-4	2.57326E+1	6.18391E-1	2.98046E-1
3.03425E+11	6.81030E-5	-1.12462E+2	-2.22520E-1	-5.38210E-1
3.03512E+11	1.74248E-4	1.08029E+2	-2.51604E-1	7.73044E-1
3.03600E+11	7.26342E-5	-2.87237E+1	5.72987E-1	-3.14009E-1
3.03687E+11	1.90262E-4	-1.57526E+2	-8.39301E-1	-3.47209E-1
3.03775E+11	7.54845E-5	7.26933E+1	2.08381E-1	6.68760E-1
3.03863E+11	1.76166E-4	-4.68230E+1	6.67427E-1	-7.11310E-1
3.03950E+11	8.24754E-5	1.73653E+2	-7.41166E-1	8.24360E-2
3.04037E+11	1.58747E-4	4.45510E+1	6.58620E-1	6.48377E-1
3.04125E+11	7.66485E-5	-1.03313E+2	-1.60358E-1	-6.77692E-1
3.04213E+11	1.55659E-4	1.30480E+2	-5.32701E-1	6.24165E-1
3.04300E+11	8.32241E-5	-9.80283E+0	6.37905E-1	-1.10218E-1
3.04387E+11	1.56423E-4	-1.27605E+2	-4.57323E-1	-5.93735E-1
3.04475E+11	8.78263E-5	9.68616E+1	-7.01355E-2	5.82846E-1
3.04563E+11	1.46311E-4	-2.40602E+1	5.97619E-1	-2.66830E-1
3.04650E+11	8.51630E-5	-1.71855E+2	-4.78909E-1	-6.85421E-2
3.04737E+11	1.35517E-4	5.82768E+1	2.97807E-1	4.81755E-1
3.04825E+11	8.54391E-5	-8.57327E+1	3.33693E-2	-4.47211E-1
3.04912E+11	1.26032E-4	1.57771E+2	-4.86775E-1	1.98933E-1
3.05000E+11	7.75464E-5	1.97434E+1	3.65231E-1	1.31083E-1
3.05088E+11	1.32990E-4	-8.73970E+1	2.15106E-2	-4.73147E-1
3.05175E+11	9.63508E-5	1.21234E+2	-1.94052E-1	3.19992E-1
3.05262E+11	1.29331E-4	6.37232E+0	4.13230E-1	4.61490E-2
3.05350E+11	9.88466E-5	-1.55151E+2	-3.11704E-1	-1.44351E-1
3.05438E+11	1.06367E-4	9.19157E+1	-1.16291E-2	3.47675E-1
3.05525E+11	1.05512E-4	-6.76058E+1	1.22389E-1	-2.97024E-1
3.05612E+11	1.02725E-4	-1.78356E+2	-3.08242E-1	-8.84517E-3
3.05700E+11	1.24345E-4	2.46457E+1	2.86995E-1	1.31673E-1
3.05788E+11	1.07799E-4	-8.88034E+1	6.23656E-3	-2.98587E-1
3.05875E+11	1.24478E-4	1.16804E+2	-1.41346E-1	2.79771E-1
3.05962E+11	1.01012E-4	-4.74471E-1	2.86674E-1	-2.37403E-3
3.06050E+11	1.28608E-4	-1.58732E+2	-2.80222E-1	-1.09073E-1
3.06137E+11	1.01801E-4	8.00731E+1	4.83377E-2	2.76198E-1
3.06225E+11	1.14289E-4	-7.78563E+1	6.11303E-2	-2.84091E-1
3.06313E+11	9.87737E-5	1.65381E+2	-2.71906E-1	7.09249E-2
3.06400E+11	1.29906E-4	1.06688E+1	2.91897E-1	5.49897E-2
3.06487E+11	9.55114E-5	-9.75257E+1	-3.52872E-2	-2.67107E-1
3.06575E+11	1.29116E-4	1.02941E+2	-6.76450E-2	2.94397E-1
3.06663E+11	8.02470E-5	-1.38257E+1	2.41058E-1	-5.93243E-2
3.06750E+11	1.21842E-4	-1.78266E+2	-3.10161E-1	-9.38697E-3
3.06837E+11	6.84486E-5	5.91777E+1	1.22274E-1	2.04935E-1
3.06925E+11	1.27881E-4	-9.39495E+1	-2.14277E-2	-3.10359E-1
3.07013E+11	7.62563E-5	1.46715E+2	-2.07831E-1	1.36441E-1
3.07100E+11	1.32224E-4	-9.21414E-1	3.25836E-1	-5.24046E-3
3.07188E+11	7.28103E-5	-1.24203E+2	-1.44910E-1	-2.13203E-1
3.07275E+11	1.13778E-4	8.66422E+1	1.88762E-2	3.21720E-1
3.07362E+11	6.49884E-5	-3.77606E+1	1.95647E-1	-1.51544E-1
3.07450E+11	1.17676E-4	-1.78621E+2	-3.12219E-1	-7.51644E-3
3.07538E+11	6.65868E-5	6.18486E+1	1.15044E-1	2.14994E-1
3.07625E+11	1.01709E-4	-7.75280E+1	6.58863E-2	-2.97882E-1
3.07712E+11	6.98411E-5	1.54719E+2	-2.25679E-1	1.06585E-1
3.07800E+11	9.62219E-5	1.08338E+1	2.92516E-1	5.59792E-2
3.07888E+11	7.24052E-5	-1.11507E+2	-9.23210E-2	-2.34285E-1
3.07975E+11	1.28304E-4	1.11778E+2	-1.26221E-1	3.15932E-1
3.08062E+11	9.40460E-5	-8.52933E+0	2.85314E-1	-4.27899E-2
3.08150E+11	1.42668E-4	-1.42549E+2	-2.99710E-1	-2.29570E-1
3.08238E+11	1.07278E-4	9.23027E+1	-1.20933E-2	3.00736E-1
3.08325E+11	1.46514E-4	-5.30416E+1	2.33249E-1	-3.09999E-1
3.08413E+11	1.09501E-4	1.69867E+2	-2.99083E-1	5.34505E-2
3.08500E+11	1.59519E-4	2.52933E+1	3.67151E-1	1.73499E-1
3.08587E+11	1.12755E-4	-1.05235E+2	-8.21979E-2	-3.01803E-1
3.08675E+11	1.72702E-4	1.19185E+2	-2.07341E-1	3.71227E-1
3.08763E+11	1.13744E-4	-1.58808E+1	3.08795E-1	-8.78508E-2
3.08850E+11	1.49718E-4	-1.55690E+2	-3.87276E-1	-1.74947E-1
3.08937E+11	1.11764E-4	6.03480E+1	1.63337E-1	2.86917E-1
3.09025E+11	1.56811E-4	-8.02011E+1	7.46114E-2	-4.32004E-1
3.09113E+11	1.12828E-4	1.41694E+2	-2.82553E-1	2.23193E-1
3.09200E+11	1.46191E-4	9.46316E+0	4.95049E-1	8.25157E-2
3.09287E+11	1.08222E-4	-1.23279E+2	-2.42046E-1	-3.68770E-1
3.09375E+11	1.41515E-4	1.01760E+2	-1.20277E-1	5.77738E-1
3.09462E+11	1.10061E-4	-4.13114E+1	3.71439E-1	-3.26448E-1
3.09550E+11	1.30160E-4	1.78828E+2	-8.00588E-1	1.63830E-2
3.09638E+11	1.04409E-4	4.43022E+1	6.06720E-1	5.92118E-1
3.09725E+11	1.21940E-4	-8.02165E+1	3.17155E-1	-1.83929E+0
3.09812E+11	9.47753E-5	1.56947E+2	-1.81443E+0	7.72147E-1
3.09900E+11	1.32409E-4	3.47783E+1	4.03093E+0	2.79930E+0
3.09988E+11	8.85952E-5	-1.01903E+2	-7.76165E-1	-3.68220E+0
3.10075E+11	1.19653E-4	1.26981E+2	-5.70289E+0	7.57311E+0
3.10162E+11	8.46290E-5	-1.23852E+1	6.28104E+0	-1.37928E+0
3.10250E+11	1.03062E-4	-1.26854E+2	-9.30701E+0	-1.24167E+1
3.10338E+11	7.93750E-5	1.00457E+2	-1.42188E+0	7.70410E+0
3.10425E+11	1.00257E-4	-1.52605E+1	1.78034E+1	-4.85726E+0
3.10512E+11	9.52391E-5	-1.54585E+2	-1.47059E+1	-6.98747E+0
3.10600E+11	1.23555E-4	8.09269E+1	9.24667E+0	5.79027E+1
3.10687E+11	1.44675E-4	-6.30986E+1	2.23323E+1	-4.40167E+1
3.10775E+11	1.55922E-4	1.75311E+2	-1.09430E+2	8.97556E+0
3.10863E+11	1.34730E-4	3.46405E+1	2.80729E+1	1.93955E+1
3.10950E+11	1.65369E-4	-9.05839E+1	-6.05103E-1	-5.93756E+1
3.11037E+11	1.38977E-4	1.21552E+2	-1.41258E+1	2.30047E+1
3.11125E+11	1.63995E-4	-8.80826E+0	6.25882E+1	-9.69842E+0
3.11213E+11	1.34209E-4	-1.55219E+2	-2.65526E+1	-1.22586E+1
3.11300E+11	1.77981E-4	8.52081E+1	5.41982E+0	6.46529E+1
3.11387E+11	1.24567E-4	-6.23149E+1	9.52596E+0	-1.81557E+1
3.11475E+11	1.64300E-4	1.75351E+2	-3.54310E+1	2.88118E+0
3.11563E+11	1.27138E-4	1.78833E+1	1.41154E+1	4.55461E+0
3.11650E+11	1.60249E-4	-9.90747E+1	-3.79361E+0	-2.37515E+1
3.11738E+11	1.44752E-4	1.11184E+2	-4.11445E+0	1.06166E+1
3.11825E+11	1.55973E-4	4.39908E+0	1.84228E+1	1.41726E+0
3.11912E+11	1.56196E-4	-1.43512E+2	-6.10402E+0	-4.51468E+0
3.12000E+11	1.46876E-4	1.00063E+2	-1.33579E+0	7.52710E+0
3.12088E+11	1.42845E-4	-5.67812E+1	2.05482E+0	-3.13785E+0
3.12175E+11	1.40084E-4	-1.71551E+2	-4.29536E+0	-6.38014E-1
3.12262E+11	1.14648E-4	5.00187E+1	1.75617E+0	2.09432E+0
3.12350E+11	1.03617E-4	-5.02430E+1	1.97498E+0	-2.37406E+0
3.12438E+11	1.10488E-4	1.69294E+2	-1.96751E+0	3.71980E-1
3.12525E+11	1.25393E-4	5.40720E+1	1.35483E+0	1.86970E+0
3.12612E+11	9.22862E-5	-1.05419E+2	-4.23883E-1	-1.53692E+0
3.12700E+11	1.17153E-4	1.34309E+2	-1.53275E+0	1.57016E+0
3.12788E+11	9.77062E-5	-1.56509E+1	1.83396E+0	-5.13807E-1
3.12875E+11	1.16936E-4	-1.16273E+2	-1.20642E+0	-2.44392E+0
3.12963E+11	1.04383E-4	1.00372E+2	-4.97028E-1	2.71550E+0
3.13050E+11	1.08494E-4	-4.46230E+0	3.85571E+0	-3.00898E-1
3.13137E+11	1.07015E-4	-1.64129E+2	-3.38121E+0	-9.61329E-1
3.13225E+11	1.04017E-4	7.55731E+1	1.21252E+0	4.71326E+0
3.13313E+11	1.12463E-4	-8.52188E+1	5.19889E-1	-6.21564E+0
3.13400E+11	9.83100E-5	1.59609E+2	-9.26609E+0	3.44446E+0
3.13487E+11	1.16527E-4	8.25202E+0	1.35888E+1	1.97078E+0
3.13575E+11	8.21887E-5	-1.06324E+2	-8.81373E+0	-3.00932E+1
3.13663E+11	1.10118E-4	1.04657E+2	-1.29080E+1	4.93537E+1
3.13750E+11	1.05769E-4	-1.91547E+1	8.73825E+1	-3.03523E+1
3.13837E+11	1.19622E-4	-1.64362E+2	-1.37339E+2	-3.84449E+1
3.13925E+11	1.05154E-4	8.68263E+1	1.27551E+1	2.30039E+2
3.14012E+11	1.21290E-4	-4.82057E+1	2.07191E+2	-2.31776E+2
3.14100E+11	1.01536E-4	-1.65810E+2	-3.09593E+2	-7.82801E+1
3.14188E+11	1.17718E-4	4.73962E+1	2.57888E+2	2.80414E+2
3.14275E+11	9.21812E-5	-8.01615E+1	6.02260E+1	-3.47279E+2
3.14362E+11	1.14005E-4	1.28473E+2	-3.74289E+2	4.70994E+2
3.14450E+11	1.00002E-4	2.37896E+1	5.28600E+2	2.33026E+2
3.14538E+11	1.14532E-4	-9.78588E+1	-1.70217E+2	-1.23320E+3
3.14625E+11	9.06841E-5	1.50473E+2	-7.08234E+2	4.01137E+2
3.14712E+11	1.20723E-4	1.49812E+1	1.32491E+3	3.54541E+2
3.14800E+11	7.90441E-5	-1.27246E+2	-7.29531E+2	-9.59509E+2
3.14888E+11	1.00338E-4	9.15207E+1	-4.11928E+1	1.55165E+3
3.14975E+11	7.10268E-5	-4.60440E+1	7.32972E+2	-7.60181E+2
3.15062E+11	8.06628E-5	-1.57890E+2	-1.34065E+3	-5.44656E+2
3.15150E+11	7.15251E-5	8.56872E+1	7.37995E+1	9.78580E+2
3.15237E+11	7.51343E-5	-6.42722E+1	4.59898E+2	-9.54413E+2
3.15325E+11	6.26300E-5	1.59069E+2	-6.40431E+2	2.44954E+2
3.15413E+11	6.50031E-5	2.18344E+1	6.81945E+2	2.73234E+2
3.15500E+11	5.59287E-5	-1.00629E+2	-8.75374E+1	-4.66467E+2
3.15587E+11	5.13896E-5	1.25593E+2	-3.61219E+2	5.04668E+2
3.15675E+11	4.59203E-5	5.77474E+0	2.31824E+2	2.34446E+1
3.15763E+11	4.37332E-5	-1.34867E+2	-1.72567E+2	-1.73372E+2
3.15850E+11	3.91859E-5	8.65788E+1	8.63244E+0	1.44396E+2
3.15937E+11	3.43036E-5	-4.45952E+1	1.56082E+2	-1.53892E+2
3.16025E+11	3.04378E-5	-1.74094E+2	-9.98497E+1	-1.03287E+1
3.16113E+11	2.19997E-5	6.82558E+1	4.62472E+1	1.15953E+2
3.16200E+11	1.14584E-5	-6.16786E+1	1.95390E+1	-3.62554E+1
3.16287E+11	6.03352E-6	1.74602E+2	-3.44428E+1	3.25468E+0
3.16375E+11	2.36899E-6	3.87420E+1	8.21204E+0	6.58897E+0
3.16462E+11	8.43280E-7	-8.23506E+1	9.46369E-1	-7.04637E+0
3.16550E+11	4.70467E-7	1.43854E+2	-2.45373E+0	1.79230E+0
3.16638E+11	2.58086E-7	2.32456E+1	2.45949E+0	1.05646E+0
3.16725E+11	1.43309E-7	-1.15440E+2	-4.15674E-1	-8.73850E-1
3.16812E+11	2.44733E-8	1.17401E+2	-2.12083E-1	4.09132E-1
3.16900E+11	8.96407E-9	-2.24404E+1	1.27528E-1	-5.26685E-2
3.16988E+11	3.32498E-9	-1.47134E+2	-6.31452E-2	-4.07976E-2
3.17075E+11	7.06616E-9	8.45373E+1	4.76857E-3	4.98636E-2
3.17162E+11	1.08437E-9	-3.04070E+1	1.34064E-2	-7.86769E-3
3.17250E+11	1.60468E-10	-1.68574E+2	-3.29707E-3	-6.66345E-4
3.17338E+11	2.30434E-11	7.06642E+1	3.73618E-4	1.06475E-3
3.17425E+11	9.78955E-12	-7.92383E+1	9.35382E-5	-4.92132E-4
3.17513E+11	8.45979E-12	1.36627E+2	-3.15053E-4	2.97649E-4
3.17600E+11	1.44417E-11	-4.87791E+0	4.31633E-4	-3.68364E-5
3.17687E+11	1.51467E-11	-1.31392E+2	-3.06333E-4	-3.47565E-4
3.17775E+11	1.84188E-11	8.23316E+1	5.57516E-5	4.14070E-4
3.17863E+11	1.93243E-11	-3.60712E+1	3.40246E-4	-2.47850E-4
3.17950E+11	3.58035E-11	1.48473E+2	-4.41092E-4	2.70587E-4
3.18037E+11	6.51529E-11	6.72038E+0	7.39500E-4	8.71379E-5
3.18125E+11	5.65604E-10	-1.40761E+2	-1.61312E-3	-1.31746E-3
3.18213E+11	1.32091E-9	8.09767E+1	5.86291E-4	3.69197E-3
3.18300E+11	1.05793E-8	-6.25953E+1	5.97341E-3	-1.15216E-2
3.18387E+11	2.99076E-8	1.53382E+2	-2.29617E-2	1.15073E-2
3.18475E+11	8.27260E-8	9.83136E+0	5.24160E-2	9.08337E-3
3.18563E+11	1.81839E-7	-1.36866E+2	-7.90364E-2	-7.40477E-2
3.18650E+11	1.45703E-6	9.03593E+1	-3.00555E-3	4.79287E-1
3.18738E+11	6.79573E-6	-4.17970E+1	1.08394E+0	-9.69051E-1
3.18825E+11	1.96314E-5	-1.68571E+2	-4.38285E+0	-8.86078E-1
3.18912E+11	4.07142E-5	5.74709E+1	4.35553E+0	6.82915E+0
3.19000E+11	5.07662E-5	-8.10759E+1	2.97458E+0	-1.89431E+1
3.19088E+11	7.91020E-5	1.42789E+2	-2.26760E+1	1.72188E+1
3.19175E+11	7.51687E-5	7.27086E+0	9.21858E+1	1.17616E+1
3.19262E+11	9.31935E-5	-1.19948E+2	-6.25072E+1	-1.08492E+2
3.19350E+11	8.48502E-5	1.12111E+2	-1.81555E+2	4.46864E+2
3.19438E+11	1.04670E-4	-2.04254E+1	5.86313E+2	-2.18344E+2
3.19525E+11	9.39377E-5	-1.66651E+2	-2.29383E+3	-5.44300E+2
3.19612E+11	1.06148E-4	8.99259E+1	1.67912E+0	1.29789E+3
3.19700E+11	8.74662E-5	-3.96583E+1	2.10767E+3	-1.74723E+3
3.19787E+11	9.10901E-5	1.77518E+2	-2.15999E+3	9.36259E+1
3.19875E+11	6.44522E-5	8.10637E+0	3.20641E+3	4.56704E+2
3.19963E+11	6.26601E-5	-8.21585E+1	6.89097E+2	-5.00361E+3
3.20050E+11	3.65414E-5	1.06779E+2	-1.33250E+3	4.41931E+3
3.20137E+11	3.34468E-5	1.08660E+1	3.22111E+3	6.18307E+2
3.20225E+11	1.25985E-5	1.50963E+2	-1.99930E+3	1.10991E+3
3.20313E+11	2.13213E-6	1.77487E+2	-1.97234E+3	8.65632E+1
3.20400E+11	3.83854E-9	5.13966E+1	4.61232E+1	5.77705E+1
3.20487E+11	9.32230E-12	1.46444E+2	-7.83462E+0	5.19656E+0
3.20575E+11	5.28981E-13	-1.79167E+2	-1.69436E+0	-2.46312E-2
3.20663E+11	1.16738E-12	7.59289E+0	1.13424E+0	1.51197E-1
3.20750E+11	4.70543E-13	1.14876E+2	-1.85745E-1	4.00593E-1
3.20837E+11	3.08512E-14	9.01886E+1	-6.18997E-4	1.88015E-1
3.20925E+11	2.37524E-12	-7.38751E+1	4.83016E-1	-1.67072E+0
3.21012E+11	2.71410E-12	1.67444E+2	-2.66838E+0	5.94302E-1
3.21100E+11	3.63242E-13	1.50418E+1	4.46969E-1	1.20115E-1
3.21188E+11	5.75496E-14	-4.06734E+1	2.94991E-1	-2.53494E-1
3.21275E+11	5.12363E-13	-1.31688E+2	-2.14721E+0	-2.41102E+0
3.21362E+11	1.44687E-13	-8.72213E+1	9.53814E-3	-1.96516E-1
3.21450E+11	7.27412E-13	-5.50874E+0	6.57988E-1	-6.34584E-2
3.21538E+11	1.27406E-13	-1.49512E+2	-1.03006E-1	-6.06470E-2
3.21625E+11	2.31672E-12	-3.06867E+1	4.44530E+0	-2.63803E+0
3.21712E+11	4.60491E-13	-2.50367E+0	4.89540E-1	-2.14052E-2
3.21800E+11	6.24982E-13	-7.84975E+0	7.11858E-1	-9.81422E-2
3.21888E+11	4.01443E-13	1.61983E+2	-4.23292E-1	1.37675E-1
3.21975E+11	3.82105E-13	-8.19901E+1	6.57640E-2	-4.67348E-1
3.22063E+11	4.29055E-13	-1.93763E+1	8.80403E-1	-3.09629E-1
3.22150E+11	5.00980E-13	2.90515E+1	6.10798E-1	3.39289E-1
3.22237E+11	4.11208E-13	3.82705E+0	6.71498E-1	4.49193E-2
3.22325E+11	3.41292E-13	-7.82890E+1	1.08546E-1	-5.23644E-1
3.22413E+11	3.94773E-13	-6.03383E+1	1.78181E-1	-3.12871E-1
3.22500E+11	4.18231E-13	1.28634E+2	-3.65430E-1	4.57211E-1
3.22587E+11	1.37551E-12	-4.44972E+1	7.89232E-1	-7.75499E-1
3.22675E+11	1.04599E-12	1.66700E+2	-2.84582E+0	6.72745E-1
3.22763E+11	8.78793E-13	-1.26679E+2	-3.08805E-1	-4.14604E-1
3.22850E+11	1.24107E-12	4.40171E+1	5.79201E-1	5.59662E-1
3.22937E+11	1.29114E-12	3.48481E+1	4.48142E-1	3.12026E-1
3.23025E+11	2.94787E-13	1.24422E+2	-3.83826E-1	5.60096E-1
3.23113E+11	4.63959E-13	-1.47382E+2	-3.68389E-1	-2.35756E-1
3.23200E+11	4.59472E-13	8.19239E-1	6.52109E-1	9.32476E-3
3.23288E+11	3.63898E-12	8.72361E+0	8.56644E-1	1.31446E-1
3.23375E+11	2.09293E-13	6.82892E+1	1.38164E-1	3.47002E-1
3.23462E+11	4.04423E-12	1.50701E+1	1.86468E+0	5.02086E-1
3.23550E+11	3.45462E-14	8.21765E+1	3.12701E-2	2.27582E-1
3.23638E+11	8.57604E-13	-1.98567E+0	9.42159E-1	-3.26650E-2
3.23725E+11	1.65872E-13	-9.78902E+1	-2.74885E-2	-1.98348E-1
3.23812E+11	2.03123E-12	4.54771E+1	2.22461E+0	2.26197E+0
3.23900E+11	2.94952E-13	3.62028E+0	2.06875E-1	1.30890E-2
3.23988E+11	3.88587E-13	1.57173E+2	-5.31933E-1	2.23896E-1
3.24075E+11	1.26549E-13	4.64237E+1	6.88706E-2	7.23813E-2
3.24162E+11	4.08874E-14	6.40818E+1	3.80906E-2	7.83810E-2
3.24250E+11	5.59485E-13	-6.81228E+1	7.21483E-2	-1.79681E-1
3.24338E+11	1.10224E-12	1.25684E+2	-2.40638E-1	3.35076E-1
3.24425E+11	2.28543E-12	-1.28838E+2	-2.06406E-1	-2.56365E-1
3.24513E+11	1.15713E-12	-3.24963E+1	3.04125E-1	-1.93722E-1
3.24600E+11	4.87149E-14	-1.73267E+2	-9.59691E-2	-1.13291E-2
3.24687E+11	1.35741E-12	-3.34840E+1	1.85276E+0	-1.22557E+0
3.24775E+11	2.90116E-13	-6.92441E+1	8.72485E-2	-2.30217E-1
3.24863E+11	2.84423E-13	-3.64414E+1	2.60372E-1	-1.92254E-1
3.24950E+11	4.67491E-13	1.41373E+2	-4.22859E-1	3.37890E-1
3.25037E+11	9.18715E-13	8.60936E-1	6.11683E-1	9.19194E-3
3.25125E+11	7.77948E-13	-1.10961E+2	-3.55140E-1	-9.27063E-1
3.25213E+11	3.19431E-12	-3.58318E+1	1.03007E+0	-7.43781E-1
3.25300E+11	5.92779E-13	-4.70943E+1	4.95478E-1	-5.33091E-1
3.25387E+11	2.07780E-13	-7.50499E+1	1.00329E-1	-3.75742E-1
3.25475E+11	6.01770E-14	1.68374E+2	-6.99234E-1	1.43861E-1
3.25562E+11	3.35294E-13	-8.31151E+0	4.74935E-1	-6.93830E-2
3.25650E+11	1.55358E-12	3.98062E+1	6.83065E-1	5.69233E-1
3.25738E+11	1.41068E-12	-8.69249E+1	2.27994E-1	-4.24397E+0
3.25825E+11	8.75864E-14	-1.71799E+2	-1.66933E-1	-2.40598E-2
3.25912E+11	1.33689E-12	3.30308E+1	1.37788E+0	8.95857E-1
3.26000E+11	3.42253E-13	-6.42273E+1	4.06458E-1	-8.41824E-1
3.26088E+11	1.33046E-12	1.66490E+1	5.81840E-1	1.73996E-1
3.26175E+11	6.60278E-13	-2.20224E+1	5.61156E-1	-2.26977E-1
3.26262E+11	2.76389E-13	1.69618E+2	-4.07624E-1	7.46810E-2
3.26350E+11	5.85015E-14	-1.77876E+2	-6.51011E-1	-2.41450E-2
3.26438E+11	1.92824E-12	-1.13633E+2	-4.31333E-1	-9.85750E-1
3.26525E+11	5.34124E-12	-1.15331E+0	1.40518E+0	-2.82887E-2
3.26612E+11	5.36908E-13	-1.25241E+2	-3.24726E-1	-4.59636E-1
3.26700E+11	7.84018E-13	-8.86204E+1	1.81634E-2	-7.54207E-1
3.26787E+11	9.23310E-14	1.15924E+2	-5.91773E-2	1.21742E-1
3.26875E+11	1.16708E-12	1.41236E+1	9.51495E-1	2.39415E-1
3.26963E+11	8.94124E-13	-1.38757E+1	6.96694E-1	-1.72101E-1
3.27050E+11	1.24251E-12	1.36291E+2	-9.86885E-1	9.43387E-1
3.27137E+11	1.07719E-13	-1.14899E+1	1.78574E-1	-3.62985E-2
3.27225E+11	6.74160E-13	9.11422E+1	-7.81099E-2	3.91772E+0
3.27313E+11	1.68885E-12	-9.48202E+1	-9.86063E-2	-1.16933E+0
3.27400E+11	1.55208E-12	8.75570E+1	5.22305E-2	1.22420E+0
3.27487E+11	6.70664E-13	-8.26241E+1	3.22364E-1	-2.49027E+0
3.27575E+11	4.92436E-13	-2.58635E+1	7.76220E-1	-3.76302E-1
3.27663E+11	1.62280E-12	-6.68855E+1	6.32203E-1	-1.48114E+0
3.27750E+11	5.64264E-14	-1.41111E+2	-1.34215E-1	-1.08255E-1
3.27838E+11	3.37208E-13	1.70916E+2	-4.54209E-1	7.26200E-2
3.27925E+11	9.37757E-13	1.49246E+2	-2.01725E+0	1.20031E+0
3.28012E+11	3.56368E-13	-1.39949E+2	-5.14914E-1	-4.32850E-1
3.28100E+11	9.76378E-13	8.63533E+0	1.53267E+0	2.32761E-1
3.28188E+11	1.18788E-12	4.17315E+1	9.57961E-1	8.54458E-1
3.28275E+11	1.48690E-12	5.37992E+0	9.05213E-1	8.52478E-2
3.28362E+11	2.70800E-13	-1.09970E+2	-1.45994E-1	-4.01777E-1
3.28450E+11	1.94920E-12	-1.74032E+1	2.85256E+0	-8.94116E-1
3.28538E+11	6.10318E-13	-1.83220E+1	1.97683E+0	-6.54615E-1
3.28625E+11	1.05317E-12	-1.08277E+1	1.39909E+0	-2.67593E-1
3.28712E+11	1.50783E-12	1.16973E+2	-3.22065E-1	6.32826E-1
3.28800E+11	1.84669E-12	-2.99042E+1	8.52353E-1	-4.90207E-1
3.28888E+11	4.08402E-13	2.56763E+1	7.52052E-1	3.61555E-1
3.28975E+11	6.06872E-13	9.33961E+1	-3.45517E-2	5.82233E-1
3.29063E+11	2.51164E-13	1.64481E+2	-2.85801E-1	7.93623E-2
3.29150E+11	3.76158E-13	-9.94111E+1	-7.49929E-1	-4.52452E+0
3.29237E+11	2.94506E-13	1.79486E+2	-7.81399E-1	7.01127E-3
3.29325E+11	1.10357E-12	1.77553E+2	-7.64753E-1	3.26755E-2
3.29413E+11	1.42698E-12	-6.14092E+1	6.54884E-1	-1.20160E+0
3.29500E+11	6.81393E-14	3.18313E+1	3.76018E-1	2.33426E-1
3.29587E+11	3.46033E-13	1.50723E+2	-2.88795E-1	1.61914E-1
3.29675E+11	3.55439E-14	-1.45119E+2	-1.25256E-1	-8.73168E-2
3.29763E+11	4.31406E-13	-5.17682E+1	5.69838E-1	-7.23309E-1
3.29850E+11	1.52022E-12	-2.29756E+1	8.53678E-1	-3.61936E-1
3.29937E+11	3.89858E-13	-9.84611E+1	-1.15928E-1	-7.79311E-1
3.30025E+11	7.65286E-16	-1.24501E+2	-2.28386E-2	-3.32295E-2
3.30112E+11	5.06865E-13	-1.09125E+2	-3.18779E-1	-9.19307E-1
3.30200E+11	5.43445E-13	1.56417E+2	-6.60583E-1	2.88370E-1
3.30288E+11	3.74619E-12	-1.50398E+2	-3.89438E+0	-2.21248E+0
3.30375E+11	9.03395E-13	-8.29807E+0	1.64930E+0	-2.40550E-1
3.30462E+11	7.74082E-13	-8.56680E+1	5.59564E-2	-7.38679E-1
3.30550E+11	2.51763E-12	6.37798E+1	3.44171E-1	6.98824E-1
3.30638E+11	2.82298E-13	5.83897E+1	4.09259E-1	6.64973E-1
3.30725E+11	8.13615E-13	1.73465E+1	1.43856E+0	4.49344E-1
3.30812E+11	1.48174E-13	-1.28079E+2	-1.85929E-1	-2.37301E-1
3.30900E+11	1.30509E-13	-9.38087E+1	-2.13877E-2	-3.21266E-1
3.30988E+11	1.28772E-12	-5.74968E+1	4.79701E-1	-7.52887E-1
3.31075E+11	3.99333E-13	3.71600E+1	7.00018E-1	5.30573E-1
3.31162E+11	5.15863E-13	5.72571E+0	8.01733E-1	8.03870E-2
3.31250E+11	1.69723E-14	-1.24715E+2	-4.13419E-2	-5.96723E-2
3.31337E+11	2.17198E-12	1.07013E+2	-3.09964E-1	1.01304E+0
3.31425E+11	4.17554E-13	4.27457E+1	7.24558E-1	6.69673E-1
3.31513E+11	2.28258E-13	-3.24556E+1	2.93866E-1	-1.86893E-1
3.31600E+11	8.11678E-14	-4.71565E+1	1.74904E-1	-1.88592E-1
3.31687E+11	8.73759E-13	-2.50656E+1	3.21618E-1	-1.50421E-1
3.31775E+11	4.13551E-13	2.85605E+1	7.85360E-1	4.27490E-1
3.31863E+11	2.63901E-13	-7.44201E+1	7.88120E-2	-2.82657E-1
3.31950E+11	1.75624E-13	-4.67544E+1	1.58459E-1	-1.68473E-1
3.32037E+11	1.14698E-12	-5.55645E+1	3.20913E-1	-4.68059E-1
3.32125E+11	1.91213E-12	-1.22668E+1	6.34883E+0	-1.38041E+0
3.32213E+11	9.64829E-13	9.59235E+1	-6.08563E-2	5.86537E-1
3.32300E+11	6.52902E-14	1.38751E+2	-7.60224E-2	6.66665E-2
3.32387E+11	9.65427E-13	-8.51076E+1	5.27980E-2	-6.16820E-1
3.32475E+11	3.48947E-13	-5.23473E+1	3.76069E-1	-4.87407E-1
3.32562E+11	1.00222E-13	4.34435E+1	1.99047E-1	1.88516E-1
3.32650E+11	2.50831E-13	-1.20441E+0	2.01999E-1	-4.24681E-3
3.32738E+11	7.19995E-13	-4.86975E+1	2.47726E+0	-2.81956E+0
3.32825E+11	8.45842E-15	-6.08289E+1	3.43053E-2	-6.14549E-2
3.32912E+11	1.95452E-13	7.93664E+1	3.29035E-2	1.75249E-1
3.33000E+11	7.40035E-13	4.09963E-1	1.24367E+0	8.89887E-3
3.33088E+11	4.42930E-14	7.10246E+1	6.26916E-2	1.82324E-1
3.33175E+11	4.53463E-13	8.64699E+1	6.99893E-2	1.13454E+0
3.33262E+11	3.94642E-13	-5.71400E+1	3.34566E-1	-5.17952E-1
3.33350E+11	8.62931E-13	-1.45451E+0	5.82962E-1	-1.48023E-2
3.33438E+11	8.78440E-13	7.44407E+1	1.20780E-1	4.33775E-1
3.33525E+11	2.25184E-12	-4.89246E+1	1.10749E+0	-1.27064E+0
3.33613E+11	1.42679E-12	-6.23680E+1	2.18037E+0	-4.16500E+0
3.33700E+11	5.92657E-13	-2.08212E+1	1.50908E+0	-5.73884E-1
3.33787E+11	4.55280E-13	-1.41981E+2	-2.52463E-1	-1.97384E-1
3.33875E+11	1.01773E-12	-4.25545E+1	4.54663E-1	-4.17418E-1
3.33963E+11	6.79702E-13	4.27424E+1	3.23256E-1	2.98736E-1
3.34050E+11	9.41256E-13	2.56148E+1	1.28569E+0	6.16409E-1
3.34137E+11	1.85444E-12	1.67091E+2	-5.47404E+0	1.25468E+0
3.34225E+11	2.08131E-12	1.86636E+1	8.86626E-1	2.99478E-1
3.34313E+11	6.60389E-13	2.29327E+1	6.26875E-1	2.65224E-1
3.34400E+11	3.31118E-13	-3.71647E+1	3.10310E-1	-2.35237E-1
3.34487E+11	2.31714E-12	5.56595E+1	5.96778E-1	8.73516E-1
3.34575E+11	3.87557E-13	1.05095E+2	-1.11568E-1	4.13624E-1
3.34663E+11	9.99331E-13	6.33079E+1	5.28269E-1	1.05071E+0
3.34750E+11	2.38871E-13	1.10837E+1	6.78534E-1	1.32922E-1
3.34838E+11	1.81214E-13	2.42223E+0	4.22559E-1	1.78747E-2
3.34925E+11	7.38338E-13	9.13200E+0	1.43902E+0	2.31319E-1
3.35012E+11	3.11775E-12	3.10466E+0	1.80004E+0	9.76332E-2
3.35100E+11	1.52790E-12	-6.89728E+0	1.39558E+0	-1.68817E-1
3.35188E+11	1.63183E-12	5.52439E+1	5.26098E-1	7.58194E-1
3.35275E+11	3.62674E-14	1.27985E+2	-7.85680E-2	1.00618E-1
3.35362E+11	1.40875E-12	-2.65527E+1	4.50405E-1	-2.25081E-1
3.35450E+11	2.38473E-12	-8.19942E+1	6.19952E-1	-4.40794E+0
3.35538E+11	1.02496E-12	-2.05980E+1	5.33677E-1	-2.00575E-1
3.35625E+11	2.18431E-12	-6.22259E+1	3.47469E-1	-6.59756E-1
3.35712E+11	3.24177E-13	1.00641E+2	-1.85335E-1	9.86385E-1
3.35800E+11	5.12349E-13	8.66641E+1	2.91776E-2	5.00569E-1
3.35887E+11	1.62074E-13	2.24176E+0	6.14897E-1	2.40707E-2
3.35975E+11	1.14757E-12	-3.39749E+1	3.14277E-1	-2.11782E-1
3.36063E+11	2.29844E-12	2.79510E+1	4.72360E-1	2.50640E-1
3.36150E+11	5.34820E-14	-6.69234E+1	8.61531E-2	-2.02212E-1
3.36237E+11	2.25043E-13	-1.76844E+2	-2.49624E-1	-1.37657E-2
3.36325E+11	2.92419E-12	2.75174E+1	1.47167E+0	7.66670E-1
3.36413E+11	2.39194E-13	-1.71006E+2	-7.87278E-1	-1.24615E-1
3.36500E+11	6.39826E-14	3.75527E+1	1.31360E-1	1.00988E-1
3.36587E+11	1.62308E-13	6.32276E+1	2.23722E-1	4.43424E-1
3.36675E+11	3.06905E-12	5.06744E+1	1.13779E+0	1.38884E+0
3.36763E+11	1.57966E-12	7.03798E+1	2.36597E-1	6.63700E-1
3.36850E+11	5.38827E-13	1.28882E+2	-4.77796E-1	5.92522E-1
3.36937E+11	2.71986E-13	-2.57368E+0	2.90699E+0	-1.30667E-1
3.37025E+11	3.93450E-13	-3.44657E+1	5.46849E-1	-3.75358E-1
3.37112E+11	3.06805E-13	3.26845E+1	5.89069E-1	3.77951E-1
3.37200E+11	4.62593E-13	-2.15641E+1	5.37425E-1	-2.12392E-1
3.37288E+11	3.69082E-13	-2.43385E+1	4.19384E-1	-1.89699E-1
3.37375E+11	1.27991E-12	-4.97747E+0	5.89638E-1	-5.13530E-2
3.37462E+11	4.87802E-13	-1.73545E+2	-8.99143E-1	-1.01733E-1
3.37550E+11	1.00270E-12	1.65480E+2	-8.00175E-1	2.07243E-1
3.37638E+11	5.57638E-14	-6.34111E+1	1.74249E-1	-3.48136E-1
3.37725E+11	1.96887E-13	3.46446E+1	1.46090E-1	1.00948E-1
3.37812E+11	1.23028E-12	8.94836E+1	1.02917E-2	1.14191E+0
3.37900E+11	1.82035E-12	1.69096E+2	-3.49106E+0	6.72551E-1
3.37988E+11	1.44761E-13	1.55233E+2	-1.49296E+0	6.88787E-1
3.38075E+11	1.50787E-12	1.26643E+1	1.22303E+0	2.74822E-1
3.38163E+11	8.77077E-14	-9.84952E+1	-5.63838E-2	-3.77490E-1
3.38250E+11	9.50093E-13	-9.58435E+1	-8.50778E-2	-8.31300E-1
3.38337E+11	6.58312E-13	-1.60319E+2	-5.29718E-1	-1.89465E-1
3.38425E+11	1.39082E-12	3.41459E+1	1.34070E+0	9.09293E-1
3.38513E+11	2.16046E-13	-3.43509E+1	2.96411E-1	-2.02584E-1
3.38600E+11	7.55667E-13	4.16880E+1	3.18063E-1	2.83264E-1
3.38687E+11	5.28859E-13	-7.73688E+1	1.06838E+0	-4.76746E+0
3.38775E+11	4.00287E-13	2.19982E+1	7.20981E-1	2.91269E-1
3.38863E+11	4.15533E-14	-9.03011E+1	-2.04600E-3	-3.89281E-1
3.38950E+11	2.67337E-13	3.99315E+1	1.77710E-1	1.48754E-1
3.39037E+11	2.80478E-13	-1.56520E+2	-6.66092E-1	-2.89352E-1
3.39125E+11	6.91541E-13	1.04365E+1	3.20451E-1	5.90246E-2
3.39213E+11	2.99117E-13	-7.03723E+1	7.65944E-2	-2.14773E-1
3.39300E+11	2.81647E-13	7.27152E+1	1.61888E-1	5.20249E-1
3.39388E+11	2.04726E-12	-9.03748E+1	-3.71898E-3	-5.68455E-1
3.39475E+11	2.25641E-13	-1.11375E+1	4.29386E-1	-8.45338E-2
3.39562E+11	1.46375E-12	8.98436E+1	5.28237E-3	1.93512E+0
3.39650E+11	1.69811E-12	-9.96229E+1	-1.32340E-1	-7.80540E-1
3.39738E+11	6.07219E-14	1.22002E+2	-8.80756E-2	1.40938E-1
3.39825E+11	8.08109E-13	-1.04012E+2	-1.22334E+0	-4.90216E+0
3.39912E+11	1.83082E-13	-1.64421E+2	-3.03993E-1	-8.47548E-2
3.40000E+11	3.50069E-13	-1.66067E+2	-3.17838E-1	-7.88527E-2
