4.899000000000000000e+11 9.310508501234351919e-02
4.900750000000000000e+11 8.541719542425980916e-02
4.902500000000000000e+11 9.901900062047112872e-02
4.904250000000000000e+11 6.699451102782146006e-02
4.906000000000000000e+11 1.026547634981359730e-01
4.907750000000000000e+11 1.072181930234839681e-01
4.909500000000000000e+11 1.192809076383013339e-01
4.911250000000000000e+11 1.160784229389784233e-01
4.913000000000000000e+11 1.326541568457119957e-01
4.914750000000000000e+11 1.417148048514390857e-01
4.916500000000000000e+11 1.183361038745519150e-01
4.918250000000000000e+11 9.990158798896771331e-02
4.920000000000000000e+11 1.052432152541571547e-01
4.921750000000000000e+11 1.173212513246066485e-01
4.923500000000000000e+11 1.171590481971448577e-01
4.925250000000000000e+11 1.013006714673173603e-01
4.927000000000000000e+11 1.153512259206833368e-01
4.928750000000000000e+11 7.424670074254437202e-02
4.930500000000000000e+11 9.821570468266015153e-02
4.932250000000000000e+11 9.231343413278469967e-02
4.934000000000000000e+11 7.379619035176059050e-02
4.935750000000000000e+11 1.117210974781727706e-01
4.937500000000000000e+11 1.166273244412756455e-01
4.939250000000000000e+11 1.244599811480702617e-01
4.941000000000000000e+11 1.270283406612876254e-01
4.942750000000000000e+11 1.237175027260207644e-01
4.944500000000000000e+11 9.860136912196512671e-02
4.946250000000000000e+11 9.592660901510179083e-02
4.948000000000000000e+11 7.315548333293206418e-02
4.949750000000000000e+11 1.027032751496520374e-01
4.951500000000000000e+11 1.183695683221834688e-01
4.953250000000000000e+11 1.256077847651838886e-01
4.955000000000000000e+11 1.015852460311850308e-01
4.956750000000000000e+11 1.024940935278339377e-01
4.958500000000000000e+11 1.175683942572669921e-01
4.960250000000000000e+11 1.023151570687314132e-01
4.962000000000000000e+11 8.185403339443113324e-02
4.963750000000000000e+11 1.027466974867238536e-01
4.965500000000000000e+11 1.234774950763624229e-01
4.967250000000000000e+11 1.192755407987373950e-01
4.969000000000000000e+11 1.234232523582980828e-01
4.970750000000000000e+11 1.021287461752986986e-01
4.972500000000000000e+11 9.505749200587268466e-02
4.974250000000000000e+11 9.799302402259961464e-02
4.976000000000000000e+11 9.283419064045768387e-02
4.977750000000000000e+11 5.931684701071725241e-02
4.979500000000000000e+11 1.099125128684846214e-01
4.981250000000000000e+11 9.890142629535211838e-02
4.983000000000000000e+11 1.027408536352250601e-01
4.984750000000000000e+11 1.487093549573201279e-01
4.986500000000000000e+11 1.185005418636441016e-01
4.988250000000000000e+11 1.312307030144154729e-01
4.990000000000000000e+11 1.140042870837109923e-01
4.991750000000000000e+11 9.412697964881483470e-02
4.993500000000000000e+11 1.216883864307317237e-01
4.995250000000000000e+11 1.159726539290567987e-01
4.997000000000000000e+11 1.132809460502967464e-01
4.998750000000000000e+11 9.930310150148406734e-02
5.000500000000000000e+11 1.050726686919065678e-01
5.002250000000000000e+11 1.017655446755400817e-01
5.004000000000000000e+11 9.480983871144610386e-02
5.005750000000000000e+11 6.245985653091609691e-02
5.007500000000000000e+11 9.706109788277637873e-02
5.009250000000000000e+11 1.137870902530075945e-01
5.011000000000000000e+11 1.091276377504194622e-01
5.012750000000000000e+11 1.132255457527097803e-01
5.014500000000000000e+11 1.277858227296720939e-01
5.016250000000000000e+11 1.247810600253427271e-01
5.018000000000000000e+11 1.146952228286354653e-01
5.019750000000000000e+11 1.122048162748723737e-01
5.021500000000000000e+11 1.094738694341055724e-01
5.023250000000000000e+11 1.246316750802154566e-01
5.025000000000000000e+11 1.095437921128302738e-01
5.026750000000000000e+11 9.795908997109495364e-02
5.028500000000000000e+11 5.864233433517906935e-02
5.030250000000000000e+11 1.015928294882152000e-01
5.032000000000000000e+11 6.879902790487847641e-02
5.033750000000000000e+11 7.674414618606845151e-02
5.035500000000000000e+11 6.423826244728313151e-02
5.037250000000000000e+11 1.098401034334844789e-01
5.039000000000000000e+11 1.158790061256456672e-01
5.040750000000000000e+11 1.225618126225311716e-01
5.042500000000000000e+11 1.071696037132361390e-01
5.044250000000000000e+11 1.176505961561688796e-01
5.046000000000000000e+11 1.163270114810122657e-01
5.047750000000000000e+11 9.694939352804032850e-02
5.049500000000000000e+11 8.452608236879061154e-02
5.051250000000000000e+11 7.947524784967177625e-02
5.053000000000000000e+11 1.136741393295463004e-01
5.054750000000000000e+11 1.146019140913286383e-01
5.056500000000000000e+11 1.130212994262176085e-01
5.058250000000000000e+11 1.092266482012526491e-01
5.060000000000000000e+11 1.005699050376617221e-01
5.061750000000000000e+11 1.100783481366103267e-01
5.063500000000000000e+11 1.048248682599706577e-01
5.065250000000000000e+11 8.598297585517331032e-02
5.067000000000000000e+11 1.186231884327362818e-01
5.068750000000000000e+11 1.146323261645147695e-01
5.070500000000000000e+11 1.102796972124367725e-01
5.072250000000000000e+11 1.055479004230405055e-01
5.074000000000000000e+11 1.060556903652312560e-01
5.075750000000000000e+11 8.663576444375664654e-02
5.077500000000000000e+11 8.339964577508070243e-02
5.079250000000000000e+11 9.229595875509946645e-02
5.081000000000000000e+11 1.030727763715331147e-01
5.082750000000000000e+11 1.185116811905646689e-01
5.084500000000000000e+11 1.212904109996360003e-01
5.086250000000000000e+11 1.057504980176756926e-01
5.088000000000000000e+11 1.166980249870556291e-01
5.089750000000000000e+11 1.218363271722772284e-01
5.091500000000000000e+11 1.102198155053625700e-01
5.093250000000000000e+11 9.310652998702310945e-02
5.095000000000000000e+11 1.153832651754844174e-01
5.096750000000000000e+11 1.075171996629246257e-01
5.098500000000000000e+11 1.101479179581555390e-01
5.100250000000000000e+11 1.051929873349401884e-01
5.102000000000000000e+11 1.096294031715630279e-01
5.103750000000000000e+11 9.981529096312569127e-02
5.105500000000000000e+11 1.003786531931175063e-01
5.107250000000000000e+11 8.716910930691978976e-02
5.109000000000000000e+11 8.831762505067669577e-02
5.110750000000000000e+11 1.332515461684017910e-01
5.112500000000000000e+11 1.183041622314214419e-01
5.114250000000000000e+11 1.125080287586781858e-01
5.116000000000000000e+11 1.101051600046994150e-01
5.117750000000000000e+11 1.149850043350098827e-01
5.119500000000000000e+11 1.110595910162030520e-01
5.121250000000000000e+11 8.101090666389620942e-02
5.123000000000000000e+11 8.712497967312103631e-02
5.124750000000000000e+11 9.474053107575855504e-02
5.126500000000000000e+11 1.155560492070748096e-01
5.128250000000000000e+11 1.154863502100337697e-01
5.130000000000000000e+11 1.128186380168299668e-01
5.131750000000000000e+11 9.274671387801845801e-02
5.133500000000000000e+11 1.127409207669864827e-01
5.135250000000000000e+11 9.140163281487086178e-02
5.137000000000000000e+11 8.848031300245522146e-02
5.138750000000000000e+11 1.057030592046838552e-01
5.140500000000000000e+11 1.113509248972713722e-01
5.142250000000000000e+11 1.247833633356428412e-01
5.144000000000000000e+11 1.148785490265606252e-01
5.145750000000000000e+11 9.399045159681534978e-02
5.147500000000000000e+11 9.950564499697407694e-02
5.149250000000000000e+11 8.824297726368079964e-02
5.151000000000000000e+11 8.376635300150299390e-02
5.152750000000000000e+11 1.015520671522704699e-01
5.154500000000000000e+11 1.254588630565298957e-01
5.156250000000000000e+11 1.120125385286444009e-01
5.158000000000000000e+11 1.165701563570449295e-01
5.159750000000000000e+11 1.206304013828974203e-01
5.161500000000000000e+11 1.099653259856335635e-01
5.163250000000000000e+11 1.111984684327148587e-01
5.165000000000000000e+11 8.208803717894518071e-02
5.166750000000000000e+11 9.199596609523429114e-02
5.168500000000000000e+11 1.141007765474878061e-01
5.170250000000000000e+11 1.338275052606964777e-01
5.172000000000000000e+11 1.104611478978580752e-01
5.173750000000000000e+11 9.651545507004330449e-02
5.175500000000000000e+11 1.004484166655037203e-01
5.177250000000000000e+11 1.082061832514596561e-01
5.179000000000000000e+11 8.586833899349886889e-02
5.180750000000000000e+11 9.451262680993914589e-02
5.182500000000000000e+11 1.113655870001499376e-01
5.184250000000000000e+11 1.056205921842896384e-01
5.186000000000000000e+11 1.076628103698017702e-01
5.187750000000000000e+11 1.204059885922972167e-01
5.189500000000000000e+11 1.065179877376991602e-01
5.191250000000000000e+11 1.012688704599968847e-01
5.193000000000000000e+11 1.006514795520659089e-01
5.194750000000000000e+11 9.763819213140184639e-02
5.196500000000000000e+11 9.585912081479346092e-02
5.198250000000000000e+11 1.233669768560026886e-01
5.200000000000000000e+11 1.129802912591382630e-01
5.201750000000000000e+11 1.020389956335534393e-01
5.203500000000000000e+11 1.025586350777186739e-01
5.205250000000000000e+11 1.088170834395160852e-01
5.207000000000000000e+11 9.433806100324489130e-02
5.208750000000000000e+11 7.600540615864644078e-02
5.210500000000000000e+11 9.995572736266149227e-02
5.212250000000000000e+11 1.093028528856204579e-01
5.214000000000000000e+11 1.193453006943661354e-01
5.215750000000000000e+11 1.142072779266163629e-01
5.217500000000000000e+11 1.097259408207812842e-01
5.219250000000000000e+11 1.108969318160748507e-01
5.221000000000000000e+11 1.119736834177559315e-01
5.222750000000000000e+11 9.991648675490084897e-02
5.224500000000000000e+11 9.350390577974380946e-02
5.226250000000000000e+11 1.095280887701150369e-01
5.228000000000000000e+11 1.023918514770622429e-01
5.229750000000000000e+11 9.989099915986345002e-02
5.231500000000000000e+11 9.946225580058014326e-02
5.233250000000000000e+11 1.022675532396949277e-01
5.235000000000000000e+11 9.803540743951642822e-02
5.236750000000000000e+11 9.199551254140954371e-02
5.238500000000000000e+11 8.853594419887823863e-02
5.240250000000000000e+11 1.101650328080206881e-01
5.242000000000000000e+11 1.232335229644381802e-01
5.243750000000000000e+11 1.117037517544575420e-01
5.245500000000000000e+11 1.016139451392022997e-01
5.247250000000000000e+11 9.582940925726245174e-02
5.249000000000000000e+11 9.897512880551409542e-02
5.250750000000000000e+11 9.519066283418760321e-02
5.252500000000000000e+11 8.305717206961868437e-02
5.254250000000000000e+11 8.806427269208946806e-02
5.256000000000000000e+11 9.302559025830295369e-02
5.257750000000000000e+11 1.103965682450148700e-01
5.259500000000000000e+11 1.114228279810918348e-01
5.261250000000000000e+11 1.032971772038168978e-01
5.263000000000000000e+11 1.091149303401528908e-01
5.264750000000000000e+11 1.123354946790960929e-01
5.266500000000000000e+11 9.411261656483445315e-02
5.268250000000000000e+11 1.063841758211368504e-01
5.270000000000000000e+11 1.167439286682358662e-01
5.271750000000000000e+11 1.031028628761704452e-01
5.273500000000000000e+11 9.797724925726662704e-02
5.275250000000000000e+11 8.641962444748357841e-02
5.277000000000000000e+11 9.132904156471237378e-02
5.278750000000000000e+11 9.599528959237624282e-02
5.280500000000000000e+11 8.190954209735919200e-02
5.282250000000000000e+11 7.224430320637882652e-02
5.284000000000000000e+11 1.054686935897690275e-01
5.285750000000000000e+11 1.160921749640890094e-01
5.287500000000000000e+11 1.128675289378745505e-01
5.289250000000000000e+11 1.093095367411556773e-01
5.291000000000000000e+11 1.144002228471513866e-01
5.292750000000000000e+11 1.114287725677898383e-01
5.294500000000000000e+11 1.100265964499504423e-01
5.296250000000000000e+11 8.606368382994965260e-02
5.298000000000000000e+11 9.578578222493558392e-02
5.299750000000000000e+11 1.120251541634505743e-01
5.301500000000000000e+11 1.093271437248823086e-01
5.303250000000000000e+11 9.269018300313133785e-02
5.305000000000000000e+11 9.524103563158602126e-02
5.306750000000000000e+11 9.008599564650536518e-02
5.308500000000000000e+11 1.019751709117050625e-01
5.310250000000000000e+11 7.529098212332868689e-02
5.312000000000000000e+11 1.064584405728933869e-01
5.313750000000000000e+11 1.231998294634268354e-01
5.315500000000000000e+11 1.045275336160985530e-01
5.317250000000000000e+11 1.077470300342428522e-01
5.319000000000000000e+11 1.130848536740826360e-01
5.320750000000000000e+11 1.027411953884354717e-01
5.322500000000000000e+11 9.110558510518045050e-02
5.324250000000000000e+11 8.691936270159243694e-02
5.326000000000000000e+11 7.410686389818850472e-02
5.327750000000000000e+11 1.072527733828430446e-01
5.329500000000000000e+11 1.167237179572944150e-01
5.331250000000000000e+11 9.388631657217373638e-02
5.333000000000000000e+11 9.324349233731341058e-02
5.334750000000000000e+11 1.033674637204640284e-01
5.336500000000000000e+11 1.078726966691150174e-01
5.338250000000000000e+11 9.404030947923484873e-02
5.340000000000000000e+11 8.283269903688224300e-02
5.341750000000000000e+11 9.983925004956506477e-02
5.343500000000000000e+11 9.818994679731371522e-02
5.345250000000000000e+11 1.043764474398289621e-01
5.347000000000000000e+11 1.056657881310923142e-01
5.348750000000000000e+11 9.196846750440923479e-02
5.350500000000000000e+11 8.645617310777414799e-02
5.352250000000000000e+11 8.818098201412241655e-02
5.354000000000000000e+11 7.869140241210526021e-02
5.355750000000000000e+11 1.004489504960962148e-01
5.357500000000000000e+11 1.049168298944561373e-01
5.359250000000000000e+11 9.908004006706697120e-02
5.361000000000000000e+11 9.936308265038085175e-02
5.362750000000000000e+11 1.025489300537378440e-01
5.364500000000000000e+11 1.045482782608434941e-01
5.366250000000000000e+11 9.603656065673650544e-02
5.368000000000000000e+11 8.970008707491110289e-02
5.369750000000000000e+11 6.717600364101231070e-02
5.371500000000000000e+11 1.004536258442188384e-01
5.373250000000000000e+11 9.397020730564474567e-02
5.375000000000000000e+11 9.302374950772165918e-02
5.376750000000000000e+11 9.748593854904614997e-02
5.378500000000000000e+11 8.976147553163020543e-02
5.380250000000000000e+11 8.900234697094927538e-02
5.382000000000000000e+11 9.195194269492491801e-02
5.383750000000000000e+11 9.639319490987535710e-02
5.385500000000000000e+11 9.563834794679912377e-02
5.387250000000000000e+11 1.002200090955225470e-01
5.389000000000000000e+11 9.814194412263015088e-02
5.390750000000000000e+11 1.007122792907853975e-01
5.392500000000000000e+11 9.288457934072447131e-02
5.394250000000000000e+11 9.131865579608836048e-02
5.396000000000000000e+11 8.889304093729603895e-02
5.397750000000000000e+11 6.403714804559525187e-02
5.399500000000000000e+11 8.780848549427411331e-02
5.401250000000000000e+11 9.545428492726604208e-02
5.403000000000000000e+11 1.002371646223068902e-01
5.404750000000000000e+11 9.787826004355534848e-02
5.406500000000000000e+11 8.904695136802846800e-02
5.408250000000000000e+11 8.743143613180057172e-02
5.410000000000000000e+11 9.530453137743408187e-02
5.411750000000000000e+11 8.911313806852132202e-02
5.413500000000000000e+11 6.585964426991827714e-02
5.415250000000000000e+11 9.378880804795076964e-02
5.417000000000000000e+11 1.060988314171466551e-01
5.418750000000000000e+11 9.229031353982086738e-02
5.420500000000000000e+11 8.028234057249987454e-02
5.422250000000000000e+11 8.926933453516960881e-02
5.424000000000000000e+11 8.932559866199384080e-02
5.425750000000000000e+11 7.568778546550082587e-02
5.427500000000000000e+11 8.160598762307948173e-02
5.429250000000000000e+11 8.731197201338417035e-02
5.431000000000000000e+11 9.473448929757199988e-02
5.432750000000000000e+11 9.996380068303725719e-02
5.434500000000000000e+11 9.625082599510770276e-02
5.436250000000000000e+11 9.289172497707606779e-02
5.438000000000000000e+11 8.426902533676865203e-02
5.439750000000000000e+11 9.101431993393090114e-02
5.441500000000000000e+11 7.227729013358975829e-02
5.443250000000000000e+11 8.815148071883115166e-02
5.445000000000000000e+11 1.009374367624444324e-01
5.446750000000000000e+11 8.232179093935537706e-02
5.448500000000000000e+11 8.135519807557027583e-02
5.450250000000000000e+11 9.068838478398820457e-02
5.452000000000000000e+11 7.146567814436574628e-02
5.453750000000000000e+11 8.079772477332339276e-02
5.455500000000000000e+11 8.992619009926267060e-02
5.457250000000000000e+11 7.212266286341115218e-02
5.459000000000000000e+11 7.866934143764925391e-02
5.460750000000000000e+11 9.692743871714729065e-02
5.462500000000000000e+11 9.087144461736773593e-02
5.464250000000000000e+11 7.879524766716357320e-02
5.466000000000000000e+11 8.855771061509667974e-02
5.467750000000000000e+11 8.993374695699492272e-02
5.469500000000000000e+11 7.121813085303142776e-02
5.471250000000000000e+11 6.960612410442271192e-02
5.473000000000000000e+11 8.148440779547513890e-02
5.474750000000000000e+11 8.118307341425555490e-02
5.476500000000000000e+11 8.341582445095092890e-02
5.478250000000000000e+11 7.849829546935277458e-02
5.480000000000000000e+11 7.341360877904733184e-02
5.481750000000000000e+11 6.812068203921266274e-02
5.483500000000000000e+11 6.754207686951103906e-02
5.485250000000000000e+11 7.276339052207193847e-02
5.487000000000000000e+11 7.272662885157747670e-02
5.488750000000000000e+11 8.277145112218581291e-02
5.490500000000000000e+11 9.352267119172599785e-02
5.492250000000000000e+11 1.011861710255052976e-01
5.494000000000000000e+11 8.315867610717771197e-02
5.495750000000000000e+11 7.146269259654393358e-02
5.497500000000000000e+11 7.761750475431471175e-02
5.499250000000000000e+11 7.652911180760214871e-02
5.501000000000000000e+11 7.292259910510989762e-02
5.502750000000000000e+11 7.019436002881843106e-02
5.504500000000000000e+11 8.708323171800740059e-02
5.506250000000000000e+11 7.315509930121250060e-02
5.508000000000000000e+11 7.395335409014459904e-02
5.509750000000000000e+11 7.676581796585600637e-02
5.511500000000000000e+11 6.735904349729678053e-02
5.513250000000000000e+11 8.428212752513182526e-02
5.515000000000000000e+11 7.654749096940641206e-02
5.516750000000000000e+11 7.524213283319462764e-02
5.518500000000000000e+11 8.725817578254037310e-02
5.520250000000000000e+11 8.731941213830184123e-02
5.522000000000000000e+11 7.685025612328166833e-02
5.523750000000000000e+11 6.112297937955128713e-02
5.525500000000000000e+11 1.028750231174948154e-01
5.527250000000000000e+11 7.828599065016068892e-02
5.529000000000000000e+11 5.063646868542581725e-02
5.530750000000000000e+11 7.471530129003121912e-02
5.532500000000000000e+11 8.385032812665151047e-02
5.534250000000000000e+11 5.589680114927082777e-02
5.536000000000000000e+11 7.468466495748367351e-02
5.537750000000000000e+11 5.810932624686449693e-02
5.539500000000000000e+11 6.847942167322437768e-02
5.541250000000000000e+11 8.156065852512098258e-02
5.543000000000000000e+11 8.634342812420384150e-02
5.544750000000000000e+11 6.294370465373788637e-02
5.546500000000000000e+11 1.142762347308885901e-01
5.548250000000000000e+11 1.073764062427942090e-01
5.550000000000000000e+11 6.091090666304136564e-02
5.551750000000000000e+11 9.653167859629346870e-02
5.553500000000000000e+11 9.862848861679980594e-02
5.555250000000000000e+11 7.992160274548790189e-02
5.557000000000000000e+11 4.802988738307782668e-02
5.558750000000000000e+11 1.000963583647283654e-02
5.560500000000000000e+11 8.393456701294027544e-02
5.562250000000000000e+11 1.138229665725524892e-01
5.564000000000000000e+11 8.394308711432750536e-02
5.565750000000000000e+11 1.315640785979725058e-01
5.567500000000000000e+11 1.578935814700579143e-01
5.569250000000000000e+11 1.996316358491516119e-01
5.571000000000000000e+11 1.246002860574423748e-01
5.572750000000000000e+11 8.445080369015607602e-02
5.574500000000000000e+11 3.914224465687168864e-02
5.576250000000000000e+11 2.017805054256323061e-01
5.578000000000000000e+11 1.550112882136193415e-01
5.579750000000000000e+11 1.115609624347726897e-01
5.581500000000000000e+11 1.600700372151879214e-01
5.583250000000000000e+11 5.803849415036079623e-02
5.585000000000000000e+11 1.081805915160952425e-01
5.586750000000000000e+11 6.015055645519500060e-02
5.588500000000000000e+11 1.168437337725477115e-01
5.590250000000000000e+11 1.296760740793614086e-01
5.592000000000000000e+11 6.060358777951462689e-02
5.593750000000000000e+11 9.781893201973419771e-02
5.595500000000000000e+11 7.871804994347933460e-02
5.597250000000000000e+11 6.551667869732595573e-02
5.599000000000000000e+11 6.558400561981500565e-02
5.600750000000000000e+11 7.541940368261672301e-02
5.602500000000000000e+11 6.471696313947414292e-02
5.604250000000000000e+11 8.599997329707846638e-02
5.606000000000000000e+11 8.400347434899579913e-02
5.607750000000000000e+11 6.090668182902061328e-02
5.609500000000000000e+11 8.050312893918525059e-02
5.611250000000000000e+11 8.013144479448346125e-02
5.613000000000000000e+11 8.059838682824482792e-02
5.614750000000000000e+11 8.587048515416541294e-02
5.616500000000000000e+11 7.535948151501689618e-02
5.618250000000000000e+11 7.975698954454259193e-02
5.620000000000000000e+11 9.179859921054819849e-02
5.621750000000000000e+11 8.674854683495714092e-02
5.623500000000000000e+11 8.360863474224743130e-02
5.625250000000000000e+11 8.298175432549662056e-02
5.627000000000000000e+11 7.847426811194961604e-02
5.628750000000000000e+11 8.101139716344468722e-02
5.630500000000000000e+11 9.978223315154007012e-02
5.632250000000000000e+11 8.782255490342021076e-02
5.634000000000000000e+11 8.583365474865072009e-02
5.635750000000000000e+11 8.759058349415858868e-02
5.637500000000000000e+11 6.905767577517130107e-02
5.639250000000000000e+11 7.406520149466268299e-02
5.641000000000000000e+11 8.399730502349432582e-02
5.642750000000000000e+11 8.710354591534605340e-02
5.644500000000000000e+11 8.007992629828260267e-02
5.646250000000000000e+11 9.177277204002746991e-02
5.648000000000000000e+11 9.482624777159008589e-02
5.649750000000000000e+11 7.775249330759917421e-02
5.651500000000000000e+11 8.777219123152341096e-02
5.653250000000000000e+11 8.781538811248100485e-02
5.655000000000000000e+11 7.993388325263878214e-02
5.656750000000000000e+11 7.764468249940925659e-02
5.658500000000000000e+11 9.448464695617855846e-02
5.660250000000000000e+11 9.796967120217883740e-02
5.662000000000000000e+11 8.298837918103051103e-02
5.663750000000000000e+11 9.537132615609052178e-02
5.665500000000000000e+11 8.880565391878258996e-02
5.667250000000000000e+11 8.350932408316731614e-02
5.669000000000000000e+11 8.949463834387280659e-02
5.670750000000000000e+11 7.998492612283740477e-02
5.672500000000000000e+11 8.455116112463591238e-02
5.674250000000000000e+11 9.909248034152041973e-02
5.676000000000000000e+11 1.083730701406163538e-01
5.677750000000000000e+11 8.498734597077753361e-02
5.679500000000000000e+11 9.986467474571704417e-02
5.681250000000000000e+11 1.004057349701770047e-01
5.683000000000000000e+11 8.163094565854327189e-02
5.684750000000000000e+11 7.988669183512747685e-02
5.686500000000000000e+11 9.740678392208067249e-02
5.688250000000000000e+11 9.766321355986555541e-02
5.690000000000000000e+11 9.586757589866429230e-02
5.691750000000000000e+11 9.374908583905200432e-02
5.693500000000000000e+11 8.237881974243871364e-02
5.695250000000000000e+11 9.242226253646103340e-02
5.697000000000000000e+11 9.886078622182656317e-02
5.698750000000000000e+11 8.835868235902123724e-02
5.700500000000000000e+11 8.018249169198858606e-02
5.702250000000000000e+11 1.058566236451933262e-01
5.704000000000000000e+11 1.091538590931209335e-01
5.705750000000000000e+11 9.855998312994676547e-02
5.707500000000000000e+11 1.067921976102029907e-01
5.709250000000000000e+11 9.679610494755991335e-02
5.711000000000000000e+11 8.866793590010221826e-02
5.712750000000000000e+11 9.185043070644673124e-02
5.714500000000000000e+11 8.656023358739928231e-02
5.716250000000000000e+11 9.532036555067269212e-02
5.718000000000000000e+11 1.063075293724865811e-01
5.719750000000000000e+11 1.018567058819074972e-01
5.721500000000000000e+11 9.458341275200182752e-02
5.723250000000000000e+11 9.334200346283358374e-02
5.725000000000000000e+11 1.011746987593979408e-01
5.726750000000000000e+11 1.014826979143242797e-01
5.728500000000000000e+11 8.493272439849841593e-02
5.730250000000000000e+11 1.007259167427018570e-01
5.732000000000000000e+11 1.043777586634836441e-01
5.733750000000000000e+11 9.906454734571339127e-02
5.735500000000000000e+11 1.004695469321103402e-01
5.737250000000000000e+11 9.507070797215440294e-02
5.739000000000000000e+11 1.025025302514939451e-01
5.740750000000000000e+11 1.088335915491271261e-01
5.742500000000000000e+11 8.970336414454189999e-02
5.744250000000000000e+11 7.844452965025476565e-02
5.746000000000000000e+11 1.011137388214311955e-01
5.747750000000000000e+11 1.129149499641990961e-01
5.749500000000000000e+11 1.041370687057990574e-01
5.751250000000000000e+11 1.017593492353131845e-01
5.753000000000000000e+11 9.963172521842007801e-02
5.754750000000000000e+11 8.556153083859882602e-02
5.756500000000000000e+11 9.513388950981008230e-02
5.758250000000000000e+11 8.495542815983604668e-02
5.760000000000000000e+11 8.330558781676111746e-02
5.761750000000000000e+11 1.134262326958526551e-01
5.763500000000000000e+11 1.180923488333010390e-01
5.765250000000000000e+11 9.900634428164976908e-02
5.767000000000000000e+11 9.357932039177747907e-02
5.768750000000000000e+11 9.916985876774496445e-02
5.770500000000000000e+11 9.789612416891259328e-02
5.772250000000000000e+11 7.771241414517529589e-02
5.774000000000000000e+11 1.126959318165445673e-01
5.775750000000000000e+11 1.081407728396805573e-01
5.777500000000000000e+11 1.068623880915514773e-01
5.779250000000000000e+11 1.095336323853468297e-01
5.781000000000000000e+11 1.102545401386962332e-01
5.782750000000000000e+11 9.514454919989137616e-02
5.784500000000000000e+11 8.926766745572956019e-02
5.786250000000000000e+11 9.280530273926401730e-02
5.788000000000000000e+11 8.330326623660901098e-02
5.789750000000000000e+11 9.924523155186237844e-02
5.791500000000000000e+11 1.145119273758755662e-01
5.793250000000000000e+11 1.317507680242865908e-01
5.795000000000000000e+11 1.009057593163173727e-01
5.796750000000000000e+11 9.082979663795098801e-02
5.798500000000000000e+11 1.130424092490748406e-01
5.800250000000000000e+11 9.586918096337208872e-02
5.802000000000000000e+11 9.510259146747200576e-02
5.803750000000000000e+11 1.210661461579396331e-01
5.805500000000000000e+11 1.078391326056794691e-01
5.807250000000000000e+11 1.103026241770422994e-01
5.809000000000000000e+11 6.646041565116761474e-02
5.810750000000000000e+11 1.045540548217412102e-01
5.812500000000000000e+11 1.157634290116809489e-01
5.814250000000000000e+11 1.276821787751201698e-01
5.816000000000000000e+11 8.074798521292934905e-02
5.817750000000000000e+11 1.321433716883293752e-01
5.819500000000000000e+11 1.362228456870254178e-01
5.821250000000000000e+11 1.097836690556289879e-01
5.823000000000000000e+11 1.332774993412540188e-01
5.824750000000000000e+11 8.472505616614768587e-02
5.826500000000000000e+11 1.104758401929201300e-01
5.828250000000000000e+11 1.027253169427283785e-01
5.830000000000000000e+11 1.241300163694951525e-01
5.831750000000000000e+11 7.412011042436737751e-02
5.833500000000000000e+11 1.275635395845426678e-01
5.835250000000000000e+11 1.035705475578527213e-01
5.837000000000000000e+11 1.222813459314906342e-01
5.838750000000000000e+11 1.219068750812225960e-01
5.840500000000000000e+11 1.107040988451844510e-01
5.842250000000000000e+11 1.187535991333150548e-01
5.844000000000000000e+11 1.179740777128598511e-01
5.845750000000000000e+11 1.080095512684543929e-01
5.847500000000000000e+11 9.463302261934997128e-02
5.849250000000000000e+11 1.243079153809910908e-01
5.851000000000000000e+11 9.548272576012641066e-02
5.852750000000000000e+11 1.108746654042076368e-01
5.854500000000000000e+11 1.251408471624145258e-01
5.856250000000000000e+11 9.391750826689181098e-02
5.858000000000000000e+11 1.200133578180878208e-01
5.859750000000000000e+11 9.479198672298913553e-02
5.861500000000000000e+11 9.789556194155824009e-02
5.863250000000000000e+11 1.049072451248025117e-01
5.865000000000000000e+11 1.401939474189499157e-01
5.866750000000000000e+11 8.798509745427678108e-02
5.868500000000000000e+11 9.616376419140848508e-02
5.870250000000000000e+11 1.193725650587085657e-01
5.872000000000000000e+11 1.099219263173975558e-01
5.873750000000000000e+11 1.006201221044706051e-01
5.875500000000000000e+11 7.060519704375708971e-02
5.877250000000000000e+11 1.174713071272755066e-01
5.879000000000000000e+11 1.161348341341416346e-01
5.880750000000000000e+11 1.150994958694857156e-01
5.882500000000000000e+11 9.162217779272720242e-02
5.884250000000000000e+11 1.043405188137692952e-01
5.886000000000000000e+11 7.951926704039848082e-02
5.887750000000000000e+11 1.083263403477153913e-01
5.889500000000000000e+11 9.469465636711016376e-02
5.891250000000000000e+11 1.201774568849195840e-01
5.893000000000000000e+11 1.316529117823670714e-01
5.894750000000000000e+11 1.183943752587231502e-01
5.896500000000000000e+11 1.253528072278058403e-01
5.898250000000000000e+11 1.088066464086893947e-01
5.900000000000000000e+11 1.192798419349988120e-01
5.901750000000000000e+11 1.043108611228813626e-01
5.903500000000000000e+11 9.144841312873845662e-02
5.905250000000000000e+11 9.952117780731342678e-02
5.907000000000000000e+11 9.208578156022616257e-02
5.908750000000000000e+11 1.142215163909478387e-01
5.910500000000000000e+11 1.342601527845048992e-01
5.912250000000000000e+11 1.057136480618736801e-01
5.914000000000000000e+11 7.285961073166538626e-02
5.915750000000000000e+11 6.038513731904400494e-02
5.917500000000000000e+11 1.042558350867641564e-01
5.919250000000000000e+11 1.027634987660552834e-01
5.921000000000000000e+11 1.162222290918478035e-01
5.922750000000000000e+11 1.289253387625801384e-01
5.924500000000000000e+11 1.279142616504227448e-01
5.926250000000000000e+11 1.244735069488091123e-01
5.928000000000000000e+11 1.092670108797803852e-01
5.929750000000000000e+11 6.561160215704912868e-02
5.931500000000000000e+11 9.828217741576757149e-02
5.933250000000000000e+11 7.613226198736956774e-02
5.935000000000000000e+11 1.293900835187389020e-01
5.936750000000000000e+11 1.378882538453173323e-01
5.938500000000000000e+11 1.138379287932704681e-01
5.940250000000000000e+11 1.058277800596589963e-01
5.942000000000000000e+11 8.465336428421928183e-02
5.943750000000000000e+11 1.105477144342980056e-01
5.945500000000000000e+11 1.083109163286264526e-01
5.947250000000000000e+11 1.053541020290917063e-01
5.949000000000000000e+11 1.134548642368649468e-01
5.950750000000000000e+11 1.050339720356977952e-01
5.952500000000000000e+11 1.367488992074033238e-01
5.954250000000000000e+11 1.213369484147017868e-01
5.956000000000000000e+11 1.060529831022097719e-01
5.957750000000000000e+11 1.237123020850296740e-01
5.959500000000000000e+11 9.640081749177457915e-02
5.961250000000000000e+11 7.607163818909400133e-02
5.963000000000000000e+11 1.350445030536987778e-01
5.964750000000000000e+11 1.469493086724371345e-01
5.966500000000000000e+11 1.060121693394000253e-01
5.968250000000000000e+11 1.210924309296411844e-01
5.970000000000000000e+11 1.057177984992323100e-01
5.971750000000000000e+11 1.047182451757182886e-01
5.973500000000000000e+11 1.039103604211500109e-01
5.975250000000000000e+11 8.114725203238462581e-02
5.977000000000000000e+11 7.480983033563548545e-02
5.978750000000000000e+11 1.174575909854546490e-01
5.980500000000000000e+11 1.344342065196673097e-01
5.982250000000000000e+11 1.019964433341618015e-01
5.984000000000000000e+11 1.128976551257881988e-01
5.985750000000000000e+11 1.129547099822770101e-01
5.987500000000000000e+11 1.164275696254569448e-01
5.989250000000000000e+11 9.000700641300782290e-02
5.991000000000000000e+11 1.034920752181145986e-01
5.992750000000000000e+11 1.137148376973532576e-01
5.994500000000000000e+11 1.051324427162903530e-01
5.996250000000000000e+11 1.111463263392123008e-01
5.998000000000000000e+11 1.063630859294252551e-01
5.999750000000000000e+11 1.068518224205046580e-01
6.001500000000000000e+11 1.141775353591201192e-01
6.003250000000000000e+11 1.234599332168460351e-01
6.005000000000000000e+11 7.804909392952030789e-02
6.006750000000000000e+11 6.238610451446001404e-02
6.008500000000000000e+11 1.169360111885541093e-01
6.010250000000000000e+11 1.178336933784630974e-01
6.012000000000000000e+11 1.399131446543968593e-01
6.013750000000000000e+11 1.060316080009124778e-01
6.015500000000000000e+11 1.113993674672242445e-01
6.017250000000000000e+11 1.233711440715701962e-01
6.019000000000000000e+11 1.287696126444397848e-01
6.020750000000000000e+11 8.771086415097767430e-02
6.022500000000000000e+11 9.474055427481793690e-02
6.024250000000000000e+11 1.222823951046101143e-01
6.026000000000000000e+11 1.081445741364407132e-01
6.027750000000000000e+11 1.197146468525588370e-01
6.029500000000000000e+11 1.044342301519847749e-01
6.031250000000000000e+11 1.148427226795648015e-01
6.033000000000000000e+11 6.123979784668918958e-02
6.034750000000000000e+11 1.030960274746494237e-01
6.036500000000000000e+11 6.225442689023017590e-02
6.038250000000000000e+11 1.410689551953215604e-01
6.040000000000000000e+11 1.217770890572688058e-01
6.041750000000000000e+11 1.453730822868586348e-01
6.043500000000000000e+11 9.864744349518543565e-02
6.045250000000000000e+11 1.202097461148578794e-01
6.047000000000000000e+11 1.033287783146315669e-01
6.048750000000000000e+11 9.840091465552483485e-02
6.050500000000000000e+11 1.312473398010981507e-01
6.052250000000000000e+11 1.233328090520412479e-01
6.054000000000000000e+11 9.576554218837864119e-02
6.055750000000000000e+11 8.711511916354643115e-02
6.057500000000000000e+11 1.084829727220238821e-01
6.059250000000000000e+11 9.514836397012281510e-02
6.061000000000000000e+11 8.087032235135688252e-02
6.062750000000000000e+11 7.674984162653875064e-02
6.064500000000000000e+11 9.090228732250529853e-02
6.066250000000000000e+11 1.246740377545087763e-01
6.068000000000000000e+11 1.394499409891421793e-01
6.069750000000000000e+11 1.231909757650168913e-01
6.071500000000000000e+11 9.400966648184742869e-02
6.073250000000000000e+11 1.199807651463252883e-01
6.075000000000000000e+11 9.948844468978465527e-02
6.076750000000000000e+11 1.306558842269401055e-01
6.078500000000000000e+11 9.177113399750802536e-02
6.080250000000000000e+11 6.363214548006913829e-02
6.082000000000000000e+11 1.054814885885448916e-01
6.083750000000000000e+11 1.011894210218362150e-01
6.085500000000000000e+11 9.072249505681120874e-02
6.087250000000000000e+11 1.001567599107417300e-01
6.089000000000000000e+11 1.410295014262354374e-01
6.090750000000000000e+11 9.989812705977019203e-02
6.092500000000000000e+11 8.173325902796850506e-02
6.094250000000000000e+11 1.112326027770606518e-01
6.096000000000000000e+11 1.712586502224828222e-01
6.097750000000000000e+11 1.188354610942545103e-01
6.099500000000000000e+11 1.247004112475988830e-01
6.101250000000000000e+11 9.275760626228181371e-02
6.103000000000000000e+11 1.157508594638355925e-01
6.104750000000000000e+11 8.499406323561203846e-02
6.106500000000000000e+11 9.285351788541759688e-02
6.108250000000000000e+11 1.095713963577116812e-01
6.110000000000000000e+11 6.973539510964694987e-02
6.111750000000000000e+11 1.079655163999450329e-01
6.113500000000000000e+11 1.171847313837584559e-01
6.115250000000000000e+11 1.360076158997448048e-01
6.117000000000000000e+11 1.186422728637482188e-01
6.118750000000000000e+11 7.232998529076024863e-02
6.120500000000000000e+11 8.766624387360187620e-02
6.122250000000000000e+11 1.110570495059944318e-01
6.124000000000000000e+11 1.167879239939847019e-01
6.125750000000000000e+11 1.237651999490489985e-01
6.127500000000000000e+11 1.277139031681970849e-01
6.129250000000000000e+11 1.176643166053143591e-01
6.131000000000000000e+11 9.618680908852290934e-02
6.132750000000000000e+11 1.299318348550272118e-01
6.134500000000000000e+11 1.132652181504637812e-01
6.136250000000000000e+11 7.577122869396053784e-02
6.138000000000000000e+11 5.024959641096601176e-02
6.139750000000000000e+11 1.225002710193763417e-01
6.141500000000000000e+11 1.414226612971754837e-01
6.143250000000000000e+11 1.342587659277266754e-01
6.145000000000000000e+11 7.501594272077197201e-02
6.146750000000000000e+11 6.934486139310253039e-02
6.148500000000000000e+11 9.094602886381658591e-02
6.150250000000000000e+11 8.421412884489559714e-02
6.152000000000000000e+11 1.097451097920748991e-01
6.153750000000000000e+11 1.169605904525283652e-01
6.155500000000000000e+11 1.157744068140984517e-01
6.157250000000000000e+11 1.218174071450003615e-01
6.159000000000000000e+11 1.123272880840863880e-01
6.160750000000000000e+11 1.019718472589821456e-01
6.162500000000000000e+11 1.030192300853751547e-01
6.164250000000000000e+11 8.479847902681562910e-02
6.166000000000000000e+11 1.273268311362782401e-01
6.167750000000000000e+11 1.080077271302886943e-01
6.169500000000000000e+11 1.006485779965623911e-01
6.171250000000000000e+11 9.953468945865519280e-02
6.173000000000000000e+11 1.027883663058287850e-01
6.174750000000000000e+11 1.116324539316542880e-01
6.176500000000000000e+11 1.288589208467477709e-01
6.178250000000000000e+11 1.205432307361295752e-01
6.180000000000000000e+11 1.128817896589012354e-01
6.181750000000000000e+11 9.893886333412267586e-02
6.183500000000000000e+11 1.091148895312409189e-01
6.185250000000000000e+11 7.684606652981523789e-02
6.187000000000000000e+11 1.121630519542672344e-01
6.188750000000000000e+11 1.353968929730551551e-01
6.190500000000000000e+11 8.773942546543331278e-02
6.192250000000000000e+11 1.276438666064269312e-01
6.194000000000000000e+11 1.108794756765287270e-01
6.195750000000000000e+11 7.955807107795652422e-02
6.197500000000000000e+11 9.664691214336393332e-02
6.199250000000000000e+11 1.045475983870103598e-01
6.201000000000000000e+11 1.375646941355069541e-01
6.202750000000000000e+11 7.511653869658309335e-02
6.204500000000000000e+11 1.192388223297332905e-01
6.206250000000000000e+11 1.207550190936907547e-01
6.208000000000000000e+11 9.457771792719003867e-02
6.209750000000000000e+11 5.771132050942582442e-02
6.211500000000000000e+11 1.231537735796315453e-01
6.213250000000000000e+11 1.036161894679231144e-01
6.215000000000000000e+11 1.270162452204091630e-01
6.216750000000000000e+11 9.661802846698751279e-02
6.218500000000000000e+11 1.204122299837045162e-01
6.220250000000000000e+11 1.233296134916738590e-01
6.222000000000000000e+11 1.305113860789317293e-01
6.223750000000000000e+11 8.589482476766766017e-02
6.225500000000000000e+11 1.121282267635068941e-01
6.227250000000000000e+11 8.232812476645216815e-02
6.229000000000000000e+11 9.718416928668763277e-02
6.230750000000000000e+11 1.299304921018008541e-01
6.232500000000000000e+11 1.050123522950376781e-01
6.234250000000000000e+11 1.018928986777842827e-01
6.236000000000000000e+11 6.031994965648089513e-02
6.237750000000000000e+11 5.456994247567825695e-02
6.239500000000000000e+11 8.678851145769816977e-02
6.241250000000000000e+11 1.367079224419297800e-01
6.243000000000000000e+11 9.186912184726660213e-02
6.244750000000000000e+11 1.349316415051373674e-01
6.246500000000000000e+11 1.323420765895806372e-01
6.248250000000000000e+11 1.298392298494485120e-01
6.250000000000000000e+11 9.623061758775668106e-02
6.251750000000000000e+11 9.284055253928648332e-02
6.253500000000000000e+11 1.021482174587748509e-01
6.255250000000000000e+11 8.987937686890651312e-02
6.257000000000000000e+11 8.614769779863584720e-02
6.258750000000000000e+11 8.279816600027195550e-02
6.260500000000000000e+11 7.474754861679140661e-02
6.262250000000000000e+11 7.860956608960723013e-02
6.264000000000000000e+11 9.809820189078261032e-02
6.265750000000000000e+11 9.182860942906878599e-02
6.267500000000000000e+11 9.602108916716056708e-02
6.269250000000000000e+11 1.419896971406609809e-01
6.271000000000000000e+11 1.077569265635799495e-01
6.272750000000000000e+11 1.274765212998560659e-01
6.274500000000000000e+11 1.208078544429383727e-01
6.276250000000000000e+11 1.124874968681692511e-01
6.278000000000000000e+11 1.083024144602617034e-01
6.279750000000000000e+11 1.249133521756994047e-01
6.281500000000000000e+11 7.869219450257648740e-02
6.283250000000000000e+11 1.013249331663965136e-01
6.285000000000000000e+11 1.034823329482932180e-01
6.286750000000000000e+11 7.151825629967317743e-02
6.288500000000000000e+11 1.046156933884350854e-01
6.290250000000000000e+11 8.037423283678658825e-02
6.292000000000000000e+11 1.220796514644398312e-01
6.293750000000000000e+11 1.322103109051175063e-01
6.295500000000000000e+11 1.073873782039560104e-01
6.297250000000000000e+11 1.132351220820387860e-01
6.299000000000000000e+11 1.414400867560435815e-01
6.300750000000000000e+11 9.486335009410941377e-02
6.302500000000000000e+11 9.973793632217554939e-02
6.304250000000000000e+11 1.121831032724917993e-01
6.306000000000000000e+11 8.899246457618564810e-02
6.307750000000000000e+11 1.024188119932444296e-01
6.309500000000000000e+11 1.021682633432668269e-01
6.311250000000000000e+11 9.758046100343162332e-02
6.313000000000000000e+11 1.176422445228104963e-01
6.314750000000000000e+11 9.131717538836479908e-02
6.316500000000000000e+11 1.159164439585086276e-01
6.318250000000000000e+11 9.228690475922325664e-02
6.320000000000000000e+11 9.690925367119375411e-02
6.321750000000000000e+11 9.416777405926503308e-02
6.323500000000000000e+11 7.670891888660755220e-02
6.325250000000000000e+11 9.855357786054512459e-02
6.327000000000000000e+11 9.771507565741720247e-02
6.328750000000000000e+11 9.665093165151730781e-02
6.330500000000000000e+11 8.985663483411421293e-02
6.332250000000000000e+11 1.207189533361540945e-01
6.334000000000000000e+11 1.128964097258269433e-01
6.335750000000000000e+11 1.090582421188801693e-01
6.337500000000000000e+11 1.164993644507150705e-01
6.339250000000000000e+11 9.406228641832162229e-02
6.341000000000000000e+11 1.051312559414636361e-01
6.342750000000000000e+11 1.191300941506247130e-01
6.344500000000000000e+11 7.081136882588209835e-02
6.346250000000000000e+11 1.519677840378024503e-01
6.348000000000000000e+11 5.970111258615617977e-02
6.349750000000000000e+11 9.118435484447394435e-02
6.351500000000000000e+11 1.060977200120301472e-01
6.353250000000000000e+11 7.690034422222050137e-02
6.355000000000000000e+11 1.033516677613636053e-01
6.356750000000000000e+11 1.230844394197456587e-01
6.358500000000000000e+11 1.323450753010131375e-01
6.360250000000000000e+11 1.167874208271083569e-01
6.362000000000000000e+11 1.233541929343625609e-01
6.363750000000000000e+11 1.039273221906794470e-01
6.365500000000000000e+11 9.767309241682020637e-02
6.367250000000000000e+11 1.413557061951363492e-01
6.369000000000000000e+11 9.790236147634119590e-02
6.370750000000000000e+11 1.121099182216539619e-01
6.372500000000000000e+11 1.091722933259319933e-01
6.374250000000000000e+11 1.303954896936918018e-01
6.376000000000000000e+11 9.454795415555262983e-02
6.377750000000000000e+11 6.927544655761795622e-02
6.379500000000000000e+11 9.213062498303696557e-02
6.381250000000000000e+11 6.820786682387711131e-02
6.383000000000000000e+11 7.988333346570986038e-02
6.384750000000000000e+11 7.138449434263685611e-02
6.386500000000000000e+11 1.256070324966570839e-01
6.388250000000000000e+11 1.138298462664029120e-01
6.390000000000000000e+11 8.593180604142020007e-02
6.391750000000000000e+11 1.060925481820117061e-01
6.393500000000000000e+11 8.551141088535860191e-02
6.395250000000000000e+11 1.297699153556214069e-01
6.397000000000000000e+11 6.677602622670894550e-02
6.398750000000000000e+11 9.139571718150338309e-02
6.400500000000000000e+11 1.218687742526931850e-01
6.402250000000000000e+11 9.894532869953481802e-02
6.404000000000000000e+11 1.054198752275246898e-01
6.405750000000000000e+11 1.032515708823269207e-01
6.407500000000000000e+11 1.142762315919914617e-01
6.409250000000000000e+11 9.088731022051765862e-02
6.411000000000000000e+11 7.733909340874374483e-02
6.412750000000000000e+11 9.880765782591778568e-02
6.414500000000000000e+11 1.149893413372903017e-01
6.416250000000000000e+11 1.102705832209727593e-01
6.418000000000000000e+11 1.072073187419147616e-01
6.419750000000000000e+11 1.081351366568828881e-01
6.421500000000000000e+11 5.751429376840303670e-02
6.423250000000000000e+11 5.257996972325471724e-02
6.425000000000000000e+11 1.084635931235719275e-01
6.426750000000000000e+11 8.895239315818927184e-02
6.428500000000000000e+11 8.488568836578459786e-02
6.430250000000000000e+11 1.239525923418954428e-01
6.432000000000000000e+11 1.219167737961731196e-01
6.433750000000000000e+11 8.988108967821240025e-02
6.435500000000000000e+11 4.469573757104968598e-02
6.437250000000000000e+11 9.107456939020469600e-02
6.439000000000000000e+11 4.639524184377448457e-02
6.440750000000000000e+11 5.980843490961518932e-02
6.442500000000000000e+11 9.148139274452267433e-02
6.444250000000000000e+11 1.219394852976688204e-01
6.446000000000000000e+11 7.184897710593629583e-02
6.447750000000000000e+11 6.933098856805529342e-02
6.449500000000000000e+11 5.729497890288034329e-02
6.451250000000000000e+11 9.991130162429992523e-02
6.453000000000000000e+11 7.928441758222905256e-02
6.454750000000000000e+11 5.764142227119629924e-02
6.456500000000000000e+11 9.040089813578908173e-02
6.458250000000000000e+11 1.020617913602958060e-01
6.460000000000000000e+11 1.020535843335212967e-01
6.461750000000000000e+11 8.981392779304374352e-02
6.463500000000000000e+11 8.754937224795823758e-02
6.465250000000000000e+11 8.051893278254836084e-02
6.467000000000000000e+11 4.390626903977545153e-02
6.468750000000000000e+11 1.094773249511846458e-01
6.470500000000000000e+11 1.785876308602519016e-02
6.472250000000000000e+11 1.018945601140919255e-01
6.474000000000000000e+11 5.059354268200191851e-02
6.475750000000000000e+11 5.984035932318589740e-02
6.477500000000000000e+11 1.060611119150031978e-01
6.479250000000000000e+11 6.300942925372071679e-02
6.481000000000000000e+11 6.140245820855204373e-02
6.482750000000000000e+11 7.207649117519907001e-02
6.484500000000000000e+11 7.288759190509347397e-02
6.486250000000000000e+11 6.083524739568008100e-02
6.488000000000000000e+11 1.192021107827253013e-01
6.489750000000000000e+11 7.729868134244013977e-02
6.491500000000000000e+11 1.065095098487975900e-01
6.493250000000000000e+11 8.983356571023688730e-02
6.495000000000000000e+11 5.733231870990601609e-02
6.496750000000000000e+11 1.011747818915498670e-01
6.498500000000000000e+11 1.096797593538227644e-01
6.500250000000000000e+11 1.059455248687215800e-01
6.502000000000000000e+11 7.094517649553354344e-02
6.503750000000000000e+11 1.016206468329341750e-01
6.505500000000000000e+11 4.129823848024815475e-02
6.507250000000000000e+11 3.665261009434437472e-02
6.509000000000000000e+11 3.662933603303125674e-02
6.510750000000000000e+11 1.198678677750550509e-01
6.512500000000000000e+11 6.135198373494462482e-02
6.514250000000000000e+11 5.542789356874277401e-02
6.516000000000000000e+11 5.146834563388200112e-02
6.517750000000000000e+11 1.097894308099623406e-01
6.519500000000000000e+11 2.697399202629768497e-02
6.521250000000000000e+11 1.872437343510708063e-01
6.523000000000000000e+11 8.039537542265642878e-02
6.524750000000000000e+11 1.132650201353322811e-01
6.526500000000000000e+11 1.595997600341262923e-01
6.528250000000000000e+11 1.312957300308300879e-01
6.530000000000000000e+11 1.053714288268103594e-01
6.531750000000000000e+11 8.061577820621200485e-02
6.533500000000000000e+11 7.695798004513687562e-02
6.535250000000000000e+11 1.028163280602042290e-01
6.537000000000000000e+11 6.589355784059043597e-02
6.538750000000000000e+11 8.985667444794435965e-02
6.540500000000000000e+11 5.220388546348961323e-02
6.542250000000000000e+11 4.728920811306576433e-02
6.544000000000000000e+11 7.284450706652452479e-02
6.545750000000000000e+11 1.452708556600102174e-01
6.547500000000000000e+11 8.645571686131466038e-02
6.549250000000000000e+11 9.056721650880585062e-02
6.551000000000000000e+11 1.146610874912653705e-01
6.552750000000000000e+11 6.469951963499827319e-02
6.554500000000000000e+11 3.406215866186207419e-02
6.556250000000000000e+11 6.005812285236528797e-02
6.558000000000000000e+11 3.458376342661969444e-02
6.559750000000000000e+11 7.626593521505678486e-02
6.561500000000000000e+11 1.166728951415906823e-01
6.563250000000000000e+11 1.075025048070131217e-01
6.565000000000000000e+11 9.813224670765952062e-02
6.566750000000000000e+11 1.019429745637428775e-01
6.568500000000000000e+11 6.497883233785975432e-02
6.570250000000000000e+11 1.008550833826392934e-01
6.572000000000000000e+11 5.712924891125013144e-02
6.573750000000000000e+11 7.058420866285715356e-02
6.575500000000000000e+11 1.209517629476137973e-01
6.577250000000000000e+11 7.438922992462157491e-02
6.579000000000000000e+11 8.969880887202690001e-02
6.580750000000000000e+11 9.402142904469426576e-02
6.582500000000000000e+11 8.800095510206795701e-02
6.584250000000000000e+11 1.057866366816815756e-01
6.586000000000000000e+11 3.552932795387332005e-02
6.587750000000000000e+11 4.477268353702104631e-02
6.589500000000000000e+11 5.160989281990789601e-02
6.591250000000000000e+11 6.141553953172483593e-02
6.593000000000000000e+11 1.309145403700712196e-01
6.594750000000000000e+11 1.561975968081718291e-01
6.596500000000000000e+11 1.785557426210198362e-01
6.598250000000000000e+11 1.302964187249609773e-01
6.600000000000000000e+11 1.873927060011408019e-01
6.601750000000000000e+11 3.002481957384783851e-02
6.603500000000000000e+11 7.183822275772039356e-02
6.605250000000000000e+11 6.334623031901541468e-02
6.607000000000000000e+11 6.740309159732726929e-02
6.608750000000000000e+11 1.279741281264439867e-01
6.610500000000000000e+11 2.861854935431018890e-02
6.612250000000000000e+11 1.300638248060601299e-01
6.614000000000000000e+11 1.313811294890678549e-01
6.615750000000000000e+11 4.311574780911522908e-02
6.617500000000000000e+11 1.137793903024442860e-01
6.619250000000000000e+11 2.070905487935529588e-01
6.621000000000000000e+11 1.164132948012431001e-01
6.622750000000000000e+11 1.751171991719652210e-01
6.624500000000000000e+11 1.098747296944860979e-01
6.626250000000000000e+11 1.066735025001279147e-01
6.628000000000000000e+11 8.416139790289425826e-02
6.629750000000000000e+11 1.340722685643832013e-01
6.631500000000000000e+11 1.548361760711154111e-01
6.633250000000000000e+11 6.191142992329576322e-02
6.635000000000000000e+11 1.056354966638510112e-01
6.636750000000000000e+11 1.114428380915572087e-01
6.638500000000000000e+11 1.278326593835621972e-01
6.640250000000000000e+11 1.240904775973773744e-01
6.642000000000000000e+11 1.103271592807169021e-01
6.643750000000000000e+11 5.569779250727296960e-02
6.645500000000000000e+11 1.100308581225190596e-01
6.647250000000000000e+11 1.363516281525625762e-01
6.649000000000000000e+11 1.103830428203674829e-01
6.650750000000000000e+11 8.067226956737523491e-02
6.652500000000000000e+11 7.684101080000653450e-02
6.654250000000000000e+11 4.162614642550266364e-02
6.656000000000000000e+11 1.095101142358357177e-01
6.657750000000000000e+11 7.357990185538941519e-02
6.659500000000000000e+11 1.840208131431366190e-01
6.661250000000000000e+11 1.581844063985522464e-01
6.663000000000000000e+11 1.702073300741776818e-01
6.664750000000000000e+11 1.262751116971910503e-01
6.666500000000000000e+11 7.713995526006504899e-02
6.668250000000000000e+11 1.616048327273428009e-01
6.670000000000000000e+11 4.532479718067079083e-02
6.671750000000000000e+11 1.606013547674199071e-01
6.673500000000000000e+11 8.890136080706109722e-02
6.675250000000000000e+11 1.283201551185306211e-01
6.677000000000000000e+11 1.370258362674484920e-01
6.678750000000000000e+11 7.357332375564794302e-02
6.680500000000000000e+11 1.059887124908269612e-01
6.682250000000000000e+11 6.344488156586843008e-02
6.684000000000000000e+11 8.994938994392071008e-02
6.685750000000000000e+11 1.184265742479903155e-01
6.687500000000000000e+11 1.050205091436539201e-01
6.689250000000000000e+11 1.095538635254216381e-01
6.691000000000000000e+11 1.431489746910443728e-01
6.692750000000000000e+11 1.189877288243847281e-01
6.694500000000000000e+11 8.736165657925828998e-02
6.696250000000000000e+11 1.885651557709583370e-01
6.698000000000000000e+11 1.573576139193575141e-01
6.699750000000000000e+11 2.254195893848777096e-02
6.701500000000000000e+11 2.049949257055540541e-01
6.703250000000000000e+11 1.311216534332011463e-01
6.705000000000000000e+11 1.474488538476061983e-01
6.706750000000000000e+11 2.451714697491449158e-01
6.708500000000000000e+11 1.724492637509006387e-01
6.710250000000000000e+11 1.557113572156939851e-01
6.712000000000000000e+11 1.174826877744681169e-01
6.713750000000000000e+11 3.910972643258730508e-01
6.715500000000000000e+11 1.785215966628724560e-01
6.717250000000000000e+11 3.109077639443904584e-01
6.719000000000000000e+11 2.153383044165663451e-01
6.720750000000000000e+11 1.697379644907300866e-01
6.722500000000000000e+11 2.539800958929673835e-01
6.724250000000000000e+11 6.905938257397192803e-02
6.726000000000000000e+11 1.303689158049242680e-01
6.727750000000000000e+11 1.413256373152592116e-01
6.729500000000000000e+11 1.628071820920489743e-01
6.731250000000000000e+11 9.331647585583589810e-02
6.733000000000000000e+11 6.714906819963037399e-02
6.734750000000000000e+11 7.749430983718312571e-02
6.736500000000000000e+11 2.435028710020246401e-01
6.738250000000000000e+11 1.188583387171123079e-01
6.740000000000000000e+11 1.048891770262648793e-01
6.741750000000000000e+11 1.536877246935812180e-01
6.743500000000000000e+11 1.186115475602529112e-01
6.745250000000000000e+11 1.286660066950278958e-01
6.747000000000000000e+11 1.593739354583413592e-01
6.748750000000000000e+11 8.841579046608642745e-02
6.750500000000000000e+11 1.386803790675502357e-01
6.752250000000000000e+11 1.184902774694845951e-01
6.754000000000000000e+11 8.106238752112875090e-02
6.755750000000000000e+11 7.034263975990129314e-02
6.757500000000000000e+11 1.538848758974747100e-01
6.759250000000000000e+11 3.488281759105071184e-02
6.761000000000000000e+11 1.748238267553218761e-01
6.762750000000000000e+11 8.438393941262618825e-02
6.764500000000000000e+11 1.483072510387655751e-01
6.766250000000000000e+11 1.399610948103678365e-01
6.768000000000000000e+11 1.489494780968754206e-01
6.769750000000000000e+11 5.025531173674843699e-02
6.771500000000000000e+11 1.033746151448462908e-01
6.773250000000000000e+11 1.315966231760480609e-01
6.775000000000000000e+11 9.381104543823617914e-02
6.776750000000000000e+11 6.786641533962191331e-02
6.778500000000000000e+11 1.061159652893413491e-01
6.780250000000000000e+11 9.224137387689371193e-02
6.782000000000000000e+11 1.185313499147647720e-01
6.783750000000000000e+11 1.428952488896206297e-01
6.785500000000000000e+11 1.123300877013838489e-01
6.787250000000000000e+11 1.150925439210431361e-01
6.789000000000000000e+11 7.111820018634278096e-02
6.790750000000000000e+11 1.030348402592185242e-01
6.792500000000000000e+11 1.927634903957739787e-01
6.794250000000000000e+11 1.670472543754778494e-01
6.796000000000000000e+11 1.695892387178839777e-01
6.797750000000000000e+11 1.110552125457830164e-01
6.799500000000000000e+11 1.630666574557829152e-01
