4.899000000000000000e+11
4.900750000000000000e+11
4.902500000000000000e+11
4.904250000000000000e+11
4.906000000000000000e+11
4.907750000000000000e+11
4.909500000000000000e+11
4.911250000000000000e+11
4.913000000000000000e+11
4.914750000000000000e+11
4.916500000000000000e+11
4.918250000000000000e+11
4.920000000000000000e+11
4.921750000000000000e+11
4.923500000000000000e+11
4.925250000000000000e+11
4.927000000000000000e+11
4.928750000000000000e+11
4.930500000000000000e+11
4.932250000000000000e+11
4.934000000000000000e+11
4.935750000000000000e+11
4.937500000000000000e+11
4.939250000000000000e+11
4.941000000000000000e+11
4.942750000000000000e+11
4.944500000000000000e+11
4.946250000000000000e+11
4.948000000000000000e+11
4.949750000000000000e+11
4.951500000000000000e+11
4.953250000000000000e+11
4.955000000000000000e+11
4.956750000000000000e+11
4.958500000000000000e+11
4.960250000000000000e+11
4.962000000000000000e+11
4.963750000000000000e+11
4.965500000000000000e+11
4.967250000000000000e+11
4.969000000000000000e+11
4.970750000000000000e+11
4.972500000000000000e+11
4.974250000000000000e+11
4.976000000000000000e+11
4.977750000000000000e+11
4.979500000000000000e+11
4.981250000000000000e+11
4.983000000000000000e+11
4.984750000000000000e+11
4.986500000000000000e+11
4.988250000000000000e+11
4.990000000000000000e+11
4.991750000000000000e+11
4.993500000000000000e+11
4.995250000000000000e+11
4.997000000000000000e+11
4.998750000000000000e+11
5.000500000000000000e+11
5.002250000000000000e+11
5.004000000000000000e+11
5.005750000000000000e+11
5.007500000000000000e+11
5.009250000000000000e+11
5.011000000000000000e+11
5.012750000000000000e+11
5.014500000000000000e+11
5.016250000000000000e+11
5.018000000000000000e+11
5.019750000000000000e+11
5.021500000000000000e+11
5.023250000000000000e+11
5.025000000000000000e+11
5.026750000000000000e+11
5.028500000000000000e+11
5.030250000000000000e+11
5.032000000000000000e+11
5.033750000000000000e+11
5.035500000000000000e+11
5.037250000000000000e+11
5.039000000000000000e+11
5.040750000000000000e+11
5.042500000000000000e+11
5.044250000000000000e+11
5.046000000000000000e+11
5.047750000000000000e+11
5.049500000000000000e+11
5.051250000000000000e+11
5.053000000000000000e+11
5.054750000000000000e+11
5.056500000000000000e+11
5.058250000000000000e+11
5.060000000000000000e+11
5.061750000000000000e+11
5.063500000000000000e+11
5.065250000000000000e+11
5.067000000000000000e+11
5.068750000000000000e+11
5.070500000000000000e+11
5.072250000000000000e+11
5.074000000000000000e+11
5.075750000000000000e+11
5.077500000000000000e+11
5.079250000000000000e+11
5.081000000000000000e+11
5.082750000000000000e+11
5.084500000000000000e+11
5.086250000000000000e+11
5.088000000000000000e+11
5.089750000000000000e+11
5.091500000000000000e+11
5.093250000000000000e+11
5.095000000000000000e+11
5.096750000000000000e+11
5.098500000000000000e+11
5.100250000000000000e+11
5.102000000000000000e+11
5.103750000000000000e+11
5.105500000000000000e+11
5.107250000000000000e+11
5.109000000000000000e+11
5.110750000000000000e+11
5.112500000000000000e+11
5.114250000000000000e+11
5.116000000000000000e+11
5.117750000000000000e+11
5.119500000000000000e+11
5.121250000000000000e+11
5.123000000000000000e+11
5.124750000000000000e+11
5.126500000000000000e+11
5.128250000000000000e+11
5.130000000000000000e+11
5.131750000000000000e+11
5.133500000000000000e+11
5.135250000000000000e+11
5.137000000000000000e+11
5.138750000000000000e+11
5.140500000000000000e+11
5.142250000000000000e+11
5.144000000000000000e+11
5.145750000000000000e+11
5.147500000000000000e+11
5.149250000000000000e+11
5.151000000000000000e+11
5.152750000000000000e+11
5.154500000000000000e+11
5.156250000000000000e+11
5.158000000000000000e+11
5.159750000000000000e+11
5.161500000000000000e+11
5.163250000000000000e+11
5.165000000000000000e+11
5.166750000000000000e+11
5.168500000000000000e+11
5.170250000000000000e+11
5.172000000000000000e+11
5.173750000000000000e+11
5.175500000000000000e+11
5.177250000000000000e+11
5.179000000000000000e+11
5.180750000000000000e+11
5.182500000000000000e+11
5.184250000000000000e+11
5.186000000000000000e+11
5.187750000000000000e+11
5.189500000000000000e+11
5.191250000000000000e+11
5.193000000000000000e+11
5.194750000000000000e+11
5.196500000000000000e+11
5.198250000000000000e+11
5.200000000000000000e+11
5.201750000000000000e+11
5.203500000000000000e+11
5.205250000000000000e+11
5.207000000000000000e+11
5.208750000000000000e+11
5.210500000000000000e+11
5.212250000000000000e+11
5.214000000000000000e+11
5.215750000000000000e+11
5.217500000000000000e+11
5.219250000000000000e+11
5.221000000000000000e+11
5.222750000000000000e+11
5.224500000000000000e+11
5.226250000000000000e+11
5.228000000000000000e+11
5.229750000000000000e+11
5.231500000000000000e+11
5.233250000000000000e+11
5.235000000000000000e+11
5.236750000000000000e+11
5.238500000000000000e+11
5.240250000000000000e+11
5.242000000000000000e+11
5.243750000000000000e+11
5.245500000000000000e+11
5.247250000000000000e+11
5.249000000000000000e+11
5.250750000000000000e+11
5.252500000000000000e+11
5.254250000000000000e+11
5.256000000000000000e+11
5.257750000000000000e+11
5.259500000000000000e+11
5.261250000000000000e+11
5.263000000000000000e+11
5.264750000000000000e+11
5.266500000000000000e+11
5.268250000000000000e+11
5.270000000000000000e+11
5.271750000000000000e+11
5.273500000000000000e+11
5.275250000000000000e+11
5.277000000000000000e+11
5.278750000000000000e+11
5.280500000000000000e+11
5.282250000000000000e+11
5.284000000000000000e+11
5.285750000000000000e+11
5.287500000000000000e+11
5.289250000000000000e+11
5.291000000000000000e+11
5.292750000000000000e+11
5.294500000000000000e+11
5.296250000000000000e+11
5.298000000000000000e+11
5.299750000000000000e+11
5.301500000000000000e+11
5.303250000000000000e+11
5.305000000000000000e+11
5.306750000000000000e+11
5.308500000000000000e+11
5.310250000000000000e+11
5.312000000000000000e+11
5.313750000000000000e+11
5.315500000000000000e+11
5.317250000000000000e+11
5.319000000000000000e+11
5.320750000000000000e+11
5.322500000000000000e+11
5.324250000000000000e+11
5.326000000000000000e+11
5.327750000000000000e+11
5.329500000000000000e+11
5.331250000000000000e+11
5.333000000000000000e+11
5.334750000000000000e+11
5.336500000000000000e+11
5.338250000000000000e+11
5.340000000000000000e+11
5.341750000000000000e+11
5.343500000000000000e+11
5.345250000000000000e+11
5.347000000000000000e+11
5.348750000000000000e+11
5.350500000000000000e+11
5.352250000000000000e+11
5.354000000000000000e+11
5.355750000000000000e+11
5.357500000000000000e+11
5.359250000000000000e+11
5.361000000000000000e+11
5.362750000000000000e+11
5.364500000000000000e+11
5.366250000000000000e+11
5.368000000000000000e+11
5.369750000000000000e+11
5.371500000000000000e+11
5.373250000000000000e+11
5.375000000000000000e+11
5.376750000000000000e+11
5.378500000000000000e+11
5.380250000000000000e+11
5.382000000000000000e+11
5.383750000000000000e+11
5.385500000000000000e+11
5.387250000000000000e+11
5.389000000000000000e+11
5.390750000000000000e+11
5.392500000000000000e+11
5.394250000000000000e+11
5.396000000000000000e+11
5.397750000000000000e+11
5.399500000000000000e+11
5.401250000000000000e+11
5.403000000000000000e+11
5.404750000000000000e+11
5.406500000000000000e+11
5.408250000000000000e+11
5.410000000000000000e+11
5.411750000000000000e+11
5.413500000000000000e+11
5.415250000000000000e+11
5.417000000000000000e+11
5.418750000000000000e+11
5.420500000000000000e+11
5.422250000000000000e+11
5.424000000000000000e+11
5.425750000000000000e+11
5.427500000000000000e+11
5.429250000000000000e+11
5.431000000000000000e+11
5.432750000000000000e+11
5.434500000000000000e+11
5.436250000000000000e+11
5.438000000000000000e+11
5.439750000000000000e+11
5.441500000000000000e+11
5.443250000000000000e+11
5.445000000000000000e+11
5.446750000000000000e+11
5.448500000000000000e+11
5.450250000000000000e+11
5.452000000000000000e+11
5.453750000000000000e+11
5.455500000000000000e+11
5.457250000000000000e+11
5.459000000000000000e+11
5.460750000000000000e+11
5.462500000000000000e+11
5.464250000000000000e+11
5.466000000000000000e+11
5.467750000000000000e+11
5.469500000000000000e+11
5.471250000000000000e+11
5.473000000000000000e+11
5.474750000000000000e+11
5.476500000000000000e+11
5.478250000000000000e+11
5.480000000000000000e+11
5.481750000000000000e+11
5.483500000000000000e+11
5.485250000000000000e+11
5.487000000000000000e+11
5.488750000000000000e+11
5.490500000000000000e+11
5.492250000000000000e+11
5.494000000000000000e+11
5.495750000000000000e+11
5.497500000000000000e+11
5.499250000000000000e+11
5.501000000000000000e+11
5.502750000000000000e+11
5.504500000000000000e+11
5.506250000000000000e+11
5.508000000000000000e+11
5.509750000000000000e+11
5.511500000000000000e+11
5.513250000000000000e+11
5.515000000000000000e+11
5.516750000000000000e+11
5.518500000000000000e+11
5.520250000000000000e+11
5.522000000000000000e+11
5.523750000000000000e+11
5.525500000000000000e+11
5.527250000000000000e+11
5.529000000000000000e+11
5.530750000000000000e+11
5.532500000000000000e+11
5.534250000000000000e+11
5.536000000000000000e+11
5.537750000000000000e+11
5.539500000000000000e+11
5.541250000000000000e+11
5.543000000000000000e+11
5.544750000000000000e+11
5.546500000000000000e+11
5.548250000000000000e+11
5.550000000000000000e+11
5.551750000000000000e+11
5.553500000000000000e+11
5.555250000000000000e+11
5.557000000000000000e+11
5.558750000000000000e+11
5.560500000000000000e+11
5.562250000000000000e+11
5.564000000000000000e+11
5.565750000000000000e+11
5.567500000000000000e+11
5.569250000000000000e+11
5.571000000000000000e+11
5.572750000000000000e+11
5.574500000000000000e+11
5.576250000000000000e+11
5.578000000000000000e+11
5.579750000000000000e+11
5.581500000000000000e+11
5.583250000000000000e+11
5.585000000000000000e+11
5.586750000000000000e+11
5.588500000000000000e+11
5.590250000000000000e+11
5.592000000000000000e+11
5.593750000000000000e+11
5.595500000000000000e+11
5.597250000000000000e+11
5.599000000000000000e+11
5.600750000000000000e+11
5.602500000000000000e+11
5.604250000000000000e+11
5.606000000000000000e+11
5.607750000000000000e+11
5.609500000000000000e+11
5.611250000000000000e+11
5.613000000000000000e+11
5.614750000000000000e+11
5.616500000000000000e+11
5.618250000000000000e+11
5.620000000000000000e+11
5.621750000000000000e+11
5.623500000000000000e+11
5.625250000000000000e+11
5.627000000000000000e+11
5.628750000000000000e+11
5.630500000000000000e+11
5.632250000000000000e+11
5.634000000000000000e+11
5.635750000000000000e+11
5.637500000000000000e+11
5.639250000000000000e+11
5.641000000000000000e+11
5.642750000000000000e+11
5.644500000000000000e+11
5.646250000000000000e+11
5.648000000000000000e+11
5.649750000000000000e+11
5.651500000000000000e+11
5.653250000000000000e+11
5.655000000000000000e+11
5.656750000000000000e+11
5.658500000000000000e+11
5.660250000000000000e+11
5.662000000000000000e+11
5.663750000000000000e+11
5.665500000000000000e+11
5.667250000000000000e+11
5.669000000000000000e+11
5.670750000000000000e+11
5.672500000000000000e+11
5.674250000000000000e+11
5.676000000000000000e+11
5.677750000000000000e+11
5.679500000000000000e+11
5.681250000000000000e+11
5.683000000000000000e+11
5.684750000000000000e+11
5.686500000000000000e+11
5.688250000000000000e+11
5.690000000000000000e+11
5.691750000000000000e+11
5.693500000000000000e+11
5.695250000000000000e+11
5.697000000000000000e+11
5.698750000000000000e+11
5.700500000000000000e+11
5.702250000000000000e+11
5.704000000000000000e+11
5.705750000000000000e+11
5.707500000000000000e+11
5.709250000000000000e+11
5.711000000000000000e+11
5.712750000000000000e+11
5.714500000000000000e+11
5.716250000000000000e+11
5.718000000000000000e+11
5.719750000000000000e+11
5.721500000000000000e+11
5.723250000000000000e+11
5.725000000000000000e+11
5.726750000000000000e+11
5.728500000000000000e+11
5.730250000000000000e+11
5.732000000000000000e+11
5.733750000000000000e+11
5.735500000000000000e+11
5.737250000000000000e+11
5.739000000000000000e+11
5.740750000000000000e+11
5.742500000000000000e+11
5.744250000000000000e+11
5.746000000000000000e+11
5.747750000000000000e+11
5.749500000000000000e+11
5.751250000000000000e+11
5.753000000000000000e+11
5.754750000000000000e+11
5.756500000000000000e+11
5.758250000000000000e+11
5.760000000000000000e+11
5.761750000000000000e+11
5.763500000000000000e+11
5.765250000000000000e+11
5.767000000000000000e+11
5.768750000000000000e+11
5.770500000000000000e+11
5.772250000000000000e+11
5.774000000000000000e+11
5.775750000000000000e+11
5.777500000000000000e+11
5.779250000000000000e+11
5.781000000000000000e+11
5.782750000000000000e+11
5.784500000000000000e+11
5.786250000000000000e+11
5.788000000000000000e+11
5.789750000000000000e+11
5.791500000000000000e+11
5.793250000000000000e+11
5.795000000000000000e+11
5.796750000000000000e+11
5.798500000000000000e+11
5.800250000000000000e+11
5.802000000000000000e+11
5.803750000000000000e+11
5.805500000000000000e+11
5.807250000000000000e+11
5.809000000000000000e+11
5.810750000000000000e+11
5.812500000000000000e+11
5.814250000000000000e+11
5.816000000000000000e+11
5.817750000000000000e+11
5.819500000000000000e+11
5.821250000000000000e+11
5.823000000000000000e+11
5.824750000000000000e+11
5.826500000000000000e+11
5.828250000000000000e+11
5.830000000000000000e+11
5.831750000000000000e+11
5.833500000000000000e+11
5.835250000000000000e+11
5.837000000000000000e+11
5.838750000000000000e+11
5.840500000000000000e+11
5.842250000000000000e+11
5.844000000000000000e+11
5.845750000000000000e+11
5.847500000000000000e+11
5.849250000000000000e+11
5.851000000000000000e+11
5.852750000000000000e+11
5.854500000000000000e+11
5.856250000000000000e+11
5.858000000000000000e+11
5.859750000000000000e+11
5.861500000000000000e+11
5.863250000000000000e+11
5.865000000000000000e+11
5.866750000000000000e+11
5.868500000000000000e+11
5.870250000000000000e+11
5.872000000000000000e+11
5.873750000000000000e+11
5.875500000000000000e+11
5.877250000000000000e+11
5.879000000000000000e+11
5.880750000000000000e+11
5.882500000000000000e+11
5.884250000000000000e+11
5.886000000000000000e+11
5.887750000000000000e+11
5.889500000000000000e+11
5.891250000000000000e+11
5.893000000000000000e+11
5.894750000000000000e+11
5.896500000000000000e+11
5.898250000000000000e+11
5.900000000000000000e+11
5.901750000000000000e+11
5.903500000000000000e+11
5.905250000000000000e+11
5.907000000000000000e+11
5.908750000000000000e+11
5.910500000000000000e+11
5.912250000000000000e+11
5.914000000000000000e+11
5.915750000000000000e+11
5.917500000000000000e+11
5.919250000000000000e+11
5.921000000000000000e+11
5.922750000000000000e+11
5.924500000000000000e+11
5.926250000000000000e+11
5.928000000000000000e+11
5.929750000000000000e+11
5.931500000000000000e+11
5.933250000000000000e+11
5.935000000000000000e+11
5.936750000000000000e+11
5.938500000000000000e+11
5.940250000000000000e+11
5.942000000000000000e+11
5.943750000000000000e+11
5.945500000000000000e+11
5.947250000000000000e+11
5.949000000000000000e+11
5.950750000000000000e+11
5.952500000000000000e+11
5.954250000000000000e+11
5.956000000000000000e+11
5.957750000000000000e+11
5.959500000000000000e+11
5.961250000000000000e+11
5.963000000000000000e+11
5.964750000000000000e+11
5.966500000000000000e+11
5.968250000000000000e+11
5.970000000000000000e+11
5.971750000000000000e+11
5.973500000000000000e+11
5.975250000000000000e+11
5.977000000000000000e+11
5.978750000000000000e+11
5.980500000000000000e+11
5.982250000000000000e+11
5.984000000000000000e+11
5.985750000000000000e+11
5.987500000000000000e+11
5.989250000000000000e+11
5.991000000000000000e+11
5.992750000000000000e+11
5.994500000000000000e+11
5.996250000000000000e+11
5.998000000000000000e+11
5.999750000000000000e+11
6.001500000000000000e+11
6.003250000000000000e+11
6.005000000000000000e+11
6.006750000000000000e+11
6.008500000000000000e+11
6.010250000000000000e+11
6.012000000000000000e+11
6.013750000000000000e+11
6.015500000000000000e+11
6.017250000000000000e+11
6.019000000000000000e+11
6.020750000000000000e+11
6.022500000000000000e+11
6.024250000000000000e+11
6.026000000000000000e+11
6.027750000000000000e+11
6.029500000000000000e+11
6.031250000000000000e+11
6.033000000000000000e+11
6.034750000000000000e+11
6.036500000000000000e+11
6.038250000000000000e+11
6.040000000000000000e+11
6.041750000000000000e+11
6.043500000000000000e+11
6.045250000000000000e+11
6.047000000000000000e+11
6.048750000000000000e+11
6.050500000000000000e+11
6.052250000000000000e+11
6.054000000000000000e+11
6.055750000000000000e+11
6.057500000000000000e+11
6.059250000000000000e+11
6.061000000000000000e+11
6.062750000000000000e+11
6.064500000000000000e+11
6.066250000000000000e+11
6.068000000000000000e+11
6.069750000000000000e+11
6.071500000000000000e+11
6.073250000000000000e+11
6.075000000000000000e+11
6.076750000000000000e+11
6.078500000000000000e+11
6.080250000000000000e+11
6.082000000000000000e+11
6.083750000000000000e+11
6.085500000000000000e+11
6.087250000000000000e+11
6.089000000000000000e+11
6.090750000000000000e+11
6.092500000000000000e+11
6.094250000000000000e+11
6.096000000000000000e+11
6.097750000000000000e+11
6.099500000000000000e+11
6.101250000000000000e+11
6.103000000000000000e+11
6.104750000000000000e+11
6.106500000000000000e+11
6.108250000000000000e+11
6.110000000000000000e+11
6.111750000000000000e+11
6.113500000000000000e+11
6.115250000000000000e+11
6.117000000000000000e+11
6.118750000000000000e+11
6.120500000000000000e+11
6.122250000000000000e+11
6.124000000000000000e+11
6.125750000000000000e+11
6.127500000000000000e+11
6.129250000000000000e+11
6.131000000000000000e+11
6.132750000000000000e+11
6.134500000000000000e+11
6.136250000000000000e+11
6.138000000000000000e+11
6.139750000000000000e+11
6.141500000000000000e+11
6.143250000000000000e+11
6.145000000000000000e+11
6.146750000000000000e+11
6.148500000000000000e+11
6.150250000000000000e+11
6.152000000000000000e+11
6.153750000000000000e+11
6.155500000000000000e+11
6.157250000000000000e+11
6.159000000000000000e+11
6.160750000000000000e+11
6.162500000000000000e+11
6.164250000000000000e+11
6.166000000000000000e+11
6.167750000000000000e+11
6.169500000000000000e+11
6.171250000000000000e+11
6.173000000000000000e+11
6.174750000000000000e+11
6.176500000000000000e+11
6.178250000000000000e+11
6.180000000000000000e+11
6.181750000000000000e+11
6.183500000000000000e+11
6.185250000000000000e+11
6.187000000000000000e+11
6.188750000000000000e+11
6.190500000000000000e+11
6.192250000000000000e+11
6.194000000000000000e+11
6.195750000000000000e+11
6.197500000000000000e+11
6.199250000000000000e+11
6.201000000000000000e+11
6.202750000000000000e+11
6.204500000000000000e+11
6.206250000000000000e+11
6.208000000000000000e+11
6.209750000000000000e+11
6.211500000000000000e+11
6.213250000000000000e+11
6.215000000000000000e+11
6.216750000000000000e+11
6.218500000000000000e+11
6.220250000000000000e+11
6.222000000000000000e+11
6.223750000000000000e+11
6.225500000000000000e+11
6.227250000000000000e+11
6.229000000000000000e+11
6.230750000000000000e+11
6.232500000000000000e+11
6.234250000000000000e+11
6.236000000000000000e+11
6.237750000000000000e+11
6.239500000000000000e+11
6.241250000000000000e+11
6.243000000000000000e+11
6.244750000000000000e+11
6.246500000000000000e+11
6.248250000000000000e+11
6.250000000000000000e+11
6.251750000000000000e+11
6.253500000000000000e+11
6.255250000000000000e+11
6.257000000000000000e+11
6.258750000000000000e+11
6.260500000000000000e+11
6.262250000000000000e+11
6.264000000000000000e+11
6.265750000000000000e+11
6.267500000000000000e+11
6.269250000000000000e+11
6.271000000000000000e+11
6.272750000000000000e+11
6.274500000000000000e+11
6.276250000000000000e+11
6.278000000000000000e+11
6.279750000000000000e+11
6.281500000000000000e+11
6.283250000000000000e+11
6.285000000000000000e+11
6.286750000000000000e+11
6.288500000000000000e+11
6.290250000000000000e+11
6.292000000000000000e+11
6.293750000000000000e+11
6.295500000000000000e+11
6.297250000000000000e+11
6.299000000000000000e+11
6.300750000000000000e+11
6.302500000000000000e+11
6.304250000000000000e+11
6.306000000000000000e+11
6.307750000000000000e+11
6.309500000000000000e+11
6.311250000000000000e+11
6.313000000000000000e+11
6.314750000000000000e+11
6.316500000000000000e+11
6.318250000000000000e+11
6.320000000000000000e+11
6.321750000000000000e+11
6.323500000000000000e+11
6.325250000000000000e+11
6.327000000000000000e+11
6.328750000000000000e+11
6.330500000000000000e+11
6.332250000000000000e+11
6.334000000000000000e+11
6.335750000000000000e+11
6.337500000000000000e+11
6.339250000000000000e+11
6.341000000000000000e+11
6.342750000000000000e+11
6.344500000000000000e+11
6.346250000000000000e+11
6.348000000000000000e+11
6.349750000000000000e+11
6.351500000000000000e+11
6.353250000000000000e+11
6.355000000000000000e+11
6.356750000000000000e+11
6.358500000000000000e+11
6.360250000000000000e+11
6.362000000000000000e+11
6.363750000000000000e+11
6.365500000000000000e+11
6.367250000000000000e+11
6.369000000000000000e+11
6.370750000000000000e+11
6.372500000000000000e+11
6.374250000000000000e+11
6.376000000000000000e+11
6.377750000000000000e+11
6.379500000000000000e+11
6.381250000000000000e+11
6.383000000000000000e+11
6.384750000000000000e+11
6.386500000000000000e+11
6.388250000000000000e+11
6.390000000000000000e+11
6.391750000000000000e+11
6.393500000000000000e+11
6.395250000000000000e+11
6.397000000000000000e+11
6.398750000000000000e+11
6.400500000000000000e+11
6.402250000000000000e+11
6.404000000000000000e+11
6.405750000000000000e+11
6.407500000000000000e+11
6.409250000000000000e+11
6.411000000000000000e+11
6.412750000000000000e+11
6.414500000000000000e+11
6.416250000000000000e+11
6.418000000000000000e+11
6.419750000000000000e+11
6.421500000000000000e+11
6.423250000000000000e+11
6.425000000000000000e+11
6.426750000000000000e+11
6.428500000000000000e+11
6.430250000000000000e+11
6.432000000000000000e+11
6.433750000000000000e+11
6.435500000000000000e+11
6.437250000000000000e+11
6.439000000000000000e+11
6.440750000000000000e+11
6.442500000000000000e+11
6.444250000000000000e+11
6.446000000000000000e+11
6.447750000000000000e+11
6.449500000000000000e+11
6.451250000000000000e+11
6.453000000000000000e+11
6.454750000000000000e+11
6.456500000000000000e+11
6.458250000000000000e+11
6.460000000000000000e+11
6.461750000000000000e+11
6.463500000000000000e+11
6.465250000000000000e+11
6.467000000000000000e+11
6.468750000000000000e+11
6.470500000000000000e+11
6.472250000000000000e+11
6.474000000000000000e+11
6.475750000000000000e+11
6.477500000000000000e+11
6.479250000000000000e+11
6.481000000000000000e+11
6.482750000000000000e+11
6.484500000000000000e+11
6.486250000000000000e+11
6.488000000000000000e+11
6.489750000000000000e+11
6.491500000000000000e+11
6.493250000000000000e+11
6.495000000000000000e+11
6.496750000000000000e+11
6.498500000000000000e+11
6.500250000000000000e+11
6.502000000000000000e+11
6.503750000000000000e+11
6.505500000000000000e+11
6.507250000000000000e+11
6.509000000000000000e+11
6.510750000000000000e+11
6.512500000000000000e+11
6.514250000000000000e+11
6.516000000000000000e+11
6.517750000000000000e+11
6.519500000000000000e+11
6.521250000000000000e+11
6.523000000000000000e+11
6.524750000000000000e+11
6.526500000000000000e+11
6.528250000000000000e+11
6.530000000000000000e+11
6.531750000000000000e+11
6.533500000000000000e+11
6.535250000000000000e+11
6.537000000000000000e+11
6.538750000000000000e+11
6.540500000000000000e+11
6.542250000000000000e+11
6.544000000000000000e+11
6.545750000000000000e+11
6.547500000000000000e+11
6.549250000000000000e+11
6.551000000000000000e+11
6.552750000000000000e+11
6.554500000000000000e+11
6.556250000000000000e+11
6.558000000000000000e+11
6.559750000000000000e+11
6.561500000000000000e+11
6.563250000000000000e+11
6.565000000000000000e+11
6.566750000000000000e+11
6.568500000000000000e+11
6.570250000000000000e+11
6.572000000000000000e+11
6.573750000000000000e+11
6.575500000000000000e+11
6.577250000000000000e+11
6.579000000000000000e+11
6.580750000000000000e+11
6.582500000000000000e+11
6.584250000000000000e+11
6.586000000000000000e+11
6.587750000000000000e+11
6.589500000000000000e+11
6.591250000000000000e+11
6.593000000000000000e+11
6.594750000000000000e+11
6.596500000000000000e+11
6.598250000000000000e+11
6.600000000000000000e+11
6.601750000000000000e+11
6.603500000000000000e+11
6.605250000000000000e+11
6.607000000000000000e+11
6.608750000000000000e+11
6.610500000000000000e+11
6.612250000000000000e+11
6.614000000000000000e+11
6.615750000000000000e+11
6.617500000000000000e+11
6.619250000000000000e+11
6.621000000000000000e+11
6.622750000000000000e+11
6.624500000000000000e+11
6.626250000000000000e+11
6.628000000000000000e+11
6.629750000000000000e+11
6.631500000000000000e+11
6.633250000000000000e+11
6.635000000000000000e+11
6.636750000000000000e+11
6.638500000000000000e+11
6.640250000000000000e+11
6.642000000000000000e+11
6.643750000000000000e+11
6.645500000000000000e+11
6.647250000000000000e+11
6.649000000000000000e+11
6.650750000000000000e+11
6.652500000000000000e+11
6.654250000000000000e+11
6.656000000000000000e+11
6.657750000000000000e+11
6.659500000000000000e+11
6.661250000000000000e+11
6.663000000000000000e+11
6.664750000000000000e+11
6.666500000000000000e+11
6.668250000000000000e+11
6.670000000000000000e+11
6.671750000000000000e+11
6.673500000000000000e+11
6.675250000000000000e+11
6.677000000000000000e+11
6.678750000000000000e+11
6.680500000000000000e+11
6.682250000000000000e+11
6.684000000000000000e+11
6.685750000000000000e+11
6.687500000000000000e+11
6.689250000000000000e+11
6.691000000000000000e+11
6.692750000000000000e+11
6.694500000000000000e+11
6.696250000000000000e+11
6.698000000000000000e+11
6.699750000000000000e+11
6.701500000000000000e+11
6.703250000000000000e+11
6.705000000000000000e+11
6.706750000000000000e+11
6.708500000000000000e+11
6.710250000000000000e+11
6.712000000000000000e+11
6.713750000000000000e+11
6.715500000000000000e+11
6.717250000000000000e+11
6.719000000000000000e+11
6.720750000000000000e+11
6.722500000000000000e+11
6.724250000000000000e+11
6.726000000000000000e+11
6.727750000000000000e+11
6.729500000000000000e+11
6.731250000000000000e+11
6.733000000000000000e+11
6.734750000000000000e+11
6.736500000000000000e+11
6.738250000000000000e+11
6.740000000000000000e+11
6.741750000000000000e+11
6.743500000000000000e+11
6.745250000000000000e+11
6.747000000000000000e+11
6.748750000000000000e+11
6.750500000000000000e+11
6.752250000000000000e+11
6.754000000000000000e+11
6.755750000000000000e+11
6.757500000000000000e+11
6.759250000000000000e+11
6.761000000000000000e+11
6.762750000000000000e+11
6.764500000000000000e+11
6.766250000000000000e+11
6.768000000000000000e+11
6.769750000000000000e+11
6.771500000000000000e+11
6.773250000000000000e+11
6.775000000000000000e+11
6.776750000000000000e+11
6.778500000000000000e+11
6.780250000000000000e+11
6.782000000000000000e+11
6.783750000000000000e+11
6.785500000000000000e+11
6.787250000000000000e+11
6.789000000000000000e+11
6.790750000000000000e+11
6.792500000000000000e+11
6.794250000000000000e+11
6.796000000000000000e+11
6.797750000000000000e+11
6.799500000000000000e+11
8.801176237533890889e-01
8.499030455590192989e-01
8.347794979980643904e-01
7.972559363929478948e-01
7.910095449405705192e-01
8.245495261725328540e-01
8.605321631305365981e-01
8.754406271564993958e-01
8.925285838899115198e-01
9.128282855422845676e-01
9.118196625625776264e-01
9.131579826643597686e-01
8.760063444590233672e-01
8.888809549662373133e-01
9.101429801348679405e-01
9.260798266442488158e-01
9.022510307975646349e-01
8.947555426573264858e-01
8.958328522315935905e-01
8.617929406703861428e-01
8.590263607312682570e-01
8.702988099794892740e-01
9.038028047839717916e-01
9.089868465630515093e-01
9.194063946836267265e-01
9.278150256288418829e-01
9.220977142759446687e-01
9.148781742568463660e-01
8.948057948380636617e-01
8.948095707163276069e-01
9.141072490099974024e-01
9.211575759667368635e-01
9.203070203717120812e-01
9.175959939263034215e-01
9.182327351652379566e-01
9.197195308546290970e-01
9.127667309573850307e-01
9.051274170023736465e-01
9.230755248833253379e-01
9.361193525673702220e-01
9.305567207342660963e-01
9.154555786984337473e-01
9.115898038512262325e-01
8.991180330884323002e-01
8.988394894494665666e-01
9.033690927469516518e-01
9.255668547061804974e-01
9.313275280706212467e-01
9.316921367542021493e-01
9.367680887333996731e-01
9.260942866666863615e-01
9.197480974807502596e-01
9.263166949270045247e-01
9.144501897922743261e-01
9.289849513210107768e-01
9.319074953466001121e-01
9.197361817252645011e-01
8.868903092383116915e-01
8.847997826848608138e-01
8.715958322780761325e-01
8.738808726602861343e-01
8.770671886630385661e-01
9.255486057216837370e-01
9.487821480927319806e-01
9.449088081846226395e-01
9.370581760560845463e-01
9.251946168864059183e-01
9.162502247047847881e-01
9.001747410440454900e-01
8.879958945069876819e-01
8.896606269621892826e-01
8.969399814016628669e-01
8.942571627223985242e-01
8.813091164244913900e-01
8.775978902989636232e-01
8.563940634973266075e-01
8.475842749156549116e-01
8.549919911081093060e-01
8.806769892050660964e-01
9.337726050842816150e-01
9.275539713098565064e-01
9.149571729983485557e-01
8.999524470509612240e-01
8.864160669317565633e-01
8.556192807098866870e-01
8.348303350806932643e-01
8.177238124667112196e-01
8.566476329137725498e-01
9.024629089464617504e-01
8.807212599262916886e-01
8.647835621238451065e-01
8.447290293857599996e-01
8.397724833467123950e-01
8.205464658828955926e-01
8.274742907556308369e-01
8.586711174549970238e-01
8.753123288179536221e-01
8.534251366344797196e-01
8.419922808507850354e-01
8.220467300907758901e-01
7.970460182711543995e-01
7.794914121738379942e-01
7.620146720553067077e-01
8.093185371773367054e-01
8.839094513362403260e-01
8.762747438586914184e-01
8.460510980942651527e-01
8.360043976395493681e-01
8.293493752836645916e-01
8.013427330823713612e-01
7.828154903799769970e-01
7.736597588318574470e-01
7.920493664955730040e-01
7.964138871536362574e-01
7.822649045787272160e-01
7.762861898880745182e-01
7.515282396498512707e-01
7.450547158713874962e-01
7.298622342810879848e-01
7.262701700025514517e-01
7.951125935113266818e-01
8.403402023514919827e-01
8.149882591144697042e-01
8.002432932595279214e-01
7.832219296918543350e-01
7.699971295854286524e-01
7.098394777310007564e-01
6.793808930020631687e-01
7.257375882408517720e-01
7.633169329213701504e-01
7.553080225315894625e-01
7.390774094243015568e-01
7.209122422078751979e-01
7.072842303935081842e-01
6.876764752052200169e-01
6.759867332407756280e-01
6.735837228540618726e-01
7.436044033774883433e-01
7.512349008817739149e-01
7.299269652658234575e-01
7.024717227390080421e-01
6.798205558803254167e-01
6.605980702989917575e-01
6.338165926811574202e-01
6.512854467463160546e-01
7.202903170666730137e-01
7.340590778395622573e-01
7.134595473648068786e-01
6.970770518226403478e-01
7.068808874592164004e-01
6.752085213658191032e-01
6.385248023829178665e-01
5.864897880286269460e-01
6.427373507973366262e-01
7.067310519103818800e-01
6.950282788055729410e-01
6.537873491292335304e-01
6.310654409095597384e-01
6.182135934579449099e-01
6.090449638197359405e-01
5.889072017352949828e-01
6.004420276146958946e-01
6.641323076137877202e-01
6.642448603709228960e-01
6.496447610544673346e-01
6.377370246488364147e-01
6.302537863911580329e-01
5.940370641497785265e-01
5.533336148129103238e-01
5.762869156981416108e-01
6.054075441205181152e-01
6.253097115504629988e-01
6.078474532636943817e-01
5.866025906472119855e-01
5.727183789265971603e-01
5.670438244843211129e-01
5.441791879524540132e-01
4.988092207132422407e-01
5.553491452092681468e-01
6.385651035649161367e-01
6.224338949908365670e-01
5.997364787625850679e-01
5.856178474682796065e-01
5.690936302870648333e-01
5.481840029216547006e-01
5.097242268873615201e-01
5.140075595538565745e-01
5.413557050169544027e-01
5.465832594416936141e-01
5.374965165920249088e-01
5.298029948366147490e-01
5.105731654115498452e-01
4.947201026101265553e-01
4.607875840942509127e-01
5.054695476388640918e-01
5.603436155878525060e-01
5.711398925995967435e-01
5.470877932536520882e-01
5.044333993157769092e-01
4.864193071644995481e-01
4.986787954170495141e-01
4.669642604857013324e-01
4.123833913549772023e-01
4.579314460632157302e-01
4.873958996539743405e-01
5.088109421964371881e-01
5.178886691736360737e-01
5.085387064580929595e-01
5.097825568939654550e-01
4.961478144898295306e-01
4.590594735974339868e-01
4.753121149836849191e-01
5.044195056059569415e-01
4.911766411002233546e-01
4.523510692026913582e-01
4.286000998575242305e-01
4.197366254386368234e-01
4.123301803657321019e-01
3.626067092453129082e-01
3.918693266020528698e-01
4.569973023772531673e-01
4.824129805521212289e-01
4.850525837203145119e-01
4.907109816404087166e-01
4.801651648334169797e-01
4.752729304006254596e-01
4.477790263300757134e-01
3.798039342857081890e-01
3.952003319064183451e-01
4.375681597440548853e-01
4.102689984650915167e-01
3.980540696823544611e-01
3.639739793790889855e-01
3.767314024356999136e-01
3.785972162246343808e-01
3.537531702531742650e-01
3.849236505011413567e-01
4.393029792620017915e-01
4.550488923067833036e-01
4.366450618724525556e-01
4.298831915564000350e-01
4.083419417010558106e-01
3.782836609176472020e-01
3.312721311109717015e-01
3.248781322198895927e-01
3.866472303850523318e-01
3.887497149635486537e-01
3.727935790623759793e-01
3.529175349573306919e-01
3.505303061993529368e-01
3.708730297601877113e-01
3.625212835460092653e-01
3.396130659927840134e-01
3.598495139373888985e-01
3.988942683361970665e-01
3.841291572160188683e-01
3.550224018994244113e-01
3.455081912321716908e-01
3.246832726550771819e-01
3.277201432656346447e-01
2.896998251887982212e-01
3.194730358301247630e-01
3.495845337028848920e-01
3.382968508902275406e-01
3.301201790531951286e-01
3.342141443917665544e-01
3.266512123008148416e-01
3.361472335249489629e-01
3.111714615786609905e-01
2.880195067805000342e-01
3.216015008961254362e-01
3.168085639073395798e-01
3.180234794805230636e-01
3.123634722525325258e-01
3.010143179981236150e-01
2.905289785898345634e-01
2.973787580713737055e-01
2.819175043534391523e-01
2.975693537791738175e-01
3.223341735840900002e-01
3.037173609435412924e-01
2.951298837630214056e-01
2.973391200332078932e-01
2.889377238824528682e-01
2.767183230661889870e-01
2.606461879067389908e-01
2.443672368290714658e-01
2.919496591450804757e-01
3.064546936565108459e-01
2.974617279375950107e-01
2.807378570954477959e-01
2.754131785044739433e-01
2.766130778260560974e-01
2.584607949632462542e-01
2.329887041889490973e-01
2.619811588064481223e-01
2.664706107559786652e-01
2.713537847307329609e-01
2.719417927330653462e-01
2.636630066571835629e-01
2.569191014441680188e-01
2.571478727037613266e-01
2.287492052844219137e-01
2.375336604269658869e-01
2.847587648452249987e-01
2.852160595527545861e-01
2.703527967705466883e-01
2.657821452417624131e-01
2.431066366361908371e-01
2.216446466483704136e-01
2.228272763308226379e-01
2.088766889671800353e-01
2.311650831090711344e-01
2.454725537770883759e-01
2.494393978601194828e-01
2.468068779844524441e-01
2.430420722546915990e-01
2.450431793799537905e-01
2.358753817974471312e-01
2.289156996494635665e-01
2.332426186783503885e-01
2.554560928599432512e-01
2.538255976899854716e-01
2.369430675231542494e-01
2.283875208707965287e-01
2.124838206788470518e-01
2.042781505094387329e-01
2.019571191836951884e-01
2.225328280543493742e-01
2.361941146639429945e-01
2.437776084217165296e-01
2.439278190476631969e-01
2.288496825332203832e-01
2.213669239312672232e-01
2.192920092539760446e-01
2.191000885517493946e-01
1.988066659938208802e-01
2.369659530476077025e-01
2.353721543934685356e-01
2.260954461555905182e-01
2.329060673111642554e-01
2.195043901989796598e-01
2.145752236677739011e-01
2.096347089428402255e-01
2.213471147810934236e-01
2.224449152206174063e-01
2.331997176582977505e-01
2.191433004189348444e-01
2.223960950738013975e-01
2.246829363837686833e-01
2.318911753672371068e-01
2.158836610470118711e-01
2.196359690481737847e-01
2.079983343480121261e-01
2.121118165359358876e-01
2.447904482649331248e-01
2.367324070549575721e-01
2.196813864341356504e-01
2.158442447160943134e-01
2.298773201848612890e-01
2.275018439435562145e-01
2.418932967459070660e-01
2.125644649399884567e-01
2.277738294480587677e-01
2.075696751369247028e-01
2.254236114395184731e-01
2.614853794397030140e-01
2.219167514635535521e-01
2.326855903949436311e-01
2.496503032938960642e-01
2.543403057759109909e-01
2.396921536410190623e-01
3.011662020992837974e-01
2.701452537728335490e-01
1.886521179850257635e-01
2.140188585738559135e-01
3.764052971800480041e-01
2.402878049999738197e-01
3.238269254428145505e-01
2.437429015886568850e-01
2.962389912517941482e-01
2.595481490530219260e-01
6.124050304920618526e-01
6.520912942734441442e-01
9.279606179299376700e-01
5.583708355659628975e-01
2.989871327337483842e-01
5.733459591107382680e-01
4.829616432185414032e-01
4.580704024072906888e-01
3.030669239592621578e-01
2.529376002819810343e-01
3.936949031325486237e-01
2.303116933481335893e-01
2.197837049666145071e-01
2.211120641996336678e-01
2.774559788433834107e-01
2.194675123587526144e-01
1.947376550941027351e-01
2.762429253089808134e-01
3.316171257720116339e-01
2.875383631935090611e-01
2.872309383902275637e-01
2.662978710794163817e-01
2.928846882397271312e-01
3.264461927862057355e-01
2.833520502187271140e-01
3.170511490030584745e-01
3.096345933836610054e-01
3.209475703706452521e-01
3.278444628551755446e-01
3.392941181806360396e-01
3.337440356207990177e-01
3.296360093984180839e-01
3.383760865366132187e-01
3.149003594144347828e-01
3.290805784833342185e-01
3.343646644153511205e-01
3.392798035735032358e-01
3.356591159472671615e-01
3.529601134421065933e-01
3.501169000804348341e-01
3.489126938507535747e-01
3.485941131425809303e-01
3.503807807868611901e-01
3.584504697548079322e-01
3.665561358218675236e-01
3.809418694827373941e-01
3.671982679746860767e-01
3.885519740603395888e-01
3.815965054049342831e-01
3.699569641735053205e-01
3.684093581898497116e-01
3.746156939380284046e-01
3.746645156393368925e-01
4.108674796362677961e-01
4.182274331394504885e-01
4.015109060093456361e-01
4.073377154656792620e-01
4.111895350026277263e-01
3.979416104392401454e-01
4.056232757148571233e-01
4.147385986522716395e-01
4.275750765691361810e-01
4.495626790464426481e-01
4.558247127572730428e-01
4.363931853668627237e-01
4.346813171797474507e-01
4.147242750896079078e-01
3.891208712680256365e-01
4.147828787290955832e-01
4.578948089090593143e-01
4.762673422504623000e-01
4.622086224883130701e-01
4.578444684190908220e-01
4.603548977856637969e-01
4.632355761040139464e-01
4.413589131083969219e-01
4.507144713868626584e-01
4.830874481679164334e-01
4.934460661519129987e-01
4.995095973740197315e-01
4.915104054822679314e-01
4.896463112588989031e-01
4.808139069112967179e-01
4.696634655522957669e-01
4.619830426352917740e-01
4.886638366865195815e-01
5.162712846381956044e-01
5.242083042152774208e-01
5.238300135101976451e-01
5.104718395243654783e-01
5.146536449219571985e-01
5.173361701330689844e-01
4.860905963747275127e-01
5.138363130130997325e-01
5.310791872742482989e-01
5.369221024347284876e-01
5.507715467593390368e-01
5.551306616409654726e-01
5.579979524880406272e-01
5.551820011013260947e-01
5.383671021695579650e-01
4.960584561359591138e-01
5.380146657834684598e-01
5.933504981271220391e-01
6.069506988325025221e-01
5.873206280493707965e-01
5.706070448785400817e-01
5.775735253942326786e-01
5.650443264161209012e-01
5.359516861997084547e-01
5.394688846340747190e-01
5.608625800737108147e-01
6.304799771270755970e-01
6.564811033787467665e-01
6.170872561212878971e-01
6.211260147063417669e-01
6.288057825720647642e-01
5.772800622413699623e-01
5.722924399559125019e-01
6.439693624297574415e-01
6.773211412916274599e-01
6.623281692956280997e-01
6.296033943125464161e-01
6.339470084145187867e-01
6.088652926344801930e-01
6.045633754213101119e-01
5.604128134060808453e-01
6.161487700385257504e-01
6.601615844660048138e-01
6.985176196543433358e-01
7.176173129260964290e-01
6.774698364122099248e-01
6.833536308434982054e-01
6.732368107429601567e-01
6.501955746096688138e-01
6.573373239272983781e-01
7.214444774991649600e-01
7.229598382474727858e-01
6.850771828147813602e-01
6.637679294978714450e-01
6.867880889090151042e-01
6.922534574964668286e-01
6.738836519105098066e-01
6.461377589108969755e-01
7.189486530639728201e-01
7.502811112504567115e-01
7.523512942517780466e-01
7.583091766494572949e-01
7.532219572918074091e-01
7.238212881850640823e-01
7.451838369484513613e-01
6.980407412033038383e-01
7.424452723464380899e-01
7.370666721494354423e-01
7.410338319390989970e-01
7.218214003953338231e-01
7.439023093237242534e-01
7.525595071778747869e-01
7.441579845736846499e-01
7.153965954290788520e-01
7.129445098426864247e-01
7.975633692918444595e-01
8.066338623022409893e-01
8.102159728715245812e-01
7.833729180013894178e-01
7.926421593452163128e-01
7.962118104373098193e-01
7.884869791709808728e-01
7.535071694597091918e-01
7.423752912406355042e-01
7.720053560507391666e-01
8.137017004769041550e-01
8.056589741321765752e-01
8.248882859467098205e-01
8.078961108781633760e-01
8.072622619515930076e-01
7.962949080064467555e-01
7.892868813934297290e-01
8.296400922044664394e-01
8.368922949306659698e-01
8.318516677373078982e-01
8.089747281538482993e-01
8.213942808389594896e-01
8.018800300967867667e-01
8.013185360240242527e-01
7.911183013707822065e-01
8.503161306923273655e-01
8.605216419531528382e-01
8.815474753974946731e-01
8.803050791922298890e-01
8.609559765746794824e-01
8.685835742130956216e-01
8.470850829498340895e-01
8.076495216504601116e-01
8.454371905490020156e-01
8.656582652047433157e-01
8.776826033003315430e-01
8.590060189745478691e-01
8.451365022396973847e-01
8.580752940987105282e-01
8.329047930749070572e-01
8.658420633167522862e-01
8.798668684596823164e-01
8.965797638503497646e-01
8.915360607249599445e-01
8.972429137753863415e-01
8.850199473373167036e-01
8.835552649159809091e-01
8.535207484912904485e-01
8.538855199237282978e-01
8.553915964652358817e-01
8.951469723572276216e-01
8.749064152035928021e-01
8.978777205294532493e-01
8.856443872932171502e-01
8.880247852984676227e-01
8.794389995430726970e-01
8.819582407809305469e-01
8.906165348095400613e-01
8.995041155896861262e-01
9.158381559092751978e-01
9.111437781553561877e-01
8.809416236285008139e-01
8.803367284814292981e-01
8.648750838581367173e-01
8.608348880948685222e-01
8.871234975635549080e-01
8.919229251432517769e-01
9.038153508288397919e-01
9.049676329657849738e-01
9.073385355407104225e-01
8.866468564157025112e-01
8.853111054161321158e-01
8.881335309374611686e-01
8.772754182697251046e-01
8.920593618813879022e-01
9.043749117291648432e-01
9.047517512917140348e-01
8.863036872150592549e-01
8.745971004292047990e-01
8.718371503328355976e-01
8.724687084587926522e-01
8.817553376967766088e-01
9.134194585099580932e-01
9.111982252898208623e-01
8.959467730060097779e-01
8.796028948232016420e-01
8.688192780686265770e-01
8.731096427709427177e-01
8.396490219050496417e-01
8.547424826786904628e-01
8.913490150083204222e-01
9.329081975404751592e-01
9.147713542512863061e-01
8.813448743791463258e-01
8.826295606371459268e-01
8.560857901065006548e-01
8.500566564505686040e-01
8.482165047449463646e-01
8.504673142940863961e-01
8.540780984162947842e-01
8.694954527217252371e-01
8.483702826824877086e-01
8.132224110346298884e-01
8.394453757951698680e-01
8.319334692480742088e-01
8.446691324208158713e-01
8.735351277327220165e-01
9.275213072156812677e-01
9.289320679405317360e-01
8.746038716171435912e-01
8.641933965859880384e-01
8.403010731728619565e-01
7.896298280470123165e-01
7.751063960323549829e-01
7.700758352961700748e-01
8.203190721640351013e-01
8.284572898032301902e-01
8.293238482613903839e-01
8.171408432596120042e-01
8.235545437305901162e-01
8.253862173987032147e-01
8.574209128400515079e-01
8.257236027876219131e-01
8.411944272353520935e-01
8.976691609378137926e-01
8.613129817951969969e-01
8.214654855774450315e-01
7.691899699390881695e-01
7.725581173170975591e-01
7.542250392608652598e-01
7.333683614666964834e-01
7.570408600914706465e-01
7.708898720248187342e-01
7.670920162586241098e-01
8.102960945143085070e-01
8.272078477846971367e-01
7.971651380589617197e-01
7.756326971246767510e-01
7.294838547579367560e-01
7.678261164200167466e-01
7.933411078154241070e-01
8.138051813513283994e-01
7.701497637380040340e-01
7.697386311593613639e-01
7.555082006943799611e-01
7.384559682074128828e-01
7.248361346105181013e-01
7.129440164325145934e-01
7.098005085101182221e-01
7.434640232183524766e-01
8.054056501583134464e-01
7.644766129478985928e-01
7.341749776377454184e-01
6.864049943349226357e-01
6.703959901498254270e-01
6.757563734167802982e-01
7.101788603907240871e-01
7.484586658365199874e-01
7.208831070169728905e-01
7.114838334135042963e-01
7.293442704047022884e-01
6.851717807809855065e-01
6.838641799071651928e-01
6.686882767750507162e-01
6.367784186489220399e-01
6.856443270984680094e-01
7.695094072916378591e-01
7.072253840586536500e-01
6.889884485326098762e-01
6.168426559367393702e-01
6.098462317361172946e-01
6.270332985057278652e-01
6.276573835618696195e-01
6.902022681005282045e-01
7.022513027748545911e-01
6.825992392163895417e-01
6.644128926460242113e-01
6.673842094609764297e-01
6.614547540769358802e-01
6.359834282304575037e-01
5.773054629904361690e-01
6.281220915515087766e-01
7.016833627321258371e-01
6.769642101362685072e-01
6.055310674741366528e-01
6.224254920051270901e-01
5.530510179085270650e-01
5.912967175780959872e-01
5.723920646082116814e-01
6.211615462688844236e-01
6.216647885274898533e-01
5.838117042768821152e-01
5.951393846412210697e-01
6.315718131181238260e-01
6.417259773925099164e-01
5.889139192028701730e-01
5.726677648495427375e-01
5.949619010718389944e-01
5.885874980444751881e-01
6.440704490126861748e-01
5.899303819391259474e-01
5.628814596462128339e-01
5.377441171367415285e-01
5.662244722854778978e-01
5.560846313760088311e-01
5.085470752899234892e-01
4.539169601072519100e-01
5.414890098167162158e-01
6.330796759088785919e-01
6.066429390032624935e-01
5.946143114111780426e-01
5.757208934425268598e-01
5.575304847427426935e-01
5.397442184587687430e-01
5.245811237404416350e-01
5.215402504450472598e-01
5.386575614293863667e-01
5.343530190361773791e-01
4.895263274784487639e-01
4.426902760501145173e-01
4.574482635801861985e-01
4.300533440431565935e-01
4.461695789598308370e-01
5.335263429911569766e-01
5.857155319961008244e-01
5.339230876936119641e-01
5.262971169830613638e-01
5.233744723994770975e-01
5.408399062038996563e-01
4.837556277133534532e-01
4.721668375983398835e-01
4.733660682296768063e-01
4.743957747606467046e-01
4.876668586439019126e-01
4.146043089380791469e-01
3.733563184719109751e-01
4.483802081957053431e-01
4.426786177402619593e-01
4.080909656024132026e-01
4.183735423756010929e-01
5.010419266673884486e-01
4.891706780659725862e-01
4.768595648516008034e-01
4.786073296206718730e-01
4.796959072532288038e-01
4.757500638228615020e-01
3.989190546158255524e-01
4.019544207827582261e-01
4.434932137926398954e-01
4.162667248334305792e-01
3.889446707682691629e-01
4.410595278642264749e-01
4.437749356563832626e-01
4.045353938608477473e-01
4.056741738588256485e-01
3.763950041396884605e-01
3.763632563587826496e-01
4.290153313815575631e-01
4.640991476144539218e-01
4.135872700914903222e-01
3.896509275547634377e-01
4.026649536050203593e-01
3.776465848534194536e-01
3.787777258597621599e-01
3.500483598605133029e-01
3.636444953357276244e-01
4.012525247854034638e-01
4.254413240798287643e-01
3.933068081304494368e-01
3.657856194891654922e-01
3.570299308736101795e-01
3.450819746786242259e-01
3.319631835748442228e-01
3.801964865055830756e-01
3.912378932534425480e-01
4.055109568200756520e-01
3.533949834722919792e-01
3.468997501488427782e-01
3.575454554611759428e-01
3.659901048441898119e-01
3.110034648644262600e-01
3.596783100877159467e-01
3.760561828333785495e-01
3.684194277157469277e-01
3.444696656853784011e-01
3.345460548409492918e-01
3.086532265152246990e-01
3.058753241007272083e-01
2.671919779774475923e-01
2.932251293407435733e-01
3.095297423671646841e-01
3.293385840947459786e-01
3.351313883314214759e-01
3.174914568997090347e-01
2.989230374063079898e-01
3.518753229407671768e-01
3.532216007021179993e-01
3.589099223965404595e-01
3.146589076413414121e-01
3.661775006338056082e-01
3.018830024406963797e-01
2.989334378526213309e-01
2.955558666855908068e-01
2.570752187832824887e-01
2.596530302162975978e-01
2.809791823719234305e-01
2.816211249096445823e-01
3.015945668824238091e-01
3.183115733671815217e-01
3.129280903935474645e-01
3.168793911058521151e-01
3.382534181816947982e-01
2.756348867126070523e-01
2.648490418590896955e-01
2.808747562657550323e-01
3.048310058991511862e-01
2.954772305766693030e-01
2.811287827886677082e-01
2.926997564578874278e-01
2.260580115704508564e-01
2.423523943062606545e-01
2.287349391423248723e-01
1.932810878843093938e-01
2.785298403710727011e-01
2.924746803533846418e-01
3.066225839859283986e-01
3.277778120906889581e-01
2.944819278392268314e-01
2.496221285172924020e-01
2.477634418145463480e-01
2.495002474713709784e-01
2.529208823842502007e-01
2.953899589418045313e-01
2.576239589608906311e-01
2.712780062590523511e-01
2.514080184025735409e-01
2.676909621677298623e-01
2.289164883911727899e-01
2.305749390893447881e-01
2.472622848870887902e-01
3.014154979172675719e-01
2.383592285270502431e-01
2.611753735221117312e-01
2.435079742920674417e-01
2.410932660301979835e-01
2.727850197281395661e-01
2.253482034273373291e-01
2.308732153637039486e-01
2.428492824410105611e-01
2.244838360328119398e-01
2.163460737518257959e-01
2.245306672705345008e-01
2.575761930117325127e-01
2.541432355113412700e-01
2.238479867161311809e-01
2.320029908879077674e-01
2.446865795354538076e-01
2.750600819176470258e-01
2.735387121295605461e-01
2.543088229500803377e-01
2.255530584238789882e-01
2.369614461079974088e-01
2.688779497915453343e-01
1.791043252491492932e-01
2.210402790312471222e-01
2.529963249163751926e-01
1.974925178239724521e-01
2.489745721791544741e-01
2.868807326290709336e-01
2.643416927046561282e-01
2.152971394300258745e-01
2.256950020041751936e-01
2.615342455294120128e-01
2.093428926263843359e-01
2.880849404508834533e-01
1.528811516709065177e-01
1.907009857776451600e-01
2.054507571633384377e-01
2.879807065603980365e-01
2.927669476173058727e-01
1.938012455157668290e-01
2.483199803262846339e-01
2.567040531683950078e-01
2.840696717347665490e-01
2.717095368675056521e-01
3.069881246623249460e-01
2.763582436858579294e-01
2.245548200265764238e-01
2.603216829211407735e-01
2.353841310946183929e-01
2.654707561145684958e-01
2.217226866840896760e-01
2.428769994058528892e-01
2.660646850085701676e-01
2.282691665167476680e-01
2.549727760383807551e-01
2.656128189715744603e-01
2.759061548104350670e-01
3.192708639430539286e-01
3.589675443001362209e-01
2.965878235937028373e-01
2.086677523173918192e-01
2.310262004708182326e-01
2.713640600874359099e-01
2.321976371972070685e-01
2.155667977855747486e-01
2.622958646570439645e-01
2.547663292584597672e-01
2.751275923663966672e-01
2.446726916284457098e-01
3.333353605528021624e-01
2.656121168195920146e-01
2.660659017163058415e-01
2.981211641414887037e-01
3.411842609202022647e-01
3.614967472103113311e-01
3.550928754508210217e-01
2.876419217709555998e-01
2.863473105689453013e-01
3.301860721528917519e-01
2.290946212419482375e-01
2.458238245954841306e-01
2.749955449992196876e-01
2.517026770209302988e-01
3.199768554297229284e-01
3.333005963761189738e-01
4.077254271435747923e-01
5.048427212640731465e-01
2.734381711552438809e-01
2.987428599958950048e-01
2.862436187434344581e-01
4.068127845157180067e-01
3.404926174573791875e-01
3.704865943879630530e-01
2.588257222753405640e-01
2.884909787339859921e-01
3.552316459721515662e-01
2.880769077648920318e-01
2.821697420357832664e-01
3.494861000709323373e-01
4.712712022374747067e-01
4.081345926526030454e-01
3.978260238318342412e-01
3.916071435318508875e-01
3.739355149463581274e-01
4.465025981848554371e-01
3.125755017316775852e-01
3.868245071836071691e-01
3.703261757998969061e-01
3.275290977091715461e-01
3.993319893437713430e-01
3.133823215818757890e-01
3.746683973542615509e-01
3.489095633951296849e-01
4.404531908935336859e-01
4.019166520056209890e-01
4.409398477102017821e-01
4.596911406566396296e-01
4.060784103689417668e-01
4.038731627093677390e-01
4.195993700547889782e-01
3.683486975702933708e-01
3.516212675862807058e-01
3.496713271064839645e-01
3.716566910863684514e-01
3.703768790718491855e-01
3.780856523808566738e-01
4.703315648853844122e-01
4.472896299487529315e-01
4.794246291502708424e-01
4.488479186256308373e-01
3.863819403844283018e-01
4.408124945642415971e-01
4.671791338557085282e-01
4.380940737410528585e-01
4.499224213561346386e-01
3.951603263942997102e-01
4.373028661414093965e-01
3.991550062438183333e-01
4.087951296350438302e-01
3.729393488901567855e-01
5.029395254666193527e-01
5.366511568018428324e-01
6.129486971929516415e-01
4.860554464565002841e-01
5.161426330710002786e-01
3.648308382149736961e-01
4.388161477745243788e-01
5.822003862552797004e-01
6.396624689047880619e-01
7.278237632205993846e-01
4.466208417489431759e-01
4.352985890430823845e-01
5.320219572314699441e-01
4.392078390453856285e-01
5.479717864210821299e-01
4.861965463277562183e-01
5.477099393231865676e-01
5.876365961367164825e-01
6.095476316234761383e-01
6.800743599094497549e-01
5.208186215860592938e-01
5.251446678102978938e-01
5.439715744734724412e-01
6.429343602048663842e-01
4.720656976679465933e-01
6.167862225822462463e-01
6.259883521323144073e-01
5.754284854933306992e-01
4.587600015063337811e-01
5.627138706705772098e-01
6.169872044074323769e-01
5.913431646336255731e-01
6.067702160241141840e-01
5.878172440339483051e-01
5.929703241975459171e-01
5.679873996887440102e-01
5.345791976663032408e-01
5.210749594115993144e-01
6.045483761068835005e-01
5.322481874926364709e-01
5.514825093000076395e-01
4.871752705800627692e-01
6.089186119047517165e-01
6.357999409268422220e-01
6.576445174171474672e-01
6.558259173181160140e-01
6.057569978550992884e-01
6.267720719416433051e-01
6.424010659547713109e-01
5.957842901019926307e-01
6.617640504116255595e-01
6.506092634377940165e-01
6.291212057306236893e-01
6.467303106449657779e-01
5.746222535207163862e-01
6.384369112334437046e-01
5.676552829205743222e-01
5.535495573360413868e-01
7.056399587101915838e-01
7.478000885747022597e-01
7.433754213141182676e-01
7.109906057143005054e-01
8.350140335395183078e-01
