4.899000000000000000e+11 1.181871875272925809e+00
4.900750000000000000e+11 1.148860376940037398e+00
4.902500000000000000e+11 1.130773019035711258e+00
4.904250000000000000e+11 1.082710214764791345e+00
4.906000000000000000e+11 1.024310619831466207e+00
4.907750000000000000e+11 1.029005514542437716e+00
4.909500000000000000e+11 1.045825345318794897e+00
4.911250000000000000e+11 1.058256901179957188e+00
4.913000000000000000e+11 1.071234384975338738e+00
4.914750000000000000e+11 1.089992946013049968e+00
4.916500000000000000e+11 1.106058349112277295e+00
4.918250000000000000e+11 1.111312219443142402e+00
4.920000000000000000e+11 1.085519762732963800e+00
4.921750000000000000e+11 1.062403685707798751e+00
4.923500000000000000e+11 1.091856661534672535e+00
4.925250000000000000e+11 1.094026654282011846e+00
4.927000000000000000e+11 1.106967134345533177e+00
4.928750000000000000e+11 1.099251569559529962e+00
4.930500000000000000e+11 1.094757818883485223e+00
4.932250000000000000e+11 1.074065400933303494e+00
4.934000000000000000e+11 1.068838498649662627e+00
4.935750000000000000e+11 1.036065240339076876e+00
4.937500000000000000e+11 1.034521344231862372e+00
4.939250000000000000e+11 1.051206275001129731e+00
4.941000000000000000e+11 1.049917934247113660e+00
4.942750000000000000e+11 1.067275424242853932e+00
4.944500000000000000e+11 1.057865455250770692e+00
4.946250000000000000e+11 1.064318096397965485e+00
4.948000000000000000e+11 1.062440492924896951e+00
4.949750000000000000e+11 1.037084106030372155e+00
4.951500000000000000e+11 1.037516750423747025e+00
4.953250000000000000e+11 1.044962848744749762e+00
4.955000000000000000e+11 1.038486710872031260e+00
4.956750000000000000e+11 1.035449473501826700e+00
4.958500000000000000e+11 1.029304080599365401e+00
4.960250000000000000e+11 1.026231157989510701e+00
4.962000000000000000e+11 1.031990104351863113e+00
4.963750000000000000e+11 1.015985656036055174e+00
4.965500000000000000e+11 1.014547463157122076e+00
4.967250000000000000e+11 1.007876915967160780e+00
4.969000000000000000e+11 1.004260691398643157e+00
4.970750000000000000e+11 1.002460890954554928e+00
4.972500000000000000e+11 9.961335439649671164e-01
4.974250000000000000e+11 9.888305545364269866e-01
4.976000000000000000e+11 9.958330173305549593e-01
4.977750000000000000e+11 9.904133496155793637e-01
4.979500000000000000e+11 9.976032870059079460e-01
4.981250000000000000e+11 9.878155318280147368e-01
4.983000000000000000e+11 9.861495858289146543e-01
4.984750000000000000e+11 9.793615925616285800e-01
4.986500000000000000e+11 9.709268583909304029e-01
4.988250000000000000e+11 9.533123535600690479e-01
4.990000000000000000e+11 9.442221533039825143e-01
4.991750000000000000e+11 9.509930010234648456e-01
4.993500000000000000e+11 9.631909867179294649e-01
4.995250000000000000e+11 9.591373635894504535e-01
4.997000000000000000e+11 9.362493356072442152e-01
4.998750000000000000e+11 9.137057375847731366e-01
5.000500000000000000e+11 9.158099780469241002e-01
5.002250000000000000e+11 9.018954141984132367e-01
5.004000000000000000e+11 8.859882513391164061e-01
5.005750000000000000e+11 8.903656593843093381e-01
5.007500000000000000e+11 9.289538800238827942e-01
5.009250000000000000e+11 9.413467458971476187e-01
5.011000000000000000e+11 9.275377883837806481e-01
5.012750000000000000e+11 9.152254071930771007e-01
5.014500000000000000e+11 9.042339358078717027e-01
5.016250000000000000e+11 8.931584494650143258e-01
5.018000000000000000e+11 8.756411578355589587e-01
5.019750000000000000e+11 8.611740517410259033e-01
5.021500000000000000e+11 8.716146537431183061e-01
5.023250000000000000e+11 8.757204198211513413e-01
5.025000000000000000e+11 8.634375221733169292e-01
5.026750000000000000e+11 8.429402665061637157e-01
5.028500000000000000e+11 8.222206778699868712e-01
5.030250000000000000e+11 8.135300306090146316e-01
5.032000000000000000e+11 7.827576580081641033e-01
5.033750000000000000e+11 7.982073857243539017e-01
5.035500000000000000e+11 8.097223050590726112e-01
5.037250000000000000e+11 8.609288812262267943e-01
5.039000000000000000e+11 8.440163502707902499e-01
5.040750000000000000e+11 8.235140324342848928e-01
5.042500000000000000e+11 8.241341435396035697e-01
5.044250000000000000e+11 8.057111232284481783e-01
5.046000000000000000e+11 7.880970091837499192e-01
5.047750000000000000e+11 7.590367942839023607e-01
5.049500000000000000e+11 7.324948315758277317e-01
5.051250000000000000e+11 7.660488791855250001e-01
5.053000000000000000e+11 8.065607283325461063e-01
5.054750000000000000e+11 7.760099064092639276e-01
5.056500000000000000e+11 7.664128823663889367e-01
5.058250000000000000e+11 7.502172344937710902e-01
5.060000000000000000e+11 7.370562807575582465e-01
5.061750000000000000e+11 7.188340756056049718e-01
5.063500000000000000e+11 7.027660395219454958e-01
5.065250000000000000e+11 7.226328859050198394e-01
5.067000000000000000e+11 7.368407262690865878e-01
5.068750000000000000e+11 7.183824898665384096e-01
5.070500000000000000e+11 7.162809565577147319e-01
5.072250000000000000e+11 6.966426382875253731e-01
5.074000000000000000e+11 6.820355869643891511e-01
5.075750000000000000e+11 6.417633923693413234e-01
5.077500000000000000e+11 6.243287367477983185e-01
5.079250000000000000e+11 6.469743996855044088e-01
5.081000000000000000e+11 7.133526460357479948e-01
5.082750000000000000e+11 7.174123451807374874e-01
5.084500000000000000e+11 6.974742483620023359e-01
5.086250000000000000e+11 6.879995862305844367e-01
5.088000000000000000e+11 6.736912805520653968e-01
5.089750000000000000e+11 6.575872390648880295e-01
5.091500000000000000e+11 6.319837099029301797e-01
5.093250000000000000e+11 6.057424216050858456e-01
5.095000000000000000e+11 6.252467783725554895e-01
5.096750000000000000e+11 6.150053854479955451e-01
5.098500000000000000e+11 6.099198837914111548e-01
5.100250000000000000e+11 6.144926890828779076e-01
5.102000000000000000e+11 5.927659744417528298e-01
5.103750000000000000e+11 5.727745744784112913e-01
5.105500000000000000e+11 5.489359175491151932e-01
5.107250000000000000e+11 5.466061078754121949e-01
5.109000000000000000e+11 5.949377363842277555e-01
5.110750000000000000e+11 6.256128260952439346e-01
5.112500000000000000e+11 6.134064092624650355e-01
5.114250000000000000e+11 6.152688987437537893e-01
5.116000000000000000e+11 6.000921517366221147e-01
5.117750000000000000e+11 5.811025949716502881e-01
5.119500000000000000e+11 5.358259632366283443e-01
5.121250000000000000e+11 4.877685839382618349e-01
5.123000000000000000e+11 4.963697795667877943e-01
5.124750000000000000e+11 5.345096065401057084e-01
5.126500000000000000e+11 5.378890103534472722e-01
5.128250000000000000e+11 5.322287304407722353e-01
5.130000000000000000e+11 5.138081908818894483e-01
5.131750000000000000e+11 5.084012488029314714e-01
5.133500000000000000e+11 4.931662338012809399e-01
5.135250000000000000e+11 4.747229599646770604e-01
5.137000000000000000e+11 4.710186726796120049e-01
5.138750000000000000e+11 4.950044054465598253e-01
5.140500000000000000e+11 5.213593713531819995e-01
5.142250000000000000e+11 5.084198546714849831e-01
5.144000000000000000e+11 4.948217206021657821e-01
5.145750000000000000e+11 4.760546793200063909e-01
5.147500000000000000e+11 4.509865518218977298e-01
5.149250000000000000e+11 4.192042729999544415e-01
5.151000000000000000e+11 4.143475230546266319e-01
5.152750000000000000e+11 4.501347244043010787e-01
5.154500000000000000e+11 4.764556815440103010e-01
5.156250000000000000e+11 4.683727050021880278e-01
5.158000000000000000e+11 4.656322296714950348e-01
5.159750000000000000e+11 4.699021445834487554e-01
5.161500000000000000e+11 4.662621261513277271e-01
5.163250000000000000e+11 4.358646057483525071e-01
5.165000000000000000e+11 3.854188083823091304e-01
5.166750000000000000e+11 3.897002397402387630e-01
5.168500000000000000e+11 4.388744781540320772e-01
5.170250000000000000e+11 4.530427601603118637e-01
5.172000000000000000e+11 4.244328851415007375e-01
5.173750000000000000e+11 4.105876246296167320e-01
5.175500000000000000e+11 3.959499735098048756e-01
5.177250000000000000e+11 3.861180208797110880e-01
5.179000000000000000e+11 3.604623900674502335e-01
5.180750000000000000e+11 3.654627286787030527e-01
5.182500000000000000e+11 3.827085983925779811e-01
5.184250000000000000e+11 4.033165914848113598e-01
5.186000000000000000e+11 3.974418335718605255e-01
5.187750000000000000e+11 3.893412288139763699e-01
5.189500000000000000e+11 3.874354934768299286e-01
5.191250000000000000e+11 3.750867658109265923e-01
5.193000000000000000e+11 3.453244409290320838e-01
5.194750000000000000e+11 3.422789671369684816e-01
5.196500000000000000e+11 3.669386137218995092e-01
5.198250000000000000e+11 3.748967184640927819e-01
5.200000000000000000e+11 3.723933027545132668e-01
5.201750000000000000e+11 3.681831326229544343e-01
5.203500000000000000e+11 3.635565125708787870e-01
5.205250000000000000e+11 3.530390073614657065e-01
5.207000000000000000e+11 3.386249126817370558e-01
5.208750000000000000e+11 2.963456515507491562e-01
5.210500000000000000e+11 2.891451646043957657e-01
5.212250000000000000e+11 3.446673701818273594e-01
5.214000000000000000e+11 3.646824886749717165e-01
5.215750000000000000e+11 3.551279768915477364e-01
5.217500000000000000e+11 3.516691703384499101e-01
5.219250000000000000e+11 3.454520014061652211e-01
5.221000000000000000e+11 3.424588596890394965e-01
5.222750000000000000e+11 3.247214138715526222e-01
5.224500000000000000e+11 3.203680560161994428e-01
5.226250000000000000e+11 3.241224579375511783e-01
5.228000000000000000e+11 3.329836314257201280e-01
5.229750000000000000e+11 3.401064790059565857e-01
5.231500000000000000e+11 3.319728530712783843e-01
5.233250000000000000e+11 3.211049895555306843e-01
5.235000000000000000e+11 3.156110333333171925e-01
5.236750000000000000e+11 2.820992303886389885e-01
5.238500000000000000e+11 2.778236704393003964e-01
5.240250000000000000e+11 3.160553211841397037e-01
5.242000000000000000e+11 3.337658057918403975e-01
5.243750000000000000e+11 3.236784464765339875e-01
5.245500000000000000e+11 3.227111316762998894e-01
5.247250000000000000e+11 3.079902047016445654e-01
5.249000000000000000e+11 3.133856144835538982e-01
5.250750000000000000e+11 3.137033505279224199e-01
5.252500000000000000e+11 2.883554172424716011e-01
5.254250000000000000e+11 2.808100300263095539e-01
5.256000000000000000e+11 2.964552903343930512e-01
5.257750000000000000e+11 3.242843758746505323e-01
5.259500000000000000e+11 3.463790656611117624e-01
5.261250000000000000e+11 3.619253458807250023e-01
5.263000000000000000e+11 3.709481150803038974e-01
5.264750000000000000e+11 3.659353154889831705e-01
5.266500000000000000e+11 3.409126823607054324e-01
5.268250000000000000e+11 3.312680627876802841e-01
5.270000000000000000e+11 3.576277816182857894e-01
5.271750000000000000e+11 3.780115729502388500e-01
5.273500000000000000e+11 3.647860319056252520e-01
5.275250000000000000e+11 3.351622977811244408e-01
5.277000000000000000e+11 3.026804513769070781e-01
5.278750000000000000e+11 3.080090886943366857e-01
5.280500000000000000e+11 2.887018190112488059e-01
5.282250000000000000e+11 2.665911725097591667e-01
5.284000000000000000e+11 3.163423667495122160e-01
5.285750000000000000e+11 3.349230763113346665e-01
5.287500000000000000e+11 3.487774087710664439e-01
5.289250000000000000e+11 3.495551015961629315e-01
5.291000000000000000e+11 3.495440658188686545e-01
5.292750000000000000e+11 3.513117365601881037e-01
5.294500000000000000e+11 3.479417238490714048e-01
5.296250000000000000e+11 3.124438144996383726e-01
5.298000000000000000e+11 3.081978567177065531e-01
5.299750000000000000e+11 3.347201655169667611e-01
5.301500000000000000e+11 3.382181945237940357e-01
5.303250000000000000e+11 3.365499708703709181e-01
5.305000000000000000e+11 3.261558117859484907e-01
5.306750000000000000e+11 3.253999543757893353e-01
5.308500000000000000e+11 3.994768512804687255e-01
5.310250000000000000e+11 3.842535339059540145e-01
5.312000000000000000e+11 3.759551461732690281e-01
5.313750000000000000e+11 4.109385045755269417e-01
5.315500000000000000e+11 4.368380911148457280e-01
5.317250000000000000e+11 4.446172959480630404e-01
5.319000000000000000e+11 4.491135383336170017e-01
5.320750000000000000e+11 4.417400581670494208e-01
5.322500000000000000e+11 4.426736697937357912e-01
5.324250000000000000e+11 4.179808076866815547e-01
5.326000000000000000e+11 3.780776608021033103e-01
5.327750000000000000e+11 4.024574401783156952e-01
5.329500000000000000e+11 4.352255183519160853e-01
5.331250000000000000e+11 4.462399098103030370e-01
5.333000000000000000e+11 4.363657501670490935e-01
5.334750000000000000e+11 4.331518870028403523e-01
5.336500000000000000e+11 4.559626944310437580e-01
5.338250000000000000e+11 4.767210780679314586e-01
5.340000000000000000e+11 4.545827395474048016e-01
5.341750000000000000e+11 4.420604452510212279e-01
5.343500000000000000e+11 4.757555262473866509e-01
5.345250000000000000e+11 4.907797706816735550e-01
5.347000000000000000e+11 4.721046818587598115e-01
5.348750000000000000e+11 4.684672130548909186e-01
5.350500000000000000e+11 4.466626646070679940e-01
5.352250000000000000e+11 4.599988568917660614e-01
5.354000000000000000e+11 4.289538650703277889e-01
5.355750000000000000e+11 4.316406499970759092e-01
5.357500000000000000e+11 4.723230724359205879e-01
5.359250000000000000e+11 4.991118663684838141e-01
5.361000000000000000e+11 4.996007247120044514e-01
5.362750000000000000e+11 5.056886248470324752e-01
5.364500000000000000e+11 5.155771160208595383e-01
5.366250000000000000e+11 5.218473859540748716e-01
5.368000000000000000e+11 5.260239024727068058e-01
5.369750000000000000e+11 4.713478922413630867e-01
5.371500000000000000e+11 4.661505119696947030e-01
5.373250000000000000e+11 4.769606036923321191e-01
5.375000000000000000e+11 4.814743291835000272e-01
5.376750000000000000e+11 4.938202028618841055e-01
5.378500000000000000e+11 4.877546700820108438e-01
5.380250000000000000e+11 4.774152202904130005e-01
5.382000000000000000e+11 4.990206822093871120e-01
5.383750000000000000e+11 4.906815355400349077e-01
5.385500000000000000e+11 5.053870588669628905e-01
5.387250000000000000e+11 5.481685886285008191e-01
5.389000000000000000e+11 5.725590786503980123e-01
5.390750000000000000e+11 5.131559086040747841e-01
5.392500000000000000e+11 5.157875242155597340e-01
5.394250000000000000e+11 4.962823361241752163e-01
5.396000000000000000e+11 4.696429154710728970e-01
5.397750000000000000e+11 4.373312583487918292e-01
5.399500000000000000e+11 3.930541355342050958e-01
5.401250000000000000e+11 4.426712890755810093e-01
5.403000000000000000e+11 4.774820091011761636e-01
5.404750000000000000e+11 4.950939077101445540e-01
5.406500000000000000e+11 4.870254494894556418e-01
5.408250000000000000e+11 4.948944673086360657e-01
5.410000000000000000e+11 4.986484142248448492e-01
5.411750000000000000e+11 5.077069473547080047e-01
5.413500000000000000e+11 4.732633949759909586e-01
5.415250000000000000e+11 5.441896963634554885e-01
5.417000000000000000e+11 6.068314035847464094e-01
5.418750000000000000e+11 6.185284727394337878e-01
5.420500000000000000e+11 5.812732360138997967e-01
5.422250000000000000e+11 5.842576125962861688e-01
5.424000000000000000e+11 5.625220551375907929e-01
5.425750000000000000e+11 5.467996723511766577e-01
5.427500000000000000e+11 5.272775433316834182e-01
5.429250000000000000e+11 5.045824445443328754e-01
5.431000000000000000e+11 5.720615082559119546e-01
5.432750000000000000e+11 6.107895804091070246e-01
5.434500000000000000e+11 6.243058231972327121e-01
5.436250000000000000e+11 6.330935561652408783e-01
5.438000000000000000e+11 6.303957799615603763e-01
5.439750000000000000e+11 6.093923448323614878e-01
5.441500000000000000e+11 5.958236421465972210e-01
5.443250000000000000e+11 5.991325930998363525e-01
5.445000000000000000e+11 6.201524501644315457e-01
5.446750000000000000e+11 6.499217770949317075e-01
5.448500000000000000e+11 6.321968962146617965e-01
5.450250000000000000e+11 6.178984919965402334e-01
5.452000000000000000e+11 6.076340669246709236e-01
5.453750000000000000e+11 5.942158682403885228e-01
5.455500000000000000e+11 5.991439855582966212e-01
5.457250000000000000e+11 5.808024541654310813e-01
5.459000000000000000e+11 5.747891701988248059e-01
5.460750000000000000e+11 6.286454711937985440e-01
5.462500000000000000e+11 6.676876699693646833e-01
5.464250000000000000e+11 6.760099294280897952e-01
5.466000000000000000e+11 6.745442879501595268e-01
5.467750000000000000e+11 6.061251947730600387e-01
5.469500000000000000e+11 6.034785538436056029e-01
5.471250000000000000e+11 6.022150393019138903e-01
5.473000000000000000e+11 5.919235355526641928e-01
5.474750000000000000e+11 6.089842864299555014e-01
5.476500000000000000e+11 6.192344596762254794e-01
5.478250000000000000e+11 6.180644653296980540e-01
5.480000000000000000e+11 5.985991393818790307e-01
5.481750000000000000e+11 6.138437003987031737e-01
5.483500000000000000e+11 5.965859390964750597e-01
5.485250000000000000e+11 5.809386161602484444e-01
5.487000000000000000e+11 5.693928590180853400e-01
5.488750000000000000e+11 5.814273049015555861e-01
5.490500000000000000e+11 6.142574677527250504e-01
5.492250000000000000e+11 7.003214539649523784e-01
5.494000000000000000e+11 7.330437081587619641e-01
5.495750000000000000e+11 7.242953787376824604e-01
5.497500000000000000e+11 7.372005695354072463e-01
5.499250000000000000e+11 7.312117576956571607e-01
5.501000000000000000e+11 7.345754848186247798e-01
5.502750000000000000e+11 7.175609156521385312e-01
5.504500000000000000e+11 7.130892739084858656e-01
5.506250000000000000e+11 6.958295911184568805e-01
5.508000000000000000e+11 7.162455569918295684e-01
5.509750000000000000e+11 7.101403059933591999e-01
5.511500000000000000e+11 7.126061108927528309e-01
5.513250000000000000e+11 6.927992609519714184e-01
5.515000000000000000e+11 7.028560650529307452e-01
5.516750000000000000e+11 6.938289559251612504e-01
5.518500000000000000e+11 6.961184217518204820e-01
5.520250000000000000e+11 7.247928814798950681e-01
5.522000000000000000e+11 7.382717394161473212e-01
5.523750000000000000e+11 7.273350117484372879e-01
5.525500000000000000e+11 7.550727028207537828e-01
5.527250000000000000e+11 7.759575836762947487e-01
5.529000000000000000e+11 7.572188080563782009e-01
5.530750000000000000e+11 7.696928520863903778e-01
5.532500000000000000e+11 7.464992724430232762e-01
5.534250000000000000e+11 7.497130960765847618e-01
5.536000000000000000e+11 7.542725219755365140e-01
5.537750000000000000e+11 7.475009766325515503e-01
5.539500000000000000e+11 7.412796920126034639e-01
5.541250000000000000e+11 7.553010473571363237e-01
5.543000000000000000e+11 7.536835312844080148e-01
5.544750000000000000e+11 7.672090462582701331e-01
5.546500000000000000e+11 7.252485756308266751e-01
5.548250000000000000e+11 8.289070307396881887e-01
5.550000000000000000e+11 8.651876478035008811e-01
5.551750000000000000e+11 7.391112437472424634e-01
5.553500000000000000e+11 7.371728951878208091e-01
5.555250000000000000e+11 8.425825609919466164e-01
5.557000000000000000e+11 7.375180947265533860e-01
5.558750000000000000e+11 8.962942029927398746e-01
5.560500000000000000e+11 9.228846224958894284e-01
5.562250000000000000e+11 7.555782628549885249e-01
5.564000000000000000e+11 7.049391228754179339e-01
5.565750000000000000e+11 9.424566607044060351e-01
5.567500000000000000e+11 8.606931021206575272e-01
5.569250000000000000e+11 8.392989485043299558e-01
5.571000000000000000e+11 7.019282124093852993e-01
5.572750000000000000e+11 1.015841707540767969e+00
5.574500000000000000e+11 5.369613389075570398e-01
5.576250000000000000e+11 9.939159871562733839e-01
5.578000000000000000e+11 5.988037233819787364e-01
5.579750000000000000e+11 7.195935781082654081e-01
5.581500000000000000e+11 8.349779836707270642e-01
5.583250000000000000e+11 8.903717320081154796e-01
5.585000000000000000e+11 9.149747951452141814e-01
5.586750000000000000e+11 8.569456060929704355e-01
5.588500000000000000e+11 8.301091863745229116e-01
5.590250000000000000e+11 8.529785977701419553e-01
5.592000000000000000e+11 9.249579204471860550e-01
5.593750000000000000e+11 8.946162668811113994e-01
5.595500000000000000e+11 8.248619088174433678e-01
5.597250000000000000e+11 9.050983431498326182e-01
5.599000000000000000e+11 8.199132925112434522e-01
5.600750000000000000e+11 8.541746319021389366e-01
5.602500000000000000e+11 8.464229898452341194e-01
5.604250000000000000e+11 8.187815320492592974e-01
5.606000000000000000e+11 8.155943420222497853e-01
5.607750000000000000e+11 8.442102439703779160e-01
5.609500000000000000e+11 8.143227873105023384e-01
5.611250000000000000e+11 8.225939213079268564e-01
5.613000000000000000e+11 8.234769332472493542e-01
5.614750000000000000e+11 8.378765090485456035e-01
5.616500000000000000e+11 8.833248453653465004e-01
5.618250000000000000e+11 8.790659448029146672e-01
5.620000000000000000e+11 8.601509459207398178e-01
5.621750000000000000e+11 8.754371097269973978e-01
5.623500000000000000e+11 8.560429818539253555e-01
5.625250000000000000e+11 8.549521971075471072e-01
5.627000000000000000e+11 8.479692488596555222e-01
5.628750000000000000e+11 8.627453844972851060e-01
5.630500000000000000e+11 8.676560294291950637e-01
5.632250000000000000e+11 8.864748385588172575e-01
5.634000000000000000e+11 8.942800180894804329e-01
5.635750000000000000e+11 8.970960423239968673e-01
5.637500000000000000e+11 8.741125384035939305e-01
5.639250000000000000e+11 8.525686430175678510e-01
5.641000000000000000e+11 8.550812562788364657e-01
5.642750000000000000e+11 8.730518262889994663e-01
5.644500000000000000e+11 8.891366969334242309e-01
5.646250000000000000e+11 9.110063056077244426e-01
5.648000000000000000e+11 9.323339781940591653e-01
5.649750000000000000e+11 9.342500372419146881e-01
5.651500000000000000e+11 9.274576637106475285e-01
5.653250000000000000e+11 9.300593352989683371e-01
5.655000000000000000e+11 8.898850842583768683e-01
5.656750000000000000e+11 8.658353467798135528e-01
5.658500000000000000e+11 8.771842022199437539e-01
5.660250000000000000e+11 9.165976871131952253e-01
5.662000000000000000e+11 9.519966282082330533e-01
5.663750000000000000e+11 9.478662397900740055e-01
5.665500000000000000e+11 9.300523500919160025e-01
5.667250000000000000e+11 9.371029702371360681e-01
5.669000000000000000e+11 9.140977011604736191e-01
5.670750000000000000e+11 8.908475416295466021e-01
5.672500000000000000e+11 9.075064430911998770e-01
5.674250000000000000e+11 9.408702456614858045e-01
5.676000000000000000e+11 9.815300517746547992e-01
5.677750000000000000e+11 1.002201071439532409e+00
5.679500000000000000e+11 1.000018191784367572e+00
5.681250000000000000e+11 1.004455153192926220e+00
5.683000000000000000e+11 9.614567678940976192e-01
5.684750000000000000e+11 8.932252252204004872e-01
5.686500000000000000e+11 8.644647407449028709e-01
5.688250000000000000e+11 9.128794093931358322e-01
5.690000000000000000e+11 9.825856329288277236e-01
5.691750000000000000e+11 1.011366795787032036e+00
5.693500000000000000e+11 9.925156943135635679e-01
5.695250000000000000e+11 9.853425046666420828e-01
5.697000000000000000e+11 9.906987912169155086e-01
5.698750000000000000e+11 9.587461479660605024e-01
5.700500000000000000e+11 9.215026497738271205e-01
5.702250000000000000e+11 9.501195689644705844e-01
5.704000000000000000e+11 1.012419999014490868e+00
5.705750000000000000e+11 1.042513706549871522e+00
5.707500000000000000e+11 1.045749641821148046e+00
5.709250000000000000e+11 1.021849198360032185e+00
5.711000000000000000e+11 1.000046635308500020e+00
5.712750000000000000e+11 9.822140268034464938e-01
5.714500000000000000e+11 9.413895038441059127e-01
5.716250000000000000e+11 9.419640004414326917e-01
5.718000000000000000e+11 9.914317270604350307e-01
5.719750000000000000e+11 1.030600432481937334e+00
5.721500000000000000e+11 1.051801011995440849e+00
5.723250000000000000e+11 1.042090175667774954e+00
5.725000000000000000e+11 1.031577192111812646e+00
5.726750000000000000e+11 1.051665853349647906e+00
5.728500000000000000e+11 1.004490396829499588e+00
5.730250000000000000e+11 9.742904040283522082e-01
5.732000000000000000e+11 1.008347323183344857e+00
5.733750000000000000e+11 1.030437230401600512e+00
5.735500000000000000e+11 1.037887603591797436e+00
5.737250000000000000e+11 1.056675978165433349e+00
5.739000000000000000e+11 1.064909497458451648e+00
5.740750000000000000e+11 1.066545546345934792e+00
5.742500000000000000e+11 1.074970966207982270e+00
5.744250000000000000e+11 9.894035493747873611e-01
5.746000000000000000e+11 9.682809344497655957e-01
5.747750000000000000e+11 1.039593153954497806e+00
5.749500000000000000e+11 1.095917205492962010e+00
5.751250000000000000e+11 1.119870137550403877e+00
5.753000000000000000e+11 1.117026579740720615e+00
5.754750000000000000e+11 1.094912450090301803e+00
5.756500000000000000e+11 1.089807109450727118e+00
5.758250000000000000e+11 1.042865345130038701e+00
5.760000000000000000e+11 9.836842069342134343e-01
5.761750000000000000e+11 9.805690950955565643e-01
5.763500000000000000e+11 1.025339391093918362e+00
5.765250000000000000e+11 1.097299459456646531e+00
5.767000000000000000e+11 1.137331874415578925e+00
5.768750000000000000e+11 1.105504917778647123e+00
5.770500000000000000e+11 1.101981078648386347e+00
5.772250000000000000e+11 1.077574957001597333e+00
5.774000000000000000e+11 9.931079452070583624e-01
5.775750000000000000e+11 1.039714341661468922e+00
5.777500000000000000e+11 1.139347201557388223e+00
5.779250000000000000e+11 1.191480354330719749e+00
5.781000000000000000e+11 1.149679747629979376e+00
5.782750000000000000e+11 1.110015012140024959e+00
5.784500000000000000e+11 1.077371778429688565e+00
5.786250000000000000e+11 1.077065144354326653e+00
5.788000000000000000e+11 1.015717660688895574e+00
5.789750000000000000e+11 9.749051177741795415e-01
5.791500000000000000e+11 1.025188741701972717e+00
5.793250000000000000e+11 1.081928031866181028e+00
5.795000000000000000e+11 1.138456167119735296e+00
5.796750000000000000e+11 1.134047900332820324e+00
5.798500000000000000e+11 1.147252743608369485e+00
5.800250000000000000e+11 1.150200148122609178e+00
5.802000000000000000e+11 1.093991506834102623e+00
5.803750000000000000e+11 1.080057622937931061e+00
5.805500000000000000e+11 1.139031999931531036e+00
5.807250000000000000e+11 1.166637012828795505e+00
5.809000000000000000e+11 1.144148031517443487e+00
5.810750000000000000e+11 1.141702496793555177e+00
5.812500000000000000e+11 1.120072702102609785e+00
5.814250000000000000e+11 1.106175757468117249e+00
5.816000000000000000e+11 1.079762652415221513e+00
5.817750000000000000e+11 1.003109949578896654e+00
5.819500000000000000e+11 1.031740347774466882e+00
5.821250000000000000e+11 1.106150861841862509e+00
5.823000000000000000e+11 1.158509811964686387e+00
5.824750000000000000e+11 1.161904080612550461e+00
5.826500000000000000e+11 1.195850515974848483e+00
5.828250000000000000e+11 1.176925874912950087e+00
5.830000000000000000e+11 1.182237891820800302e+00
5.831750000000000000e+11 1.125925969249161440e+00
5.833500000000000000e+11 1.134766515871246773e+00
5.835250000000000000e+11 1.137672541889143352e+00
5.837000000000000000e+11 1.137262409802694441e+00
5.838750000000000000e+11 1.108083036164879465e+00
5.840500000000000000e+11 1.140990323558959130e+00
5.842250000000000000e+11 1.109165083509775496e+00
5.844000000000000000e+11 1.131564904984360131e+00
5.845750000000000000e+11 1.091255706676328874e+00
5.847500000000000000e+11 1.080814595423455149e+00
5.849250000000000000e+11 1.085427721114621491e+00
5.851000000000000000e+11 1.143091423576401144e+00
5.852750000000000000e+11 1.176932588142694192e+00
5.854500000000000000e+11 1.188323823682025493e+00
5.856250000000000000e+11 1.186610610617258477e+00
5.858000000000000000e+11 1.181676463676726296e+00
5.859750000000000000e+11 1.151895217591000442e+00
5.861500000000000000e+11 1.109130007224845116e+00
5.863250000000000000e+11 1.090975813504617697e+00
5.865000000000000000e+11 1.113547407817400359e+00
5.866750000000000000e+11 1.110342144690166011e+00
5.868500000000000000e+11 1.143722166369578463e+00
5.870250000000000000e+11 1.150155324031847615e+00
5.872000000000000000e+11 1.144658471657308718e+00
5.873750000000000000e+11 1.144542356858202714e+00
5.875500000000000000e+11 1.123313888230047297e+00
5.877250000000000000e+11 1.093889243879411666e+00
5.879000000000000000e+11 1.122936759828850439e+00
5.880750000000000000e+11 1.164237697093187807e+00
5.882500000000000000e+11 1.153941635624157414e+00
5.884250000000000000e+11 1.165402186331781165e+00
5.886000000000000000e+11 1.147747221212161328e+00
5.887750000000000000e+11 1.133500841908186896e+00
5.889500000000000000e+11 1.114052325134520682e+00
5.891250000000000000e+11 1.077638216911481317e+00
5.893000000000000000e+11 1.073686208680896037e+00
5.894750000000000000e+11 1.097908799718704476e+00
5.896500000000000000e+11 1.128845310018397941e+00
5.898250000000000000e+11 1.144660428562204180e+00
5.900000000000000000e+11 1.132687827993446694e+00
5.901750000000000000e+11 1.158635606057176082e+00
5.903500000000000000e+11 1.150989053293707931e+00
5.905250000000000000e+11 1.116081919122591692e+00
5.907000000000000000e+11 1.094702716093688188e+00
5.908750000000000000e+11 1.111690229396830265e+00
5.910500000000000000e+11 1.108664052181172144e+00
5.912250000000000000e+11 1.105902321365955121e+00
5.914000000000000000e+11 1.089248163520108337e+00
5.915750000000000000e+11 1.091626872522512670e+00
5.917500000000000000e+11 1.083999874900257732e+00
5.919250000000000000e+11 1.074988794033898909e+00
5.921000000000000000e+11 1.071238391810722446e+00
5.922750000000000000e+11 1.075787188421085450e+00
5.924500000000000000e+11 1.080671286898005068e+00
5.926250000000000000e+11 1.087199930697628103e+00
5.928000000000000000e+11 1.101879446107513871e+00
5.929750000000000000e+11 1.111411640983658522e+00
5.931500000000000000e+11 1.101815824059000359e+00
5.933250000000000000e+11 1.096330100557304510e+00
5.935000000000000000e+11 1.052325963512152907e+00
5.936750000000000000e+11 1.059286818220986470e+00
5.938500000000000000e+11 1.048743354497760238e+00
5.940250000000000000e+11 1.054211523783084248e+00
5.942000000000000000e+11 1.054738723290034486e+00
5.943750000000000000e+11 1.047971582120951206e+00
5.945500000000000000e+11 1.034181560165371438e+00
5.947250000000000000e+11 1.052720987342492309e+00
5.949000000000000000e+11 1.026254988578989336e+00
5.950750000000000000e+11 1.022831656573749415e+00
5.952500000000000000e+11 1.039615672774108601e+00
5.954250000000000000e+11 1.032598257132935515e+00
5.956000000000000000e+11 1.026904429134363195e+00
5.957750000000000000e+11 1.034127365269004839e+00
5.959500000000000000e+11 1.024864033264130558e+00
5.961250000000000000e+11 1.019077459720923562e+00
5.963000000000000000e+11 1.021373737796845482e+00
5.964750000000000000e+11 1.016805765329974465e+00
5.966500000000000000e+11 1.012721298100395906e+00
5.968250000000000000e+11 9.866527891458272137e-01
5.970000000000000000e+11 9.953903753387131070e-01
5.971750000000000000e+11 9.733653265574643276e-01
5.973500000000000000e+11 9.777859799177949229e-01
5.975250000000000000e+11 9.747202844367738317e-01
5.977000000000000000e+11 9.781963367956609812e-01
5.978750000000000000e+11 9.853308233416053774e-01
5.980500000000000000e+11 9.715728170488763249e-01
5.982250000000000000e+11 9.593008982505397686e-01
5.984000000000000000e+11 9.493817245046237696e-01
5.985750000000000000e+11 9.286354382011425823e-01
5.987500000000000000e+11 9.395674267296724169e-01
5.989250000000000000e+11 9.444177917078113715e-01
5.991000000000000000e+11 9.383331680079423087e-01
5.992750000000000000e+11 9.543058923623787271e-01
5.994500000000000000e+11 9.415644235603936041e-01
5.996250000000000000e+11 9.127667374500738617e-01
5.998000000000000000e+11 9.206765486270298560e-01
5.999750000000000000e+11 8.880131067461167760e-01
6.001500000000000000e+11 8.903655154343051992e-01
6.003250000000000000e+11 8.881945786831442202e-01
6.005000000000000000e+11 8.844896772472573554e-01
6.006750000000000000e+11 8.980935663847503525e-01
6.008500000000000000e+11 9.246100939100619920e-01
6.010250000000000000e+11 9.095913844161392925e-01
6.012000000000000000e+11 8.842083531623294856e-01
6.013750000000000000e+11 8.591967510828506516e-01
6.015500000000000000e+11 8.739965708780450537e-01
6.017250000000000000e+11 8.453604317867012830e-01
6.019000000000000000e+11 8.450877064382885662e-01
6.020750000000000000e+11 8.333950014545026264e-01
6.022500000000000000e+11 8.357013324750862671e-01
6.024250000000000000e+11 8.258330174585793992e-01
6.026000000000000000e+11 8.139923127688207805e-01
6.027750000000000000e+11 7.999813605126649962e-01
6.029500000000000000e+11 7.951131761375397344e-01
6.031250000000000000e+11 7.970700030656864277e-01
6.033000000000000000e+11 7.914178224899423020e-01
6.034750000000000000e+11 8.007016671715071476e-01
6.036500000000000000e+11 8.299090503139049391e-01
6.038250000000000000e+11 8.653343998711690022e-01
6.040000000000000000e+11 8.329355228711684545e-01
6.041750000000000000e+11 8.065258427355674886e-01
6.043500000000000000e+11 7.700756583341381578e-01
6.045250000000000000e+11 7.583680819240905535e-01
6.047000000000000000e+11 7.056874437660253241e-01
6.048750000000000000e+11 6.964727685053370143e-01
6.050500000000000000e+11 7.443389810282398100e-01
6.052250000000000000e+11 7.533607045253937207e-01
6.054000000000000000e+11 7.116156238096226216e-01
6.055750000000000000e+11 7.358012058275142930e-01
6.057500000000000000e+11 6.970606864612913789e-01
6.059250000000000000e+11 7.105362542057767072e-01
6.061000000000000000e+11 6.874360637416959685e-01
6.062750000000000000e+11 6.972451080449619809e-01
6.064500000000000000e+11 7.140495427916258020e-01
6.066250000000000000e+11 7.710885793364815610e-01
6.068000000000000000e+11 7.339718992661766750e-01
6.069750000000000000e+11 6.982478717550334446e-01
6.071500000000000000e+11 6.625420272095657870e-01
6.073250000000000000e+11 6.613226516989145765e-01
6.075000000000000000e+11 6.240258454723385251e-01
6.076750000000000000e+11 5.872612734276559943e-01
6.078500000000000000e+11 6.295597881197255719e-01
6.080250000000000000e+11 6.390373889921601158e-01
6.082000000000000000e+11 6.182308066027779603e-01
6.083750000000000000e+11 6.359098086423961016e-01
6.085500000000000000e+11 6.323473063112723391e-01
6.087250000000000000e+11 6.414141539054272201e-01
6.089000000000000000e+11 6.218380570112288508e-01
6.090750000000000000e+11 5.879902796137960186e-01
6.092500000000000000e+11 5.836479795970285211e-01
6.094250000000000000e+11 6.079838865318977215e-01
6.096000000000000000e+11 6.366205201747653364e-01
6.097750000000000000e+11 6.010982643640517820e-01
6.099500000000000000e+11 5.987785312941000804e-01
6.101250000000000000e+11 5.467198189918219819e-01
6.103000000000000000e+11 5.842649375150663626e-01
6.104750000000000000e+11 5.373851632397910194e-01
6.106500000000000000e+11 5.482196223558776227e-01
6.108250000000000000e+11 5.293397696269304120e-01
6.110000000000000000e+11 4.825568052801489927e-01
6.111750000000000000e+11 5.624343040973501795e-01
6.113500000000000000e+11 5.631979446298718273e-01
6.115250000000000000e+11 5.211119706550311204e-01
6.117000000000000000e+11 5.116264116078039770e-01
6.118750000000000000e+11 4.985174441783458699e-01
6.120500000000000000e+11 4.754580675752360097e-01
6.122250000000000000e+11 4.802957585938577023e-01
6.124000000000000000e+11 5.258206710164687880e-01
6.125750000000000000e+11 5.238796867863244611e-01
6.127500000000000000e+11 5.341741770285312052e-01
6.129250000000000000e+11 5.410216176683200207e-01
6.131000000000000000e+11 4.937002511432154739e-01
6.132750000000000000e+11 5.313469770189790387e-01
6.134500000000000000e+11 4.989648787647408823e-01
6.136250000000000000e+11 4.128725980297424658e-01
6.138000000000000000e+11 4.087245964840629520e-01
6.139750000000000000e+11 4.871148002393942411e-01
6.141500000000000000e+11 5.112479389249030559e-01
6.143250000000000000e+11 4.811259743409834200e-01
6.145000000000000000e+11 4.774791118752280128e-01
6.146750000000000000e+11 4.436731691214479412e-01
6.148500000000000000e+11 3.880597481678146332e-01
6.150250000000000000e+11 4.154930486314634686e-01
6.152000000000000000e+11 4.359584866311095874e-01
6.153750000000000000e+11 4.600036323641699676e-01
6.155500000000000000e+11 4.711378357549892981e-01
6.157250000000000000e+11 4.609900298289526521e-01
6.159000000000000000e+11 4.620792122651070089e-01
6.160750000000000000e+11 4.265018642540295835e-01
6.162500000000000000e+11 4.020588722526752812e-01
6.164250000000000000e+11 3.702075997526324547e-01
6.166000000000000000e+11 3.670720920934663067e-01
6.167750000000000000e+11 4.323139915289566648e-01
6.169500000000000000e+11 4.226386492750514035e-01
6.171250000000000000e+11 4.373454658868438649e-01
6.173000000000000000e+11 4.034144576961438133e-01
6.174750000000000000e+11 3.909145174387289035e-01
6.176500000000000000e+11 3.835697672582835671e-01
6.178250000000000000e+11 3.512181843564082251e-01
6.180000000000000000e+11 4.036069264812132684e-01
6.181750000000000000e+11 3.802173677605485969e-01
6.183500000000000000e+11 3.904728632010094902e-01
6.185250000000000000e+11 3.451117476017107610e-01
6.187000000000000000e+11 3.551219348572424717e-01
6.188750000000000000e+11 3.630143257514487631e-01
6.190500000000000000e+11 3.593023045458993980e-01
6.192250000000000000e+11 3.510655073515374092e-01
6.194000000000000000e+11 3.237132380553665034e-01
6.195750000000000000e+11 3.661518242211757035e-01
6.197500000000000000e+11 3.676228289028201646e-01
6.199250000000000000e+11 3.634594829738920230e-01
6.201000000000000000e+11 3.770630381517169893e-01
6.202750000000000000e+11 3.595656356933917275e-01
6.204500000000000000e+11 3.626644423044532162e-01
6.206250000000000000e+11 3.878693475123651813e-01
6.208000000000000000e+11 3.396248547829792686e-01
6.209750000000000000e+11 2.984543314822988846e-01
6.211500000000000000e+11 2.748468185493588845e-01
6.213250000000000000e+11 3.300401363005871502e-01
6.215000000000000000e+11 3.532110825262291254e-01
6.216750000000000000e+11 3.414205870123830366e-01
6.218500000000000000e+11 3.648434289221783033e-01
6.220250000000000000e+11 3.438663607954586809e-01
6.222000000000000000e+11 3.410659591423416681e-01
6.223750000000000000e+11 3.518267843008034967e-01
6.225500000000000000e+11 3.852972515056992120e-01
6.227250000000000000e+11 3.551630585125832296e-01
6.229000000000000000e+11 3.466669185186627700e-01
6.230750000000000000e+11 3.822053611479730995e-01
6.232500000000000000e+11 3.416405774901842829e-01
6.234250000000000000e+11 3.339943115015732156e-01
6.236000000000000000e+11 2.907548521743541503e-01
6.237750000000000000e+11 2.811555323882950486e-01
6.239500000000000000e+11 2.978308704312146449e-01
6.241250000000000000e+11 3.809861530019523213e-01
6.243000000000000000e+11 3.706402409622960858e-01
6.244750000000000000e+11 3.452454800037997873e-01
6.246500000000000000e+11 3.216281270935936742e-01
6.248250000000000000e+11 3.867398443153258758e-01
6.250000000000000000e+11 3.877910653183601064e-01
6.251750000000000000e+11 3.743457788552755350e-01
6.253500000000000000e+11 3.748967487517371744e-01
6.255250000000000000e+11 3.657479302900129570e-01
6.257000000000000000e+11 3.811908127333586971e-01
6.258750000000000000e+11 3.791911933176650984e-01
6.260500000000000000e+11 3.331358851480989980e-01
6.262250000000000000e+11 3.399684693877997321e-01
6.264000000000000000e+11 3.168843003374301470e-01
6.265750000000000000e+11 3.148700211628682744e-01
6.267500000000000000e+11 3.150775587335396533e-01
6.269250000000000000e+11 3.380848933403892698e-01
6.271000000000000000e+11 3.726929733831782499e-01
6.272750000000000000e+11 3.778775852082036923e-01
6.274500000000000000e+11 3.901881243277874334e-01
6.276250000000000000e+11 3.967469238974899448e-01
6.278000000000000000e+11 4.264563638815666580e-01
6.279750000000000000e+11 3.698060999433088747e-01
6.281500000000000000e+11 3.844174971194994628e-01
6.283250000000000000e+11 3.951252742290448650e-01
6.285000000000000000e+11 4.164477139930016225e-01
6.286750000000000000e+11 3.459163141688402221e-01
6.288500000000000000e+11 3.601768184341455625e-01
6.290250000000000000e+11 3.875972045014265954e-01
6.292000000000000000e+11 4.096526071737849883e-01
6.293750000000000000e+11 3.418413536520586993e-01
6.295500000000000000e+11 3.602846240737420103e-01
6.297250000000000000e+11 3.388287817446752892e-01
6.299000000000000000e+11 3.597814611809474483e-01
6.300750000000000000e+11 4.417511217567833270e-01
6.302500000000000000e+11 4.016539269419305835e-01
6.304250000000000000e+11 4.129632648263045769e-01
6.306000000000000000e+11 4.395112253510697342e-01
6.307750000000000000e+11 4.245903885375533759e-01
6.309500000000000000e+11 4.026400570851694227e-01
6.311250000000000000e+11 4.192212449477807357e-01
6.313000000000000000e+11 3.903419071015915565e-01
6.314750000000000000e+11 4.172250454908116302e-01
6.316500000000000000e+11 4.348754955964378999e-01
6.318250000000000000e+11 4.291295086709946971e-01
6.320000000000000000e+11 4.125693700372594086e-01
6.321750000000000000e+11 4.212026875137409032e-01
6.323500000000000000e+11 4.100036551786719885e-01
6.325250000000000000e+11 3.874979272525573837e-01
6.327000000000000000e+11 3.839212652948547633e-01
6.328750000000000000e+11 4.613452088926026096e-01
6.330500000000000000e+11 4.457624446791176864e-01
6.332250000000000000e+11 4.970107051064260872e-01
6.334000000000000000e+11 4.827034760791475421e-01
6.335750000000000000e+11 4.637489387303133093e-01
6.337500000000000000e+11 4.949680876819051445e-01
6.339250000000000000e+11 4.113607612617633524e-01
6.341000000000000000e+11 4.416438783273724522e-01
6.342750000000000000e+11 4.842723518354663526e-01
6.344500000000000000e+11 4.628662523110339544e-01
6.346250000000000000e+11 5.307025515929622017e-01
6.348000000000000000e+11 4.710689661471688661e-01
6.349750000000000000e+11 4.294393909907167628e-01
6.351500000000000000e+11 4.388866011696879732e-01
6.353250000000000000e+11 4.130966072472641026e-01
6.355000000000000000e+11 4.170040014070459655e-01
6.356750000000000000e+11 4.794816972515019149e-01
6.358500000000000000e+11 5.071678044293624898e-01
6.360250000000000000e+11 4.898649462895825479e-01
6.362000000000000000e+11 4.989309298223666977e-01
6.363750000000000000e+11 5.102486714529704814e-01
6.365500000000000000e+11 4.839880521933269120e-01
6.367250000000000000e+11 4.749320149574750016e-01
6.369000000000000000e+11 5.105231488469890166e-01
6.370750000000000000e+11 4.811011187756242813e-01
6.372500000000000000e+11 5.308472828867067950e-01
6.374250000000000000e+11 5.659665901057754356e-01
6.376000000000000000e+11 5.391859646930984296e-01
6.377750000000000000e+11 5.369143448496956905e-01
6.379500000000000000e+11 5.042387243890825710e-01
6.381250000000000000e+11 4.709603872163967697e-01
6.383000000000000000e+11 4.826223150150918961e-01
6.384750000000000000e+11 5.111046626159273520e-01
6.386500000000000000e+11 5.623840241416596664e-01
6.388250000000000000e+11 5.525430508029129939e-01
6.390000000000000000e+11 5.350911943135227000e-01
6.391750000000000000e+11 5.288256125433464794e-01
6.393500000000000000e+11 5.759141274633932106e-01
6.395250000000000000e+11 5.819226443877620891e-01
6.397000000000000000e+11 5.521546419724951971e-01
6.398750000000000000e+11 5.023690744385772566e-01
6.400500000000000000e+11 6.195901458727477440e-01
6.402250000000000000e+11 6.201298252657777565e-01
6.404000000000000000e+11 6.046887409211428865e-01
6.405750000000000000e+11 6.034560686321581713e-01
6.407500000000000000e+11 5.732348550794817976e-01
6.409250000000000000e+11 5.686570585411673262e-01
6.411000000000000000e+11 5.433175072089531099e-01
6.412750000000000000e+11 5.146067812854913104e-01
6.414500000000000000e+11 5.572148521089859141e-01
6.416250000000000000e+11 5.592500844393116788e-01
6.418000000000000000e+11 6.193649198045062532e-01
6.419750000000000000e+11 6.509031663058216788e-01
6.421500000000000000e+11 6.720963465926262925e-01
6.423250000000000000e+11 6.321239531902903552e-01
6.425000000000000000e+11 5.410905615869250340e-01
6.426750000000000000e+11 6.226763768515661823e-01
6.428500000000000000e+11 5.715485273502453056e-01
6.430250000000000000e+11 6.684206776097925129e-01
6.432000000000000000e+11 6.710268110484687298e-01
6.433750000000000000e+11 6.420823588640250934e-01
6.435500000000000000e+11 6.348569174105832547e-01
6.437250000000000000e+11 6.165777456656398314e-01
6.439000000000000000e+11 5.959239653869111697e-01
6.440750000000000000e+11 5.948385639675126679e-01
6.442500000000000000e+11 5.636763670883884192e-01
6.444250000000000000e+11 5.964737980751577684e-01
6.446000000000000000e+11 6.583400298403648820e-01
6.447750000000000000e+11 6.730440299635280788e-01
6.449500000000000000e+11 6.743281853631976075e-01
6.451250000000000000e+11 6.158947674352311941e-01
6.453000000000000000e+11 6.556284649250160301e-01
6.454750000000000000e+11 6.317231767219667615e-01
6.456500000000000000e+11 6.416138370533924773e-01
6.458250000000000000e+11 6.815364220243856908e-01
6.460000000000000000e+11 7.225145463000084423e-01
6.461750000000000000e+11 7.065029802569688933e-01
6.463500000000000000e+11 6.988916058014781330e-01
6.465250000000000000e+11 6.730279291194642965e-01
6.467000000000000000e+11 6.969123528917585686e-01
6.468750000000000000e+11 6.671152806600711971e-01
6.470500000000000000e+11 5.316324597534353158e-01
6.472250000000000000e+11 6.225472382054220155e-01
6.474000000000000000e+11 7.224832900719239115e-01
6.475750000000000000e+11 7.402120277428206885e-01
6.477500000000000000e+11 7.369502549114327339e-01
6.479250000000000000e+11 6.682584089404515204e-01
6.481000000000000000e+11 6.856063357368236133e-01
6.482750000000000000e+11 6.755501534722402335e-01
6.484500000000000000e+11 7.034878285686662069e-01
6.486250000000000000e+11 6.867911061020955943e-01
6.488000000000000000e+11 7.249902467516539106e-01
6.489750000000000000e+11 7.308946476178859175e-01
6.491500000000000000e+11 7.475615683069064543e-01
6.493250000000000000e+11 7.516825922469770882e-01
6.495000000000000000e+11 7.854407768358883102e-01
6.496750000000000000e+11 7.579460819483900824e-01
6.498500000000000000e+11 6.733740899813800418e-01
6.500250000000000000e+11 7.307501796713444797e-01
6.502000000000000000e+11 7.148827442512531993e-01
6.503750000000000000e+11 7.179467241691316337e-01
6.505500000000000000e+11 7.281964798097125824e-01
6.507250000000000000e+11 7.615487668199771853e-01
6.509000000000000000e+11 7.484411256168080895e-01
6.510750000000000000e+11 7.294227755643479805e-01
6.512500000000000000e+11 7.477248289607512088e-01
6.514250000000000000e+11 7.364891365192439698e-01
6.516000000000000000e+11 7.131225825118270301e-01
6.517750000000000000e+11 7.388777075083097223e-01
6.519500000000000000e+11 9.027915358013794966e-01
6.521250000000000000e+11 8.470105586334372161e-01
6.523000000000000000e+11 8.396957070596997585e-01
6.524750000000000000e+11 8.903603978986105449e-01
6.526500000000000000e+11 8.325255281914489824e-01
6.528250000000000000e+11 6.815167087061126949e-01
6.530000000000000000e+11 7.043486049698807205e-01
6.531750000000000000e+11 7.180356531343328186e-01
6.533500000000000000e+11 7.597659066189785815e-01
6.535250000000000000e+11 7.702869137893437745e-01
6.537000000000000000e+11 7.849637944340035478e-01
6.538750000000000000e+11 8.051882663182571287e-01
6.540500000000000000e+11 7.874972634705645902e-01
6.542250000000000000e+11 7.505915180557269917e-01
6.544000000000000000e+11 7.507382233421375783e-01
6.545750000000000000e+11 8.783414286298358853e-01
6.547500000000000000e+11 9.408214149997435882e-01
6.549250000000000000e+11 9.344302016393213339e-01
6.551000000000000000e+11 9.147520613804316358e-01
6.552750000000000000e+11 8.686485554471317094e-01
6.554500000000000000e+11 8.234574125021474345e-01
6.556250000000000000e+11 8.107373673434222772e-01
6.558000000000000000e+11 7.672079385136687524e-01
6.559750000000000000e+11 7.553110734376452529e-01
6.561500000000000000e+11 8.456155300380870932e-01
6.563250000000000000e+11 8.523082716140618631e-01
6.565000000000000000e+11 8.387319750985355871e-01
6.566750000000000000e+11 8.167426077740649326e-01
6.568500000000000000e+11 9.127851295388085262e-01
6.570250000000000000e+11 7.888597228601014200e-01
6.572000000000000000e+11 8.323102570930693833e-01
6.573750000000000000e+11 9.068187770026456818e-01
6.575500000000000000e+11 1.026175895869168908e+00
6.577250000000000000e+11 9.603767558522071646e-01
6.579000000000000000e+11 8.844127195901912986e-01
6.580750000000000000e+11 9.822562155151051133e-01
6.582500000000000000e+11 9.366169474467449518e-01
6.584250000000000000e+11 8.777553522295210575e-01
6.586000000000000000e+11 8.855277978800314420e-01
6.587750000000000000e+11 7.893363161042897813e-01
6.589500000000000000e+11 7.606302046031448993e-01
6.591250000000000000e+11 8.540387264216647845e-01
6.593000000000000000e+11 8.992081404988357951e-01
6.594750000000000000e+11 1.069768144407672095e+00
6.596500000000000000e+11 8.946231595738776132e-01
6.598250000000000000e+11 8.912202350154965202e-01
6.600000000000000000e+11 8.108165539961369461e-01
6.601750000000000000e+11 9.541258062327208078e-01
6.603500000000000000e+11 8.794381310727377166e-01
6.605250000000000000e+11 1.028073921402088198e+00
6.607000000000000000e+11 9.506136708072072672e-01
6.608750000000000000e+11 8.487571469496419940e-01
6.610500000000000000e+11 9.602488141690302959e-01
6.612250000000000000e+11 9.640428597977820369e-01
6.614000000000000000e+11 7.557906791144027858e-01
6.615750000000000000e+11 8.372252014235306294e-01
6.617500000000000000e+11 7.688592823976397872e-01
6.619250000000000000e+11 9.404550918184705344e-01
6.621000000000000000e+11 9.751883310157332119e-01
6.622750000000000000e+11 9.319333464612249429e-01
6.624500000000000000e+11 1.004191532352381788e+00
6.626250000000000000e+11 1.080467438238196909e+00
6.628000000000000000e+11 9.154452448461274372e-01
6.629750000000000000e+11 1.026321359845225878e+00
6.631500000000000000e+11 9.422373702129509532e-01
6.633250000000000000e+11 9.567700539219192724e-01
6.635000000000000000e+11 9.493661176330971951e-01
6.636750000000000000e+11 9.109129019384363257e-01
6.638500000000000000e+11 9.512508064495184268e-01
6.640250000000000000e+11 9.279620669260204568e-01
6.642000000000000000e+11 9.702641976759166509e-01
6.643750000000000000e+11 9.082586676795491032e-01
6.645500000000000000e+11 8.899789334478063196e-01
6.647250000000000000e+11 1.003534704497978991e+00
6.649000000000000000e+11 1.087044202435589080e+00
6.650750000000000000e+11 1.164228132911244273e+00
6.652500000000000000e+11 1.002471256208917749e+00
6.654250000000000000e+11 1.067877348548033956e+00
6.656000000000000000e+11 1.113451357584819723e+00
6.657750000000000000e+11 9.825518135488051641e-01
6.659500000000000000e+11 9.382564648001071594e-01
6.661250000000000000e+11 9.831639756820488296e-01
6.663000000000000000e+11 9.457819703315575310e-01
6.664750000000000000e+11 9.591231197503703454e-01
6.666500000000000000e+11 1.046750883208263039e+00
6.668250000000000000e+11 1.059285147565243612e+00
6.670000000000000000e+11 1.104183935429269736e+00
6.671750000000000000e+11 1.055381881934463362e+00
6.673500000000000000e+11 9.481053845431474114e-01
6.675250000000000000e+11 1.017091860793374325e+00
6.677000000000000000e+11 1.062582233916182783e+00
6.678750000000000000e+11 1.047641217062434738e+00
6.680500000000000000e+11 1.078705314828982020e+00
6.682250000000000000e+11 1.048494774254384421e+00
6.684000000000000000e+11 1.058214922417656689e+00
6.685750000000000000e+11 1.054109890851871123e+00
6.687500000000000000e+11 1.013967625620423973e+00
6.689250000000000000e+11 9.351709247190280738e-01
6.691000000000000000e+11 1.011903632726631086e+00
6.692750000000000000e+11 1.182667124998304953e+00
6.694500000000000000e+11 1.187980126331894093e+00
6.696250000000000000e+11 1.106208544504185820e+00
6.698000000000000000e+11 1.108008721560623133e+00
6.699750000000000000e+11 1.101645281017015643e+00
6.701500000000000000e+11 1.152715205162908152e+00
6.703250000000000000e+11 1.078546004744922238e+00
6.705000000000000000e+11 9.904783196066133666e-01
6.706750000000000000e+11 9.837430770716625306e-01
6.708500000000000000e+11 9.809405303869371817e-01
6.710250000000000000e+11 1.137168261558713533e+00
6.712000000000000000e+11 1.006064995017369901e+00
6.713750000000000000e+11 1.102398771648098075e+00
6.715500000000000000e+11 9.135499088238490106e-01
6.717250000000000000e+11 1.114950831471484438e+00
6.719000000000000000e+11 9.399505125349811863e-01
6.720750000000000000e+11 1.029381706051520240e+00
6.722500000000000000e+11 1.074532188583835701e+00
6.724250000000000000e+11 1.222977100077200507e+00
6.726000000000000000e+11 1.002757419028828867e+00
6.727750000000000000e+11 9.586584592991816978e-01
6.729500000000000000e+11 1.015332761007756268e+00
6.731250000000000000e+11 1.061239996331303725e+00
6.733000000000000000e+11 1.037974950016880449e+00
6.734750000000000000e+11 1.057663736151245981e+00
6.736500000000000000e+11 1.170935596404786283e+00
6.738250000000000000e+11 1.107211642956121622e+00
6.740000000000000000e+11 1.156902558543132287e+00
6.741750000000000000e+11 1.147174585264906899e+00
6.743500000000000000e+11 1.229556424241208701e+00
6.745250000000000000e+11 1.165887015479657673e+00
6.747000000000000000e+11 1.066272679517349831e+00
6.748750000000000000e+11 1.122272054783743256e+00
6.750500000000000000e+11 1.119965290008864578e+00
6.752250000000000000e+11 1.185277200217322413e+00
6.754000000000000000e+11 1.263552829176062930e+00
6.755750000000000000e+11 1.068649696157425888e+00
6.757500000000000000e+11 1.108601153908499448e+00
6.759250000000000000e+11 1.146205267453199284e+00
6.761000000000000000e+11 1.151527957589710827e+00
6.762750000000000000e+11 1.032725660411541124e+00
6.764500000000000000e+11 1.045355645835174485e+00
6.766250000000000000e+11 1.084967306868648507e+00
6.768000000000000000e+11 1.188942333750398372e+00
6.769750000000000000e+11 1.189709376070686719e+00
6.771500000000000000e+11 1.209727764593212074e+00
6.773250000000000000e+11 1.132682856282618333e+00
6.775000000000000000e+11 1.128110463987819667e+00
6.776750000000000000e+11 1.145041820074274463e+00
6.778500000000000000e+11 1.154388276114207246e+00
6.780250000000000000e+11 1.212743349427953810e+00
6.782000000000000000e+11 1.224179421194292239e+00
6.783750000000000000e+11 1.194222137293946329e+00
6.785500000000000000e+11 1.146695742693617071e+00
6.787250000000000000e+11 1.103368083594767901e+00
6.789000000000000000e+11 1.084748433108993604e+00
6.790750000000000000e+11 1.018725517233910693e+00
6.792500000000000000e+11 1.063110294331226946e+00
6.794250000000000000e+11 1.147531266442412212e+00
6.796000000000000000e+11 1.228830405123732428e+00
6.797750000000000000e+11 1.165756623187027108e+00
6.799500000000000000e+11 1.076215809027386783e+00
