4.899000000000000000e+11 7.013742864616204220e-02
4.900750000000000000e+11 8.960884397533827594e-02
4.902500000000000000e+11 8.599225812702056271e-02
4.904250000000000000e+11 6.113276096806990328e-02
4.906000000000000000e+11 9.179097607522593294e-02
4.907750000000000000e+11 9.414458653212197381e-02
4.909500000000000000e+11 9.590816965893279866e-02
4.911250000000000000e+11 1.083289759240701478e-01
4.913000000000000000e+11 1.207809048126338575e-01
4.914750000000000000e+11 1.155410085424770361e-01
4.916500000000000000e+11 1.123310571209156367e-01
4.918250000000000000e+11 9.663840383251802446e-02
4.920000000000000000e+11 7.805374779363583038e-02
4.921750000000000000e+11 1.194084946515504009e-01
4.923500000000000000e+11 1.176927723709751267e-01
4.925250000000000000e+11 8.248918751501936597e-02
4.927000000000000000e+11 9.481946667146923247e-02
4.928750000000000000e+11 8.319736355241584558e-02
4.930500000000000000e+11 9.556183304259420475e-02
4.932250000000000000e+11 7.699855079949120829e-02
4.934000000000000000e+11 6.803316126384534313e-02
4.935750000000000000e+11 8.003629848233950739e-02
4.937500000000000000e+11 1.078645782134966397e-01
4.939250000000000000e+11 1.411660416188448286e-01
4.941000000000000000e+11 1.159388009067320729e-01
4.942750000000000000e+11 1.064409504340676910e-01
4.944500000000000000e+11 9.471979700999628993e-02
4.946250000000000000e+11 1.021521498778781012e-01
4.948000000000000000e+11 7.582966284045254690e-02
4.949750000000000000e+11 1.095121770307850850e-01
4.951500000000000000e+11 1.030163606754960909e-01
4.953250000000000000e+11 9.581396357871373171e-02
4.955000000000000000e+11 9.547050868896966858e-02
4.956750000000000000e+11 1.088888797602995118e-01
4.958500000000000000e+11 1.018728671856378720e-01
4.960250000000000000e+11 1.007805014162280605e-01
4.962000000000000000e+11 9.152648450154662885e-02
4.963750000000000000e+11 8.209218262120974996e-02
4.965500000000000000e+11 1.291331581471673873e-01
4.967250000000000000e+11 1.215020772462126475e-01
4.969000000000000000e+11 1.059684351157031135e-01
4.970750000000000000e+11 1.014855804065246808e-01
4.972500000000000000e+11 9.126889388474743181e-02
4.974250000000000000e+11 8.280422537596729415e-02
4.976000000000000000e+11 4.730487987307555042e-02
4.977750000000000000e+11 5.922885529444111424e-02
4.979500000000000000e+11 9.090984512319351396e-02
4.981250000000000000e+11 1.115634574892807734e-01
4.983000000000000000e+11 1.026928870232843016e-01
4.984750000000000000e+11 9.247855980953305355e-02
4.986500000000000000e+11 1.194662123117157942e-01
4.988250000000000000e+11 1.125533915272580454e-01
4.990000000000000000e+11 1.199369827037246594e-01
4.991750000000000000e+11 9.858672841378886276e-02
4.993500000000000000e+11 1.180727797171965132e-01
4.995250000000000000e+11 1.148925190094069460e-01
4.997000000000000000e+11 1.074965925748228440e-01
4.998750000000000000e+11 1.025639323635493955e-01
5.000500000000000000e+11 9.241689981988557290e-02
5.002250000000000000e+11 8.424149238789593874e-02
5.004000000000000000e+11 8.279602060271615271e-02
5.005750000000000000e+11 6.512757875303051835e-02
5.007500000000000000e+11 8.623713165507426726e-02
5.009250000000000000e+11 1.101755503674455988e-01
5.011000000000000000e+11 1.101997764444393596e-01
5.012750000000000000e+11 9.632813170400994496e-02
5.014500000000000000e+11 1.105029560854411119e-01
5.016250000000000000e+11 1.084248093204187857e-01
5.018000000000000000e+11 1.067402832331876966e-01
5.019750000000000000e+11 9.006237905812322642e-02
5.021500000000000000e+11 9.753484236004188179e-02
5.023250000000000000e+11 1.083816809159806882e-01
5.025000000000000000e+11 1.038531126345969557e-01
5.026750000000000000e+11 9.115533763706430703e-02
5.028500000000000000e+11 8.642300533271757290e-02
5.030250000000000000e+11 6.271358885253185134e-02
5.032000000000000000e+11 1.230175085269831770e-01
5.033750000000000000e+11 1.256171328930793529e-01
5.035500000000000000e+11 7.117381035332837058e-02
5.037250000000000000e+11 1.103520607436483808e-01
5.039000000000000000e+11 1.074976821502171415e-01
5.040750000000000000e+11 1.124237185034413916e-01
5.042500000000000000e+11 1.055426581059301788e-01
5.044250000000000000e+11 9.668163307628455105e-02
5.046000000000000000e+11 1.066018347301374708e-01
5.047750000000000000e+11 1.069681514252454474e-01
5.049500000000000000e+11 9.404375068805277682e-02
5.051250000000000000e+11 9.088643760847310571e-02
5.053000000000000000e+11 1.021299416937696269e-01
5.054750000000000000e+11 9.256720816121531692e-02
5.056500000000000000e+11 9.428050962874906515e-02
5.058250000000000000e+11 9.935808007295927891e-02
5.060000000000000000e+11 1.002653667217891786e-01
5.061750000000000000e+11 9.440929401677869426e-02
5.063500000000000000e+11 9.783742919652170522e-02
5.065250000000000000e+11 9.447611372162319221e-02
5.067000000000000000e+11 1.157698293569428827e-01
5.068750000000000000e+11 1.088972460347854415e-01
5.070500000000000000e+11 1.052793767729103130e-01
5.072250000000000000e+11 9.625345513775195039e-02
5.074000000000000000e+11 1.031737144230120279e-01
5.075750000000000000e+11 8.817043001855225104e-02
5.077500000000000000e+11 7.800775244208921211e-02
5.079250000000000000e+11 6.497462100947132280e-02
5.081000000000000000e+11 9.646865624474666723e-02
5.082750000000000000e+11 1.029619093180771661e-01
5.084500000000000000e+11 9.915769728177409315e-02
5.086250000000000000e+11 1.114721371061850180e-01
5.088000000000000000e+11 1.050248821159750073e-01
5.089750000000000000e+11 1.136189854458999754e-01
5.091500000000000000e+11 1.074526983156811610e-01
5.093250000000000000e+11 9.249078894537574036e-02
5.095000000000000000e+11 1.070615097291952866e-01
5.096750000000000000e+11 9.613897478610929082e-02
5.098500000000000000e+11 1.074490902963473882e-01
5.100250000000000000e+11 9.728956000591840181e-02
5.102000000000000000e+11 9.078926320462296640e-02
5.103750000000000000e+11 7.999491289018387241e-02
5.105500000000000000e+11 9.050863058519437176e-02
5.107250000000000000e+11 7.447998124813402787e-02
5.109000000000000000e+11 9.099394395443800854e-02
5.110750000000000000e+11 1.039160143879411108e-01
5.112500000000000000e+11 1.172445250914806864e-01
5.114250000000000000e+11 1.162305619697416165e-01
5.116000000000000000e+11 1.028026323521783053e-01
5.117750000000000000e+11 1.027399751949745754e-01
5.119500000000000000e+11 1.044785670638617298e-01
5.121250000000000000e+11 8.092512548403578421e-02
5.123000000000000000e+11 8.985327455978925348e-02
5.124750000000000000e+11 1.051014247872217588e-01
5.126500000000000000e+11 9.957634842829503341e-02
5.128250000000000000e+11 1.019871058033805372e-01
5.130000000000000000e+11 8.706303485404010001e-02
5.131750000000000000e+11 9.836630500735089877e-02
5.133500000000000000e+11 9.210966006747087209e-02
5.135250000000000000e+11 8.657485372782157407e-02
5.137000000000000000e+11 8.305056879577109308e-02
5.138750000000000000e+11 9.378174906478109474e-02
5.140500000000000000e+11 9.826804645933888416e-02
5.142250000000000000e+11 1.053828245361256438e-01
5.144000000000000000e+11 1.006458563099516396e-01
5.145750000000000000e+11 9.291219199456074440e-02
5.147500000000000000e+11 9.246238519264630973e-02
5.149250000000000000e+11 7.525581363549965763e-02
5.151000000000000000e+11 8.542069594125471788e-02
5.152750000000000000e+11 9.675515097849995971e-02
5.154500000000000000e+11 1.090809830232883776e-01
5.156250000000000000e+11 9.216616211196496100e-02
5.158000000000000000e+11 1.055063838071248761e-01
5.159750000000000000e+11 1.099314546056334718e-01
5.161500000000000000e+11 1.021472180540041880e-01
5.163250000000000000e+11 9.750188747238973386e-02
5.165000000000000000e+11 9.282065733779772121e-02
5.166750000000000000e+11 8.251706324540122872e-02
5.168500000000000000e+11 1.086572187147683000e-01
5.170250000000000000e+11 1.094106966064046366e-01
5.172000000000000000e+11 1.008396053402160902e-01
5.173750000000000000e+11 9.073590389527023958e-02
5.175500000000000000e+11 9.298426995710358522e-02
5.177250000000000000e+11 9.014237565100664817e-02
5.179000000000000000e+11 9.495974797930678557e-02
5.180750000000000000e+11 7.965220320905866402e-02
5.182500000000000000e+11 9.460199594369231302e-02
5.184250000000000000e+11 1.019149338951761408e-01
5.186000000000000000e+11 9.590132891768404777e-02
5.187750000000000000e+11 9.485806525806370071e-02
5.189500000000000000e+11 9.444039233573499337e-02
5.191250000000000000e+11 9.341327656070214092e-02
5.193000000000000000e+11 7.612672732603499581e-02
5.194750000000000000e+11 8.383587532592710889e-02
5.196500000000000000e+11 8.867147606855542430e-02
5.198250000000000000e+11 1.017541127467519457e-01
5.200000000000000000e+11 9.156239720724178299e-02
5.201750000000000000e+11 9.851079536122729630e-02
5.203500000000000000e+11 8.795035159891959053e-02
5.205250000000000000e+11 9.364169721623127884e-02
5.207000000000000000e+11 8.893716446615809734e-02
5.208750000000000000e+11 7.230262429873417218e-02
5.210500000000000000e+11 7.387567521844121132e-02
5.212250000000000000e+11 1.026063008887130590e-01
5.214000000000000000e+11 1.024561478229105704e-01
5.215750000000000000e+11 9.870441513213273899e-02
5.217500000000000000e+11 9.519773043540008528e-02
5.219250000000000000e+11 9.577666276607847695e-02
5.221000000000000000e+11 9.565138739608287921e-02
5.222750000000000000e+11 8.967902744473588150e-02
5.224500000000000000e+11 9.075342463714723695e-02
5.226250000000000000e+11 8.377099202174860537e-02
5.228000000000000000e+11 9.911822946845030846e-02
5.229750000000000000e+11 1.019037957949334161e-01
5.231500000000000000e+11 9.374290150207155448e-02
5.233250000000000000e+11 8.799715309056337087e-02
5.235000000000000000e+11 9.092343434661363799e-02
5.236750000000000000e+11 7.416682247682207518e-02
5.238500000000000000e+11 8.170732552548207184e-02
5.240250000000000000e+11 9.201916016076358562e-02
5.242000000000000000e+11 1.053893642955009285e-01
5.243750000000000000e+11 9.106601870098024465e-02
5.245500000000000000e+11 9.959028361431035425e-02
5.247250000000000000e+11 8.358467166641626866e-02
5.249000000000000000e+11 8.636992036409939233e-02
5.250750000000000000e+11 9.728170785794225395e-02
5.252500000000000000e+11 7.941549933457899002e-02
5.254250000000000000e+11 7.639711601029834653e-02
5.256000000000000000e+11 8.358549663401337870e-02
5.257750000000000000e+11 9.594497075951138876e-02
5.259500000000000000e+11 1.007479568587150293e-01
5.261250000000000000e+11 9.818883211820718382e-02
5.263000000000000000e+11 9.907794766310097645e-02
5.264750000000000000e+11 9.638575859364335863e-02
5.266500000000000000e+11 8.750560266482140803e-02
5.268250000000000000e+11 8.824142270596409265e-02
5.270000000000000000e+11 9.980660372098670852e-02
5.271750000000000000e+11 9.853111459467195354e-02
5.273500000000000000e+11 9.126531473233885638e-02
5.275250000000000000e+11 8.492033011830581180e-02
5.277000000000000000e+11 8.875037355248717452e-02
5.278750000000000000e+11 8.541555092289673801e-02
5.280500000000000000e+11 7.874252002376140591e-02
5.282250000000000000e+11 7.520929047216586005e-02
5.284000000000000000e+11 9.175939939920621513e-02
5.285750000000000000e+11 9.925136830310475611e-02
5.287500000000000000e+11 9.418982084834760793e-02
5.289250000000000000e+11 9.798792089304836361e-02
5.291000000000000000e+11 1.024060652217256562e-01
5.292750000000000000e+11 9.809086905474552476e-02
5.294500000000000000e+11 9.891286588825579096e-02
5.296250000000000000e+11 8.080329555179245615e-02
5.298000000000000000e+11 7.881598164825970310e-02
5.299750000000000000e+11 9.501602110885840058e-02
5.301500000000000000e+11 8.587041143687518252e-02
5.303250000000000000e+11 8.339021079676271764e-02
5.305000000000000000e+11 9.013204524930959471e-02
5.306750000000000000e+11 8.245526566299761495e-02
5.308500000000000000e+11 7.718730823843604483e-02
5.310250000000000000e+11 8.394934336113953066e-02
5.312000000000000000e+11 8.311648757586916070e-02
5.313750000000000000e+11 9.322222908548305487e-02
5.315500000000000000e+11 1.077873062601701348e-01
5.317250000000000000e+11 9.795183348868548301e-02
5.319000000000000000e+11 9.791884831271370493e-02
5.320750000000000000e+11 9.012890993168470866e-02
5.322500000000000000e+11 9.451935859486934599e-02
5.324250000000000000e+11 7.393564192321848416e-02
5.326000000000000000e+11 6.160028441218904499e-02
5.327750000000000000e+11 9.533952576769666454e-02
5.329500000000000000e+11 1.005547666422994674e-01
5.331250000000000000e+11 8.298856711100020822e-02
5.333000000000000000e+11 9.670933191797785600e-02
5.334750000000000000e+11 7.856866647142619897e-02
5.336500000000000000e+11 9.620710453962050268e-02
5.338250000000000000e+11 9.502860113931300978e-02
5.340000000000000000e+11 7.839595359729081836e-02
5.341750000000000000e+11 9.145737659335100023e-02
5.343500000000000000e+11 9.964946334649488202e-02
5.345250000000000000e+11 9.146034171842765126e-02
5.347000000000000000e+11 9.441809053907393445e-02
5.348750000000000000e+11 8.007927529128625044e-02
5.350500000000000000e+11 7.851844881442932023e-02
5.352250000000000000e+11 8.902574221077692862e-02
5.354000000000000000e+11 7.568673014232180085e-02
5.355750000000000000e+11 7.860391154438085837e-02
5.357500000000000000e+11 9.101375057387899037e-02
5.359250000000000000e+11 8.623822017641037674e-02
5.361000000000000000e+11 8.883979468915213784e-02
5.362750000000000000e+11 8.890970302953035698e-02
5.364500000000000000e+11 1.039852013168172939e-01
5.366250000000000000e+11 1.027973520276787844e-01
5.368000000000000000e+11 8.268415960119275543e-02
5.369750000000000000e+11 7.876986692289944525e-02
5.371500000000000000e+11 8.461142676667517126e-02
5.373250000000000000e+11 8.927313524707868042e-02
5.375000000000000000e+11 9.378531210245898142e-02
5.376750000000000000e+11 8.064315520295063655e-02
5.378500000000000000e+11 8.414722245482890439e-02
5.380250000000000000e+11 8.791631588513335038e-02
5.382000000000000000e+11 9.516491486825523483e-02
5.383750000000000000e+11 8.274614796806438466e-02
5.385500000000000000e+11 9.763606377138114856e-02
5.387250000000000000e+11 1.036795807948744097e-01
5.389000000000000000e+11 9.921979218435707237e-02
5.390750000000000000e+11 9.395987931825737494e-02
5.392500000000000000e+11 9.091266661177709041e-02
5.394250000000000000e+11 8.992587370040981687e-02
5.396000000000000000e+11 7.995827645565839470e-02
5.397750000000000000e+11 7.407762280348877126e-02
5.399500000000000000e+11 7.023604697657788443e-02
5.401250000000000000e+11 9.177015615181190189e-02
5.403000000000000000e+11 9.175303441614113265e-02
5.404750000000000000e+11 8.788250840626526950e-02
5.406500000000000000e+11 9.342804086189258894e-02
5.408250000000000000e+11 9.157654312738522373e-02
5.410000000000000000e+11 1.015975300976275919e-01
5.411750000000000000e+11 9.161970452365178486e-02
5.413500000000000000e+11 7.478562973533928182e-02
5.415250000000000000e+11 1.005061604131702174e-01
5.417000000000000000e+11 1.050514471158804086e-01
5.418750000000000000e+11 9.349970053667339132e-02
5.420500000000000000e+11 8.349510473806726063e-02
5.422250000000000000e+11 8.203747537217291608e-02
5.424000000000000000e+11 7.914565388393560164e-02
5.425750000000000000e+11 7.956115581172058804e-02
5.427500000000000000e+11 7.178933737990837727e-02
5.429250000000000000e+11 8.013168883563075162e-02
5.431000000000000000e+11 9.960638431067680987e-02
5.432750000000000000e+11 1.082810289608801407e-01
5.434500000000000000e+11 9.712569078159498381e-02
5.436250000000000000e+11 9.094265874924187254e-02
5.438000000000000000e+11 8.642114037636991486e-02
5.439750000000000000e+11 8.738873065876806567e-02
5.441500000000000000e+11 8.998706884592860833e-02
5.443250000000000000e+11 8.490307547345203598e-02
5.445000000000000000e+11 9.336958107631058990e-02
5.446750000000000000e+11 9.227046631246205166e-02
5.448500000000000000e+11 9.171212772786660472e-02
5.450250000000000000e+11 8.487219175187488140e-02
5.452000000000000000e+11 8.799058693651949647e-02
5.453750000000000000e+11 8.428838711130814954e-02
5.455500000000000000e+11 8.946969047414410348e-02
5.457250000000000000e+11 7.792528549542324101e-02
5.459000000000000000e+11 9.619949483529381673e-02
5.460750000000000000e+11 1.104834461761026315e-01
5.462500000000000000e+11 1.014767725741430732e-01
5.464250000000000000e+11 9.523170093292536442e-02
5.466000000000000000e+11 9.964440745455770132e-02
5.467750000000000000e+11 8.964153805319018120e-02
5.469500000000000000e+11 9.068040226994018849e-02
5.471250000000000000e+11 8.962026358046799868e-02
5.473000000000000000e+11 7.984025230853990240e-02
5.474750000000000000e+11 9.819368250324406189e-02
5.476500000000000000e+11 9.187372468129983982e-02
5.478250000000000000e+11 8.583531129813169736e-02
5.480000000000000000e+11 8.834030044179878860e-02
5.481750000000000000e+11 7.701292014580668477e-02
5.483500000000000000e+11 9.277028036737207384e-02
5.485250000000000000e+11 7.882091964884056778e-02
5.487000000000000000e+11 1.026157149596866602e-01
5.488750000000000000e+11 9.878716262474569743e-02
5.490500000000000000e+11 1.061685736756882020e-01
5.492250000000000000e+11 1.170601154339014210e-01
5.494000000000000000e+11 9.843575565223484924e-02
5.495750000000000000e+11 1.010997394939109617e-01
5.497500000000000000e+11 9.983044477567265540e-02
5.499250000000000000e+11 9.714956630095293588e-02
5.501000000000000000e+11 8.393962281908991241e-02
5.502750000000000000e+11 1.009927616391876892e-01
5.504500000000000000e+11 9.857750435791041987e-02
5.506250000000000000e+11 8.685552623177560105e-02
5.508000000000000000e+11 8.882858928639988938e-02
5.509750000000000000e+11 9.942585296302079712e-02
5.511500000000000000e+11 8.017377959057718495e-02
5.513250000000000000e+11 1.004727652800803950e-01
5.515000000000000000e+11 1.045861791983036249e-01
5.516750000000000000e+11 9.117267049785669764e-02
5.518500000000000000e+11 9.622685509742939791e-02
5.520250000000000000e+11 1.017967360537930660e-01
5.522000000000000000e+11 9.783687867321817777e-02
5.523750000000000000e+11 1.175678641117896134e-01
5.525500000000000000e+11 8.966858472062178009e-02
5.527250000000000000e+11 9.935997592160183967e-02
5.529000000000000000e+11 8.801207043300954269e-02
5.530750000000000000e+11 9.367368781534650413e-02
5.532500000000000000e+11 9.787039180400861071e-02
5.534250000000000000e+11 8.250408700142544682e-02
5.536000000000000000e+11 8.645383343515569696e-02
5.537750000000000000e+11 1.096936554748320775e-01
5.539500000000000000e+11 1.047820413496481362e-01
5.541250000000000000e+11 1.026342883183202492e-01
5.543000000000000000e+11 7.169536937879660010e-02
5.544750000000000000e+11 7.532165038393295875e-02
5.546500000000000000e+11 9.596155924006971594e-02
5.548250000000000000e+11 1.043030191918108418e-01
5.550000000000000000e+11 7.415073620326030623e-02
5.551750000000000000e+11 1.230175559186465484e-01
5.553500000000000000e+11 1.199905133412025177e-01
5.555250000000000000e+11 1.183036058121716416e-01
5.557000000000000000e+11 8.211681159783024153e-02
5.558750000000000000e+11 2.520576734100579350e-02
5.560500000000000000e+11 1.316959333352279160e-01
5.562250000000000000e+11 6.246822896940499442e-02
5.564000000000000000e+11 2.389767183857482713e-01
5.565750000000000000e+11 1.291675375529022229e-01
5.567500000000000000e+11 1.193327017047133426e-01
5.569250000000000000e+11 1.098304869116939475e-01
5.571000000000000000e+11 1.301323451303272871e-01
5.572750000000000000e+11 2.488160179440491448e-01
5.574500000000000000e+11 6.530441470571526907e-02
5.576250000000000000e+11 1.273611544243059279e-01
5.578000000000000000e+11 9.657048843101820323e-02
5.579750000000000000e+11 1.058789967802074572e-01
5.581500000000000000e+11 1.257456828740002308e-01
5.583250000000000000e+11 1.781103689548235725e-01
5.585000000000000000e+11 4.638986181316667040e-02
5.586750000000000000e+11 8.521762184554045050e-02
5.588500000000000000e+11 6.438768963728581929e-02
5.590250000000000000e+11 1.112740168232588950e-01
5.592000000000000000e+11 1.120922912957528772e-01
5.593750000000000000e+11 8.758365699497429324e-02
5.595500000000000000e+11 1.117892433032380145e-01
5.597250000000000000e+11 8.632959391362875212e-02
5.599000000000000000e+11 9.101304160369050322e-02
5.600750000000000000e+11 9.959582209955475385e-02
5.602500000000000000e+11 7.841529761588061920e-02
5.604250000000000000e+11 1.158098945289608162e-01
5.606000000000000000e+11 1.134628829594140076e-01
5.607750000000000000e+11 7.998848005167157049e-02
5.609500000000000000e+11 9.875481645321713964e-02
5.611250000000000000e+11 9.198153729292478376e-02
5.613000000000000000e+11 1.075118413131265355e-01
5.614750000000000000e+11 8.344748860902387322e-02
5.616500000000000000e+11 1.014917599003343496e-01
5.618250000000000000e+11 9.889515413634128449e-02
5.620000000000000000e+11 8.898697253198428747e-02
5.621750000000000000e+11 1.026416881686896543e-01
5.623500000000000000e+11 9.647169478722929237e-02
5.625250000000000000e+11 9.994452944869326727e-02
5.627000000000000000e+11 9.916758312564939726e-02
5.628750000000000000e+11 1.057126321749344983e-01
5.630500000000000000e+11 9.667162314071224560e-02
5.632250000000000000e+11 9.583564269742642083e-02
5.634000000000000000e+11 1.095825770113088571e-01
5.635750000000000000e+11 9.791773044624584033e-02
5.637500000000000000e+11 9.090104531256547327e-02
5.639250000000000000e+11 9.392716856337368636e-02
5.641000000000000000e+11 1.033629330769380017e-01
5.642750000000000000e+11 1.026461665957013741e-01
5.644500000000000000e+11 1.036857489621611783e-01
5.646250000000000000e+11 9.950438279067951031e-02
5.648000000000000000e+11 1.015399123449639285e-01
5.649750000000000000e+11 1.012815368966950846e-01
5.651500000000000000e+11 1.039162064771309568e-01
5.653250000000000000e+11 1.051098723701716919e-01
5.655000000000000000e+11 8.976910056558348727e-02
5.656750000000000000e+11 9.472594429353722867e-02
5.658500000000000000e+11 9.328664909923524429e-02
5.660250000000000000e+11 1.013441748398105913e-01
5.662000000000000000e+11 1.080752662300260708e-01
5.663750000000000000e+11 1.022573096789174268e-01
5.665500000000000000e+11 1.048551557573277060e-01
5.667250000000000000e+11 9.534402675547583306e-02
5.669000000000000000e+11 9.953225005031071659e-02
5.670750000000000000e+11 9.663804493970960807e-02
5.672500000000000000e+11 9.807164459310076243e-02
5.674250000000000000e+11 9.949425045886059471e-02
5.676000000000000000e+11 1.134147096634363222e-01
5.677750000000000000e+11 1.038680028943886613e-01
5.679500000000000000e+11 9.980323577060813689e-02
5.681250000000000000e+11 1.034532736864252206e-01
5.683000000000000000e+11 9.138925879237494443e-02
5.684750000000000000e+11 8.910928673953837087e-02
5.686500000000000000e+11 8.742813210957665893e-02
5.688250000000000000e+11 1.086344798349700574e-01
5.690000000000000000e+11 1.074280021837968752e-01
5.691750000000000000e+11 1.089139487587609673e-01
5.693500000000000000e+11 1.010217278710307393e-01
5.695250000000000000e+11 9.278621075620833991e-02
5.697000000000000000e+11 1.126200111369878853e-01
5.698750000000000000e+11 8.297554263313863809e-02
5.700500000000000000e+11 1.006342859275543428e-01
5.702250000000000000e+11 1.029893103720304764e-01
5.704000000000000000e+11 1.061027416512853039e-01
5.705750000000000000e+11 1.031135228935088077e-01
5.707500000000000000e+11 9.823891722361081935e-02
5.709250000000000000e+11 9.441635575331684682e-02
5.711000000000000000e+11 8.660474839051918172e-02
5.712750000000000000e+11 8.642338492614420886e-02
5.714500000000000000e+11 8.454143195703417435e-02
5.716250000000000000e+11 9.882472457098426255e-02
5.718000000000000000e+11 1.038991100091428282e-01
5.719750000000000000e+11 1.040680218622980352e-01
5.721500000000000000e+11 1.013089246934491677e-01
5.723250000000000000e+11 1.037326535413366502e-01
5.725000000000000000e+11 1.040366768642473627e-01
5.726750000000000000e+11 1.008762102501373492e-01
5.728500000000000000e+11 8.529871872074731853e-02
5.730250000000000000e+11 9.568404470455095512e-02
5.732000000000000000e+11 1.041472999433950275e-01
5.733750000000000000e+11 9.312148035913896116e-02
5.735500000000000000e+11 1.064156858160091451e-01
5.737250000000000000e+11 1.012538218891751163e-01
5.739000000000000000e+11 1.107093848219669746e-01
5.740750000000000000e+11 1.026060263779843412e-01
5.742500000000000000e+11 8.860139145769040103e-02
5.744250000000000000e+11 7.442178745509213378e-02
5.746000000000000000e+11 1.079168212087218276e-01
5.747750000000000000e+11 1.155427249787482624e-01
5.749500000000000000e+11 1.038524545087087247e-01
5.751250000000000000e+11 1.130298809880490724e-01
5.753000000000000000e+11 9.216850199483485329e-02
5.754750000000000000e+11 9.325609053988200003e-02
5.756500000000000000e+11 9.571660411776758415e-02
5.758250000000000000e+11 7.645091752015602260e-02
5.760000000000000000e+11 8.771931596582514812e-02
5.761750000000000000e+11 8.074714620499531814e-02
5.763500000000000000e+11 1.594065232340654004e-01
5.765250000000000000e+11 1.120834463407441028e-01
5.767000000000000000e+11 1.102662086525901391e-01
5.768750000000000000e+11 1.336192665827497517e-01
5.770500000000000000e+11 1.168291399434060324e-01
5.772250000000000000e+11 6.746070783673352445e-02
5.774000000000000000e+11 1.200529235936358130e-01
5.775750000000000000e+11 1.127473336492871570e-01
5.777500000000000000e+11 1.236983916428820995e-01
5.779250000000000000e+11 1.233780016595916462e-01
5.781000000000000000e+11 1.067829578039206362e-01
5.782750000000000000e+11 9.684971673502912326e-02
5.784500000000000000e+11 6.248533964376589561e-02
5.786250000000000000e+11 7.576618236433760312e-02
5.788000000000000000e+11 1.006432043981656810e-01
5.789750000000000000e+11 8.093364305498780553e-02
5.791500000000000000e+11 1.444211996254819441e-01
5.793250000000000000e+11 9.283874563830084303e-02
5.795000000000000000e+11 1.248402001473626899e-01
5.796750000000000000e+11 9.355198707931708380e-02
5.798500000000000000e+11 1.217001215499427386e-01
5.800250000000000000e+11 1.060221902132036792e-01
5.802000000000000000e+11 7.390868996995385298e-02
5.803750000000000000e+11 1.096882666074441015e-01
5.805500000000000000e+11 1.018662208862419066e-01
5.807250000000000000e+11 9.885195110426016341e-02
5.809000000000000000e+11 1.114739018796349207e-01
5.810750000000000000e+11 1.050356273622911896e-01
5.812500000000000000e+11 9.447861631318373032e-02
5.814250000000000000e+11 8.738673203661301292e-02
5.816000000000000000e+11 9.796274122550729935e-02
5.817750000000000000e+11 1.009934517426196721e-01
5.819500000000000000e+11 1.020832580165734749e-01
5.821250000000000000e+11 9.991568925979045501e-02
5.823000000000000000e+11 1.047261489032724480e-01
5.824750000000000000e+11 1.104176211938177332e-01
5.826500000000000000e+11 9.960396647521772839e-02
5.828250000000000000e+11 1.082604651062434170e-01
5.830000000000000000e+11 1.063928091596504227e-01
5.831750000000000000e+11 8.143815728962068567e-02
5.833500000000000000e+11 9.870228565416026834e-02
5.835250000000000000e+11 9.606292080005146561e-02
5.837000000000000000e+11 9.129914807186846615e-02
5.838750000000000000e+11 7.959681572309598718e-02
5.840500000000000000e+11 1.026504234133638477e-01
5.842250000000000000e+11 1.030772003514239255e-01
5.844000000000000000e+11 1.157564611293385587e-01
5.845750000000000000e+11 8.694406097054478699e-02
5.847500000000000000e+11 1.085867887077355126e-01
5.849250000000000000e+11 1.180975063448180262e-01
5.851000000000000000e+11 9.699930117342703273e-02
5.852750000000000000e+11 9.668614875237122042e-02
5.854500000000000000e+11 1.111151345945292496e-01
5.856250000000000000e+11 9.717940317968230823e-02
5.858000000000000000e+11 1.060140460763389914e-01
5.859750000000000000e+11 6.596875599515984734e-02
5.861500000000000000e+11 6.395709011875229388e-02
5.863250000000000000e+11 9.176876254301703784e-02
5.865000000000000000e+11 7.638698601875278105e-02
5.866750000000000000e+11 1.107378142984103003e-01
5.868500000000000000e+11 1.003782375693593881e-01
5.870250000000000000e+11 1.184611945081373574e-01
5.872000000000000000e+11 8.754858019834799165e-02
5.873750000000000000e+11 9.253065041163285875e-02
5.875500000000000000e+11 8.050590279329603027e-02
5.877250000000000000e+11 9.470823786906451547e-02
5.879000000000000000e+11 9.175474164128993859e-02
5.880750000000000000e+11 9.688401276625570324e-02
5.882500000000000000e+11 9.399425553013393553e-02
5.884250000000000000e+11 1.178959316832319248e-01
5.886000000000000000e+11 8.846873722623743719e-02
5.887750000000000000e+11 6.980050614127274178e-02
5.889500000000000000e+11 6.925222995989953334e-02
5.891250000000000000e+11 7.791409003198049299e-02
5.893000000000000000e+11 1.234626606924916908e-01
5.894750000000000000e+11 1.247076790569427301e-01
5.896500000000000000e+11 1.063055372438706653e-01
5.898250000000000000e+11 6.868846913747092553e-02
5.900000000000000000e+11 9.030953740096410443e-02
5.901750000000000000e+11 1.116064423012737838e-01
5.903500000000000000e+11 8.932097519362054705e-02
5.905250000000000000e+11 4.998254985172691234e-02
5.907000000000000000e+11 9.494985494685616312e-02
5.908750000000000000e+11 1.003724961949745281e-01
5.910500000000000000e+11 8.287790014714757625e-02
5.912250000000000000e+11 1.077946623629093270e-01
5.914000000000000000e+11 8.449026747239429813e-02
5.915750000000000000e+11 9.397730707091546398e-02
5.917500000000000000e+11 8.765369885847829057e-02
5.919250000000000000e+11 8.324641364390197862e-02
5.921000000000000000e+11 1.196694067239174181e-01
5.922750000000000000e+11 1.222531190614662422e-01
5.924500000000000000e+11 1.014074568578810370e-01
5.926250000000000000e+11 1.129712477893696498e-01
5.928000000000000000e+11 1.066586746858783075e-01
5.929750000000000000e+11 1.025796623625238879e-01
5.931500000000000000e+11 8.319862557145858706e-02
5.933250000000000000e+11 6.825073894769323468e-02
5.935000000000000000e+11 9.965208004719092183e-02
5.936750000000000000e+11 1.077138062056135215e-01
5.938500000000000000e+11 6.249861467177071639e-02
5.940250000000000000e+11 1.104438577279161782e-01
5.942000000000000000e+11 1.175213540788662969e-01
5.943750000000000000e+11 1.348129364072656045e-01
5.945500000000000000e+11 1.201395163019420842e-01
5.947250000000000000e+11 9.500231135764748702e-02
5.949000000000000000e+11 7.451586321559379444e-02
5.950750000000000000e+11 1.107923584369959608e-01
5.952500000000000000e+11 1.157923330038866661e-01
5.954250000000000000e+11 1.188292707250218211e-01
5.956000000000000000e+11 8.207792035707760225e-02
5.957750000000000000e+11 9.895847263201408561e-02
5.959500000000000000e+11 8.079319812069528373e-02
5.961250000000000000e+11 7.225322822812185741e-02
5.963000000000000000e+11 5.889672890118159698e-02
5.964750000000000000e+11 1.235838939236535983e-01
5.966500000000000000e+11 8.981475554079050572e-02
5.968250000000000000e+11 1.391670861451020091e-01
5.970000000000000000e+11 1.334460681560984963e-01
5.971750000000000000e+11 9.182459338755824541e-02
5.973500000000000000e+11 1.047290425484914134e-01
5.975250000000000000e+11 1.228568474679329336e-01
5.977000000000000000e+11 9.221295153282171864e-02
5.978750000000000000e+11 1.088800538079132546e-01
5.980500000000000000e+11 1.045609646156657607e-01
5.982250000000000000e+11 1.042970744593999660e-01
5.984000000000000000e+11 9.381674657958838370e-02
5.985750000000000000e+11 7.552291737494971902e-02
5.987500000000000000e+11 7.964871282802621355e-02
5.989250000000000000e+11 1.150898562845862755e-01
5.991000000000000000e+11 7.547864044363043756e-02
5.992750000000000000e+11 1.110660420431557466e-01
5.994500000000000000e+11 9.154919328526694988e-02
5.996250000000000000e+11 8.677389425000057999e-02
5.998000000000000000e+11 9.320493029488718939e-02
5.999750000000000000e+11 9.656528631322790213e-02
6.001500000000000000e+11 8.170087946930919276e-02
6.003250000000000000e+11 6.749853203779490607e-02
6.005000000000000000e+11 6.688785884471511178e-02
6.006750000000000000e+11 7.850150148346370094e-02
6.008500000000000000e+11 9.099606766554914350e-02
6.010250000000000000e+11 1.078406065977301209e-01
6.012000000000000000e+11 8.465425615621881283e-02
6.013750000000000000e+11 1.230007555853463025e-01
6.015500000000000000e+11 8.176833202479906471e-02
6.017250000000000000e+11 1.420717349547532815e-01
6.019000000000000000e+11 5.529315444775694671e-02
6.020750000000000000e+11 1.352291662487433987e-01
6.022500000000000000e+11 1.011210350917700479e-01
6.024250000000000000e+11 1.125788827339391368e-01
6.026000000000000000e+11 1.060285031222771568e-01
6.027750000000000000e+11 8.507436082349072171e-02
6.029500000000000000e+11 8.313858601082492472e-02
6.031250000000000000e+11 6.527214296224771728e-02
6.033000000000000000e+11 5.649906370718003890e-02
6.034750000000000000e+11 1.037088602567193679e-01
6.036500000000000000e+11 1.187933900154730243e-01
6.038250000000000000e+11 8.968649539012439609e-02
6.040000000000000000e+11 1.220563903983595960e-01
6.041750000000000000e+11 1.318411132822843168e-01
6.043500000000000000e+11 1.134193310216661393e-01
6.045250000000000000e+11 1.053899135967929362e-01
6.047000000000000000e+11 8.512404509690785215e-02
6.048750000000000000e+11 8.733941595400748770e-02
6.050500000000000000e+11 4.332752914657376359e-02
6.052250000000000000e+11 1.014791525372700370e-01
6.054000000000000000e+11 8.426088902487052779e-02
6.055750000000000000e+11 7.993182205153480380e-02
6.057500000000000000e+11 8.288679728603079444e-02
6.059250000000000000e+11 9.143867127008251106e-02
6.061000000000000000e+11 6.611089849698797982e-02
6.062750000000000000e+11 1.150276239983848703e-01
6.064500000000000000e+11 7.832930071838073438e-02
6.066250000000000000e+11 8.918745658119325848e-02
6.068000000000000000e+11 1.380428405436532890e-01
6.069750000000000000e+11 1.162538980607994016e-01
6.071500000000000000e+11 1.304748048688759432e-01
6.073250000000000000e+11 8.615183668789493099e-02
6.075000000000000000e+11 8.297170561960101609e-02
6.076750000000000000e+11 6.399998647692509146e-02
6.078500000000000000e+11 7.431539149522811694e-02
6.080250000000000000e+11 8.307720313529501355e-02
6.082000000000000000e+11 7.759310767742544357e-02
6.083750000000000000e+11 7.544259977338368950e-02
6.085500000000000000e+11 7.319846189034691364e-02
6.087250000000000000e+11 6.627296854093356338e-02
6.089000000000000000e+11 8.886490500537566617e-02
6.090750000000000000e+11 8.512083879976679868e-02
6.092500000000000000e+11 4.976785909843585431e-02
6.094250000000000000e+11 1.071369495118121851e-01
6.096000000000000000e+11 9.699909439673908007e-02
6.097750000000000000e+11 8.822690434876630239e-02
6.099500000000000000e+11 9.047553280865311409e-02
6.101250000000000000e+11 7.357473969808570047e-02
6.103000000000000000e+11 1.166527537173988743e-01
6.104750000000000000e+11 7.877525884637776032e-02
6.106500000000000000e+11 1.193842244803946795e-01
6.108250000000000000e+11 8.998697288521448345e-02
6.110000000000000000e+11 8.035368922127074376e-02
6.111750000000000000e+11 7.463629051897548161e-02
6.113500000000000000e+11 6.397521253561903876e-02
6.115250000000000000e+11 9.966209149646136634e-02
6.117000000000000000e+11 1.094473065640234055e-01
6.118750000000000000e+11 1.141594766473358752e-01
6.120500000000000000e+11 8.510151129017108629e-02
6.122250000000000000e+11 5.460720968539385656e-02
6.124000000000000000e+11 1.211637648723770666e-01
6.125750000000000000e+11 1.110352601173527215e-01
6.127500000000000000e+11 1.196325138936777804e-01
6.129250000000000000e+11 1.115933938442365131e-01
6.131000000000000000e+11 8.673873363030525085e-02
6.132750000000000000e+11 8.596761558274784720e-02
6.134500000000000000e+11 1.050345589745034225e-01
6.136250000000000000e+11 1.148770115604732106e-01
6.138000000000000000e+11 4.536218203152479755e-02
6.139750000000000000e+11 1.174268832374130433e-01
6.141500000000000000e+11 8.495346619305164937e-02
6.143250000000000000e+11 1.060570514272275860e-01
6.145000000000000000e+11 8.215902129500626816e-02
6.146750000000000000e+11 6.348769140844774672e-02
6.148500000000000000e+11 6.125966572298554430e-02
6.150250000000000000e+11 8.426789345031987510e-02
6.152000000000000000e+11 8.570414955240110433e-02
6.153750000000000000e+11 1.328717706662663478e-01
6.155500000000000000e+11 1.295491210956449257e-01
6.157250000000000000e+11 5.854195435670899589e-02
6.159000000000000000e+11 9.721459021807538070e-02
6.160750000000000000e+11 1.050215978131240208e-01
6.162500000000000000e+11 8.781453327645599716e-02
6.164250000000000000e+11 3.226855045799741778e-02
6.166000000000000000e+11 6.262170895093772949e-02
6.167750000000000000e+11 9.274322127880645084e-02
6.169500000000000000e+11 8.179595409962110708e-02
6.171250000000000000e+11 1.258064365528174244e-01
6.173000000000000000e+11 7.542312625663658010e-02
6.174750000000000000e+11 8.251913003380931255e-02
6.176500000000000000e+11 1.032981164931137813e-01
6.178250000000000000e+11 9.490764218321995349e-02
6.180000000000000000e+11 1.022829564025726778e-01
6.181750000000000000e+11 8.547644117619737636e-02
6.183500000000000000e+11 8.491761455359479738e-02
6.185250000000000000e+11 8.653583646524140582e-02
6.187000000000000000e+11 5.992056964092877525e-02
6.188750000000000000e+11 1.078473262602246546e-01
6.190500000000000000e+11 9.865778826146927305e-02
6.192250000000000000e+11 4.842660057680239771e-02
6.194000000000000000e+11 1.147617689954924663e-01
6.195750000000000000e+11 1.013801388630750783e-01
6.197500000000000000e+11 8.451218841704966067e-02
6.199250000000000000e+11 6.798376762406506402e-02
6.201000000000000000e+11 7.841673223188709574e-02
6.202750000000000000e+11 9.436863234940859324e-02
6.204500000000000000e+11 8.173961537482002382e-02
6.206250000000000000e+11 7.618923075809722056e-02
6.208000000000000000e+11 7.845241097810598530e-02
6.209750000000000000e+11 5.131219325856751362e-02
6.211500000000000000e+11 5.691403563022186946e-02
6.213250000000000000e+11 6.625858863621628125e-02
6.215000000000000000e+11 1.053785033445836516e-01
6.216750000000000000e+11 6.970174901578453375e-02
6.218500000000000000e+11 1.003986960230569686e-01
6.220250000000000000e+11 1.099389977672010354e-01
6.222000000000000000e+11 1.060155093707167290e-01
6.223750000000000000e+11 1.102194318793853628e-01
6.225500000000000000e+11 1.205977768297391700e-01
6.227250000000000000e+11 1.006096246323486681e-01
6.229000000000000000e+11 1.243685583989752180e-01
6.230750000000000000e+11 1.033443579708777788e-01
6.232500000000000000e+11 6.992645206225381327e-02
6.234250000000000000e+11 8.291199454086282949e-02
6.236000000000000000e+11 3.262446203082995655e-02
6.237750000000000000e+11 5.596007381085154470e-02
6.239500000000000000e+11 7.325388887743453092e-02
6.241250000000000000e+11 1.002752530483099480e-01
6.243000000000000000e+11 1.091177162037933607e-01
6.244750000000000000e+11 1.355198310693421504e-01
6.246500000000000000e+11 6.445238319078124001e-02
6.248250000000000000e+11 1.296908479765661315e-01
6.250000000000000000e+11 7.985704619280709071e-02
6.251750000000000000e+11 1.012637358411185295e-01
6.253500000000000000e+11 9.256939877550766915e-02
6.255250000000000000e+11 1.219272318767353203e-01
6.257000000000000000e+11 9.899465506884498611e-02
6.258750000000000000e+11 8.101984653680557869e-02
6.260500000000000000e+11 5.249088015050221850e-02
6.262250000000000000e+11 7.386394405076450453e-02
6.264000000000000000e+11 8.382927958795373391e-02
6.265750000000000000e+11 7.469112405942328337e-02
6.267500000000000000e+11 1.164045624401910534e-01
6.269250000000000000e+11 1.033649167901385391e-01
6.271000000000000000e+11 1.205206441543339169e-01
6.272750000000000000e+11 9.857596135255516923e-02
6.274500000000000000e+11 1.198095193831184152e-01
6.276250000000000000e+11 1.100212675613374685e-01
6.278000000000000000e+11 1.139048197664537243e-01
6.279750000000000000e+11 1.003169337479287715e-01
6.281500000000000000e+11 1.153829165930200240e-01
6.283250000000000000e+11 9.530874766561159284e-02
6.285000000000000000e+11 1.017717874321040356e-01
6.286750000000000000e+11 5.990764479877200288e-02
6.288500000000000000e+11 9.824396420124487106e-02
6.290250000000000000e+11 8.270276654869783417e-02
6.292000000000000000e+11 8.713129608047710806e-02
6.293750000000000000e+11 1.579371336692410033e-01
6.295500000000000000e+11 5.571485531922306528e-02
6.297250000000000000e+11 8.879907673021811276e-02
6.299000000000000000e+11 6.834146233152268990e-02
6.300750000000000000e+11 1.321775784635234319e-01
6.302500000000000000e+11 1.132713405582621291e-01
6.304250000000000000e+11 1.100161088923353875e-01
6.306000000000000000e+11 8.969114030292794915e-02
6.307750000000000000e+11 8.727319266353081306e-02
6.309500000000000000e+11 8.564153097197779729e-02
6.311250000000000000e+11 7.192263874172502569e-02
6.313000000000000000e+11 7.061348814210398339e-02
6.314750000000000000e+11 6.587623100507575269e-02
6.316500000000000000e+11 1.330873983192049914e-01
6.318250000000000000e+11 1.226229785812056744e-01
6.320000000000000000e+11 7.329576702854638526e-02
6.321750000000000000e+11 1.112489799811252622e-01
6.323500000000000000e+11 7.323728042375945990e-02
6.325250000000000000e+11 9.183490066061346380e-02
6.327000000000000000e+11 1.120607943496970543e-01
6.328750000000000000e+11 1.266168958985312842e-01
6.330500000000000000e+11 9.249658259978742192e-02
6.332250000000000000e+11 8.460407133459248163e-02
6.334000000000000000e+11 6.168236710880269091e-02
6.335750000000000000e+11 1.137639624148955031e-01
6.337500000000000000e+11 9.651929459752082996e-02
6.339250000000000000e+11 5.610802211081392793e-02
6.341000000000000000e+11 8.375799287703983298e-02
6.342750000000000000e+11 6.939654485000114337e-02
6.344500000000000000e+11 9.440809619232043426e-02
6.346250000000000000e+11 1.202235394262558266e-01
6.348000000000000000e+11 8.937684809065685188e-02
6.349750000000000000e+11 7.922449638040210407e-02
6.351500000000000000e+11 1.086728083453970817e-01
6.353250000000000000e+11 1.153251536062292748e-01
6.355000000000000000e+11 7.773123788601216111e-02
6.356750000000000000e+11 1.015705709671432810e-01
6.358500000000000000e+11 1.008578306980965067e-01
6.360250000000000000e+11 7.185454834177043559e-02
6.362000000000000000e+11 1.152530273915038234e-01
6.363750000000000000e+11 1.306797058552829904e-01
6.365500000000000000e+11 5.155142087899238640e-02
6.367250000000000000e+11 1.156165411531013681e-01
6.369000000000000000e+11 9.390913920744795029e-02
6.370750000000000000e+11 8.617190129871310500e-02
6.372500000000000000e+11 1.187390506314208727e-01
6.374250000000000000e+11 7.306570427759777331e-02
6.376000000000000000e+11 6.148057303651333072e-02
6.377750000000000000e+11 1.140694765130629562e-01
6.379500000000000000e+11 1.411930135337092218e-01
6.381250000000000000e+11 7.603164617931668090e-02
6.383000000000000000e+11 5.899177111323170020e-02
6.384750000000000000e+11 3.592039046905737970e-02
6.386500000000000000e+11 8.855794994937130071e-02
6.388250000000000000e+11 6.535531288774922010e-02
6.390000000000000000e+11 8.215802372999796155e-02
6.391750000000000000e+11 1.396300705930789421e-01
6.393500000000000000e+11 1.236120317192074131e-01
6.395250000000000000e+11 9.146260895738114738e-02
6.397000000000000000e+11 6.748212867613825883e-02
6.398750000000000000e+11 8.032670532791441609e-02
6.400500000000000000e+11 1.206297237149577956e-01
6.402250000000000000e+11 9.606852976161087132e-02
6.404000000000000000e+11 1.326273182559943031e-01
6.405750000000000000e+11 9.149775420167338691e-02
6.407500000000000000e+11 9.273499710465650525e-02
6.409250000000000000e+11 8.796994569915182749e-02
6.411000000000000000e+11 1.116613116650074788e-01
6.412750000000000000e+11 1.053956844474023546e-01
6.414500000000000000e+11 8.132787864510908349e-02
6.416250000000000000e+11 1.040699147137445629e-01
6.418000000000000000e+11 9.445324911028810111e-02
6.419750000000000000e+11 1.178451499658653978e-01
6.421500000000000000e+11 7.696636068914011752e-02
6.423250000000000000e+11 1.151463749502565082e-01
6.425000000000000000e+11 8.659597458946954873e-02
6.426750000000000000e+11 1.006179340844265413e-01
6.428500000000000000e+11 1.035566733444655274e-01
6.430250000000000000e+11 1.149982644468549031e-01
6.432000000000000000e+11 1.184544677316197170e-01
6.433750000000000000e+11 1.103792980357363313e-01
6.435500000000000000e+11 7.691105634328974927e-02
6.437250000000000000e+11 5.054175282410722919e-02
6.439000000000000000e+11 1.041980533307222540e-01
6.440750000000000000e+11 9.163836253300718104e-02
6.442500000000000000e+11 7.318711514521969441e-02
6.444250000000000000e+11 1.498690923959985488e-01
6.446000000000000000e+11 1.385810528476544290e-01
6.447750000000000000e+11 9.910904172709447679e-02
6.449500000000000000e+11 1.628175508328151555e-01
6.451250000000000000e+11 1.242438101760069413e-01
6.453000000000000000e+11 1.140818440408595813e-01
6.454750000000000000e+11 1.122537493414969556e-01
6.456500000000000000e+11 9.027811727611419201e-02
6.458250000000000000e+11 8.521242694105980731e-02
6.460000000000000000e+11 7.616916295409180415e-02
6.461750000000000000e+11 1.089221165896563648e-01
6.463500000000000000e+11 8.395464132438000548e-02
6.465250000000000000e+11 7.135028310595843692e-02
6.467000000000000000e+11 1.131415479309166722e-01
6.468750000000000000e+11 8.764890741258828111e-02
6.470500000000000000e+11 8.267585751983302922e-02
6.472250000000000000e+11 9.594082316220714501e-02
6.474000000000000000e+11 1.252096145166974317e-01
6.475750000000000000e+11 1.247098029740631997e-01
6.477500000000000000e+11 7.352505669221781615e-02
6.479250000000000000e+11 1.096818323363732833e-01
6.481000000000000000e+11 8.657036166630767415e-02
6.482750000000000000e+11 1.029359950527618806e-01
6.484500000000000000e+11 1.024071274307739587e-01
6.486250000000000000e+11 1.055051920415647909e-01
6.488000000000000000e+11 6.249476366163542879e-02
6.489750000000000000e+11 1.205413085764980574e-01
6.491500000000000000e+11 1.360578236739578561e-01
6.493250000000000000e+11 1.189750123761395689e-01
6.495000000000000000e+11 3.574918879632910107e-02
6.496750000000000000e+11 9.054017813642679935e-02
6.498500000000000000e+11 1.430399837321042200e-01
6.500250000000000000e+11 1.247930423812473322e-01
6.502000000000000000e+11 1.210482169329109153e-01
6.503750000000000000e+11 1.311199738700483675e-01
6.505500000000000000e+11 1.181002598404760490e-01
6.507250000000000000e+11 1.576319243449908480e-01
6.509000000000000000e+11 1.128457807573010063e-01
6.510750000000000000e+11 1.572016185042835745e-01
6.512500000000000000e+11 9.765194027864450288e-02
6.514250000000000000e+11 6.915350998849034703e-02
6.516000000000000000e+11 9.974863689549567924e-02
6.517750000000000000e+11 8.056812534455923269e-02
6.519500000000000000e+11 1.501892332407907260e-01
6.521250000000000000e+11 2.216188832220327976e-01
6.523000000000000000e+11 2.004936189509002806e-02
6.524750000000000000e+11 9.551497876498990514e-02
6.526500000000000000e+11 1.287270266500068483e-01
6.528250000000000000e+11 5.943873946689293142e-02
6.530000000000000000e+11 4.866340471706610826e-02
6.531750000000000000e+11 1.485674269996644092e-01
6.533500000000000000e+11 9.213466841785636352e-02
6.535250000000000000e+11 8.995211051821767889e-02
6.537000000000000000e+11 7.169962731766399422e-02
6.538750000000000000e+11 1.460266915718529679e-01
6.540500000000000000e+11 7.437308009701688871e-02
6.542250000000000000e+11 1.125359900737352009e-01
6.544000000000000000e+11 2.032628159663649459e-01
6.545750000000000000e+11 1.532252009037640972e-01
6.547500000000000000e+11 1.504866214499050725e-01
6.549250000000000000e+11 7.767939460418325781e-02
6.551000000000000000e+11 1.452505861552095545e-01
6.552750000000000000e+11 1.716376069306577157e-01
6.554500000000000000e+11 1.299453939259538338e-01
6.556250000000000000e+11 1.146726233039866982e-01
6.558000000000000000e+11 9.233735195619617586e-02
6.559750000000000000e+11 1.112211344203092589e-01
6.561500000000000000e+11 8.309231245310876035e-02
6.563250000000000000e+11 8.224288261672847711e-02
6.565000000000000000e+11 1.675100790606055823e-01
6.566750000000000000e+11 1.008141705767237328e-01
6.568500000000000000e+11 9.003912511781264616e-02
6.570250000000000000e+11 1.392726234591732948e-01
6.572000000000000000e+11 1.603068470789708322e-01
6.573750000000000000e+11 1.067753271686951860e-01
6.575500000000000000e+11 1.449561800505927422e-01
6.577250000000000000e+11 1.237679725184590712e-01
6.579000000000000000e+11 7.979727176710124659e-02
6.580750000000000000e+11 1.378312113456709453e-01
6.582500000000000000e+11 7.881482169871520393e-02
6.584250000000000000e+11 8.039984706821586002e-02
6.586000000000000000e+11 1.106695882446062790e-01
6.587750000000000000e+11 9.824780640909462626e-02
6.589500000000000000e+11 8.827612329048739603e-02
6.591250000000000000e+11 5.628093420021464122e-02
6.593000000000000000e+11 1.156017845826835533e-01
6.594750000000000000e+11 2.047548293813460374e-01
6.596500000000000000e+11 1.752250986101987762e-01
6.598250000000000000e+11 1.758563725606467065e-01
6.600000000000000000e+11 1.293788236146979631e-01
6.601750000000000000e+11 1.526179004501176384e-01
6.603500000000000000e+11 1.732242898975166201e-01
6.605250000000000000e+11 7.556586137261742109e-02
6.607000000000000000e+11 6.068960398109833621e-02
6.608750000000000000e+11 1.614378043095287818e-01
6.610500000000000000e+11 2.602298834381404358e-02
6.612250000000000000e+11 1.394813620628506112e-01
6.614000000000000000e+11 2.533683409720700053e-01
6.615750000000000000e+11 7.514677038063148629e-02
6.617500000000000000e+11 4.891983549496171924e-02
6.619250000000000000e+11 2.899708645567843912e-01
6.621000000000000000e+11 4.619604291381958217e-02
6.622750000000000000e+11 8.304618323124317303e-02
6.624500000000000000e+11 1.918098857082723707e-01
6.626250000000000000e+11 4.423199970192254887e-02
6.628000000000000000e+11 9.255441547101776745e-02
6.629750000000000000e+11 1.090226645328951915e-01
6.631500000000000000e+11 9.210554430406193982e-02
6.633250000000000000e+11 1.412497066876064744e-01
6.635000000000000000e+11 9.139067286501682819e-02
6.636750000000000000e+11 1.291734997956516529e-01
6.638500000000000000e+11 1.658483946397820985e-01
6.640250000000000000e+11 1.845378970797108553e-01
6.642000000000000000e+11 7.125395333067394144e-02
6.643750000000000000e+11 1.772036208102337196e-01
6.645500000000000000e+11 1.996359921789642167e-01
6.647250000000000000e+11 1.298184781148893907e-01
6.649000000000000000e+11 1.124916037558829213e-01
6.650750000000000000e+11 1.448253033688665092e-01
6.652500000000000000e+11 1.405188158420813127e-01
6.654250000000000000e+11 7.593600922256850405e-02
6.656000000000000000e+11 1.051845014513230897e-01
6.657750000000000000e+11 1.322762324136202150e-01
6.659500000000000000e+11 1.471853411697704173e-01
6.661250000000000000e+11 1.146653527801338029e-01
6.663000000000000000e+11 2.471280787335700113e-02
6.664750000000000000e+11 1.378560905089026567e-01
6.666500000000000000e+11 1.387255184369628469e-01
6.668250000000000000e+11 3.528689440505933944e-02
6.670000000000000000e+11 1.324066927866913712e-01
6.671750000000000000e+11 2.941619279676008572e-02
6.673500000000000000e+11 1.258573297528726154e-01
6.675250000000000000e+11 1.538383893331626839e-01
6.677000000000000000e+11 1.234804876055615591e-01
6.678750000000000000e+11 8.837115032702229367e-02
6.680500000000000000e+11 1.328244795622799956e-01
6.682250000000000000e+11 1.415659478521329728e-01
6.684000000000000000e+11 7.517158384456057441e-02
6.685750000000000000e+11 7.078592253439906778e-02
6.687500000000000000e+11 1.278920097394638800e-01
6.689250000000000000e+11 5.321747234647630082e-02
6.691000000000000000e+11 2.119520622702079637e-01
6.692750000000000000e+11 1.932399053873023742e-01
6.694500000000000000e+11 1.812522459476880177e-01
6.696250000000000000e+11 1.144629584774016356e-01
6.698000000000000000e+11 9.785160958109216656e-02
6.699750000000000000e+11 2.478251078969448754e-02
6.701500000000000000e+11 7.154096989886152280e-02
6.703250000000000000e+11 1.438994318218483892e-01
6.705000000000000000e+11 1.215775802549800694e-01
6.706750000000000000e+11 7.308685771273201737e-02
6.708500000000000000e+11 1.095270296479895489e-01
6.710250000000000000e+11 2.536623202612189321e-01
6.712000000000000000e+11 2.276230338247899054e-01
6.713750000000000000e+11 3.479617670775591587e-01
6.715500000000000000e+11 1.783113046110210154e-01
6.717250000000000000e+11 1.672600948743659111e-01
6.719000000000000000e+11 2.230484073806356382e-01
6.720750000000000000e+11 3.736047171814325663e-01
6.722500000000000000e+11 2.577127249824438526e-01
6.724250000000000000e+11 1.297042045055695203e-01
6.726000000000000000e+11 2.065312257313067501e-01
6.727750000000000000e+11 2.074676763707244964e-01
6.729500000000000000e+11 1.712856674136325752e-01
6.731250000000000000e+11 4.263335050891638861e-02
6.733000000000000000e+11 8.533280771328841108e-02
6.734750000000000000e+11 1.820250906278174374e-01
6.736500000000000000e+11 7.217915764049541438e-02
6.738250000000000000e+11 1.555004160621133724e-01
6.740000000000000000e+11 1.422374684650971888e-01
6.741750000000000000e+11 2.098284205525121071e-01
6.743500000000000000e+11 1.248258153923810093e-01
6.745250000000000000e+11 1.377318083847009489e-01
6.747000000000000000e+11 1.827510712668420356e-01
6.748750000000000000e+11 1.190956383580987765e-01
6.750500000000000000e+11 8.588818857210969715e-02
6.752250000000000000e+11 9.888892743950840336e-02
6.754000000000000000e+11 1.560126218301568224e-01
6.755750000000000000e+11 1.290865725029545497e-01
6.757500000000000000e+11 1.051537623288072848e-01
6.759250000000000000e+11 1.209732920509970083e-01
6.761000000000000000e+11 8.110555834358430805e-02
6.762750000000000000e+11 1.165862915553377843e-01
6.764500000000000000e+11 8.006023578572060706e-02
6.766250000000000000e+11 1.168381331261563322e-01
6.768000000000000000e+11 7.736923747147336772e-02
6.769750000000000000e+11 7.466853402229631231e-02
6.771500000000000000e+11 9.828929353513042588e-02
6.773250000000000000e+11 9.515430097189540859e-02
6.775000000000000000e+11 5.913272592425931895e-02
6.776750000000000000e+11 1.129562736260061179e-01
6.778500000000000000e+11 1.284766691722643295e-01
6.780250000000000000e+11 8.917204092394848125e-02
6.782000000000000000e+11 8.564559789621173369e-02
6.783750000000000000e+11 1.243952792524584405e-01
6.785500000000000000e+11 1.949359659673225442e-01
6.787250000000000000e+11 9.590692939535802597e-02
6.789000000000000000e+11 3.817396638227496530e-02
6.790750000000000000e+11 3.351053006552375257e-01
6.792500000000000000e+11 1.486259486794992701e-01
6.794250000000000000e+11 1.297529450306065812e-01
6.796000000000000000e+11 1.054150585924709671e-01
6.797750000000000000e+11 2.672634875616877181e-01
6.799500000000000000e+11 2.206125847707601784e-01
