4.50000E+11	1.43886E-12	-7.09076E+0	-5.22227E-2	4.38945E-1
4.50175E+11	1.58747E-12	-1.08409E+1	-2.08431E-1	-1.97368E-1
4.50350E+11	2.03606E-14	-2.81207E+1	-3.91858E-2	2.43509E-3
4.50525E+11	7.34757E-13	-1.25015E+1	-1.42318E-1	1.89631E-1
4.50700E+11	1.61558E-12	-1.20317E+1	-1.56457E-1	1.95340E-1
4.50875E+11	1.49482E-12	-8.78933E+0	-2.41536E-1	-2.71681E-1
4.51050E+11	1.05005E-13	-2.26563E+1	7.14108E-2	-1.80298E-2
4.51225E+11	6.59861E-13	-1.38189E+1	1.90752E-1	7.15516E-2
4.51400E+11	3.69580E-12	-7.91170E+0	-2.61191E-1	3.05817E-1
4.51575E+11	1.84562E-12	-6.86862E+0	-2.74262E-1	-3.61158E-1
4.51750E+11	1.93132E-14	-2.50180E+1	4.70824E-2	-3.05363E-2
4.51925E+11	3.88712E-13	-1.13164E+1	-2.43414E-1	-1.20837E-1
4.52100E+11	2.75405E-14	-3.12743E+1	2.65323E-2	6.46181E-3
4.52275E+11	1.20948E-12	-1.95719E+1	-7.54813E-2	-7.30653E-2
4.52450E+11	1.25833E-11	-1.39691E+1	1.55304E-1	-1.26397E-1
4.52625E+11	1.85082E-11	-1.79967E+1	5.14977E-2	1.14930E-1
4.52800E+11	5.13875E-11	-1.62906E+1	-9.55821E-2	1.19821E-1
4.52975E+11	7.52540E-11	-1.56704E+1	-1.64328E-1	9.77560E-3
4.53150E+11	9.51767E-11	-1.80343E+1	-7.06999E-2	-1.03565E-1
4.53325E+11	1.51637E-10	-1.87439E+1	9.26319E-2	-6.90886E-2
4.53500E+11	8.57378E-11	-2.13134E+1	2.39451E-2	8.25646E-2
4.53675E+11	5.75953E-11	-2.34349E+1	-6.72800E-2	2.77516E-3
4.53850E+11	8.57980E-11	-2.25003E+1	-3.47476E-2	-6.64505E-2
4.54025E+11	6.33353E-11	-2.55274E+1	4.75251E-2	-2.32812E-2
4.54200E+11	1.11493E-10	-2.47699E+1	3.83705E-2	4.31510E-2
4.54375E+11	1.03425E-10	-2.53277E+1	-2.27901E-2	4.91229E-2
4.54550E+11	5.14138E-11	-2.79324E+1	-3.52707E-2	-1.91241E-2
4.54725E+11	3.04748E-11	-2.83967E+1	2.69058E-2	-2.68813E-2
4.54900E+11	2.14332E-11	-2.80024E+1	1.01379E-2	3.84870E-2
4.55075E+11	5.19271E-12	-3.24440E+1	-1.96170E-2	1.35947E-2
4.55250E+11	8.54544E-12	-2.83052E+1	-3.38046E-2	-1.82921E-2
4.55425E+11	1.99412E-12	-3.17879E+1	-5.78112E-3	-2.50821E-2
4.55600E+11	1.03641E-11	-2.16674E+1	3.12355E-2	-7.63943E-2
4.55775E+11	9.01220E-12	-2.01347E+1	9.05591E-2	3.86479E-2
4.55950E+11	4.78654E-12	-1.82734E+1	-1.11488E-1	4.95221E-2
4.56125E+11	2.71480E-12	-1.03932E+1	-2.49153E-1	-1.71078E-1
4.56300E+11	1.31282E-12	-1.32549E+1	2.17352E-1	4.46516E-3
4.56475E+11	1.86931E-12	-6.79482E+0	-3.97109E-1	2.26899E-1
4.56650E+11	2.43991E-12	-1.34272E+1	-3.34294E-2	-2.10489E-1
4.56825E+11	2.43417E-12	-1.65564E+1	8.70119E-2	1.20529E-1
4.57000E+11	9.15362E-14	-3.07776E+1	-2.08771E-2	2.00054E-2
4.57175E+11	1.44328E-12	-1.67333E+1	-1.03062E-1	-1.02930E-1
4.57350E+11	1.29590E-12	-1.81235E+1	1.18503E-1	-3.68980E-2
4.57525E+11	5.89970E-13	-1.92639E+1	1.07560E-1	-1.66662E-2
4.57700E+11	4.62171E-13	-1.30870E+1	-2.20903E-1	1.80685E-2
4.57875E+11	2.06014E-12	-4.16317E+0	2.30194E-1	-5.74838E-1
4.58050E+11	1.04374E-12	2.16770E+0	1.21871E+0	4.02551E-1
4.58225E+11	3.29015E-15	-2.39272E+1	-3.36582E-3	6.35380E-2
4.58400E+11	9.55577E-13	-9.60069E-1	-7.45989E-1	4.95142E-1
4.58575E+11	5.54008E-13	-7.99687E+0	-1.96760E-1	3.46250E-1
4.58750E+11	1.34175E-12	-4.28909E+0	-5.95441E-2	-6.07391E-1
4.58925E+11	5.00306E-13	-1.03640E+1	2.95967E-1	6.60619E-2
4.59100E+11	1.30878E-12	-4.58423E+0	-3.32366E-1	4.87372E-1
4.59275E+11	5.68211E-13	-7.13038E+0	-4.00249E-1	-1.82829E-1
4.59450E+11	2.12245E-12	-3.98802E+0	-4.31825E-1	4.61232E-1
4.59625E+11	1.97019E-12	6.23506E-1	4.68836E-1	-9.66735E-1
4.59800E+11	5.27833E-12	-4.36516E+0	5.20116E-1	3.09002E-1
4.59975E+11	2.35127E-12	-4.23880E+0	-5.67656E-1	-2.33612E-1
4.60150E+11	5.77155E-12	4.43575E-1	5.35934E-1	-9.05710E-1
4.60325E+11	1.41782E-12	3.64172E+0	1.51961E+0	6.14085E-2
4.60500E+11	1.73979E-12	-1.06653E+0	1.18317E-1	8.76501E-1
4.60675E+11	6.10530E-12	3.55070E+0	-1.25582E+0	-8.29408E-1
4.60850E+11	6.23846E-12	1.28263E+1	-1.55298E+0	4.09375E+0
4.61025E+11	1.53903E-12	2.96075E+0	1.11368E+0	8.58499E-1
4.61200E+11	3.83794E-12	-3.32469E-2	-2.30172E-2	-9.95914E-1
4.61375E+11	1.93541E-12	-3.56850E+0	6.56938E-1	-9.01402E-2
4.61550E+11	2.08529E-13	-6.56176E+0	4.90316E-2	4.67233E-1
4.61725E+11	1.20950E-13	-9.07069E+0	-1.23622E-1	-3.29511E-1
4.61900E+11	1.84772E-12	-3.22033E+0	1.56514E-1	-6.72234E-1
4.62075E+11	2.52320E-12	-5.43291E+0	4.98912E-1	-1.93166E-1
4.62250E+11	2.28589E-12	-8.01422E+0	-7.14674E-2	3.90978E-1
4.62425E+11	4.05986E-13	-1.50210E+1	-7.50253E-2	1.60754E-1
4.62600E+11	8.79925E-13	-4.83029E+0	4.04069E-1	-4.06888E-1
4.62775E+11	1.53529E-12	-5.58503E+0	-4.26759E-2	-5.23978E-1
4.62950E+11	3.44269E-12	-1.09367E+0	8.26052E-1	3.08250E-1
4.63125E+11	8.79348E-13	-7.19816E+0	-4.28543E-1	8.35328E-2
4.63300E+11	8.07914E-13	-9.31352E+0	3.17913E-1	1.26712E-1
4.63475E+11	1.15829E-12	4.72890E+0	1.55072E+0	7.52441E-1
4.63650E+11	3.54901E-12	4.33860E+0	4.65879E-1	1.58067E+0
4.63825E+11	7.17031E-14	-1.66053E+1	9.04763E-2	1.16896E-1
4.64000E+11	3.89866E-12	1.23635E-1	9.45576E-1	3.67100E-1
4.64175E+11	5.27647E-12	-5.49046E+0	-4.69078E-1	2.49847E-1
4.64350E+11	9.52893E-12	4.02760E-1	-7.62518E-2	-1.04468E+0
4.64525E+11	8.63116E-12	5.59649E+0	1.81020E+0	5.92460E-1
4.64700E+11	2.91310E-11	5.73474E+0	-1.63224E+0	1.03970E+0
4.64875E+11	3.82025E-11	2.98524E+0	5.73319E-1	-1.28833E+0
4.65050E+11	8.43461E-11	7.43243E+0	2.26183E+0	6.48618E-1
4.65225E+11	8.30130E-11	5.29853E+0	-1.58000E+0	9.43872E-1
4.65400E+11	6.81209E-11	2.65498E+0	-1.53940E-1	-1.34877E+0
4.65575E+11	7.66244E-11	2.64993E-1	8.53688E-1	5.78042E-1
4.65750E+11	1.92303E-10	4.42183E+0	-1.55708E+0	5.86179E-1
4.65925E+11	3.97839E-10	6.89508E+0	1.53153E-1	-2.20653E+0
4.66100E+11	5.36916E-10	5.48909E+0	1.78562E+0	5.92283E-1
4.66275E+11	5.61544E-10	6.40131E+0	-6.81261E-1	1.97544E+0
4.66450E+11	3.51554E-10	5.95903E+0	-1.56271E+0	-1.22541E+0
4.66625E+11	3.72473E-10	4.27641E+0	1.23593E+0	-1.07212E+0
4.66800E+11	3.26347E-10	5.80592E+0	9.46829E-1	1.70605E+0
4.66975E+11	3.08436E-10	6.97562E+0	-2.22134E+0	-2.22398E-1
4.67150E+11	2.80746E-10	9.70053E+0	1.34063E-1	-3.05217E+0
4.67325E+11	2.49709E-10	8.69551E+0	2.57933E+0	8.67481E-1
4.67500E+11	4.03520E-10	9.10851E+0	-1.30030E+0	2.54037E+0
4.67675E+11	4.41687E-10	1.11092E+1	-2.77987E+0	-2.27645E+0
4.67850E+11	1.85067E-10	8.06719E+0	2.53129E+0	2.33227E-2
4.68025E+11	1.72230E-10	6.42467E+0	-1.55077E-2	2.09518E+0
4.68200E+11	8.95552E-11	4.77333E+0	-1.62431E+0	-6.02555E-1
4.68375E+11	9.44464E-11	6.41084E+0	1.03901E-2	-2.09188E+0
4.68550E+11	4.84975E-11	3.72126E+0	1.53167E+0	9.86568E-2
4.68725E+11	4.08287E-11	5.05745E-1	-3.72317E-1	9.92413E-1
4.68900E+11	4.09849E-11	-1.23847E+0	-5.95027E-1	-6.30738E-1
4.69075E+11	5.27248E-11	2.82079E-1	5.62469E-1	-8.66450E-1
4.69250E+11	6.24528E-11	-2.67497E+0	-1.51324E-1	7.19191E-1
4.69425E+11	5.85244E-11	-3.32233E+0	-5.59439E-1	-3.90339E-1
4.69600E+11	7.84818E-11	-3.98195E+0	4.49116E-1	-4.45040E-1
4.69775E+11	4.77530E-11	-6.94908E+0	4.13746E-1	1.75196E-1
4.69950E+11	4.62263E-11	-7.70280E+0	-2.82679E-2	4.10994E-1
4.70125E+11	3.63049E-11	-9.42093E+0	-3.38024E-1	-1.73873E-3
4.70300E+11	4.61841E-11	-9.16299E+0	7.40836E-3	-3.48139E-1
4.70475E+11	9.60088E-11	-5.91534E+0	4.94883E-1	1.05942E-1
4.70650E+11	1.02395E-10	-7.61414E+0	-1.78340E-1	3.76046E-1
4.70825E+11	1.50996E-10	-7.92420E+0	-3.43215E-1	-2.08526E-1
4.71000E+11	1.57528E-10	-7.35266E+0	8.05580E-2	-4.21278E-1
4.71175E+11	2.36899E-10	-6.88844E+0	4.51351E-1	-3.16307E-2
4.71350E+11	2.27329E-10	-7.08785E+0	2.38567E-1	3.72312E-1
4.71525E+11	3.76332E-10	-5.83139E+0	-2.20816E-1	4.60839E-1
4.71700E+11	6.72457E-10	-4.75182E+0	-5.72499E-1	-8.40819E-2
4.71875E+11	1.44227E-9	-9.32648E-1	5.27745E-2	-8.96637E-1
4.72050E+11	2.28478E-9	1.45989E+0	1.18303E+0	4.78282E-4
4.72225E+11	2.72302E-9	4.60794E-1	-6.96957E-1	7.91319E-1
4.72400E+11	4.47857E-9	-1.85780E+0	-3.26600E-1	-7.38438E-1
4.72575E+11	4.60251E-9	-3.63136E+0	6.58064E-1	-1.80879E-2
4.72750E+11	7.50969E-9	-3.85841E+0	-2.12040E-1	6.05260E-1
4.72925E+11	9.89873E-9	-5.54412E+0	-3.76880E-1	-3.70069E-1
4.73100E+11	1.31350E-8	-7.17849E+0	3.91998E-1	-1.94499E-1
4.73275E+11	2.62322E-8	-8.00083E+0	8.54256E-2	3.88795E-1
4.73450E+11	4.62807E-8	-7.78967E+0	-3.98902E-1	-8.50368E-2
4.73625E+11	3.46650E-8	-9.89141E+0	1.70122E-1	-2.71275E-1
4.73800E+11	2.84512E-8	-1.22961E+1	1.73719E-1	1.69585E-1
4.73975E+11	3.51194E-8	-1.21272E+1	-2.09060E-1	1.32544E-1
4.74150E+11	3.47177E-8	-1.10761E+1	-5.38991E-2	-2.74131E-1
4.74325E+11	3.45758E-8	-1.16944E+1	2.56836E-1	4.16089E-2
4.74500E+11	3.62930E-8	-1.18136E+1	-1.25342E-1	2.23948E-1
4.74675E+11	4.27700E-8	-1.05312E+1	-2.08553E-1	-2.12116E-1
4.74850E+11	3.82812E-8	-9.91106E+0	2.94858E-1	-1.22995E-1
4.75025E+11	2.42213E-8	-1.04054E+1	-5.08024E-2	2.97499E-1
4.75200E+11	1.93962E-8	-1.16915E+1	-2.25698E-1	-1.29619E-1
4.75375E+11	1.71847E-8	-1.25004E+1	1.54959E-1	-1.79491E-1
4.75550E+11	8.96326E-9	-1.48389E+1	8.97413E-2	1.57367E-1
4.75725E+11	7.54185E-9	-1.44172E+1	-1.78132E-1	6.65818E-2
4.75900E+11	5.71608E-9	-1.43022E+1	-4.83233E-2	-1.86547E-1
4.76075E+11	6.42702E-9	-1.30115E+1	2.22853E-1	-1.79688E-2
4.76250E+11	7.68619E-9	-1.14790E+1	-8.17600E-2	2.53876E-1
4.76425E+11	6.11360E-9	-1.14040E+1	-1.81817E-1	-1.98291E-1
4.76600E+11	3.83092E-9	-1.10018E+1	2.51990E-1	-1.26098E-1
4.76775E+11	3.43492E-9	-9.83142E+0	9.81513E-2	3.07123E-1
4.76950E+11	2.99276E-9	-8.68555E+0	-3.58156E-1	8.40864E-2
4.77125E+11	1.77033E-9	-8.62158E+0	-6.13880E-2	-3.65494E-1
4.77300E+11	1.50231E-9	-9.97823E+0	-2.44787E-1	2.01450E-1
4.77475E+11	1.16890E-9	-1.09747E+1	-7.98749E-2	-2.71141E-1
4.77650E+11	1.08400E-9	-7.42460E+0	4.14905E-1	9.37880E-2
4.77825E+11	1.02550E-9	-6.08127E+0	-2.94180E-1	3.99987E-1
4.78000E+11	7.80214E-10	-5.93057E+0	-2.14086E-1	-4.57607E-1
4.78175E+11	5.44054E-10	-5.98695E+0	5.00787E-1	-3.40173E-2
4.78350E+11	4.99419E-10	-6.79328E+0	4.29725E-2	4.55419E-1
4.78525E+11	5.46031E-10	-5.25585E+0	-5.24998E-1	1.50045E-1
4.78700E+11	1.12510E-9	-2.56226E+0	-3.51180E-1	-6.56514E-1
4.78875E+11	1.94829E-9	-1.51493E+0	8.39875E-1	1.12151E-2
4.79050E+11	3.66293E-9	-2.52592E-1	-4.30073E-1	8.70939E-1
4.79225E+11	5.00769E-9	-7.97186E-1	-4.77470E-1	-7.77383E-1
4.79400E+11	4.92199E-9	-3.82275E+0	6.41780E-1	-5.30089E-2
4.79575E+11	2.97948E-9	-5.65211E+0	2.24157E-1	4.71053E-1
4.79750E+11	1.91227E-9	4.00733E+0	-6.59082E-1	1.44282E+0
4.79925E+11	1.49280E-9	2.55050E+0	1.35860E-1	-1.33440E+0
4.80100E+11	1.01669E-9	1.53010E+0	5.46872E-1	1.05985E+0
4.80275E+11	7.35095E-10	3.13932E+0	-1.42878E+0	-1.37444E-1
4.80450E+11	6.91864E-10	5.31381E+0	6.38039E-1	-1.72978E+0
4.80625E+11	6.08777E-10	6.12187E+0	1.68182E+0	1.12509E+0
4.80800E+11	5.86571E-10	6.06688E+0	-1.91562E+0	6.10937E-1
4.80975E+11	5.52559E-10	5.88366E+0	1.96411E-1	-1.95889E+0
4.81150E+11	3.95817E-10	3.37742E+0	1.18914E+0	8.73128E-1
4.81325E+11	3.09140E-10	2.89728E+0	-1.25350E+0	6.14292E-1
4.81500E+11	3.52548E-10	4.01855E+0	-3.93121E-1	-1.53886E+0
4.81675E+11	3.96158E-10	6.87431E+0	2.06890E+0	7.67166E-1
4.81850E+11	5.78885E-10	6.03264E+0	-1.45972E+0	1.37124E+0
4.82025E+11	9.23855E-10	5.49624E+0	-3.59862E-1	-1.84812E+0
4.82200E+11	8.40596E-10	7.71003E+0	2.03823E+0	1.32200E+0
4.82375E+11	5.99284E-10	4.48399E+0	-1.44089E+0	8.55483E-1
4.82550E+11	4.68420E-10	2.03919E+0	9.38839E-2	-1.26113E+0
4.82725E+11	5.15124E-10	-1.84079E-2	7.90750E-1	6.08675E-1
4.82900E+11	4.35133E-10	-9.23783E-1	-7.42293E-1	5.07338E-1
4.83075E+11	3.68729E-10	-2.84621E+0	-1.71011E-1	-7.00006E-1
4.83250E+11	4.87092E-10	-4.34878E+0	5.77833E-1	-1.83017E-1
4.83425E+11	7.30468E-10	-1.73082E+0	3.16048E-2	8.18720E-1
4.83600E+11	1.27032E-9	-2.10143E+0	-7.17552E-1	-3.18609E-1
4.83775E+11	1.26247E-9	-4.43048E+0	3.87746E-1	-4.58467E-1
4.83950E+11	9.50115E-10	-6.73086E+0	3.57519E-1	2.90625E-1
4.84125E+11	1.09124E-9	-5.78169E+0	-3.56051E-1	3.70629E-1
4.84300E+11	1.10757E-9	-5.83655E+0	-3.03660E-1	-4.10625E-1
4.84475E+11	9.11156E-10	-3.61926E+0	6.05859E-1	-2.59845E-1
4.84650E+11	1.16613E-9	-7.58549E-1	-5.75901E-3	9.16355E-1
4.84825E+11	2.02822E-9	1.72754E+0	-1.11673E+0	-4.91365E-1
4.85000E+11	1.93677E-9	3.03748E+0	1.00738E+0	-9.98867E-1
4.85175E+11	1.56889E-9	-2.70141E+0	6.89475E-1	2.47954E-1
4.85350E+11	1.44634E-9	-3.64179E+0	-1.73671E-1	6.34171E-1
4.85525E+11	1.84431E-9	-2.35853E+0	-7.31237E-1	-2.15066E-1
4.85700E+11	1.70772E-9	-7.23036E-1	5.22311E-1	-7.57514E-1
4.85875E+11	1.92093E-9	-1.27726E+0	4.02223E-1	7.63818E-1
4.86050E+11	1.37396E-9	-9.61634E-1	-8.87733E-1	1.15353E-1
4.86225E+11	2.10609E-9	4.74499E-1	2.86529E-1	-1.01654E+0
4.86400E+11	3.18070E-9	1.34358E+0	6.56394E-1	9.65253E-1
4.86575E+11	2.83811E-9	-8.68096E-1	-9.04821E-1	-1.10671E-2
4.86750E+11	3.07485E-9	-2.84502E+0	2.17021E-1	-6.87239E-1
4.86925E+11	4.73943E-9	-2.42637E+0	6.82434E-1	3.25944E-1
4.87100E+11	7.77376E-9	-1.00373E+0	-3.82781E-1	8.04441E-1
4.87275E+11	2.42744E-9	-5.13769E+0	-3.71223E-1	-4.10552E-1
4.87450E+11	1.17703E-9	-8.23654E+0	3.16462E-1	-2.23473E-1
4.87625E+11	4.10992E-9	-3.68088E+0	4.91953E-1	4.31791E-1
4.87800E+11	1.61109E-8	2.26476E+0	-8.71808E-1	9.61495E-1
4.87975E+11	2.05297E-8	2.90094E+0	-7.58069E-1	-1.17286E+0
4.88150E+11	1.65426E-8	1.28195E+0	1.08188E+0	-4.15829E-1
4.88325E+11	7.95316E-9	-7.04611E-1	1.10712E-1	9.15411E-1
4.88500E+11	4.18375E-9	-3.96521E+0	-6.33483E-1	2.89571E-3
4.88675E+11	2.74189E-9	-5.47653E+0	-9.16294E-2	-5.24375E-1
4.88850E+11	3.99263E-9	-4.00805E+0	6.30113E-1	-1.81042E-2
4.89025E+11	9.12650E-9	-2.71022E+0	-2.69197E-1	6.80663E-1
4.89200E+11	2.12089E-8	-1.97814E+0	-6.07234E-1	-5.15178E-1
4.89375E+11	3.89208E-8	-1.66653E+0	7.11701E-1	-4.18084E-1
4.89550E+11	4.86005E-8	-3.24601E+0	9.27119E-2	6.81902E-1
4.89725E+11	5.66260E-8	-5.14208E+0	-5.41067E-1	-1.15310E-1
4.89900E+11	4.84646E-8	-8.93330E+0	2.05881E-1	-2.92325E-1
4.90075E+11	4.57229E-8	-1.03886E+1	2.05379E-1	2.21946E-1
4.90250E+11	4.17724E-8	-1.04980E+1	-2.36391E-1	1.82444E-1
4.90425E+11	3.99820E-8	-9.43688E+0	-2.38474E-1	-2.38693E-1
4.90600E+11	5.67857E-8	-7.06666E+0	3.17634E-1	-3.09186E-1
4.90775E+11	7.58334E-8	-7.14141E+0	2.26951E-1	3.76334E-1
4.90950E+11	7.32173E-8	-1.02872E+1	-3.04560E-1	2.90505E-2
4.91125E+11	5.95189E-8	-1.35035E+1	1.49746E-2	-2.10731E-1
4.91300E+11	4.40078E-8	-1.47895E+1	1.82186E-1	1.25256E-3
4.91475E+11	5.10352E-8	-1.41454E+1	1.27509E-2	1.95800E-1
4.91650E+11	5.17096E-8	-1.30072E+1	-2.23679E-1	-1.80375E-3
4.91825E+11	5.92133E-8	-1.21260E+1	3.23439E-2	-2.45448E-1
4.92000E+11	5.39846E-8	-1.12604E+1	2.56692E-1	9.44386E-2
4.92175E+11	7.05789E-8	-9.59124E+0	-2.42339E-1	2.26143E-1
4.92350E+11	6.27772E-8	-9.88345E+0	-1.10250E-1	-3.00940E-1
4.92525E+11	4.33618E-8	-1.09730E+1	2.81947E-1	-2.08262E-2
4.92700E+11	2.82041E-8	-1.20357E+1	-2.81854E-2	2.48566E-1
4.92875E+11	1.88795E-8	-1.29171E+1	-2.19432E-1	-5.41684E-2
4.93050E+11	1.42404E-8	-1.33839E+1	7.91709E-2	-1.99025E-1
4.93225E+11	1.25912E-8	-1.35256E+1	1.85100E-1	1.00718E-1
4.93400E+11	1.67856E-8	-1.27312E+1	-1.48037E-1	1.77212E-1
4.93575E+11	2.28736E-8	-1.18666E+1	-1.29707E-1	-2.19636E-1
4.93750E+11	2.13988E-8	-1.10979E+1	2.74188E-1	-4.98421E-2
4.93925E+11	1.91028E-8	-1.14434E+1	-3.94888E-2	2.64885E-1
4.94100E+11	2.33182E-8	-1.17142E+1	-2.41750E-1	-9.45714E-2
4.94275E+11	3.12264E-8	-1.17750E+1	1.40774E-1	-2.15948E-1
4.94450E+11	5.44733E-8	-1.14927E+1	2.06718E-1	1.67872E-1
4.94625E+11	6.72134E-8	-1.14408E+1	-2.05421E-1	1.71955E-1
4.94800E+11	6.12312E-8	-1.19669E+1	-1.25819E-1	-2.18512E-1
4.94975E+11	8.99137E-8	-1.05137E+1	2.94338E-1	-4.70181E-2
4.95150E+11	9.59064E-8	-9.83023E+0	-1.17967E-1	3.00117E-1
4.95325E+11	7.48189E-8	-1.05486E+1	-2.76019E-1	-1.09299E-1
4.95500E+11	6.10766E-8	-1.14049E+1	1.43366E-1	-2.27613E-1
4.95675E+11	5.62952E-8	-1.19782E+1	1.57315E-1	1.96635E-1
4.95850E+11	6.45638E-8	-1.25437E+1	-2.31208E-1	4.70520E-2
4.96025E+11	7.00322E-8	-1.25972E+1	8.32355E-3	-2.34350E-1
4.96200E+11	6.40592E-8	-1.26012E+1	2.22680E-1	7.31654E-2
4.96375E+11	7.67695E-8	-1.22000E+1	-1.38522E-1	2.02650E-1
4.96550E+11	9.02231E-8	-1.08806E+1	-1.75823E-1	-2.25242E-1
4.96725E+11	8.28476E-8	-1.06514E+1	2.77090E-1	-9.63998E-2
4.96900E+11	5.95780E-8	-1.18532E+1	2.76493E-2	2.53969E-1
4.97075E+11	4.65889E-8	-1.28348E+1	-2.27879E-1	-1.15501E-2
4.97250E+11	3.84306E-8	-1.33739E+1	3.35845E-2	-2.11792E-1
4.97425E+11	3.28145E-8	-1.38324E+1	1.87935E-1	7.78277E-2
4.97600E+11	2.59750E-8	-1.41915E+1	-1.15321E-1	1.57463E-1
4.97775E+11	2.72510E-8	-1.36165E+1	-1.50349E-1	-1.44505E-1
4.97950E+11	2.69593E-8	-1.26951E+1	1.87079E-1	-1.36988E-1
4.98125E+11	2.05919E-8	-1.24440E+1	1.06174E-1	2.13754E-1
4.98300E+11	1.74452E-8	-1.25413E+1	-2.27585E-1	6.25025E-2
4.98475E+11	1.84134E-8	-1.25871E+1	7.64028E-3	-2.34646E-1
4.98650E+11	1.73231E-8	-1.25160E+1	2.25444E-1	7.21295E-2
4.98825E+11	1.62831E-8	-1.24436E+1	-1.29518E-1	2.00484E-1
4.99000E+11	1.62375E-8	-1.22986E+1	-1.85065E-1	-1.57017E-1
4.99175E+11	1.84486E-8	-1.21335E+1	1.96778E-1	-1.49878E-1
4.99350E+11	2.40983E-8	-1.07781E+1	1.47169E-1	2.48876E-1
4.99525E+11	2.61883E-8	-1.03249E+1	-2.94631E-1	7.73551E-2
4.99700E+11	2.23832E-8	-1.16832E+1	7.41306E-2	-2.49748E-1
4.99875E+11	1.83467E-8	-1.27630E+1	1.48004E-1	1.76140E-1
5.00050E+11	1.62393E-8	-1.30535E+1	-2.20394E-1	3.05235E-2
5.00225E+11	1.66658E-8	-1.28681E+1	4.93582E-2	-2.21875E-1
5.00400E+11	2.67434E-8	-1.28853E+1	2.12230E-1	8.01119E-2
5.00575E+11	3.43557E-8	-1.29899E+1	-1.01875E-1	1.99641E-1
5.00750E+11	4.64893E-8	-1.23390E+1	-1.86857E-1	-1.53108E-1
5.00925E+11	6.26740E-8	-1.08253E+1	2.52062E-1	-1.38411E-1
5.01100E+11	8.43060E-8	-1.01527E+1	-2.16042E-2	3.09964E-1
5.01275E+11	8.93904E-8	-1.01936E+1	-2.63754E-1	-1.61473E-1
5.01450E+11	7.12220E-8	-1.08776E+1	2.18930E-1	-1.83777E-1
5.01625E+11	5.75536E-8	-1.13450E+1	1.39439E-1	2.32214E-1
5.01800E+11	4.91193E-8	-1.08409E+1	-2.72177E-1	9.11925E-2
5.01975E+11	4.08395E-8	-8.52471E+0	-4.32712E-2	-3.72263E-1
5.02150E+11	2.52045E-8	-6.33718E+0	4.77725E-1	6.48318E-2
5.02325E+11	2.65328E-8	-4.71623E+0	-3.32203E-1	4.76677E-1
5.02500E+11	2.02034E-8	-3.18731E+0	-3.02041E-1	-6.23539E-1
5.02675E+11	2.36375E-8	-1.76664E+0	8.13163E-1	-6.74771E-2
5.02850E+11	2.21608E-8	-1.47058E-1	-1.30323E-1	9.74537E-1
5.03025E+11	2.77938E-8	1.77200E+0	-1.13896E+0	-4.54533E-1
5.03200E+11	2.59415E-8	3.39512E+0	1.06527E+0	-1.02494E+0
5.03375E+11	3.18624E-8	4.06600E+0	3.65596E-1	1.55457E+0
5.03550E+11	4.52740E-8	3.52512E+0	-1.47793E+0	-2.59679E-1
5.03725E+11	5.27512E-8	4.99170E+0	8.80955E-1	-1.54278E+0
5.03900E+11	6.54591E-8	5.36505E+0	1.07130E+0	1.51390E+0
5.04075E+11	8.67896E-8	4.52281E+0	-1.64341E+0	3.63889E-1
5.04250E+11	7.33472E-8	2.86101E+0	2.50272E-1	-1.36740E+0
5.04425E+11	5.90116E-8	1.98754E-1	8.13330E-1	6.20743E-1
5.04600E+11	4.96735E-8	-2.27917E+0	-6.97417E-1	3.24474E-1
5.04775E+11	4.40444E-8	-4.26327E+0	5.06415E-2	-6.10021E-1
5.04950E+11	4.36298E-8	-5.82965E+0	4.44371E-1	2.52531E-1
5.05125E+11	4.99551E-8	-6.70734E+0	-3.13168E-1	3.39648E-1
5.05300E+11	5.32579E-8	-6.67310E+0	-2.75552E-1	-3.73089E-1
5.05475E+11	5.26056E-8	-7.27650E+0	3.72217E-1	-2.20621E-1
5.05650E+11	5.26196E-8	-7.61636E+0	1.70584E-1	3.79510E-1
5.05825E+11	4.72732E-8	-6.92962E+0	-4.46925E-1	5.51732E-2
5.06000E+11	4.75790E-8	-6.57465E+0	2.56919E-1	-3.92491E-1
5.06175E+11	5.70305E-8	-6.75737E+0	3.07383E-1	3.41330E-1
5.06350E+11	6.88773E-8	-6.47263E+0	-4.15009E-1	2.30336E-1
5.06525E+11	1.01898E-7	-5.85338E+0	-1.03457E-1	-4.99109E-1
5.06700E+11	1.24757E-7	-5.68558E+0	5.19605E-1	7.68763E-3
5.06875E+11	1.65616E-7	-6.45259E+0	-1.38992E-1	4.54984E-1
5.07050E+11	1.16854E-7	-7.93293E+0	-3.38083E-1	-2.15999E-1
5.07225E+11	1.08003E-7	-9.24805E+0	2.26824E-1	-2.59720E-1
5.07400E+11	1.10593E-7	-9.82355E+0	2.14750E-1	2.40892E-1
5.07575E+11	1.04746E-7	-9.93962E+0	-2.54010E-1	1.92039E-1
5.07750E+11	1.04350E-7	-1.04078E+1	-1.54049E-1	-2.59436E-1
5.07925E+11	1.11024E-7	-1.06668E+1	2.45987E-1	-1.58925E-1
5.08100E+11	1.32783E-7	-1.01993E+1	1.66482E-1	2.60380E-1
5.08275E+11	1.27781E-7	-1.04463E+1	-2.72917E-1	1.25504E-1
5.08450E+11	1.10814E-7	-1.10100E+1	-8.56965E-2	-2.68154E-1
5.08625E+11	1.20063E-7	-1.10269E+1	2.79879E-1	-2.46892E-2
5.08800E+11	1.03701E-7	-1.09403E+1	-6.68166E-2	2.75803E-1
5.08975E+11	9.46738E-8	-1.06577E+1	-2.59956E-1	-1.35537E-1
5.09150E+11	9.66002E-8	-1.01553E+1	1.70504E-1	-2.59645E-1
5.09325E+11	9.41616E-8	-9.52141E+0	2.53190E-1	2.18049E-1
5.09500E+11	8.90915E-8	-8.75917E+0	-2.72015E-1	2.43061E-1
5.09675E+11	7.91031E-8	-8.20692E+0	-1.84568E-1	-3.42125E-1
5.09850E+11	5.37034E-8	-8.42757E+0	3.75999E-1	-4.74792E-2
5.10025E+11	4.36645E-8	-9.23447E+0	-5.04596E-2	3.41658E-1
5.10200E+11	5.87420E-8	-9.59200E+0	-2.99038E-1	-1.42920E-1
5.10375E+11	5.06453E-8	-9.68066E+0	2.11666E-1	-2.50655E-1
5.10550E+11	4.33889E-8	-1.00014E+1	2.03161E-1	2.42267E-1
5.10725E+11	4.38435E-8	-9.91120E+0	-2.76583E-1	1.59898E-1
5.10900E+11	4.38695E-8	-9.63532E+0	-1.20343E-1	-3.07046E-1
5.11075E+11	5.93196E-8	-9.25745E+0	3.36595E-1	-7.31468E-2
5.11250E+11	4.89894E-8	-9.59674E+0	2.01117E-2	3.30644E-1
5.11425E+11	4.03331E-8	-9.83932E+0	-3.21570E-1	-1.90301E-2
5.11600E+11	4.22864E-8	-9.80472E+0	6.44298E-2	-3.16935E-1
5.11775E+11	4.14471E-8	-9.63326E+0	3.20975E-1	7.60668E-2
5.11950E+11	4.40023E-8	-9.43238E+0	-8.19345E-2	3.27489E-1
5.12125E+11	4.61674E-8	-9.25769E+0	-3.10643E-1	-1.48798E-1
5.12300E+11	5.90431E-8	-8.83498E+0	2.33665E-1	-2.75987E-1
5.12475E+11	6.47280E-8	-8.23896E+0	2.11956E-1	3.24159E-1
5.12650E+11	7.48013E-8	-8.02063E+0	-3.86873E-1	8.98205E-2
5.12825E+11	6.83645E-8	-9.00943E+0	5.64179E-3	-3.54384E-1
5.13000E+11	5.90990E-8	-1.02472E+1	3.02019E-1	5.70170E-2
5.13175E+11	5.94579E-8	-1.09086E+1	-5.67335E-2	2.79113E-1
5.13350E+11	6.35380E-8	-1.12113E+1	-2.66909E-1	-6.64904E-2
5.13525E+11	7.54689E-8	-1.07445E+1	8.70518E-2	-2.76891E-1
5.13700E+11	1.03079E-7	-9.81794E+0	3.02291E-1	1.13585E-1
5.13875E+11	1.16017E-7	-8.95652E+0	-1.53133E-1	3.22040E-1
5.14050E+11	1.24224E-7	-8.16133E+0	-3.22499E-1	-2.20691E-1
5.14225E+11	1.13119E-7	-8.10656E+0	2.78835E-1	-2.77306E-1
5.14400E+11	9.60934E-8	-8.26432E+0	2.19027E-1	3.18054E-1
5.14575E+11	7.02690E-8	-8.45081E+0	-3.49006E-1	1.45111E-1
5.14750E+11	5.58851E-8	-8.61877E+0	-6.26226E-2	-3.65406E-1
5.14925E+11	4.27929E-8	-8.64306E+0	3.69173E-1	-1.96941E-2
5.15100E+11	4.56628E-8	-8.09234E+0	5.94275E-3	3.93852E-1
5.15275E+11	5.33593E-8	-7.35319E+0	-4.28712E-1	-1.21707E-2
5.15450E+11	5.61660E-8	-6.71092E+0	4.89252E-2	-4.59201E-1
5.15625E+11	5.50057E-8	-7.03014E+0	4.27852E-1	1.22837E-1
5.15800E+11	4.25383E-8	-7.93232E+0	-1.70352E-1	3.63261E-1
5.15975E+11	3.21262E-8	-8.45776E+0	-3.10125E-1	-2.15538E-1
5.16150E+11	3.47849E-8	-8.61739E+0	2.51490E-1	-2.72470E-1
5.16325E+11	4.05590E-8	-8.61975E+0	2.42875E-1	2.80042E-1
5.16500E+11	5.12178E-8	-8.47528E+0	-2.97123E-1	2.31902E-1
5.16675E+11	7.53528E-8	-7.92585E+0	-2.27192E-1	-3.31062E-1
5.16850E+11	8.75225E-8	-7.21717E+0	3.93853E-1	-1.86209E-1
5.17025E+11	9.90029E-8	-7.33884E+0	2.15221E-2	4.29054E-1
5.17200E+11	1.03648E-7	-8.46475E+0	-3.59327E-1	-1.15277E-1
5.17375E+11	8.79620E-8	-9.11895E+0	1.85295E-1	-2.96913E-1
5.17550E+11	9.34914E-8	-9.56499E+0	2.43289E-1	2.26596E-1
5.17725E+11	9.74247E-8	-9.80108E+0	-2.45404E-1	2.10864E-1
5.17900E+11	1.16730E-7	-9.32060E+0	-2.08681E-1	-2.70899E-1
5.18075E+11	1.19334E-7	-8.74154E+0	3.16303E-1	-1.83206E-1
5.18250E+11	1.65564E-7	-8.17723E+0	1.17104E-1	3.72073E-1
5.18425E+11	2.03387E-7	-7.78482E+0	-4.07931E-1	-1.14985E-2
5.18600E+11	1.80887E-7	-7.69525E+0	1.26948E-1	-3.92294E-1
5.18775E+11	1.86754E-7	-7.62078E+0	3.58623E-1	2.10571E-1
5.18950E+11	1.94442E-7	-7.76416E+0	-2.53920E-1	3.20716E-1
5.19125E+11	2.09188E-7	-8.11072E+0	-2.69832E-1	-2.85816E-1
5.19300E+11	2.03177E-7	-8.18463E+0	3.22316E-1	-2.19101E-1
5.19475E+11	2.61775E-7	-7.40792E+0	1.54595E-1	3.97163E-1
5.19650E+11	3.19634E-7	-6.87607E+0	-4.51848E-1	-3.36879E-2
5.19825E+11	3.23742E-7	-6.58128E+0	2.66730E-1	-3.85456E-1
5.20000E+11	3.01113E-7	-7.44727E+0	1.88104E-1	3.80285E-1
5.20175E+11	2.52723E-7	-8.54354E+0	-3.71070E-1	4.63891E-2
5.20350E+11	2.51351E-7	-9.07415E+0	3.72341E-2	-3.49821E-1
5.20525E+11	2.69041E-7	-9.20864E+0	3.32725E-1	9.63419E-2
5.20700E+11	2.68272E-7	-9.19706E+0	-1.63472E-1	3.05916E-1
5.20875E+11	2.89322E-7	-8.87155E+0	-2.69522E-1	-2.38809E-1
5.21050E+11	3.01461E-7	-8.28076E+0	3.12661E-1	-2.25413E-1
5.21225E+11	3.05382E-7	-7.68799E+0	1.05814E-1	3.98871E-1
5.21400E+11	2.54546E-7	-7.96433E+0	-3.99381E-1	-1.70608E-2
5.21575E+11	2.15469E-7	-8.55390E+0	1.26821E-1	-3.51323E-1
5.21750E+11	1.94634E-7	-8.76401E+0	3.00621E-1	2.06276E-1
5.21925E+11	1.72445E-7	-9.09168E+0	-2.52548E-1	2.43890E-1
5.22100E+11	1.47752E-7	-9.28040E+0	-1.72084E-1	-2.97335E-1
5.22275E+11	1.75532E-7	-8.78626E+0	3.51508E-1	-9.31972E-2
5.22450E+11	1.84018E-7	-8.22990E+0	-6.22222E-2	3.82683E-1
5.22625E+11	2.20304E-7	-7.78642E+0	-3.56878E-1	-1.97779E-1
5.22800E+11	1.95331E-7	-7.74346E+0	3.36209E-1	-2.34728E-1
5.22975E+11	1.62387E-7	-8.15642E+0	4.51049E-2	3.88392E-1
5.23150E+11	1.69478E-7	-8.46890E+0	-3.67466E-1	-8.50743E-2
5.23325E+11	1.56293E-7	-8.75415E+0	1.83232E-1	-3.15675E-1
5.23500E+11	1.63350E-7	-8.83814E+0	2.71482E-1	2.38685E-1
5.23675E+11	1.58155E-7	-8.68313E+0	-2.78154E-1	2.40939E-1
5.23850E+11	2.04612E-7	-7.42469E+0	-2.05640E-1	-3.72358E-1
5.24025E+11	2.30315E-7	-6.60629E+0	4.63919E-1	-5.69119E-2
5.24200E+11	2.20127E-7	-6.37906E+0	-1.13421E-1	4.66186E-1
5.24375E+11	2.06450E-7	-6.73556E+0	-4.13462E-1	-2.02736E-1
5.24550E+11	1.81904E-7	-7.28685E+0	2.58369E-1	-3.46437E-1
5.24725E+11	1.44310E-7	-7.95129E+0	2.90687E-1	2.75278E-1
5.24900E+11	1.34603E-7	-8.52374E+0	-2.57542E-1	2.72316E-1
5.25075E+11	1.32512E-7	-8.74949E+0	-2.91618E-1	-2.19834E-1
5.25250E+11	1.51641E-7	-8.67770E+0	2.49105E-1	-2.71178E-1
5.25425E+11	2.06060E-7	-8.32802E+0	1.71419E-1	3.42892E-1
5.25600E+11	2.61209E-7	-7.84199E+0	-4.05127E-1	1.52910E-2
5.25775E+11	2.68053E-7	-8.15904E+0	1.53725E-1	-3.59387E-1
5.25950E+11	2.50015E-7	-8.92707E+0	2.68757E-1	2.36208E-1
5.26125E+11	1.76772E-7	-9.78421E+0	-2.47916E-1	2.08883E-1
5.26300E+11	1.77941E-7	-1.02064E+1	-1.61636E-1	-2.63121E-1
5.26475E+11	1.79096E-7	-1.00331E+1	2.96373E-1	-1.06793E-1
5.26650E+11	1.83145E-7	-9.40067E+0	-1.19961E-2	3.38605E-1
5.26825E+11	1.89989E-7	-8.60603E+0	-3.11524E-1	-2.01990E-1
5.27000E+11	2.69722E-7	-8.27469E+0	3.43429E-1	-1.75591E-1
5.27175E+11	2.51661E-7	-8.43267E+0	3.29860E-2	3.77323E-1
5.27350E+11	2.09473E-7	-8.80633E+0	-3.54808E-1	-7.57975E-2
5.27525E+11	1.83483E-7	-9.45098E+0	1.50179E-1	-3.01532E-1
5.27700E+11	1.19711E-7	-9.97640E+0	2.30609E-1	2.17634E-1
5.27875E+11	1.13596E-7	-1.05799E+1	-2.62245E-1	1.36853E-1
5.28050E+11	9.17785E-8	-1.08630E+1	-4.96391E-2	-2.81983E-1
5.28225E+11	1.26135E-7	-9.95774E+0	3.15376E-1	3.89309E-2
5.28400E+11	1.35576E-7	-9.21746E+0	-1.37470E-1	3.17563E-1
5.28575E+11	1.41742E-7	-8.95389E+0	-3.02634E-1	-1.88809E-1
5.28750E+11	1.51711E-7	-9.19638E+0	2.17688E-1	-2.70071E-1
5.28925E+11	1.39010E-7	-9.50361E+0	2.34999E-1	2.38504E-1
5.29100E+11	1.53636E-7	-9.69709E+0	-2.73369E-1	1.80259E-1
5.29275E+11	1.42371E-7	-9.69427E+0	-8.69939E-2	-3.15793E-1
5.29450E+11	1.57465E-7	-9.48468E+0	3.33762E-1	3.46554E-2
5.29625E+11	1.70783E-7	-9.33673E+0	-1.57744E-1	3.02683E-1
5.29800E+11	1.65437E-7	-9.02137E+0	-2.54487E-1	-2.45990E-1
5.29975E+11	1.59726E-7	-9.19843E+0	2.91299E-1	-1.88189E-1
5.30150E+11	1.15960E-7	-1.03273E+1	1.18336E-1	2.80602E-1
5.30325E+11	9.39692E-8	-1.14362E+1	-2.59018E-1	6.89353E-2
5.30500E+11	6.70864E-8	-1.25319E+1	-8.61834E-3	-2.36110E-1
5.30675E+11	6.01625E-8	-1.31731E+1	2.13858E-1	4.92482E-2
5.30850E+11	5.28839E-8	-1.33325E+1	-9.65358E-2	1.92629E-1
5.31025E+11	5.84632E-8	-1.28175E+1	-1.80759E-1	-1.39983E-1
5.31200E+11	7.01367E-8	-1.18761E+1	1.90248E-1	-1.69492E-1
5.31375E+11	8.39503E-8	-1.12721E+1	1.56664E-1	2.23755E-1
5.31550E+11	1.01501E-7	-1.09359E+1	-2.60013E-1	1.14046E-1
5.31725E+11	1.02525E-7	-1.07524E+1	-3.86705E-2	-2.87397E-1
5.31900E+11	1.12818E-7	-1.05635E+1	2.88633E-1	6.72474E-2
5.32075E+11	1.30951E-7	-1.03894E+1	-1.71787E-1	2.48822E-1
5.32250E+11	1.24002E-7	-1.03117E+1	-1.97524E-1	-2.32507E-1
5.32425E+11	1.30724E-7	-1.04471E+1	2.46140E-1	-1.72144E-1
5.32600E+11	1.58918E-7	-9.77158E+0	1.84158E-1	2.67369E-1
5.32775E+11	1.62475E-7	-9.37829E+0	-3.08603E-1	1.41968E-1
5.32950E+11	1.61725E-7	-1.00482E+1	-7.43128E-2	-3.05571E-1
5.33125E+11	1.22475E-7	-1.13161E+1	2.71383E-1	-1.44546E-2
5.33300E+11	1.00354E-7	-1.19178E+1	-2.83989E-2	2.51982E-1
5.33475E+11	9.71311E-8	-1.21176E+1	-2.40654E-1	-5.91212E-2
5.33650E+11	1.11508E-7	-1.20135E+1	7.34363E-2	-2.39805E-1
5.33825E+11	1.31055E-7	-1.15203E+1	2.51596E-1	8.46447E-2
5.34000E+11	1.56300E-7	-1.10663E+1	-1.29882E-1	2.47711E-1
5.34175E+11	1.65828E-7	-1.07889E+1	-2.36238E-1	-1.66074E-1
5.34350E+11	1.70875E-7	-1.02550E+1	2.32101E-1	-2.01066E-1
5.34525E+11	1.89879E-7	-1.02826E+1	1.18655E-1	2.82173E-1
5.34700E+11	1.55506E-7	-1.05964E+1	-2.94203E-1	2.47622E-2
5.34875E+11	1.41848E-7	-1.13177E+1	4.10799E-2	-2.68593E-1
5.35050E+11	1.25068E-7	-1.20440E+1	2.39518E-1	7.13467E-2
5.35225E+11	1.16452E-7	-1.24556E+1	-7.02793E-2	2.27756E-1
5.35400E+11	1.46470E-7	-1.16622E+1	-2.48157E-1	-8.13435E-2
5.35575E+11	1.77016E-7	-1.10083E+1	1.27773E-1	-2.50908E-1
5.35750E+11	1.88652E-7	-1.09104E+1	2.11539E-1	1.90628E-1
5.35925E+11	1.98842E-7	-1.11565E+1	-2.37457E-1	1.42254E-1
5.36100E+11	1.93310E-7	-1.14556E+1	-5.82784E-2	-2.61008E-1
5.36275E+11	1.93392E-7	-1.18011E+1	2.55091E-1	3.13174E-2
5.36450E+11	1.91067E-7	-1.20401E+1	-1.03626E-1	2.27546E-1
5.36625E+11	1.89395E-7	-1.20025E+1	-1.94895E-1	-1.58351E-1
5.36800E+11	1.80914E-7	-1.15767E+1	2.08791E-1	-1.61126E-1
5.36975E+11	2.16831E-7	-1.08036E+1	1.22102E-1	2.61148E-1
5.37150E+11	2.35936E-7	-1.00477E+1	-3.10149E-1	5.21000E-2
5.37325E+11	2.33531E-7	-1.01831E+1	5.14966E-2	-3.05318E-1
5.37500E+11	2.03813E-7	-1.06362E+1	2.54989E-1	1.46128E-1
5.37675E+11	1.86319E-7	-1.12320E+1	-2.04104E-1	1.83421E-1
5.37850E+11	1.49989E-7	-1.16847E+1	-1.11108E-1	-2.35587E-1
5.38025E+11	1.39827E-7	-1.18883E+1	2.49370E-1	-5.05460E-2
5.38200E+11	1.47464E-7	-1.15681E+1	8.04277E-3	2.63873E-1
5.38375E+11	1.71792E-7	-1.05269E+1	-2.93800E-1	-4.75091E-2
5.38550E+11	2.08407E-7	-9.84160E+0	1.30675E-1	-2.94345E-1
5.38725E+11	2.14324E-7	-9.50671E+0	2.38830E-1	2.34497E-1
5.38900E+11	2.22547E-7	-9.58749E+0	-3.02054E-1	1.36849E-1
5.39075E+11	2.22742E-7	-1.00271E+1	-4.31510E-3	-3.15214E-1
5.39250E+11	1.83829E-7	-1.07313E+1	2.66517E-1	1.16068E-1
5.39425E+11	1.62767E-7	-1.16026E+1	-1.70375E-1	2.00287E-1
5.39600E+11	1.22167E-7	-1.24447E+1	-1.60225E-1	-1.76869E-1
5.39775E+11	1.37711E-7	-1.21355E+1	1.95703E-1	-1.51186E-1
5.39950E+11	1.62841E-7	-1.13865E+1	1.16817E-1	2.42948E-1
5.40125E+11	1.50868E-7	-1.12589E+1	-2.71165E-1	3.61402E-2
5.40300E+11	1.47380E-7	-1.17687E+1	5.90464E-2	-2.51119E-1
5.40475E+11	1.38286E-7	-1.22279E+1	2.13308E-1	1.19876E-1
5.40650E+11	1.47762E-7	-1.21866E+1	-1.67868E-1	1.79617E-1
5.40825E+11	1.68859E-7	-1.21765E+1	-1.52481E-1	-1.93215E-1
5.41000E+11	1.28620E-7	-1.22609E+1	1.92725E-1	-1.49247E-1
5.41175E+11	1.61738E-7	-1.19882E+1	1.47332E-1	2.03863E-1
5.41350E+11	1.58853E-7	-1.13904E+1	-2.29560E-1	1.41087E-1
5.41525E+11	2.07810E-7	-1.06532E+1	-9.58707E-2	-2.77211E-1
5.41700E+11	1.95111E-7	-1.06051E+1	2.94652E-1	-1.32413E-2
5.41875E+11	1.60681E-7	-1.11366E+1	-4.41049E-2	2.73912E-1
5.42050E+11	1.48064E-7	-1.17944E+1	-2.45706E-1	-7.60433E-2
5.42225E+11	1.45408E-7	-1.22831E+1	9.88618E-2	-2.22128E-1
5.42400E+11	1.29775E-7	-1.26885E+1	2.02216E-1	1.13818E-1
5.42575E+11	1.28267E-7	-1.24214E+1	-1.49582E-1	1.86780E-1
5.42750E+11	1.35222E-7	-1.19140E+1	-1.33706E-1	-2.15592E-1
5.42925E+11	1.44225E-7	-1.19128E+1	2.50882E-1	-3.78670E-2
5.43100E+11	1.34647E-7	-1.19016E+1	-6.41422E-2	2.45820E-1
5.43275E+11	1.31166E-7	-1.19963E+1	-2.08006E-1	-1.41009E-1
5.43450E+11	1.32001E-7	-1.19347E+1	2.01914E-1	-1.52585E-1
5.43625E+11	1.42560E-7	-1.17817E+1	8.45535E-2	2.43310E-1
5.43800E+11	1.45827E-7	-1.20968E+1	-2.48283E-1	7.75160E-3
5.43975E+11	1.19260E-7	-1.24621E+1	6.79436E-2	-2.28279E-1
5.44150E+11	1.36294E-7	-1.22780E+1	2.01886E-1	1.35739E-1
5.44325E+11	1.46924E-7	-1.18434E+1	-2.06570E-1	1.50803E-1
5.44500E+11	1.48901E-7	-1.17448E+1	-6.84952E-2	-2.49447E-1
5.44675E+11	1.40239E-7	-1.22008E+1	2.45072E-1	1.35719E-2
5.44850E+11	1.29191E-7	-1.30596E+1	-5.05799E-2	2.16513E-1
5.45025E+11	1.07151E-7	-1.35604E+1	-1.97408E-1	-7.12812E-2
5.45200E+11	1.01205E-7	-1.38312E+1	9.18961E-2	-1.81503E-1
5.45375E+11	1.08004E-7	-1.39732E+1	1.64980E-1	1.13307E-1
5.45550E+11	1.15281E-7	-1.32083E+1	-1.47821E-1	1.60999E-1
5.45725E+11	9.50706E-8	-1.28792E+1	-1.20748E-1	-1.92230E-1
5.45900E+11	1.17232E-7	-1.25962E+1	2.23500E-1	-7.10644E-2
5.46075E+11	1.13163E-7	-1.26416E+1	2.03496E-2	2.32415E-1
5.46250E+11	1.03733E-7	-1.27866E+1	-2.28116E-1	-2.46150E-2
5.46425E+11	1.11456E-7	-1.25884E+1	7.47702E-2	-2.22510E-1
5.46600E+11	9.64834E-8	-1.27081E+1	1.89350E-1	1.33226E-1
5.46775E+11	8.79775E-8	-1.28934E+1	-1.78651E-1	1.39454E-1
5.46950E+11	8.17391E-8	-1.28877E+1	-7.36631E-2	-2.14488E-1
5.47125E+11	8.56197E-8	-1.21486E+1	2.46925E-1	-1.15061E-3
5.47300E+11	9.66974E-8	-1.15764E+1	-9.94522E-2	2.44274E-1
5.47475E+11	9.34949E-8	-1.14641E+1	-1.94433E-1	-1.83244E-1
5.47650E+11	7.93015E-8	-1.17363E+1	2.20087E-1	-1.36409E-1
5.47825E+11	6.00314E-8	-1.20391E+1	9.20372E-2	2.32507E-1
5.48000E+11	6.17375E-8	-1.23672E+1	-2.37022E-1	4.24297E-2
5.48175E+11	5.24411E-8	-1.27800E+1	1.53881E-2	-2.29098E-1
5.48350E+11	4.86257E-8	-1.30356E+1	2.13402E-1	6.45670E-2
5.48525E+11	5.47978E-8	-1.29352E+1	-1.05329E-1	1.99443E-1
5.48700E+11	5.51430E-8	-1.27670E+1	-1.67797E-1	-1.57242E-1
5.48875E+11	5.38932E-8	-1.29530E+1	1.82391E-1	-1.31900E-1
5.49050E+11	4.58929E-8	-1.35992E+1	9.26741E-2	1.87272E-1
5.49225E+11	4.13675E-8	-1.40259E+1	-1.84783E-1	7.36822E-2
5.49400E+11	4.59503E-8	-1.42750E+1	-4.77008E-2	-1.87330E-1
5.49575E+11	4.25809E-8	-1.43974E+1	1.89917E-1	-1.61652E-2
5.49750E+11	5.05976E-8	-1.46194E+1	-2.17319E-2	1.84518E-1
5.49925E+11	4.78281E-8	-1.46167E+1	-1.78633E-1	-5.12944E-2
5.50100E+11	5.45481E-8	-1.42230E+1	8.63548E-2	-1.74244E-1
5.50275E+11	4.93757E-8	-1.39989E+1	1.56622E-1	1.23652E-1
5.50450E+11	5.61264E-8	-1.39218E+1	-1.63704E-1	1.17195E-1
5.50625E+11	5.76567E-8	-1.41323E+1	-6.77341E-2	-1.84468E-1
5.50800E+11	6.25547E-8	-1.44056E+1	1.90030E-1	-1.22313E-2
5.50975E+11	5.31909E-8	-1.49169E+1	-3.87420E-2	1.75308E-1
5.51150E+11	4.92025E-8	-1.52845E+1	-1.54057E-1	-7.67078E-2
5.51325E+11	4.74306E-8	-1.54937E+1	9.93062E-2	-1.35509E-1
5.51500E+11	4.69438E-8	-1.55339E+1	1.19795E-1	1.16678E-1
5.51675E+11	4.71287E-8	-1.54233E+1	-1.39251E-1	9.64124E-2
5.51850E+11	4.43509E-8	-1.56555E+1	-6.66988E-2	-1.50811E-1
5.52025E+11	4.11207E-8	-1.61107E+1	1.54465E-1	-2.50382E-2
5.52200E+11	4.12337E-8	-1.64167E+1	-6.96501E-3	1.50905E-1
5.52375E+11	4.01636E-8	-1.66959E+1	-1.42125E-1	-3.46441E-2
5.52550E+11	3.37084E-8	-1.72203E+1	5.44811E-2	-1.26482E-1
5.52725E+11	3.41755E-8	-1.75698E+1	1.10930E-1	7.20690E-2
5.52900E+11	3.13932E-8	-1.79106E+1	-9.26050E-2	8.71946E-2
5.53075E+11	2.68986E-8	-1.82709E+1	-5.55123E-2	-1.08669E-1
5.53250E+11	2.61354E-8	-1.86620E+1	1.15417E-1	-1.69422E-2
5.53425E+11	2.45078E-8	-1.92529E+1	-2.33086E-2	1.06460E-1
5.53600E+11	2.03187E-8	-1.99754E+1	-8.37409E-2	-5.51739E-2
5.53775E+11	1.72044E-8	-2.07898E+1	7.37137E-2	-5.38846E-2
5.53950E+11	1.22838E-8	-2.17544E+1	2.01860E-2	7.91781E-2
5.54125E+11	1.00329E-8	-2.24160E+1	-7.50482E-2	-1.00523E-2
5.54300E+11	9.45835E-9	-2.33210E+1	3.26966E-2	-5.98809E-2
5.54475E+11	7.27334E-9	-2.40955E+1	4.27728E-2	4.54415E-2
5.54650E+11	6.14399E-9	-2.47587E+1	-5.22501E-2	2.47567E-2
5.54825E+11	4.68263E-9	-2.55644E+1	-6.22971E-3	-5.23269E-2
5.55000E+11	3.49853E-9	-2.67212E+1	4.55289E-2	7.39472E-3
5.55175E+11	2.97933E-9	-2.72895E+1	-2.10956E-2	3.77037E-2
5.55350E+11	2.34392E-9	-2.81453E+1	-2.50807E-2	-3.00618E-2
5.55525E+11	1.99956E-9	-2.90097E+1	3.31242E-2	-1.26055E-2
5.55700E+11	1.59830E-9	-2.97265E+1	2.56916E-4	3.26332E-2
5.55875E+11	1.51878E-9	-3.00356E+1	-3.00947E-2	-9.28179E-3
5.56050E+11	1.14461E-9	-3.10201E+1	1.58203E-2	-2.32459E-2
5.56225E+11	1.03985E-9	-3.11637E+1	1.44470E-2	2.35844E-2
5.56400E+11	8.47673E-10	-3.19926E+1	-2.50895E-2	1.59440E-3
5.56575E+11	7.52520E-10	-3.24871E+1	1.05331E-2	-2.12853E-2
5.56750E+11	7.32501E-10	-3.26510E+1	1.45791E-2	1.81817E-2
5.56925E+11	7.21322E-10	-3.27252E+1	-2.23957E-2	5.68821E-3
5.57100E+11	7.05928E-10	-3.26626E+1	1.76749E-3	-2.32069E-2
5.57275E+11	7.67757E-10	-3.26019E+1	2.20509E-2	7.94125E-3
5.57450E+11	6.74910E-10	-3.25302E+1	-1.64629E-2	1.69535E-2
5.57625E+11	6.85005E-10	-3.24465E+1	-8.52389E-3	-2.22857E-2
5.57800E+11	7.58506E-10	-3.18596E+1	2.53299E-2	3.17530E-3
5.57975E+11	8.54770E-10	-3.12464E+1	-1.30390E-2	2.40935E-2
5.58150E+11	1.08858E-9	-3.04421E+1	-2.22477E-2	-2.02051E-2
5.58325E+11	1.23215E-9	-3.00199E+1	2.41257E-2	-2.03317E-2
5.58500E+11	1.82320E-9	-2.89759E+1	2.01367E-2	2.93331E-2
5.58675E+11	1.97564E-9	-2.84516E+1	-3.52362E-2	1.36663E-2
5.58850E+11	2.44310E-9	-2.77161E+1	-4.77325E-3	-4.08555E-2
5.59025E+11	2.76813E-9	-2.72053E+1	4.24718E-2	9.96481E-3
5.59200E+11	3.07907E-9	-2.66009E+1	-2.46858E-2	3.97229E-2
5.59375E+11	3.76391E-9	-2.58557E+1	-3.77317E-2	-3.42504E-2
5.59550E+11	5.12359E-9	-2.53091E+1	3.72585E-2	-3.94565E-2
5.59725E+11	6.35015E-9	-2.45078E+1	4.28016E-2	4.13492E-2
5.59900E+11	7.80287E-9	-2.35261E+1	-5.31021E-2	4.02524E-2
5.60075E+11	9.74702E-9	-2.28842E+1	-2.37282E-2	-6.77072E-2
5.60250E+11	1.05464E-8	-2.22650E+1	7.69838E-2	3.08830E-3
5.60425E+11	1.49411E-8	-2.13216E+1	-2.84158E-2	8.10482E-2
5.60600E+11	1.57548E-8	-2.06671E+1	-8.17752E-2	-4.34623E-2
5.60775E+11	1.73735E-8	-1.99136E+1	5.07069E-2	-8.73480E-2
5.60950E+11	2.16027E-8	-1.90728E+1	9.69308E-2	5.46302E-2
5.61125E+11	2.58579E-8	-1.83168E+1	-7.02037E-2	9.90231E-2
5.61300E+11	2.71705E-8	-1.77163E+1	-7.67521E-2	-1.05015E-1
5.61475E+11	3.41951E-8	-1.72582E+1	1.34373E-1	-2.72911E-2
5.61650E+11	3.27585E-8	-1.69890E+1	-2.64106E-2	1.38946E-1
5.61825E+11	3.75990E-8	-1.66027E+1	-1.37327E-1	-5.48201E-2
5.62000E+11	4.12143E-8	-1.64001E+1	6.36106E-2	-1.37338E-1
5.62175E+11	4.19146E-8	-1.61761E+1	1.40257E-1	6.66995E-2
5.62350E+11	4.59800E-8	-1.56855E+1	-7.98210E-2	1.43645E-1
5.62525E+11	4.45544E-8	-1.52348E+1	-1.27792E-1	-1.16739E-1
5.62700E+11	5.52635E-8	-1.45476E+1	1.62298E-1	-9.35606E-2
5.62875E+11	6.54307E-8	-1.39298E+1	4.77014E-2	1.95408E-1
5.63050E+11	6.69513E-8	-1.38134E+1	-2.03723E-1	7.42348E-3
5.63225E+11	6.76776E-8	-1.37390E+1	1.22607E-2	-2.05246E-1
5.63400E+11	6.49516E-8	-1.38073E+1	2.03467E-1	1.47708E-2
5.63575E+11	6.87015E-8	-1.38937E+1	-5.97720E-2	1.92936E-1
5.63750E+11	6.89959E-8	-1.38678E+1	-1.51136E-1	-1.34904E-1
5.63925E+11	8.03909E-8	-1.38354E+1	1.85887E-1	-8.24310E-2
5.64100E+11	8.48399E-8	-1.35031E+1	3.85329E-3	2.11238E-1
5.64275E+11	9.46063E-8	-1.33163E+1	-2.10012E-1	-4.99307E-2
5.64450E+11	8.22265E-8	-1.34095E+1	7.45064E-2	-2.00145E-1
5.64625E+11	9.23584E-8	-1.34122E+1	1.92897E-1	9.14969E-2
5.64800E+11	8.33960E-8	-1.35096E+1	-1.20482E-1	1.73361E-1
5.64975E+11	8.96900E-8	-1.34993E+1	-1.26228E-1	-1.69535E-1
5.65150E+11	9.15114E-8	-1.31667E+1	2.15799E-1	-4.07654E-2
5.65325E+11	1.08828E-7	-1.28754E+1	-5.36079E-2	2.20689E-1
5.65500E+11	1.01799E-7	-1.21284E+1	-2.08499E-1	-1.33365E-1
5.65675E+11	1.25939E-7	-1.13227E+1	2.01331E-1	-1.82237E-1
5.65850E+11	1.39545E-7	-1.10074E+1	1.24123E-1	2.52766E-1
5.66025E+11	1.25891E-7	-1.12575E+1	-2.72040E-1	2.92283E-2
5.66200E+11	1.11095E-7	-1.15721E+1	7.02998E-2	-2.54336E-1
5.66375E+11	1.01945E-7	-1.15210E+1	2.04775E-1	1.68877E-1
5.66550E+11	1.09396E-7	-1.13483E+1	-2.37403E-1	1.30197E-1
5.66725E+11	1.00632E-7	-1.11233E+1	-8.46282E-2	-2.64664E-1
5.66900E+11	1.04443E-7	-1.08238E+1	2.83803E-1	-4.66718E-2
5.67075E+11	1.07897E-7	-1.03379E+1	-5.24239E-3	3.04118E-1
5.67250E+11	1.30700E-7	-9.79841E+0	-3.06336E-1	-1.04449E-1
5.67425E+11	1.21025E-7	-9.51787E+0	2.45664E-1	-2.26694E-1
5.67600E+11	1.38155E-7	-9.65101E+0	7.53331E-2	3.20457E-1
5.67775E+11	1.28413E-7	-9.99438E+0	-3.13015E-1	-4.63825E-2
5.67950E+11	1.15010E-7	-1.03424E+1	9.56289E-2	-2.88572E-1
5.68125E+11	1.17300E-7	-1.05167E+1	2.85877E-1	8.40040E-2
5.68300E+11	1.17008E-7	-1.04841E+1	-8.70560E-2	2.86134E-1
5.68475E+11	1.39495E-7	-1.01180E+1	-2.87745E-1	-1.20506E-1
5.68650E+11	1.50119E-7	-1.00222E+1	1.85353E-1	-2.55215E-1
5.68825E+11	1.26200E-7	-1.06030E+1	1.57509E-1	2.49452E-1
5.69000E+11	1.05320E-7	-1.13087E+1	-2.61778E-1	7.38523E-2
5.69175E+11	1.16501E-7	-1.15043E+1	-3.66834E-2	-2.63400E-1
5.69350E+11	1.08554E-7	-1.13107E+1	2.68717E-1	-4.17037E-2
5.69525E+11	1.33977E-7	-1.10753E+1	3.54093E-2	2.77151E-1
5.69700E+11	1.35765E-7	-1.10907E+1	-2.77156E-1	-3.12259E-2
5.69875E+11	1.53037E-7	-1.07470E+1	1.45399E-1	-2.51113E-1
5.70050E+11	1.86835E-7	-9.86216E+0	1.47526E-1	2.85414E-1
5.70225E+11	2.40662E-7	-9.19637E+0	-3.42734E-1	-5.34830E-2
5.70400E+11	2.24272E-7	-9.22777E+0	2.11658E-1	-2.73242E-1
5.70575E+11	2.02215E-7	-1.00556E+1	1.68065E-1	2.65485E-1
5.70750E+11	1.54039E-7	-1.07002E+1	-2.74894E-1	9.76860E-2
5.70925E+11	1.67638E-7	-1.07097E+1	6.96950E-4	-2.91415E-1
5.71100E+11	1.88370E-7	-1.05344E+1	2.49940E-1	1.61097E-1
5.71275E+11	1.93539E-7	-1.01621E+1	-2.98818E-1	8.39259E-2
5.71450E+11	2.13340E-7	-9.77196E+0	1.15724E-1	-3.03314E-1
5.71625E+11	1.99540E-7	-9.59681E+0	2.16630E-1	2.50600E-1
5.71800E+11	1.85262E-7	-9.54016E+0	-3.07831E-1	1.28098E-1
5.71975E+11	1.74245E-7	-9.53565E+0	-4.76099E-2	-3.30178E-1
5.72150E+11	1.64381E-7	-9.26155E+0	3.38750E-1	6.15053E-2
5.72325E+11	1.68128E-7	-9.07572E+0	-1.77153E-1	3.03864E-1
5.72500E+11	1.50262E-7	-9.26573E+0	-2.31120E-1	-2.54959E-1
5.72675E+11	1.50637E-7	-9.26034E+0	2.90475E-1	-1.84911E-1
5.72850E+11	1.62264E-7	-8.59427E+0	1.78611E-1	3.26066E-1
5.73025E+11	2.05624E-7	-8.18865E+0	-3.59124E-1	1.50939E-1
5.73200E+11	1.87278E-7	-8.36079E+0	-3.64338E-2	-3.80168E-1
5.73375E+11	1.32614E-7	-9.60975E+0	3.15398E-1	9.96289E-2
5.73550E+11	1.21276E-7	-1.10956E+1	-1.69661E-1	2.21176E-1
5.73725E+11	9.82416E-8	-1.15143E+1	-1.66590E-1	-2.06905E-1
5.73900E+11	1.00397E-7	-1.12237E+1	2.30094E-1	-1.50008E-1
5.74075E+11	1.27089E-7	-1.09458E+1	1.60124E-1	2.34073E-1
5.74250E+11	1.21263E-7	-1.06722E+1	-2.28885E-1	1.82404E-1
5.74425E+11	1.44489E-7	-1.01407E+1	-1.75492E-1	-2.56932E-1
5.74600E+11	1.65575E-7	-9.63102E+0	3.26810E-1	-4.54176E-2
5.74775E+11	1.54386E-7	-9.62945E+0	-1.66022E-1	2.85208E-1
5.74950E+11	1.89981E-7	-9.79287E+0	-1.16707E-1	-3.02100E-1
5.75125E+11	1.66931E-7	-9.82542E+0	3.19763E-1	4.30498E-2
5.75300E+11	1.64601E-7	-1.00971E+1	-1.14984E-1	2.90806E-1
5.75475E+11	1.63395E-7	-1.02440E+1	-2.74419E-1	-1.38673E-1
5.75650E+11	1.68465E-7	-9.69275E+0	1.75914E-1	-2.76378E-1
5.75825E+11	1.84494E-7	-9.17283E+0	2.25394E-1	2.64912E-1
5.76000E+11	1.96710E-7	-9.01549E+0	-3.46390E-1	7.38793E-2
5.76175E+11	1.84251E-8	-9.85343E+0	8.96476E-2	-3.08862E-1
5.76350E+11	4.82095E-9	-1.13201E+1	-2.55766E-1	9.14975E-2
5.76525E+11	7.93277E-9	-1.13539E+1	-1.02549E-1	-2.50399E-1
5.76700E+11	7.18576E-9	-1.03233E+1	2.75552E-1	-1.29989E-1
5.76875E+11	1.28335E-8	-9.85674E+0	9.81073E-2	3.06151E-1
5.77050E+11	8.56671E-9	-9.45904E+0	-3.34401E-1	3.79646E-2
5.77225E+11	1.36818E-8	-8.69617E+0	6.51567E-2	-3.61621E-1
5.77400E+11	1.58959E-8	-8.23527E+0	2.71435E-1	2.76505E-1
5.77575E+11	1.21900E-8	-8.22638E+0	-3.44661E-1	1.77900E-1
5.77750E+11	1.50669E-8	-8.63311E+0	-1.52657E-1	-3.37173E-1
5.77925E+11	1.13087E-8	-9.20409E+0	2.95179E-1	-1.81611E-1
5.78100E+11	1.52148E-8	-9.80305E+0	1.74996E-1	2.72058E-1
5.78275E+11	7.09070E-9	-1.03847E+1	-2.80146E-1	1.14200E-1
5.78450E+11	9.07562E-9	-1.02722E+1	9.34418E-3	-3.06330E-1
5.78625E+11	1.54664E-8	-1.01031E+1	2.72345E-1	1.53237E-1
5.78800E+11	8.40202E-9	-1.00985E+1	-2.42437E-1	1.97435E-1
5.78975E+11	1.04191E-8	-1.04169E+1	-1.50117E-1	-2.61366E-1
5.79150E+11	7.39304E-9	-1.14603E+1	2.25536E-1	-1.43452E-1
5.79325E+11	7.80027E-9	-1.18805E+1	1.67836E-1	1.91539E-1
5.79500E+11	1.30313E-8	-1.09282E+1	-2.32757E-1	1.63038E-1
5.79675E+11	1.39140E-8	-1.06472E+1	-6.09253E-2	-2.87127E-1
5.79850E+11	1.59570E-8	-1.04892E+1	2.92856E-1	5.98467E-2
5.80025E+11	2.22690E-8	-9.61492E+0	-1.47112E-1	2.96023E-1
5.80200E+11	2.06626E-8	-9.21259E+0	-2.91301E-1	-1.87142E-1
5.80375E+11	1.84501E-8	-8.88598E+0	2.19355E-1	-2.84824E-1
5.80550E+11	1.95744E-8	-8.92650E+0	2.31206E-1	2.73103E-1
5.80725E+11	1.42409E-8	-9.54999E+0	-3.19418E-1	9.42862E-2
5.80900E+11	1.47355E-8	-1.00695E+1	8.45948E-2	-3.02087E-1
5.81075E+11	7.53037E-9	-1.05464E+1	2.11335E-1	2.08602E-1
5.81250E+11	9.55948E-9	-1.06790E+1	-2.65698E-1	1.22191E-1
5.81425E+11	1.01563E-8	-1.04687E+1	-8.75896E-2	-2.86529E-1
5.81600E+11	1.33397E-8	-1.00585E+1	3.00729E-1	-9.06829E-2
5.81775E+11	7.13321E-9	-9.35409E+0	2.71025E-2	3.39560E-1
5.81950E+11	1.05023E-8	-1.01138E+1	-3.03643E-1	-7.22177E-2
5.82125E+11	1.01026E-8	-1.05277E+1	1.74774E-1	-2.40856E-1
5.82300E+11	8.15971E-9	-9.73803E+0	1.43505E-1	2.92616E-1
5.82475E+11	1.39173E-8	-9.62126E+0	-3.29927E-1	1.61355E-2
5.82650E+11	1.12433E-8	-9.45523E+0	8.84677E-2	-3.24866E-1
5.82825E+11	7.95209E-9	-9.09840E+0	3.14228E-1	1.55990E-1
5.83000E+11	1.24114E-8	-8.84791E+0	-2.39252E-1	2.70440E-1
5.83175E+11	1.09134E-8	-8.56392E+0	-1.78710E-1	-3.27495E-1
5.83350E+11	1.65070E-8	-8.71714E+0	3.65092E-1	-3.27530E-2
5.83525E+11	8.40348E-9	-9.38413E+0	-8.54126E-2	3.28543E-1
5.83700E+11	6.49137E-9	-1.02699E+1	-2.80854E-1	-1.22864E-1
5.83875E+11	1.04222E-8	-1.09723E+1	1.40398E-1	-2.45418E-1
5.84050E+11	4.20864E-9	-1.22339E+1	2.04316E-1	1.34320E-1
5.84225E+11	5.08828E-9	-1.23675E+1	-1.43134E-1	1.93620E-1
5.84400E+11	1.22997E-8	-1.11474E+1	-1.48792E-1	-2.33757E-1
5.84575E+11	1.53135E-8	-1.03284E+1	3.04496E-1	-6.14877E-4
5.84750E+11	8.08024E-9	-1.05359E+1	-1.11649E-1	2.75548E-1
5.84925E+11	6.54822E-9	-1.07715E+1	-2.47840E-1	-1.49332E-1
5.85100E+11	9.33684E-9	-1.02261E+1	1.70577E-1	-2.56576E-1
5.85275E+11	9.84155E-9	-9.91505E+0	2.32690E-1	2.18702E-1
5.85450E+11	8.31472E-9	-1.01083E+1	-2.85598E-1	1.26376E-1
5.85625E+11	6.20370E-9	-1.02656E+1	1.39165E-2	-3.06389E-1
5.85800E+11	9.70934E-9	-9.77935E+0	2.86512E-1	1.52062E-1
5.85975E+11	1.28765E-8	-9.06916E+0	-2.52888E-1	2.44849E-1
5.86150E+11	1.02869E-8	-8.70342E+0	-2.01719E-1	-3.06757E-1
5.86325E+11	1.61253E-8	-8.66269E+0	3.16412E-1	-1.89588E-1
5.86500E+11	1.14798E-8	-9.44828E+0	1.48588E-1	3.02436E-1
5.86675E+11	7.47340E-9	-1.07510E+1	-2.80222E-1	7.48017E-2
5.86850E+11	8.40915E-9	-1.18967E+1	1.49340E-3	-2.54188E-1
5.87025E+11	7.69865E-9	-1.13930E+1	2.58522E-1	7.56785E-2
5.87200E+11	1.31342E-8	-9.97267E+0	-1.43287E-1	2.83020E-1
5.87375E+11	1.19937E-8	-9.42453E+0	-2.97386E-1	-1.60406E-1
5.87550E+11	1.09244E-8	-9.52328E+0	1.41363E-1	-3.02686E-1
5.87725E+11	1.37148E-8	-9.38576E+0	2.89542E-1	1.77082E-1
5.87900E+11	1.04219E-8	-9.42817E+0	-2.64954E-1	2.09458E-1
5.88075E+11	1.02395E-8	-9.64725E+0	-3.97473E-2	-3.26927E-1
5.88250E+11	7.98824E-9	-9.78950E+0	2.80343E-1	1.62401E-1
5.88425E+11	8.78099E-9	-1.01931E+1	-2.59115E-1	1.68849E-1
5.88600E+11	9.10364E-9	-1.06588E+1	-1.38755E-1	-2.58211E-1
5.88775E+11	1.16707E-8	-9.85419E+0	2.77668E-1	-1.62218E-1
5.88950E+11	1.67362E-8	-8.94395E+0	1.26867E-1	3.33815E-1
5.89125E+11	1.54400E-8	-8.65516E+0	-3.67419E-1	-3.60536E-2
5.89300E+11	2.14387E-8	-9.60633E+0	2.42976E-1	-2.24612E-1
5.89475E+11	1.40576E-8	-1.13555E+1	4.00014E-2	2.67563E-1
5.89650E+11	1.19534E-8	-1.18666E+1	-2.52562E-1	-3.57242E-2
5.89825E+11	1.62766E-8	-1.13556E+1	6.88229E-2	-2.61632E-1
5.90000E+11	1.16331E-8	-1.09036E+1	2.72172E-1	8.44895E-2
5.90175E+11	1.70758E-8	-1.08053E+1	-1.20208E-1	2.61963E-1
5.90350E+11	1.71018E-8	-1.04447E+1	-2.30733E-1	-1.92430E-1
5.90525E+11	2.01973E-8	-9.90769E+0	2.97401E-1	-1.17051E-1
5.90700E+11	5.77930E-9	-1.00739E+1	-2.70694E-2	3.12379E-1
5.90875E+11	1.53671E-8	-1.01184E+1	-3.00422E-1	-8.40104E-2
5.91050E+11	7.81364E-9	-1.06070E+1	2.39288E-2	-2.93910E-1
5.91225E+11	8.07264E-9	-1.06865E+1	2.84814E-1	-6.52645E-2
5.91400E+11	7.42250E-9	-1.12146E+1	1.04083E-1	2.54497E-1
5.91575E+11	6.85899E-9	-1.01273E+1	-3.02550E-1	7.46602E-2
5.91750E+11	1.08266E-8	-8.97663E+0	1.82867E-1	-3.05174E-1
5.91925E+11	1.85800E-8	-8.12110E+0	7.49313E-3	3.92524E-1
5.92100E+11	1.01749E-8	-9.05021E+0	-2.25401E-1	-2.71367E-1
5.92275E+11	1.01912E-8	-1.04934E+1	2.81695E-1	-9.95454E-2
5.92450E+11	1.02097E-8	-1.06658E+1	1.47793E-1	2.52872E-1
5.92625E+11	1.27690E-8	-1.01552E+1	-2.63920E-1	1.63815E-1
5.92800E+11	1.14087E-8	-1.03503E+1	-1.14063E-1	-2.81496E-1
5.92975E+11	7.85722E-9	-1.08246E+1	2.87579E-1	2.37491E-3
5.93150E+11	1.03847E-8	-1.02342E+1	-1.43214E-1	2.72469E-1
5.93325E+11	1.05354E-8	-9.49163E+0	-1.23795E-1	-3.11598E-1
5.93500E+11	6.40216E-9	-9.57142E+0	3.29607E-1	4.16063E-2
5.93675E+11	9.06967E-9	-1.03023E+1	-1.11796E-1	2.84213E-1
5.93850E+11	9.29659E-9	-1.05782E+1	-2.58013E-1	-1.44792E-1
5.94025E+11	7.66687E-9	-1.09021E+1	1.93213E-1	-2.09552E-1
5.94200E+11	1.03620E-8	-1.10361E+1	1.18147E-1	2.54589E-1
5.94375E+11	7.80248E-9	-1.08509E+1	-2.85975E-1	2.06449E-2
5.94550E+11	1.10255E-8	-9.76998E+0	8.11948E-2	-3.14399E-1
5.94725E+11	1.38233E-8	-9.37325E+0	3.13543E-1	1.31208E-1
5.94900E+11	1.47024E-8	-9.61386E+0	-1.38810E-1	3.00050E-1
5.95075E+11	1.08531E-8	-1.06078E+1	-2.56137E-1	-1.46060E-1
5.95250E+11	1.00605E-8	-1.11195E+1	1.76162E-1	-2.15045E-1
5.95425E+11	8.47847E-9	-1.12992E+1	1.27791E-1	2.40447E-1
5.95600E+11	7.52730E-9	-1.17182E+1	-2.59231E-1	1.11922E-2
5.95775E+11	1.39753E-8	-1.19162E+1	8.72128E-2	-2.38156E-1
5.95950E+11	1.28444E-8	-1.16534E+1	2.26401E-1	1.30691E-1
5.96125E+11	1.16758E-8	-1.06566E+1	-1.89741E-1	2.23533E-1
5.96300E+11	1.32625E-8	-1.07484E+1	-1.89219E-1	-2.19922E-1
5.96475E+11	1.74622E-8	-1.07611E+1	2.57945E-1	-1.31869E-1
5.96650E+11	9.42967E-9	-1.06531E+1	6.22761E-2	2.86636E-1
5.96825E+11	1.06163E-8	-1.07194E+1	-2.90658E-1	-1.58891E-2
5.97000E+11	6.28647E-9	-1.03940E+1	7.76864E-2	-2.92047E-1
5.97175E+11	7.10273E-9	-1.04794E+1	2.77312E-1	1.12462E-1
5.97350E+11	6.99817E-9	-1.04672E+1	-1.46965E-1	2.61157E-1
5.97525E+11	6.75367E-9	-1.00587E+1	-2.50424E-1	-1.89592E-1
5.97700E+11	8.29819E-9	-8.88363E+0	3.07516E-1	-1.86402E-1
5.97875E+11	9.97968E-9	-9.48028E+0	-2.48163E-3	3.35718E-1
5.98050E+11	8.96603E-9	-1.07653E+1	-2.74866E-1	-9.10571E-2
5.98225E+11	8.58083E-9	-1.11865E+1	1.33726E-1	-2.41272E-1
5.98400E+11	8.43183E-9	-1.13412E+1	2.00855E-1	1.81905E-1
5.98575E+11	7.04965E-9	-1.12146E+1	-2.37874E-1	1.37913E-1
5.98750E+11	7.75862E-9	-1.12333E+1	-2.85639E-2	-2.72878E-1
5.98925E+11	9.19297E-9	-1.06402E+1	2.55843E-1	1.44355E-1
5.99100E+11	8.93570E-9	-1.02119E+1	-2.77938E-1	1.34124E-1
5.99275E+11	1.54817E-8	-9.95433E+0	-9.30394E-4	-3.17894E-1
5.99450E+11	1.86093E-8	-9.81874E+0	3.12228E-1	8.23132E-2
5.99625E+11	1.49044E-8	-1.01404E+1	-1.38872E-1	2.78449E-1
5.99800E+11	1.07722E-8	-1.09938E+1	-2.16287E-1	-1.81012E-1
5.99975E+11	1.18117E-8	-1.13053E+1	2.38110E-1	-1.31697E-1
6.00150E+11	1.25077E-8	-1.19260E+1	2.26545E-2	2.52323E-1
6.00325E+11	7.09986E-9	-1.15355E+1	-2.56635E-1	-6.60104E-2
6.00500E+11	1.27455E-8	-1.02383E+1	1.72756E-1	-2.54591E-1
6.00675E+11	1.70456E-8	-1.04177E+1	1.96309E-1	2.28678E-1
6.00850E+11	9.85555E-9	-1.18365E+1	-1.92077E-1	1.69183E-1
6.01025E+11	7.85597E-9	-1.25929E+1	-1.55109E-1	-1.76027E-1
6.01200E+11	6.57028E-9	-1.23079E+1	2.19219E-1	-1.03542E-1
6.01375E+11	1.13599E-8	-1.15534E+1	-9.94511E-3	2.64254E-1
6.01550E+11	8.08844E-9	-1.13572E+1	-2.31684E-1	-1.39584E-1
6.01725E+11	1.18976E-8	-1.11119E+1	2.08005E-1	-1.84787E-1
6.01900E+11	1.30479E-8	-1.03522E+1	1.93223E-1	2.34253E-1
6.02075E+11	8.70208E-9	-9.44961E+0	-2.60948E-1	2.13113E-1
6.02250E+11	7.98361E-9	-9.69331E+0	-1.45621E-1	-2.93448E-1
6.02425E+11	1.03945E-8	-1.05473E+1	2.93790E-1	-4.29838E-2
6.02600E+11	7.91890E-9	-1.12565E+1	-1.17657E-1	2.47051E-1
6.02775E+11	6.17863E-9	-1.16115E+1	-1.07124E-1	-2.39844E-1
6.02950E+11	5.22157E-9	-1.16560E+1	2.53631E-1	6.29905E-2
6.03125E+11	5.50184E-9	-1.16413E+1	-1.50039E-1	2.14515E-1
6.03300E+11	6.33905E-9	-1.06521E+1	-1.92498E-1	-2.21364E-1
6.03475E+11	6.90730E-9	-1.04156E+1	2.66839E-1	-1.40250E-1
6.03650E+11	7.70707E-9	-1.07584E+1	1.09353E-1	2.68364E-1
6.03825E+11	8.56115E-9	-1.10427E+1	-2.70828E-1	7.28594E-2
6.04000E+11	5.38196E-9	-1.05779E+1	-2.56502E-2	-2.94758E-1
6.04175E+11	1.23197E-8	-9.94389E+0	3.18086E-1	1.10309E-2
6.04350E+11	1.33853E-8	-9.89537E+0	-8.98967E-2	3.07176E-1
6.04525E+11	9.32088E-9	-1.04801E+1	-2.59532E-1	-1.48923E-1
6.04700E+11	1.07055E-8	-1.06493E+1	1.89396E-1	-2.24149E-1
6.04875E+11	1.14801E-8	-9.94457E+0	1.96558E-1	2.50299E-1
6.05050E+11	1.47432E-8	-1.01444E+1	-2.92991E-1	1.04341E-1
6.05225E+11	7.29020E-9	-1.09571E+1	-1.00251E-2	-2.83055E-1
6.05400E+11	1.07725E-8	-1.17112E+1	2.58387E-1	2.59100E-2
6.05575E+11	7.07852E-9	-1.20834E+1	-5.04750E-2	2.43614E-1
6.05750E+11	6.46037E-9	-1.25436E+1	-2.28826E-1	-5.75459E-2
6.05925E+11	8.74383E-9	-1.26661E+1	5.47859E-2	-2.26102E-1
6.06100E+11	8.32096E-9	-1.20449E+1	2.38571E-1	7.43660E-2
6.06275E+11	9.41993E-9	-1.11161E+1	-1.25315E-1	2.48261E-1
6.06450E+11	1.12094E-8	-1.03982E+1	-2.27887E-1	-1.98257E-1
6.06625E+11	8.84902E-9	-1.00701E+1	2.58693E-1	-1.77414E-1
6.06800E+11	5.83487E-9	-1.02232E+1	8.06113E-2	2.97478E-1
6.06975E+11	7.10432E-9	-1.05886E+1	-2.95474E-1	-4.46500E-3
6.07150E+11	6.93854E-9	-1.10167E+1	4.67735E-2	-2.77382E-1
6.07325E+11	6.30311E-9	-1.11859E+1	2.66504E-1	7.12716E-2
6.07500E+11	4.45512E-9	-1.12076E+1	-9.49415E-2	2.58286E-1
6.07675E+11	6.73659E-9	-1.05354E+1	-2.70350E-1	-1.23740E-1
6.07850E+11	1.17431E-8	-1.01360E+1	1.61666E-1	-2.66049E-1
6.08025E+11	1.07573E-8	-9.97583E+0	2.52251E-1	1.92165E-1
6.08200E+11	1.34320E-8	-1.02949E+1	-1.92708E-1	2.37274E-1
6.08375E+11	1.12352E-8	-1.12772E+1	-2.07306E-1	-1.77611E-1
6.08550E+11	9.24693E-9	-1.20482E+1	1.54699E-1	-1.96130E-1
6.08725E+11	1.28109E-8	-1.14323E+1	2.02728E-1	1.75525E-1
6.08900E+11	1.42217E-8	-1.06985E+1	-2.29351E-1	1.80392E-1
6.09075E+11	1.20270E-8	-9.65053E+0	-1.53576E-1	-2.91194E-1
6.09250E+11	1.90019E-8	-8.69867E+0	3.55555E-1	-9.22949E-2
6.09425E+11	1.96087E-8	-8.62381E+0	3.53950E-3	3.70501E-1
6.09600E+11	1.87846E-8	-9.29380E+0	-3.37463E-1	-6.14490E-2
6.09775E+11	9.99750E-9	-9.88787E+0	1.24422E-1	-2.95186E-1
6.09950E+11	8.52599E-9	-1.05821E+1	2.26398E-1	1.90265E-1
6.10125E+11	1.04303E-8	-1.06136E+1	-2.49803E-1	1.56279E-1
6.10300E+11	8.40566E-9	-1.05808E+1	-7.63012E-2	-2.85761E-1
6.10475E+11	1.25431E-8	-1.00800E+1	3.12912E-1	1.61619E-2
6.10650E+11	1.12298E-8	-9.73968E+0	-9.03413E-2	3.13075E-1
6.10825E+11	1.17093E-8	-9.47249E+0	-2.89774E-1	-1.70135E-1
6.11000E+11	1.08054E-8	-1.01678E+1	2.36787E-1	-2.00356E-1
6.11175E+11	5.52458E-9	-1.19268E+1	8.93741E-2	2.37025E-1
6.11350E+11	5.90782E-9	-1.23665E+1	-2.39637E-1	2.37440E-2
6.11525E+11	7.04915E-9	-1.16759E+1	6.54762E-2	-2.52382E-1
6.11700E+11	7.10325E-9	-1.13658E+1	2.27464E-1	1.45868E-1
6.11875E+11	7.25279E-9	-1.05867E+1	-1.96850E-1	2.20485E-1
6.12050E+11	7.25320E-9	-1.01541E+1	-1.95954E-1	-2.41074E-1
6.12225E+11	7.90131E-9	-9.68055E+0	3.13801E-1	-9.57171E-2
6.12400E+11	8.29639E-9	-9.50136E+0	-4.73750E-2	3.31545E-1
6.12575E+11	6.25585E-9	-1.00655E+1	-2.68782E-1	-1.62047E-1
6.12750E+11	8.57681E-9	-1.06051E+1	2.10599E-1	-2.06499E-1
6.12925E+11	7.59711E-9	-1.04801E+1	2.13576E-1	2.09569E-1
6.13100E+11	1.07170E-8	-1.00473E+1	-2.17209E-1	2.27456E-1
6.13275E+11	9.38914E-9	-9.62186E+0	-2.02282E-1	-2.61112E-1
6.13450E+11	8.85001E-9	-9.31054E+0	3.23595E-1	-1.11764E-1
6.13625E+11	1.08085E-8	-8.47350E+0	-1.17592E-1	3.58177E-1
6.13800E+11	1.12760E-8	-9.43182E+0	-1.56729E-1	-2.99020E-1
6.13975E+11	6.28558E-9	-1.07392E+1	2.87988E-1	3.75853E-2
6.14150E+11	7.06710E-9	-1.07452E+1	-1.48523E-1	2.49347E-1
6.14325E+11	7.96377E-9	-1.05415E+1	-2.19883E-1	-1.99822E-1
6.14500E+11	5.90031E-9	-1.06080E+1	1.94116E-1	-2.21937E-1
6.14675E+11	6.67088E-9	-1.03416E+1	2.35241E-1	1.92607E-1
6.14850E+11	7.73054E-9	-9.60903E+0	-2.41264E-1	2.26301E-1
6.15025E+11	9.90237E-9	-9.14818E+0	-1.60238E-1	-3.09828E-1
6.15200E+11	7.20365E-9	-9.06758E+0	3.49752E-1	-4.02732E-2
6.15375E+11	9.23348E-9	-9.51090E+0	-2.45999E-2	3.33640E-1
6.15550E+11	6.53332E-9	-9.83673E+0	-3.22077E-1	-9.87772E-3
6.15725E+11	7.59451E-9	-9.99948E+0	-1.09536E-2	-3.16057E-1
6.15900E+11	9.03854E-9	-1.03114E+1	3.02938E-1	3.61801E-2
6.16075E+11	6.55124E-9	-1.09424E+1	-1.35091E-1	2.49488E-1
6.16250E+11	6.00081E-9	-1.08350E+1	-1.42607E-1	-2.49344E-1
6.16425E+11	5.94608E-9	-1.04489E+1	2.96024E-1	5.04859E-2
6.16600E+11	8.91383E-9	-1.07623E+1	-1.97839E-1	2.11567E-1
6.16775E+11	5.65193E-9	-1.14961E+1	-1.36191E-1	-2.28715E-1
6.16950E+11	8.79156E-9	-1.15560E+1	2.43661E-1	-1.02554E-1
6.17125E+11	6.94297E-9	-1.16022E+1	3.64081E-2	2.60428E-1
6.17300E+11	7.98721E-9	-1.16012E+1	-2.55331E-1	-6.30105E-2
6.17475E+11	8.67197E-9	-1.14213E+1	1.92479E-1	-1.87192E-1
6.17650E+11	9.95839E-9	-1.04657E+1	6.28634E-2	2.93054E-1
6.17825E+11	1.35303E-8	-9.58234E+0	-3.25034E-1	-6.66892E-2
6.18000E+11	1.70192E-8	-8.88193E+0	1.82220E-1	-3.10094E-1
6.18175E+11	1.16892E-8	-8.25277E+0	2.52420E-1	2.92937E-1
6.18350E+11	1.21691E-8	-8.55663E+0	-3.53090E-1	1.21455E-1
6.18525E+11	1.39240E-8	-9.66218E+0	3.08985E-2	-3.27314E-1
6.18700E+11	7.19129E-9	-1.07294E+1	2.70129E-1	1.07568E-1
6.18875E+11	7.76503E-9	-1.08071E+1	-1.51669E-1	2.45026E-1
6.19050E+11	1.26522E-8	-9.78203E+0	-2.64581E-1	-1.87468E-1
6.19225E+11	8.56134E-9	-9.05660E+0	2.26506E-1	-2.70107E-1
6.19400E+11	9.58338E-9	-8.79422E+0	2.39578E-1	2.73137E-1
6.19575E+11	9.56569E-9	-8.65420E+0	-3.28838E-1	1.67905E-1
6.19750E+11	1.07017E-8	-8.89061E+0	-1.16567E-2	-3.59121E-1
6.19925E+11	7.04634E-9	-9.23853E+0	2.95603E-1	1.78279E-1
6.20100E+11	7.55365E-9	-9.40518E+0	-2.87763E-1	1.78525E-1
6.20275E+11	6.90640E-9	-9.56812E+0	-6.76334E-2	-3.25394E-1
6.20450E+11	8.89386E-9	-9.70114E+0	3.24274E-1	4.43869E-2
6.20625E+11	9.78155E-9	-9.21460E+0	-1.84139E-1	2.93114E-1
6.20800E+11	1.07313E-8	-8.65016E+0	-1.49582E-1	-3.37755E-1
6.20975E+11	7.57434E-9	-8.82145E+0	3.44004E-1	1.13303E-1
6.21150E+11	7.54029E-9	-9.88900E+0	-2.73615E-1	1.66505E-1
6.21325E+11	4.45765E-9	-1.20226E+1	-2.63350E-2	-2.49147E-1
6.21500E+11	4.42551E-9	-1.28009E+1	2.28090E-1	2.10996E-2
6.21675E+11	2.72995E-9	-1.23270E+1	-6.94783E-2	2.31715E-1
6.21850E+11	6.51165E-9	-1.12198E+1	-2.28597E-1	-1.52498E-1
6.22025E+11	9.88708E-9	-1.03684E+1	2.61389E-1	-1.53436E-1
6.22200E+11	7.16870E-9	-9.71219E+0	1.14055E-2	3.26683E-1
6.22375E+11	1.14879E-8	-9.05430E+0	-3.23887E-1	-1.39375E-1
6.22550E+11	1.47287E-8	-9.01672E+0	2.45819E-1	-2.54916E-1
6.22725E+11	1.02881E-8	-9.41281E+0	1.66346E-1	2.94629E-1
6.22900E+11	1.10946E-8	-1.03774E+1	-2.85184E-1	1.01715E-1
6.23075E+11	8.23283E-9	-1.11625E+1	-6.76731E-2	-2.68208E-1
6.23250E+11	6.29951E-9	-1.18165E+1	2.50181E-1	-5.68200E-2
6.23425E+11	5.91651E-9	-1.08488E+1	-5.48313E-2	2.81498E-1
6.23600E+11	6.59610E-9	-9.92094E+0	-2.49635E-1	-1.98795E-1
6.23775E+11	9.44777E-9	-9.88374E+0	2.82973E-1	-1.50464E-1
6.23950E+11	4.74815E-9	-1.08283E+1	8.15993E-2	2.75641E-1
6.24125E+11	3.35467E-9	-1.13816E+1	-2.62126E-1	6.35656E-2
6.24300E+11	4.71136E-9	-1.04725E+1	-3.58358E-2	-2.97334E-1
6.24475E+11	4.13421E-9	-9.74038E+0	3.24921E-1	2.42119E-2
6.24650E+11	7.81245E-9	-8.98259E+0	-1.29860E-1	3.30960E-1
6.24825E+11	8.89596E-9	-8.17454E+0	-3.36163E-1	-1.98092E-1
6.25000E+11	1.08790E-8	-7.75588E+0	2.32354E-1	-3.37142E-1
6.25175E+11	1.20317E-8	-7.44151E+0	3.34643E-1	2.61254E-1
6.25350E+11	1.04522E-8	-7.55826E+0	-3.18308E-1	2.72283E-1
6.25525E+11	1.06671E-8	-8.89344E+0	-1.57962E-1	-3.22595E-1
6.25700E+11	4.09827E-9	-1.04648E+1	2.94531E-1	-5.56938E-2
6.25875E+11	4.69372E-9	-1.11332E+1	-1.71634E-2	2.77019E-1
6.26050E+11	3.81843E-9	-1.22263E+1	-2.41653E-1	-3.86846E-2
6.26225E+11	3.36683E-9	-1.23847E+1	-2.41515E-4	-2.40305E-1
6.26400E+11	5.94816E-9	-1.16620E+1	2.61077E-1	-6.42966E-3
6.26575E+11	3.84860E-9	-1.16550E+1	-4.10677E-2	2.58121E-1
6.26750E+11	6.01401E-9	-1.13659E+1	-2.32042E-1	-1.38461E-1
6.26925E+11	1.03833E-8	-1.09405E+1	2.59728E-1	-1.14326E-1
6.27100E+11	8.52130E-9	-1.06090E+1	-7.06516E-2	2.86226E-1
6.27275E+11	8.15241E-9	-1.01995E+1	-2.11181E-1	-2.25638E-1
6.27450E+11	1.45246E-8	-1.00528E+1	3.04619E-1	-7.74483E-2
6.27625E+11	1.19073E-8	-1.02249E+1	-5.26595E-2	3.03614E-1
6.27800E+11	1.36058E-8	-9.68666E+0	-2.91991E-1	-1.49074E-1
6.27975E+11	1.60429E-8	-9.24939E+0	2.64723E-1	-2.20881E-1
6.28150E+11	1.35795E-8	-9.21871E+0	8.31420E-2	3.35853E-1
6.28325E+11	1.33351E-8	-9.86887E+0	-3.09421E-1	-8.55809E-2
6.28500E+11	4.73456E-9	-1.07220E+1	1.69886E-1	-2.36268E-1
6.28675E+11	5.07737E-9	-1.15313E+1	1.84709E-1	1.90182E-1
6.28850E+11	3.10785E-9	-1.26164E+1	-1.73905E-1	1.56536E-1
6.29025E+11	3.50685E-9	-1.22812E+1	-1.64294E-1	-1.79295E-1
6.29200E+11	6.25483E-9	-1.07823E+1	2.51168E-1	-1.42936E-1
6.29375E+11	5.95210E-9	-1.00691E+1	7.69671E-2	3.04134E-1
6.29550E+11	5.89821E-9	-8.76829E+0	-3.56486E-1	-7.55621E-2
6.29725E+11	7.49929E-9	-8.05878E+0	2.38385E-1	-3.15486E-1
6.29900E+11	7.92890E-9	-7.77644E+0	2.24068E-1	3.41548E-1
6.30075E+11	6.77346E-9	-7.97701E+0	-3.80127E-1	1.21795E-1
6.30250E+11	8.27417E-9	-8.93103E+0	-3.14057E-2	-3.56261E-1
6.30425E+11	5.90232E-9	-9.85546E+0	3.15000E-1	6.44940E-2
6.30600E+11	5.79511E-9	-9.47463E+0	-1.50292E-1	3.00452E-1
6.30775E+11	8.43225E-9	-8.51833E+0	-2.31854E-1	-2.94792E-1
6.30950E+11	7.45992E-9	-8.37551E+0	3.68263E-1	-9.87107E-2
6.31125E+11	1.19865E-8	-9.06977E+0	-6.36509E-2	3.46172E-1
6.31300E+11	8.85474E-9	-1.04135E+1	-2.62370E-1	-1.48591E-1
6.31475E+11	3.96834E-9	-1.19921E+1	1.74596E-1	-1.80906E-1
6.31650E+11	5.88481E-9	-1.27397E+1	1.34090E-1	1.87707E-1
6.31825E+11	4.14422E-9	-1.31284E+1	-2.04836E-1	8.18603E-2
6.32000E+11	7.40027E-9	-1.26873E+1	-2.27937E-2	-2.30956E-1
6.32175E+11	8.07377E-9	-1.16988E+1	2.59190E-1	2.11648E-2
6.32350E+11	8.65786E-9	-1.08489E+1	-7.87650E-2	2.75755E-1
6.32525E+11	9.14026E-9	-1.02982E+1	-2.78121E-1	-1.26539E-1
6.32700E+11	8.57788E-9	-1.05475E+1	1.94189E-1	-2.24602E-1
6.32875E+11	6.07861E-9	-1.14812E+1	1.45692E-1	2.23330E-1
6.33050E+11	4.39393E-9	-1.19887E+1	-2.33519E-1	9.34274E-2
6.33225E+11	4.75226E-9	-1.23770E+1	-5.41063E-2	-2.34354E-1
6.33400E+11	4.26452E-9	-1.22598E+1	2.40455E-1	-4.01705E-2
6.33575E+11	4.11974E-9	-1.12449E+1	2.11262E-2	2.73187E-1
6.33750E+11	4.54376E-9	-1.12293E+1	-2.71561E-1	-4.00251E-2
6.33925E+11	5.60222E-9	-1.04590E+1	1.37214E-1	-2.66727E-1
6.34100E+11	4.82993E-9	-1.02228E+1	2.07385E-1	2.28015E-1
6.34275E+11	6.36185E-9	-1.05729E+1	-2.63906E-1	1.34143E-1
6.34450E+11	3.50296E-9	-1.06032E+1	-1.06717E-1	-2.75035E-1
6.34625E+11	3.76149E-9	-1.09670E+1	2.67863E-1	-9.10424E-2
6.34800E+11	5.08631E-9	-1.14797E+1	1.14125E-1	2.41042E-1
6.34975E+11	4.02536E-9	-1.08245E+1	-2.22915E-1	1.81706E-1
6.35150E+11	7.49177E-9	-9.02939E+0	-1.56267E-1	-3.17213E-1
6.35325E+11	6.17573E-9	-8.60602E+0	3.67687E-1	-5.15123E-2
6.35500E+11	7.85614E-9	-9.21599E+0	-5.76885E-2	3.41258E-1
6.35675E+11	6.73450E-9	-1.03682E+1	-2.85136E-1	-1.02808E-1
6.35850E+11	7.27381E-9	-1.08361E+1	1.22569E-1	-2.59741E-1
6.36025E+11	3.55511E-9	-1.10240E+1	2.38040E-1	1.49439E-1
6.36200E+11	3.45494E-9	-1.14831E+1	-1.73670E-1	2.02259E-1
6.36375E+11	5.70835E-9	-1.13750E+1	-1.73629E-1	-2.06674E-1
6.36550E+11	6.93373E-9	-1.12453E+1	2.56708E-1	-9.57682E-2
6.36725E+11	8.95959E-9	-1.06578E+1	1.31112E-2	2.92869E-1
6.36900E+11	8.92825E-9	-1.04493E+1	-2.79885E-1	-1.08792E-1
6.37075E+11	7.58758E-9	-1.09023E+1	1.93585E-1	-2.09203E-1
6.37250E+11	8.68868E-9	-1.15973E+1	1.25017E-1	2.31510E-1
6.37425E+11	5.49269E-9	-1.21908E+1	-2.41669E-1	4.44971E-2
6.37600E+11	4.50634E-9	-1.28764E+1	3.82227E-2	-2.23841E-1
6.37775E+11	5.73211E-9	-1.34441E+1	1.82799E-1	1.08772E-1
6.37950E+11	5.01263E-9	-1.24177E+1	-2.03077E-1	1.26764E-1
6.38125E+11	8.07274E-9	-1.19495E+1	1.46504E-2	-2.52229E-1
6.38300E+11	7.65022E-9	-1.19867E+1	1.97423E-1	1.55928E-1
6.38475E+11	4.67470E-9	-1.23195E+1	-2.17737E-1	1.05881E-1
6.38650E+11	4.08483E-9	-1.25419E+1	-1.66099E-2	-2.35412E-1
6.38825E+11	3.88985E-9	-1.27144E+1	2.25781E-1	5.04851E-2
6.39000E+11	2.87931E-9	-1.28801E+1	-9.67206E-2	2.05345E-1
6.39175E+11	3.23660E-9	-1.27169E+1	-1.80749E-1	-1.44309E-1
6.39350E+11	2.64098E-9	-1.22512E+1	1.70544E-1	-1.74540E-1
6.39525E+11	5.46002E-9	-1.01677E+1	1.39587E-1	2.76998E-1
6.39700E+11	4.89504E-9	-9.25731E+0	-3.44456E-1	-7.08664E-4
6.39875E+11	7.71248E-9	-9.51344E+0	1.18034E-1	-3.12927E-1
6.40050E+11	5.92074E-9	-9.61045E+0	2.73015E-1	1.86673E-1
6.40225E+11	7.18962E-9	-9.91420E+0	-2.50759E-1	1.97775E-1
6.40400E+11	6.85780E-9	-1.07725E+1	-1.25155E-1	-2.60845E-1
6.40575E+11	3.97551E-9	-1.16034E+1	2.55758E-1	-6.09653E-2
6.40750E+11	6.71949E-9	-1.14329E+1	-2.02126E-2	2.67373E-1
6.40925E+11	5.61970E-9	-1.10387E+1	-2.50540E-1	-1.26323E-1
6.41100E+11	5.12447E-9	-1.05969E+1	2.22724E-1	-1.93782E-1
6.41275E+11	6.20103E-9	-1.04991E+1	1.06371E-1	2.78978E-1
6.41450E+11	5.67804E-9	-1.15382E+1	-2.55992E-1	6.81428E-2
6.41625E+11	4.22366E-9	-1.21953E+1	-1.04215E-1	-2.22396E-1
6.41800E+11	2.86506E-9	-1.26234E+1	2.06452E-1	-1.09709E-1
6.41975E+11	1.72656E-9	-1.28928E+1	4.43373E-2	2.22273E-1
6.42150E+11	3.89455E-9	-1.26972E+1	-2.30719E-1	2.25130E-2
6.42325E+11	5.03745E-9	-1.12170E+1	3.80904E-2	-2.72232E-1
6.42500E+11	5.90366E-9	-1.06213E+1	2.52490E-1	1.51388E-1
6.42675E+11	5.50979E-9	-1.08172E+1	-2.24427E-1	1.80221E-1
6.42850E+11	4.35946E-9	-1.12786E+1	-1.11080E-1	-2.49316E-1
6.43025E+11	2.36623E-9	-1.25481E+1	2.24087E-1	-7.34776E-2
6.43200E+11	2.49585E-9	-1.34364E+1	6.75691E-2	2.01896E-1
6.43375E+11	3.43840E-9	-1.37102E+1	-1.94602E-1	6.84665E-2
6.43550E+11	2.72576E-9	-1.41554E+1	-5.91164E-2	-1.86861E-1
6.43725E+11	2.22138E-9	-1.39481E+1	1.96111E-1	-4.27754E-2
6.43900E+11	4.13588E-9	-1.23031E+1	2.38699E-2	2.41396E-1
6.44075E+11	3.87446E-9	-1.18620E+1	-2.47261E-1	-6.32045E-2
6.44250E+11	3.05271E-9	-1.27436E+1	1.28369E-1	-1.91541E-1
6.44425E+11	4.14754E-9	-1.34334E+1	1.57383E-1	1.43490E-1
6.44600E+11	4.68963E-9	-1.23247E+1	-2.09270E-1	1.21474E-1
6.44775E+11	3.27289E-9	-1.16675E+1	-2.06003E-2	-2.60177E-1
6.44950E+11	3.77260E-9	-1.15000E+1	2.52969E-1	8.24693E-2
6.45125E+11	6.54977E-9	-1.02918E+1	-1.82167E-1	2.45594E-1
6.45300E+11	7.07387E-9	-9.12940E+0	-2.02234E-1	-2.85128E-1
6.45475E+11	5.90132E-9	-8.95052E+0	3.39550E-1	-1.09731E-1
6.45650E+11	5.39102E-9	-1.01043E+1	1.09967E-2	3.12259E-1
6.45825E+11	5.40988E-9	-1.00077E+1	-3.12792E-1	-4.45540E-2
6.46000E+11	3.00049E-9	-1.02245E+1	1.34988E-1	-2.77019E-1
6.46175E+11	4.82334E-9	-1.03728E+1	2.18818E-1	2.09505E-1
6.46350E+11	4.71197E-9	-1.09787E+1	-2.46689E-1	1.37726E-1
6.46525E+11	2.94979E-9	-1.26829E+1	-8.17480E-2	-2.17331E-1
6.46700E+11	4.30266E-9	-1.09349E+1	2.64210E-1	-1.04045E-1
6.46875E+11	4.81790E-9	-1.00189E+1	1.62367E-2	3.15122E-1
6.47050E+11	4.60847E-9	-1.06734E+1	-2.80854E-1	-8.22004E-2
6.47225E+11	2.42755E-9	-1.05764E+1	1.57139E-1	-2.50754E-1
6.47400E+11	5.21389E-9	-1.05116E+1	1.90026E-1	2.29732E-1
6.47575E+11	5.25551E-9	-1.06880E+1	-2.71015E-1	1.09086E-1
6.47750E+11	3.41142E-9	-1.15475E+1	-5.83856E-2	-2.58101E-1
6.47925E+11	3.10592E-9	-1.16765E+1	2.54927E-1	-5.46622E-2
6.48100E+11	3.12540E-9	-1.14263E+1	3.71276E-2	2.65758E-1
6.48275E+11	5.05995E-9	-1.07317E+1	-2.85267E-1	-5.58329E-2
6.48450E+11	3.55790E-9	-1.11863E+1	1.67296E-1	-2.19339E-1
6.48625E+11	3.12540E-9	-1.11313E+1	1.09153E-1	2.55252E-1
6.48800E+11	3.69470E-9	-1.12888E+1	-2.70391E-1	-3.47964E-2
6.48975E+11	1.98185E-9	-1.32155E+1	1.30661E-1	-1.74985E-1
6.49150E+11	1.70208E-9	-1.45854E+1	1.26585E-1	1.36992E-1
6.49325E+11	1.43877E-9	-1.47408E+1	-1.55915E-1	9.62179E-2
6.49500E+11	2.25635E-9	-1.38623E+1	-8.35122E-2	-1.84713E-1
6.49675E+11	3.17296E-9	-1.27190E+1	2.27195E-1	-4.30251E-2
6.49850E+11	3.03393E-9	-1.26139E+1	-4.09229E-2	2.30443E-1
6.50025E+11	3.18436E-9	-1.34091E+1	-1.96489E-1	-8.36974E-2
6.50200E+11	3.72764E-9	-1.37030E+1	1.09154E-1	-1.75254E-1
6.50375E+11	2.52361E-9	-1.40870E+1	1.58640E-1	1.17704E-1
6.50550E+11	1.44750E-9	-1.49234E+1	-9.71342E-2	1.50832E-1
6.50725E+11	1.67491E-9	-1.41191E+1	-1.69790E-1	-9.95246E-2
6.50900E+11	1.13653E-9	-1.31386E+1	1.25244E-1	-1.81268E-1
6.51075E+11	1.69939E-9	-1.25167E+1	1.61904E-1	1.72643E-1
6.51250E+11	2.10730E-9	-1.21495E+1	-2.26670E-1	9.78846E-2
6.51425E+11	1.10445E-9	-1.25534E+1	-2.04983E-2	-2.34790E-1
6.51600E+11	1.00737E-9	-1.43510E+1	1.90216E-1	2.31899E-2
6.51775E+11	8.23674E-10	-1.43998E+1	-3.54663E-2	1.87220E-1
6.51950E+11	7.25191E-10	-1.46301E+1	-1.76465E-1	-5.73930E-2
6.52125E+11	1.12702E-9	-1.44659E+1	6.55906E-2	-1.77367E-1
6.52300E+11	6.20553E-10	-1.48922E+1	1.67136E-1	6.69559E-2
6.52475E+11	7.96707E-10	-1.46333E+1	-6.78279E-2	1.72650E-1
6.52650E+11	1.39815E-9	-1.34537E+1	-1.94393E-1	-8.57845E-2
6.52825E+11	1.38209E-9	-1.37751E+1	9.86418E-2	-1.79434E-1
6.53000E+11	1.17170E-9	-1.48755E+1	1.45592E-1	1.06516E-1
6.53175E+11	7.86867E-10	-1.59692E+1	-8.97785E-2	1.31292E-1
6.53350E+11	9.14993E-10	-1.55197E+1	-1.41492E-1	-8.96447E-2
6.53525E+11	1.05165E-9	-1.45586E+1	1.03910E-1	-1.55590E-1
6.53700E+11	1.78186E-9	-1.47166E+1	1.41646E-1	1.17010E-1
6.53875E+11	1.83595E-9	-1.38640E+1	-1.39817E-1	1.46725E-1
6.54050E+11	2.15672E-9	-1.30881E+1	-1.32819E-1	-1.77402E-1
6.54225E+11	3.00665E-9	-1.29529E+1	2.03291E-1	-9.66370E-2
6.54400E+11	2.02256E-9	-1.32106E+1	4.08509E-2	2.14657E-1
6.54575E+11	2.63193E-9	-1.29622E+1	-2.24447E-1	-1.34291E-2
6.54750E+11	3.30974E-9	-1.26702E+1	9.25768E-2	-2.13314E-1
6.54925E+11	3.12008E-9	-1.26250E+1	1.78621E-1	1.50776E-1
6.55100E+11	2.60035E-9	-1.27079E+1	-1.87365E-1	1.36013E-1
6.55275E+11	1.50500E-9	-1.30191E+1	-8.86400E-2	-2.05042E-1
6.55450E+11	2.76790E-9	-1.19712E+1	2.50274E-1	-2.96405E-2
6.55625E+11	2.31580E-9	-1.13249E+1	-9.62635E-2	2.53850E-1
6.55800E+11	2.31102E-9	-1.14646E+1	-1.29289E-1	-2.33792E-1
6.55975E+11	3.15946E-9	-1.15198E+1	2.63466E-1	3.25327E-2
6.56150E+11	1.97984E-9	-1.19733E+1	-1.35703E-1	2.12297E-1
6.56325E+11	1.30804E-9	-1.25593E+1	-1.57477E-1	-1.75136E-1
6.56500E+11	1.35600E-9	-1.27546E+1	1.71600E-1	-1.53577E-1
6.56675E+11	2.11204E-9	-1.23860E+1	1.61368E-1	1.78018E-1
6.56850E+11	2.27308E-9	-1.12466E+1	-2.23406E-1	1.58551E-1
6.57025E+11	1.79290E-9	-1.05950E+1	-5.21008E-2	-2.90659E-1
6.57200E+11	3.24781E-9	-1.04175E+1	2.75625E-1	1.21922E-1
6.57375E+11	2.79565E-9	-1.04379E+1	-2.46259E-1	1.72527E-1
6.57550E+11	3.33115E-9	-1.06893E+1	-3.02246E-2	-2.90533E-1
6.57725E+11	3.24012E-9	-1.15291E+1	2.52638E-1	8.06013E-2
6.57900E+11	2.19693E-9	-1.25254E+1	-1.36247E-1	1.93243E-1
6.58075E+11	1.89278E-9	-1.36611E+1	-1.40851E-1	-1.52323E-1
6.58250E+11	2.53188E-9	-1.35188E+1	1.89594E-1	-9.23557E-2
6.58425E+11	3.91680E-9	-1.23419E+1	-1.23501E-2	2.41178E-1
6.58600E+11	3.60218E-9	-1.24618E+1	-1.82081E-1	-1.53551E-1
6.58775E+11	2.46833E-9	-1.41530E+1	1.83416E-1	-6.92156E-2
6.58950E+11	1.59202E-9	-1.66935E+1	1.15694E-2	1.45869E-1
6.59125E+11	1.07576E-9	-1.78245E+1	-1.28269E-1	7.03802E-3
6.59300E+11	8.92339E-10	-1.83729E+1	1.02572E-2	-1.20166E-1
6.59475E+11	7.76065E-10	-1.91728E+1	1.04068E-1	3.56096E-2
6.59650E+11	3.11589E-10	-1.89466E+1	-5.79264E-2	9.68993E-2
6.59825E+11	7.18323E-10	-1.75822E+1	-9.52786E-2	-9.14961E-2
6.60000E+11	1.33278E-9	-1.61792E+1	1.42776E-1	-6.09811E-2
6.60175E+11	1.30852E-9	-1.61770E+1	2.03247E-2	1.53957E-1
6.60350E+11	4.79729E-10	-1.75625E+1	-1.32235E-1	-6.52375E-3
6.60525E+11	4.35254E-10	-1.74449E+1	-1.13145E-3	-1.34197E-1
6.60700E+11	6.42065E-10	-1.70569E+1	1.36883E-1	3.09228E-2
6.60875E+11	6.21068E-10	-1.71029E+1	-8.22235E-2	1.12805E-1
6.61050E+11	6.18167E-10	-1.76297E+1	-7.96042E-2	-1.04512E-1
6.61225E+11	5.91900E-10	-1.64808E+1	1.38073E-1	-5.84993E-2
6.61400E+11	5.69463E-10	-1.63155E+1	7.98380E-4	1.52834E-1
6.61575E+11	5.15824E-10	-1.62583E+1	-1.46951E-1	-4.55409E-2
6.61750E+11	6.08084E-10	-1.74751E+1	6.69774E-2	-1.15754E-1
6.61925E+11	6.88921E-10	-1.62995E+1	1.05048E-1	1.11400E-1
6.62100E+11	6.47011E-10	-1.61505E+1	-1.47981E-1	4.86316E-2
6.62275E+11	8.35636E-10	-1.64675E+1	1.34775E-2	-1.49579E-1
6.62450E+11	5.87829E-10	-1.58850E+1	1.46842E-1	6.50422E-2
6.62625E+11	1.03657E-9	-1.58273E+1	-1.02624E-1	1.24925E-1
6.62800E+11	4.87730E-10	-1.62085E+1	-8.78943E-2	-1.27343E-1
6.62975E+11	6.94598E-10	-1.65425E+1	1.45002E-1	-3.38134E-2
6.63150E+11	6.05567E-10	-1.60785E+1	-2.72606E-2	1.54679E-1
6.63325E+11	6.99955E-10	-1.57599E+1	-1.32856E-1	-9.43169E-2
6.63500E+11	1.02379E-9	-1.55285E+1	1.33711E-1	-1.00604E-1
6.63675E+11	6.46035E-10	-1.64319E+1	8.39023E-2	1.25305E-1
6.63850E+11	1.38308E-9	-1.67027E+1	-1.09776E-1	9.65161E-2
6.64025E+11	1.50891E-9	-1.56136E+1	-1.03474E-1	-1.29418E-1
6.64200E+11	1.34981E-9	-1.47040E+1	1.73288E-1	-6.18419E-2
6.64375E+11	1.71758E-9	-1.40995E+1	-2.54258E-2	1.95609E-1
6.64550E+11	1.31741E-9	-1.40889E+1	-1.64341E-1	-1.09525E-1
6.64725E+11	2.46028E-9	-1.35576E+1	1.43597E-1	-1.53167E-1
6.64900E+11	1.52079E-9	-1.38922E+1	1.43605E-1	1.42086E-1
6.65075E+11	1.62129E-9	-1.44158E+1	-1.33739E-1	1.35238E-1
6.65250E+11	8.53289E-10	-1.50293E+1	-1.03984E-1	-1.43519E-1
6.65425E+11	7.82170E-10	-1.43673E+1	1.82370E-1	-5.76483E-2
6.65600E+11	1.49389E-9	-1.32462E+1	-8.37927E-2	2.00837E-1
6.65775E+11	1.64512E-9	-1.20200E+1	-8.02329E-2	-2.37419E-1
6.65950E+11	1.83134E-9	-1.19185E+1	2.43685E-1	7.00578E-2
6.66125E+11	1.63034E-9	-1.29416E+1	-1.16086E-1	1.93188E-1
6.66300E+11	1.25202E-9	-1.40812E+1	-1.73316E-1	-9.50538E-2
6.66475E+11	1.10871E-9	-1.37703E+1	1.08467E-1	-1.73805E-1
6.66650E+11	1.35811E-9	-1.34059E+1	1.36012E-1	1.64765E-1
6.66825E+11	2.06443E-9	-1.27919E+1	-2.29172E-1	7.68042E-3
6.67000E+11	2.84485E-9	-1.17530E+1	1.54356E-1	-2.07275E-1
6.67175E+11	4.34686E-9	-1.11383E+1	1.03089E-1	2.57518E-1
6.67350E+11	3.57441E-9	-1.10337E+1	-2.78976E-1	3.14904E-2
6.67525E+11	2.83085E-9	-1.15443E+1	-2.15603E-2	-2.63840E-1
6.67700E+11	2.01721E-9	-1.35085E+1	2.08235E-1	-3.49200E-2
6.67875E+11	1.97131E-9	-1.39607E+1	3.78576E-2	1.96823E-1
6.68050E+11	1.84432E-9	-1.32620E+1	-2.15138E-1	-2.99952E-2
6.68225E+11	1.66858E-9	-1.28356E+1	1.67184E-1	-1.55247E-1
6.68400E+11	1.68198E-9	-1.24801E+1	5.33043E-2	2.31626E-1
6.68575E+11	1.62944E-9	-1.29041E+1	-2.23613E-1	-3.51430E-2
6.68750E+11	8.93520E-10	-1.51707E+1	5.78014E-2	-1.64509E-1
6.68925E+11	7.44001E-10	-1.59763E+1	1.39841E-1	7.55059E-2
6.69100E+11	7.82964E-10	-1.73918E+1	-1.00288E-1	9.04076E-2
6.69275E+11	4.79059E-10	-1.76392E+1	-1.68340E-2	-1.30148E-1
6.69450E+11	3.26122E-10	-1.83892E+1	1.05544E-1	5.78864E-2
6.69625E+11	3.69756E-10	-1.81593E+1	-9.07858E-2	8.38807E-2
6.69800E+11	4.99790E-10	-1.83406E+1	-8.22775E-2	-8.87909E-2
6.69975E+11	4.55518E-10	-1.82257E+1	7.97857E-2	-9.31696E-2
6.70150E+11	3.52879E-10	-1.99561E+1	7.70872E-2	6.44920E-2
6.70325E+11	2.15523E-10	-2.13039E+1	-7.02953E-2	4.96484E-2
6.70500E+11	8.86341E-11	-2.20576E+1	-3.86338E-2	-6.88030E-2
6.70675E+11	2.87200E-10	-1.99021E+1	9.48418E-2	3.51140E-2
6.70850E+11	3.10444E-10	-2.09153E+1	-7.59643E-2	4.82611E-2
6.71025E+11	1.65112E-10	-2.12089E+1	-4.32462E-2	-7.54979E-2
6.71200E+11	2.37202E-10	-2.17443E+1	5.83121E-2	-5.73758E-2
6.71375E+11	1.33709E-10	-2.21520E+1	6.00233E-2	4.98970E-2
6.71550E+11	2.16447E-10	-2.22171E+1	-5.73098E-2	5.21293E-2
6.71725E+11	1.13468E-10	-2.17831E+1	-2.06233E-2	-7.87871E-2
6.71900E+11	1.54911E-10	-2.06680E+1	8.36030E-2	3.98095E-2
6.72075E+11	1.62447E-10	-2.00038E+1	-7.85619E-2	6.18002E-2
6.72250E+11	1.93180E-10	-2.04234E+1	-4.71806E-2	-8.27351E-2
6.72425E+11	1.20019E-10	-2.10986E+1	8.06689E-2	-3.54603E-2
6.72600E+11	1.59636E-10	-2.02582E+1	4.84497E-2	8.41154E-2
6.72775E+11	2.07879E-10	-1.96555E+1	-1.03587E-1	9.75904E-3
6.72950E+11	2.40608E-10	-1.83245E+1	7.88107E-2	-9.21771E-2
6.73125E+11	2.90222E-10	-1.73293E+1	-2.29771E-3	1.35979E-1
6.73300E+11	4.61257E-10	-1.68192E+1	-1.24449E-1	-7.28912E-2
6.73475E+11	2.16035E-10	-1.77410E+1	1.12528E-1	-6.45018E-2
6.73650E+11	2.33054E-10	-1.81115E+1	6.94095E-2	1.03100E-1
6.73825E+11	3.22038E-10	-1.80182E+1	-1.12201E-1	5.65113E-2
6.74000E+11	2.84336E-10	-1.68610E+1	-6.04413E-3	-1.43404E-1
6.74175E+11	4.37437E-10	-1.55079E+1	1.59926E-1	5.05567E-2
6.74350E+11	7.89947E-10	-1.49094E+1	-1.56023E-1	8.91403E-2
6.74525E+11	7.63902E-10	-1.37528E+1	2.46088E-2	-2.03806E-1
6.74700E+11	6.25530E-10	-1.42988E+1	1.75021E-1	8.08189E-2
6.74875E+11	8.16440E-10	-1.33865E+1	-1.12115E-1	1.82431E-1
6.75050E+11	4.88661E-10	-1.46108E+1	-1.26947E-1	-1.35911E-1
6.75225E+11	5.42971E-10	-1.47916E+1	1.76119E-1	-4.64681E-2
6.75400E+11	8.90516E-10	-1.39581E+1	-5.29572E-2	1.93370E-1
6.75575E+11	1.60811E-9	-1.23472E+1	-1.40933E-1	-1.95923E-1
6.75750E+11	1.28687E-9	-1.14235E+1	2.68242E-1	-9.95275E-3
6.75925E+11	2.81530E-9	-1.11600E+1	-1.02769E-1	2.56900E-1
6.76100E+11	1.69954E-9	-1.28452E+1	-1.76907E-1	-1.43671E-1
6.76275E+11	9.39678E-10	-1.44593E+1	1.38628E-1	-1.28831E-1
6.76450E+11	1.58745E-9	-1.40598E+1	7.25190E-2	1.84410E-1
6.76625E+11	1.34409E-9	-1.36659E+1	-2.06422E-1	-1.96111E-2
6.76800E+11	1.47834E-9	-1.35862E+1	1.13537E-1	-1.75782E-1
6.76975E+11	1.95349E-9	-1.28331E+1	1.74756E-1	1.46775E-1
6.77150E+11	1.50846E-9	-1.19995E+1	-1.65989E-1	1.88548E-1
6.77325E+11	2.71297E-9	-1.14428E+1	-1.59407E-1	-2.15225E-1
6.77500E+11	1.29343E-9	-1.13898E+1	2.61032E-1	-6.69031E-2
6.77675E+11	1.17069E-9	-1.24888E+1	-4.82354E-2	2.32491E-1
6.77850E+11	1.10420E-9	-1.30035E+1	-1.72979E-1	-1.41974E-1
6.78025E+11	1.12160E-9	-1.23127E+1	2.10316E-1	-1.20330E-1
6.78200E+11	9.52378E-10	-1.28259E+1	8.29372E-2	2.12815E-1
6.78375E+11	8.24272E-10	-1.32467E+1	-2.09672E-1	5.82130E-2
6.78550E+11	9.12375E-10	-1.23905E+1	-2.05899E-3	-2.40138E-1
6.78725E+11	1.01311E-9	-1.27608E+1	1.80823E-1	1.42335E-1
6.78900E+11	5.00046E-10	-1.47066E+1	-1.77008E-1	5.00126E-2
6.79075E+11	6.49983E-10	-1.46900E+1	3.51774E-2	-1.80902E-1
6.79250E+11	2.86085E-10	-1.49464E+1	1.39933E-1	1.11509E-1
6.79425E+11	2.94420E-10	-1.62425E+1	-9.87582E-2	1.18327E-1
6.79600E+11	3.73406E-10	-1.68239E+1	-9.12683E-2	-1.11573E-1
6.79775E+11	2.13659E-10	-1.76345E+1	1.08752E-1	-7.35768E-2
6.79950E+11	2.53914E-10	-1.74643E+1	2.42311E-2	1.31690E-1
6.80125E+11	3.66924E-10	-1.52269E+1	-1.57372E-1	-7.24380E-2
6.80300E+11	2.83799E-10	-1.52294E+1	1.48478E-1	-8.91644E-2
6.80475E+11	4.05047E-10	-1.52411E+1	3.34144E-2	1.69701E-1
6.80650E+11	2.35117E-10	-1.57508E+1	-1.58763E-1	3.73729E-2
6.80825E+11	1.94478E-10	-1.55607E+1	-8.54446E-2	-1.43149E-1
6.81000E+11	9.49011E-11	-1.86352E+1	9.33952E-2	-7.04969E-2
6.81175E+11	1.39883E-10	-1.76490E+1	6.54240E-2	1.13591E-1
6.81350E+11	1.35345E-10	-1.75198E+1	-1.33029E-1	2.26007E-3
6.81525E+11	3.04449E-10	-1.55751E+1	1.10264E-1	-1.24671E-1
6.81700E+11	1.81832E-10	-1.62195E+1	8.44998E-2	1.29386E-1
6.81875E+11	1.99980E-10	-1.70250E+1	-1.08822E-1	8.94193E-2
6.82050E+11	2.04780E-10	-1.73883E+1	-1.26095E-1	-4.84368E-2
6.82225E+11	2.81622E-10	-1.64651E+1	2.15767E-2	-1.48668E-1
6.82400E+11	2.15208E-10	-1.75517E+1	1.28694E-1	3.17800E-2
6.82575E+11	2.10174E-10	-1.74070E+1	-7.85403E-2	1.09541E-1
6.82750E+11	3.14539E-10	-1.71816E+1	-6.72378E-2	-1.20891E-1
6.82925E+11	2.41386E-10	-1.61772E+1	1.52916E-1	-2.70401E-2
6.83100E+11	4.10615E-10	-1.43180E+1	-1.77521E-2	1.91534E-1
6.83275E+11	4.19006E-10	-1.41343E+1	-1.95961E-1	-1.40514E-2
6.83450E+11	3.12908E-10	-1.58720E+1	-9.54171E-3	-1.60559E-1
6.83625E+11	1.90086E-10	-1.81649E+1	1.18378E-1	-3.52824E-2
6.83800E+11	2.00961E-10	-1.70624E+1	4.64640E-2	1.32323E-1
6.83975E+11	4.13412E-10	-1.54197E+1	-1.69185E-1	9.29499E-3
6.84150E+11	2.79258E-10	-1.42487E+1	4.06556E-2	-1.89585E-1
6.84325E+11	8.82142E-10	-1.19388E+1	2.19284E-1	1.26118E-1
6.84500E+11	9.59433E-10	-1.12814E+1	-1.95326E-1	1.90516E-1
6.84675E+11	9.60913E-10	-1.09764E+1	-1.65918E-1	-2.28772E-1
6.84850E+11	1.42090E-9	-1.04741E+1	2.81770E-1	-1.01308E-1
6.85025E+11	1.71099E-9	-1.01374E+1	-3.69861E-2	3.09060E-1
6.85200E+11	1.45602E-9	-1.08340E+1	-2.33185E-1	-1.67789E-1
6.85375E+11	1.24412E-9	-1.08482E+1	2.56440E-1	-1.28439E-1
6.85550E+11	7.47245E-10	-1.21594E+1	4.40955E-2	2.42648E-1
6.85725E+11	8.37189E-10	-1.25633E+1	-2.33744E-1	2.79955E-2
6.85900E+11	5.81557E-10	-1.17880E+1	2.38016E-2	-2.56293E-1
6.86075E+11	4.24801E-10	-1.25923E+1	2.15072E-1	9.37880E-2
6.86250E+11	4.60653E-10	-1.38381E+1	-1.12400E-1	1.69378E-1
6.86425E+11	3.30685E-10	-1.34902E+1	-1.38904E-1	-1.59608E-1
6.86600E+11	3.42267E-10	-1.14921E+1	2.43594E-1	-1.07637E-1
6.86775E+11	4.40965E-10	-1.08291E+1	-1.50738E-2	2.87044E-1
6.86950E+11	3.98999E-10	-1.10735E+1	-2.78710E-1	-2.05186E-2
6.87125E+11	5.91206E-10	-9.86032E+0	8.48990E-3	-3.21242E-1
6.87300E+11	8.05285E-10	-7.50767E+0	4.19690E-1	3.70739E-2
6.87475E+11	1.19426E-9	-5.70200E+0	-2.81100E-1	4.35904E-1
6.87650E+11	4.76726E-10	-5.53173E+0	-1.89664E-1	-4.93775E-1
6.87825E+11	4.42019E-10	-6.50591E+0	4.62331E-1	9.90847E-2
6.88000E+11	2.88864E-10	-6.55995E+0	-2.62164E-1	3.89966E-1
6.88175E+11	3.74286E-10	-9.69146E+0	-1.88194E-1	-2.68227E-1
6.88350E+11	1.59937E-10	-1.30034E+1	1.93634E-1	-1.12186E-1
6.88525E+11	8.85348E-11	-1.35128E+1	8.34254E-2	1.93848E-1
6.88700E+11	1.06697E-10	-1.27091E+1	-2.20201E-1	7.14264E-2
6.88875E+11	1.08047E-10	-1.33472E+1	2.00364E-2	-2.14164E-1
6.89050E+11	6.95255E-11	-1.29552E+1	2.20195E-1	4.63984E-2
6.89225E+11	7.36323E-11	-1.32209E+1	-9.14381E-2	1.98172E-1
6.89400E+11	6.25071E-11	-1.35848E+1	-1.19659E-1	-1.71717E-1
6.89575E+11	8.63434E-11	-1.27998E+1	2.22314E-1	-5.53104E-2
6.89750E+11	2.88459E-11	-1.48009E+1	-5.13927E-2	1.74541E-1
6.89925E+11	3.77358E-11	-1.61319E+1	-7.55157E-2	-1.36619E-1
6.90100E+11	4.53778E-11	-1.60410E+1	1.52671E-1	-3.96822E-2
6.90275E+11	3.67023E-11	-1.77673E+1	-2.34672E-2	1.27163E-1
6.90450E+11	2.82733E-11	-1.92298E+1	-9.10332E-2	-6.04434E-2
6.90625E+11	3.27628E-11	-1.71788E+1	9.13857E-2	-1.03905E-1
6.90800E+11	2.12602E-11	-1.86469E+1	2.30750E-2	1.14557E-1
6.90975E+11	8.65635E-12	-2.34656E+1	-6.19721E-2	-2.57253E-2
6.91150E+11	1.07618E-11	-2.17417E+1	2.41106E-2	-7.81979E-2
6.91325E+11	5.90807E-12	-2.73109E+1	1.28790E-2	4.11286E-2
6.91500E+11	9.15276E-12	-2.41581E+1	-5.43455E-2	2.97546E-2
6.91675E+11	6.36229E-12	-2.58857E+1	-3.83774E-2	-3.32576E-2
6.91850E+11	1.24411E-11	-2.19812E+1	7.95507E-2	-2.93176E-3
6.92025E+11	1.93623E-11	-2.06056E+1	-2.36349E-2	9.02212E-2
6.92200E+11	1.12866E-11	-2.07911E+1	-8.90668E-2	-2.00432E-2
6.92375E+11	2.30010E-12	-2.79449E+1	2.87266E-2	2.79271E-2
6.92550E+11	1.26876E-12	-3.12255E+1	-2.74615E-2	-2.12662E-5
6.92725E+11	6.41790E-12	-2.79639E+1	3.55426E-3	-3.98181E-2
6.92900E+11	6.77133E-12	-2.83315E+1	3.74630E-2	-8.05914E-3
6.93075E+11	2.62858E-11	-2.31745E+1	9.24567E-3	6.87681E-2
6.93250E+11	2.92097E-11	-2.23559E+1	-7.28053E-2	-2.26390E-2
6.93425E+11	1.04671E-11	-2.63584E+1	9.29159E-3	-4.71868E-2
6.93600E+11	1.04089E-11	-2.75033E+1	1.30212E-2	4.00921E-2
6.93775E+11	1.67546E-11	-2.45329E+1	-5.13360E-2	-2.97658E-2
6.93950E+11	5.73766E-11	-2.27121E+1	6.96571E-2	-2.24328E-2
6.94125E+11	2.21059E-11	-2.55337E+1	-3.62961E-3	5.27585E-2
6.94300E+11	4.29936E-11	-2.24585E+1	-7.33439E-2	-1.72663E-2
6.94475E+11	5.14572E-11	-2.16673E+1	-5.85565E-3	-8.23268E-2
6.94650E+11	6.28065E-11	-2.08213E+1	9.02907E-2	1.11598E-2
6.94825E+11	3.65980E-11	-1.98308E+1	-8.77479E-2	5.19391E-2
6.95000E+11	4.73714E-11	-2.02858E+1	2.21452E-2	-9.41953E-2
6.95175E+11	3.23515E-11	-2.28717E+1	3.72966E-2	6.14090E-2
6.95350E+11	4.51464E-11	-1.93699E+1	-1.06555E-1	1.44083E-2
6.95525E+11	5.58347E-11	-2.00492E+1	3.38957E-2	-9.34795E-2
6.95700E+11	3.77591E-11	-1.97234E+1	9.07480E-2	4.92188E-2
6.95875E+11	2.14565E-11	-2.09127E+1	-6.94124E-2	5.73277E-2
6.96050E+11	5.07803E-11	-1.86178E+1	1.26760E-2	-1.16561E-1
6.96225E+11	3.57932E-11	-1.80874E+1	7.78252E-2	9.73475E-2
6.96400E+11	2.09648E-11	-2.11721E+1	-8.68603E-2	9.48509E-3
6.96575E+11	3.24171E-11	-1.94921E+1	7.97342E-2	-6.98797E-2
6.96750E+11	2.03792E-11	-1.96614E+1	4.79861E-2	9.22400E-2
6.96925E+11	1.45073E-11	-2.22405E+1	-7.27489E-2	2.60253E-2
6.97100E+11	4.61387E-12	-2.79728E+1	-1.30748E-2	-3.77347E-2
6.97275E+11	1.92217E-11	-2.09091E+1	6.44926E-2	6.28653E-2
6.97450E+11	7.57984E-12	-2.54180E+1	-5.35472E-2	-2.18616E-3
6.97625E+11	1.10534E-11	-2.28913E+1	2.24778E-2	-6.80710E-2
6.97800E+11	2.17051E-12	-2.63195E+1	9.97430E-3	4.72677E-2
6.97975E+11	7.27965E-13	-3.05959E+1	1.90715E-2	2.25404E-2
6.98150E+11	1.77783E-13	-3.94030E+1	-1.06164E-2	-1.42459E-3
6.98325E+11	8.10080E-13	-3.13485E+1	5.49225E-3	-2.65124E-2
6.98500E+11	3.52102E-12	-2.68965E+1	1.86001E-2	4.11998E-2
6.98675E+11	8.10208E-13	-3.08649E+1	-2.67492E-2	-1.01936E-2
6.98850E+11	1.06503E-12	-2.86094E+1	-7.36886E-3	-3.63744E-2
6.99025E+11	2.60064E-13	-3.23331E+1	2.41627E-2	-7.31886E-4
6.99200E+11	5.19899E-12	-2.04544E+1	3.73421E-2	8.72474E-2
6.99375E+11	2.10302E-12	-2.56214E+1	-3.68215E-2	3.72140E-2
6.99550E+11	2.49284E-12	-2.85761E+1	-6.78653E-3	-3.66324E-2
6.99725E+11	5.15229E-13	-3.53008E+1	4.46047E-3	1.65883E-2
6.99900E+11	1.61297E-12	-3.29814E+1	7.68084E-3	2.10794E-2
7.00075E+11	2.90361E-12	-2.86281E+1	-3.70212E-2	-9.50957E-4
7.00250E+11	1.25740E-12	-3.19621E+1	-1.00894E-2	-2.31236E-2
7.00425E+11	4.93403E-12	-2.61276E+1	4.86922E-2	8.25989E-3
7.00600E+11	2.51772E-12	-2.89284E+1	-4.29665E-3	3.55161E-2
7.00775E+11	7.92830E-13	-3.16876E+1	-2.52389E-2	6.40484E-3
7.00950E+11	4.24732E-12	-2.56716E+1	-5.53483E-3	-5.17545E-2
7.01125E+11	9.51994E-13	-3.40485E+1	9.96166E-3	1.71596E-2
7.01300E+11	3.92865E-13	-3.89351E+1	-9.26617E-3	6.47500E-3
7.01475E+11	2.40013E-12	-3.06739E+1	-2.84168E-2	-6.98278E-3
7.01650E+11	4.62411E-12	-2.95210E+1	2.81485E-2	-1.80073E-2
7.01825E+11	3.17292E-12	-3.15372E+1	-9.76999E-3	2.46264E-2
7.02000E+11	4.95654E-12	-3.03813E+1	-2.94539E-2	-6.95854E-3
7.02175E+11	1.70834E-12	-3.32552E+1	-1.16353E-2	-1.83632E-2
7.02350E+11	2.51229E-12	-3.35683E+1	1.89354E-2	9.00888E-3
7.02525E+11	6.33361E-12	-2.96573E+1	-2.88319E-2	1.58376E-2
7.02700E+11	4.02838E-12	-3.10734E+1	-2.59645E-2	-1.03371E-2
7.02875E+11	7.79364E-12	-2.92855E+1	2.46104E-2	-2.39405E-2
7.03050E+11	1.18886E-11	-2.68730E+1	2.42180E-2	3.83143E-2
7.03225E+11	1.65441E-11	-2.54959E+1	-5.23216E-2	9.13882E-3
7.03400E+11	2.92785E-11	-2.26231E+1	3.48679E-2	-6.51958E-2
7.03575E+11	2.56281E-11	-2.00732E+1	3.58545E-2	9.24518E-2
7.03750E+11	1.95090E-11	-2.36984E+1	-5.34722E-2	3.75246E-2
7.03925E+11	2.16491E-11	-2.27549E+1	-5.23773E-2	-5.05917E-2
7.04100E+11	3.16974E-11	-2.07995E+1	6.05986E-2	-6.81640E-2
7.04275E+11	4.82400E-11	-1.94391E+1	7.27303E-2	7.80317E-2
7.04450E+11	9.63669E-11	-1.86796E+1	-1.10621E-1	3.62753E-2
7.04625E+11	9.34531E-11	-1.65097E+1	1.53631E-2	-1.48665E-1
7.04800E+11	2.35917E-10	-1.38270E+1	1.58043E-1	1.28260E-1
7.04975E+11	1.95518E-10	-1.31085E+1	-1.96850E-1	1.00660E-1
7.05150E+11	2.97000E-10	-1.34633E+1	-6.17660E-2	-2.03057E-1
7.05325E+11	2.44764E-10	-1.50176E+1	1.76425E-1	-1.92019E-2
7.05500E+11	1.47386E-10	-1.76934E+1	8.25610E-4	1.30413E-1
7.05675E+11	1.66548E-10	-1.64030E+1	-1.45968E-1	-3.98237E-2
7.05850E+11	7.76851E-11	-1.65261E+1	1.05430E-1	-1.05536E-1
7.06025E+11	1.17113E-10	-1.48632E+1	8.00019E-2	1.61969E-1
7.06200E+11	2.82569E-10	-1.33994E+1	-2.00380E-1	7.45812E-2
7.06375E+11	1.14908E-10	-1.46754E+1	-1.92639E-2	-1.83591E-1
7.06550E+11	1.41459E-10	-1.37025E+1	1.92834E-1	7.38100E-2
7.06725E+11	1.04098E-10	-1.33883E+1	-1.78079E-1	1.18830E-1
7.06900E+11	9.09470E-11	-1.35628E+1	8.84343E-2	-1.90279E-1
7.07075E+11	5.70942E-11	-1.45329E+1	1.16841E-1	1.46839E-1
7.07250E+11	4.71690E-11	-1.42547E+1	-1.70486E-1	9.20716E-2
7.07425E+11	3.90273E-11	-1.30432E+1	-1.06573E-1	-1.95615E-1
7.07600E+11	3.79955E-11	-1.17925E+1	2.35519E-1	-1.03507E-1
7.07775E+11	4.20331E-11	-1.38408E+1	-8.51056E-2	1.84538E-1
7.07950E+11	2.24913E-11	-1.71724E+1	-5.70580E-2	-1.26177E-1
7.08125E+11	1.93617E-11	-1.70941E+1	1.39729E-1	-7.69299E-4
7.08300E+11	1.95343E-11	-1.68419E+1	-5.37553E-2	1.33426E-1
7.08475E+11	7.69750E-12	-2.01129E+1	-9.86140E-2	4.33257E-3
7.08650E+11	1.52382E-11	-1.50425E+1	-4.81707E-2	-1.70278E-1
7.08825E+11	1.98287E-11	-1.60900E+1	1.10196E-1	-1.11626E-1
7.09000E+11	1.41265E-11	-1.48130E+1	1.21302E-1	1.35278E-1
7.09175E+11	5.52991E-12	-1.96298E+1	-1.03867E-1	-1.00703E-2
7.09350E+11	1.66675E-11	-1.79149E+1	8.91825E-2	-9.06044E-2
7.09525E+11	1.04398E-11	-1.99627E+1	-7.38517E-3	1.00158E-1
7.09700E+11	1.31628E-11	-1.93240E+1	-1.07758E-1	8.51256E-3
7.09875E+11	7.00784E-12	-2.30123E+1	9.09002E-3	-7.01076E-2
7.10050E+11	8.22898E-12	-2.21075E+1	6.22514E-2	-4.77505E-2
7.10225E+11	4.31911E-12	-2.43943E+1	4.94674E-2	3.44747E-2
7.10400E+11	2.67879E-12	-2.57259E+1	2.92383E-3	5.16431E-2
7.10575E+11	8.61275E-12	-2.15581E+1	-5.55971E-2	-6.24050E-2
7.10750E+11	4.60073E-12	-2.32804E+1	4.54264E-2	5.13313E-2
7.10925E+11	1.80234E-11	-1.89173E+1	-9.20140E-2	6.60668E-2
7.11100E+11	8.72486E-12	-2.26331E+1	-2.81685E-2	-6.82654E-2
7.11275E+11	2.34812E-11	-1.93423E+1	9.72951E-2	-4.65699E-2
7.11450E+11	1.43355E-11	-2.23562E+1	2.23220E-2	7.28999E-2
7.11625E+11	1.48899E-11	-2.10441E+1	-8.65883E-2	-1.91156E-2
7.11800E+11	1.97222E-11	-2.01991E+1	4.30020E-2	-8.77648E-2
7.11975E+11	1.10933E-11	-2.27914E+1	4.52333E-2	5.66781E-2
7.12150E+11	8.34570E-12	-2.26700E+1	-7.33822E-2	-4.75443E-3
7.12325E+11	1.77120E-11	-2.07624E+1	-3.07450E-2	-8.62824E-2
7.12500E+11	8.18820E-12	-2.30163E+1	6.66914E-2	2.33520E-2
7.12675E+11	6.01565E-12	-2.63746E+1	1.72009E-2	4.48155E-2
7.12850E+11	1.99771E-12	-2.75437E+1	-3.52909E-2	-2.26946E-2
7.13025E+11	5.12676E-12	-2.33154E+1	4.47041E-2	-5.15981E-2
7.13200E+11	1.96598E-11	-1.89396E+1	6.77902E-2	9.03887E-2
7.13375E+11	2.34993E-11	-1.77263E+1	-1.16428E-1	5.76589E-2
7.13550E+11	5.10872E-11	-1.42667E+1	-7.30927E-2	-1.79157E-1
7.13725E+11	4.51868E-11	-1.14945E+1	2.65792E-1	-1.54447E-2
7.13900E+11	7.37452E-11	-1.13852E+1	-1.15713E-1	2.43519E-1
7.14075E+11	9.19720E-11	-8.97429E+0	-1.80100E-1	-3.06926E-1
7.14250E+11	5.80550E-11	-8.25037E+0	3.62920E-1	1.33791E-1
7.14425E+11	1.14286E-10	-6.62607E+0	-2.73950E-1	3.77384E-1
7.14600E+11	1.30847E-10	-5.31744E+0	-2.21392E-1	-4.94898E-1
7.14775E+11	1.16203E-10	-3.15464E+0	5.92363E-1	-3.64365E-1
7.14950E+11	1.72737E-10	-3.28533E+0	1.21422E-1	6.74221E-1
7.15125E+11	9.30541E-11	-2.18030E+0	-6.86862E-1	-3.65403E-1
7.15300E+11	4.28263E-11	-7.02816E+0	3.81227E-1	-2.30005E-1
7.15475E+11	4.28253E-11	-4.70976E+0	1.49361E-1	5.61938E-1
7.15650E+11	4.75611E-11	-4.01334E+0	-6.28526E-1	-4.29075E-2
7.15825E+11	4.59937E-11	-3.63222E+0	4.47678E-1	-4.82570E-1
7.16000E+11	6.36588E-11	-3.24335E-1	3.68427E-1	8.90113E-1
7.16175E+11	1.05001E-10	9.85342E-1	-1.11989E+0	-2.32241E-2
7.16350E+11	5.31933E-11	-7.33677E-1	4.60227E-1	-7.95459E-1
7.16525E+11	4.05061E-11	-2.66598E-2	1.94515E-1	9.77775E-1
7.16700E+11	1.62548E-11	-2.14762E+0	-6.16765E-1	-4.79032E-1
7.16875E+11	3.00097E-11	-5.12619E-1	5.36189E-1	-7.75349E-1
7.17050E+11	1.76425E-11	-3.16805E+0	2.24516E-1	6.57082E-1
7.17225E+11	1.10619E-11	-4.48624E+0	-5.34965E-1	-2.64105E-1
7.17400E+11	8.58437E-12	-2.37071E+0	4.83733E-1	-5.87654E-1
7.17575E+11	1.84480E-12	-8.46035E+0	3.38629E-1	1.66973E-1
7.17750E+11	4.62146E-15	-3.52156E+1	-1.50990E-2	-8.53995E-3
7.17925E+11	4.13186E-12	-8.02749E+0	2.32585E-1	-3.21549E-1
7.18100E+11	3.41078E-12	-4.45396E+0	5.95221E-1	-6.56215E-2
7.18275E+11	1.83474E-12	-1.02107E+1	2.74196E-2	3.07429E-1
7.18450E+11	1.06697E-12	-6.71225E+0	-4.61474E-1	1.53575E-2
7.18625E+11	1.55153E-12	-1.04324E+1	2.29415E-2	-2.99995E-1
7.18800E+11	1.09611E-12	-1.42293E+1	9.31315E-2	-1.70558E-1
7.18975E+11	1.65555E-12	-8.73352E+0	2.19822E-1	2.92468E-1
7.19150E+11	2.91126E-12	-9.25849E+0	-1.26323E-1	-3.20407E-1
7.19325E+11	1.95254E-12	-1.07334E+1	-6.14691E-2	-2.84047E-1
7.19500E+11	7.78281E-12	-5.50283E+0	2.81494E-1	4.49907E-1
7.19675E+11	8.31084E-14	-2.48050E+1	-5.59584E-2	1.32726E-2
7.19850E+11	1.18928E-12	-1.59847E+1	3.78587E-2	-1.54189E-1
7.20025E+11	3.19836E-12	-1.12516E+1	2.37245E-1	1.36660E-1
7.20200E+11	7.04756E-13	-1.81320E+1	-3.32159E-2	1.19463E-1
7.20375E+11	4.66717E-13	-2.01797E+1	-2.04344E-2	-9.57970E-2
7.20550E+11	2.27628E-12	-1.29324E+1	-9.86305E-2	-2.02921E-1
7.20725E+11	4.07696E-12	-1.37782E+1	4.35068E-2	-2.00009E-1
7.20900E+11	4.29116E-12	-9.72609E+0	-1.32352E-1	2.98317E-1
7.21075E+11	2.58498E-12	-1.21994E+1	-2.37316E-1	-6.28098E-2
7.21250E+11	2.79634E-13	-2.10144E+1	8.09274E-2	3.69823E-2
7.21425E+11	2.86023E-12	-1.07623E+1	1.77765E-1	-2.28693E-1
7.21600E+11	1.01818E-12	-1.73549E+1	1.28859E-1	-4.22169E-2
7.21775E+11	8.03358E-13	-1.44912E+1	-1.87219E-1	2.24203E-2
7.21950E+11	2.19154E-12	-1.28031E+1	2.05839E-1	-1.00370E-1
7.22125E+11	3.21851E-12	-7.33340E+0	4.29587E-1	-1.53847E-2
7.22300E+11	5.58164E-13	-1.34752E+1	2.73149E-2	2.10185E-1
7.22475E+11	9.70753E-13	-1.00496E+1	-2.41544E-1	-2.01299E-1
7.22650E+11	2.71788E-13	-1.66914E+1	1.44162E-1	2.52823E-2
7.22825E+11	1.99255E-12	-5.72674E+0	-1.91902E-1	4.80286E-1
7.23000E+11	1.93688E-12	-3.16186E+0	-6.51311E-1	-2.42169E-1
7.23175E+11	7.82714E-12	-1.23507E+0	3.61638E-1	-7.88476E-1
7.23350E+11	3.30298E-12	-7.46285E-1	3.75851E-1	8.37169E-1
7.23525E+11	2.70898E-12	-2.96374E+0	-3.25731E-1	6.31893E-1
7.23700E+11	3.97735E-12	9.97939E+0	-1.28608E+0	-2.88074E+0
7.23875E+11	4.85229E-12	4.72603E-1	1.02189E+0	2.65912E-1
7.24050E+11	1.57004E-12	-2.85682E+0	1.10542E-1	-7.11172E-1
7.24225E+11	3.29923E-12	-2.56848E+0	-6.77395E-1	3.07702E-1
7.24400E+11	4.97483E-12	1.31220E+0	1.15467E+0	1.39607E-1
7.24575E+11	1.01743E-12	-6.33975E+0	-2.59690E-1	4.06015E-1
7.24750E+11	1.39603E-12	1.24063E+1	3.79771E+0	-1.72640E+0
7.24925E+11	6.05146E-12	8.59904E+0	2.27818E+0	-1.43272E+0
7.25100E+11	1.69981E-12	2.55966E+0	-1.28282E+0	-3.96542E-1
7.25275E+11	1.30849E-12	4.41372E+0	1.55494E+0	-5.87454E-1
7.25450E+11	1.14046E-12	-4.78427E+0	5.76460E-1	5.21814E-3
7.25625E+11	1.74803E-14	-1.70219E+1	-1.35630E-1	-3.81686E-2
7.25800E+11	3.02980E-12	-4.56644E-2	8.33991E-1	5.42216E-1
7.25975E+11	1.42953E-12	1.56605E+0	1.04790E+0	5.79727E-1
7.26150E+11	7.04239E-13	-1.62274E+0	-5.85467E-1	-5.87748E-1
7.26325E+11	1.07358E-12	-1.21211E+0	1.66094E-2	-8.69591E-1
7.26500E+11	1.21053E-13	4.22177E+0	-1.83467E-1	-1.61550E+0
7.26675E+11	3.28931E-13	-5.32950E+0	-4.58334E-2	5.39465E-1
7.26850E+11	1.09348E-12	1.02080E+1	-2.85602E+0	-1.52768E+0
7.27025E+11	4.44002E-13	-6.57823E+0	-4.16004E-1	2.16372E-1
7.27200E+11	4.47709E-14	-1.70437E+1	1.18125E-1	7.61544E-2
7.27375E+11	1.12915E-12	3.77372E+0	-1.30259E+0	8.29231E-1
7.27550E+11	3.24327E-12	2.47394E+0	-4.44060E-1	1.25318E+0
7.27725E+11	1.85342E-13	-6.45677E+0	3.61835E-1	3.08524E-1
7.27900E+11	3.36137E-12	2.80808E-1	-6.53439E-1	7.99882E-1
7.28075E+11	2.26051E-13	2.63995E+0	4.03384E-1	1.29375E+0
7.28250E+11	1.80788E-12	-7.83904E+0	-7.27255E-2	3.98979E-1
7.28425E+11	1.10520E-12	-5.24271E+0	-1.05652E-1	5.36542E-1
7.28600E+11	1.20324E-12	-9.79088E+0	2.82551E-1	-1.58423E-1
7.28775E+11	4.71234E-13	-8.49132E+0	1.84132E-1	3.28073E-1
7.28950E+11	1.41411E-12	-8.68365E+0	1.46781E-1	3.37432E-1
7.29125E+11	1.30720E-13	-2.29074E+1	-7.15482E-2	-8.82053E-4
7.29300E+11	8.39667E-13	-1.28070E+1	2.24396E-1	-4.51981E-2
7.29475E+11	2.48401E-13	-3.02185E+0	4.53687E-2	7.04708E-1
7.29650E+11	3.38256E-12	-1.27125E+0	4.66940E-1	-7.26775E-1
7.29825E+11	6.11313E-13	-7.81396E+0	-3.30251E-1	-2.37404E-1
7.30000E+11	6.30589E-12	4.05924E-1	-7.32400E-1	-7.49376E-1
