4.50000E+11	0.00000E-12	0.000000E+3	0.00000E-4	0.000000E+1
4.50175E+11	4.75225E-13	-1.86186E+1	3.68154E-2	-1.11308E-1
4.50350E+11	1.14806E-12	-1.49479E+1	1.38406E-1	-1.13349E-1
4.50525E+11	1.55109E-12	-1.35731E+1	-1.07202E-1	1.80084E-1
4.50700E+11	1.77759E-12	-1.31440E+1	1.55333E-2	2.19642E-1
4.50875E+11	7.83216E-13	-1.64975E+1	1.08063E-1	1.03550E-1
4.51050E+11	1.27615E-12	-1.35776E+1	2.02567E-1	-5.33251E-2
4.51225E+11	2.32172E-12	-1.01397E+1	3.04819E-1	-6.26118E-2
4.51400E+11	8.48037E-13	-1.42706E+1	-1.71590E-1	8.92344E-2
4.51575E+11	2.51053E-12	-3.01153E+0	-3.29372E-1	-6.25598E-1
4.51750E+11	4.93087E-12	-4.93276E+0	3.98287E-1	4.03149E-1
4.51925E+11	2.93750E-12	-3.99483E+0	2.35634E-1	5.85712E-1
4.52100E+11	4.29350E-13	-1.43806E+1	-1.49021E-1	1.19429E-1
4.52275E+11	7.16022E-13	-2.29727E+1	6.62355E-2	-2.56190E-2
4.52450E+11	1.30263E-11	-1.33350E+1	1.97996E-1	-8.48252E-2
4.52625E+11	1.31054E-11	-1.78068E+1	6.79299E-2	1.09341E-1
4.52800E+11	1.74568E-11	-1.97516E+1	-5.34426E-2	8.79348E-2
4.52975E+11	3.38325E-11	-1.93684E+1	-1.06410E-1	-1.55704E-2
4.53150E+11	5.67131E-11	-2.01817E+1	-5.75743E-2	-7.92176E-2
4.53325E+11	7.55578E-11	-2.18000E+1	6.43642E-2	-4.96403E-2
4.53500E+11	6.08540E-11	-2.37862E+1	2.92269E-2	5.76867E-2
4.53675E+11	5.31447E-11	-2.44748E+1	-5.83957E-2	1.25995E-2
4.53850E+11	5.10295E-11	-2.55055E+1	-1.91302E-2	-4.94860E-2
4.54025E+11	6.11373E-11	-2.59481E+1	4.07656E-2	-2.96695E-2
4.54200E+11	7.18963E-11	-2.64227E+1	3.44515E-2	3.30457E-2
4.54375E+11	4.16501E-11	-2.86062E+1	-1.93005E-2	3.17162E-2
4.54550E+11	2.51717E-11	-3.02700E+1	-2.67107E-2	-1.50420E-2
4.54725E+11	2.60076E-11	-2.84878E+1	2.11433E-2	-3.11362E-2
4.54900E+11	1.22667E-11	-3.00460E+1	2.07014E-2	2.36835E-2
4.55075E+11	1.43928E-11	-2.70077E+1	-4.46283E-2	-1.55387E-4
4.55250E+11	4.26051E-12	-3.03724E+1	-2.96815E-2	-6.06907E-3
4.55425E+11	1.90426E-12	-3.17840E+1	-1.73261E-2	-1.90509E-2
4.55600E+11	1.95548E-12	-2.88768E+1	2.70458E-2	-2.37416E-2
4.55775E+11	1.39215E-12	-2.78383E+1	3.66828E-2	1.73029E-2
4.55950E+11	1.60996E-13	-3.24938E+1	-2.25052E-2	-7.52761E-3
4.56125E+11	7.59451E-13	-1.86748E+1	-5.22357E-2	-1.04113E-1
4.56300E+11	1.46777E-13	-2.22836E+1	-2.32990E-2	7.32655E-2
4.56475E+11	9.33597E-14	-2.36037E+1	-5.46573E-2	-3.70676E-2
4.56650E+11	3.43211E-12	-1.17768E+1	2.64868E-2	-2.56362E-1
4.56825E+11	7.81752E-13	-2.11787E+1	-7.76878E-3	-8.69638E-2
4.57000E+11	7.48641E-13	-2.20455E+1	2.89199E-2	7.35349E-2
4.57175E+11	4.36423E-13	-2.24145E+1	-4.07117E-2	-6.38574E-2
4.57350E+11	3.36361E-13	-2.34032E+1	5.71653E-2	-3.60511E-2
4.57525E+11	2.37198E-12	-1.42268E+1	8.25807E-2	1.75970E-1
4.57700E+11	1.07423E-13	-2.40371E+1	6.22834E-2	-8.24634E-3
4.57875E+11	1.06955E-12	-1.29861E+1	-2.25664E-2	2.23093E-1
4.58050E+11	3.70115E-12	-2.40497E+0	7.57213E-1	-3.75578E-2
4.58225E+11	1.65823E-12	-2.01905E+0	-2.63234E-1	7.47599E-1
4.58400E+11	3.70630E-13	-1.78199E+0	9.75257E-2	-8.08658E-1
4.58575E+11	5.77477E-13	-5.84219E+0	-1.35226E-1	-4.92136E-1
4.58750E+11	2.11434E-12	-3.53525E+0	6.54522E-1	-1.21133E-1
4.58925E+11	2.04554E-12	-1.77409E+0	7.04592E-1	4.10117E-1
4.59100E+11	1.00528E-12	-9.03743E+0	5.49544E-2	3.48987E-1
4.59275E+11	1.43927E-12	-5.76229E+0	4.53149E-1	2.44902E-1
4.59450E+11	1.54226E-14	-2.65639E+1	2.63483E-2	-3.88821E-2
4.59625E+11	5.74500E-12	-2.60086E-1	8.79887E-1	4.09475E-1
4.59800E+11	2.47134E-12	-5.10348E+0	4.33379E-1	3.47800E-1
4.59975E+11	4.88397E-13	-7.99347E+0	1.21697E-1	-3.79365E-1
4.60150E+11	9.00605E-13	-1.18388E+1	2.37277E-1	-9.58226E-2
4.60325E+11	1.04336E-12	-8.01419E+0	3.52292E-1	1.84017E-1
4.60500E+11	1.58367E-12	3.00561E+0	-2.24593E-1	1.39549E+0
4.60675E+11	3.48785E-12	-5.33445E+0	-1.65225E-1	-5.15257E-1
4.60850E+11	3.66831E-12	3.27921E+0	6.07594E-1	-1.32611E+0
4.61025E+11	9.17250E-13	-1.56157E+0	3.44049E-1	7.61321E-1
4.61200E+11	3.40176E-13	-1.26349E+1	-1.05920E-1	2.08073E-1
4.61375E+11	8.55995E-13	-8.19922E+0	-2.38082E-1	-3.07734E-1
4.61550E+11	1.32998E-12	-4.79218E+0	5.35226E-1	2.12747E-1
4.61725E+11	2.23351E-12	-2.84181E+0	-4.05416E-2	-7.19817E-1
4.61900E+11	3.39643E-12	-1.50043E+0	1.21932E-1	-8.32471E-1
4.62075E+11	9.47092E-13	2.85652E+0	1.09437E+0	8.56027E-1
4.62250E+11	1.71115E-12	-4.21537E+0	2.11055E-1	5.78189E-1
4.62425E+11	5.29034E-13	-1.49707E+1	-4.19381E-2	1.73430E-1
4.62600E+11	6.75512E-13	-5.67544E-1	-7.87087E-1	-5.07929E-1
4.62775E+11	5.19820E-12	5.95566E+0	1.78653E+0	-8.65411E-1
4.62950E+11	7.50352E-13	-9.62804E+0	2.78012E-1	1.77908E-1
4.63125E+11	2.94859E-13	-8.66733E+0	3.45654E-1	1.28211E-1
4.63300E+11	1.52082E-13	-3.03266E+0	-1.38203E-1	-6.91616E-1
4.63475E+11	4.24798E-13	-9.88946E+0	1.06664E-1	3.01995E-1
4.63650E+11	5.69265E-13	-8.74585E+0	1.81996E-1	-3.16792E-1
4.63825E+11	5.83463E-13	-5.85693E+0	-4.95572E-1	-1.18363E-1
4.64000E+11	2.28664E-12	7.12644E-2	9.31294E-1	-3.86311E-1
4.64175E+11	1.53706E-12	-7.25462E+0	-3.45793E-1	2.61901E-1
4.64350E+11	3.87420E-12	3.03080E+0	-9.64569E-1	-1.03878E+0
4.64525E+11	9.22719E-12	3.91811E+0	1.56947E+0	4.16917E-2
4.64700E+11	1.49305E-11	3.66636E+0	-1.52457E+0	4.27812E-2
4.64875E+11	3.70485E-11	4.59593E+0	-4.89967E-1	-1.62520E+0
4.65050E+11	3.74235E-11	1.80505E+0	1.21751E+0	1.81647E-1
4.65225E+11	3.22626E-11	2.29542E+0	-9.97852E-1	8.37105E-1
4.65400E+11	4.53588E-11	8.80417E-1	-2.79914E-2	-1.10632E+0
4.65575E+11	6.75511E-11	5.24411E+0	1.63853E+0	8.12616E-1
4.65750E+11	1.04546E-10	3.55617E+0	-1.20224E+0	9.06914E-1
4.65925E+11	2.26564E-10	5.30700E+0	-6.85076E-1	-1.71014E+0
4.66100E+11	2.95559E-10	3.67514E+0	1.51253E+0	-2.07600E-1
4.66275E+11	3.28573E-10	3.87892E+0	-2.82486E-1	1.53721E+0
4.66450E+11	2.07252E-10	3.38891E+0	-1.31493E+0	-6.73151E-1
4.66625E+11	1.60143E-10	1.60805E+0	6.31053E-1	-1.02464E+0
4.66800E+11	2.15397E-10	4.56830E+0	1.14133E+0	1.24917E+0
4.66975E+11	1.82122E-10	4.33832E+0	-1.48147E+0	7.21551E-1
4.67150E+11	1.54815E-10	5.31128E+0	-6.00752E-2	-1.84218E+0
4.67325E+11	1.51437E-10	6.47087E+0	2.03462E+0	5.45264E-1
4.67500E+11	2.36099E-10	8.49097E+0	-3.64033E-1	2.63291E+0
4.67675E+11	1.91528E-10	4.82369E+0	-1.46074E+0	-9.50106E-1
4.67850E+11	1.19029E-10	6.27829E+0	1.90578E+0	-7.82648E-1
4.68025E+11	9.02176E-11	4.90332E+0	-1.65837E-1	1.75076E+0
4.68200E+11	5.89958E-11	1.93400E+0	-1.23508E+0	-1.88593E-1
4.68375E+11	5.96204E-11	1.41531E+0	-5.91699E-1	-1.01742E+0
4.68550E+11	4.18160E-11	-9.25536E-2	9.88584E-1	4.01987E-2
4.68725E+11	4.39920E-11	-3.73251E-2	-3.90933E-1	9.15758E-1
4.68900E+11	3.71993E-11	-1.54080E+0	-6.86853E-1	-4.79123E-1
4.69075E+11	3.67045E-11	-1.85365E+0	3.28483E-1	-7.38024E-1
4.69250E+11	3.99322E-11	-4.58028E+0	5.69596E-2	5.87427E-1
4.69425E+11	2.82436E-11	-5.85834E+0	-5.08091E-1	-3.68889E-2
4.69600E+11	4.34631E-11	-7.59773E+0	1.21521E-1	-3.98878E-1
4.69775E+11	1.56271E-11	-1.11310E+1	2.76826E-1	-2.09618E-2
4.69950E+11	2.54253E-11	-8.73655E+0	2.72563E-3	3.65730E-1
4.70125E+11	2.75248E-11	-1.04365E+1	-3.00126E-1	1.90183E-2
4.70300E+11	1.54668E-11	-1.37061E+1	-8.25428E-2	-1.89170E-1
4.70475E+11	6.27847E-11	-7.99835E+0	3.96217E-1	3.95220E-2
4.70650E+11	5.74603E-11	-1.09375E+1	6.09186E-2	2.77260E-1
4.70825E+11	9.01634E-11	-9.74184E+0	-3.24163E-1	-3.22898E-2
4.71000E+11	9.46541E-11	-1.02731E+1	-4.66590E-2	-3.02865E-1
4.71175E+11	1.07640E-10	-9.26649E+0	3.04514E-1	-1.60222E-1
4.71350E+11	1.20896E-10	-9.37885E+0	2.70366E-1	2.05616E-1
4.71525E+11	1.86194E-10	-8.69855E+0	-2.22659E-2	3.66668E-1
4.71700E+11	3.89333E-10	-6.13075E+0	-4.86109E-1	8.62382E-2
4.71875E+11	7.04818E-10	-3.76734E+0	-2.25904E-1	-6.07440E-1
4.72050E+11	1.19733E-9	-3.07822E-1	9.05492E-1	-3.34154E-1
4.72225E+11	1.42373E-9	-1.94400E+0	-2.02176E-1	7.73480E-1
4.72400E+11	2.23451E-9	-4.02643E+0	-4.49602E-1	-4.39943E-1
4.72575E+11	2.66207E-9	-5.93343E+0	4.61201E-1	-2.05820E-1
4.72750E+11	3.93321E-9	-6.02849E+0	1.24192E-2	4.99392E-1
4.72925E+11	5.46240E-9	-7.83451E+0	-3.65600E-1	-1.76017E-1
4.73100E+11	8.06442E-9	-9.86434E+0	2.35752E-1	-2.18160E-1
4.73275E+11	1.20976E-8	-1.12123E+1	1.43688E-1	2.34516E-1
4.73450E+11	1.87989E-8	-1.14033E+1	-2.61495E-1	6.33132E-2
4.73625E+11	2.24083E-8	-1.23689E+1	1.41126E-2	-2.40331E-1
4.73800E+11	1.62830E-8	-1.40124E+1	1.82369E-1	8.02437E-2
4.73975E+11	1.68067E-8	-1.50425E+1	-1.12857E-1	1.36302E-1
4.74150E+11	1.75486E-8	-1.42319E+1	-1.10853E-1	-1.59539E-1
4.74325E+11	1.68889E-8	-1.46752E+1	1.77280E-1	-5.14780E-2
4.74500E+11	1.70724E-8	-1.46440E+1	-1.68157E-2	1.84503E-1
4.74675E+11	1.87440E-8	-1.38064E+1	-1.92092E-1	-6.87500E-2
4.74850E+11	1.79257E-8	-1.31965E+1	1.37150E-1	-1.70560E-1
4.75025E+11	1.17895E-8	-1.32001E+1	8.08464E-2	2.03288E-1
4.75200E+11	1.03435E-8	-1.41253E+1	-1.96668E-1	-7.57994E-4
4.75375E+11	9.72876E-9	-1.49910E+1	3.72195E-2	-1.74078E-1
4.75550E+11	5.47144E-9	-1.71968E+1	1.16448E-1	7.42187E-2
4.75725E+11	3.70895E-9	-1.67308E+1	-9.95638E-2	1.06374E-1
4.75900E+11	3.17496E-9	-1.66239E+1	-9.30809E-2	-1.14427E-1
4.76075E+11	2.83245E-9	-1.62061E+1	1.35140E-1	-7.54441E-2
4.76250E+11	3.68919E-9	-1.50425E+1	3.48206E-2	1.73499E-1
4.76425E+11	3.45716E-9	-1.40867E+1	-1.91836E-1	-4.71471E-2
4.76600E+11	2.37261E-9	-1.36882E+1	1.23164E-1	-1.66147E-1
4.76775E+11	1.81394E-9	-1.28778E+1	1.60567E-1	1.60523E-1
4.76950E+11	1.44120E-9	-1.16074E+1	-1.91388E-1	1.80100E-1
4.77125E+11	1.18354E-9	-1.16136E+1	-1.78603E-1	-1.92530E-1
4.77300E+11	7.98504E-10	-1.25575E+1	-7.72372E-2	2.22552E-1
4.77475E+11	5.95490E-10	-1.39569E+1	-1.42217E-1	-1.41357E-1
4.77650E+11	5.51062E-10	-1.09377E+1	2.70780E-1	-8.51969E-2
4.77825E+11	5.25049E-10	-9.20528E+0	-3.30521E-2	3.44946E-1
4.78000E+11	3.42502E-10	-9.88948E+0	-2.88081E-1	-1.39953E-1
4.78175E+11	2.88349E-10	-9.16095E+0	2.70922E-1	-2.18892E-1
4.78350E+11	2.80877E-10	-8.96917E+0	2.46578E-1	2.56882E-1
4.78525E+11	3.87766E-10	-7.55363E+0	-2.75312E-1	3.15989E-1
4.78700E+11	5.47924E-10	-5.88255E+0	-4.07127E-1	-3.03845E-1
4.78875E+11	8.54263E-10	-4.51796E+0	5.42261E-1	-2.43519E-1
4.79050E+11	1.19116E-9	-4.44503E+0	3.62191E-2	5.98348E-1
4.79225E+11	1.56190E-9	-5.33760E+0	-5.13979E-1	-1.68529E-1
4.79400E+11	1.97250E-9	-7.28182E+0	3.01180E-1	-3.10291E-1
4.79575E+11	1.41638E-9	-8.99922E+0	3.18241E-1	1.56965E-1
4.79750E+11	7.85832E-10	1.77863E+0	2.56811E-1	1.20008E+0
4.79925E+11	7.88367E-10	-3.30845E-3	-4.50743E-1	-8.92227E-1
4.80100E+11	4.73216E-10	-2.12088E+0	6.90879E-1	3.69220E-1
4.80275E+11	4.00579E-10	1.33284E-1	-9.42466E-1	3.78053E-1
4.80450E+11	2.91528E-10	2.64732E+0	-2.13517E-1	-1.33942E+0
4.80625E+11	2.23381E-10	3.08919E+0	1.42321E+0	-1.05532E-1
4.80800E+11	2.13765E-10	1.06618E+0	-5.69961E-1	9.76423E-1
4.80975E+11	2.90189E-10	3.36691E+0	-6.75548E-1	-1.30950E+0
4.81150E+11	1.81759E-10	-2.95911E-1	9.65901E-1	-3.41890E-2
4.81325E+11	1.08778E-10	-1.73102E+0	-2.78003E-1	7.70704E-1
4.81500E+11	1.21856E-10	-1.30857E+0	-6.62678E-1	-5.48367E-1
4.81675E+11	1.33744E-10	3.52606E-2	9.23163E-1	-3.94871E-1
4.81850E+11	1.45906E-10	6.02777E-1	-3.21520E-1	1.02250E+0
4.82025E+11	2.12679E-10	2.69736E+0	-1.06347E+0	-8.54397E-1
4.82200E+11	2.39431E-10	1.65536E+0	1.16682E+0	-3.20164E-1
4.82375E+11	2.08144E-10	-1.21139E-1	-3.55403E-1	9.19881E-1
4.82550E+11	2.12564E-10	-1.62057E+0	-6.07352E-1	-5.65407E-1
4.82725E+11	1.95517E-10	-2.23954E+0	7.66116E-1	-1.00824E-1
4.82900E+11	1.48965E-10	-5.48701E+0	-2.16774E-1	4.85481E-1
4.83075E+11	1.91157E-10	-5.48275E+0	-3.94983E-1	-3.56299E-1
4.83250E+11	2.16495E-10	-6.42464E+0	2.95208E-1	-3.75024E-1
4.83425E+11	2.65343E-10	-5.49131E+0	3.24634E-1	4.20732E-1
4.83600E+11	4.40485E-10	-6.56356E+0	-4.41925E-1	1.59129E-1
4.83775E+11	5.13833E-10	-8.04377E+0	-2.87885E-2	-3.95059E-1
4.83950E+11	4.65329E-10	-1.00124E+1	3.14654E-1	2.66059E-2
4.84125E+11	3.82873E-10	-1.03264E+1	-3.93973E-2	3.02005E-1
4.84300E+11	3.57946E-10	-1.10720E+1	-2.70582E-1	-7.00888E-2
4.84475E+11	3.58925E-10	-8.13272E+0	1.65406E-1	-3.55472E-1
4.84650E+11	4.33189E-10	-5.71604E+0	3.42142E-1	3.88716E-1
4.84825E+11	6.86606E-10	-3.63317E+0	-6.13939E-1	2.37220E-1
4.85000E+11	6.39164E-10	-2.38615E+0	-1.03500E-1	-7.52706E-1
4.85175E+11	5.62719E-10	-7.64283E+0	3.46994E-1	-2.27310E-1
4.85350E+11	7.14329E-10	-7.71981E+0	2.53082E-1	3.24039E-1
4.85525E+11	7.36082E-10	-6.78723E+0	-3.80196E-1	2.54943E-1
4.85700E+11	7.92022E-10	-4.51735E+0	-9.77108E-2	-5.86388E-1
4.85875E+11	6.60385E-10	-4.94420E+0	5.25188E-1	2.10939E-1
4.86050E+11	6.55383E-10	-4.33612E+0	-3.80465E-1	4.72974E-1
4.86225E+11	5.30807E-10	-4.51066E+0	-2.28797E-1	-5.49177E-1
4.86400E+11	8.14755E-10	-4.93212E+0	5.54892E-1	1.15342E-1
4.86575E+11	9.00891E-10	-5.71175E+0	-3.68556E-1	3.64133E-1
4.86750E+11	9.55665E-10	-8.23375E+0	-1.81327E-1	-3.42498E-1
4.86925E+11	1.39897E-9	-8.63134E+0	3.50859E-1	-1.18083E-1
4.87100E+11	1.74516E-9	-7.05981E+0	1.50743E-1	4.17221E-1
4.87275E+11	6.41707E-10	-1.06320E+1	-2.93708E-1	1.38630E-2
4.87450E+11	4.26756E-10	-1.31614E+1	9.55072E-3	-2.19542E-1
4.87625E+11	1.29171E-9	-8.71294E+0	3.66591E-1	-1.02995E-2
4.87800E+11	4.09590E-9	-4.01700E+0	5.98489E-2	6.26873E-1
4.87975E+11	5.12919E-9	-3.50798E+0	-6.66054E-1	-4.72747E-2
4.88150E+11	4.35007E-9	-4.44814E+0	1.26536E-1	-5.85717E-1
4.88325E+11	2.57231E-9	-5.74100E+0	4.64580E-1	2.25368E-1
4.88500E+11	1.40741E-9	-8.64827E+0	-2.30359E-1	2.88873E-1
4.88675E+11	9.73808E-10	-1.01383E+1	-2.59901E-1	-1.71226E-1
4.88850E+11	1.20305E-9	-9.64412E+0	2.37142E-1	-2.28699E-1
4.89025E+11	1.74687E-9	-9.24629E+0	1.13387E-1	3.25722E-1
4.89200E+11	3.31684E-9	-9.53555E+0	-3.32318E-1	2.91826E-2
4.89375E+11	5.12597E-9	-9.89515E+0	2.63110E-2	-3.18985E-1
4.89550E+11	7.91224E-9	-1.07997E+1	2.67522E-1	1.07769E-1
4.89725E+11	9.15772E-9	-1.19590E+1	-1.57253E-1	1.97397E-1
4.89900E+11	8.30430E-9	-1.52844E+1	-8.15310E-2	-1.51561E-1
4.90075E+11	1.06392E-8	-1.60389E+1	1.52506E-1	-4.04602E-2
4.90250E+11	1.12953E-8	-1.56831E+1	1.79219E-2	1.63399E-1
4.90425E+11	1.09399E-8	-1.45380E+1	-1.86987E-1	1.44443E-2
4.90600E+11	1.06635E-8	-1.38451E+1	-1.03117E-2	-2.02854E-1
4.90775E+11	1.27953E-8	-1.44740E+1	1.88050E-1	1.82081E-2
4.90950E+11	1.43841E-8	-1.72913E+1	-5.94823E-2	1.22964E-1
4.91125E+11	1.30313E-8	-1.95996E+1	-8.52351E-2	-6.08336E-2
4.91300E+11	1.27146E-8	-2.03805E+1	6.05043E-2	-7.41640E-2
4.91475E+11	1.14651E-8	-2.06295E+1	6.83287E-2	6.31026E-2
4.91650E+11	1.01296E-8	-2.06478E+1	-6.63683E-2	6.48803E-2
4.91825E+11	1.05076E-8	-2.04284E+1	-6.45949E-2	-6.99153E-2
4.92000E+11	9.05046E-9	-1.99045E+1	8.79392E-2	-4.98893E-2
4.92175E+11	8.30813E-9	-1.94847E+1	1.62458E-2	1.04861E-1
4.92350E+11	8.68264E-9	-1.96508E+1	-1.03844E-1	-7.32683E-3
4.92525E+11	6.75791E-9	-1.96622E+1	2.66032E-2	-1.00505E-1
4.92700E+11	5.99254E-9	-1.96232E+1	9.39649E-2	4.55748E-2
4.92875E+11	3.95156E-9	-2.01506E+1	-5.75806E-2	7.96475E-2
4.93050E+11	3.02056E-9	-2.02552E+1	-6.57985E-2	-7.14128E-2
4.93225E+11	2.27166E-9	-2.06604E+1	7.83162E-2	-4.95572E-2
4.93400E+11	3.27329E-9	-2.02117E+1	2.68662E-2	9.38217E-2
4.93575E+11	2.89507E-9	-2.04516E+1	-9.48974E-2	-2.62875E-3
4.93750E+11	2.36624E-9	-2.02975E+1	2.92742E-2	-9.20921E-2
4.93925E+11	2.49351E-9	-2.00849E+1	8.37294E-2	5.28755E-2
4.94100E+11	3.19756E-9	-2.01066E+1	-7.31859E-2	6.63426E-2
4.94275E+11	4.42862E-9	-2.07047E+1	-4.28425E-2	-8.16503E-2
4.94450E+11	6.15207E-9	-2.08902E+1	8.41616E-2	-3.26101E-2
4.94625E+11	6.86465E-9	-2.11341E+1	2.06147E-2	8.53043E-2
4.94800E+11	7.38917E-9	-2.13756E+1	-8.52705E-2	-3.76416E-3
4.94975E+11	7.82415E-9	-2.12922E+1	3.14230E-2	-8.02439E-2
4.95150E+11	6.09426E-9	-2.13042E+1	6.17786E-2	5.99113E-2
4.95325E+11	6.20918E-9	-2.13197E+1	-5.21860E-2	6.82363E-2
4.95500E+11	5.48454E-9	-2.18442E+1	-5.33001E-2	-6.08201E-2
4.95675E+11	6.07360E-9	-2.21446E+1	7.39885E-2	-2.50741E-2
4.95850E+11	5.43094E-9	-2.30900E+1	-1.31812E-2	6.88140E-2
4.96025E+11	5.21235E-9	-2.34077E+1	-6.13459E-2	-2.82749E-2
4.96200E+11	4.62632E-9	-2.36735E+1	4.43456E-2	-4.82219E-2
4.96375E+11	3.97019E-9	-2.39559E+1	2.98345E-2	5.59608E-2
4.96550E+11	3.86141E-9	-2.40401E+1	-6.12363E-2	1.39502E-2
4.96725E+11	3.24334E-9	-2.40489E+1	-6.38572E-3	-6.24159E-2
4.96900E+11	3.26459E-9	-2.41427E+1	6.19323E-2	4.09454E-3
4.97075E+11	2.67740E-9	-2.43718E+1	-1.41222E-2	5.87792E-2
4.97250E+11	2.58262E-9	-2.45356E+1	-5.44661E-2	-2.35073E-2
4.97425E+11	2.02629E-9	-2.49944E+1	3.63774E-2	-4.29305E-2
4.97600E+11	1.83248E-9	-2.56767E+1	2.87525E-2	4.33507E-2
4.97775E+11	1.27001E-9	-2.61832E+1	-4.61626E-2	1.66476E-2
4.97950E+11	1.14550E-9	-2.60251E+1	-1.02530E-2	-4.89113E-2
4.98125E+11	7.28187E-10	-2.68015E+1	4.56242E-2	-2.65088E-3
4.98300E+11	7.73046E-10	-2.63286E+1	-3.26048E-3	4.81476E-2
4.98475E+11	7.09724E-10	-2.69315E+1	-4.13699E-2	-1.77633E-2
4.98650E+11	6.48102E-10	-2.73585E+1	2.57610E-2	-3.42567E-2
4.98825E+11	6.09724E-10	-2.74160E+1	2.75442E-2	3.24707E-2
4.99000E+11	4.69812E-10	-2.84598E+1	-3.17310E-2	2.04647E-2
4.99175E+11	5.16472E-10	-2.86201E+1	-9.08094E-3	-3.59381E-2
4.99350E+11	4.89873E-10	-2.84234E+1	3.60641E-2	-1.17076E-2
4.99525E+11	4.11879E-10	-2.90381E+1	5.72904E-3	3.48583E-2
4.99700E+11	3.82987E-10	-2.92910E+1	-3.37033E-2	-6.43644E-3
4.99875E+11	4.12309E-10	-2.94844E+1	2.69936E-2	-1.99347E-2
5.00050E+11	3.21985E-10	-3.04610E+1	2.92017E-3	2.98458E-2
5.00225E+11	2.74538E-10	-3.08926E+1	-2.64237E-2	-1.07707E-2
5.00400E+11	3.83545E-10	-3.14959E+1	1.28542E-2	-2.33106E-2
5.00575E+11	4.38354E-10	-3.20826E+1	1.82658E-2	1.68947E-2
5.00750E+11	4.30996E-10	-3.23627E+1	-2.01807E-2	1.31585E-2
5.00925E+11	4.19680E-10	-3.25271E+1	-4.76022E-3	-2.31555E-2
5.01100E+11	4.43102E-10	-3.27770E+1	2.20082E-2	6.57519E-3
5.01275E+11	3.40892E-10	-3.35779E+1	-1.44498E-2	1.51641E-2
5.01450E+11	1.68408E-10	-3.67341E+1	-6.98288E-3	-1.27813E-2
5.01625E+11	1.58269E-10	-3.66836E+1	1.34360E-2	-5.83802E-3
5.01800E+11	6.98589E-11	-3.86467E+1	1.19513E-3	1.16247E-2
5.01975E+11	6.62158E-11	-3.61567E+1	-1.53882E-2	-2.34281E-3
5.02150E+11	3.39000E-11	-3.52984E+1	1.10727E-2	-1.31387E-2
5.02325E+11	2.47646E-11	-3.47239E+1	3.15499E-3	1.80839E-2
5.02500E+11	4.50989E-12	-4.03654E+1	-8.69555E-3	-4.03969E-3
5.02675E+11	1.41794E-11	-3.39847E+1	1.59890E-2	-1.19943E-2
5.02850E+11	5.64864E-12	-3.59135E+1	7.36423E-4	1.59906E-2
5.03025E+11	4.30601E-12	-3.57413E+1	-1.30805E-2	-9.77265E-3
5.03200E+11	5.54592E-12	-3.28908E+1	2.26316E-2	1.32655E-3
5.03375E+11	1.31483E-11	-2.98541E+1	-1.32732E-2	2.92914E-2
5.03550E+11	2.94714E-11	-2.79891E+1	-6.93805E-3	-3.92523E-2
5.03725E+11	4.54730E-11	-2.50547E+1	5.47170E-2	1.13460E-2
5.03900E+11	5.15527E-11	-2.51784E+1	-3.90516E-2	3.88588E-2
5.04075E+11	1.27890E-10	-2.33038E+1	-3.29013E-2	-5.99228E-2
5.04250E+11	1.89420E-10	-2.31725E+1	6.82816E-2	-1.24237E-2
5.04425E+11	2.03651E-10	-2.37518E+1	-2.22893E-2	6.09786E-2
5.04600E+11	3.16281E-10	-2.45333E+1	-3.66602E-2	-4.66587E-2
5.04775E+11	3.47538E-10	-2.55979E+1	5.24452E-2	-2.25468E-3
5.04950E+11	4.04623E-10	-2.65700E+1	-1.81866E-2	4.32688E-2
5.05125E+11	4.12826E-10	-2.78242E+1	-3.36141E-2	-2.28137E-2
5.05300E+11	5.26607E-10	-2.74663E+1	3.13580E-2	-2.84394E-2
5.05475E+11	6.29149E-10	-2.67226E+1	3.29421E-2	3.22752E-2
5.05650E+11	7.19880E-10	-2.63075E+1	-3.78281E-2	3.01529E-2
5.05825E+11	8.33798E-10	-2.48669E+1	-1.80391E-2	-5.41784E-2
5.06000E+11	9.66519E-10	-2.38902E+1	5.95113E-2	2.32686E-2
5.06175E+11	1.35448E-9	-2.36963E+1	-3.88326E-2	5.25493E-2
5.06350E+11	1.56759E-9	-2.31027E+1	-4.31052E-2	-5.51061E-2
5.06525E+11	2.13915E-9	-2.27844E+1	6.77708E-2	-2.59624E-2
5.06700E+11	2.55191E-9	-2.31411E+1	1.43019E-2	6.81694E-2
5.06875E+11	3.15997E-9	-2.37101E+1	-6.50584E-2	4.82540E-3
5.07050E+11	2.74433E-9	-2.38444E+1	5.90388E-3	-6.39640E-2
5.07225E+11	3.32335E-9	-2.39359E+1	6.22889E-2	1.26625E-2
5.07400E+11	4.11747E-9	-2.35529E+1	-2.37102E-2	6.20533E-2
5.07575E+11	5.48316E-9	-2.29596E+1	-6.33311E-2	-3.23713E-2
5.07750E+11	4.80282E-9	-2.32332E+1	4.05233E-2	-5.57474E-2
5.07925E+11	5.61388E-9	-2.32234E+1	5.35972E-2	4.34498E-2
5.08100E+11	5.56217E-9	-2.33414E+1	-4.51911E-2	5.08993E-2
5.08275E+11	5.89645E-9	-2.34829E+1	-4.77644E-2	-4.69360E-2
5.08450E+11	5.12963E-9	-2.34106E+1	5.32822E-2	-4.14825E-2
5.08625E+11	6.28906E-9	-2.32155E+1	2.63950E-2	6.38164E-2
5.08800E+11	5.90745E-9	-2.28793E+1	-7.16831E-2	3.83161E-3
5.08975E+11	5.69897E-9	-2.26828E+1	1.40341E-2	-7.20738E-2
5.09150E+11	5.42360E-9	-2.22285E+1	7.33645E-2	2.45733E-2
5.09325E+11	5.58661E-9	-2.16963E+1	-3.86710E-2	7.26032E-2
5.09500E+11	3.68367E-9	-2.16969E+1	-7.00015E-2	-4.31909E-2
5.09675E+11	4.02112E-9	-2.15012E+1	5.42343E-2	-6.43127E-2
5.09850E+11	2.67394E-9	-2.14016E+1	5.21418E-2	6.72522E-2
5.10025E+11	2.84984E-9	-2.12248E+1	-7.73567E-2	3.94788E-2
5.10200E+11	4.60597E-9	-2.02941E+1	-2.03700E-2	-9.44998E-2
5.10375E+11	5.34020E-9	-1.92684E+1	1.08528E-1	7.51819E-3
5.10550E+11	5.09438E-9	-1.86886E+1	-3.65107E-2	1.10418E-1
5.10725E+11	5.25756E-9	-1.85487E+1	-9.86616E-2	-6.50685E-2
5.10900E+11	6.15626E-9	-1.83288E+1	8.71075E-2	-8.42946E-2
5.11075E+11	6.30043E-9	-1.85989E+1	6.74978E-2	9.61836E-2
5.11250E+11	6.15988E-9	-1.87889E+1	-1.01770E-1	5.34728E-2
5.11425E+11	5.40568E-9	-1.87272E+1	-3.73703E-2	-1.09585E-1
5.11600E+11	4.48857E-9	-1.89471E+1	1.10174E-1	-2.46022E-2
5.11775E+11	5.82815E-9	-1.85746E+1	2.17443E-2	1.15811E-1
5.11950E+11	5.08751E-9	-1.84923E+1	-1.17320E-1	1.96552E-2
5.12125E+11	5.87598E-9	-1.81661E+1	2.30221E-3	-1.23487E-1
5.12300E+11	7.35747E-9	-1.80722E+1	1.19496E-1	3.61710E-2
5.12475E+11	7.90523E-9	-1.80518E+1	-6.59660E-2	1.06347E-1
5.12650E+11	7.36837E-9	-1.83109E+1	-8.59016E-2	-8.58774E-2
5.12825E+11	7.56659E-9	-1.84253E+1	9.18239E-2	-7.70640E-2
5.13000E+11	8.73017E-9	-1.86416E+1	6.31145E-2	9.84318E-2
5.13175E+11	1.11765E-8	-1.83630E+1	-1.04963E-1	5.96717E-2
5.13350E+11	1.40434E-8	-1.79575E+1	-4.92864E-2	-1.16514E-1
5.13525E+11	1.74249E-8	-1.73973E+1	1.29803E-1	-3.68703E-2
5.13700E+11	1.83701E-8	-1.66390E+1	2.36239E-2	1.45341E-1
5.13875E+11	1.91632E-8	-1.62182E+1	-1.54320E-1	8.56155E-3
5.14050E+11	1.66624E-8	-1.59796E+1	1.46651E-2	-1.58184E-1
5.14225E+11	1.73139E-8	-1.59195E+1	1.56379E-1	3.36820E-2
5.14400E+11	1.37683E-8	-1.59794E+1	-5.41218E-2	1.49362E-1
5.14575E+11	1.19270E-8	-1.56964E+1	-1.40014E-1	-8.56366E-2
5.14750E+11	1.01722E-8	-1.56087E+1	1.14104E-1	-1.20282E-1
5.14925E+11	8.80860E-9	-1.49257E+1	1.12075E-1	1.40026E-1
5.15100E+11	9.19988E-9	-1.45729E+1	-1.57472E-1	1.00464E-1
5.15275E+11	9.71209E-9	-1.43381E+1	-9.23011E-2	-1.68255E-1
5.15450E+11	9.60825E-9	-1.43599E+1	1.71442E-1	-8.51618E-2
5.15625E+11	9.01889E-9	-1.44896E+1	7.38486E-2	1.73531E-1
5.15800E+11	8.64508E-9	-1.45921E+1	-1.80177E-1	4.76785E-2
5.15975E+11	7.65324E-9	-1.47952E+1	-1.83175E-2	-1.81146E-1
5.16150E+11	8.74774E-9	-1.46012E+1	1.85666E-1	1.38640E-2
5.16325E+11	1.09665E-8	-1.44837E+1	-3.73189E-2	1.84993E-1
5.16500E+11	1.36077E-8	-1.41469E+1	-1.88214E-1	-5.53320E-2
5.16675E+11	1.84660E-8	-1.39785E+1	7.73023E-2	-1.84480E-1
5.16850E+11	2.06344E-8	-1.41510E+1	1.68144E-1	1.00885E-1
5.17025E+11	2.24436E-8	-1.44210E+1	-1.34424E-1	1.34397E-1
5.17200E+11	2.20605E-8	-1.47264E+1	-8.71281E-2	-1.61518E-1
5.17375E+11	2.34681E-8	-1.48320E+1	1.76286E-1	-4.23459E-2
5.17550E+11	2.54935E-8	-1.47029E+1	4.58119E-3	1.83958E-1
5.17725E+11	3.37247E-8	-1.45786E+1	-1.85735E-1	-1.86341E-2
5.17900E+11	3.52950E-8	-1.41801E+1	4.00699E-2	-1.91281E-1
5.18075E+11	4.16838E-8	-1.36521E+1	1.94956E-1	7.15784E-2
5.18250E+11	4.35263E-8	-1.32625E+1	-1.22615E-1	1.79291E-1
5.18425E+11	5.03733E-8	-1.31447E+1	-1.36523E-1	-1.72737E-1
5.18600E+11	5.46805E-8	-1.30357E+1	2.06091E-1	-8.50551E-2
5.18775E+11	5.46757E-8	-1.31065E+1	4.15431E-2	2.17208E-1
5.18950E+11	5.60526E-8	-1.32481E+1	-2.16426E-1	2.22667E-2
5.19125E+11	6.85133E-8	-1.31054E+1	3.13738E-3	-2.21149E-1
5.19300E+11	7.43849E-8	-1.27538E+1	2.24461E-1	5.15717E-2
5.19475E+11	8.33400E-8	-1.24634E+1	-1.18457E-1	2.06588E-1
5.19650E+11	8.29827E-8	-1.24849E+1	-1.37811E-1	-1.93488E-1
5.19825E+11	8.69904E-8	-1.27591E+1	2.26546E-1	-4.06742E-2
5.20000E+11	9.03819E-8	-1.32470E+1	-4.67945E-2	2.12505E-1
5.20175E+11	8.18384E-8	-1.35236E+1	-1.80592E-1	-1.08688E-1
5.20350E+11	8.10005E-8	-1.35615E+1	1.49213E-1	-1.47565E-1
5.20525E+11	9.39576E-8	-1.34354E+1	1.15279E-1	1.79020E-1
5.20700E+11	9.74110E-8	-1.31814E+1	-2.05940E-1	7.52186E-2
5.20875E+11	9.76772E-8	-1.26932E+1	-1.82982E-2	-2.31199E-1
5.21050E+11	9.93535E-8	-1.24488E+1	2.33857E-1	4.70298E-2
5.21225E+11	9.75127E-8	-1.23937E+1	-1.25180E-1	2.04835E-1
5.21400E+11	7.77688E-8	-1.26461E+1	-1.64665E-1	-1.65103E-1
5.21575E+11	7.34268E-8	-1.30229E+1	1.96536E-1	-1.05962E-1
5.21750E+11	6.76657E-8	-1.32125E+1	5.67731E-2	2.10955E-1
5.21925E+11	6.90173E-8	-1.33101E+1	-2.15640E-1	1.28016E-2
5.22100E+11	6.66844E-8	-1.30900E+1	4.02652E-2	-2.17874E-1
5.22275E+11	7.04996E-8	-1.25854E+1	2.06649E-1	1.11512E-1
5.22450E+11	6.74729E-8	-1.23754E+1	-1.91131E-1	1.46080E-1
5.22625E+11	7.36163E-8	-1.21162E+1	-7.42166E-2	-2.36478E-1
5.22800E+11	7.22480E-8	-1.23580E+1	2.39754E-1	2.49187E-2
5.22975E+11	6.61980E-8	-1.25669E+1	-1.22209E-1	2.01096E-1
5.23150E+11	6.71054E-8	-1.26332E+1	-1.48202E-1	-1.80477E-1
5.23325E+11	6.35562E-8	-1.27235E+1	2.12629E-1	-9.05653E-2
5.23500E+11	6.90568E-8	-1.24157E+1	5.37467E-2	2.33341E-1
5.23675E+11	7.76090E-8	-1.16846E+1	-2.60215E-1	1.16659E-2
5.23850E+11	8.47842E-8	-1.09721E+1	7.05077E-2	-2.73813E-1
5.24025E+11	9.11028E-8	-1.06648E+1	2.41980E-1	1.65079E-1
5.24200E+11	7.91984E-8	-1.06538E+1	-2.32109E-1	1.79302E-1
5.24375E+11	7.77497E-8	-1.09710E+1	-1.27500E-1	-2.52405E-1
5.24550E+11	6.65169E-8	-1.14854E+1	2.53389E-1	-8.26257E-2
5.24725E+11	5.91888E-8	-1.18643E+1	6.18840E-2	2.47527E-1
5.24900E+11	6.01958E-8	-1.20852E+1	-2.41066E-1	6.12941E-2
5.25075E+11	5.87523E-8	-1.19143E+1	-8.38046E-2	-2.39436E-1
5.25250E+11	7.27727E-8	-1.17087E+1	2.54822E-1	-5.03782E-2
5.25425E+11	9.47593E-8	-1.15968E+1	-5.26882E-2	2.57794E-1
5.25600E+11	1.12300E-7	-1.17268E+1	-2.08700E-1	-1.53745E-1
5.25775E+11	1.03017E-7	-1.23834E+1	2.04114E-1	-1.26892E-1
5.25950E+11	9.78652E-8	-1.28160E+1	6.71581E-2	2.18582E-1
5.26125E+11	8.23690E-8	-1.31996E+1	-2.15642E-1	3.69591E-2
5.26300E+11	8.53274E-8	-1.31740E+1	-1.14276E-3	-2.19429E-1
5.26475E+11	9.99349E-8	-1.28157E+1	2.21709E-1	5.60085E-2
5.26650E+11	8.81086E-8	-1.24215E+1	-1.53664E-1	1.83430E-1
5.26825E+11	8.77036E-8	-1.21098E+1	-8.46513E-2	-2.33140E-1
5.27000E+11	1.08520E-7	-1.20146E+1	2.48061E-1	3.67422E-2
5.27175E+11	9.88436E-8	-1.22929E+1	-1.13914E-1	2.14486E-1
5.27350E+11	7.75822E-8	-1.26885E+1	-1.69612E-1	-1.58358E-1
5.27525E+11	7.04753E-8	-1.30468E+1	1.82383E-1	-1.27743E-1
5.27700E+11	5.50397E-8	-1.34315E+1	7.19145E-2	2.00515E-1
5.27875E+11	5.29646E-8	-1.35801E+1	-2.09326E-1	5.90846E-3
5.28050E+11	6.10287E-8	-1.30516E+1	6.73097E-2	-2.12124E-1
5.28225E+11	6.42814E-8	-1.23870E+1	1.85761E-1	1.52347E-1
5.28400E+11	6.86453E-8	-1.20688E+1	-2.05636E-1	1.40777E-1
5.28575E+11	6.13680E-8	-1.21197E+1	-1.12092E-1	-2.20943E-1
5.28750E+11	6.89027E-8	-1.22468E+1	2.26276E-1	-9.17012E-2
5.28925E+11	7.15567E-8	-1.22855E+1	6.55212E-2	2.34070E-1
5.29100E+11	8.33142E-8	-1.24208E+1	-2.38892E-1	1.41472E-2
5.29275E+11	7.50085E-8	-1.25073E+1	6.39208E-2	-2.28153E-1
5.29450E+11	9.00194E-8	-1.25122E+1	1.89346E-1	1.42212E-1
5.29625E+11	8.15639E-8	-1.24781E+1	-2.00393E-1	1.27909E-1
5.29800E+11	8.14577E-8	-1.25076E+1	-6.25319E-2	-2.28530E-1
5.29975E+11	6.45495E-8	-1.30354E+1	2.21810E-1	-2.26275E-2
5.30150E+11	5.72956E-8	-1.38182E+1	-2.28117E-6	2.03746E-1
5.30325E+11	4.67111E-8	-1.45758E+1	-1.85478E-1	-2.15707E-2
5.30500E+11	3.60008E-8	-1.52812E+1	5.60458E-2	-1.62785E-1
5.30675E+11	2.88916E-8	-1.56952E+1	1.35183E-1	9.31153E-2
5.30850E+11	3.45013E-8	-1.53470E+1	-1.29055E-1	1.11978E-1
5.31025E+11	3.60211E-8	-1.47972E+1	-7.67669E-2	-1.65050E-1
5.31200E+11	4.45810E-8	-1.41460E+1	1.90564E-1	-4.66916E-2
5.31375E+11	4.71217E-8	-1.37837E+1	2.47749E-2	2.03051E-1
5.31550E+11	5.22890E-8	-1.35800E+1	-2.09051E-1	-1.22913E-2
5.31725E+11	6.05086E-8	-1.33921E+1	7.30155E-2	-2.01147E-1
5.31900E+11	5.69092E-8	-1.34021E+1	1.61137E-1	1.40434E-1
5.32075E+11	6.24888E-8	-1.34170E+1	-1.86885E-1	1.02978E-1
5.32250E+11	6.32463E-8	-1.33862E+1	-5.99136E-2	-2.05585E-1
5.32425E+11	6.36802E-8	-1.31502E+1	2.15544E-1	-4.42261E-2
5.32600E+11	7.83492E-8	-1.26984E+1	3.29750E-2	2.29423E-1
5.32775E+11	8.35690E-8	-1.27274E+1	-2.30978E-1	3.88596E-3
5.32950E+11	8.68736E-8	-1.34117E+1	1.91009E-2	-2.12651E-1
5.33125E+11	6.62653E-8	-1.39296E+1	1.95387E-1	4.78089E-2
5.33300E+11	6.38840E-8	-1.40983E+1	-8.16006E-2	1.79613E-1
5.33475E+11	6.19084E-8	-1.42327E+1	-1.62495E-1	-1.06440E-1
5.33650E+11	6.63888E-8	-1.38646E+1	1.23529E-1	-1.60662E-1
5.33825E+11	8.10233E-8	-1.35567E+1	1.56416E-1	1.40082E-1
5.34000E+11	8.14970E-8	-1.31886E+1	-1.66849E-1	1.41953E-1
5.34175E+11	9.23513E-8	-1.27706E+1	-1.17984E-1	-1.97273E-1
5.34350E+11	1.01113E-7	-1.27455E+1	2.21797E-1	-6.28495E-2
5.34525E+11	1.03399E-7	-1.29668E+1	-2.22289E-3	2.24720E-1
5.34700E+11	9.02836E-8	-1.34365E+1	-2.04543E-1	-5.90666E-2
5.34875E+11	7.39762E-8	-1.41311E+1	9.24767E-2	-1.73420E-1
5.35050E+11	6.66724E-8	-1.45073E+1	1.55190E-1	1.06479E-1
5.35225E+11	7.57871E-8	-1.44230E+1	-1.10259E-1	1.54788E-1
5.35400E+11	7.97183E-8	-1.37957E+1	-1.57406E-1	-1.30198E-1
5.35575E+11	9.89541E-8	-1.35147E+1	1.59362E-1	-1.38279E-1
5.35750E+11	1.11666E-7	-1.35767E+1	9.54569E-2	1.86478E-1
5.35925E+11	1.05940E-7	-1.38052E+1	-1.99361E-1	4.34958E-2
5.36100E+11	1.05284E-7	-1.40057E+1	1.70594E-2	-1.98663E-1
5.36275E+11	1.02368E-7	-1.42846E+1	1.76414E-1	7.85087E-2
5.36450E+11	1.03593E-7	-1.43355E+1	-1.25903E-1	1.44913E-1
5.36625E+11	1.12721E-7	-1.41486E+1	-1.10219E-1	-1.62245E-1
5.36800E+11	1.10498E-7	-1.36788E+1	1.94999E-1	-6.95825E-2
5.36975E+11	1.33355E-7	-1.29247E+1	1.92424E-2	2.25000E-1
5.37150E+11	1.38123E-7	-1.25929E+1	-2.31035E-1	-4.08264E-2
5.37325E+11	1.28274E-7	-1.28677E+1	1.02982E-1	-2.02641E-1
5.37500E+11	1.08114E-7	-1.32089E+1	1.52113E-1	1.56928E-1
5.37675E+11	9.84565E-8	-1.35291E+1	-1.88327E-1	9.43578E-2
5.37850E+11	8.55667E-8	-1.37980E+1	-3.73013E-2	-2.00786E-1
5.38025E+11	8.63255E-8	-1.37169E+1	2.05735E-1	1.28670E-2
5.38200E+11	8.35766E-8	-1.32130E+1	-5.95016E-2	2.10189E-1
5.38375E+11	1.10609E-7	-1.24619E+1	-2.10072E-1	-1.12246E-1
5.38550E+11	1.17751E-7	-1.19708E+1	1.72054E-1	-1.84171E-1
5.38725E+11	1.38372E-7	-1.18553E+1	1.16352E-1	2.27366E-1
5.38900E+11	1.16655E-7	-1.20351E+1	-2.48270E-1	3.08067E-2
5.39075E+11	1.16416E-7	-1.25723E+1	6.25878E-2	-2.26689E-1
5.39250E+11	9.06285E-8	-1.32092E+1	1.72452E-1	1.34245E-1
5.39425E+11	8.10420E-8	-1.38956E+1	-1.61737E-1	1.20915E-1
5.39600E+11	7.30758E-8	-1.42531E+1	-9.69324E-2	-1.67812E-1
5.39775E+11	7.96834E-8	-1.38950E+1	1.87142E-1	-7.59154E-2
5.39950E+11	9.99135E-8	-1.34900E+1	3.42366E-2	2.08804E-1
5.40125E+11	8.64490E-8	-1.35754E+1	-2.07705E-1	-2.75252E-2
5.40300E+11	9.43473E-8	-1.39128E+1	8.73222E-2	-1.81639E-1
5.40475E+11	8.29619E-8	-1.41001E+1	1.43976E-1	1.34813E-1
5.40650E+11	8.93598E-8	-1.41980E+1	-1.64277E-1	1.05115E-1
5.40825E+11	9.21845E-8	-1.42313E+1	-8.12007E-2	-1.76500E-1
5.41000E+11	8.94823E-8	-1.42547E+1	1.76361E-1	-8.02499E-2
5.41175E+11	8.54816E-8	-1.39770E+1	7.47133E-2	1.85580E-1
5.41350E+11	1.01498E-7	-1.32920E+1	-2.07858E-1	6.04524E-2
5.41525E+11	1.15461E-7	-1.29724E+1	-1.59853E-2	-2.24014E-1
5.41700E+11	1.12277E-7	-1.30484E+1	2.19042E-1	3.97963E-2
5.41875E+11	9.15254E-8	-1.34571E+1	-7.40269E-2	1.99079E-1
5.42050E+11	8.26377E-8	-1.39422E+1	-1.76964E-1	-9.50154E-2
5.42225E+11	8.56778E-8	-1.42658E+1	1.08471E-1	-1.60254E-1
5.42400E+11	7.96898E-8	-1.44768E+1	1.43818E-1	1.22423E-1
5.42575E+11	7.69290E-8	-1.42317E+1	-1.51617E-1	1.21470E-1
5.42750E+11	9.18297E-8	-1.38777E+1	-6.73091E-2	-1.90832E-1
5.42925E+11	9.18286E-8	-1.38376E+1	2.02987E-1	1.11381E-2
5.43100E+11	8.83094E-8	-1.38084E+1	-9.07066E-2	1.82699E-1
5.43275E+11	9.12155E-8	-1.38278E+1	-1.41150E-1	-1.46621E-1
5.43450E+11	9.85112E-8	-1.38235E+1	1.84599E-1	-8.59400E-2
5.43625E+11	8.50962E-8	-1.38731E+1	2.60702E-2	2.00778E-1
5.43800E+11	8.14005E-8	-1.41891E+1	-1.92889E-1	-3.01353E-2
5.43975E+11	8.04557E-8	-1.44444E+1	8.46735E-2	-1.69613E-1
5.44150E+11	9.32218E-8	-1.41870E+1	1.37352E-1	1.38807E-1
5.44325E+11	8.83331E-8	-1.39141E+1	-1.82820E-1	8.47540E-2
5.44500E+11	9.23825E-8	-1.39913E+1	-1.42500E-2	-1.99218E-1
5.44675E+11	8.72224E-8	-1.44895E+1	1.84735E-1	3.79541E-2
5.44850E+11	6.95721E-8	-1.51680E+1	-6.02990E-2	1.63666E-1
5.45025E+11	6.43076E-8	-1.54484E+1	-1.49652E-1	-7.82640E-2
5.45200E+11	6.67260E-8	-1.56878E+1	9.32540E-2	-1.35258E-1
5.45375E+11	6.15342E-8	-1.56999E+1	1.20574E-1	1.11255E-1
5.45550E+11	7.38070E-8	-1.50972E+1	-1.38162E-1	1.08785E-1
5.45725E+11	7.71476E-8	-1.48362E+1	-7.31005E-2	-1.65814E-1
5.45900E+11	7.29917E-8	-1.46100E+1	1.83341E-1	-3.13072E-2
5.46075E+11	7.17359E-8	-1.44895E+1	-6.53451E-3	1.88479E-1
5.46250E+11	7.10300E-8	-1.46144E+1	-1.80696E-1	-4.36756E-2
5.46425E+11	6.95462E-8	-1.44729E+1	8.30724E-2	-1.69712E-1
5.46600E+11	6.75136E-8	-1.46332E+1	1.37906E-1	1.24062E-1
5.46775E+11	6.13718E-8	-1.47501E+1	-1.55033E-1	9.72662E-2
5.46950E+11	5.28437E-8	-1.45928E+1	-3.93969E-2	-1.82152E-1
5.47125E+11	6.17124E-8	-1.39990E+1	1.97760E-1	2.66602E-2
5.47300E+11	5.86822E-8	-1.36290E+1	-1.02090E-1	1.81490E-1
5.47475E+11	5.07689E-8	-1.34983E+1	-1.36044E-1	-1.61797E-1
5.47650E+11	4.88779E-8	-1.37547E+1	1.83898E-1	-9.11346E-2
5.47825E+11	4.14018E-8	-1.39857E+1	5.55288E-2	1.91986E-1
5.48000E+11	3.79621E-8	-1.43825E+1	-1.90192E-1	1.67791E-2
5.48175E+11	3.20823E-8	-1.46487E+1	2.76005E-2	-1.83099E-1
5.48350E+11	3.13470E-8	-1.48387E+1	1.67588E-1	6.88014E-2
5.48525E+11	3.36765E-8	-1.47691E+1	-1.01257E-1	1.51977E-1
5.48700E+11	3.38543E-8	-1.47839E+1	-1.22229E-1	-1.35262E-1
5.48875E+11	3.40114E-8	-1.49254E+1	1.53009E-1	-9.35901E-2
5.49050E+11	2.94104E-8	-1.54630E+1	6.61363E-2	1.55084E-1
5.49225E+11	2.95191E-8	-1.57172E+1	-1.55624E-1	5.08960E-2
5.49400E+11	2.74650E-8	-1.59523E+1	-2.90240E-2	-1.56696E-1
5.49575E+11	2.93805E-8	-1.61478E+1	1.55806E-1	-1.58556E-3
5.49750E+11	2.56908E-8	-1.64122E+1	-2.52351E-2	1.49023E-1
5.49925E+11	2.79287E-8	-1.63569E+1	-1.42474E-1	-5.32747E-2
5.50100E+11	3.10341E-8	-1.61083E+1	7.95705E-2	-1.34791E-1
5.50275E+11	3.14458E-8	-1.58800E+1	1.19724E-1	1.07186E-1
5.50450E+11	3.39770E-8	-1.59881E+1	-1.33714E-1	8.54880E-2
5.50625E+11	3.85513E-8	-1.61007E+1	-4.65140E-2	-1.49597E-1
5.50800E+11	3.20105E-8	-1.64066E+1	1.51179E-1	-4.33831E-3
5.50975E+11	3.16091E-8	-1.67993E+1	-3.47297E-2	1.40322E-1
5.51150E+11	3.33378E-8	-1.70740E+1	-1.23433E-1	-6.61789E-2
5.51325E+11	3.73620E-8	-1.72530E+1	8.42659E-2	-1.08271E-1
5.51500E+11	3.29709E-8	-1.73306E+1	9.35930E-2	9.86437E-2
5.51675E+11	3.14439E-8	-1.73113E+1	-1.13288E-1	7.57513E-2
5.51850E+11	2.74765E-8	-1.75231E+1	-5.39267E-2	-1.21575E-1
5.52025E+11	2.66481E-8	-1.79028E+1	1.25858E-1	-1.91703E-2
5.52200E+11	2.64347E-8	-1.83019E+1	-8.04105E-3	1.21325E-1
5.52375E+11	2.31930E-8	-1.85586E+1	-1.14158E-1	-3.00712E-2
5.52550E+11	2.40181E-8	-1.89486E+1	4.67239E-2	-1.02742E-1
5.52725E+11	2.25435E-8	-1.94060E+1	8.86006E-2	6.01295E-2
5.52900E+11	2.00909E-8	-1.97958E+1	-7.50250E-2	6.96605E-2
5.53075E+11	1.83082E-8	-2.01668E+1	-4.37161E-2	-8.78187E-2
5.53250E+11	1.68855E-8	-2.05304E+1	9.29820E-2	-1.43040E-2
5.53425E+11	1.42687E-8	-2.12038E+1	-1.79708E-2	8.51832E-2
5.53600E+11	1.20076E-8	-2.17888E+1	-6.78109E-2	-4.50068E-2
5.53775E+11	9.11253E-9	-2.28007E+1	5.70282E-2	-4.46652E-2
5.53950E+11	8.20654E-9	-2.36435E+1	1.69712E-2	6.35112E-2
5.54125E+11	7.20232E-9	-2.42094E+1	-6.12154E-2	-6.80616E-3
5.54300E+11	5.81980E-9	-2.51093E+1	2.62620E-2	-4.89286E-2
5.54475E+11	4.55816E-9	-2.59909E+1	3.55544E-2	3.53982E-2
5.54650E+11	3.79643E-9	-2.67056E+1	-4.10487E-2	2.12180E-2
5.54825E+11	3.14414E-9	-2.76772E+1	-6.41904E-3	-4.08162E-2
5.55000E+11	2.27508E-9	-2.84146E+1	3.76908E-2	4.47226E-3
5.55175E+11	1.93197E-9	-2.93208E+1	-1.49865E-2	3.07359E-2
5.55350E+11	1.55023E-9	-3.02912E+1	-2.06398E-2	-2.25644E-2
5.55525E+11	1.15791E-9	-3.11096E+1	2.62852E-2	-9.14419E-3
5.55700E+11	1.11691E-9	-3.14874E+1	2.58029E-3	2.65206E-2
5.55875E+11	9.55332E-10	-3.24002E+1	-2.34462E-2	-5.06889E-3
5.56050E+11	7.46804E-10	-3.28140E+1	1.25252E-2	-1.91374E-2
5.56225E+11	6.63731E-10	-3.32161E+1	1.36921E-2	1.70113E-2
5.56400E+11	6.06312E-10	-3.35577E+1	-2.07607E-2	3.12819E-3
5.56575E+11	5.17946E-10	-3.40406E+1	7.77891E-3	-1.82726E-2
5.56750E+11	4.67092E-10	-3.44021E+1	1.27489E-2	1.41553E-2
5.56925E+11	4.10398E-10	-3.51188E+1	-1.60062E-2	7.17617E-3
5.57100E+11	4.82761E-10	-3.45025E+1	-8.65522E-4	-1.88112E-2
5.57275E+11	4.09324E-10	-3.46398E+1	1.76837E-2	5.55560E-3
5.57450E+11	3.56922E-10	-3.49371E+1	-1.07042E-2	1.43617E-2
5.57625E+11	4.78375E-10	-3.44915E+1	-7.77514E-3	-1.71772E-2
5.57800E+11	4.63335E-10	-3.39206E+1	2.01268E-2	-6.05698E-4
5.57975E+11	5.96400E-10	-3.28923E+1	-9.37985E-3	2.06346E-2
5.58150E+11	5.90055E-10	-3.26458E+1	-1.79424E-2	-1.48946E-2
5.58325E+11	8.52423E-10	-3.20283E+1	1.79918E-2	-1.74113E-2
5.58500E+11	9.78647E-10	-3.12337E+1	1.67137E-2	2.17570E-2
5.58675E+11	1.24910E-9	-3.03582E+1	-2.68711E-2	1.40985E-2
5.58850E+11	1.42827E-9	-2.95760E+1	-7.15136E-3	-3.24257E-2
5.59025E+11	1.69028E-9	-2.92622E+1	3.41131E-2	4.63353E-3
5.59200E+11	1.73082E-9	-2.87490E+1	-1.48838E-2	3.33511E-2
5.59375E+11	2.25557E-9	-2.78327E+1	-3.29883E-2	-2.36414E-2
5.59550E+11	2.91823E-9	-2.72324E+1	2.58977E-2	-3.49369E-2
5.59725E+11	3.81681E-9	-2.63785E+1	3.82482E-2	2.89704E-2
5.59900E+11	4.61396E-9	-2.54928E+1	-3.87771E-2	3.63232E-2
5.60075E+11	6.07578E-9	-2.48009E+1	-2.59271E-2	-5.13651E-2
5.60250E+11	7.10569E-9	-2.41545E+1	6.16968E-2	-5.95462E-3
5.60425E+11	8.91334E-9	-2.32969E+1	-1.31521E-2	6.71394E-2
5.60600E+11	9.86935E-9	-2.26351E+1	-6.93124E-2	-2.54354E-2
5.60775E+11	1.10476E-8	-2.20414E+1	2.91019E-2	-7.35039E-2
5.60950E+11	1.33785E-8	-2.12008E+1	8.16699E-2	3.02389E-2
5.61125E+11	1.43066E-8	-2.04189E+1	-4.33009E-2	8.48854E-2
5.61300E+11	1.57987E-8	-1.98619E+1	-7.33248E-2	-7.03327E-2
5.61475E+11	1.75255E-8	-1.92086E+1	1.01816E-1	-4.04024E-2
5.61650E+11	2.03731E-8	-1.89505E+1	-1.01266E-3	1.12839E-1
5.61825E+11	2.62285E-8	-1.85453E+1	-1.15819E-1	-2.37605E-2
5.62000E+11	2.63007E-8	-1.82652E+1	3.11797E-2	-1.18059E-1
5.62175E+11	2.85360E-8	-1.79934E+1	1.21162E-1	3.45349E-2
5.62350E+11	3.06496E-8	-1.75525E+1	-4.53861E-2	1.24536E-1
5.62525E+11	3.05056E-8	-1.71977E+1	-1.16138E-1	-7.46759E-2
5.62700E+11	3.93313E-8	-1.66451E+1	1.13727E-1	-9.33698E-2
5.62875E+11	3.82762E-8	-1.61357E+1	6.26979E-2	1.42882E-1
5.63050E+11	4.13813E-8	-1.59982E+1	-1.54061E-1	3.73430E-2
5.63225E+11	3.89079E-8	-1.57877E+1	-2.21828E-2	-1.60889E-1
5.63400E+11	3.78970E-8	-1.58275E+1	1.60550E-1	-1.89773E-2
5.63575E+11	4.23787E-8	-1.58813E+1	-1.49358E-2	1.59974E-1
5.63750E+11	4.18894E-8	-1.58263E+1	-1.40011E-1	-8.08763E-2
5.63925E+11	4.50075E-8	-1.58203E+1	1.31924E-1	-9.36817E-2
5.64100E+11	4.93400E-8	-1.57144E+1	3.75118E-2	1.59434E-1
5.64275E+11	5.24854E-8	-1.54296E+1	-1.69223E-1	-2.87356E-3
5.64450E+11	5.37217E-8	-1.54321E+1	2.21340E-2	-1.67744E-1
5.64625E+11	5.21237E-8	-1.54231E+1	1.65418E-1	3.63920E-2
5.64800E+11	5.16331E-8	-1.54801E+1	-6.17442E-2	1.56527E-1
5.64975E+11	5.17463E-8	-1.54420E+1	-1.27315E-1	-1.11148E-1
5.65150E+11	5.75089E-8	-1.51918E+1	1.59566E-1	-6.92486E-2
5.65325E+11	6.21060E-8	-1.49016E+1	-4.79173E-3	1.79790E-1
5.65500E+11	6.61380E-8	-1.43994E+1	-1.78182E-1	-6.75600E-2
5.65675E+11	7.47145E-8	-1.37441E+1	1.14945E-1	-1.70338E-1
5.65850E+11	7.84161E-8	-1.32719E+1	1.44330E-1	1.62005E-1
5.66025E+11	7.11691E-8	-1.32918E+1	-2.00252E-1	8.22274E-2
5.66200E+11	6.82601E-8	-1.34715E+1	3.05784E-3	-2.12021E-1
5.66375E+11	6.97978E-8	-1.35562E+1	1.90255E-1	8.88669E-2
5.66550E+11	6.95696E-8	-1.33808E+1	-1.55950E-1	1.46939E-1
5.66725E+11	6.31194E-8	-1.32624E+1	-1.15551E-1	-1.83926E-1
5.66900E+11	6.50763E-8	-1.29952E+1	2.05256E-1	-8.96894E-2
5.67075E+11	5.96927E-8	-1.26694E+1	5.33690E-2	2.26351E-1
5.67250E+11	6.77231E-8	-1.22327E+1	-2.44007E-1	-1.62755E-2
5.67425E+11	7.60473E-8	-1.19593E+1	1.29744E-1	-2.16463E-1
5.67600E+11	8.11425E-8	-1.18688E+1	1.29771E-1	2.19524E-1
5.67775E+11	7.81884E-8	-1.21469E+1	-2.43819E-1	3.93553E-2
5.67950E+11	7.35006E-8	-1.23928E+1	7.07757E-3	-2.39978E-1
5.68125E+11	7.87417E-8	-1.26136E+1	2.34056E-1	7.81367E-4
5.68300E+11	7.20944E-8	-1.27165E+1	-6.88108E-3	2.31197E-1
5.68475E+11	8.01267E-8	-1.25244E+1	-2.35278E-1	-2.37312E-2
5.68650E+11	8.69977E-8	-1.23577E+1	6.99916E-2	-2.30669E-1
5.68825E+11	8.20918E-8	-1.25881E+1	1.83591E-1	1.46282E-1
5.69000E+11	6.76973E-8	-1.31950E+1	-1.84132E-1	1.18381E-1
5.69175E+11	6.40209E-8	-1.36074E+1	-8.65682E-2	-1.89956E-1
5.69350E+11	6.59401E-8	-1.35331E+1	1.89879E-1	-9.09651E-2
5.69525E+11	6.88037E-8	-1.34521E+1	8.84453E-2	1.93240E-1
5.69700E+11	7.48840E-8	-1.34300E+1	-2.08832E-1	4.22262E-2
5.69875E+11	8.15204E-8	-1.31373E+1	5.00860E-2	-2.14594E-1
5.70050E+11	8.78522E-8	-1.26759E+1	1.63282E-1	1.65351E-1
5.70225E+11	1.05744E-7	-1.21267E+1	-2.42184E-1	5.12700E-2
5.70400E+11	1.16572E-7	-1.18109E+1	6.34522E-2	-2.48751E-1
5.70575E+11	1.00018E-7	-1.21427E+1	2.04209E-1	1.39123E-1
5.70750E+11	1.01784E-7	-1.26192E+1	-1.78900E-1	1.50687E-1
5.70925E+11	1.00262E-7	-1.27683E+1	-7.72266E-2	-2.16566E-1
5.71100E+11	9.97578E-8	-1.28291E+1	2.21990E-1	5.33900E-2
5.71275E+11	9.85649E-8	-1.25484E+1	-1.92099E-1	1.36780E-1
5.71450E+11	1.08364E-7	-1.22449E+1	4.14731E-3	-2.44171E-1
5.71625E+11	1.06257E-7	-1.20167E+1	2.20082E-1	1.20075E-1
5.71800E+11	1.04303E-7	-1.19392E+1	-1.84040E-1	1.73535E-1
5.71975E+11	1.04355E-7	-1.20546E+1	-1.19490E-1	-2.19157E-1
5.72150E+11	1.02817E-7	-1.19608E+1	2.47964E-1	-4.67089E-2
5.72325E+11	1.08849E-7	-1.17306E+1	-3.66531E-2	2.56496E-1
5.72500E+11	9.20808E-8	-1.18641E+1	-2.30428E-1	-1.09564E-1
5.72675E+11	8.16553E-8	-1.18660E+1	1.52070E-1	-2.04810E-1
5.72850E+11	9.29306E-8	-1.15358E+1	2.05989E-1	1.66681E-1
5.73025E+11	9.52675E-8	-1.13313E+1	-1.82416E-1	2.00807E-1
5.73200E+11	9.60186E-8	-1.11495E+1	-1.54204E-1	-2.30143E-1
5.73375E+11	7.45094E-8	-1.17629E+1	2.52852E-1	-5.19800E-2
5.73550E+11	7.15746E-8	-1.26784E+1	-5.09606E-2	2.26659E-1
5.73725E+11	6.26071E-8	-1.34359E+1	-1.84142E-1	-1.06884E-1
5.73900E+11	5.79038E-8	-1.36665E+1	1.23061E-1	-1.66865E-1
5.74075E+11	6.28576E-8	-1.36739E+1	1.71947E-1	1.15540E-1
5.74250E+11	6.39705E-8	-1.34886E+1	-1.03317E-1	1.84692E-1
5.74425E+11	7.16806E-8	-1.31618E+1	-1.85074E-1	-1.18464E-1
5.74600E+11	7.77420E-8	-1.28143E+1	1.91188E-1	-1.25521E-1
5.74775E+11	8.74144E-8	-1.26010E+1	-1.34848E-2	2.34009E-1
5.74950E+11	8.82384E-8	-1.26274E+1	-1.75495E-1	-1.54305E-1
5.75125E+11	8.40080E-8	-1.26183E+1	2.19460E-1	-8.09964E-2
5.75300E+11	7.81802E-8	-1.27729E+1	2.44811E-2	2.28494E-1
5.75475E+11	8.12248E-8	-1.28969E+1	-2.26522E-1	-3.27032E-3
5.75650E+11	8.05776E-8	-1.27033E+1	2.37278E-2	-2.30434E-1
5.75825E+11	8.77743E-8	-1.23581E+1	2.25480E-1	8.52074E-2
5.76000E+11	8.91299E-8	-1.20979E+1	-1.77758E-1	1.73467E-1
5.76175E+11	8.14408E-9	-1.21332E+1	-7.85565E-2	-2.34560E-1
5.76350E+11	1.32665E-9	-1.28749E+1	-1.63131E-1	1.58024E-1
5.76525E+11	3.98409E-9	-1.35227E+1	-1.36035E-1	-1.61028E-1
5.76700E+11	3.59445E-9	-1.36364E+1	1.51806E-1	-1.42276E-1
5.76875E+11	5.32589E-9	-1.29338E+1	1.46837E-1	1.71253E-1
5.77050E+11	4.64153E-9	-1.27353E+1	-1.96880E-1	1.20442E-1
5.77225E+11	3.85757E-9	-1.25728E+1	-5.77550E-2	-2.27956E-1
5.77400E+11	5.12934E-9	-1.20814E+1	2.37599E-1	7.39663E-2
5.77575E+11	5.49892E-9	-1.15274E+1	-1.40150E-1	2.25182E-1
5.77750E+11	9.44506E-9	-1.18345E+1	-2.08903E-1	-1.48009E-1
5.77925E+11	4.61613E-9	-1.21197E+1	1.19378E-1	-2.17092E-1
5.78100E+11	5.76134E-9	-1.25285E+1	2.08284E-1	1.11734E-1
5.78275E+11	5.48350E-9	-1.32248E+1	-1.44312E-1	1.63597E-1
5.78450E+11	4.56498E-9	-1.33291E+1	-9.20172E-2	-1.94920E-1
5.78625E+11	6.82251E-9	-1.32908E+1	2.16414E-1	6.18924E-3
5.78800E+11	3.37390E-9	-1.33416E+1	-8.26611E-2	1.98732E-1
5.78975E+11	4.25119E-9	-1.33888E+1	-1.86413E-1	-1.05247E-1
5.79150E+11	5.11268E-9	-1.37461E+1	9.65372E-2	-1.81351E-1
5.79325E+11	3.92681E-9	-1.45779E+1	1.68258E-1	8.08676E-2
5.79500E+11	3.59710E-9	-1.49002E+1	-9.68608E-2	1.51577E-1
5.79675E+11	4.10527E-9	-1.46505E+1	-1.16409E-1	-1.43949E-1
5.79850E+11	4.66783E-9	-1.41943E+1	1.86772E-1	-5.64404E-2
5.80025E+11	5.93094E-9	-1.38591E+1	7.14055E-3	2.02664E-1
5.80200E+11	5.87642E-9	-1.34510E+1	-2.12522E-1	-3.11404E-3
5.80375E+11	8.31884E-9	-1.27776E+1	1.39122E-2	-2.29256E-1
5.80550E+11	6.54811E-9	-1.29176E+1	2.18950E-1	5.60348E-2
5.80725E+11	9.71272E-9	-1.29222E+1	-1.37859E-1	1.78941E-1
5.80900E+11	6.03210E-9	-1.31078E+1	-7.00558E-2	-2.09720E-1
5.81075E+11	4.63546E-9	-1.37009E+1	2.02294E-1	4.15430E-2
5.81250E+11	3.28101E-9	-1.37665E+1	-1.20431E-1	1.65850E-1
5.81425E+11	5.15463E-9	-1.38981E+1	-1.43054E-1	-1.42448E-1
5.81600E+11	4.56014E-9	-1.39809E+1	1.38525E-1	-1.44211E-1
5.81775E+11	4.68017E-9	-1.34476E+1	1.32215E-1	1.66521E-1
5.81950E+11	5.48175E-9	-1.32669E+1	-2.03067E-1	7.67797E-2
5.82125E+11	5.89782E-9	-1.38728E+1	3.03671E-2	-2.00179E-1
5.82300E+11	3.43940E-9	-1.41048E+1	1.58479E-1	1.17242E-1
5.82475E+11	4.26176E-9	-1.41189E+1	-1.61815E-1	1.12034E-1
5.82650E+11	2.52698E-9	-1.41673E+1	-6.30298E-2	-1.85292E-1
5.82825E+11	4.56560E-9	-1.37655E+1	2.03146E-1	-2.74026E-2
5.83000E+11	3.93878E-9	-1.34941E+1	-1.60059E-2	2.10885E-1
5.83175E+11	5.42715E-9	-1.33707E+1	-1.94594E-1	-9.02883E-2
5.83350E+11	4.32363E-9	-1.32364E+1	1.53211E-1	-1.54888E-1
5.83525E+11	5.94183E-9	-1.33073E+1	9.45275E-2	1.94319E-1
5.83700E+11	4.45746E-9	-1.40737E+1	-1.90614E-1	5.29859E-2
5.83875E+11	5.18737E-9	-1.45137E+1	-3.44552E-2	-1.84884E-1
5.84050E+11	4.37137E-9	-1.50472E+1	1.76527E-1	-1.09222E-2
5.84225E+11	1.99269E-9	-1.56328E+1	-2.43931E-2	1.63524E-1
5.84400E+11	3.30312E-9	-1.58754E+1	-1.41023E-1	-7.72177E-2
5.84575E+11	4.33326E-9	-1.53764E+1	1.37332E-1	-1.00685E-1
5.84750E+11	4.74339E-9	-1.48233E+1	5.02015E-2	1.74401E-1
5.84925E+11	2.80570E-9	-1.51435E+1	-1.74569E-1	1.09919E-2
5.85100E+11	4.09190E-9	-1.52488E+1	-7.44673E-3	-1.72645E-1
5.85275E+11	4.08672E-9	-1.50332E+1	1.76569E-1	1.43470E-2
5.85450E+11	3.14517E-9	-1.50392E+1	-7.26427E-2	1.61436E-1
5.85625E+11	3.68398E-9	-1.48144E+1	-1.13858E-1	-1.41564E-1
5.85800E+11	2.66549E-9	-1.47590E+1	1.78072E-1	-4.14393E-2
5.85975E+11	4.84034E-9	-1.45467E+1	-2.24739E-2	1.86003E-1
5.86150E+11	5.68388E-9	-1.41220E+1	-1.92440E-1	-4.09268E-2
5.86325E+11	7.70419E-9	-1.39835E+1	4.15902E-2	-1.95531E-1
5.86500E+11	6.16994E-9	-1.41541E+1	1.89380E-1	5.05757E-2
5.86675E+11	4.00134E-9	-1.47546E+1	-8.15970E-2	1.63717E-1
5.86850E+11	2.68857E-9	-1.53723E+1	-1.07366E-1	-1.32277E-1
5.87025E+11	2.55275E-9	-1.56156E+1	1.58582E-1	-4.79068E-2
5.87200E+11	3.14426E-9	-1.58545E+1	2.08808E-2	1.59808E-1
5.87375E+11	3.20679E-9	-1.53641E+1	-1.65384E-1	4.15643E-2
5.87550E+11	3.74227E-9	-1.49559E+1	-5.20460E-2	-1.70988E-1
5.87725E+11	4.15212E-9	-1.49481E+1	1.75064E-1	-3.68220E-2
5.87900E+11	2.75301E-9	-1.53101E+1	-1.79526E-2	1.70649E-1
5.88075E+11	4.09820E-9	-1.52671E+1	-1.35653E-1	-1.06466E-1
5.88250E+11	1.81815E-9	-1.52932E+1	1.65634E-1	-4.60868E-2
5.88425E+11	2.59104E-9	-1.55977E+1	-3.25957E-2	1.62770E-1
5.88600E+11	3.03193E-9	-1.58735E+1	-1.51680E-1	-5.34241E-2
5.88775E+11	2.35918E-9	-1.60069E+1	5.59179E-2	-1.48162E-1
5.88950E+11	2.30334E-9	-1.57076E+1	1.49324E-1	6.76054E-2
5.89125E+11	4.23122E-9	-1.57127E+1	-1.14342E-1	1.17315E-1
5.89300E+11	2.83733E-9	-1.57589E+1	-3.54316E-2	-1.59051E-1
5.89475E+11	3.64823E-9	-1.60535E+1	1.39361E-1	7.34166E-2
5.89650E+11	2.67966E-9	-1.64242E+1	-1.20263E-1	9.12044E-2
5.89825E+11	2.72450E-9	-1.70231E+1	-6.70628E-2	-1.23893E-1
5.90000E+11	2.56627E-9	-1.75924E+1	1.16659E-1	-6.16370E-2
5.90175E+11	3.05139E-9	-1.72460E+1	5.89812E-2	1.23996E-1
5.90350E+11	1.80624E-9	-1.75407E+1	-1.32273E-1	1.09870E-2
5.90525E+11	3.56015E-9	-1.70934E+1	4.51298E-2	-1.32255E-1
5.90700E+11	1.01009E-9	-1.71244E+1	1.05368E-1	9.10330E-2
5.90875E+11	1.90081E-9	-1.70797E+1	-1.10773E-1	8.55513E-2
5.91050E+11	1.64363E-9	-1.72978E+1	-1.03712E-1	-8.87354E-2
5.91225E+11	1.74701E-9	-1.69463E+1	5.98774E-2	-1.28902E-1
5.91400E+11	2.02414E-9	-1.74589E+1	1.28209E-1	3.89127E-2
5.91575E+11	1.69038E-9	-1.75725E+1	-7.09280E-2	1.11613E-1
5.91750E+11	1.54035E-9	-1.79919E+1	-4.17509E-2	-1.18893E-1
5.91925E+11	2.45799E-9	-1.72337E+1	1.18158E-1	7.03297E-2
5.92100E+11	1.58720E-9	-1.69997E+1	-1.35964E-1	3.83128E-2
5.92275E+11	1.92680E-9	-1.69834E+1	2.47015E-2	-1.39351E-1
5.92450E+11	1.48321E-9	-1.72720E+1	1.36155E-1	1.42551E-2
5.92625E+11	1.37500E-9	-1.78684E+1	-1.36929E-2	1.27079E-1
5.92800E+11	1.17809E-9	-1.80116E+1	-1.22910E-1	-2.64524E-2
5.92975E+11	1.55276E-9	-1.80045E+1	7.39107E-2	-1.01832E-1
5.93150E+11	1.53687E-9	-1.84475E+1	3.75384E-2	1.13526E-1
5.93325E+11	1.19274E-9	-1.83253E+1	-1.18448E-1	-2.59868E-2
5.93500E+11	1.46466E-9	-1.84897E+1	7.41467E-2	-9.30660E-2
5.93675E+11	1.43920E-9	-1.86998E+1	6.95085E-2	9.30525E-2
5.93850E+11	1.31348E-9	-1.88746E+1	-9.88193E-2	5.65039E-2
5.94025E+11	1.18298E-9	-1.94469E+1	-2.59332E-2	-1.03371E-1
5.94200E+11	1.65436E-9	-1.96350E+1	1.03299E-1	1.43492E-2
5.94375E+11	8.67058E-10	-1.98197E+1	-5.35991E-2	8.68965E-2
5.94550E+11	8.95898E-10	-2.03824E+1	-6.50378E-2	-7.01940E-2
5.94725E+11	1.19142E-9	-1.98567E+1	7.81294E-2	-6.50489E-2
5.94900E+11	1.13778E-9	-2.00608E+1	6.40630E-2	7.58748E-2
5.95075E+11	9.13248E-10	-2.06654E+1	-7.29427E-2	5.70863E-2
5.95250E+11	9.73959E-10	-2.03026E+1	-4.17065E-2	-8.71059E-2
5.95425E+11	7.84052E-10	-2.08928E+1	9.02192E-2	1.53225E-3
5.95600E+11	7.47336E-10	-2.14485E+1	-3.47510E-2	7.71770E-2
5.95775E+11	9.03265E-10	-2.17016E+1	-5.52847E-2	-6.08433E-2
5.95950E+11	8.59673E-10	-2.16155E+1	7.57769E-2	-3.39340E-2
5.96125E+11	9.13605E-10	-2.17318E+1	2.86461E-2	7.67520E-2
5.96300E+11	7.15411E-10	-2.18903E+1	-7.74719E-2	2.16597E-2
5.96475E+11	6.28477E-10	-2.16199E+1	2.31734E-3	-8.29537E-2
5.96650E+11	6.88360E-10	-2.21732E+1	7.37600E-2	2.49467E-2
5.96825E+11	5.21103E-10	-2.25123E+1	-3.79601E-2	6.45492E-2
5.97000E+11	4.80229E-10	-2.26702E+1	-5.92605E-2	-4.35375E-2
5.97175E+11	4.87137E-10	-2.25370E+1	5.88358E-2	-4.59793E-2
5.97350E+11	5.73604E-10	-2.29648E+1	4.30161E-2	5.65886E-2
5.97525E+11	3.93007E-10	-2.30541E+1	-6.18610E-2	3.35115E-2
5.97700E+11	3.64948E-10	-2.25314E+1	-1.09059E-2	-7.39187E-2
5.97875E+11	4.48855E-10	-2.30893E+1	6.80223E-2	1.68171E-2
5.98050E+11	4.06606E-10	-2.28676E+1	-4.09757E-2	5.90596E-2
5.98225E+11	3.62876E-10	-2.38070E+1	-4.09660E-2	-4.98375E-2
5.98400E+11	7.32860E-10	-2.40100E+1	5.63748E-2	-2.81738E-2
5.98575E+11	4.89755E-10	-2.46524E+1	9.44567E-3	5.77632E-2
5.98750E+11	4.60371E-10	-2.49180E+1	-5.35185E-2	-1.89285E-2
5.98925E+11	3.45734E-10	-2.57188E+1	4.19715E-2	-3.03030E-2
5.99100E+11	2.96435E-10	-2.59226E+1	2.93690E-3	5.04820E-2
5.99275E+11	3.52379E-10	-2.62969E+1	-4.40956E-2	-2.00365E-2
5.99450E+11	3.24769E-10	-2.67547E+1	2.66804E-2	-3.74077E-2
5.99625E+11	3.32228E-10	-2.73090E+1	3.28059E-2	2.79642E-2
5.99800E+11	2.26584E-10	-2.69256E+1	-3.90794E-2	2.24173E-2
5.99975E+11	2.65750E-10	-2.81484E+1	-9.98603E-3	-3.78410E-2
6.00150E+11	1.36755E-10	-2.88447E+1	3.55024E-2	6.65826E-3
6.00325E+11	1.19700E-10	-2.95689E+1	-2.08706E-2	2.58609E-2
6.00500E+11	6.19899E-11	-3.08796E+1	-9.82082E-3	-2.68368E-2
6.00675E+11	9.22677E-11	-3.07313E+1	2.57540E-2	-1.34821E-2
6.00850E+11	8.72656E-11	-3.15963E+1	1.14530E-2	2.36908E-2
6.01025E+11	8.69408E-11	-3.17688E+1	-2.24903E-2	1.26347E-2
6.01200E+11	7.38701E-11	-3.19318E+1	-1.11358E-3	-2.52923E-2
6.01375E+11	4.40028E-11	-3.39818E+1	1.84456E-2	7.71603E-3
6.01550E+11	6.51323E-11	-3.20418E+1	-1.80943E-2	1.72487E-2
6.01725E+11	3.03285E-11	-3.49348E+1	-4.82493E-3	-1.72550E-2
6.01900E+11	4.41819E-11	-3.39940E+1	1.94899E-2	-4.33552E-3
6.02075E+11	3.34077E-11	-3.54941E+1	2.11816E-3	1.66654E-2
6.02250E+11	2.29871E-11	-3.76965E+1	-1.23575E-2	4.15385E-3
6.02425E+11	1.53368E-11	-3.96096E+1	1.59069E-3	-1.03380E-2
6.02600E+11	8.20242E-12	-4.01374E+1	7.18130E-3	6.73165E-3
6.02775E+11	5.68978E-12	-4.27549E+1	-7.02946E-3	-1.90132E-3
6.02950E+11	7.60436E-12	-4.10431E+1	7.48571E-3	-4.75531E-3
6.03125E+11	1.98638E-12	-4.62798E+1	2.14755E-3	4.35197E-3
6.03300E+11	1.42263E-12	-4.89202E+1	-2.88393E-3	-2.12268E-3
6.03475E+11	1.05684E-12	-4.92131E+1	3.39735E-3	-6.66693E-4
6.03650E+11	1.24737E-12	-4.88267E+1	-6.13779E-4	3.56721E-3
6.03825E+11	3.59039E-12	-4.26934E+1	-7.27321E-3	-9.41156E-4
6.04000E+11	1.72601E-11	-3.75633E+1	1.20518E-2	-5.47820E-3
6.04175E+11	1.12122E-11	-3.84420E+1	2.03108E-3	1.17911E-2
6.04350E+11	1.77119E-11	-3.68493E+1	-1.39899E-2	3.29502E-3
6.04525E+11	2.04517E-11	-3.66557E+1	1.45517E-3	-1.46243E-2
6.04700E+11	5.61912E-11	-3.31448E+1	2.02255E-2	8.69927E-3
6.04875E+11	4.30981E-11	-3.40209E+1	-1.44717E-2	1.36663E-2
6.05050E+11	3.80998E-11	-3.33575E+1	-1.31764E-2	-1.69696E-2
6.05225E+11	4.97075E-11	-3.29179E+1	2.12759E-2	-7.62141E-3
6.05400E+11	7.00091E-11	-3.16887E+1	5.38788E-3	2.54719E-2
6.05575E+11	7.17115E-11	-3.11681E+1	-2.72284E-2	4.77229E-3
6.05750E+11	9.63590E-11	-3.02286E+1	-9.25184E-4	-3.07874E-2
6.05925E+11	1.27512E-10	-3.04304E+1	3.00645E-2	1.33054E-3
6.06100E+11	9.50339E-11	-2.98515E+1	-7.03650E-3	3.13890E-2
6.06275E+11	1.20687E-10	-2.91485E+1	-3.27011E-2	-1.21340E-2
6.06450E+11	1.26103E-10	-2.90049E+1	1.89812E-2	-2.99536E-2
6.06625E+11	7.64926E-11	-2.90632E+1	2.92828E-2	1.95769E-2
6.06800E+11	2.10221E-10	-2.81130E+1	-3.41300E-2	1.94763E-2
6.06975E+11	2.21744E-10	-2.71149E+1	-1.09450E-2	-4.27011E-2
6.07150E+11	1.50558E-10	-2.72948E+1	4.29618E-2	-4.31188E-3
6.07325E+11	2.81392E-10	-2.65189E+1	2.37578E-3	4.71522E-2
6.07500E+11	2.27057E-10	-2.58903E+1	-5.01494E-2	-7.82276E-3
6.07675E+11	1.96269E-10	-2.56544E+1	1.11257E-2	-5.09529E-2
6.07850E+11	3.73152E-10	-2.53862E+1	5.10446E-2	1.69607E-2
6.08025E+11	3.31186E-10	-2.46702E+1	-1.88105E-2	5.52987E-2
6.08200E+11	3.96393E-10	-2.42641E+1	-5.71761E-2	-2.18428E-2
6.08375E+11	4.01420E-10	-2.38840E+1	2.22034E-2	-5.99654E-2
6.08550E+11	5.30165E-10	-2.34659E+1	6.13757E-2	2.71118E-2
6.08725E+11	6.60690E-10	-2.32091E+1	-3.43807E-2	5.99525E-2
6.08900E+11	6.83646E-10	-2.26301E+1	-5.36660E-2	-5.07687E-2
6.09075E+11	6.31845E-10	-2.18764E+1	6.77208E-2	-4.36529E-2
6.09250E+11	8.22778E-10	-2.18916E+1	3.09588E-2	7.42334E-2
6.09425E+11	5.68812E-10	-2.23457E+1	-7.23517E-2	2.43304E-2
6.09600E+11	8.72305E-10	-2.17894E+1	-1.91705E-2	-7.90924E-2
6.09775E+11	8.34316E-10	-2.14797E+1	8.43157E-2	1.85104E-3
6.09950E+11	6.99002E-10	-2.13330E+1	-2.54914E-2	8.18971E-2
6.10125E+11	5.31786E-10	-2.10657E+1	-6.95502E-2	-5.46523E-2
6.10300E+11	5.77320E-10	-2.11724E+1	7.30006E-2	-4.80106E-2
6.10475E+11	4.30945E-10	-2.09953E+1	1.98703E-2	8.69309E-2
6.10650E+11	7.84401E-10	-2.07186E+1	-9.20232E-2	-2.60853E-3
6.10825E+11	8.93493E-10	-2.09988E+1	1.48602E-2	-8.78901E-2
6.11000E+11	5.64573E-10	-2.12769E+1	8.07092E-2	3.06364E-2
6.11175E+11	7.46671E-10	-2.11924E+1	-5.30450E-2	6.91758E-2
6.11350E+11	9.32566E-10	-2.08343E+1	-4.59969E-2	-7.83352E-2
6.11525E+11	7.36146E-10	-2.09251E+1	8.89423E-2	-1.30634E-2
6.11700E+11	1.19643E-9	-1.98265E+1	-2.37696E-2	9.92096E-2
6.11875E+11	1.16744E-9	-1.95810E+1	-9.54679E-2	-4.35737E-2
6.12050E+11	1.41117E-9	-1.95539E+1	5.52865E-2	-8.95842E-2
6.12225E+11	1.60188E-9	-1.93800E+1	6.56927E-2	8.49644E-2
6.12400E+11	7.55696E-10	-1.94721E+1	-1.01909E-1	3.01158E-2
6.12575E+11	9.73598E-10	-1.93564E+1	5.17398E-3	-1.07567E-1
6.12750E+11	1.51589E-9	-1.93999E+1	1.02176E-1	3.22782E-2
6.12925E+11	1.75291E-9	-1.89249E+1	-4.02464E-2	1.05779E-1
6.13100E+11	1.20876E-9	-1.85906E+1	-1.11206E-1	-3.83005E-2
6.13275E+11	1.67899E-9	-1.83257E+1	5.71629E-2	-1.06940E-1
6.13450E+11	1.46112E-9	-1.78152E+1	8.63689E-2	9.52811E-2
6.13625E+11	1.05126E-9	-1.80368E+1	-1.23897E-1	1.90992E-2
6.13800E+11	1.25286E-9	-1.81722E+1	5.10697E-2	-1.12359E-1
6.13975E+11	1.08350E-9	-1.79441E+1	5.88992E-2	1.12184E-1
6.14150E+11	1.06070E-9	-1.77429E+1	-1.29618E-1	3.82066E-3
6.14325E+11	1.04175E-9	-1.76931E+1	2.56635E-2	-1.27870E-1
6.14500E+11	8.17568E-10	-1.73102E+1	1.33186E-1	2.89590E-2
6.14675E+11	1.67411E-9	-1.68190E+1	-2.93997E-2	1.41201E-1
6.14850E+11	1.65956E-9	-1.62359E+1	-1.44910E-1	-5.28381E-2
6.15025E+11	1.80225E-9	-1.65433E+1	9.08885E-2	-1.17917E-1
6.15200E+11	1.79158E-9	-1.63030E+1	8.29024E-2	1.28660E-1
6.15375E+11	1.82732E-9	-1.69509E+1	-1.26986E-1	6.36708E-2
6.15550E+11	1.47460E-9	-1.73284E+1	-6.41410E-2	-1.19940E-1
6.15725E+11	1.02840E-9	-1.75234E+1	1.08429E-1	-7.70101E-2
6.15900E+11	1.31311E-9	-1.76152E+1	6.68994E-2	1.13322E-1
6.16075E+11	1.63469E-9	-1.72617E+1	-1.35597E-1	1.99795E-2
6.16250E+11	1.67505E-9	-1.72326E+1	6.27247E-2	-1.22383E-1
6.16425E+11	1.43909E-9	-1.71215E+1	5.81118E-2	1.26591E-1
6.16600E+11	2.58420E-9	-1.75600E+1	-1.31410E-1	-1.64425E-2
6.16775E+11	2.25648E-9	-1.76076E+1	4.98332E-2	-1.21919E-1
6.16950E+11	1.96822E-9	-1.72892E+1	1.18052E-1	6.87814E-2
6.17125E+11	1.60626E-9	-1.74940E+1	-9.25535E-2	9.61315E-2
6.17300E+11	2.43237E-9	-1.70096E+1	-5.68961E-2	-1.29118E-1
6.17475E+11	3.48883E-9	-1.64070E+1	1.48651E-1	2.78265E-2
6.17650E+11	4.00459E-9	-1.58753E+1	-1.15668E-1	1.11675E-1
6.17825E+11	2.65981E-9	-1.53633E+1	-5.32485E-2	-1.62016E-1
6.18000E+11	3.22244E-9	-1.52023E+1	1.73734E-1	4.84858E-4
6.18175E+11	3.38012E-9	-1.54711E+1	-4.85570E-2	1.61289E-1
6.18350E+11	2.95441E-9	-1.57342E+1	-1.40626E-1	-8.32389E-2
6.18525E+11	2.80392E-9	-1.58563E+1	1.20987E-1	-1.06424E-1
6.18700E+11	2.25449E-9	-1.55805E+1	6.67475E-2	1.52352E-1
6.18875E+11	1.95548E-9	-1.48932E+1	-1.78461E-1	2.36934E-2
6.19050E+11	2.32137E-9	-1.43921E+1	-3.06002E-3	-1.90694E-1
6.19225E+11	3.22456E-9	-1.39254E+1	2.00434E-1	1.80731E-2
6.19400E+11	3.60243E-9	-1.40598E+1	-4.34093E-2	1.93345E-1
6.19575E+11	2.67417E-9	-1.41796E+1	-1.76049E-1	-8.48819E-2
6.19750E+11	2.17577E-9	-1.41855E+1	1.43938E-1	-1.32015E-1
6.19925E+11	2.11325E-9	-1.46235E+1	3.18806E-2	1.82948E-1
6.20100E+11	1.73783E-9	-1.47427E+1	-1.76155E-1	-5.02256E-2
6.20275E+11	2.26193E-9	-1.43886E+1	1.03268E-1	-1.60435E-1
6.20450E+11	1.99429E-9	-1.41383E+1	1.07599E-1	1.64272E-1
6.20625E+11	2.79102E-9	-1.36523E+1	-2.07190E-1	1.41742E-2
6.20800E+11	3.34835E-9	-1.40631E+1	9.88308E-2	-1.71665E-1
6.20975E+11	2.03302E-9	-1.47945E+1	7.64322E-2	1.65267E-1
6.21150E+11	1.84252E-9	-1.57067E+1	-1.63085E-1	-1.66511E-2
6.21325E+11	2.61046E-9	-1.60422E+1	7.74904E-2	-1.37372E-1
6.21500E+11	3.06320E-9	-1.57403E+1	1.08956E-1	1.21635E-1
6.21675E+11	2.50740E-9	-1.54751E+1	-1.52093E-1	7.22032E-2
6.21850E+11	4.74096E-9	-1.52046E+1	-1.19896E-2	-1.73275E-1
6.22025E+11	2.68656E-9	-1.45082E+1	1.75653E-1	6.75321E-2
6.22200E+11	4.82011E-9	-1.42566E+1	-1.48197E-1	1.24757E-1
6.22375E+11	3.90660E-9	-1.41138E+1	-5.42328E-2	-1.89314E-1
6.22550E+11	4.06098E-9	-1.44009E+1	1.90502E-1	3.03899E-3
6.22725E+11	2.69166E-9	-1.50884E+1	-3.71376E-2	1.72064E-1
6.22900E+11	2.40515E-9	-1.53869E+1	-1.61830E-1	-5.23308E-2
6.23075E+11	2.64658E-9	-1.54477E+1	5.95638E-2	-1.58042E-1
6.23250E+11	1.86106E-9	-1.49877E+1	1.59940E-1	7.83026E-2
6.23425E+11	2.06001E-9	-1.43511E+1	-1.56309E-1	1.10846E-1
6.23600E+11	1.78898E-9	-1.45801E+1	-1.98635E-2	-1.85575E-1
6.23775E+11	2.18639E-9	-1.44375E+1	1.86778E-1	3.33101E-2
6.23950E+11	2.26787E-9	-1.45540E+1	-5.68413E-2	1.78358E-1
6.24125E+11	1.51917E-9	-1.40790E+1	-1.80934E-1	-7.97270E-2
6.24300E+11	2.73697E-9	-1.33129E+1	1.31717E-1	-1.71130E-1
6.24475E+11	1.96558E-9	-1.30336E+1	1.38138E-1	1.75072E-1
6.24650E+11	2.35691E-9	-1.27671E+1	-2.11210E-1	9.09438E-2
6.24825E+11	4.31155E-9	-1.22538E+1	-5.13017E-2	-2.38499E-1
6.25000E+11	3.66197E-9	-1.20727E+1	2.45548E-1	-4.18956E-2
6.25175E+11	5.31898E-9	-1.21530E+1	2.84517E-2	2.45158E-1
6.25350E+11	3.49679E-9	-1.29352E+1	-2.25405E-1	8.03495E-3
6.25525E+11	2.38608E-9	-1.36718E+1	2.20356E-2	-2.06035E-1
6.25700E+11	2.14430E-9	-1.45727E+1	1.74759E-1	6.59659E-2
6.25875E+11	2.60016E-9	-1.46000E+1	-9.90454E-2	1.57681E-1
6.26050E+11	2.39999E-9	-1.52269E+1	-1.37035E-1	-1.05993E-1
6.26225E+11	3.69574E-9	-1.47918E+1	1.02178E-1	-1.50783E-1
6.26400E+11	3.31486E-9	-1.42668E+1	1.54820E-1	1.16059E-1
6.26575E+11	3.73368E-9	-1.39576E+1	-1.46807E-1	1.36560E-1
6.26750E+11	5.24207E-9	-1.40075E+1	-7.04274E-2	-1.86500E-1
6.26925E+11	5.41131E-9	-1.38222E+1	1.96349E-1	5.40506E-2
6.27100E+11	4.66653E-9	-1.40194E+1	-1.62936E-1	1.14392E-1
6.27275E+11	3.85317E-9	-1.37056E+1	-6.30072E-3	-2.06308E-1
6.27450E+11	4.32059E-9	-1.38128E+1	1.85829E-1	8.38534E-2
6.27625E+11	4.08532E-9	-1.37056E+1	-1.47081E-1	1.44811E-1
6.27800E+11	5.88688E-9	-1.32362E+1	-8.53504E-2	-2.00453E-1
6.27975E+11	5.17571E-9	-1.31585E+1	2.19718E-1	-6.79638E-3
6.28150E+11	4.02789E-9	-1.35817E+1	-7.67477E-2	1.94797E-1
6.28325E+11	2.90237E-9	-1.40798E+1	-1.34474E-1	-1.44921E-1
6.28500E+11	3.09178E-9	-1.47109E+1	1.63993E-1	-8.30987E-2
6.28675E+11	2.54881E-9	-1.48346E+1	6.43469E-2	1.69440E-1
6.28850E+11	1.95952E-9	-1.46529E+1	-1.75733E-1	5.80691E-2
6.29025E+11	2.23412E-9	-1.40201E+1	-3.06074E-2	-1.96697E-1
6.29200E+11	2.54392E-9	-1.27776E+1	2.28938E-1	1.84198E-2
6.29375E+11	3.50217E-9	-1.21138E+1	-9.72010E-2	2.28069E-1
6.29550E+11	4.07237E-9	-1.13021E+1	-1.72512E-1	-2.10557E-1
6.29725E+11	4.46343E-9	-1.10515E+1	2.70836E-1	-7.17279E-2
6.29900E+11	3.80015E-9	-1.13821E+1	-9.31029E-3	2.69548E-1
6.30075E+11	2.64975E-9	-1.21310E+1	-2.38419E-1	-6.61614E-2
6.30250E+11	3.64381E-9	-1.23877E+1	9.40274E-2	-2.21056E-1
6.30425E+11	2.49195E-9	-1.24630E+1	1.87117E-1	1.47318E-1
6.30600E+11	3.62462E-9	-1.19556E+1	-2.20151E-1	1.23602E-1
6.30775E+11	5.01281E-9	-1.17113E+1	-1.83388E-2	-2.59030E-1
6.30950E+11	4.79504E-9	-1.19326E+1	2.39830E-1	8.10234E-2
6.31125E+11	4.11841E-9	-1.26639E+1	-1.47810E-1	1.79732E-1
6.31300E+11	1.67418E-9	-1.41389E+1	-1.15646E-1	-1.58694E-1
6.31475E+11	3.58453E-9	-1.46693E+1	1.67600E-1	-7.76866E-2
6.31650E+11	3.41212E-9	-1.46392E+1	3.34207E-2	1.82333E-1
6.31825E+11	3.63249E-9	-1.51324E+1	-1.74301E-1	-1.71041E-2
6.32000E+11	2.85303E-9	-1.43266E+1	7.82932E-2	-1.75490E-1
6.32175E+11	3.46125E-9	-1.38187E+1	1.56692E-1	1.30214E-1
6.32350E+11	3.21511E-9	-1.34690E+1	-1.61708E-1	1.37255E-1
6.32525E+11	4.52479E-9	-1.35412E+1	-1.16503E-1	-1.75139E-1
6.32700E+11	2.68064E-9	-1.38732E+1	1.88031E-1	-7.50619E-2
6.32875E+11	2.22915E-9	-1.44894E+1	2.37538E-2	1.87093E-1
6.33050E+11	2.74911E-9	-1.48708E+1	-1.80175E-1	-1.07070E-2
6.33225E+11	1.92527E-9	-1.48692E+1	3.01769E-2	-1.77985E-1
6.33400E+11	2.03425E-9	-1.44932E+1	1.78831E-1	5.96348E-2
6.33575E+11	1.72985E-9	-1.40663E+1	-7.70556E-2	1.82402E-1
6.33750E+11	2.04249E-9	-1.35880E+1	-1.72416E-1	-1.18511E-1
6.33925E+11	2.53246E-9	-1.32894E+1	1.72457E-1	-1.30945E-1
6.34100E+11	3.17178E-9	-1.30812E+1	6.57868E-2	2.11807E-1
6.34275E+11	3.00425E-9	-1.31960E+1	-2.18603E-1	1.09768E-2
6.34450E+11	3.22035E-9	-1.33514E+1	1.00216E-2	-2.14762E-1
6.34625E+11	2.50170E-9	-1.34895E+1	2.11202E-1	1.30716E-2
6.34800E+11	2.48025E-9	-1.35458E+1	1.14750E-2	2.09923E-1
6.34975E+11	3.18899E-9	-1.24967E+1	-2.33134E-1	4.38758E-2
6.35150E+11	4.58848E-9	-1.16798E+1	7.37199E-3	-2.60516E-1
6.35325E+11	4.09005E-9	-1.15817E+1	2.48802E-1	8.70192E-2
6.35500E+11	3.95720E-9	-1.23019E+1	-1.25441E-1	2.07662E-1
6.35675E+11	3.42857E-9	-1.26391E+1	-1.72661E-1	-1.57002E-1
6.35850E+11	3.16228E-9	-1.29462E+1	1.66690E-1	-1.51516E-1
6.36025E+11	3.46372E-9	-1.34633E+1	1.29594E-1	1.68087E-1
6.36200E+11	2.81587E-9	-1.36825E+1	-1.85613E-1	9.15307E-2
6.36375E+11	3.22840E-9	-1.35648E+1	-5.44369E-2	-2.02591E-1
6.36550E+11	3.98173E-9	-1.32817E+1	2.16684E-1	4.42210E-3
6.36725E+11	3.32625E-9	-1.28463E+1	-9.22368E-2	2.08366E-1
6.36900E+11	6.02625E-9	-1.32098E+1	-1.48758E-1	-1.60080E-1
6.37075E+11	5.23315E-9	-1.33790E+1	1.93870E-1	-9.13516E-2
6.37250E+11	4.56902E-9	-1.40929E+1	2.18278E-2	1.96192E-1
6.37425E+11	3.72914E-9	-1.45453E+1	-1.83954E-1	-3.56956E-2
6.37600E+11	2.73298E-9	-1.53191E+1	8.43631E-2	-1.49216E-1
6.37775E+11	3.35726E-9	-1.52571E+1	1.11532E-1	1.31780E-1
6.37950E+11	4.54099E-9	-1.45620E+1	-1.84827E-1	2.85887E-2
6.38125E+11	2.79748E-9	-1.42426E+1	8.52844E-2	-1.74283E-1
6.38300E+11	3.25103E-9	-1.43876E+1	1.03066E-1	1.60591E-1
6.38475E+11	2.69900E-9	-1.46613E+1	-1.83654E-1	2.14164E-2
6.38650E+11	1.94779E-9	-1.48004E+1	5.23550E-2	-1.74268E-1
6.38825E+11	1.63638E-9	-1.46527E+1	1.56253E-1	9.92004E-2
6.39000E+11	2.37115E-9	-1.47839E+1	-1.27024E-1	1.30771E-1
6.39175E+11	1.54259E-9	-1.45666E+1	-1.05463E-1	-1.54334E-1
6.39350E+11	2.90765E-9	-1.33807E+1	1.95614E-1	-8.74503E-2
6.39525E+11	3.47952E-9	-1.24615E+1	1.11272E-2	2.37931E-1
6.39700E+11	2.51194E-9	-1.19569E+1	-2.34264E-1	-9.40526E-2
6.39875E+11	2.95892E-9	-1.21312E+1	1.67560E-1	-1.82048E-1
6.40050E+11	3.36089E-9	-1.20341E+1	1.44876E-1	2.03992E-1
6.40225E+11	2.08622E-9	-1.26519E+1	-2.17660E-1	8.32206E-2
6.40400E+11	2.83423E-9	-1.31476E+1	-2.98661E-2	-2.18064E-1
6.40575E+11	3.92054E-9	-1.36097E+1	2.08470E-1	9.72625E-3
6.40750E+11	2.96083E-9	-1.32883E+1	-8.14140E-2	2.00678E-1
6.40925E+11	2.88911E-9	-1.26607E+1	-1.57463E-1	-1.71456E-1
6.41100E+11	2.99558E-9	-1.25656E+1	2.20196E-1	-8.30911E-2
6.41275E+11	4.41252E-9	-1.28627E+1	5.75010E-3	2.27367E-1
6.41450E+11	3.85867E-9	-1.38799E+1	-2.02207E-1	-6.24390E-3
6.41625E+11	3.09979E-9	-1.41086E+1	-3.11450E-2	-1.94570E-1
6.41800E+11	2.47546E-9	-1.43579E+1	1.89026E-1	-3.05093E-2
6.41975E+11	3.05268E-9	-1.45412E+1	-1.20425E-2	1.87085E-1
6.42150E+11	1.97040E-9	-1.42460E+1	-1.87372E-1	-5.00961E-2
6.42325E+11	2.89260E-9	-1.33086E+1	1.14778E-1	-1.83050E-1
6.42500E+11	2.75331E-9	-1.30884E+1	1.41998E-1	1.70132E-1
6.42675E+11	2.29881E-9	-1.33548E+1	-1.99407E-1	8.01525E-2
6.42850E+11	1.95685E-9	-1.40113E+1	-2.53485E-2	-1.97648E-1
6.43025E+11	2.46887E-9	-1.47530E+1	1.82400E-1	-1.42546E-2
6.43200E+11	2.45764E-9	-1.52580E+1	9.47696E-3	1.72364E-1
6.43375E+11	1.77761E-9	-1.58589E+1	-1.60323E-1	1.56351E-2
6.43550E+11	1.35144E-9	-1.60212E+1	-8.91527E-3	-1.57851E-1
6.43725E+11	1.62169E-9	-1.56415E+1	1.65085E-1	5.23291E-3
6.43900E+11	2.21533E-9	-1.45847E+1	-3.69627E-2	1.82837E-1
6.44075E+11	2.28581E-9	-1.41702E+1	-1.71947E-1	-9.33550E-2
6.44250E+11	2.77557E-9	-1.47528E+1	1.28298E-1	-1.30440E-1
6.44425E+11	1.80698E-9	-1.43691E+1	1.06180E-1	1.59037E-1
6.44600E+11	2.69115E-9	-1.41317E+1	-1.91607E-1	4.36862E-2
6.44775E+11	2.24412E-9	-1.36394E+1	4.51130E-2	-2.03032E-1
6.44950E+11	1.91218E-9	-1.31248E+1	1.81086E-1	1.26121E-1
6.45125E+11	4.29825E-9	-1.22873E+1	-1.98415E-1	1.40315E-1
6.45300E+11	3.19039E-9	-1.14039E+1	-8.44929E-2	-2.55420E-1
6.45475E+11	4.04970E-9	-1.15880E+1	2.62599E-1	-2.04104E-2
6.45650E+11	3.23437E-9	-1.22089E+1	-3.75907E-2	2.42322E-1
6.45825E+11	3.01791E-9	-1.21693E+1	-2.30722E-1	-8.63182E-2
6.46000E+11	2.87356E-9	-1.22721E+1	1.46683E-1	-1.94289E-1
6.46175E+11	2.26070E-9	-1.25634E+1	1.35365E-1	1.92603E-1
6.46350E+11	1.50821E-9	-1.34575E+1	-2.00632E-1	6.96730E-2
6.46525E+11	1.82423E-9	-1.36995E+1	-5.05187E-2	-2.00276E-1
6.46700E+11	3.20269E-9	-1.25599E+1	2.34317E-1	-2.36382E-2
6.46875E+11	3.41596E-9	-1.20550E+1	-5.58799E-2	2.43268E-1
6.47050E+11	3.44348E-9	-1.21393E+1	-2.18736E-1	-1.15143E-1
6.47225E+11	2.89028E-9	-1.23332E+1	1.70430E-1	-1.71434E-1
6.47400E+11	3.34653E-9	-1.23816E+1	1.14067E-1	2.11607E-1
6.47575E+11	3.40841E-9	-1.26043E+1	-2.30391E-1	4.26615E-2
6.47750E+11	2.23498E-9	-1.32224E+1	-2.71741E-3	-2.18196E-1
6.47925E+11	2.05828E-9	-1.35212E+1	2.10695E-1	-7.61124E-3
6.48100E+11	2.46276E-9	-1.31295E+1	-1.38413E-2	2.20123E-1
6.48275E+11	2.95001E-9	-1.29901E+1	-2.05235E-1	-9.00636E-2
6.48450E+11	2.99827E-9	-1.31229E+1	1.65299E-1	-1.46276E-1
6.48625E+11	1.53329E-9	-1.33194E+1	5.16105E-2	2.09527E-1
6.48800E+11	2.31162E-9	-1.40015E+1	-1.89561E-1	-6.21583E-2
6.48975E+11	1.53329E-9	-1.50664E+1	1.18388E-1	-1.30871E-1
6.49150E+11	1.58491E-9	-1.61218E+1	9.08622E-2	1.27155E-1
6.49325E+11	1.51641E-9	-1.60875E+1	-1.43372E-1	6.37380E-2
6.49500E+11	1.05295E-9	-1.55073E+1	-3.65290E-2	-1.63713E-1
6.49675E+11	1.60812E-9	-1.45539E+1	1.87174E-1	3.10355E-3
6.49850E+11	1.66666E-9	-1.47707E+1	-5.65443E-2	1.73608E-1
6.50025E+11	1.70092E-9	-1.53649E+1	-1.42789E-1	-9.31985E-2
6.50200E+11	8.49741E-10	-1.58498E+1	1.00116E-1	-1.26411E-1
6.50375E+11	1.56281E-9	-1.61711E+1	1.15960E-1	1.03450E-1
6.50550E+11	8.62985E-10	-1.63228E+1	-9.54778E-2	1.19179E-1
6.50725E+11	9.86041E-10	-1.60613E+1	-1.22458E-1	-9.88483E-2
6.50900E+11	1.16582E-9	-1.51996E+1	1.21749E-1	-1.24013E-1
6.51075E+11	1.05778E-9	-1.48151E+1	1.05707E-1	1.47730E-1
6.51250E+11	1.16382E-9	-1.43745E+1	-1.85160E-1	4.72996E-2
6.51425E+11	8.68589E-10	-1.44016E+1	-1.74432E-2	-1.89711E-1
6.51600E+11	8.03533E-10	-1.59420E+1	1.58421E-1	1.89487E-2
6.51775E+11	3.95029E-10	-1.66356E+1	-4.87848E-2	1.38993E-1
6.51950E+11	3.63873E-10	-1.69240E+1	-1.32960E-1	-5.12496E-2
6.52125E+11	6.47694E-10	-1.63680E+1	5.88053E-2	-1.40071E-1
6.52300E+11	4.40822E-10	-1.64686E+1	1.34501E-1	6.67754E-2
6.52475E+11	8.54639E-10	-1.57630E+1	-7.39735E-2	1.45105E-1
6.52650E+11	7.27496E-10	-1.55543E+1	-1.48940E-1	-7.51720E-2
6.52825E+11	5.99525E-10	-1.56266E+1	8.80724E-2	-1.40061E-1
6.53000E+11	5.51913E-10	-1.63672E+1	1.18686E-1	9.48479E-2
6.53175E+11	5.94920E-10	-1.76430E+1	-8.12862E-2	1.02953E-1
6.53350E+11	9.10079E-10	-1.73493E+1	-1.07619E-1	-8.26360E-2
6.53525E+11	5.54240E-10	-1.74566E+1	8.04100E-2	-1.07218E-1
6.53700E+11	7.12893E-10	-1.60177E+1	1.10972E-1	1.12702E-1
6.53875E+11	1.22628E-9	-1.57903E+1	-1.26771E-1	1.01443E-1
6.54050E+11	1.64561E-9	-1.49071E+1	-8.99586E-2	-1.55609E-1
6.54225E+11	1.52590E-9	-1.46662E+1	1.71551E-1	-6.86972E-2
6.54400E+11	1.85706E-9	-1.52764E+1	1.63326E-2	1.71482E-1
6.54575E+11	1.54388E-9	-1.50443E+1	-1.74310E-1	-3.02948E-2
6.54750E+11	1.66765E-9	-1.46742E+1	8.83685E-2	-1.62102E-1
6.54925E+11	1.38315E-9	-1.46018E+1	1.26768E-1	1.36343E-1
6.55100E+11	8.21421E-10	-1.47673E+1	-1.49893E-1	1.04381E-1
6.55275E+11	1.52970E-9	-1.45794E+1	-5.06948E-2	-1.79635E-1
6.55450E+11	1.74634E-9	-1.39067E+1	2.01670E-1	-2.19070E-3
6.55625E+11	1.86292E-9	-1.32774E+1	-9.47421E-2	1.95043E-1
6.55800E+11	1.84418E-9	-1.33318E+1	-9.67570E-2	-1.92536E-1
6.55975E+11	1.29647E-9	-1.35606E+1	2.06743E-1	3.61498E-2
6.56150E+11	1.31144E-9	-1.38448E+1	-1.33284E-1	1.53278E-1
6.56325E+11	8.32942E-10	-1.42640E+1	-1.23476E-1	-1.49051E-1
6.56500E+11	1.14197E-9	-1.42120E+1	1.52667E-1	-1.20858E-1
6.56675E+11	1.34716E-9	-1.38167E+1	1.22511E-1	1.62844E-1
6.56850E+11	1.27525E-9	-1.35202E+1	-1.83134E-1	1.04514E-1
6.57025E+11	1.27253E-9	-1.24771E+1	-3.43744E-2	-2.35267E-1
6.57200E+11	1.75037E-9	-1.20389E+1	2.24146E-1	1.10870E-1
6.57375E+11	1.18891E-9	-1.27454E+1	-1.94838E-1	1.23217E-1
6.57550E+11	1.07391E-9	-1.28781E+1	-2.31339E-2	-2.25854E-1
6.57725E+11	1.75789E-9	-1.33770E+1	2.03878E-1	6.62250E-2
6.57900E+11	1.68431E-9	-1.40686E+1	-1.13317E-1	1.62316E-1
6.58075E+11	1.47939E-9	-1.50614E+1	-1.11107E-1	-1.37238E-1
6.58250E+11	1.47096E-9	-1.54214E+1	1.57282E-1	-6.29360E-2
6.58425E+11	1.58915E-9	-1.46062E+1	-1.47614E-2	1.85490E-1
6.58600E+11	2.11132E-9	-1.48549E+1	-1.40043E-1	-1.14391E-1
6.58775E+11	1.77011E-9	-1.59830E+1	1.47311E-1	-5.93051E-2
6.58950E+11	6.04582E-10	-1.79530E+1	1.66569E-2	1.25475E-1
6.59125E+11	8.81818E-10	-1.94067E+1	-1.07033E-1	-2.76904E-3
6.59300E+11	7.16173E-10	-2.02063E+1	1.07093E-2	-9.70638E-2
6.59475E+11	5.76383E-10	-2.07397E+1	8.61038E-2	3.19385E-2
6.59650E+11	3.87965E-10	-2.09589E+1	-4.73833E-2	7.59840E-2
6.59825E+11	4.80188E-10	-2.01502E+1	-6.51392E-2	-7.35997E-2
6.60000E+11	5.83466E-10	-1.82396E+1	1.13653E-1	-4.56176E-2
6.60175E+11	7.20414E-10	-1.84295E+1	2.41554E-2	1.17358E-1
6.60350E+11	4.90841E-10	-1.85454E+1	-1.18027E-1	6.92275E-3
6.60525E+11	4.90334E-10	-1.95086E+1	1.41365E-3	-1.05811E-1
6.60700E+11	5.57434E-10	-1.85924E+1	1.14528E-1	2.66697E-2
6.60875E+11	2.83764E-10	-2.01184E+1	-5.94059E-2	7.87523E-2
6.61050E+11	2.92337E-10	-1.99526E+1	-5.82886E-2	-8.19276E-2
6.61225E+11	4.61134E-10	-1.80234E+1	1.17853E-1	-4.32923E-2
6.61400E+11	5.18843E-10	-1.78773E+1	1.08075E-2	1.27225E-1
6.61575E+11	3.65339E-10	-1.87648E+1	-1.13285E-1	-2.13650E-2
6.61750E+11	5.48764E-10	-1.88633E+1	5.05092E-2	-1.02179E-1
6.61925E+11	3.27898E-10	-1.86817E+1	8.65016E-2	7.78719E-2
6.62100E+11	4.60611E-10	-1.81128E+1	-1.17089E-1	4.16251E-2
6.62275E+11	3.95766E-10	-1.83759E+1	4.88842E-3	-1.20462E-1
6.62450E+11	4.70369E-10	-1.82348E+1	1.15948E-1	3.96344E-2
6.62625E+11	5.97604E-10	-1.76438E+1	-7.63074E-2	1.06680E-1
6.62800E+11	3.76143E-10	-1.78698E+1	-8.52087E-2	-9.52411E-2
6.62975E+11	5.18919E-10	-1.77044E+1	1.24187E-1	-3.92792E-2
6.63150E+11	4.02210E-10	-1.90179E+1	-1.30715E-2	1.11205E-1
6.63325E+11	4.47992E-10	-1.77466E+1	-1.15932E-1	-5.79749E-2
6.63500E+11	6.92081E-10	-1.77070E+1	9.50062E-2	-8.90451E-2
6.63675E+11	6.55440E-10	-1.84449E+1	7.87768E-2	9.00002E-2
6.63850E+11	7.27500E-10	-1.81590E+1	-8.30800E-2	9.15259E-2
6.64025E+11	4.06209E-10	-1.73983E+1	-8.54396E-2	-1.04423E-1
6.64200E+11	5.26587E-10	-1.67663E+1	1.31804E-1	-6.06905E-2
6.64375E+11	8.32752E-10	-1.62911E+1	-9.81129E-3	1.52952E-1
6.64550E+11	7.22368E-10	-1.61897E+1	-1.37564E-1	-7.15649E-2
6.64725E+11	1.10149E-9	-1.58976E+1	9.57212E-2	-1.28669E-1
6.64900E+11	7.91796E-10	-1.63511E+1	1.22725E-1	9.00349E-2
6.65075E+11	6.82823E-10	-1.60302E+1	-9.22394E-2	1.28205E-1
6.65250E+11	7.12768E-10	-1.68563E+1	-1.00860E-1	-1.02231E-1
6.65425E+11	4.99302E-10	-1.63147E+1	1.44153E-1	-5.08228E-2
6.65600E+11	7.59670E-10	-1.58686E+1	-5.51224E-2	1.51170E-1
6.65775E+11	1.08951E-9	-1.49911E+1	-7.52437E-2	-1.61326E-1
6.65950E+11	7.18177E-10	-1.49413E+1	1.77888E-1	2.02294E-2
6.66125E+11	6.34803E-10	-1.45264E+1	-7.03673E-2	1.74110E-1
6.66300E+11	9.49402E-10	-1.53433E+1	-1.58149E-1	-6.48703E-2
6.66475E+11	5.46822E-10	-1.57236E+1	6.62816E-2	-1.49586E-1
6.66650E+11	1.22264E-9	-1.53481E+1	1.15705E-1	1.25695E-1
6.66825E+11	9.01885E-10	-1.51817E+1	-1.71539E-1	3.00228E-2
6.67000E+11	8.09959E-10	-1.44377E+1	9.18625E-2	-1.65998E-1
6.67175E+11	1.53436E-9	-1.36501E+1	1.08146E-1	1.77357E-1
6.67350E+11	2.05417E-9	-1.36546E+1	-1.99262E-1	5.83126E-2
6.67525E+11	1.56369E-9	-1.37363E+1	-6.47936E-2	-1.95203E-1
6.67700E+11	1.53238E-9	-1.46962E+1	1.70307E-1	-7.00697E-2
6.67875E+11	8.15236E-10	-1.54759E+1	4.72257E-2	1.61587E-1
6.68050E+11	9.36350E-10	-1.58100E+1	-1.61865E-1	-6.47296E-3
6.68225E+11	1.24742E-9	-1.53906E+1	1.00351E-1	-1.37230E-1
6.68400E+11	8.14404E-10	-1.50909E+1	6.87021E-2	1.62012E-1
6.68575E+11	1.15842E-9	-1.56019E+1	-1.65702E-1	8.54506E-3
6.68750E+11	8.47138E-10	-1.68569E+1	1.82786E-2	-1.42432E-1
6.68925E+11	6.43579E-10	-1.84890E+1	1.14716E-1	3.16434E-2
6.69100E+11	5.66858E-10	-1.86557E+1	-7.63202E-2	8.83362E-2
6.69275E+11	2.96546E-10	-2.00018E+1	-2.91493E-2	-9.56352E-2
6.69450E+11	2.90678E-10	-2.05155E+1	9.03067E-2	2.69329E-2
6.69625E+11	3.08889E-10	-1.98736E+1	-6.92483E-2	7.41623E-2
6.69800E+11	2.53113E-10	-2.01646E+1	-7.76942E-2	-5.99306E-2
6.69975E+11	2.22939E-10	-2.16176E+1	3.98198E-2	-7.28336E-2
6.70150E+11	1.92587E-10	-2.21561E+1	7.12682E-2	3.17438E-2
6.70325E+11	1.41075E-10	-2.28759E+1	-4.88516E-2	5.26368E-2
6.70500E+11	1.33082E-10	-2.32364E+1	-2.62842E-2	-6.36828E-2
6.70675E+11	1.08231E-10	-2.29407E+1	7.07952E-2	8.29804E-3
6.70850E+11	1.22788E-10	-2.28441E+1	-4.99575E-2	5.19546E-2
6.71025E+11	8.30617E-11	-2.41003E+1	-4.21280E-2	-4.59938E-2
6.71200E+11	9.12465E-11	-2.34141E+1	4.13163E-2	-5.33760E-2
6.71375E+11	7.52589E-11	-2.46806E+1	5.02162E-2	2.96977E-2
6.71550E+11	1.11205E-10	-2.42985E+1	-2.98598E-2	5.31510E-2
6.71725E+11	1.22670E-10	-2.31678E+1	-3.65747E-2	-5.90274E-2
6.71900E+11	1.01510E-10	-2.39884E+1	6.22078E-2	1.10409E-2
6.72075E+11	1.27460E-10	-2.21053E+1	-5.17707E-2	5.89768E-2
6.72250E+11	9.42175E-11	-2.26017E+1	-4.84641E-2	-5.60758E-2
6.72425E+11	6.20901E-11	-2.24939E+1	4.84385E-2	-5.73147E-2
6.72600E+11	4.45335E-11	-2.35141E+1	3.63867E-2	5.59322E-2
6.72775E+11	1.22114E-10	-2.23399E+1	-7.50984E-2	1.39583E-2
6.72950E+11	1.69397E-10	-2.08158E+1	4.12340E-2	-8.11614E-2
6.73125E+11	3.06485E-10	-2.02206E+1	2.28272E-2	9.47816E-2
6.73300E+11	2.40375E-10	-1.91595E+1	-1.03225E-1	-3.84684E-2
6.73475E+11	2.43153E-10	-2.00517E+1	5.91760E-2	-7.98739E-2
6.73650E+11	1.57084E-10	-1.94522E+1	7.20815E-2	7.84133E-2
6.73825E+11	1.35721E-10	-2.09753E+1	-7.01789E-2	5.53486E-2
6.74000E+11	2.32451E-10	-1.94600E+1	-4.30495E-2	-9.73174E-2
6.74175E+11	2.35906E-10	-1.88369E+1	1.12682E-1	1.93383E-2
6.74350E+11	2.47195E-10	-1.82540E+1	-9.06351E-2	8.20602E-2
6.74525E+11	3.23408E-10	-1.68980E+1	-2.05534E-2	-1.41437E-1
6.74700E+11	3.84345E-10	-1.62725E+1	1.51335E-1	2.62475E-2
6.74875E+11	4.31211E-10	-1.63988E+1	-4.43857E-2	1.44724E-1
6.75050E+11	4.59358E-10	-1.68763E+1	-1.26520E-1	-6.72431E-2
6.75225E+11	4.32040E-10	-1.67820E+1	1.27672E-1	-6.84080E-2
6.75400E+11	4.17052E-10	-1.66952E+1	-1.64560E-2	1.45370E-1
6.75575E+11	6.34769E-10	-1.61938E+1	-1.25031E-1	-9.15948E-2
6.75750E+11	5.85483E-10	-1.51213E+1	1.60401E-1	-7.08741E-2
6.75925E+11	8.06700E-10	-1.49882E+1	1.77972E-2	1.77179E-1
6.76100E+11	8.85555E-10	-1.50221E+1	-1.74706E-1	-3.06641E-2
6.76275E+11	9.56344E-10	-1.59468E+1	7.29693E-2	-1.41788E-1
6.76450E+11	6.13964E-10	-1.64943E+1	1.00481E-1	1.10997E-1
6.76625E+11	8.89417E-10	-1.66793E+1	-1.44633E-1	2.37268E-2
6.76800E+11	5.16838E-10	-1.66048E+1	3.87886E-2	-1.42650E-1
6.76975E+11	1.07201E-9	-1.60668E+1	1.47668E-1	5.41229E-2
6.77150E+11	1.05231E-9	-1.53790E+1	-6.73105E-2	1.56364E-1
6.77325E+11	9.54574E-10	-1.44372E+1	-1.59401E-1	-1.02906E-1
6.77500E+11	7.01163E-10	-1.49372E+1	1.41874E-1	-1.09340E-1
6.77675E+11	7.37726E-10	-1.50277E+1	3.43710E-2	1.73898E-1
6.77850E+11	4.58590E-10	-1.58011E+1	-1.51503E-1	-5.78196E-2
6.78025E+11	4.80126E-10	-1.56926E+1	9.23917E-2	-1.35738E-1
6.78200E+11	3.78956E-10	-1.59516E+1	1.21747E-1	1.02849E-1
6.78375E+11	5.07896E-10	-1.60042E+1	-1.17779E-1	1.05936E-1
6.78550E+11	3.21823E-10	-1.61075E+1	-6.91253E-2	-1.40451E-1
6.78725E+11	3.38439E-10	-1.60043E+1	1.56293E-1	2.58144E-2
6.78900E+11	2.59744E-10	-1.74187E+1	-1.03799E-1	8.57013E-2
6.79075E+11	1.90121E-10	-1.79135E+1	-3.25548E-2	-1.22914E-1
6.79250E+11	1.37846E-10	-1.90952E+1	1.08247E-1	2.44712E-2
6.79425E+11	1.80417E-10	-1.90990E+1	-3.74747E-2	1.04408E-1
6.79600E+11	1.79421E-10	-1.87021E+1	-1.07748E-1	-4.32857E-2
6.79775E+11	1.34132E-10	-2.02178E+1	5.53827E-2	-8.02727E-2
6.79950E+11	6.90615E-11	-2.04144E+1	5.85896E-2	7.52148E-2
6.80125E+11	1.01444E-10	-1.97763E+1	-1.01579E-1	-1.45032E-2
6.80300E+11	1.14221E-10	-1.98819E+1	5.37106E-2	-8.59696E-2
6.80475E+11	8.81346E-11	-1.86102E+1	8.00775E-2	8.57845E-2
6.80650E+11	8.00207E-11	-1.93206E+1	-6.65026E-2	8.52681E-2
6.80825E+11	8.91850E-11	-1.88815E+1	-1.04509E-1	-4.48918E-2
6.81000E+11	3.67950E-11	-2.11909E+1	2.98221E-2	-8.19292E-2
6.81175E+11	7.58965E-11	-2.07943E+1	5.71765E-2	7.11295E-2
6.81350E+11	5.79793E-11	-2.15459E+1	-7.69797E-2	3.28496E-2
6.81525E+11	5.54879E-11	-2.00347E+1	1.46891E-2	-9.85117E-2
6.81700E+11	8.44345E-11	-2.09348E+1	7.63105E-2	4.73300E-2
6.81875E+11	1.33458E-10	-2.04979E+1	-2.91727E-2	8.98092E-2
6.82050E+11	5.66132E-11	-2.16499E+1	-8.26918E-2	-1.14614E-3
6.82225E+11	8.80077E-11	-2.16704E+1	-3.03020E-2	-7.67386E-2
6.82400E+11	1.03087E-10	-2.06866E+1	8.69986E-2	-3.11265E-2
6.82575E+11	8.50822E-11	-2.13380E+1	-1.25658E-2	8.47972E-2
6.82750E+11	1.32338E-10	-2.06509E+1	-8.20208E-2	-4.33682E-2
6.82925E+11	1.43151E-10	-2.01635E+1	7.48178E-2	-6.35041E-2
6.83100E+11	1.58344E-10	-1.91626E+1	6.65280E-2	8.77534E-2
6.83275E+11	1.47611E-10	-1.80390E+1	-9.18071E-2	8.53148E-2
6.83450E+11	1.15584E-10	-1.94761E+1	-7.44904E-2	-7.57189E-2
6.83625E+11	1.52697E-10	-1.92117E+1	6.74171E-2	-8.62855E-2
6.83800E+11	1.00433E-10	-1.97721E+1	7.18451E-2	7.33281E-2
6.83975E+11	1.29717E-10	-1.88085E+1	-9.35100E-2	6.64272E-2
6.84150E+11	1.43884E-10	-1.90170E+1	-2.12513E-2	-1.09947E-1
6.84325E+11	1.68586E-10	-1.78889E+1	1.27497E-1	1.99470E-3
6.84500E+11	2.59543E-10	-1.62967E+1	-9.80400E-3	1.52853E-1
6.84675E+11	3.86071E-10	-1.59097E+1	-1.55463E-1	-3.84466E-2
6.84850E+11	3.06889E-10	-1.56940E+1	7.91242E-2	-1.43847E-1
6.85025E+11	4.02798E-10	-1.52047E+1	9.64689E-2	1.44431E-1
6.85200E+11	4.36838E-10	-1.57038E+1	-1.59931E-1	3.62511E-2
6.85375E+11	2.42698E-10	-1.59258E+1	4.06284E-2	-1.54600E-1
6.85550E+11	2.22181E-10	-1.59021E+1	1.35898E-1	8.49901E-2
6.85725E+11	3.90862E-10	-1.59661E+1	-1.14255E-1	1.10733E-1
6.85900E+11	2.71832E-10	-1.64719E+1	-8.86477E-2	-1.21137E-1
6.86075E+11	2.17414E-10	-1.70590E+1	1.26817E-1	-6.00086E-2
6.86250E+11	2.34384E-10	-1.66143E+1	2.38099E-2	1.45736E-1
6.86425E+11	1.67448E-10	-1.70804E+1	-1.30410E-1	-5.07917E-2
6.86600E+11	1.77252E-10	-1.60083E+1	1.08515E-1	-1.15307E-1
6.86775E+11	1.70268E-10	-1.58700E+1	8.12018E-2	1.38882E-1
6.86950E+11	1.52358E-10	-1.67395E+1	-1.31799E-1	6.17649E-2
6.87125E+11	2.06509E-10	-1.66763E+1	-9.53182E-2	-1.11404E-1
6.87300E+11	1.10988E-10	-1.47319E+1	1.49481E-1	-1.06264E-1
6.87475E+11	1.46615E-10	-1.25502E+1	6.21069E-2	2.27444E-1
6.87650E+11	2.07102E-10	-1.14723E+1	-2.53848E-1	-8.25199E-2
6.87825E+11	1.59780E-10	-1.19240E+1	1.87157E-1	-1.70829E-1
6.88000E+11	8.17364E-11	-1.24560E+1	7.55220E-2	2.26061E-1
6.88175E+11	3.93051E-11	-1.60381E+1	-1.57041E-1	1.54184E-2
6.88350E+11	5.74096E-11	-1.56987E+1	5.13190E-2	-1.55853E-1
6.88525E+11	4.36158E-11	-1.75574E+1	1.25034E-1	4.37696E-2
6.88700E+11	4.99967E-11	-1.65686E+1	-8.92993E-2	1.18583E-1
6.88875E+11	2.31999E-11	-1.87773E+1	-5.21142E-2	-1.02643E-1
6.89050E+11	2.16754E-11	-1.86786E+1	1.07781E-1	-4.40393E-2
6.89225E+11	2.11455E-11	-1.69257E+1	-9.10450E-3	1.42177E-1
6.89400E+11	2.18937E-11	-1.84321E+1	-1.17832E-1	-2.15333E-2
6.89575E+11	1.10381E-11	-1.99771E+1	5.58948E-2	-8.32392E-2
6.89750E+11	6.19928E-12	-2.46302E+1	1.93963E-2	5.53815E-2
6.89925E+11	1.17289E-11	-2.04378E+1	-8.67692E-2	-3.88856E-2
6.90100E+11	3.85763E-12	-2.61695E+1	4.61360E-2	-1.69479E-2
6.90275E+11	1.13485E-11	-2.30478E+1	4.22445E-2	5.63240E-2
6.90450E+11	1.11913E-11	-2.20474E+1	-7.63025E-2	2.04703E-2
6.90625E+11	9.57213E-12	-2.34685E+1	-1.78964E-2	-6.46454E-2
6.90800E+11	3.71817E-12	-2.57152E+1	4.94859E-2	1.52738E-2
6.90975E+11	3.97513E-12	-2.61133E+1	-2.51201E-2	4.26167E-2
6.91150E+11	9.79406E-13	-3.31806E+1	-1.87000E-2	-1.14492E-2
6.91325E+11	2.00852E-12	-2.75832E+1	3.25989E-2	-2.61120E-2
6.91500E+11	3.36426E-12	-2.75327E+1	2.00317E-2	3.69278E-2
6.91675E+11	1.77936E-12	-3.18475E+1	-2.55274E-2	1.36201E-3
6.91850E+11	5.84563E-12	-2.66265E+1	2.59987E-2	-3.87110E-2
6.92025E+11	1.77039E-12	-2.93394E+1	3.29899E-2	8.71476E-3
6.92200E+11	1.54213E-12	-2.83421E+1	-3.77803E-2	6.12360E-3
6.92375E+11	1.25045E-12	-3.15647E+1	1.59238E-2	-2.10692E-2
6.92550E+11	1.83014E-12	-3.21719E+1	-5.00245E-3	2.41132E-2
6.92725E+11	2.28397E-12	-3.08623E+1	-1.52846E-2	-2.42135E-2
6.92900E+11	2.43619E-12	-3.18000E+1	1.85550E-2	-1.77879E-2
6.93075E+11	3.79534E-13	-3.79517E+1	9.13233E-3	8.76713E-3
6.93250E+11	4.82810E-12	-2.99607E+1	-3.09797E-2	7.02442E-3
6.93425E+11	2.24810E-12	-3.24529E+1	5.29046E-3	-2.32483E-2
6.93600E+11	3.54277E-12	-3.24081E+1	2.04719E-2	1.24609E-2
6.93775E+11	4.59636E-13	-4.11322E+1	-7.88959E-3	-3.84789E-3
6.93950E+11	6.03685E-12	-3.02138E+1	1.76203E-2	-2.53274E-2
6.94125E+11	2.42956E-12	-3.41321E+1	1.58781E-2	1.15787E-2
6.94300E+11	9.44022E-12	-2.82678E+1	-3.28152E-2	2.03288E-2
6.94475E+11	6.22553E-13	-3.85476E+1	-5.81433E-3	-1.02911E-2
6.94650E+11	6.73151E-12	-2.94301E+1	2.54735E-2	-2.21657E-2
6.94825E+11	7.60575E-12	-2.97634E+1	1.15414E-2	3.03774E-2
6.95000E+11	4.07586E-12	-3.00790E+1	-3.13080E-2	1.33130E-3
6.95175E+11	1.42661E-12	-3.53834E+1	8.28217E-3	-1.48631E-2
6.95350E+11	2.71919E-12	-3.23714E+1	-3.16525E-3	2.38585E-2
6.95525E+11	2.24071E-12	-3.37889E+1	-4.22937E-3	-2.00013E-2
6.95700E+11	5.07017E-12	-2.87771E+1	2.48332E-2	-2.66185E-2
6.95875E+11	7.73428E-12	-2.63264E+1	-5.65326E-3	4.79380E-2
6.96050E+11	5.05845E-12	-2.81160E+1	-3.91587E-2	-3.11464E-3
6.96225E+11	8.56146E-13	-3.43022E+1	1.83061E-2	-6.01960E-3
6.96400E+11	2.75791E-12	-2.96644E+1	-1.28564E-2	3.02498E-2
6.96575E+11	4.90930E-12	-2.72948E+1	-3.65926E-2	-2.29190E-2
6.96750E+11	2.22483E-12	-3.12176E+1	1.38292E-2	-2.37543E-2
6.96925E+11	4.78701E-13	-3.87504E+1	-4.05299E-3	1.08127E-2
6.97100E+11	2.09670E-12	-3.06201E+1	-2.81089E-2	-8.76562E-3
6.97275E+11	3.41915E-13	-3.62765E+1	1.39079E-2	6.50108E-3
6.97450E+11	2.40786E-12	-2.74819E+1	-3.92721E-2	1.56017E-2
6.97625E+11	2.54968E-12	-2.76769E+1	-2.32583E-2	-3.41521E-2
6.97800E+11	2.68080E-12	-2.70076E+1	3.98276E-2	2.01384E-2
6.97975E+11	1.33506E-12	-3.02938E+1	2.78898E-2	1.25199E-2
6.98150E+11	1.89066E-12	-2.86269E+1	-2.87837E-2	2.33104E-2
6.98325E+11	3.75287E-13	-3.54419E+1	-1.50898E-2	7.61128E-3
6.98500E+11	9.23858E-13	-3.13871E+1	-2.20393E-2	1.55197E-2
6.98675E+11	6.69352E-13	-3.11651E+1	2.48908E-2	-1.20480E-2
6.98850E+11	3.83761E-13	-3.39779E+1	-1.96961E-2	-3.49331E-3
6.99025E+11	3.38695E-13	-3.27867E+1	9.37650E-3	-2.09405E-2
6.99200E+11	1.35155E-12	-2.78831E+1	3.36565E-2	2.22570E-2
6.99375E+11	1.35915E-13	-3.84363E+1	1.17564E-2	-2.26484E-3
6.99550E+11	6.14524E-14	-4.46373E+1	-2.90090E-3	-5.09525E-3
6.99725E+11	8.41063E-13	-3.50301E+1	6.77154E-3	-1.63766E-2
6.99900E+11	9.43007E-12	-2.46650E+1	5.82332E-2	4.97278E-3
7.00075E+11	5.55952E-13	-3.61802E+1	1.53565E-2	2.27160E-3
7.00250E+11	1.93012E-12	-3.09097E+1	1.61152E-3	-2.84327E-2
7.00425E+11	1.13228E-14	-5.22086E+1	4.20448E-4	-2.41596E-3
7.00600E+11	2.01986E-12	-2.99200E+1	-2.52967E-3	-3.18150E-2
7.00775E+11	1.52167E-12	-2.96628E+1	-3.23598E-2	5.79418E-3
7.00950E+11	1.02215E-12	-3.24368E+1	2.19917E-2	9.32467E-3
7.01125E+11	1.13166E-13	-4.42374E+1	-3.47474E-3	5.06151E-3
7.01300E+11	1.04642E-12	-3.47180E+1	1.04999E-2	1.50730E-2
7.01475E+11	3.46900E-13	-3.99452E+1	4.85178E-3	8.81649E-3
7.01650E+11	1.08368E-12	-3.59761E+1	1.48580E-2	5.64035E-3
7.01825E+11	8.51599E-14	-4.61171E+1	7.78455E-4	-4.88308E-3
7.02000E+11	5.77661E-13	-3.87522E+1	1.14687E-2	-1.32394E-3
7.02175E+11	3.76557E-13	-4.13897E+1	6.62846E-3	5.35521E-3
7.02350E+11	7.42314E-13	-3.69389E+1	7.96530E-3	-1.17858E-2
7.02525E+11	2.80518E-12	-3.13739E+1	-2.66273E-2	-4.44820E-3
7.02700E+11	4.53977E-13	-3.80263E+1	1.18764E-2	-4.05994E-3
7.02875E+11	2.59136E-12	-3.35597E+1	2.09639E-2	-1.04925E-3
7.03050E+11	1.63697E-12	-3.39378E+1	2.84028E-3	1.98944E-2
7.03225E+11	1.39350E-12	-3.59370E+1	-2.15144E-3	-1.58187E-2
7.03400E+11	1.35242E-13	-4.46384E+1	-7.27657E-4	5.81710E-3
7.03575E+11	1.80289E-13	-4.41573E+1	-6.19498E-3	1.30483E-4
7.03750E+11	1.78478E-12	-3.48265E+1	4.28399E-3	1.76285E-2
7.03925E+11	1.90013E-12	-3.63699E+1	2.32453E-3	-1.50092E-2
7.04100E+11	1.00308E-12	-3.72907E+1	-2.62813E-3	-1.34052E-2
7.04275E+11	4.40449E-13	-4.08795E+1	-5.52836E-3	7.14879E-3
7.04450E+11	2.22310E-12	-3.36662E+1	1.98105E-2	6.12013E-3
7.04625E+11	2.78922E-13	-4.29286E+1	-1.62618E-3	-6.95022E-3
7.04800E+11	3.52153E-13	-4.07410E+1	-3.24300E-3	-8.59057E-3
7.04975E+11	1.13564E-12	-3.48295E+1	-1.74686E-2	-4.87212E-3
7.05150E+11	6.40862E-13	-3.84278E+1	1.18284E-2	1.92688E-3
7.05325E+11	2.96167E-12	-3.40644E+1	1.66349E-2	1.07485E-2
7.05500E+11	2.74953E-12	-3.37953E+1	-1.95138E-2	-6.04412E-3
7.05675E+11	3.01534E-12	-3.31268E+1	1.02249E-2	-1.95504E-2
7.05850E+11	1.28961E-12	-3.66509E+1	1.19593E-2	8.55578E-3
7.06025E+11	2.98656E-12	-3.26534E+1	-2.30934E-2	3.08478E-3
7.06200E+11	3.55845E-12	-3.29538E+1	-2.09077E-2	-8.33140E-3
7.06375E+11	3.96204E-12	-2.87293E+1	3.46029E-2	-1.19385E-2
7.06550E+11	2.31183E-12	-2.97801E+1	1.33406E-2	2.95629E-2
7.06725E+11	4.16002E-12	-2.42582E+1	-3.90620E-2	-4.71745E-2
7.06900E+11	5.54274E-12	-2.53972E+1	3.93182E-2	3.66056E-2
7.07075E+11	9.29099E-12	-2.34823E+1	-5.02779E-3	6.67816E-2
7.07250E+11	3.13866E-12	-2.52290E+1	6.91904E-3	-5.43324E-2
7.07425E+11	3.20120E-12	-2.46396E+1	5.44474E-2	-2.17103E-2
7.07600E+11	2.24024E-12	-2.81774E+1	3.45955E-2	1.80172E-2
7.07775E+11	1.79591E-12	-2.89151E+1	-3.52755E-2	6.27859E-3
7.07950E+11	1.70271E-13	-3.75175E+1	1.14316E-2	-6.81417E-3
7.08125E+11	4.33656E-12	-2.31881E+1	4.87096E-2	4.92632E-2
7.08300E+11	1.40964E-13	-3.87217E+1	1.01122E-2	-5.65396E-3
7.08475E+11	1.91090E-12	-2.43813E+1	4.99867E-2	3.38793E-2
7.08650E+11	4.40743E-13	-3.13542E+1	2.21798E-2	-1.54976E-2
7.08825E+11	1.71826E-12	-2.61989E+1	4.89100E-2	2.69891E-3
7.09000E+11	1.53078E-13	-3.58460E+1	-1.61315E-2	1.79471E-4
7.09175E+11	2.04741E-12	-2.53166E+1	-1.88443E-2	-5.08414E-2
7.09350E+11	5.05351E-12	-2.21972E+1	4.56044E-2	6.28471E-2
7.09525E+11	8.13884E-13	-3.30301E+1	-1.50490E-2	1.64697E-2
7.09700E+11	1.93131E-12	-2.81386E+1	-6.85368E-3	-3.85764E-2
7.09875E+11	6.95737E-13	-3.39292E+1	1.93928E-2	5.34465E-3
7.10050E+11	1.70551E-12	-2.91680E+1	-1.84705E-3	-3.47526E-2
7.10225E+11	7.97211E-13	-3.28745E+1	2.21115E-2	5.19226E-3
7.10400E+11	2.90720E-12	-2.68999E+1	-4.14981E-2	-1.78798E-2
7.10575E+11	3.87757E-12	-2.41424E+1	-8.93354E-3	-6.14237E-2
7.10750E+11	5.11654E-13	-3.25969E+1	1.64914E-2	1.66723E-2
7.10925E+11	6.69622E-12	-2.34794E+1	-5.32983E-2	-4.05879E-2
7.11100E+11	3.67715E-14	-4.66011E+1	7.44170E-5	-4.67616E-3
7.11275E+11	4.04576E-13	-3.61473E+1	1.41054E-2	6.62184E-3
7.11450E+11	5.65285E-12	-2.46891E+1	-4.91719E-2	3.12901E-2
7.11625E+11	2.58956E-13	-3.57946E+1	-1.11674E-2	1.17746E-2
7.11800E+11	2.56601E-12	-2.89299E+1	3.55936E-2	-3.53869E-3
7.11975E+11	2.25830E-12	-2.86108E+1	-2.55746E-2	2.68866E-2
7.12150E+11	4.92444E-12	-2.64409E+1	-3.14716E-2	3.57620E-2
7.12325E+11	3.82458E-12	-2.69584E+1	3.31026E-2	-3.03096E-2
7.12500E+11	1.48732E-12	-3.10523E+1	1.36217E-2	2.44801E-2
7.12675E+11	3.05266E-14	-4.85916E+1	-2.16387E-3	-3.02462E-3
7.12850E+11	2.06298E-12	-2.92710E+1	-2.25716E-2	-2.59477E-2
7.13025E+11	1.81038E-12	-2.84139E+1	7.89911E-3	3.71274E-2
7.13200E+11	3.32147E-12	-2.60370E+1	-4.38174E-3	4.97127E-2
7.13375E+11	1.73726E-12	-2.79268E+1	-1.40268E-2	-3.76178E-2
7.13550E+11	2.56648E-12	-2.68903E+1	4.52201E-2	1.20673E-3
7.13725E+11	5.83123E-12	-2.12449E+1	2.09100E-2	8.40863E-2
7.13900E+11	1.61590E-11	-1.80533E+1	-1.23798E-1	-1.81587E-2
7.14075E+11	2.45501E-12	-2.44237E+1	4.70455E-2	-3.73869E-2
7.14250E+11	1.15387E-11	-1.66584E+1	3.58910E-2	1.42468E-1
7.14425E+11	1.80785E-11	-1.53872E+1	-1.39536E-1	-9.72372E-2
7.14600E+11	1.82575E-11	-1.39517E+1	9.77639E-2	-1.75210E-1
7.14775E+11	1.68958E-11	-1.29435E+1	1.81169E-1	1.33986E-1
7.14950E+11	1.10331E-11	-1.50798E+1	-1.37490E-1	1.10199E-1
7.15125E+11	1.35250E-11	-1.18927E+1	-5.43162E-2	-2.48444E-1
7.15300E+11	1.85692E-11	-1.00554E+1	3.14120E-1	7.77705E-3
7.15475E+11	1.07514E-11	-1.07641E+1	-2.03169E-1	2.06370E-1
7.15650E+11	1.35007E-11	-7.88300E+0	-1.32320E-1	-3.81194E-1
7.15825E+11	1.83494E-11	-6.54643E+0	4.51893E-1	1.31470E-1
7.16000E+11	3.02361E-11	-5.38805E+0	-3.98387E-1	3.61228E-1
7.16175E+11	1.45745E-11	-6.56167E+0	-2.53131E-1	-3.95778E-1
7.16350E+11	1.07317E-11	-6.84766E+0	4.16554E-1	1.82021E-1
7.16525E+11	1.18173E-11	-7.80623E+0	-2.11969E-1	3.47548E-1
7.16700E+11	6.35886E-13	-1.72336E+1	-1.31054E-1	-4.16259E-2
7.16875E+11	4.16734E-12	-8.60876E+0	3.62004E-1	8.19343E-2
7.17050E+11	8.11131E-12	-4.99022E+0	-7.59722E-2	5.57825E-1
7.17225E+11	8.21647E-12	-5.24929E+0	1.82365E-1	-5.15102E-1
7.17400E+11	6.29488E-13	-1.56340E+1	-2.23092E-2	-1.63798E-1
7.17575E+11	2.52510E-12	-9.90312E+0	1.02112E-1	3.03033E-1
7.17750E+11	3.22303E-12	-6.69897E+0	-3.35434E-1	-3.18325E-1
7.17925E+11	5.99516E-13	-1.23909E+1	2.33526E-1	-5.59463E-2
7.18100E+11	1.35458E-12	-1.44591E+1	1.59609E-1	1.01698E-1
7.18275E+11	4.30230E-13	-1.53838E+1	-1.25941E-1	-1.14399E-1
7.18450E+11	1.45808E-12	-1.20507E+1	-2.23055E-1	-1.12294E-1
7.18625E+11	9.96811E-13	-1.39179E+1	-1.90029E-1	-6.67778E-2
7.18800E+11	1.90684E-13	-2.07332E+1	-4.63467E-2	-7.93632E-2
7.18975E+11	8.27234E-13	-1.13555E+1	-2.19392E-1	-1.58292E-1
7.19150E+11	3.09317E-12	-9.00668E+0	3.40339E-1	-9.93416E-2
7.19325E+11	3.33834E-13	-1.99351E+1	-3.39149E-2	-9.48697E-2
7.19500E+11	2.41219E-12	-1.16059E+1	-1.42450E-1	2.20901E-1
7.19675E+11	5.73151E-13	-1.83379E+1	-1.18588E-1	2.44852E-2
7.19850E+11	3.60338E-12	-1.25473E+1	2.16496E-1	-9.35657E-2
7.20025E+11	3.54066E-13	-1.96107E+1	9.96446E-2	3.17608E-2
7.20200E+11	4.51411E-13	-2.17896E+1	8.12086E-2	-5.29016E-3
7.20375E+11	1.76031E-13	-2.44254E+1	4.72839E-2	3.70651E-2
7.20550E+11	1.97812E-14	-3.34713E+1	-6.40432E-3	-2.02145E-2
7.20725E+11	3.99961E-12	-1.28423E+1	1.96352E-1	-1.15838E-1
7.20900E+11	3.95991E-13	-2.32374E+1	-6.85022E-2	-7.26220E-3
7.21075E+11	8.00701E-13	-1.97353E+1	6.60127E-2	7.91883E-2
7.21250E+11	3.22447E-12	-1.37575E+1	-1.21114E-4	-2.05176E-1
7.21425E+11	6.30878E-13	-1.94972E+1	1.05477E-2	1.05434E-1
7.21600E+11	6.35212E-13	-1.91303E+1	5.27600E-2	9.71260E-2
7.21775E+11	2.14601E-13	-1.76793E+1	-1.76279E-2	-1.29433E-1
7.21950E+11	6.95766E-13	-1.23498E+1	1.85359E-1	-1.54452E-1
7.22125E+11	4.57480E-13	-1.67515E+1	3.60483E-2	1.40812E-1
7.22300E+11	1.04424E-12	-1.20638E+1	-2.09771E-1	1.34803E-1
7.22475E+11	1.74686E-14	-2.72275E+1	-4.34431E-2	-2.48005E-3
7.22650E+11	8.57069E-13	-1.28195E+1	2.22270E-1	-5.33058E-2
7.22825E+11	1.88374E-12	-8.76956E+0	1.88141E-1	3.12019E-1
7.23000E+11	8.96196E-14	-1.39911E+1	8.50522E-2	-1.80718E-1
7.23175E+11	2.24028E-12	-5.08682E+0	-3.55725E-1	4.28285E-1
7.23350E+11	1.48621E-12	-8.79794E+0	6.24357E-2	3.57757E-1
7.23525E+11	2.43458E-12	1.91807E+0	-4.13555E-1	-1.17654E+0
7.23700E+11	3.85881E-12	4.87493E+0	9.80593E-1	-1.45291E+0
7.23875E+11	1.18976E-13	-1.29455E+1	-1.54690E-1	1.63778E-1
7.24050E+11	1.16368E-12	-3.91213E+0	-2.29940E-1	5.94451E-1
7.24225E+11	9.69220E-13	-2.70062E+0	-6.10030E-1	-4.05978E-1
7.24400E+11	8.94994E-13	-3.89666E+0	6.03119E-1	-2.09621E-1
7.24575E+11	2.95944E-12	1.95618E+1	8.10199E+0	4.97600E+0
7.24750E+11	8.33252E-13	-9.90340E+0	-2.57256E-1	-1.89917E-1
7.24925E+11	2.87754E-12	1.19039E+0	1.00462E+0	5.53238E-1
7.25100E+11	2.94649E-12	8.19118E+0	-1.99593E-1	2.56002E+0
7.25275E+11	2.38046E-13	-3.08757E+0	6.85011E-1	1.48129E-1
7.25450E+11	1.44132E-12	-2.42453E+0	-5.01156E-1	-5.66605E-1
7.25625E+11	1.37513E-12	5.09138E-1	2.36224E-1	1.03372E+0
7.25800E+11	9.41867E-14	-9.46137E+0	-2.55895E-1	2.18454E-1
7.25975E+11	7.34257E-13	-8.36508E+0	-1.38304E-1	-3.55785E-1
7.26150E+11	4.45635E-12	6.99612E+0	-1.68203E+0	1.47586E+0
7.26325E+11	2.42844E-13	-2.22379E+0	7.07946E-1	-3.13177E-1
7.26500E+11	1.58143E-13	-1.71068E+1	4.31854E-2	1.32676E-1
7.26675E+11	7.12562E-12	6.50011E+0	4.78817E-1	2.05856E+0
7.26850E+11	2.10725E-13	-2.95273E+0	-2.58612E-1	6.63169E-1
7.27025E+11	5.92533E-12	1.47925E+0	1.11130E+0	4.13301E-1
7.27200E+11	3.22580E-13	-4.76857E+0	1.26416E-1	5.63520E-1
7.27375E+11	8.09483E-13	-5.99595E+0	-4.54961E-1	-2.10792E-1
7.27550E+11	1.04129E-12	2.99663E+0	1.17378E+0	-7.84830E-1
7.27725E+11	1.95653E-13	-7.03080E+0	-2.94281E-1	3.33939E-1
7.27900E+11	4.28605E-12	-2.33523E-1	-7.15617E-2	9.70839E-1
7.28075E+11	5.58658E-13	-1.10567E+1	1.12107E-2	2.79780E-1
7.28250E+11	5.36494E-13	8.85224E+0	-2.48798E+0	1.21965E+0
7.28425E+11	1.72865E-12	-1.08712E+0	-5.15477E-1	7.16125E-1
7.28600E+11	5.40550E-13	-1.87704E+0	4.17301E-1	-6.89157E-1
7.28775E+11	2.21640E-13	-1.49770E+1	6.72916E-2	1.65114E-1
7.28950E+11	3.31489E-12	-5.23049E+0	4.21393E-1	3.49729E-1
7.29125E+11	2.52506E-13	-1.39203E+1	-2.01002E-1	1.20949E-2
7.29300E+11	2.74118E-13	-1.43263E+1	-5.61150E-2	-1.83794E-1
7.29475E+11	3.59400E-12	-1.68494E-2	-7.78512E-2	-9.95021E-1
7.29650E+11	1.42026E-12	-4.97873E+0	-5.56459E-1	-9.01903E-2
7.29825E+11	2.52786E-12	-4.45201E+0	3.70036E-1	4.70987E-1
7.30000E+11	1.16565E-12	-1.04600E+1	2.33077E-1	-1.88747E-1
