4.50000E+11	3.18903E-13	-1.62796E+2	-1.55541E-1	-4.81591E-2
4.50175E+11	6.24331E-13	-5.93985E+1	8.37230E-2	-1.41559E-1
4.50350E+11	4.48968E-14	-3.26071E+1	3.58820E-2	-2.29537E-2
4.50525E+11	2.57015E-13	1.05965E+2	-1.86528E-2	6.51987E-2
4.50700E+11	4.01289E-13	-1.51228E+2	-1.18871E-1	-6.52734E-2
4.50875E+11	1.14260E-12	-7.91770E+1	4.13749E-2	-2.16424E-1
4.51050E+11	2.28215E-12	-5.78346E+1	1.48733E-1	-2.36500E-1
4.51225E+11	2.98662E-12	1.33389E+2	-3.46510E-1	3.66567E-1
4.51400E+11	7.27283E-13	8.95540E+1	1.22436E-3	1.57282E-1
4.51575E+11	1.51238E-12	-4.14282E+1	3.36124E-1	-2.96628E-1
4.51750E+11	3.86635E-13	-8.45541E+1	2.79747E-2	-2.93431E-1
4.51925E+11	6.49560E-13	1.21232E+2	-1.55397E-1	2.56267E-1
4.52100E+11	5.55203E-13	-1.53293E+2	-1.05343E-1	-5.29994E-2
4.52275E+11	1.23487E-12	4.57988E+1	6.77944E-2	6.97116E-2
4.52450E+11	1.18129E-12	3.10527E+1	5.50315E-2	3.31352E-2
4.52625E+11	2.18677E-12	9.57655E+1	-5.55246E-3	5.49924E-2
4.52800E+11	5.68947E-12	1.78656E+2	-6.67633E-2	1.56668E-3
4.52975E+11	8.93705E-12	-1.55344E+2	-6.25053E-2	-2.86906E-2
4.53150E+11	2.31512E-11	-1.06484E+2	-2.01451E-2	-6.80765E-2
4.53325E+11	2.98465E-11	-1.76732E+1	6.74489E-2	-2.14910E-2
4.53500E+11	1.99999E-11	7.76116E+1	1.13397E-2	5.16262E-2
4.53675E+11	3.89398E-11	-1.79057E+2	-6.73012E-2	-1.10763E-3
4.53850E+11	2.90780E-11	-5.99204E+1	2.48255E-2	-4.28613E-2
4.54025E+11	2.68568E-11	2.19699E+1	3.69923E-2	1.49233E-2
4.54200E+11	3.44749E-11	7.95517E+1	7.12671E-3	3.86469E-2
4.54375E+11	2.28360E-11	1.73612E+2	-3.19525E-2	3.57734E-3
4.54550E+11	1.56647E-11	-8.46818E+1	2.61287E-3	-2.80688E-2
4.54725E+11	1.33923E-11	1.26903E+1	3.01163E-2	6.78164E-3
4.54900E+11	7.20386E-12	1.49965E+2	-2.52112E-2	1.45762E-2
4.55075E+11	3.22557E-12	-1.61763E+2	-2.43130E-2	-8.01096E-3
4.55250E+11	6.01919E-14	5.14538E+0	4.24620E-3	3.82353E-4
4.55425E+11	2.75480E-12	-5.21045E+1	2.62852E-2	-3.37703E-2
4.55600E+11	1.65458E-13	5.13866E+1	8.47600E-3	1.06126E-2
4.55775E+11	3.05689E-14	-4.06174E+1	6.24108E-3	-5.35254E-3
4.55950E+11	1.50152E-12	-1.74625E+2	-1.01405E-1	-9.54014E-3
4.56125E+11	2.87798E-12	-6.83142E+0	3.30152E-1	-3.95519E-2
4.56300E+11	2.51612E-12	9.74474E+1	-6.59788E-2	5.04741E-1
4.56475E+11	6.31456E-13	-1.39762E+2	-1.65832E-1	-1.40327E-1
4.56650E+11	1.25992E-14	-5.62909E+1	1.21492E-2	-1.82107E-2
4.56825E+11	2.35681E-12	-1.04862E+2	-4.39023E-2	-1.65441E-1
4.57000E+11	8.66906E-13	-1.70014E+2	-1.14305E-1	-2.01264E-2
4.57175E+11	2.30094E-12	1.45841E+2	-1.85642E-1	1.25969E-1
4.57350E+11	4.85674E-14	4.76057E+1	1.82403E-2	1.99797E-2
4.57525E+11	7.01644E-13	6.73441E+1	4.07437E-2	9.76121E-2
4.57700E+11	1.42827E-12	-1.11875E+2	-1.07388E-1	-2.67475E-1
4.57875E+11	6.07746E-13	-4.87395E+1	1.73853E-1	-1.98168E-1
4.58050E+11	2.06985E-13	-1.35351E+2	-5.24486E-1	-5.18103E-1
4.58225E+11	5.94734E-14	-8.43791E+1	1.99503E-2	-2.02707E-1
4.58400E+11	1.12782E-12	-1.43434E+2	-6.08999E-1	-4.51723E-1
4.58575E+11	7.69672E-14	1.19335E+2	-1.93929E-1	3.45079E-1
4.58750E+11	4.64562E-13	1.57900E+2	-2.83156E+0	1.14980E+0
4.58925E+11	1.84687E-12	-3.47710E+1	4.12580E-1	-2.86441E-1
4.59100E+11	6.38412E-13	4.75456E+1	4.38677E-1	4.79499E-1
4.59275E+11	1.59181E-13	-3.64538E+1	1.28610E-1	-9.50062E-2
4.59450E+11	8.20841E-13	-9.38456E+1	-3.40598E-2	-5.06691E-1
4.59625E+11	1.33832E-12	1.54149E+2	-7.34320E-1	3.55796E-1
4.59800E+11	1.03468E-12	1.50239E+2	-9.45171E-1	5.40442E-1
4.59975E+11	2.54745E-12	-7.56715E+1	1.69696E-1	-6.64367E-1
4.60150E+11	1.30348E-12	3.55806E+1	5.20810E-1	3.72597E-1
4.60325E+11	2.98655E-12	9.70194E+1	-1.01765E-1	8.26494E-1
4.60500E+11	6.31037E-13	-8.84833E+1	1.02619E-2	-3.87577E-1
4.60675E+11	2.13892E-12	-1.07026E+2	-2.58337E-1	-8.43614E-1
4.60850E+11	1.02527E-12	1.25964E+2	-2.95220E-1	4.06873E-1
4.61025E+11	2.08654E-12	-1.73532E+2	-3.56159E+0	-4.03760E-1
4.61200E+11	1.62869E-12	-1.77285E+2	-1.17322E+1	-5.56308E-1
4.61375E+11	4.45175E-13	-2.23807E+1	4.40908E-1	-1.81556E-1
4.61550E+11	8.23850E-13	-1.45328E+1	3.13547E-1	-8.12802E-2
4.61725E+11	1.60208E-12	-7.28847E+1	1.52918E-1	-4.96598E-1
4.61900E+11	1.60482E-12	-1.07052E+1	7.48454E-1	-1.41493E-1
4.62075E+11	5.09014E-13	-9.82324E+1	-2.12522E-1	-1.46893E+0
4.62250E+11	7.56978E-13	1.55047E+2	-3.61470E-1	1.68196E-1
4.62425E+11	2.05671E-13	8.67269E+0	2.88375E-1	4.39869E-2
4.62600E+11	3.22305E-12	2.69009E+1	8.32828E-1	4.22534E-1
4.62775E+11	1.24496E-13	6.92444E+1	7.17003E-2	1.89194E-1
4.62950E+11	2.27021E-13	1.65550E+2	-3.84172E-1	9.89927E-2
4.63125E+11	1.10777E-12	-6.26354E+1	2.03721E-1	-3.93613E-1
4.63300E+11	6.15866E-13	5.54741E+1	7.17963E-1	1.04363E+0
4.63475E+11	5.20951E-13	9.22449E+0	6.98117E-1	1.13377E-1
4.63650E+11	2.17338E-12	-2.73456E+1	1.53540E+0	-7.94029E-1
4.63825E+11	6.91314E-13	6.33630E+1	1.70077E-1	3.39088E-1
4.64000E+11	1.69238E-12	2.57031E+1	5.19668E-1	2.50135E-1
4.64175E+11	5.84688E-12	-1.52737E+2	-9.96018E-1	-5.13266E-1
4.64350E+11	2.30672E-12	1.20559E+2	-4.49452E-1	7.61230E-1
4.64525E+11	9.41145E-12	-1.72161E+2	-1.84277E+0	-2.53703E-1
4.64700E+11	8.19136E-12	-3.61786E+1	8.78495E-1	-6.42456E-1
4.64875E+11	8.83440E-12	9.32234E+1	-5.84005E-2	1.03696E+0
4.65050E+11	1.42470E-11	-1.71183E+2	-8.57020E-1	-1.32927E-1
4.65225E+11	4.90339E-12	-3.35455E+1	4.39951E-1	-2.91700E-1
4.65400E+11	4.35907E-12	8.29416E+1	5.19928E-2	4.19910E-1
4.65575E+11	1.50648E-11	-1.51191E+2	-4.52417E-1	-2.48813E-1
4.65750E+11	6.24565E-11	-5.44233E+1	5.52579E-1	-7.72496E-1
4.65925E+11	1.73494E-10	6.51975E+1	5.10769E-1	1.10528E+0
4.66100E+11	3.37963E-10	1.70195E+2	-1.56690E+0	2.70795E-1
4.66275E+11	2.33624E-10	-7.56777E+1	3.80858E-1	-1.49174E+0
4.66450E+11	2.18736E-10	2.97684E+1	1.19484E+0	6.83420E-1
4.66625E+11	1.21872E-10	1.42327E+2	-9.41634E-1	7.27069E-1
4.66800E+11	1.26958E-10	-1.26925E+2	-7.83987E-1	-1.04324E+0
4.66975E+11	1.59233E-10	1.54712E+0	1.77149E+0	4.78459E-2
4.67150E+11	1.34973E-10	1.17632E+2	-8.95089E-1	1.70984E+0
4.67325E+11	1.26771E-10	-1.26966E+2	-1.05440E+0	-1.40100E+0
4.67500E+11	6.78815E-11	-3.28910E+1	1.14052E+0	-7.37584E-1
4.67675E+11	6.04386E-11	7.15113E+1	3.69845E-1	1.10607E+0
4.67850E+11	5.43762E-11	-1.43948E+2	-2.10225E+0	-1.53030E+0
4.68025E+11	1.11572E-11	-6.46814E+1	4.15418E-1	-8.78086E-1
4.68200E+11	2.59639E-11	-1.21765E+1	8.87882E-1	-1.91585E-1
4.68375E+11	3.97834E-11	1.11657E+2	-4.63895E-1	1.16825E+0
4.68550E+11	2.86762E-11	-1.48962E+2	-5.92181E-1	-3.56356E-1
4.68725E+11	4.35786E-11	-1.36083E+1	6.39911E-1	-1.54909E-1
4.68900E+11	3.72294E-11	6.49429E+1	2.77447E-1	5.93444E-1
4.69075E+11	2.99350E-11	1.73415E+2	-6.04975E-1	6.98353E-2
4.69250E+11	4.39987E-11	-2.23185E+1	5.16784E-1	-2.12144E-1
4.69425E+11	1.91450E-11	7.60348E+1	6.81302E-2	2.73963E-1
4.69600E+11	1.30383E-11	1.75459E+2	-1.96591E-1	1.56152E-2
4.69775E+11	7.62089E-12	-8.43194E+1	1.60601E-2	-1.61454E-1
4.69950E+11	1.33371E-11	-3.13396E+1	2.10190E-1	-1.27997E-1
4.70125E+11	4.53621E-12	5.82454E+1	6.84336E-2	1.10568E-1
4.70300E+11	1.25100E-11	1.46478E+2	-1.89395E-1	1.25463E-1
4.70475E+11	4.14828E-11	-1.17645E+2	-1.78718E-1	-3.41202E-1
4.70650E+11	1.51701E-11	-9.35505E+0	1.68098E-1	-2.76929E-2
4.70825E+11	1.56752E-11	6.53053E+1	6.30434E-2	1.37100E-1
4.71000E+11	4.74573E-11	1.44068E+2	-1.97558E-1	1.43179E-1
4.71175E+11	1.19577E-10	-1.54399E+2	-3.19140E-1	-1.52910E-1
4.71350E+11	1.41595E-10	-6.70334E+1	1.28441E-1	-3.03079E-1
4.71525E+11	1.70526E-10	2.26123E+0	3.77784E-1	1.49174E-2
4.71700E+11	3.87132E-10	9.85260E+1	-7.59348E-2	5.06520E-1
4.71875E+11	4.12399E-10	-1.72355E+2	-4.88006E-1	-6.55040E-2
4.72050E+11	3.51084E-10	-7.42279E+1	1.39164E-1	-4.92712E-1
4.72225E+11	3.14384E-10	2.71406E+1	3.07382E-1	1.57570E-1
4.72400E+11	6.75653E-10	1.28702E+2	-2.29133E-1	2.85980E-1
4.72575E+11	1.47749E-9	-1.18871E+2	-1.78294E-1	-3.23370E-1
4.72750E+11	2.51808E-9	-1.54575E+0	4.01278E-1	-1.08285E-2
4.72925E+11	4.21284E-9	1.19428E+2	-1.81415E-1	3.21596E-1
4.73100E+11	8.08933E-9	-1.15091E+2	-1.38232E-1	-2.95220E-1
4.73275E+11	1.06587E-8	-5.85191E+0	2.57905E-1	-2.64332E-2
4.73450E+11	1.10197E-8	1.11008E+2	-7.50764E-2	1.95502E-1
4.73625E+11	7.67595E-9	-1.61175E+2	-1.46108E-1	-4.98107E-2
4.73800E+11	9.67108E-9	-6.17036E+1	7.47622E-2	-1.38869E-1
4.73975E+11	1.25835E-8	5.25411E+1	1.05199E-1	1.37302E-1
4.74150E+11	1.17784E-8	1.66959E+2	-1.69744E-1	3.93172E-2
4.74325E+11	9.53786E-9	-7.43975E+1	4.29017E-2	-1.53630E-1
4.74500E+11	8.74713E-9	4.35463E+1	1.14767E-1	1.09087E-1
4.74675E+11	8.72987E-9	1.51019E+2	-1.47015E-1	8.14278E-2
4.74850E+11	4.72767E-9	-9.58761E+1	-1.42333E-2	-1.38296E-1
4.75025E+11	2.92241E-9	1.25023E-1	1.24187E-1	2.70985E-4
4.75200E+11	4.42307E-9	9.74774E+1	-1.80048E-2	1.37177E-1
4.75375E+11	4.64934E-9	-1.46866E+2	-1.14148E-1	-7.45081E-2
4.75550E+11	3.15751E-9	-3.88441E+1	9.74262E-2	-7.84562E-2
4.75725E+11	3.70293E-9	6.99696E+1	5.26487E-2	1.44413E-1
4.75900E+11	3.06995E-9	-1.75105E+2	-1.65726E-1	-1.41938E-2
4.76075E+11	2.45902E-9	-6.58754E+1	6.27961E-2	-1.40221E-1
4.76250E+11	1.16903E-9	4.85206E+1	7.93748E-2	8.97820E-2
4.76425E+11	5.35282E-10	1.37899E+2	-7.44973E-2	6.73153E-2
4.76600E+11	7.49568E-10	-1.17846E+2	-6.51699E-2	-1.23366E-1
4.76775E+11	7.03725E-10	-1.06681E+1	1.72298E-1	-3.24567E-2
4.76950E+11	6.82359E-10	9.06903E+1	-2.62269E-3	2.17666E-1
4.77125E+11	5.81725E-10	-1.75083E+2	-2.44818E-1	-2.10610E-2
4.77300E+11	4.30531E-10	6.47212E+1	8.98803E-2	1.90326E-1
4.77475E+11	3.65730E-10	-1.76121E+2	-1.90517E-1	-1.29182E-2
4.77650E+11	1.54156E-10	-5.62276E+1	1.10318E-1	-1.64963E-1
4.77825E+11	1.52365E-10	3.93453E+1	1.72747E-1	1.41620E-1
4.78000E+11	1.48873E-10	1.49587E+2	-2.21837E-1	1.30221E-1
4.78175E+11	2.16320E-10	-9.15734E+1	-8.72553E-3	-3.17656E-1
4.78350E+11	3.96628E-10	6.43411E+0	3.81798E-1	4.30556E-2
4.78525E+11	5.75967E-10	1.01464E+2	-9.77560E-2	4.82044E-1
4.78700E+11	5.99745E-10	-1.54766E+2	-4.18916E-1	-1.97430E-1
4.78875E+11	6.41201E-10	-4.46918E+1	3.41012E-1	-3.37363E-1
4.79050E+11	5.55448E-10	7.13435E+1	1.10388E-1	3.26944E-1
4.79225E+11	8.16378E-10	1.70844E+2	-3.11963E-1	5.02800E-2
4.79400E+11	1.05216E-9	-8.97237E+1	1.30737E-3	-2.71102E-1
4.79575E+11	7.14855E-10	-1.73084E+1	2.97796E-1	-9.28007E-2
4.79750E+11	5.59993E-10	3.58205E+1	1.11618E+0	8.05623E-1
4.79925E+11	5.85864E-10	-1.36670E+2	-8.71817E-1	-8.22425E-1
4.80100E+11	4.39471E-10	2.00183E+1	8.88239E-1	3.23613E-1
4.80275E+11	3.06438E-10	1.36802E+2	-8.58099E-1	8.05763E-1
4.80450E+11	1.21908E-10	-1.14505E+2	-4.34601E-1	-9.53429E-1
4.80625E+11	1.25866E-10	-2.94765E+1	1.03170E+0	-5.83147E-1
4.80800E+11	1.97813E-10	9.20273E+1	-4.78062E-2	1.35053E+0
4.80975E+11	2.14718E-10	-1.10980E+2	-4.13223E-1	-1.07763E+0
4.81150E+11	1.75958E-10	-4.08225E+0	1.31099E+0	-9.35647E-2
4.81325E+11	1.89289E-10	1.12532E+2	-4.39032E-1	1.05826E+0
4.81500E+11	1.78225E-10	-1.26925E+2	-6.95493E-1	-9.25470E-1
4.81675E+11	1.34945E-10	1.03719E+1	9.80740E-1	1.79502E-1
4.81850E+11	1.17981E-10	1.39644E+2	-8.35161E-1	7.09668E-1
4.82025E+11	1.35718E-10	-1.17195E+2	-4.56367E-1	-8.88204E-1
4.82200E+11	9.75162E-11	-3.25994E+0	7.77797E-1	-4.43019E-2
4.82375E+11	1.25949E-10	1.15733E+2	-3.27256E-1	6.78988E-1
4.82550E+11	1.45521E-10	-1.22909E+2	-4.09790E-1	-6.33212E-1
4.82725E+11	1.68566E-10	4.25172E+0	7.14150E-1	5.30921E-2
4.82900E+11	1.49920E-10	1.33265E+2	-4.40323E-1	4.67831E-1
4.83075E+11	1.23089E-10	-1.14429E+2	-1.93866E-1	-4.26810E-1
4.83250E+11	1.26919E-10	-3.30666E+1	3.39466E-1	-2.21013E-1
4.83425E+11	1.75980E-10	7.61796E+1	1.12074E-1	4.55585E-1
4.83600E+11	2.72807E-10	1.75277E+2	-4.20327E-1	3.47237E-2
4.83775E+11	4.17195E-10	-7.98937E+1	7.46394E-2	-4.18758E-1
4.83950E+11	4.48743E-10	2.30284E+1	3.61449E-1	1.53637E-1
4.84125E+11	4.31902E-10	1.38802E+2	-3.14245E-1	2.75082E-1
4.84300E+11	3.11586E-10	-1.11727E+2	-1.36043E-1	-3.41390E-1
4.84475E+11	2.30066E-10	8.44162E+0	3.60936E-1	5.35664E-2
4.84650E+11	2.40249E-10	1.08731E+2	-1.21493E-1	3.58299E-1
4.84825E+11	4.08015E-10	-1.61617E+2	-4.41523E-1	-1.46733E-1
4.85000E+11	3.89741E-10	-6.60677E+1	2.23224E-1	-5.02966E-1
4.85175E+11	3.96979E-10	4.81379E+0	3.48268E-1	2.93293E-2
4.85350E+11	7.18311E-10	9.08181E+1	-6.64544E-3	4.65400E-1
4.85525E+11	9.57421E-10	-1.62422E+2	-5.90518E-1	-1.87069E-1
4.85700E+11	7.62573E-10	-3.91394E+1	5.52852E-1	-4.49922E-1
4.85875E+11	6.13312E-10	7.91337E+1	1.06241E-1	5.53458E-1
4.86050E+11	5.01799E-10	-1.70079E+2	-5.48452E-1	-9.59245E-2
4.86225E+11	7.23267E-10	-4.87338E+1	4.28741E-1	-4.88606E-1
4.86400E+11	1.11633E-9	7.80637E+1	1.32665E-1	6.27571E-1
4.86575E+11	1.15791E-9	-1.61661E+2	-5.45864E-1	-1.80942E-1
4.86750E+11	1.59740E-9	-5.09761E+1	3.00212E-1	-3.70415E-1
4.86925E+11	2.80545E-9	5.19031E+1	3.72509E-1	4.75132E-1
4.87100E+11	1.96748E-9	1.48097E+2	-4.21171E-1	2.62184E-1
4.87275E+11	4.34092E-10	-1.01360E+2	-4.93134E-2	-2.45442E-1
4.87450E+11	3.31651E-10	-2.45315E+1	1.80963E-1	-8.25899E-2
4.87625E+11	2.40819E-9	6.79231E+1	1.93732E-1	4.77657E-1
4.87800E+11	6.26573E-9	1.72607E+2	-8.06252E-1	1.04619E-1
4.87975E+11	8.08460E-9	-8.23393E+1	1.13931E-1	-8.47024E-1
4.88150E+11	5.06282E-9	2.24726E+1	6.72048E-1	2.77995E-1
4.88325E+11	2.74623E-9	1.32494E+2	-3.81655E-1	4.16595E-1
4.88500E+11	1.57550E-9	-1.35682E+2	-2.76483E-1	-2.69979E-1
4.88675E+11	7.27012E-10	-4.18563E+1	2.18177E-1	-1.95458E-1
4.88850E+11	1.05891E-9	6.34776E+1	1.49263E-1	2.99083E-1
4.89025E+11	1.82901E-9	1.72370E+2	-3.57118E-1	4.78409E-2
4.89200E+11	4.02955E-9	-8.25760E+1	4.90080E-2	-3.76108E-1
4.89375E+11	6.77010E-9	2.04406E+1	3.68276E-1	1.37258E-1
4.89550E+11	9.15304E-9	1.26344E+2	-2.13057E-1	2.89573E-1
4.89725E+11	1.08445E-8	-1.16866E+2	-1.34986E-1	-2.66465E-1
4.89900E+11	1.12552E-8	-6.01203E-1	2.17280E-1	-2.28000E-3
4.90075E+11	7.94378E-9	1.02297E+2	-3.87993E-2	1.77997E-1
4.90250E+11	1.07026E-8	-1.69964E+2	-2.17773E-1	-3.85419E-2
4.90425E+11	1.47558E-8	-7.31852E+1	8.44152E-2	-2.79335E-1
4.90600E+11	1.64311E-8	3.03696E+1	2.81494E-1	1.64951E-1
4.90775E+11	2.14202E-8	1.36566E+2	-2.04542E-1	1.93652E-1
4.90950E+11	2.41124E-8	-1.07859E+2	-6.06709E-2	-1.88297E-1
4.91125E+11	2.18927E-8	-3.15487E+0	1.48193E-1	-8.16818E-3
4.91300E+11	2.23950E-8	9.14114E+1	-3.22992E-3	1.31090E-1
4.91475E+11	1.07860E-8	-1.74592E+2	-1.01995E-1	-9.65484E-3
4.91650E+11	1.23521E-8	-9.38704E+1	-7.22229E-3	-1.06753E-1
4.91825E+11	1.42806E-8	1.21381E+0	1.25501E-1	2.65913E-3
4.92000E+11	1.62140E-8	1.11060E+2	-5.50238E-2	1.42891E-1
4.92175E+11	1.98313E-8	-1.38140E+2	-1.21497E-1	-1.08860E-1
4.92350E+11	2.18643E-8	-3.19107E+1	1.51666E-1	-9.44429E-2
4.92525E+11	1.70149E-8	7.71775E+1	4.03921E-2	1.77464E-1
4.92700E+11	1.16576E-8	-1.70655E+2	-1.65129E-1	-2.71738E-2
4.92875E+11	4.98898E-9	-7.33188E+1	3.59079E-2	-1.19830E-1
4.93050E+11	4.62206E-9	2.18072E+1	1.26402E-1	5.05756E-2
4.93225E+11	4.93485E-9	1.22473E+2	-7.85540E-2	1.23436E-1
4.93400E+11	7.88251E-9	-1.28329E+2	-1.04013E-1	-1.31566E-1
4.93575E+11	8.06616E-9	-1.03253E+1	1.74123E-1	-3.17228E-2
4.93750E+11	5.57306E-9	1.02301E+2	-3.72983E-2	1.71045E-1
4.93925E+11	5.95186E-9	-1.49594E+2	-1.41550E-1	-8.30682E-2
4.94100E+11	9.58085E-9	-3.27350E+1	1.40459E-1	-9.02942E-2
4.94275E+11	7.69852E-9	6.25636E+1	5.63895E-2	1.08617E-1
4.94450E+11	1.37388E-8	1.48216E+2	-1.24227E-1	7.69745E-2
4.94625E+11	2.07087E-8	-1.12092E+2	-6.38757E-2	-1.57374E-1
4.94800E+11	2.83624E-8	-4.60006E+0	1.94146E-1	-1.56208E-2
4.94975E+11	3.25691E-8	1.17526E+2	-9.96446E-2	1.91200E-1
4.95150E+11	3.61683E-8	-1.21424E+2	-1.18137E-1	-1.93359E-1
4.95325E+11	1.84572E-8	-2.08834E+1	1.62015E-1	-6.18136E-2
4.95500E+11	1.32317E-8	8.56252E+1	1.08580E-2	1.41927E-1
4.95675E+11	1.03109E-8	-1.70894E+2	-1.13366E-1	-1.81709E-2
4.95850E+11	1.25518E-8	-6.51885E+1	5.13486E-2	-1.11070E-1
4.96025E+11	1.42066E-8	3.58370E+1	1.05703E-1	7.63387E-2
4.96200E+11	1.74796E-8	1.45832E+2	-1.18873E-1	8.06891E-2
4.96375E+11	1.62408E-8	-9.89625E+1	-2.39150E-2	-1.51635E-1
4.96550E+11	1.85280E-8	1.14987E+1	1.65731E-1	3.37144E-2
4.96725E+11	1.72676E-8	1.11756E+2	-6.54207E-2	1.63925E-1
4.96900E+11	1.30575E-8	-1.36297E+2	-1.16161E-1	-1.11018E-1
4.97075E+11	1.13474E-8	-4.70639E+1	9.67661E-2	-1.04001E-1
4.97250E+11	1.23050E-8	5.28781E+1	9.54530E-2	1.26111E-1
4.97425E+11	1.33606E-8	1.67701E+2	-1.57869E-1	3.44177E-2
4.97600E+11	1.32610E-8	-7.66083E+1	3.71479E-2	-1.56031E-1
4.97775E+11	1.09557E-8	3.52388E+1	1.28665E-1	9.08934E-2
4.97950E+11	9.41741E-9	1.40745E+2	-1.18952E-1	9.72054E-2
4.98125E+11	6.10350E-9	-1.23285E+2	-7.44408E-2	-1.13388E-1
4.98300E+11	4.44136E-9	-2.07666E+1	1.12329E-1	-4.25948E-2
4.98475E+11	2.72393E-9	6.75659E+1	3.84137E-2	9.30413E-2
4.98650E+11	3.87333E-9	1.69443E+2	-1.11017E-1	2.06905E-2
4.98825E+11	4.69412E-9	-8.44584E+1	1.23014E-2	-1.26789E-1
4.99000E+11	5.72085E-9	1.74704E+1	1.39795E-1	4.39978E-2
4.99175E+11	8.75295E-9	1.26124E+2	-1.01514E-1	1.39089E-1
4.99350E+11	1.05177E-8	-1.33243E+2	-1.40312E-1	-1.49193E-1
4.99525E+11	9.01238E-9	-2.52826E+1	1.70100E-1	-8.03428E-2
4.99700E+11	5.45677E-9	1.02578E+2	-3.13863E-2	1.40664E-1
4.99875E+11	4.52897E-9	-1.43335E+2	-1.02829E-1	-7.65493E-2
5.00050E+11	5.30095E-9	-1.29429E+1	1.50166E-1	-3.45110E-2
5.00225E+11	7.77280E-9	1.06326E+2	-4.70616E-2	1.60663E-1
5.00400E+11	1.23645E-8	-1.49647E+2	-1.49603E-1	-8.76066E-2
5.00575E+11	1.58098E-8	-4.73184E+1	1.16374E-1	-1.26195E-1
5.00750E+11	1.62542E-8	6.62159E+1	6.83384E-2	1.55060E-1
5.00925E+11	1.45083E-8	1.76273E+2	-1.55490E-1	1.01280E-2
5.01100E+11	1.16769E-8	-6.02772E+1	6.41085E-2	-1.12290E-1
5.01275E+11	1.16563E-8	4.10481E+1	9.71090E-2	8.45589E-2
5.01450E+11	1.41256E-8	1.45805E+2	-1.21285E-1	8.24107E-2
5.01625E+11	1.63312E-8	-1.13709E+2	-6.35673E-2	-1.44748E-1
5.01800E+11	1.83394E-8	-9.23007E+0	1.91851E-1	-3.11764E-2
5.01975E+11	1.61498E-8	9.50892E+1	-2.40742E-2	2.70321E-1
5.02150E+11	9.09874E-9	-1.47521E+2	-2.70611E-1	-1.72260E-1
5.02325E+11	7.81756E-9	-2.96796E+1	3.36744E-1	-1.91917E-1
5.02500E+11	6.08250E-9	9.48587E+1	-3.45028E-2	4.05897E-1
5.02675E+11	6.63716E-9	-1.64326E+2	-4.93499E-1	-1.38471E-1
5.02850E+11	7.59384E-9	-5.56754E+1	4.17024E-1	-6.10770E-1
5.03025E+11	1.05289E-8	5.39133E+1	5.56545E-1	7.63585E-1
5.03200E+11	1.12292E-8	1.74192E+2	-1.17023E+0	1.19035E-1
5.03375E+11	1.25150E-8	-5.93698E+1	5.86984E-1	-9.91343E-1
5.03550E+11	1.53704E-8	6.35132E+1	4.60874E-1	9.24905E-1
5.03725E+11	1.11387E-8	1.75839E+2	-8.83223E-1	6.42565E-2
5.03900E+11	7.72705E-9	-7.43596E+1	1.82717E-1	-6.52640E-1
5.04075E+11	1.14660E-8	1.29763E+1	6.29657E-1	1.45094E-1
5.04250E+11	2.01147E-8	1.18237E+2	-3.43484E-1	6.39610E-1
5.04425E+11	2.41979E-8	-1.21694E+2	-3.65039E-1	-5.91188E-1
5.04600E+11	3.13317E-8	8.10112E+0	5.93794E-1	8.45213E-2
5.04775E+11	2.99611E-8	1.40315E+2	-3.94186E-1	3.27085E-1
5.04950E+11	2.72915E-8	-9.04429E+1	-3.28683E-3	-4.25184E-1
5.05125E+11	2.12832E-8	2.76494E+1	2.97687E-1	1.55954E-1
5.05300E+11	9.77852E-9	1.27627E+2	-1.29191E-1	1.67593E-1
5.05475E+11	9.53434E-9	-1.56663E+2	-1.88813E-1	-8.14594E-2
5.05650E+11	1.15748E-8	-6.11714E+1	1.17962E-1	-2.14319E-1
5.05825E+11	1.11120E-8	5.84817E+1	1.39016E-1	2.26691E-1
5.06000E+11	1.58030E-8	1.74882E+2	-2.70852E-1	2.42580E-2
5.06175E+11	1.96889E-8	-7.67472E+1	6.54833E-2	-2.78037E-1
5.06350E+11	2.19182E-8	3.70543E+1	2.29754E-1	1.73473E-1
5.06525E+11	2.76711E-8	1.49606E+2	-2.40818E-1	1.41253E-1
5.06700E+11	2.27010E-8	-1.11313E+2	-8.01540E-2	-2.05447E-1
5.06875E+11	3.26408E-8	-1.96452E+1	2.14560E-1	-7.65924E-2
5.07050E+11	4.66871E-8	8.45800E+1	2.36313E-2	2.49063E-1
5.07225E+11	5.29470E-8	-1.72318E+2	-2.57260E-1	-3.46984E-2
5.07400E+11	5.97187E-8	-6.57383E+1	1.08666E-1	-2.41098E-1
5.07575E+11	6.12827E-8	4.27553E+1	1.94287E-1	1.79631E-1
5.07750E+11	4.60318E-8	1.52836E+2	-1.94276E-1	9.96912E-2
5.07925E+11	2.92736E-8	-1.05513E+2	-4.26907E-2	-1.53799E-1
5.08100E+11	1.32505E-8	-3.24419E+1	8.97859E-2	-5.70721E-2
5.08275E+11	1.90694E-8	4.18542E+1	9.98419E-2	8.94391E-2
5.08450E+11	2.87471E-8	1.38394E+2	-1.18741E-1	1.05446E-1
5.08625E+11	3.18765E-8	-1.15744E+2	-8.13689E-2	-1.68738E-1
5.08800E+11	4.29186E-8	8.08402E-1	2.18530E-1	3.08350E-3
5.08975E+11	5.46102E-8	1.17255E+2	-1.14416E-1	2.22105E-1
5.09150E+11	5.17644E-8	-1.31822E+2	-1.66527E-1	-1.86108E-1
5.09325E+11	3.06768E-8	-1.90697E+1	2.14750E-1	-7.42369E-2
5.09500E+11	1.24788E-8	7.80844E+1	3.45965E-2	1.63951E-1
5.09675E+11	9.40219E-9	1.65664E+2	-1.58643E-1	4.05451E-2
5.09850E+11	8.98273E-9	-9.31896E+1	-1.02300E-2	-1.83577E-1
5.10025E+11	1.56154E-8	1.03843E+1	1.94857E-1	3.57078E-2
5.10200E+11	2.03937E-8	1.18172E+2	-1.03262E-1	1.92807E-1
5.10375E+11	2.21812E-8	-1.24223E+2	-1.32309E-1	-1.94521E-1
5.10550E+11	1.55331E-8	-1.56774E+1	2.03887E-1	-5.72233E-2
5.10725E+11	1.21320E-8	9.45417E+1	-1.48351E-2	1.86760E-1
5.10900E+11	1.07902E-8	-1.70876E+2	-1.62237E-1	-2.60566E-2
5.11075E+11	1.47078E-8	-7.85717E+1	3.86099E-2	-1.90996E-1
5.11250E+11	1.55958E-8	2.40129E+1	1.95186E-1	8.69552E-2
5.11425E+11	1.84477E-8	1.26199E+2	-1.35868E-1	1.85647E-1
5.11600E+11	1.94751E-8	-1.31039E+2	-1.62267E-1	-1.86410E-1
5.11775E+11	2.02576E-8	-3.07358E+1	2.19885E-1	-1.30744E-1
5.11950E+11	1.63934E-8	7.05713E+1	7.86330E-2	2.22935E-1
5.12125E+11	1.34424E-8	-1.75123E+2	-1.86417E-1	-1.59054E-2
5.12300E+11	8.22989E-9	-8.22934E+1	1.83696E-2	-1.35748E-1
5.12475E+11	1.33050E-8	6.18412E+0	1.65683E-1	1.79525E-2
5.12650E+11	2.00338E-8	1.12622E+2	-7.56283E-2	1.81491E-1
5.12825E+11	2.54007E-8	-1.42190E+2	-1.70622E-1	-1.32394E-1
5.13000E+11	3.27422E-8	-3.73240E+1	1.86751E-1	-1.42390E-1
5.13175E+11	3.74946E-8	6.76104E+1	9.25070E-2	2.24554E-1
5.13350E+11	4.37027E-8	1.74806E+2	-2.28353E-1	2.07588E-2
5.13525E+11	3.12109E-8	-7.52184E+1	4.92648E-2	-1.86703E-1
5.13700E+11	2.03915E-8	8.78686E+0	1.63247E-1	2.52336E-2
5.13875E+11	2.61816E-8	9.86628E+1	-2.96069E-2	1.94325E-1
5.14050E+11	2.51512E-8	-1.61546E+2	-2.03138E-1	-6.77894E-2
5.14225E+11	2.60166E-8	-6.31626E+1	1.08359E-1	-2.14168E-1
5.14400E+11	2.35560E-8	3.82761E+1	2.01214E-1	1.58773E-1
5.14575E+11	2.02112E-8	1.45473E+2	-2.14509E-1	1.47578E-1
5.14750E+11	1.81375E-8	-1.04145E+2	-6.52556E-2	-2.58930E-1
5.14925E+11	1.25747E-8	3.99733E+0	2.40940E-1	1.68369E-2
5.15100E+11	9.46347E-9	8.96025E+1	1.42258E-3	2.05039E-1
5.15275E+11	1.57434E-8	-1.79230E+2	-2.60542E-1	-3.50095E-3
5.15450E+11	1.82102E-8	-8.15825E+1	4.19516E-2	-2.83498E-1
5.15625E+11	2.14644E-8	1.54807E+1	2.91817E-1	8.08220E-2
5.15800E+11	2.35151E-8	1.19701E+2	-1.54246E-1	2.70410E-1
5.15975E+11	2.16178E-8	-1.26342E+2	-1.77306E-1	-2.41000E-1
5.16150E+11	1.64915E-8	-1.36938E+1	2.45271E-1	-5.97625E-2
5.16325E+11	9.22697E-9	8.62624E+1	1.17591E-2	1.80008E-1
5.16500E+11	9.78924E-9	1.68200E+2	-1.59529E-1	3.33281E-2
5.16675E+11	1.39548E-8	-1.03542E+2	-4.39863E-2	-1.82628E-1
5.16850E+11	2.20168E-8	-8.34816E+0	2.08784E-1	-3.06375E-2
5.17025E+11	3.20616E-8	9.55228E+1	-2.24091E-2	2.31761E-1
5.17200E+11	3.76888E-8	-1.54706E+2	-2.27565E-1	-1.07542E-1
5.17375E+11	4.65194E-8	-3.90553E+1	2.10524E-1	-1.70816E-1
5.17550E+11	5.43106E-8	7.77959E+1	5.80453E-2	2.68376E-1
5.17725E+11	3.30124E-8	-1.72875E+2	-2.16871E-1	-2.71073E-2
5.17900E+11	3.32608E-8	-8.70168E+1	1.06063E-2	-2.03521E-1
5.18075E+11	5.10705E-8	9.16251E+0	2.38118E-1	3.84069E-2
5.18250E+11	6.33833E-8	1.13842E+2	-1.07767E-1	2.43859E-1
5.18425E+11	9.03721E-8	-1.35877E+2	-2.10716E-1	-2.04360E-1
5.18600E+11	1.02419E-7	-2.16807E+1	2.80167E-1	-1.11383E-1
5.18775E+11	7.55645E-8	9.00246E+1	-1.16208E-4	2.70366E-1
5.18950E+11	6.07571E-8	-1.67985E+2	-2.35491E-1	-5.01186E-2
5.19125E+11	4.74603E-8	-7.03317E+1	6.84482E-2	-1.91503E-1
5.19300E+11	4.54220E-8	1.83390E+1	1.87805E-1	6.22526E-2
5.19475E+11	6.81063E-8	1.19984E+2	-1.18717E-1	2.05760E-1
5.19650E+11	8.37007E-8	-1.24868E+2	-1.45732E-1	-2.09148E-1
5.19825E+11	9.72737E-8	-7.99465E+0	2.68898E-1	-3.77655E-2
5.20000E+11	1.11204E-7	1.12956E+2	-1.10403E-1	2.60644E-1
5.20175E+11	9.74675E-8	-1.26332E+2	-1.67306E-1	-2.27489E-1
5.20350E+11	9.63207E-8	-7.43497E+0	2.62269E-1	-3.42256E-2
5.20525E+11	6.27706E-8	9.94264E+1	-3.30078E-2	1.98815E-1
5.20700E+11	5.27284E-8	-1.69476E+2	-1.86925E-1	-3.47252E-2
5.20875E+11	6.56667E-8	-6.96869E+1	7.76276E-2	-2.09707E-1
5.21050E+11	9.04053E-8	3.57619E+1	2.03963E-1	1.46897E-1
5.21225E+11	8.42354E-8	1.50986E+2	-2.32918E-1	1.29184E-1
5.21400E+11	8.08684E-8	-9.76727E+1	-3.56014E-2	-2.64261E-1
5.21575E+11	8.33344E-8	1.20272E+1	2.44310E-1	5.20511E-2
5.21750E+11	8.09570E-8	1.25236E+2	-1.48377E-1	2.10056E-1
5.21925E+11	5.04627E-8	-1.27689E+2	-1.26093E-1	-1.63208E-1
5.22100E+11	5.29979E-8	-3.22325E+1	1.76228E-1	-1.11116E-1
5.22275E+11	6.33056E-8	7.83172E+1	4.80201E-2	2.32231E-1
5.22450E+11	7.51240E-8	-1.67317E+2	-2.39633E-1	-5.39283E-2
5.22625E+11	8.44934E-8	-5.68859E+1	1.49157E-1	-2.28683E-1
5.22800E+11	8.85023E-8	6.47134E+1	1.21709E-1	2.57634E-1
5.22975E+11	7.73812E-8	-1.72371E+2	-2.61551E-1	-3.50335E-2
5.23150E+11	6.28244E-8	-5.47047E+1	1.37608E-1	-1.94385E-1
5.23325E+11	4.25716E-8	5.03995E+1	1.28650E-1	1.55509E-1
5.23500E+11	4.93455E-8	1.44099E+2	-1.80743E-1	1.30840E-1
5.23675E+11	6.12690E-8	-1.13222E+2	-1.04265E-1	-2.43012E-1
5.23850E+11	6.39294E-8	-5.83096E+0	2.85189E-1	-2.91241E-2
5.24025E+11	7.09711E-8	1.03233E+2	-7.04815E-2	2.99733E-1
5.24200E+11	7.64739E-8	-1.47745E+2	-2.75265E-1	-1.73712E-1
5.24375E+11	7.66697E-8	-3.85319E+1	2.46995E-1	-1.96693E-1
5.24550E+11	5.54155E-8	7.85823E+1	5.27503E-2	2.61196E-1
5.24725E+11	2.74218E-8	1.72399E+2	-1.93875E-1	2.58727E-2
5.24900E+11	2.90797E-8	-1.10321E+2	-6.92684E-2	-1.87043E-1
5.25075E+11	4.40177E-8	-2.87526E+1	2.01897E-1	-1.10776E-1
5.25250E+11	5.78837E-8	7.33104E+1	7.05681E-2	2.35370E-1
5.25425E+11	8.03401E-8	-1.72997E+2	-2.54873E-1	-3.13087E-2
5.25600E+11	9.44159E-8	-5.44517E+1	1.46486E-1	-2.05000E-1
5.25775E+11	9.49947E-8	6.19992E+1	1.13437E-1	2.13337E-1
5.25950E+11	7.67061E-8	1.79803E+2	-2.23712E-1	7.68352E-4
5.26125E+11	5.31795E-8	-7.80002E+1	3.90143E-2	-1.83550E-1
5.26300E+11	5.16947E-8	1.50692E+1	1.74710E-1	4.70395E-2
5.26475E+11	6.06666E-8	1.17338E+2	-9.23037E-2	1.78543E-1
5.26650E+11	5.25011E-8	-1.29114E+2	-1.34619E-1	-1.65564E-1
5.26825E+11	6.23309E-8	-6.62710E+0	2.20974E-1	-2.56735E-2
5.27000E+11	7.37125E-8	1.19063E+2	-1.09726E-1	1.97440E-1
5.27175E+11	4.43498E-8	-1.26782E+2	-1.23464E-1	-1.65143E-1
5.27350E+11	4.04352E-8	-1.85031E+1	1.73150E-1	-5.79457E-2
5.27525E+11	3.52259E-8	7.74009E+1	3.85319E-2	1.72395E-1
5.27700E+11	4.67142E-8	1.78211E+2	-2.07294E-1	6.47408E-3
5.27875E+11	5.12090E-8	-6.49883E+1	9.78266E-2	-2.09678E-1
5.28050E+11	5.81900E-8	5.51853E+1	1.35091E-1	1.94265E-1
5.28225E+11	5.13204E-8	1.74840E+2	-2.29706E-1	2.07444E-2
5.28400E+11	4.71886E-8	-7.29707E+1	6.33859E-2	-2.06948E-1
5.28575E+11	4.46044E-8	3.11985E+1	1.83936E-1	1.11389E-1
5.28750E+11	3.01836E-8	1.35102E+2	-1.23097E-1	1.22661E-1
5.28925E+11	2.06853E-8	-1.40887E+2	-1.06177E-1	-8.63263E-2
5.29100E+11	2.51230E-8	-5.62199E+1	8.00940E-2	-1.19733E-1
5.29275E+11	2.89472E-8	4.70645E+1	1.10648E-1	1.18923E-1
5.29450E+11	3.99145E-8	1.59902E+2	-1.79181E-1	6.55651E-2
5.29625E+11	4.75214E-8	-8.28355E+1	2.60321E-2	-2.07097E-1
5.29800E+11	5.28077E-8	3.65340E+1	1.73484E-1	1.28531E-1
5.29975E+11	4.31099E-8	1.41918E+2	-1.63618E-1	1.28212E-1
5.30150E+11	3.54826E-8	-1.12569E+2	-7.33596E-2	-1.76507E-1
5.30325E+11	2.64155E-8	-1.51966E+1	1.63063E-1	-4.42929E-2
5.30500E+11	2.45287E-8	8.44590E+1	1.58522E-2	1.63405E-1
5.30675E+11	2.80204E-8	-1.63333E+2	-1.63511E-1	-4.89545E-2
5.30850E+11	3.05641E-8	-4.93627E+1	1.13955E-1	-1.32779E-1
5.31025E+11	2.50822E-8	6.57564E+1	7.09012E-2	1.57442E-1
5.31200E+11	2.46545E-8	1.78579E+2	-1.62418E-1	4.02767E-3
5.31375E+11	2.15759E-8	-8.33624E+1	1.61932E-2	-1.39155E-1
5.31550E+11	1.45875E-8	9.79952E+0	1.16415E-1	2.01073E-2
5.31725E+11	1.44537E-8	1.00019E+2	-2.10480E-2	1.19137E-1
5.31900E+11	2.35016E-8	-1.59016E+2	-1.38440E-1	-5.30987E-2
5.32075E+11	3.77755E-8	-4.86845E+1	1.18917E-1	-1.35286E-1
5.32250E+11	5.31578E-8	6.23839E+1	9.87851E-2	1.88829E-1
5.32425E+11	5.97606E-8	1.66285E+2	-2.20602E-1	5.38391E-2
5.32600E+11	6.28094E-8	-9.01862E+1	-7.15327E-4	-2.20076E-1
5.32775E+11	5.97194E-8	7.88134E+0	2.19479E-1	3.03824E-2
5.32950E+11	4.54734E-8	1.06668E+2	-5.45328E-2	1.82135E-1
5.33125E+11	4.13730E-8	-1.57191E+2	-1.62516E-1	-6.83442E-2
5.33300E+11	4.91640E-8	-5.81532E+1	1.00999E-1	-1.62599E-1
5.33475E+11	6.12317E-8	4.90142E+1	1.36253E-1	1.56819E-1
5.33650E+11	7.26477E-8	1.52471E+2	-1.97768E-1	1.03077E-1
5.33825E+11	7.91265E-8	-1.03420E+2	-5.35734E-2	-2.24533E-1
5.34000E+11	7.48865E-8	4.05882E+0	2.14574E-1	1.52258E-2
5.34175E+11	5.51634E-8	1.06828E+2	-5.54285E-2	1.83262E-1
5.34350E+11	3.80266E-8	-1.55041E+2	-1.43794E-1	-6.69282E-2
5.34525E+11	3.95726E-8	-5.64414E+1	8.62148E-2	-1.29967E-1
5.34700E+11	4.90916E-8	4.54665E+1	1.15588E-1	1.17485E-1
5.34875E+11	4.62540E-8	1.47412E+2	-1.45873E-1	9.32474E-2
5.35050E+11	5.08427E-8	-1.12291E+2	-6.86127E-2	-1.67369E-1
5.35225E+11	5.40918E-8	-1.59965E+1	1.73660E-1	-4.97849E-2
5.35400E+11	6.97591E-8	7.84987E+1	3.88967E-2	1.91161E-1
5.35575E+11	7.14210E-8	-1.76517E+2	-1.95152E-1	-1.18794E-2
5.35750E+11	5.65193E-8	-7.76443E+1	3.57475E-2	-1.63190E-1
5.35925E+11	6.53420E-8	2.09827E+1	1.57247E-1	6.03070E-2
5.36100E+11	7.76057E-8	1.26174E+2	-1.11487E-1	1.52473E-1
5.36275E+11	9.24181E-8	-1.20461E+2	-1.06319E-1	-1.80773E-1
5.36450E+11	1.11078E-7	-2.20176E+0	2.23543E-1	-8.59453E-3
5.36625E+11	1.11853E-7	1.17415E+2	-1.00663E-1	1.94076E-1
5.36800E+11	9.31488E-8	-1.26575E+2	-1.20092E-1	-1.61853E-1
5.36975E+11	6.09383E-8	-1.30213E+1	1.70525E-1	-3.94358E-2
5.37150E+11	4.33511E-8	8.47723E+1	1.30235E-2	1.42342E-1
5.37325E+11	4.01341E-8	1.78273E+2	-1.40918E-1	4.24973E-3
5.37500E+11	4.82461E-8	-8.29386E+1	1.91445E-2	-1.54550E-1
5.37675E+11	5.22362E-8	2.17794E+1	1.59573E-1	6.37582E-2
5.37850E+11	5.38102E-8	1.32519E+2	-1.27436E-1	1.38978E-1
5.38025E+11	5.74766E-8	-1.13262E+2	-7.92531E-2	-1.84363E-1
5.38200E+11	7.96717E-8	1.72470E+0	2.18639E-1	6.58341E-3
5.38375E+11	7.07182E-8	1.19344E+2	-1.02047E-1	1.81515E-1
5.38550E+11	5.05516E-8	-1.40370E+2	-1.38677E-1	-1.14845E-1
5.38725E+11	6.04763E-8	-3.65581E+1	1.46457E-1	-1.08602E-1
5.38900E+11	5.90463E-8	6.95296E+1	6.45167E-2	1.72830E-1
5.39075E+11	5.81328E-8	-1.77071E+2	-1.81162E-1	-9.27021E-3
5.39250E+11	4.94709E-8	-5.80192E+1	9.27139E-2	-1.48484E-1
5.39425E+11	4.09665E-8	6.06326E+1	7.74636E-2	1.37659E-1
5.39600E+11	3.70718E-8	1.65911E+2	-1.37195E-1	3.44342E-2
5.39775E+11	3.27926E-8	-8.79240E+1	4.69250E-3	-1.29455E-1
5.39950E+11	2.32643E-8	6.15220E+0	1.14804E-1	1.23748E-2
5.40125E+11	2.47351E-8	1.00375E+2	-2.15641E-2	1.17778E-1
5.40300E+11	3.49776E-8	-1.55490E+2	-1.24198E-1	-5.66266E-2
5.40475E+11	4.73322E-8	-4.41908E+1	1.09112E-1	-1.06073E-1
5.40650E+11	5.28402E-8	6.95921E+1	5.86681E-2	1.57687E-1
5.40825E+11	6.39622E-8	-1.77739E+2	-1.83780E-1	-7.25582E-3
5.41000E+11	7.55151E-8	-7.35452E+1	5.42634E-2	-1.83723E-1
5.41175E+11	5.17598E-8	3.52676E+1	1.32720E-1	9.38585E-2
5.41350E+11	3.63139E-8	1.23945E+2	-7.56173E-2	1.12341E-1
5.41525E+11	3.88934E-8	-1.42623E+2	-1.10842E-1	-8.46757E-2
5.41700E+11	3.41450E-8	-4.33448E+1	1.01001E-1	-9.53276E-2
5.41875E+11	3.85650E-8	5.73738E+1	7.61802E-2	1.19000E-1
5.42050E+11	3.56240E-8	1.58372E+2	-1.30482E-1	5.17351E-2
5.42225E+11	3.23530E-8	-9.81744E+1	-1.97338E-2	-1.37379E-1
5.42400E+11	3.37619E-8	-7.53158E-1	1.43152E-1	-1.88186E-3
5.42575E+11	3.09173E-8	1.09152E+2	-4.42406E-2	1.27386E-1
5.42750E+11	2.52718E-8	-1.52034E+2	-1.06210E-1	-5.63926E-2
5.42925E+11	2.98500E-8	-4.64749E+1	9.48732E-2	-9.98880E-2
5.43100E+11	4.24840E-8	6.92769E+1	5.57529E-2	1.47366E-1
5.43275E+11	5.63190E-8	-1.74361E+2	-1.73933E-1	-1.71741E-2
5.43450E+11	6.29484E-8	-5.60634E+1	1.05874E-1	-1.57339E-1
5.43625E+11	6.85314E-8	6.36499E+1	8.58515E-2	1.73325E-1
5.43800E+11	6.42038E-8	1.77877E+2	-1.85751E-1	6.88571E-3
5.43975E+11	4.22553E-8	-6.60649E+1	6.29278E-2	-1.41770E-1
5.44150E+11	3.41613E-8	3.75450E+1	1.04900E-1	8.06238E-2
5.44325E+11	3.74500E-8	1.42337E+2	-1.06436E-1	8.21531E-2
5.44500E+11	3.51643E-8	-1.13389E+2	-5.35067E-2	-1.23713E-1
5.44675E+11	4.25160E-8	-7.25519E+0	1.40472E-1	-1.78832E-2
5.44850E+11	4.15863E-8	9.42446E+1	-1.10646E-2	1.49082E-1
5.45025E+11	4.28869E-8	-1.60949E+2	-1.40228E-1	-4.84238E-2
5.45200E+11	5.30824E-8	-5.90169E+1	7.73921E-2	-1.28888E-1
5.45375E+11	3.82357E-8	4.85336E+1	8.73848E-2	9.88875E-2
5.45550E+11	2.60076E-8	1.39606E+2	-8.87724E-2	7.55358E-2
5.45725E+11	3.39788E-8	-1.23250E+2	-7.37199E-2	-1.12444E-1
5.45900E+11	4.47762E-8	-1.72428E+1	1.43020E-1	-4.43892E-2
5.46075E+11	4.51231E-8	8.81195E+1	5.50653E-3	1.67717E-1
5.46250E+11	5.32176E-8	-1.63763E+2	-1.72873E-1	-5.03463E-2
5.46425E+11	5.58071E-8	-5.16745E+1	1.12085E-1	-1.41795E-1
5.46600E+11	4.38569E-8	5.67530E+1	9.77479E-2	1.49107E-1
5.46775E+11	3.43578E-8	1.68148E+2	-1.61576E-1	3.39076E-2
5.46950E+11	2.59370E-8	-8.52643E+1	1.16887E-2	-1.41096E-1
5.47125E+11	2.38456E-8	1.83642E+1	1.41549E-1	4.69889E-2
5.47300E+11	2.49118E-8	1.31873E+2	-1.07078E-1	1.19452E-1
5.47475E+11	2.71638E-8	-1.16541E+2	-7.66152E-2	-1.53390E-1
5.47650E+11	2.64692E-8	-6.81110E+0	1.80496E-1	-2.15583E-2
5.47825E+11	2.44641E-8	1.03834E+2	-4.21464E-2	1.71148E-1
5.48000E+11	2.23195E-8	-1.52598E+2	-1.45906E-1	-7.56376E-2
5.48175E+11	1.60789E-8	-4.85375E+1	9.82328E-2	-1.11179E-1
5.48350E+11	1.46594E-8	4.98388E+1	8.87359E-2	1.05149E-1
5.48525E+11	1.72113E-8	1.50427E+2	-1.27452E-1	7.23236E-2
5.48700E+11	1.85960E-8	-1.03946E+2	-3.56290E-2	-1.43478E-1
5.48875E+11	1.86499E-8	-1.56501E+0	1.49344E-1	-4.08029E-3
5.49050E+11	2.06270E-8	9.96941E+1	-2.54215E-2	1.48815E-1
5.49225E+11	1.97910E-8	-1.58616E+2	-1.39075E-1	-5.44587E-2
5.49400E+11	2.10238E-8	-5.59901E+1	8.09981E-2	-1.20040E-1
5.49575E+11	1.59030E-8	4.76321E+1	8.73660E-2	9.57855E-2
5.49750E+11	1.31658E-8	1.47635E+2	-9.47665E-2	6.00585E-2
5.49925E+11	1.48106E-8	-1.13013E+2	-4.56409E-2	-1.07457E-1
5.50100E+11	1.61041E-8	-8.50562E+0	1.23503E-1	-1.84700E-2
5.50275E+11	2.15734E-8	9.72811E+1	-1.66212E-2	1.30090E-1
5.50450E+11	2.16385E-8	-1.54748E+2	-1.24266E-1	-5.86125E-2
5.50625E+11	2.57624E-8	-4.67289E+1	9.11175E-2	-9.67893E-2
5.50800E+11	2.47510E-8	5.99101E+1	6.44213E-2	1.11178E-1
5.50975E+11	2.08806E-8	1.67702E+2	-1.16477E-1	2.53912E-2
5.51150E+11	1.80535E-8	-8.54369E+1	8.63730E-3	-1.08224E-1
5.51325E+11	1.71244E-8	1.39666E+1	1.05482E-1	2.62343E-2
5.51500E+11	1.53901E-8	1.14551E+2	-4.44636E-2	9.73387E-2
5.51675E+11	1.61424E-8	-1.43660E+2	-8.79456E-2	-6.46959E-2
5.51850E+11	1.41546E-8	-4.15232E+1	8.32472E-2	-7.37109E-2
5.52025E+11	1.57658E-8	6.69779E+1	4.21761E-2	9.92544E-2
5.52200E+11	1.34076E-8	1.70065E+2	-1.01715E-1	1.78156E-2
5.52375E+11	1.35915E-8	-8.83119E+1	2.81961E-3	-9.56715E-2
5.52550E+11	1.16867E-8	1.17116E+1	8.68570E-2	1.80055E-2
5.52725E+11	1.15961E-8	1.10053E+2	-2.99007E-2	8.19141E-2
5.52900E+11	1.10090E-8	-1.44231E+2	-7.05078E-2	-5.07943E-2
5.53075E+11	9.91842E-9	-3.33359E+1	6.95605E-2	-4.57551E-2
5.53250E+11	1.06376E-8	7.87811E+1	1.56755E-2	7.90301E-2
5.53425E+11	8.58346E-9	-1.66924E+2	-7.04731E-2	-1.63680E-2
5.53600E+11	6.19496E-9	-5.26721E+1	3.96523E-2	-5.19985E-2
5.53775E+11	4.62557E-9	6.10494E+1	2.73644E-2	4.94672E-2
5.53950E+11	3.82234E-9	1.73244E+2	-5.04936E-2	5.98129E-3
5.54125E+11	2.92752E-9	-7.51339E+1	1.18206E-2	-4.45310E-2
5.54300E+11	3.09541E-9	3.84697E+1	3.47311E-2	2.75964E-2
5.54475E+11	2.49528E-9	1.48221E+2	-3.49213E-2	2.16345E-2
5.54650E+11	2.04455E-9	-1.00847E+2	-7.08653E-3	-3.69849E-2
5.54825E+11	1.76613E-9	9.15533E+0	3.39591E-2	5.47301E-3
5.55000E+11	1.42485E-9	1.19419E+2	-1.56784E-2	2.78026E-2
5.55175E+11	9.72346E-10	-1.28665E+2	-1.75571E-2	-2.19422E-2
5.55350E+11	7.99892E-10	-1.85903E+1	2.42054E-2	-8.14146E-3
5.55525E+11	7.33096E-10	9.19338E+1	-8.38321E-4	2.48284E-2
5.55700E+11	6.03939E-10	-1.54310E+2	-1.99586E-2	-9.60100E-3
5.55875E+11	4.91922E-10	-4.40315E+1	1.43081E-2	-1.38324E-2
5.56050E+11	3.68424E-10	6.59449E+1	7.27963E-3	1.63081E-2
5.56225E+11	3.95183E-10	1.74115E+2	-1.84032E-2	1.89706E-3
5.56400E+11	3.27102E-10	-6.51055E+1	7.50069E-3	-1.61629E-2
5.56575E+11	2.79689E-10	5.61045E+1	8.75715E-3	1.30342E-2
5.56750E+11	2.34014E-10	1.73808E+2	-1.48480E-2	1.61086E-3
5.56925E+11	2.25687E-10	-7.05365E+1	5.24637E-3	-1.48454E-2
5.57100E+11	2.69044E-10	4.60945E+1	1.08595E-2	1.12825E-2
5.57275E+11	2.42137E-10	1.62801E+2	-1.45048E-2	4.48980E-3
5.57450E+11	2.86899E-10	-8.45104E+1	1.58973E-3	-1.65413E-2
5.57625E+11	2.59807E-10	3.38787E+1	1.37479E-2	9.23080E-3
5.57800E+11	2.87377E-10	1.51544E+2	-1.49771E-2	8.11686E-3
5.57975E+11	3.76159E-10	-1.01069E+2	-3.66682E-3	-1.87435E-2
5.58150E+11	3.71316E-10	7.83671E+0	1.94488E-2	2.67685E-3
5.58325E+11	4.01912E-10	1.03278E+2	-4.68833E-3	1.98676E-2
5.58500E+11	5.04192E-10	-1.57379E+2	-2.07081E-2	-8.62889E-3
5.58675E+11	6.13412E-10	-6.00987E+1	1.20453E-2	-2.09463E-2
5.58850E+11	8.24125E-10	5.00336E+1	1.73643E-2	2.07186E-2
5.59025E+11	9.37598E-10	1.59991E+2	-2.71171E-2	9.87490E-3
5.59200E+11	1.24654E-9	-8.86164E+1	7.78199E-4	-3.22194E-2
5.59375E+11	1.47357E-9	1.64823E+1	3.39679E-2	1.00503E-2
5.59550E+11	2.25867E-9	1.15560E+2	-1.76392E-2	3.68823E-2
5.59725E+11	2.37180E-9	-1.50123E+2	-3.76369E-2	-2.16221E-2
5.59900E+11	2.90080E-9	-4.93325E+1	3.03021E-2	-3.52699E-2
5.60075E+11	3.67350E-9	5.76430E+1	2.68374E-2	4.23591E-2
5.60250E+11	3.89440E-9	1.70966E+2	-5.15101E-2	8.18968E-3
5.60425E+11	5.24269E-9	-8.06356E+1	8.98407E-3	-5.44784E-2
5.60600E+11	5.64048E-9	2.31266E+1	5.67563E-2	2.42397E-2
5.60775E+11	7.07484E-9	1.18943E+2	-3.35450E-2	6.06591E-2
5.60950E+11	9.14747E-9	-1.46217E+2	-6.36333E-2	-4.25707E-2
5.61125E+11	8.07082E-9	-4.80987E+1	5.44641E-2	-6.06985E-2
5.61300E+11	9.34777E-9	5.95108E+1	4.35282E-2	7.39282E-2
5.61475E+11	1.16268E-8	1.74115E+2	-9.11191E-2	9.39187E-3
5.61650E+11	1.13951E-8	-7.42574E+1	2.54849E-2	-9.04075E-2
5.61825E+11	1.44432E-8	2.68471E+1	8.85077E-2	4.47998E-2
5.62000E+11	1.89917E-8	1.19423E+2	-5.36070E-2	9.50473E-2
5.62175E+11	1.93857E-8	-1.47565E+2	-1.04207E-1	-6.62213E-2
5.62350E+11	2.32398E-8	-5.10127E+1	8.48067E-2	-1.04775E-1
5.62525E+11	2.91317E-8	5.55770E+1	8.09158E-2	1.18073E-1
5.62700E+11	3.00969E-8	1.69907E+2	-1.42606E-1	2.53839E-2
5.62875E+11	2.64391E-8	-7.75683E+1	2.98907E-2	-1.35593E-1
5.63050E+11	2.18628E-8	2.70574E+1	1.12948E-1	5.76928E-2
5.63225E+11	2.09080E-8	1.23970E+2	-7.08776E-2	1.05199E-1
5.63400E+11	2.29778E-8	-1.45617E+2	-1.08774E-1	-7.44328E-2
5.63575E+11	2.52474E-8	-4.00454E+1	1.03797E-1	-8.72365E-2
5.63750E+11	2.75756E-8	7.31520E+1	4.02644E-2	1.32959E-1
5.63925E+11	2.94106E-8	-1.68243E+2	-1.38959E-1	-2.89213E-2
5.64100E+11	2.71057E-8	-5.13538E+1	8.70954E-2	-1.08922E-1
5.64275E+11	2.96927E-8	5.72947E+1	7.66090E-2	1.19307E-1
5.64450E+11	2.76253E-8	1.55879E+2	-1.23487E-1	5.52932E-2
5.64625E+11	3.01355E-8	-1.14435E+2	-5.77732E-2	-1.27156E-1
5.64800E+11	3.56860E-8	-1.76712E+1	1.48983E-1	-4.74641E-2
5.64975E+11	4.46283E-8	9.15613E+1	-4.68503E-3	1.71884E-1
5.65150E+11	5.19418E-8	-1.48227E+2	-1.60395E-1	-9.93464E-2
5.65325E+11	5.97720E-8	-2.31235E+1	1.85405E-1	-7.91719E-2
5.65500E+11	5.39443E-8	9.97347E+1	-3.33499E-2	1.94397E-1
5.65675E+11	4.63258E-8	-1.48233E+2	-1.55932E-1	-9.65563E-2
5.65850E+11	3.51577E-8	-4.61539E+1	1.09178E-1	-1.13667E-1
5.66025E+11	2.68895E-8	5.08191E+1	9.25558E-2	1.13562E-1
5.66200E+11	2.99500E-8	1.55105E+2	-1.45539E-1	6.75412E-2
5.66375E+11	3.77746E-8	-9.07261E+1	-2.19512E-3	-1.73200E-1
5.66550E+11	4.27057E-8	2.57974E+1	1.71996E-1	8.31361E-2
5.66725E+11	4.35513E-8	1.37814E+2	-1.53768E-1	1.39357E-1
5.66900E+11	4.73024E-8	-1.14208E+2	-8.71122E-2	-1.93761E-1
5.67075E+11	4.97392E-8	-9.11861E+0	2.21930E-1	-3.56214E-2
5.67250E+11	4.27788E-8	9.92528E+1	-3.46524E-2	2.12708E-1
5.67425E+11	4.83643E-8	-1.51752E+2	-1.87322E-1	-1.00642E-1
5.67600E+11	5.23312E-8	-3.62541E+1	1.85943E-1	-1.36359E-1
5.67775E+11	6.31313E-8	8.06624E+1	3.93468E-2	2.39292E-1
5.67950E+11	6.52469E-8	-1.68748E+2	-2.48122E-1	-4.93640E-2
5.68125E+11	6.07589E-8	-6.64797E+1	9.80336E-2	-2.25244E-1
5.68300E+11	5.21336E-8	3.30387E+1	1.76282E-1	1.14648E-1
5.68475E+11	4.08173E-8	1.24659E+2	-1.03836E-1	1.50190E-1
5.68650E+11	2.27699E-8	-1.44718E+2	-1.24510E-1	-8.80976E-2
5.68825E+11	2.66394E-8	-5.01764E+1	9.66302E-2	-1.15882E-1
5.69000E+11	4.01289E-8	5.77564E+1	9.31028E-2	1.47595E-1
5.69175E+11	4.64590E-8	1.61282E+2	-1.80441E-1	6.11404E-2
5.69350E+11	5.55862E-8	-1.00461E+2	-3.71804E-2	-2.01381E-1
5.69525E+11	6.93318E-8	-4.53518E+0	2.15164E-1	-1.70667E-2
5.69700E+11	7.02470E-8	1.00573E+2	-4.06645E-2	2.17847E-1
5.69875E+11	7.47414E-8	-1.40958E+2	-1.78976E-1	-1.45149E-1
5.70050E+11	6.83673E-8	-1.14761E+1	2.02912E-1	-4.11950E-2
5.70225E+11	5.53725E-8	1.10350E+2	-6.61656E-2	1.78394E-1
5.70400E+11	6.74362E-8	-1.28766E+2	-1.27090E-1	-1.58258E-1
5.70575E+11	7.18954E-8	-1.35405E+1	2.07838E-1	-5.00528E-2
5.70750E+11	7.64698E-8	9.77261E+1	-2.95197E-2	2.17587E-1
5.70925E+11	7.38800E-8	-1.48531E+2	-1.85166E-1	-1.13332E-1
5.71100E+11	6.43401E-8	-2.63209E+1	1.82649E-1	-9.03537E-2
5.71275E+11	5.01812E-8	1.02058E+2	-4.00236E-2	1.87364E-1
5.71450E+11	4.47092E-8	-1.37133E+2	-1.30836E-1	-1.21442E-1
5.71625E+11	4.27073E-8	-2.46774E+1	1.66969E-1	-7.67174E-2
5.71800E+11	5.81809E-8	8.57012E+1	1.58279E-2	2.10561E-1
5.71975E+11	6.61984E-8	-1.64101E+2	-2.18568E-1	-6.22564E-2
5.72150E+11	6.31229E-8	-5.27991E+1	1.48626E-1	-1.95801E-1
5.72325E+11	7.19278E-8	6.00752E+1	1.31410E-1	2.28300E-1
5.72500E+11	7.03638E-8	1.76026E+2	-2.58418E-1	1.79524E-2
5.72675E+11	6.07185E-8	-7.02413E+1	8.14531E-2	-2.26758E-1
5.72850E+11	4.38582E-8	2.59857E+1	1.80765E-1	8.81090E-2
5.73025E+11	4.24481E-8	1.15459E+2	-8.62212E-2	1.81104E-1
5.73200E+11	4.45675E-8	-1.43309E+2	-1.64758E-1	-1.22766E-1
5.73375E+11	5.02040E-8	-3.77970E+1	1.65532E-1	-1.28386E-1
5.73550E+11	4.68617E-8	7.87399E+1	4.10061E-2	2.05962E-1
5.73725E+11	4.83039E-8	-1.62661E+2	-1.97895E-1	-6.17858E-2
5.73900E+11	4.28213E-8	-5.51324E+1	1.05412E-1	-1.51287E-1
5.74075E+11	4.38396E-8	4.15369E+1	1.32447E-1	1.17331E-1
5.74250E+11	3.40269E-8	1.29854E+2	-1.04402E-1	1.25067E-1
5.74425E+11	3.84361E-8	-1.45848E+2	-1.33761E-1	-9.07387E-2
5.74600E+11	4.16812E-8	-3.99975E+1	1.39575E-1	-1.17107E-1
5.74775E+11	5.61110E-8	8.07537E+1	3.23553E-2	1.98750E-1
5.74950E+11	6.86511E-8	-1.47858E+2	-1.87209E-1	-1.17627E-1
5.75125E+11	7.59999E-8	-2.19752E+1	2.18614E-1	-8.82160E-2
5.75300E+11	6.83038E-8	9.43527E+1	-1.79380E-2	2.35671E-1
5.75475E+11	5.82536E-8	-1.57257E+2	-2.04471E-1	-8.57128E-2
5.75650E+11	4.17212E-8	-5.85171E+1	9.97663E-2	-1.62913E-1
5.75825E+11	3.07822E-8	3.35909E+1	1.43632E-1	9.53959E-2
5.76000E+11	3.63128E-8	1.39826E+2	-1.39898E-1	1.18113E-1
5.76175E+11	4.23286E-9	-1.05362E+2	-5.40757E-2	-1.96828E-1
5.76350E+11	8.53147E-10	1.56266E+2	-1.83175E-1	8.05380E-2
5.76525E+11	3.23961E-9	-9.79769E+1	-2.75353E-2	-1.96498E-1
5.76700E+11	2.86137E-9	-3.25196E+0	2.07796E-1	-1.18066E-2
5.76875E+11	2.44546E-9	9.65831E+1	-2.25117E-2	1.95067E-1
5.77050E+11	2.30242E-9	-1.69836E+2	-1.77590E-1	-3.18392E-2
5.77225E+11	4.24119E-9	-6.62508E+1	8.00605E-2	-1.81958E-1
5.77400E+11	4.40824E-9	5.82950E+1	1.19004E-1	1.92646E-1
5.77575E+11	4.56703E-9	1.71208E+2	-2.43109E-1	3.75993E-2
5.77750E+11	6.27373E-9	-8.76320E+1	1.03932E-2	-2.51326E-1
5.77925E+11	5.74385E-9	5.15426E+0	2.50466E-1	2.25927E-2
5.78100E+11	4.75294E-9	9.63155E+1	-2.61978E-2	2.36710E-1
5.78275E+11	3.61632E-9	-1.61690E+2	-1.87944E-1	-6.21947E-2
5.78450E+11	3.33387E-9	-5.71247E+1	8.09652E-2	-1.25272E-1
5.78625E+11	2.42188E-9	5.00373E+1	9.69410E-2	1.15683E-1
5.78800E+11	1.82216E-9	1.63542E+2	-1.62119E-1	4.78941E-2
5.78975E+11	5.37143E-9	-9.18044E+1	-5.77515E-3	-1.83324E-1
5.79150E+11	3.38075E-9	2.64693E+0	1.96913E-1	9.10340E-3
5.79325E+11	4.78235E-9	9.43698E+1	-1.57998E-2	2.06762E-1
5.79500E+11	4.58142E-9	-1.68394E+2	-2.07521E-1	-4.26213E-2
5.79675E+11	5.01092E-9	-4.93254E+1	1.31858E-1	-1.53437E-1
5.79850E+11	3.96352E-9	6.91028E+1	6.48683E-2	1.69898E-1
5.80025E+11	3.24131E-9	1.77151E+2	-1.84705E-1	9.19191E-3
5.80200E+11	3.42883E-9	-8.15399E+1	2.93539E-2	-1.97352E-1
5.80375E+11	4.91189E-9	1.53562E+1	2.06857E-1	5.68079E-2
5.80550E+11	5.61981E-9	1.14428E+2	-9.49861E-2	2.09123E-1
5.80725E+11	3.20669E-9	-1.30545E+2	-1.41814E-1	-1.65781E-1
5.80900E+11	3.04419E-9	-7.00991E+0	1.86505E-1	-2.29327E-2
5.81075E+11	1.56795E-9	1.11010E+2	-5.70123E-2	1.48442E-1
5.81250E+11	2.05490E-9	-1.37830E+2	-1.16285E-1	-1.05328E-1
5.81425E+11	2.49766E-9	-3.77295E+1	1.50072E-1	-1.16113E-1
5.81600E+11	3.20297E-9	6.25612E+1	9.63571E-2	1.85584E-1
5.81775E+11	2.72315E-9	1.62115E+2	-2.21008E-1	7.13218E-2
5.81950E+11	2.41045E-9	-9.36461E+1	-1.51626E-2	-2.37945E-1
5.82125E+11	6.46339E-9	2.49032E+1	2.24638E-1	1.04289E-1
5.82300E+11	3.80014E-9	1.47850E+2	-2.15239E-1	1.35281E-1
5.82475E+11	3.31517E-9	-8.46517E+1	2.03281E-2	-2.17138E-1
5.82650E+11	2.94721E-9	1.85456E+1	1.65295E-1	5.54532E-2
5.82825E+11	2.99717E-9	1.17285E+2	-8.37872E-2	1.62437E-1
5.83000E+11	3.98440E-9	-1.38244E+2	-1.58525E-1	-1.41518E-1
5.83175E+11	3.70061E-9	-2.65461E+1	2.09384E-1	-1.04605E-1
5.83350E+11	3.72156E-9	8.93742E+1	2.50296E-3	2.29165E-1
5.83525E+11	4.52930E-9	-1.57613E+2	-1.85423E-1	-7.63770E-2
5.83700E+11	3.27735E-9	-5.73059E+1	1.03456E-1	-1.61186E-1
5.83875E+11	3.50215E-9	4.55287E+1	1.32673E-1	1.35144E-1
5.84050E+11	2.12605E-9	1.41444E+2	-1.34756E-1	1.07403E-1
5.84225E+11	3.86374E-9	-1.17258E+2	-8.13280E-2	-1.57856E-1
5.84400E+11	2.86392E-9	-9.24455E+0	1.86131E-1	-3.02952E-2
5.84575E+11	2.94702E-9	1.10796E+2	-7.18743E-2	1.89249E-1
5.84750E+11	2.91592E-9	-1.32994E+2	-1.53558E-1	-1.64709E-1
5.84925E+11	1.81780E-9	-2.43176E+1	2.02720E-1	-9.16068E-2
5.85100E+11	2.70291E-9	7.65057E+1	5.37315E-2	2.23906E-1
5.85275E+11	2.06870E-9	1.75818E+2	-1.88436E-1	1.37788E-2
5.85450E+11	2.37777E-9	-8.76585E+1	7.19834E-3	-1.76041E-1
5.85625E+11	3.93109E-9	2.15508E+1	1.88178E-1	7.43182E-2
5.85800E+11	2.23609E-9	1.43460E+2	-1.73144E-1	1.28306E-1
5.85975E+11	3.30721E-9	-9.57724E+1	-2.20987E-2	-2.18605E-1
5.86150E+11	2.15648E-9	1.02499E+1	2.09883E-1	3.79524E-2
5.86325E+11	3.17960E-9	1.02376E+2	-4.18223E-2	1.90602E-1
5.86500E+11	3.21677E-9	-1.68909E+2	-2.03596E-1	-3.99111E-2
5.86675E+11	3.54329E-9	-6.54735E+1	7.93346E-2	-1.73871E-1
5.86850E+11	2.97184E-9	3.81856E+1	1.42477E-1	1.12060E-1
5.87025E+11	3.90964E-9	1.47854E+2	-1.72249E-1	1.08246E-1
5.87200E+11	4.08987E-9	-1.03918E+2	-5.56405E-2	-2.24529E-1
5.87375E+11	4.89287E-9	-3.76029E+0	2.62477E-1	-1.72510E-2
5.87550E+11	7.48701E-9	9.16024E+1	-8.07104E-3	2.88513E-1
5.87725E+11	8.36576E-9	-1.69060E+2	-2.74284E-1	-5.30158E-2
5.87900E+11	7.07179E-9	-6.14079E+1	1.24920E-1	-2.29195E-1
5.88075E+11	3.39290E-9	5.98255E+1	1.06788E-1	1.83668E-1
5.88250E+11	1.31549E-9	1.79957E+2	-1.79999E-1	1.35947E-4
5.88425E+11	2.81555E-9	-5.89543E+1	1.00827E-1	-1.67502E-1
5.88600E+11	1.86478E-9	4.73328E+1	1.23775E-1	1.34289E-1
5.88775E+11	2.95138E-9	1.40022E+2	-1.40980E-1	1.18206E-1
5.88950E+11	4.01146E-9	-1.31736E+2	-1.35353E-1	-1.51724E-1
5.89125E+11	4.11735E-9	-2.79650E+1	1.78943E-1	-9.50053E-2
5.89300E+11	4.40828E-9	9.03313E+1	-1.31700E-3	2.27776E-1
5.89475E+11	3.13347E-9	-1.38794E+2	-1.46030E-1	-1.27868E-1
5.89650E+11	2.56075E-9	-2.22609E+1	1.75254E-1	-7.17374E-2
5.89825E+11	4.00090E-9	8.60947E+1	1.49205E-2	2.18562E-1
5.90000E+11	5.20646E-9	-1.69568E+2	-2.36354E-1	-4.35167E-2
5.90175E+11	4.58405E-9	-6.69866E+1	1.02888E-1	-2.42231E-1
5.90350E+11	6.96039E-9	4.77929E+1	1.87479E-1	2.06710E-1
5.90525E+11	5.33905E-9	1.73264E+2	-2.56157E-1	3.02528E-2
5.90700E+11	4.06302E-9	-6.27985E+1	8.84301E-2	-1.72056E-1
5.90875E+11	2.02463E-9	3.24962E+1	1.22235E-1	7.78607E-2
5.91050E+11	3.28607E-9	1.07783E+2	-4.92369E-2	1.53514E-1
5.91225E+11	2.56571E-9	1.79427E+2	-1.77732E-1	1.77895E-3
5.91400E+11	3.02409E-9	-1.08977E+2	-6.29803E-2	-1.83147E-1
5.91575E+11	2.82913E-9	-1.47041E+1	2.09139E-1	-5.48827E-2
5.91750E+11	5.69359E-9	1.08223E+2	-7.64840E-2	2.32319E-1
5.91925E+11	4.04583E-9	-1.07610E+2	-7.60352E-2	-2.39550E-1
5.92100E+11	6.27569E-9	4.11254E+1	1.94417E-1	1.69753E-1
5.92275E+11	4.29406E-9	1.62732E+2	-2.11696E-1	6.58075E-2
5.92450E+11	4.72292E-9	-1.01591E+2	-4.81279E-2	-2.34641E-1
5.92625E+11	4.53774E-9	-5.27178E+0	2.57817E-1	-2.37889E-2
5.92800E+11	4.26373E-9	9.15208E+1	-7.10454E-3	2.67597E-1
5.92975E+11	4.70329E-9	-1.53653E+2	-2.32502E-1	-1.15146E-1
5.93150E+11	4.34748E-9	-2.77735E+1	2.06531E-1	-1.08769E-1
5.93325E+11	3.37639E-9	9.46611E+1	-1.60408E-2	1.96744E-1
5.93500E+11	2.14589E-9	-1.45992E+2	-1.48000E-1	-9.98578E-2
5.93675E+11	1.76616E-9	-3.68360E+1	1.34766E-1	-1.00950E-1
5.93850E+11	1.81777E-9	5.52389E+1	9.65034E-2	1.39052E-1
5.94025E+11	2.13604E-9	1.55017E+2	-1.68790E-1	7.86460E-2
5.94200E+11	1.79731E-9	-9.47343E+1	-1.73135E-2	-2.09056E-1
5.94375E+11	4.43932E-9	2.79939E+1	2.06955E-1	1.10012E-1
5.94550E+11	4.76553E-9	1.43004E+2	-1.95960E-1	1.47647E-1
5.94725E+11	4.27280E-9	-1.16850E+2	-1.12491E-1	-2.22210E-1
5.94900E+11	5.82235E-9	-1.51829E+1	2.39869E-1	-6.50944E-2
5.95075E+11	4.78028E-9	7.81606E+1	4.00522E-2	1.91063E-1
5.95250E+11	3.39717E-9	1.70081E+2	-1.91277E-1	3.34501E-2
5.95425E+11	5.01178E-9	-8.33642E+1	2.40422E-2	-2.06660E-1
5.95600E+11	5.87953E-9	3.91813E+1	1.65519E-1	1.34905E-1
5.95775E+11	4.41275E-9	1.59844E+2	-1.82194E-1	6.68751E-2
5.95950E+11	3.24534E-9	-8.82607E+1	5.55141E-3	-1.82822E-1
5.96125E+11	3.58860E-9	1.07626E+1	1.75318E-1	3.33252E-2
5.96300E+11	3.33941E-9	1.10348E+2	-6.23343E-2	1.68081E-1
5.96475E+11	2.29029E-9	-1.50264E+2	-1.43138E-1	-8.17620E-2
5.96650E+11	2.20866E-9	-4.98611E+1	1.19173E-1	-1.41328E-1
5.96825E+11	2.90743E-9	5.77637E+1	1.08951E-1	1.72768E-1
5.97000E+11	3.14290E-9	1.67252E+2	-2.21984E-1	5.02219E-2
5.97175E+11	4.02188E-9	-8.77078E+1	9.53763E-3	-2.38277E-1
5.97350E+11	4.26814E-9	1.74019E+1	2.39136E-1	7.49492E-2
5.97525E+11	3.67151E-9	1.25669E+2	-1.52149E-1	2.11978E-1
5.97700E+11	2.87230E-9	-1.12573E+2	-8.74688E-2	-2.10405E-1
5.97875E+11	1.63175E-9	-5.37579E+0	1.79674E-1	-1.69076E-2
5.98050E+11	2.48976E-9	9.76198E+1	-2.57604E-2	1.92556E-1
5.98225E+11	3.62096E-9	-1.54108E+2	-1.75888E-1	-8.53762E-2
5.98400E+11	3.08934E-9	-5.11028E+1	1.26406E-1	-1.56672E-1
5.98575E+11	4.03674E-9	5.46668E+1	1.26883E-1	1.78983E-1
5.98750E+11	4.76932E-9	1.75589E+2	-2.10221E-1	1.62148E-2
5.98925E+11	4.31660E-9	-6.00980E+1	1.01714E-1	-1.76872E-1
5.99100E+11	5.40574E-9	6.96019E+1	7.15546E-2	1.92424E-1
5.99275E+11	2.59358E-9	-1.71129E+2	-1.79852E-1	-2.80723E-2
5.99450E+11	4.11143E-9	-6.55583E+1	7.67924E-2	-1.68961E-1
5.99625E+11	5.27437E-9	3.61690E+1	1.59843E-1	1.16854E-1
5.99800E+11	5.65081E-9	1.40406E+2	-1.68158E-1	1.39085E-1
5.99975E+11	7.16718E-9	-1.06647E+2	-6.67997E-2	-2.23405E-1
6.00150E+11	5.33370E-9	1.79791E+1	2.16054E-1	7.01131E-2
6.00325E+11	4.10386E-9	1.41164E+2	-1.63018E-1	1.31239E-1
6.00500E+11	2.75214E-9	-1.06077E+2	-4.46085E-2	-1.54780E-1
6.00675E+11	1.95854E-9	-2.46639E+1	1.48154E-1	-6.80301E-2
6.00850E+11	2.99990E-9	6.55223E+1	7.99296E-2	1.75570E-1
6.01025E+11	3.47501E-9	1.67435E+2	-2.03610E-1	4.53831E-2
6.01200E+11	2.12513E-9	-7.95856E+1	3.62748E-2	-1.97367E-1
6.01375E+11	2.93469E-9	4.04473E+1	1.56146E-1	1.33113E-1
6.01550E+11	2.97238E-9	1.64270E+2	-1.84033E-1	5.18342E-2
6.01725E+11	2.94114E-9	-8.04333E+1	3.34039E-2	-1.98196E-1
6.01900E+11	2.62269E-9	2.76678E+1	1.71279E-1	8.98008E-2
6.02075E+11	2.10624E-9	1.08785E+2	-5.76783E-2	1.69574E-1
6.02250E+11	1.90031E-9	-1.67799E+2	-1.95737E-1	-4.23249E-2
6.02425E+11	3.36299E-9	-7.03725E+1	7.16237E-2	-2.00838E-1
6.02600E+11	3.03169E-9	4.62982E+1	1.49760E-1	1.56705E-1
6.02775E+11	4.80950E-9	1.79232E+2	-2.35396E-1	3.15472E-3
6.02950E+11	4.48373E-9	-4.38477E+1	1.65201E-1	-1.58687E-1
6.03125E+11	6.00661E-9	9.00696E+1	-2.66240E-4	2.19268E-1
6.03300E+11	3.34991E-9	-1.52538E+2	-1.77401E-1	-9.21996E-2
6.03475E+11	3.85323E-9	-5.11546E+1	1.25726E-1	-1.56118E-1
6.03650E+11	2.67824E-9	4.88093E+1	1.40975E-1	1.61087E-1
6.03825E+11	1.54967E-9	1.44513E+2	-1.62171E-1	1.15620E-1
6.04000E+11	2.97081E-9	-1.22525E+2	-1.07630E-1	-1.68781E-1
6.04175E+11	3.25710E-9	-3.03960E+1	1.90433E-1	-1.11708E-1
6.04350E+11	3.33272E-9	7.43955E+1	6.21476E-2	2.22521E-1
6.04525E+11	2.82865E-9	-1.73161E+2	-2.24660E-1	-2.69440E-2
6.04700E+11	2.18798E-9	-6.64474E+1	7.04824E-2	-1.61692E-1
6.04875E+11	2.21586E-9	2.56429E+1	1.59014E-1	7.63332E-2
6.05050E+11	2.17872E-9	1.23906E+2	-1.06347E-1	1.58224E-1
6.05225E+11	2.07409E-9	-1.32096E+2	-1.42828E-1	-1.58096E-1
6.05400E+11	2.51130E-9	-2.38486E+1	2.17479E-1	-9.61405E-2
6.05575E+11	4.14051E-9	8.88764E+1	4.89012E-3	2.49329E-1
6.05750E+11	2.20748E-9	-1.63713E+2	-1.99163E-1	-5.81907E-2
6.05925E+11	2.48273E-9	-6.75434E+1	7.34392E-2	-1.77679E-1
6.06100E+11	2.20567E-9	2.78194E+1	1.55814E-1	8.22188E-2
6.06275E+11	1.80786E-9	1.18882E+2	-8.25171E-2	1.49591E-1
6.06450E+11	2.23100E-9	-1.48391E+2	-1.56949E-1	-9.65890E-2
6.06625E+11	3.53560E-9	-4.83108E+1	1.36295E-1	-1.53032E-1
6.06800E+11	3.68149E-9	6.14146E+1	1.05094E-1	1.92874E-1
6.06975E+11	4.18472E-9	1.74905E+2	-2.28740E-1	2.03955E-2
6.07150E+11	3.64268E-9	-7.88062E+1	4.07252E-2	-2.05795E-1
6.07325E+11	2.48256E-9	2.20437E+1	1.75865E-1	7.12102E-2
6.07500E+11	2.81668E-9	1.21625E+2	-9.48996E-2	1.54106E-1
6.07675E+11	3.52593E-9	-1.49180E+2	-1.64667E-1	-9.82406E-2
6.07850E+11	3.89426E-9	-5.15453E+1	1.38811E-1	-1.74793E-1
6.08025E+11	4.55354E-9	5.00242E+1	1.53907E-1	1.83577E-1
6.08200E+11	3.55686E-9	1.42205E+2	-1.66956E-1	1.29481E-1
6.08375E+11	2.95886E-9	-1.28481E+2	-1.20743E-1	-1.51896E-1
6.08550E+11	3.33407E-9	-4.24834E+1	1.58357E-1	-1.45023E-1
6.08725E+11	2.43873E-9	6.64650E+1	9.00085E-2	2.06660E-1
6.08900E+11	3.14993E-9	1.68231E+2	-1.88549E-1	3.92832E-2
6.09075E+11	3.60294E-9	-9.46686E+1	-1.79190E-2	-2.19425E-1
6.09250E+11	3.63729E-9	8.56304E+0	2.36214E-1	3.55682E-2
6.09425E+11	3.11579E-9	1.11090E+2	-9.24518E-2	2.39720E-1
6.09600E+11	4.27092E-9	-1.47679E+2	-2.17609E-1	-1.37681E-1
6.09775E+11	4.07255E-9	-4.09254E+1	1.93805E-1	-1.68029E-1
6.09950E+11	3.83481E-9	6.66235E+1	9.64817E-2	2.23207E-1
6.10125E+11	3.30233E-9	-1.76446E+2	-2.26964E-1	-1.40978E-2
6.10300E+11	1.44064E-9	-6.26748E+1	7.67339E-2	-1.48509E-1
6.10475E+11	1.90366E-9	4.55465E+1	1.19904E-1	1.22214E-1
6.10650E+11	2.05011E-9	1.49527E+2	-1.43115E-1	8.42118E-2
6.10825E+11	1.67748E-9	-1.14724E+2	-7.24603E-2	-1.57368E-1
6.11000E+11	3.21886E-9	-1.42589E+1	1.99838E-1	-5.07856E-2
6.11175E+11	3.12504E-9	1.00569E+2	-3.93172E-2	2.10728E-1
6.11350E+11	4.66680E-9	-1.41465E+2	-1.75524E-1	-1.39795E-1
6.11525E+11	5.61206E-9	-2.10720E+1	2.06570E-1	-7.95928E-2
6.11700E+11	4.44140E-9	9.01881E+1	-6.87522E-4	2.09431E-1
6.11875E+11	5.17700E-9	-1.66550E+2	-2.18726E-1	-5.23107E-2
6.12050E+11	5.64131E-9	-6.41733E+1	1.00841E-1	-2.08353E-1
6.12225E+11	5.19155E-9	4.51096E+1	1.74164E-1	1.74832E-1
6.12400E+11	5.24307E-9	1.60814E+2	-2.47286E-1	8.60449E-2
6.12575E+11	2.99844E-9	-7.77137E+1	4.68532E-2	-2.15135E-1
6.12750E+11	3.06267E-9	3.65451E+1	1.42954E-1	1.05955E-1
6.12925E+11	1.35972E-9	1.27854E+2	-8.53780E-2	1.09855E-1
6.13100E+11	9.72116E-10	-1.46105E+2	-1.21836E-1	-8.18540E-2
6.13275E+11	1.64963E-9	-5.44506E+1	1.01318E-1	-1.41783E-1
6.13450E+11	1.77728E-9	4.29040E+1	1.47866E-1	1.37425E-1
6.13625E+11	1.99896E-9	1.56079E+2	-2.11825E-1	9.39603E-2
6.13800E+11	1.84358E-9	-7.99715E+1	4.76017E-2	-2.69179E-1
6.13975E+11	3.01432E-9	5.94613E+1	1.43908E-1	2.43929E-1
6.14150E+11	4.00298E-9	-1.65143E+2	-2.89742E-1	-7.68590E-2
6.14325E+11	2.71733E-9	-3.96869E+1	2.03520E-1	-1.68888E-1
6.14500E+11	2.53759E-9	6.14365E+1	1.10016E-1	2.02090E-1
6.14675E+11	3.68542E-9	1.52445E+2	-2.14023E-1	1.11672E-1
6.14850E+11	2.06701E-9	-1.05834E+2	-6.35901E-2	-2.24214E-1
6.15025E+11	2.71757E-9	3.35197E+0	2.10992E-1	1.23577E-2
6.15200E+11	2.50209E-9	1.04508E+2	-4.28272E-2	1.65508E-1
6.15375E+11	1.84154E-9	-1.62632E+2	-1.56051E-1	-4.88077E-2
6.15550E+11	3.26033E-9	-7.18301E+1	5.46963E-2	-1.66655E-1
6.15725E+11	1.92882E-9	1.24480E+1	1.60781E-1	3.54914E-2
6.15900E+11	2.75090E-9	9.45117E+1	-1.30843E-2	1.65821E-1
6.16075E+11	3.30664E-9	-1.63194E+2	-1.80396E-1	-5.44870E-2
6.16250E+11	3.97307E-9	-3.88333E+1	1.66819E-1	-1.34286E-1
6.16425E+11	5.52779E-9	9.71270E+1	-2.96789E-2	2.37364E-1
6.16600E+11	7.33951E-9	-1.24283E+2	-1.50557E-1	-2.20850E-1
6.16775E+11	5.28787E-9	5.28258E+0	2.50197E-1	2.31333E-2
6.16950E+11	3.54540E-9	1.22711E+2	-1.26515E-1	1.96984E-1
6.17125E+11	2.18327E-9	-1.27279E+2	-1.11126E-1	-1.45985E-1
6.17300E+11	1.14579E-9	-2.77725E+1	1.36282E-1	-7.17696E-2
6.17475E+11	1.69876E-9	8.31063E+1	1.97145E-2	1.63061E-1
6.17650E+11	1.33075E-9	-1.56042E+2	-1.62760E-1	-7.23242E-2
6.17825E+11	2.15901E-9	-4.23912E+1	1.41049E-1	-1.28756E-1
6.18000E+11	2.86268E-9	7.19631E+1	6.57215E-2	2.01828E-1
6.18175E+11	3.04417E-9	-1.78253E+2	-2.15625E-1	-6.57532E-3
6.18350E+11	3.11599E-9	-6.80574E+1	8.32194E-2	-2.06570E-1
6.18525E+11	2.12513E-9	4.39585E+1	1.54502E-1	1.48985E-1
6.18700E+11	2.20607E-9	1.50987E+2	-1.95433E-1	1.08389E-1
6.18875E+11	5.27599E-9	-9.87031E+1	-3.87632E-2	-2.53227E-1
6.19050E+11	3.80232E-9	8.80401E+0	2.76826E-1	4.28748E-2
6.19225E+11	5.17164E-9	1.12537E+2	-1.10020E-1	2.65132E-1
6.19400E+11	4.36982E-9	-1.44749E+2	-2.16612E-1	-1.53094E-1
6.19575E+11	2.45897E-9	-4.80630E+1	1.46533E-1	-1.63102E-1
6.19750E+11	2.08889E-9	6.36074E+1	9.07203E-2	1.82814E-1
6.19925E+11	2.08803E-9	1.79147E+2	-1.82291E-1	2.71375E-3
6.20100E+11	2.13370E-9	-7.06523E+1	6.38760E-2	-1.81916E-1
6.20275E+11	2.54310E-9	4.38487E+1	1.53879E-1	1.47816E-1
6.20450E+11	2.22330E-9	1.65324E+2	-2.15167E-1	5.63528E-2
6.20625E+11	3.33444E-9	-7.72794E+1	5.24158E-2	-2.32198E-1
6.20800E+11	3.43557E-9	4.95168E+1	1.55022E-1	1.81615E-1
6.20975E+11	3.64806E-9	1.78789E+2	-2.32817E-1	4.92348E-3
6.21150E+11	1.93665E-9	-4.86819E+1	1.39697E-1	-1.58913E-1
6.21325E+11	1.75345E-9	7.68493E+1	3.95225E-2	1.69160E-1
6.21500E+11	2.04174E-9	-1.74129E+2	-1.73323E-1	-1.78228E-2
6.21675E+11	2.14899E-9	-6.34718E+1	8.09652E-2	-1.62191E-1
6.21850E+11	1.69138E-9	4.74412E+1	1.20961E-1	1.31735E-1
6.22025E+11	1.76694E-9	1.60913E+2	-1.85165E-1	6.40725E-2
6.22200E+11	1.40766E-9	-8.23583E+1	2.61702E-2	-1.95053E-1
6.22375E+11	1.96703E-9	2.82248E+1	1.74103E-1	9.34504E-2
6.22550E+11	2.20344E-9	1.43672E+2	-1.58066E-1	1.16231E-1
6.22725E+11	1.37200E-9	-1.17495E+2	-8.07639E-2	-1.55176E-1
6.22900E+11	2.01839E-9	-3.15979E+1	1.55805E-1	-9.58441E-2
6.23075E+11	2.82619E-9	5.98730E+1	1.04416E-1	1.79932E-1
6.23250E+11	3.73767E-9	1.62645E+2	-2.15638E-1	6.73897E-2
6.23425E+11	5.99573E-9	-6.51397E+1	1.02714E-1	-2.21681E-1
6.23600E+11	2.06101E-9	6.55031E+1	9.13460E-2	2.00469E-1
6.23775E+11	1.92751E-9	-1.76905E+2	-1.99607E-1	-1.07922E-2
6.23950E+11	1.60246E-9	-7.08080E+1	5.64503E-2	-1.62176E-1
6.24125E+11	1.27467E-9	1.68986E+1	1.45020E-1	4.40565E-2
6.24300E+11	1.50446E-9	1.04177E+2	-4.64709E-2	1.83962E-1
6.24475E+11	3.96823E-9	-1.51698E+2	-1.94760E-1	-1.04875E-1
6.24650E+11	3.26038E-9	-4.13536E+1	1.80113E-1	-1.58532E-1
6.24825E+11	2.67842E-9	6.09969E+1	1.15355E-1	2.08080E-1
6.25000E+11	2.51852E-9	1.59655E+2	-2.37060E-1	8.79026E-2
6.25175E+11	3.56708E-9	-1.01337E+2	-5.18468E-2	-2.58601E-1
6.25350E+11	2.75010E-9	-2.33584E+0	2.29682E-1	-9.36886E-3
6.25525E+11	1.46016E-9	8.98656E+1	4.70662E-4	2.00705E-1
6.25700E+11	1.62601E-9	-1.69029E+2	-2.08902E-1	-4.04958E-2
6.25875E+11	2.19854E-9	-5.88497E+1	1.12814E-1	-1.86643E-1
6.26050E+11	2.37359E-9	5.14946E+1	1.30836E-1	1.64451E-1
6.26225E+11	2.06923E-9	1.54125E+2	-1.65367E-1	8.02092E-2
6.26400E+11	1.69143E-9	-1.10514E+2	-5.94851E-2	-1.58978E-1
6.26575E+11	1.15671E-9	-1.72633E+1	1.62327E-1	-5.04451E-2
6.26750E+11	2.35520E-9	8.88075E+1	3.44996E-3	1.65739E-1
6.26925E+11	2.13764E-9	-1.57257E+2	-1.36658E-1	-5.72849E-2
6.27100E+11	2.08436E-9	-3.56410E+1	1.36209E-1	-9.76638E-2
6.27275E+11	2.53675E-9	9.14631E+1	-4.71504E-3	1.84608E-1
6.27450E+11	4.29256E-9	-1.41517E+2	-1.63178E-1	-1.29720E-1
6.27625E+11	4.30365E-9	-1.25205E+1	2.28723E-1	-5.07926E-2
6.27800E+11	4.47446E-9	1.10248E+2	-7.91114E-2	2.14469E-1
6.27975E+11	3.66425E-9	-1.32892E+2	-1.56490E-1	-1.68451E-1
6.28150E+11	2.92799E-9	-1.89284E+1	1.74919E-1	-5.99851E-2
6.28325E+11	2.14013E-9	8.93288E+1	1.90419E-3	1.62535E-1
6.28500E+11	2.51640E-9	-1.70562E+2	-1.70651E-1	-2.83668E-2
6.28675E+11	1.59753E-9	-7.17557E+1	6.13135E-2	-1.86001E-1
6.28850E+11	2.85348E-9	2.99455E+1	1.84446E-1	1.06256E-1
6.29025E+11	2.25051E-9	1.37224E+2	-1.65566E-1	1.53184E-1
6.29200E+11	2.35565E-9	-1.16279E+2	-8.75727E-2	-1.77351E-1
6.29375E+11	1.92786E-9	-5.15819E+0	2.22613E-1	-2.00956E-2
6.29550E+11	1.39981E-9	1.10245E+2	-6.72090E-2	1.82227E-1
6.29725E+11	1.10611E-9	-1.46362E+2	-1.60612E-1	-1.06862E-1
6.29900E+11	1.35122E-9	-3.88140E+1	1.72620E-1	-1.38859E-1
6.30075E+11	2.03350E-9	6.52780E+1	1.00365E-1	2.17989E-1
6.30250E+11	2.71678E-9	1.67754E+2	-2.67005E-1	5.79536E-2
6.30425E+11	3.21783E-9	-7.12268E+1	8.97558E-2	-2.64060E-1
6.30600E+11	2.50917E-9	4.50039E+1	1.79824E-1	1.79849E-1
6.30775E+11	2.57432E-9	1.65403E+2	-2.27635E-1	5.92826E-2
6.30950E+11	2.01995E-9	-8.40203E+1	1.93227E-2	-1.84473E-1
6.31125E+11	2.18040E-9	1.48372E+1	1.72229E-1	4.56243E-2
6.31300E+11	1.97057E-9	1.17203E+2	-8.53037E-2	1.65964E-1
6.31475E+11	2.57974E-9	-1.34147E+2	-1.32271E-1	-1.36271E-1
6.31650E+11	3.66737E-9	-2.13022E+1	1.73492E-1	-6.76493E-2
6.31825E+11	2.31876E-9	9.49503E+1	-1.51984E-2	1.75471E-1
6.32000E+11	2.84870E-9	-1.56415E+2	-1.58954E-1	-6.93970E-2
6.32175E+11	2.44529E-9	-4.07701E+1	1.33614E-1	-1.15211E-1
6.32350E+11	1.78281E-9	5.75210E+1	8.19824E-2	1.28791E-1
6.32525E+11	1.57957E-9	1.36996E+2	-1.10965E-1	1.03490E-1
6.32700E+11	2.11868E-9	-1.23565E+2	-9.73471E-2	-1.46711E-1
6.32875E+11	1.92444E-9	-1.89576E+1	1.79463E-1	-6.16454E-2
6.33050E+11	1.73469E-9	8.99715E+1	9.94573E-5	2.00276E-1
6.33225E+11	1.77079E-9	-1.58295E+2	-1.89878E-1	-7.55804E-2
6.33400E+11	9.92438E-10	-6.13859E+1	8.42722E-2	-1.54475E-1
6.33575E+11	1.18317E-9	4.72156E+1	1.24984E-1	1.35044E-1
6.33750E+11	1.13874E-9	1.45072E+2	-1.30724E-1	9.12883E-2
6.33925E+11	1.24230E-9	-1.18735E+2	-7.80715E-2	-1.42395E-1
6.34100E+11	1.61928E-9	-6.10938E+0	1.81643E-1	-1.94421E-2
6.34275E+11	1.37335E-9	9.76821E+1	-2.48531E-2	1.84252E-1
6.34450E+11	2.35513E-9	-1.62259E+2	-1.94960E-1	-6.23745E-2
6.34625E+11	2.36632E-9	-5.46664E+1	1.22834E-1	-1.73268E-1
6.34800E+11	1.69163E-9	2.87901E+1	1.89456E-1	1.04112E-1
6.34975E+11	2.55326E-9	1.29127E+2	-1.37821E-1	1.69426E-1
6.35150E+11	1.78344E-9	-1.31218E+2	-1.23647E-1	-1.41152E-1
6.35325E+11	1.81754E-9	-3.80720E+1	1.53270E-1	-1.20058E-1
6.35500E+11	2.85180E-9	5.95470E+1	1.00828E-1	1.71494E-1
6.35675E+11	2.34105E-9	1.60818E+2	-2.05478E-1	7.14816E-2
6.35850E+11	3.23483E-9	-9.40750E+1	-1.67477E-2	-2.35080E-1
6.36025E+11	2.93733E-9	2.00389E+1	2.25930E-1	8.24052E-2
6.36200E+11	1.89722E-9	1.18043E+2	-1.01941E-1	1.91374E-1
6.36375E+11	2.36023E-9	-1.30258E+2	-1.23054E-1	-1.45318E-1
6.36550E+11	1.76660E-9	-2.42702E+1	1.45526E-1	-6.56165E-2
6.36725E+11	9.93499E-10	7.81011E+1	3.15976E-2	1.49955E-1
6.36900E+11	1.38400E-9	-1.67546E+2	-1.57752E-1	-3.48407E-2
6.37075E+11	1.38315E-9	-5.56416E+1	9.47016E-2	-1.38524E-1
6.37250E+11	2.44773E-9	6.01581E+1	9.22079E-2	1.60731E-1
6.37425E+11	3.32900E-9	-1.79904E+2	-1.90864E-1	-3.19171E-4
6.37600E+11	2.46824E-9	-6.74116E+1	6.80367E-2	-1.63541E-1
6.37775E+11	1.68723E-9	5.25629E+1	9.21271E-2	1.20336E-1
6.37950E+11	1.34525E-9	1.63702E+2	-1.29667E-1	3.79122E-2
6.38125E+11	1.14658E-9	-8.54108E+1	1.17766E-2	-1.46715E-1
6.38300E+11	1.88896E-9	4.25416E+1	1.30130E-1	1.19416E-1
6.38475E+11	2.63573E-9	1.71030E+2	-1.94898E-1	3.07652E-2
6.38650E+11	1.98616E-9	-6.51084E+1	8.44909E-2	-1.82090E-1
6.38825E+11	1.42307E-9	5.31518E+1	1.07642E-1	1.43636E-1
6.39000E+11	1.52241E-9	1.53690E+2	-1.66486E-1	8.23180E-2
6.39175E+11	1.51437E-9	-9.71070E+1	-2.13352E-2	-1.71117E-1
6.39350E+11	1.54747E-9	6.37908E-1	1.61743E-1	1.80085E-3
6.39525E+11	2.76822E-9	1.04455E+2	-4.78193E-2	1.85504E-1
6.39700E+11	2.75083E-9	-1.42526E+2	-1.62836E-1	-1.24830E-1
6.39875E+11	2.72626E-9	-3.19544E+1	1.79739E-1	-1.12115E-1
6.40050E+11	2.43195E-9	7.16610E+1	6.80774E-2	2.05378E-1
6.40225E+11	1.79134E-9	1.78561E+2	-1.94091E-1	4.87555E-3
6.40400E+11	2.32466E-9	-8.35440E+1	2.38656E-2	-2.10905E-1
6.40575E+11	2.16930E-9	3.19991E+1	1.80876E-1	1.13020E-1
6.40750E+11	1.44754E-9	1.47750E+2	-1.73511E-1	1.09477E-1
6.40925E+11	1.72387E-9	-9.92901E+1	-3.26593E-2	-1.99655E-1
6.41100E+11	1.36626E-9	1.64118E+1	1.85605E-1	5.46680E-2
6.41275E+11	1.66933E-9	1.24958E+2	-1.13786E-1	1.62758E-1
6.41450E+11	1.72990E-9	-1.43152E+2	-1.69959E-1	-1.27367E-1
6.41625E+11	1.30103E-9	-5.20549E+1	1.22823E-1	-1.57517E-1
6.41800E+11	8.24610E-10	5.10442E+1	1.30450E-1	1.61347E-1
6.41975E+11	1.05246E-9	1.62429E+2	-1.67283E-1	5.29706E-2
6.42150E+11	1.04453E-9	-1.03505E+2	-3.31059E-2	-1.37847E-1
6.42325E+11	1.04163E-9	-4.21968E+0	1.47486E-1	-1.08816E-2
6.42500E+11	7.62097E-10	9.68882E+1	-1.79201E-2	1.48340E-1
6.42675E+11	1.35012E-9	-1.58150E+2	-1.48677E-1	-5.96168E-2
6.42850E+11	1.99289E-9	-5.33213E+1	1.08850E-1	-1.46147E-1
6.43025E+11	1.65390E-9	4.77135E+1	1.16236E-1	1.27802E-1
6.43200E+11	3.14047E-9	1.46952E+2	-1.58660E-1	1.03222E-1
6.43375E+11	1.19693E-9	-1.14700E+2	-6.04708E-2	-1.31475E-1
6.43550E+11	1.54613E-9	-3.53741E+1	1.12335E-1	-7.97561E-2
6.43725E+11	1.41318E-9	6.51503E+1	7.01504E-2	1.51474E-1
6.43900E+11	2.16895E-9	1.69359E+2	-1.83147E-1	3.44117E-2
6.44075E+11	1.69049E-9	-8.13149E+1	2.98346E-2	-1.95311E-1
6.44250E+11	3.15545E-9	3.14156E+1	1.84544E-1	1.12715E-1
6.44425E+11	1.99279E-9	1.44671E+2	-1.59372E-1	1.12962E-1
6.44600E+11	2.01163E-9	-1.03646E+2	-4.20408E-2	-1.73166E-1
6.44775E+11	1.05840E-9	2.71449E+0	1.54830E-1	7.34085E-3
6.44950E+11	1.18772E-9	1.08434E+2	-5.38452E-2	1.61546E-1
6.45125E+11	1.53858E-9	-1.36376E+2	-1.42639E-1	-1.35948E-1
6.45300E+11	1.51951E-9	-2.73912E+1	1.93541E-1	-1.00284E-1
6.45475E+11	1.97108E-9	8.48204E+1	2.08456E-2	2.29961E-1
6.45650E+11	1.56377E-9	-1.66802E+2	-2.24141E-1	-5.25642E-2
6.45825E+11	1.41699E-9	-6.77523E+1	8.53712E-2	-2.08699E-1
6.46000E+11	1.93702E-9	3.67921E+1	1.97617E-1	1.47794E-1
6.46175E+11	1.59839E-9	1.44090E+2	-1.78341E-1	1.29145E-1
6.46350E+11	1.74000E-9	-1.08016E+2	-7.01281E-2	-2.15626E-1
6.46525E+11	1.60903E-9	-4.22823E+0	2.31806E-1	-1.71376E-2
6.46700E+11	2.08983E-9	1.07763E+2	-6.96743E-2	2.17493E-1
6.46875E+11	2.10717E-9	-1.45847E+2	-1.86351E-1	-1.26419E-1
6.47050E+11	2.26560E-9	-4.02814E+1	1.74431E-1	-1.47831E-1
6.47225E+11	2.12301E-9	6.74094E+1	8.11598E-2	1.95064E-1
6.47400E+11	2.02046E-9	1.74474E+2	-2.10035E-1	2.03214E-2
6.47575E+11	2.71457E-9	-7.90837E+1	3.52125E-2	-1.82576E-1
6.47750E+11	2.04142E-9	1.37695E+1	1.62684E-1	3.98674E-2
6.47925E+11	2.01318E-9	1.11257E+2	-6.35203E-2	1.63279E-1
6.48100E+11	2.11227E-9	-1.46799E+2	-1.60024E-1	-1.04721E-1
6.48275E+11	2.18870E-9	-3.42238E+1	1.66631E-1	-1.13344E-1
6.48450E+11	2.44557E-9	8.13856E+1	3.07965E-2	2.03286E-1
6.48625E+11	2.18967E-9	-1.60930E+2	-1.92874E-1	-6.66754E-2
6.48800E+11	1.10804E-9	-3.49731E+1	1.56520E-1	-1.09487E-1
6.48975E+11	8.81098E-10	7.91332E+1	2.81648E-2	1.46715E-1
6.49150E+11	8.41006E-10	-1.75207E+2	-1.44753E-1	-1.21363E-2
6.49325E+11	6.33535E-10	-7.11869E+1	4.99444E-2	-1.46601E-1
6.49500E+11	7.08287E-10	3.68302E+1	1.27077E-1	9.51704E-2
6.49675E+11	8.23745E-10	1.42410E+2	-1.35811E-1	1.04552E-1
6.49850E+11	4.06420E-10	-1.06076E+2	-4.43313E-2	-1.53832E-1
6.50025E+11	6.97026E-10	-7.65545E+0	1.44417E-1	-1.94116E-2
6.50200E+11	6.62707E-10	9.20178E+1	-4.92280E-3	1.39728E-1
6.50375E+11	4.89240E-10	1.76201E+2	-1.20705E-1	8.01533E-3
6.50550E+11	6.61212E-10	-1.03354E+2	-3.27600E-2	-1.38001E-1
6.50725E+11	1.27108E-9	-3.43046E+0	1.75242E-1	-1.05048E-2
6.50900E+11	1.30477E-9	1.03390E+2	-4.24212E-2	1.78205E-1
6.51075E+11	1.22211E-9	-1.51622E+2	-1.58084E-1	-8.53975E-2
6.51250E+11	1.03570E-9	-4.32170E+1	1.21978E-1	-1.14612E-1
6.51425E+11	5.85018E-10	5.37636E+1	8.93139E-2	1.21869E-1
6.51600E+11	4.70354E-10	1.62395E+2	-1.40170E-1	4.44774E-2
6.51775E+11	4.27510E-10	-9.51815E+1	-1.18318E-2	-1.30477E-1
6.51950E+11	3.78446E-10	-4.61146E+0	1.34154E-1	-1.08208E-2
6.52125E+11	5.50786E-10	9.59157E+1	-1.46290E-2	1.41184E-1
6.52300E+11	2.42691E-10	-1.61803E+2	-1.39966E-1	-4.60094E-2
6.52475E+11	4.74405E-10	-6.83038E+1	5.85605E-2	-1.47185E-1
6.52650E+11	4.47777E-10	2.45287E+1	1.34661E-1	6.14500E-2
6.52825E+11	4.79707E-10	1.14993E+2	-6.36740E-2	1.36591E-1
6.53000E+11	3.77276E-10	-1.49344E+2	-1.12645E-1	-6.67678E-2
6.53175E+11	2.32565E-10	-5.46235E+1	7.31919E-2	-1.03081E-1
6.53350E+11	4.04609E-10	2.96468E+1	1.14322E-1	6.50672E-2
6.53525E+11	5.27991E-10	1.30045E+2	-8.88545E-2	1.05724E-1
6.53700E+11	7.22044E-10	-1.29959E+2	-9.28046E-2	-1.10762E-1
6.53875E+11	7.52682E-10	-2.00172E+1	1.42821E-1	-5.20310E-2
6.54050E+11	8.23163E-10	7.64864E+1	3.34778E-2	1.39299E-1
6.54225E+11	9.86663E-10	1.71080E+2	-1.49389E-1	2.34473E-2
6.54400E+11	6.74570E-10	-7.86764E+1	2.85407E-2	-1.42527E-1
6.54575E+11	7.94609E-10	2.37216E+1	1.28185E-1	5.63269E-2
6.54750E+11	9.56907E-10	1.32410E+2	-1.12388E-1	1.23039E-1
6.54925E+11	1.32492E-9	-1.14618E+2	-7.58471E-2	-1.65525E-1
6.55100E+11	1.13101E-9	-8.97481E-1	2.01101E-1	-3.15030E-3
6.55275E+11	1.60330E-9	1.09768E+2	-7.24076E-2	2.01472E-1
6.55450E+11	1.59071E-9	-1.37814E+2	-1.56287E-1	-1.41644E-1
6.55625E+11	1.49735E-9	-2.28579E+1	1.95992E-1	-8.26206E-2
6.55800E+11	9.80806E-10	1.12620E+2	-6.97870E-2	1.67491E-1
6.55975E+11	6.32828E-10	-1.27845E+2	-8.83048E-2	-1.13656E-1
6.56150E+11	7.01379E-10	-1.26875E+1	1.47165E-1	-3.31312E-2
6.56325E+11	7.62007E-10	9.41428E+1	-1.16955E-2	1.61468E-1
6.56500E+11	8.52914E-10	-1.61274E+2	-1.78226E-1	-6.04152E-2
6.56675E+11	9.54656E-10	-6.88143E+1	7.49462E-2	-1.93366E-1
6.56850E+11	8.71926E-10	2.41124E+1	1.73859E-1	7.78163E-2
6.57025E+11	1.32975E-9	1.30675E+2	-1.49277E-1	1.73703E-1
6.57200E+11	9.70463E-10	-1.00705E+2	-3.95551E-2	-2.09244E-1
6.57375E+11	1.09204E-9	2.12547E+1	1.79289E-1	6.97387E-2
6.57550E+11	1.02385E-9	1.39299E+2	-1.48152E-1	1.27436E-1
6.57725E+11	1.38065E-9	-1.00039E+2	-3.45305E-2	-1.95050E-1
6.57900E+11	1.30860E-9	1.57533E+1	1.93166E-1	5.44906E-2
6.58075E+11	1.45760E-9	1.27466E+2	-1.12760E-1	1.47135E-1
6.58250E+11	6.88059E-10	-1.14037E+2	-6.14575E-2	-1.37794E-1
6.58425E+11	5.92177E-10	-7.88611E-1	1.25755E-1	-1.73098E-3
6.58600E+11	3.54210E-10	1.08518E+2	-3.29886E-2	9.84898E-2
6.58775E+11	5.75739E-10	-1.38842E+2	-7.43337E-2	-6.49769E-2
6.58950E+11	5.83246E-10	-3.01592E+1	8.80721E-2	-5.11754E-2
6.59125E+11	6.68534E-10	7.15121E+1	3.28654E-2	9.82935E-2
6.59300E+11	8.56674E-10	1.76705E+2	-1.07573E-1	6.19233E-3
6.59475E+11	4.37175E-10	-7.42218E+1	2.74386E-2	-9.71070E-2
6.59650E+11	5.30018E-10	3.21704E+1	7.85536E-2	4.94111E-2
6.59825E+11	5.67989E-10	1.48779E+2	-8.22265E-2	4.98391E-2
6.60000E+11	2.37903E-10	-1.05084E+2	-2.24374E-2	-8.32519E-2
6.60175E+11	3.47077E-10	-8.40694E-1	9.11978E-2	-1.33823E-3
6.60350E+11	2.90621E-10	9.13211E+1	-2.04115E-3	8.85067E-2
6.60525E+11	1.79181E-10	-1.76453E+2	-8.45519E-2	-5.24101E-3
6.60700E+11	2.09880E-10	-7.38538E+1	2.59572E-2	-8.96598E-2
6.60875E+11	1.94231E-10	4.60238E+1	6.23373E-2	6.46059E-2
6.61050E+11	1.03713E-10	1.45682E+2	-6.69269E-2	4.56860E-2
6.61225E+11	2.68863E-10	-1.04217E+2	-2.49316E-2	-9.84092E-2
6.61400E+11	2.40425E-10	4.27000E+0	1.02219E-1	7.63209E-3
6.61575E+11	2.84444E-10	1.07472E+2	-3.25672E-2	1.03465E-1
6.61750E+11	2.58247E-10	-1.43240E+2	-8.86690E-2	-6.62354E-2
6.61925E+11	4.41603E-10	-3.23852E+1	1.07388E-1	-6.81113E-2
6.62100E+11	3.34856E-10	8.58497E+1	9.44219E-3	1.30125E-1
6.62275E+11	4.10053E-10	-1.52852E+2	-1.10855E-1	-5.68453E-2
6.62450E+11	3.02850E-10	-3.00841E+1	1.07344E-1	-6.21855E-2
6.62625E+11	3.06006E-10	9.01989E+1	-3.99523E-4	1.15114E-1
6.62800E+11	1.77109E-10	-1.66206E+2	-8.39046E-2	-2.06002E-2
6.62975E+11	1.33206E-10	-7.92980E+1	1.35077E-2	-7.14737E-2
6.63150E+11	1.69246E-10	2.59482E+1	8.04161E-2	3.91315E-2
6.63325E+11	3.42955E-10	1.44575E+2	-9.10399E-2	6.47581E-2
6.63500E+11	4.15009E-10	-1.12455E+2	-4.14429E-2	-1.00273E-1
6.63675E+11	5.02532E-10	-8.09942E+0	1.32011E-1	-1.87866E-2
6.63850E+11	4.79753E-10	8.85223E+1	3.55229E-3	1.37708E-1
6.64025E+11	5.59827E-10	-1.69374E+2	-1.48217E-1	-2.78089E-2
6.64200E+11	2.85463E-10	-6.02009E+1	6.66424E-2	-1.16368E-1
6.64375E+11	4.59255E-10	5.06061E+1	8.77606E-2	1.06865E-1
6.64550E+11	5.78173E-10	1.71421E+2	-1.45495E-1	2.19506E-2
6.64725E+11	5.04520E-10	-7.81798E+1	3.04598E-2	-1.45546E-1
6.64900E+11	5.01576E-10	2.48593E+1	1.36531E-1	6.32579E-2
6.65075E+11	6.21801E-10	1.18677E+2	-6.45714E-2	1.18052E-1
6.65250E+11	3.04377E-10	-1.43563E+2	-9.05998E-2	-6.68861E-2
6.65425E+11	3.06490E-10	-4.28171E+1	8.09096E-2	-7.49679E-2
6.65600E+11	2.05624E-10	8.20336E+1	1.45298E-2	1.03827E-1
6.65775E+11	3.99873E-10	-1.43817E+2	-1.06393E-1	-7.78183E-2
6.65950E+11	8.33526E-10	-1.75997E+1	1.50920E-1	-4.78735E-2
6.66125E+11	9.86058E-10	9.59429E+1	-2.01511E-2	1.93582E-1
6.66300E+11	1.16308E-9	-1.58505E+2	-1.84801E-1	-7.27745E-2
6.66475E+11	1.32534E-9	-5.97612E+1	9.95091E-2	-1.70708E-1
6.66650E+11	2.17540E-9	4.57461E+1	1.45217E-1	1.49049E-1
6.66825E+11	1.34944E-9	1.73276E+2	-1.82555E-1	2.15241E-2
6.67000E+11	1.07633E-9	-5.45291E+1	9.38836E-2	-1.31762E-1
6.67175E+11	6.72312E-10	6.55410E+1	6.74993E-2	1.48395E-1
6.67350E+11	6.63043E-10	1.78569E+2	-1.47263E-1	3.67894E-3
6.67525E+11	8.77409E-10	-9.32232E+1	-8.34397E-3	-1.48168E-1
6.67700E+11	7.07719E-10	-1.42515E+1	1.43732E-1	-3.65071E-2
6.67875E+11	5.21565E-10	6.80035E+1	5.23550E-2	1.29606E-1
6.68050E+11	5.32224E-10	1.73415E+2	-1.54269E-1	1.78077E-2
6.68225E+11	6.33362E-10	-5.56230E+1	8.83738E-2	-1.29178E-1
6.68400E+11	4.47137E-10	7.38677E+1	3.90838E-2	1.35123E-1
6.68575E+11	4.15982E-10	-1.71925E+2	-1.38072E-1	-1.95881E-2
6.68750E+11	4.53980E-10	-6.75266E+1	5.26232E-2	-1.27211E-1
6.68925E+11	4.84949E-10	3.03185E+1	1.10964E-1	6.48903E-2
6.69100E+11	3.51559E-10	1.36268E+2	-8.70723E-2	8.33006E-2
6.69275E+11	2.98787E-10	-9.14836E+1	-2.73119E-3	-1.05454E-1
6.69450E+11	3.29412E-10	4.76130E+1	6.46308E-2	7.08119E-2
6.69625E+11	1.34553E-10	1.73385E+2	-6.19557E-2	7.18516E-3
6.69800E+11	9.38173E-11	-8.94218E+1	5.92647E-4	-5.87270E-2
6.69975E+11	9.18526E-11	-1.85944E+1	5.14970E-2	-1.73250E-2
6.70150E+11	1.56932E-10	5.76853E+1	3.41071E-2	5.39215E-2
6.70325E+11	1.37729E-10	1.42059E+2	-5.55563E-2	4.33137E-2
6.70500E+11	1.19029E-10	-1.07052E+2	-2.24805E-2	-7.32923E-2
6.70675E+11	1.11868E-10	3.58147E+1	6.62999E-2	4.78430E-2
6.70850E+11	1.30719E-10	1.78846E+2	-7.70385E-2	1.55212E-3
6.71025E+11	5.77049E-11	-6.28389E+1	2.84065E-2	-5.53656E-2
6.71200E+11	6.59783E-11	1.56115E+1	6.26492E-2	1.75056E-2
6.71375E+11	5.92027E-11	9.41480E+1	-4.06274E-3	5.60202E-2
6.71550E+11	5.66566E-11	-1.79177E+2	-6.15766E-2	-8.84207E-4
6.71725E+11	7.04712E-11	-5.96531E+1	3.51641E-2	-6.00632E-2
6.71900E+11	8.10757E-11	7.92244E+1	1.31427E-2	6.90561E-2
6.72075E+11	6.51440E-11	-1.63183E+2	-6.21572E-2	-1.87866E-2
6.72250E+11	6.85667E-11	-5.52497E+1	3.76351E-2	-5.42502E-2
6.72425E+11	6.94952E-11	5.98214E+1	3.92185E-2	6.74422E-2
6.72600E+11	4.16420E-11	1.43124E+2	-5.14853E-2	3.86224E-2
6.72775E+11	1.14002E-10	-1.27097E+2	-5.05139E-2	-6.67981E-2
6.72950E+11	1.02906E-10	4.71001E+0	9.06388E-2	7.46780E-3
6.73125E+11	1.46559E-10	1.50200E+2	-9.69526E-2	5.55262E-2
6.73300E+11	1.51078E-10	-7.10103E+1	3.41703E-2	-9.92959E-2
6.73475E+11	1.34062E-10	4.31604E+1	7.57095E-2	7.09975E-2
6.73650E+11	1.68822E-10	1.48844E+2	-9.64418E-2	5.83049E-2
6.73825E+11	1.39746E-10	-1.15138E+2	-3.88155E-2	-8.27202E-2
6.74000E+11	1.50259E-10	-1.99107E+1	7.53978E-2	-2.73095E-2
6.74175E+11	1.46312E-10	8.54746E+1	6.96949E-3	8.80573E-2
6.74350E+11	2.68179E-10	-1.49037E+2	-1.03153E-1	-6.18894E-2
6.74525E+11	4.86585E-10	-1.37497E+1	1.42133E-1	-3.47791E-2
6.74700E+11	6.34177E-10	1.08927E+2	-5.24175E-2	1.52863E-1
6.74875E+11	7.38334E-10	-1.47121E+2	-1.47243E-1	-9.51812E-2
6.75050E+11	9.01075E-10	-3.29275E+1	1.54440E-1	-1.00017E-1
6.75225E+11	5.22516E-10	8.19090E+1	2.44108E-2	1.71713E-1
6.75400E+11	5.21522E-10	-1.49328E+2	-1.33033E-1	-7.89009E-2
6.75575E+11	4.65131E-10	-2.08190E+1	1.51901E-1	-5.77595E-2
6.75750E+11	3.81289E-10	1.08130E+2	-4.50396E-2	1.37552E-1
6.75925E+11	5.97739E-10	-1.37203E+2	-1.19374E-1	-1.10528E-1
6.76100E+11	5.04543E-10	-3.16224E+1	1.39027E-1	-8.56052E-2
6.76275E+11	4.78797E-10	6.65520E+1	5.86892E-2	1.35311E-1
6.76450E+11	4.32990E-10	1.73658E+2	-1.30892E-1	1.45477E-2
6.76625E+11	3.56666E-10	-7.52100E+1	3.22419E-2	-1.22117E-1
6.76800E+11	4.95006E-10	3.47779E+1	1.20278E-1	8.35267E-2
6.76975E+11	8.78682E-10	1.42814E+2	-1.42479E-1	1.08093E-1
6.77150E+11	1.11562E-9	-1.12083E+2	-8.03584E-2	-1.98072E-1
6.77325E+11	1.53812E-9	-5.78864E+0	2.25122E-1	-2.28220E-2
6.77500E+11	8.39026E-10	1.01011E+2	-4.05981E-2	2.08651E-1
6.77675E+11	1.07595E-9	-1.44043E+2	-1.52597E-1	-1.10692E-1
6.77850E+11	8.73097E-10	-2.51099E+1	1.53908E-1	-7.21284E-2
6.78025E+11	5.33150E-10	8.23976E+1	2.01905E-2	1.51273E-1
6.78200E+11	4.56946E-10	-1.72160E+2	-1.51623E-1	-2.08773E-2
6.78375E+11	5.21628E-10	-7.22790E+1	4.23368E-2	-1.32491E-1
6.78550E+11	3.37388E-10	3.06713E+1	1.27219E-1	7.54513E-2
6.78725E+11	2.02625E-10	1.41518E+2	-1.05382E-1	8.37694E-2
6.78900E+11	1.77419E-10	-1.07161E+2	-3.62036E-2	-1.17241E-1
6.79075E+11	2.39706E-10	1.73039E+1	1.38964E-1	4.32928E-2
6.79250E+11	7.94773E-11	1.55857E+2	-1.09297E-1	4.89884E-2
6.79425E+11	1.15237E-10	-1.02771E+2	-2.46266E-2	-1.08648E-1
6.79600E+11	1.02056E-10	-8.22753E+0	1.13639E-1	-1.64314E-2
6.79775E+11	9.70590E-11	8.04837E+1	1.82620E-2	1.08939E-1
6.79950E+11	9.80702E-11	-1.71679E+2	-1.32983E-1	-1.94509E-2
6.80125E+11	1.04372E-10	-3.66773E+1	1.04398E-1	-7.77516E-2
6.80300E+11	7.78724E-11	9.31253E+1	-6.01985E-3	1.10250E-1
6.80475E+11	8.56149E-11	-1.60545E+2	-1.11779E-1	-3.94849E-2
6.80650E+11	4.36619E-11	-5.34828E+1	5.40176E-2	-7.29549E-2
6.80825E+11	3.66025E-11	1.22579E+1	8.22220E-2	1.78640E-2
6.81000E+11	3.75668E-11	8.91317E+1	1.15813E-3	7.64165E-2
6.81175E+11	3.47720E-11	-1.79407E+2	-9.85679E-2	-1.01998E-3
6.81350E+11	8.86844E-11	-6.23060E+1	5.43305E-2	-1.03511E-1
6.81525E+11	1.09746E-10	6.91694E+1	4.09063E-2	1.07513E-1
6.81700E+11	1.15110E-10	-1.73393E+2	-1.05821E-1	-1.22573E-2
6.81875E+11	1.11860E-10	-6.70928E+1	4.22107E-2	-9.98915E-2
6.82050E+11	7.33749E-11	1.73339E+1	9.02915E-2	2.81812E-2
6.82225E+11	1.04709E-10	6.69461E+1	3.87036E-2	9.09418E-2
6.82400E+11	1.30544E-10	1.51132E+2	-7.98882E-2	4.40423E-2
6.82575E+11	1.65900E-10	-1.10548E+2	-3.51284E-2	-9.37154E-2
6.82750E+11	1.02855E-10	1.38925E+1	1.04729E-1	2.59034E-2
6.82925E+11	1.55137E-10	1.39271E+2	-1.00078E-1	8.61680E-2
6.83100E+11	1.24078E-10	-9.93074E+1	-1.91877E-2	-1.17078E-1
6.83275E+11	1.67823E-10	-1.93225E+1	1.12534E-1	-3.94583E-2
6.83450E+11	1.39018E-10	5.41150E+1	7.18715E-2	9.93415E-2
6.83625E+11	1.29582E-10	1.32164E+2	-8.61819E-2	9.51663E-2
6.83800E+11	1.50166E-10	-1.44626E+2	-1.17433E-1	-8.33758E-2
6.83975E+11	1.53859E-10	-3.63484E+1	1.21770E-1	-8.96077E-2
6.84150E+11	4.00652E-10	7.91032E+1	3.66706E-2	1.90486E-1
6.84325E+11	3.45225E-10	-1.58382E+2	-1.85828E-1	-7.36435E-2
6.84500E+11	3.56113E-10	-5.44798E+1	1.07137E-1	-1.50089E-1
6.84675E+11	3.66699E-10	3.79544E+1	1.57167E-1	1.22591E-1
6.84850E+11	2.26833E-10	1.48417E+2	-1.41655E-1	8.70897E-2
6.85025E+11	2.81753E-10	-1.14887E+2	-7.53045E-2	-1.62329E-1
6.85200E+11	3.78836E-10	4.56507E+0	2.00579E-1	1.60152E-2
6.85375E+11	3.64674E-10	1.25281E+2	-1.19829E-1	1.69358E-1
6.85550E+11	2.41046E-10	-1.15939E+2	-7.86516E-2	-1.61699E-1
6.85725E+11	3.81911E-10	-1.47697E+1	1.92232E-1	-5.06814E-2
6.85900E+11	4.61230E-10	8.88980E+1	3.76106E-3	1.95516E-1
6.86075E+11	4.02517E-10	-1.75986E+2	-1.88155E-1	-1.32038E-2
6.86250E+11	2.39158E-10	-6.63149E+1	7.32945E-2	-1.67088E-1
6.86425E+11	2.86611E-10	4.68447E+1	1.36009E-1	1.45062E-1
6.86600E+11	3.27721E-10	1.72257E+2	-2.19854E-1	2.98928E-2
6.86775E+11	2.95467E-10	-7.33362E+1	6.29066E-2	-2.10161E-1
6.86950E+11	3.09970E-10	2.80148E+1	1.91135E-1	1.01691E-1
6.87125E+11	1.35420E-10	1.17288E+2	-1.08222E-1	2.09788E-1
6.87300E+11	1.68895E-10	-1.50778E+2	-2.38505E-1	-1.33414E-1
6.87475E+11	2.60018E-10	-3.07470E+1	2.92790E-1	-1.74171E-1
6.87650E+11	1.78653E-10	8.15348E+1	4.61089E-2	3.09808E-1
6.87825E+11	1.14108E-10	-1.63403E+2	-2.55221E-1	-7.60707E-2
6.88000E+11	1.69682E-10	-4.74827E+1	1.82363E-1	-1.98893E-1
6.88175E+11	1.16573E-10	6.13691E+1	1.23574E-1	2.26360E-1
6.88350E+11	5.58142E-11	1.73457E+2	-2.02236E-1	2.31960E-2
6.88525E+11	6.12991E-11	-7.43414E+1	5.17390E-2	-1.84579E-1
6.88700E+11	7.11371E-11	2.09643E+1	1.79629E-1	6.88247E-2
6.88875E+11	2.73623E-11	1.35459E+2	-1.00212E-1	9.86205E-2
6.89050E+11	2.30237E-11	-1.18824E+2	-6.28257E-2	-1.14168E-1
6.89225E+11	3.54761E-11	-1.32491E+1	1.63507E-1	-3.84980E-2
6.89400E+11	1.37527E-11	9.98593E+1	-2.21344E-2	1.27358E-1
6.89575E+11	3.10317E-11	-1.41926E+2	-1.15962E-1	-9.08417E-2
6.89750E+11	2.16112E-11	-3.84728E+1	1.02365E-1	-8.13458E-2
6.89925E+11	9.18082E-12	9.32461E+1	-5.14389E-3	9.06956E-2
6.90100E+11	9.32497E-12	-1.35394E+2	-5.03658E-2	-4.96778E-2
6.90275E+11	1.02284E-11	-3.76099E+1	8.19567E-2	-6.31376E-2
6.90450E+11	6.91176E-12	9.38337E+1	-5.18772E-3	7.74164E-2
6.90625E+11	1.30494E-11	1.67300E+2	-1.14606E-1	2.58282E-2
6.90800E+11	8.72355E-12	-4.37199E+1	5.82299E-2	-5.56845E-2
6.90975E+11	2.60123E-12	1.20483E+1	4.85750E-2	1.03677E-2
6.91150E+11	1.68809E-11	1.77049E+2	-8.54626E-2	4.40620E-3
6.91325E+11	4.11458E-12	-3.15186E+1	3.37846E-2	-2.07183E-2
6.91500E+11	6.65805E-12	6.46778E+1	2.56961E-2	5.43062E-2
6.91675E+11	2.38867E-12	-1.76125E+2	-3.82443E-2	-2.59028E-3
6.91850E+11	6.07615E-12	-1.23240E+2	-3.65086E-2	-5.57066E-2
6.92025E+11	7.76294E-12	8.39870E+0	6.62149E-2	9.77624E-3
6.92200E+11	4.83189E-12	1.14531E+2	-2.34302E-2	5.13395E-2
6.92375E+11	6.14899E-12	-1.12001E+2	-2.39267E-2	-5.92165E-2
6.92550E+11	1.03363E-11	3.99777E+1	4.77766E-2	4.00576E-2
6.92725E+11	1.50571E-11	1.64723E+2	-7.63431E-2	2.08515E-2
6.92900E+11	1.03637E-11	-6.32621E+1	2.21331E-2	-4.39344E-2
6.93075E+11	7.98371E-12	4.14288E+1	3.49954E-2	3.08839E-2
6.93250E+11	5.72525E-12	1.12148E+2	-1.35605E-2	3.33163E-2
6.93425E+11	1.44825E-11	-1.23091E+2	-3.30115E-2	-5.06564E-2
6.93600E+11	1.30064E-11	-3.65914E+1	4.05920E-2	-3.01368E-2
6.93775E+11	1.87452E-11	1.21543E+2	-2.77542E-2	4.52138E-2
6.93950E+11	1.18770E-11	-1.04043E+2	-1.11326E-2	-4.45065E-2
6.94125E+11	1.47818E-11	2.94712E+1	4.14430E-2	2.34198E-2
6.94300E+11	5.80293E-12	1.51266E+2	-3.36439E-2	1.84452E-2
6.94475E+11	5.07028E-12	-1.35984E+2	-2.67112E-2	-2.58088E-2
6.94650E+11	8.88222E-12	-3.61623E+1	4.26304E-2	-3.11577E-2
6.94825E+11	1.60311E-11	5.75854E+1	3.10435E-2	4.88892E-2
6.95000E+11	1.89057E-11	1.60234E+2	-7.57696E-2	2.72286E-2
6.95175E+11	1.40940E-11	-2.51212E+1	5.83404E-2	-2.73549E-2
6.95350E+11	1.98271E-11	1.10948E+2	-2.96238E-2	7.73830E-2
6.95525E+11	2.92985E-11	-1.07604E+2	-2.71698E-2	-8.56292E-2
6.95700E+11	2.30683E-11	1.08129E+1	8.47737E-2	1.61913E-2
6.95875E+11	2.85234E-11	9.99345E+1	-1.52486E-2	8.70610E-2
6.96050E+11	1.90417E-11	-1.42049E+2	-6.09024E-2	-4.74981E-2
6.96225E+11	1.11340E-11	-6.92031E+0	7.16886E-2	-8.70106E-3
6.96400E+11	2.45183E-11	1.26649E+2	-5.08463E-2	6.83419E-2
6.96575E+11	1.35570E-11	-1.13975E+2	-2.92705E-2	-6.58194E-2
6.96750E+11	8.22657E-12	2.29679E+1	5.56228E-2	2.35737E-2
6.96925E+11	1.29897E-11	1.13185E+2	-3.03281E-2	7.08118E-2
6.97100E+11	2.27958E-12	-1.36125E+2	-2.52932E-2	-2.43191E-2
6.97275E+11	1.21713E-12	5.56262E+1	1.65495E-2	2.41936E-2
6.97450E+11	6.43443E-12	9.37227E+1	-4.40558E-3	6.77096E-2
6.97625E+11	3.53998E-13	-1.36787E+2	-1.35457E-2	-1.27261E-2
6.97800E+11	4.94342E-12	1.27533E+1	7.01034E-2	1.58670E-2
6.97975E+11	1.90427E-12	1.07122E+2	-1.29728E-2	4.21112E-2
6.98150E+11	1.37326E-13	1.50145E+2	-1.09919E-2	6.30917E-3
6.98325E+11	7.80226E-13	-1.09718E+2	-9.40852E-3	-2.62516E-2
6.98500E+11	2.74175E-14	-1.78528E+2	-6.16024E-3	-1.58249E-4
6.98675E+11	4.34922E-13	3.00247E+1	2.11894E-2	1.22459E-2
6.98850E+11	1.27089E-13	-1.49664E+2	-1.12976E-2	-6.61125E-3
6.99025E+11	9.12749E-13	6.83889E+1	2.02432E-2	5.10993E-2
6.99200E+11	1.86276E-12	5.83559E+1	2.62330E-2	4.25678E-2
6.99375E+11	6.08071E-15	1.45688E+2	-1.68475E-3	1.14980E-3
6.99550E+11	1.19219E-12	-1.53446E+2	-2.31834E-2	-1.15859E-2
6.99725E+11	3.44850E-12	-1.92618E+1	3.76774E-2	-1.31662E-2
6.99900E+11	1.27245E-12	8.99183E+1	3.93498E-5	2.75815E-2
7.00075E+11	2.58299E-13	-1.61030E+2	-1.34915E-2	-4.63765E-3
7.00250E+11	7.12078E-13	-6.61086E+1	7.38809E-3	-1.66789E-2
7.00425E+11	2.14110E-12	4.33909E+1	3.09542E-2	2.92626E-2
7.00600E+11	3.20486E-13	6.11174E+1	7.25451E-3	1.31510E-2
7.00775E+11	1.33659E-12	1.21762E+2	-2.08399E-2	3.36613E-2
7.00950E+11	5.57711E-13	-5.00837E+0	1.91251E-2	-1.67605E-3
7.01125E+11	1.82079E-12	3.80634E+1	2.20729E-2	1.72847E-2
7.01300E+11	3.12220E-12	-1.33216E+2	-2.24289E-2	-2.38712E-2
7.01475E+11	1.21707E-12	-1.21814E+2	-1.00581E-2	-1.62132E-2
7.01650E+11	6.94343E-13	-1.25431E+2	-8.34559E-3	-1.17300E-2
7.01825E+11	7.40876E-13	8.02098E+1	1.97197E-3	1.14281E-2
7.02000E+11	3.85726E-12	1.60822E+2	-2.73213E-2	9.50280E-3
7.02175E+11	1.88959E-12	-1.13535E+2	-1.00461E-2	-2.30657E-2
7.02350E+11	1.60951E-12	3.27045E+1	1.83372E-2	1.17743E-2
7.02525E+11	4.66570E-12	1.07861E+2	-1.20821E-2	3.74949E-2
7.02700E+11	1.28504E-12	-1.25611E+2	-1.05327E-2	-1.47062E-2
7.02875E+11	2.93735E-12	-2.81024E+1	2.37626E-2	-1.26893E-2
7.03050E+11	8.42853E-12	2.74020E+1	4.48293E-2	2.32393E-2
7.03225E+11	4.07945E-12	1.48789E+2	-3.04554E-2	1.84523E-2
7.03400E+11	7.13325E-12	-4.58454E+1	2.88818E-2	-2.97469E-2
7.03575E+11	1.38004E-11	7.16934E+1	1.74522E-2	5.27503E-2
7.03750E+11	1.39378E-11	1.72852E+2	-5.60282E-2	7.02636E-3
7.03925E+11	3.56183E-11	-9.93159E+1	-1.22057E-2	-7.44065E-2
7.04100E+11	3.26486E-11	-3.36967E+1	6.74472E-2	-4.49761E-2
7.04275E+11	7.08591E-11	7.72212E+1	2.21743E-2	9.77684E-2
7.04450E+11	7.19045E-11	1.79720E+2	-9.09882E-2	4.45174E-4
7.04625E+11	6.34736E-11	-5.81387E+1	5.00109E-2	-8.04672E-2
7.04800E+11	9.06578E-11	7.38710E+1	3.36894E-2	1.16498E-1
7.04975E+11	8.77483E-11	-1.64397E+2	-1.03235E-1	-2.88301E-2
7.05150E+11	6.93822E-11	-7.92026E+1	1.97477E-2	-1.03547E-1
7.05325E+11	6.51075E-11	2.27284E+1	1.07335E-1	4.49617E-2
7.05500E+11	6.51340E-11	1.29774E+2	-7.28483E-2	8.75157E-2
7.05675E+11	4.18878E-11	-1.20394E+2	-5.12232E-2	-8.73282E-2
7.05850E+11	4.20677E-11	-3.34559E+0	1.06683E-1	-6.23650E-3
7.06025E+11	6.50148E-11	1.15100E+2	-6.07313E-2	1.29645E-1
7.06200E+11	7.75889E-11	-1.45326E+2	-1.25986E-1	-8.71531E-2
7.06375E+11	4.53778E-11	-4.03405E+1	1.30069E-1	-1.10464E-1
7.06550E+11	7.07020E-11	7.90305E+1	3.19829E-2	1.65006E-1
7.06725E+11	4.00903E-11	-1.46793E+2	-1.41107E-1	-9.23608E-2
7.06900E+11	3.46608E-11	3.28898E+0	1.49279E-1	8.57858E-3
7.07075E+11	2.33762E-11	1.20957E+2	-7.00119E-2	1.16716E-1
7.07250E+11	1.42545E-11	-1.17763E+2	-6.18030E-2	-1.17406E-1
7.07425E+11	1.24213E-11	-1.82203E+1	1.21313E-1	-3.99334E-2
7.07600E+11	1.85701E-11	6.12192E+1	7.06731E-2	1.28656E-1
7.07775E+11	1.96366E-11	1.57657E+2	-1.11877E-1	4.59825E-2
7.07950E+11	2.43841E-11	-8.27905E+1	1.59600E-2	-1.26167E-1
7.08125E+11	1.00586E-11	5.48176E+1	8.04184E-2	1.14075E-1
7.08300E+11	6.12021E-12	-1.73100E+2	-9.92328E-2	-1.20078E-2
7.08475E+11	1.39084E-11	-9.01919E+1	-4.78533E-4	-1.42893E-1
7.08650E+11	1.26340E-11	5.86021E+0	1.30908E-1	1.34362E-2
7.08825E+11	1.40591E-11	7.40731E+1	4.47823E-2	1.56930E-1
7.09000E+11	1.08215E-11	1.53270E+2	-1.48999E-1	7.50379E-2
7.09175E+11	9.81885E-12	-9.61393E+1	-1.59672E-2	-1.48446E-1
7.09350E+11	2.35130E-12	4.32368E+1	3.92827E-2	3.69364E-2
7.09525E+11	9.28907E-12	-1.79729E+2	-8.73927E-2	-4.13765E-4
7.09700E+11	5.80476E-12	-5.53795E+1	4.42575E-2	-6.41059E-2
7.09875E+11	3.42393E-12	3.52882E+0	5.00422E-2	3.08598E-3
7.10050E+11	1.91383E-12	8.85903E+1	9.38642E-4	3.81429E-2
7.10225E+11	8.62990E-13	1.22218E+2	-1.50418E-2	2.38691E-2
7.10400E+11	3.00530E-12	-1.24580E+2	-3.26411E-2	-4.73506E-2
7.10575E+11	4.95427E-12	-1.29596E+1	6.70602E-2	-1.54323E-2
7.10750E+11	5.51012E-12	1.19718E+2	-3.96377E-2	6.94431E-2
7.10925E+11	4.67111E-12	-1.00857E+2	-1.32557E-2	-6.91132E-2
7.11100E+11	4.60342E-12	-3.52935E-1	5.62900E-2	-3.46744E-4
7.11275E+11	5.48180E-12	1.09120E+2	-2.11870E-2	6.11171E-2
7.11450E+11	5.91569E-12	-1.41384E+2	-4.25935E-2	-3.40216E-2
7.11625E+11	6.01354E-12	-6.84032E+1	2.48251E-2	-6.27114E-2
7.11800E+11	2.48789E-12	6.81447E+1	1.65486E-2	4.12589E-2
7.11975E+11	3.71997E-12	-1.76507E+2	-4.80087E-2	-2.93005E-3
7.12150E+11	1.09259E-11	-8.83861E+1	2.19290E-3	-7.78300E-2
7.12325E+11	7.48412E-12	1.80814E+1	5.96866E-2	1.94871E-2
7.12500E+11	7.73868E-12	1.23461E+2	-3.34055E-2	5.05446E-2
7.12675E+11	4.84696E-12	-1.27740E+2	-3.29914E-2	-4.26247E-2
7.12850E+11	5.07783E-12	3.47016E+0	6.98166E-2	4.23367E-3
7.13025E+11	1.31015E-11	8.68000E+1	4.98634E-3	8.91883E-2
7.13200E+11	7.78491E-12	-1.31739E+2	-7.04862E-2	-7.90027E-2
7.13375E+11	1.40948E-11	-5.68426E+1	7.03195E-2	-1.07634E-1
7.13550E+11	2.30706E-11	5.00818E+1	1.03696E-1	1.23939E-1
7.13725E+11	1.53242E-11	1.45998E+2	-1.26819E-1	8.55481E-2
7.13900E+11	1.82309E-11	-1.07119E+2	-5.28358E-2	-1.71548E-1
7.14075E+11	2.79111E-11	1.48889E+1	2.29638E-1	6.10542E-2
7.14250E+11	3.25473E-11	1.48108E+2	-2.31012E-1	1.43745E-1
7.14425E+11	2.94816E-11	-6.91741E+1	1.08824E-1	-2.86092E-1
7.14600E+11	7.40242E-11	2.29730E+1	3.91481E-1	1.65956E-1
7.14775E+11	8.02321E-11	1.38380E+2	-3.99755E-1	3.55171E-1
7.14950E+11	4.21907E-11	-1.10435E+2	-1.78851E-1	-4.80022E-1
7.15125E+11	4.08315E-11	-9.75115E+0	5.11251E-1	-8.78596E-2
7.15300E+11	2.56323E-11	1.00316E+2	-9.29014E-2	5.10391E-1
7.15475E+11	5.55871E-11	-1.18551E+2	-2.88784E-1	-5.30741E-1
7.15650E+11	2.12632E-11	9.56572E+0	5.49106E-1	9.25364E-2
7.15825E+11	3.54017E-11	1.42784E+2	-5.38174E-1	4.08735E-1
7.16000E+11	2.44993E-11	-9.65121E+1	-6.96677E-2	-6.10320E-1
7.16175E+11	1.82993E-11	-1.03988E+0	5.61396E-1	-1.01900E-2
7.16350E+11	2.33390E-11	9.92593E+1	-1.04472E-1	6.40825E-1
7.16525E+11	1.28581E-11	-1.42284E+2	-5.21253E-1	-4.03103E-1
7.16700E+11	7.85616E-12	2.27988E+1	5.72524E-1	2.40653E-1
7.16875E+11	1.21496E-11	1.12773E+2	-2.50360E-1	5.96377E-1
7.17050E+11	9.62062E-12	-1.58720E+2	-8.97352E-1	-3.49497E-1
7.17225E+11	3.77649E-12	-2.02347E+1	3.56370E-1	-1.31364E-1
7.17400E+11	4.13336E-12	9.36539E+1	-2.89422E-2	4.53213E-1
7.17575E+11	2.90215E-12	1.65215E+2	-3.81413E-1	1.00666E-1
7.17750E+11	3.33606E-13	-9.29435E+1	-7.78842E-3	-1.51470E-1
7.17925E+11	4.07937E-13	6.85970E+1	6.79333E-2	1.73318E-1
7.18100E+11	2.95496E-12	1.15319E+2	-1.57004E-1	3.31865E-1
7.18275E+11	1.70979E-12	-6.37224E+1	1.94637E-1	-3.94206E-1
7.18450E+11	4.01736E-12	5.13766E+0	6.96649E-1	6.26358E-2
7.18625E+11	4.43499E-12	1.14430E+2	-2.53083E-1	5.57132E-1
7.18800E+11	7.99535E-14	2.16134E+1	6.47907E-2	2.56700E-2
7.18975E+11	1.11538E-12	-2.82930E+1	2.73778E-1	-1.47371E-1
7.19150E+11	1.35735E-12	4.41507E+1	1.97504E-1	1.91733E-1
7.19325E+11	1.41501E-12	3.77815E+1	2.50886E-1	1.94478E-1
7.19500E+11	1.68644E-13	-1.22039E+2	-3.55605E-2	-5.68229E-2
7.19675E+11	8.44825E-13	4.21532E+0	1.48997E-1	1.09817E-2
7.19850E+11	7.00318E-13	7.04061E+1	3.55520E-2	9.98751E-2
7.20025E+11	1.75966E-12	1.46522E+2	-2.33877E-1	1.54673E-1
7.20200E+11	5.20900E-13	-3.32538E+1	7.82823E-2	-5.13315E-2
7.20375E+11	1.46224E-12	-7.91521E+1	3.10713E-2	-1.62145E-1
7.20550E+11	2.25884E-12	6.46717E+1	8.28976E-2	1.75147E-1
7.20725E+11	7.28607E-13	-1.42935E+2	-9.88175E-2	-7.46416E-2
7.20900E+11	3.52311E-12	-1.22752E+2	-1.24903E-1	-1.94172E-1
7.21075E+11	1.49800E-12	4.88418E-1	1.64620E-1	1.40334E-3
7.21250E+11	4.89459E-14	1.23788E+2	-2.19503E-2	3.28042E-2
7.21425E+11	9.16745E-13	8.48402E+1	1.30140E-2	1.44121E-1
7.21600E+11	1.43412E-12	-5.85037E+1	8.83255E-2	-1.44155E-1
7.21775E+11	8.55437E-13	1.17322E+2	-1.22844E-1	2.37787E-1
7.21950E+11	4.85153E-13	8.65980E+1	1.14563E-2	1.92715E-1
7.22125E+11	2.87427E-13	-6.19846E+1	6.02708E-2	-1.13279E-1
7.22300E+11	2.24325E-12	-9.22417E-1	4.93049E-1	-7.93839E-3
7.22475E+11	8.71980E-13	1.62494E+2	-2.31235E-1	7.29355E-2
7.22650E+11	5.25809E-13	6.75297E+1	9.60860E-2	2.32313E-1
7.22825E+11	2.04966E-13	-1.59908E+2	-2.31050E-1	-8.45170E-2
7.23000E+11	4.45614E-13	-1.11073E+1	4.45384E-1	-8.74397E-2
7.23175E+11	1.80491E-13	3.38305E+1	2.09926E-1	1.40695E-1
7.23350E+11	3.82158E-12	-6.49615E+1	8.64589E-1	-1.85087E+0
7.23525E+11	4.16581E-12	-1.12661E+1	1.34383E+0	-2.67698E-1
7.23700E+11	1.07222E-12	1.79224E+2	-6.28352E-1	8.51444E-3
7.23875E+11	2.99329E-13	-1.72037E+2	-5.11031E-1	-7.14820E-2
7.24050E+11	7.86272E-13	2.05275E+1	1.38042E+0	5.16876E-1
7.24225E+11	1.39542E-12	2.44009E+1	7.30472E-1	3.31370E-1
7.24400E+11	7.82880E-13	-1.21886E+2	-6.04735E-1	-9.72073E-1
7.24575E+11	5.05469E-12	3.92661E+1	1.56449E+0	1.27897E+0
7.24750E+11	2.14402E-12	-1.56674E+2	-1.24059E+0	-5.34948E-1
7.24925E+11	4.14028E-12	-7.71896E+1	2.42946E-1	-1.06843E+0
7.25100E+11	1.45713E-12	-6.22822E-1	1.15252E+0	-1.25287E-2
7.25275E+11	2.16290E-12	1.65416E+2	-1.30476E+0	3.39472E-1
7.25450E+11	3.44692E-13	8.68111E+1	2.59668E-2	4.66067E-1
7.25625E+11	9.84235E-13	4.87720E+1	5.70082E-1	6.50558E-1
7.25800E+11	6.98173E-13	-6.92974E+1	2.20924E-1	-5.84579E-1
7.25975E+11	8.57957E-14	-7.55636E+1	6.77803E-2	-2.63292E-1
7.26150E+11	2.43881E-12	6.65779E+1	2.77589E-1	6.40793E-1
7.26325E+11	1.06415E-12	-1.09860E+2	-5.98376E-1	-1.65660E+0
7.26500E+11	7.97969E-13	-4.61390E+1	2.78977E-1	-2.90296E-1
7.26675E+11	1.62082E-13	2.26509E+1	3.27789E-1	1.36787E-1
7.26850E+11	5.14857E-13	1.15093E+1	3.07551E+0	6.26239E-1
7.27025E+11	1.06114E-12	-1.47989E+2	-1.01660E+0	-6.35511E-1
7.27200E+11	6.24384E-13	5.84074E+1	1.96698E-1	3.19821E-1
7.27375E+11	2.28164E-13	-8.14211E+1	1.62996E-1	-1.08046E+0
7.27550E+11	8.79187E-13	-1.75658E+2	-1.92463E+0	-1.46146E-1
7.27725E+11	9.45776E-14	3.93850E+1	9.27156E-2	7.61169E-2
7.27900E+11	1.61743E-12	1.26797E+2	-3.32829E-1	4.44957E-1
7.28075E+11	7.81908E-14	-6.89674E+1	5.86206E-2	-1.52453E-1
7.28250E+11	2.50998E-13	-7.89791E+1	4.06944E-2	-2.08947E-1
7.28425E+11	6.72376E-13	5.06438E+1	1.45111E-1	1.76936E-1
7.28600E+11	4.13017E-12	1.07649E+2	-1.95135E-1	6.13322E-1
7.28775E+11	3.89968E-13	3.51011E+1	2.39689E-1	1.68463E-1
7.28950E+11	1.96679E-14	-1.58937E+2	-4.99127E-2	-1.92230E-2
7.29125E+11	4.49210E-13	-6.47466E+1	1.05474E-1	-2.23603E-1
7.29300E+11	1.36837E-12	1.66986E+1	3.05920E-1	9.17725E-2
7.29475E+11	6.47487E-14	7.08096E+1	4.42309E-2	1.27083E-1
7.29650E+11	5.98394E-13	-1.07347E+2	-7.24090E-2	-2.31812E-1
7.29825E+11	1.74020E-13	1.39060E+2	-1.49284E-1	1.29495E-1
7.30000E+11	4.98182E-12	1.68561E+2	-1.21265E+0	2.45366E-1
