4.50000E+11	7.43140E-14	1.15969E+1	6.81661E-2	1.39887E-2
4.50175E+11	3.05020E-13	-1.61657E+2	-1.20955E-1	-4.01020E-2
4.50350E+11	1.62179E-12	-1.04805E+2	-6.58914E-2	-2.49301E-1
4.50525E+11	9.66621E-13	2.17863E+1	1.76350E-1	7.04860E-2
4.50700E+11	3.70713E-13	1.11098E+2	-4.16152E-2	1.07861E-1
4.50875E+11	7.48521E-13	-6.54847E+1	7.22188E-2	-1.58358E-1
4.51050E+11	2.24509E-12	3.11909E+1	2.42087E-1	1.46561E-1
4.51225E+11	2.05276E-12	1.28224E+2	-1.43305E-1	1.81951E-1
4.51400E+11	5.80476E-13	1.43388E+1	1.33725E-1	3.41826E-2
4.51575E+11	1.21175E-12	-1.95946E+1	3.35479E-1	-1.19423E-1
4.51750E+11	6.09493E-13	7.02496E+1	8.94170E-2	2.49042E-1
4.51925E+11	5.14642E-13	5.13451E+1	1.70843E-1	2.13591E-1
4.52100E+11	2.34971E-12	-1.70811E+2	-3.96030E-1	-6.40679E-2
4.52275E+11	2.43957E-12	-1.18653E+2	-7.32103E-2	-1.33984E-1
4.52450E+11	3.05526E-12	1.35325E+1	1.00926E-1	2.42909E-2
4.52625E+11	3.64242E-12	8.38553E+1	7.34334E-3	6.82100E-2
4.52800E+11	6.42523E-12	-1.75545E+2	-6.92887E-2	-5.39875E-3
4.52975E+11	1.16751E-11	-1.64875E+2	-7.06788E-2	-1.91037E-2
4.53150E+11	1.00336E-11	-1.09264E+2	-1.52753E-2	-4.37072E-2
4.53325E+11	1.74530E-11	-1.37265E+1	5.01936E-2	-1.22605E-2
4.53500E+11	2.63962E-11	1.04735E+2	-1.53451E-2	5.83455E-2
4.53675E+11	3.15380E-11	-1.58580E+2	-5.41600E-2	-2.12463E-2
4.53850E+11	1.38827E-11	-5.92090E+1	1.76353E-2	-2.95941E-2
4.54025E+11	2.85734E-11	2.19088E+1	3.55899E-2	1.43134E-2
4.54200E+11	2.71089E-11	9.97262E+1	-5.69316E-3	3.32149E-2
4.54375E+11	1.51165E-11	1.70245E+2	-2.49434E-2	4.28828E-3
4.54550E+11	5.70584E-12	-1.02056E+2	-3.61973E-3	-1.69473E-2
4.54725E+11	1.27055E-11	2.43329E+1	2.84719E-2	1.28752E-2
4.54900E+11	3.45824E-12	1.26851E+2	-1.29103E-2	1.72255E-2
4.55075E+11	2.20228E-12	1.78646E+2	-2.08403E-2	4.92477E-4
4.55250E+11	1.20824E-12	-1.05284E+2	-5.08193E-3	-1.85971E-2
4.55425E+11	4.73776E-12	-3.18943E+1	4.48810E-2	-2.79298E-2
4.55600E+11	4.19788E-13	8.35293E+1	2.55261E-3	2.25062E-2
4.55775E+11	2.28913E-12	3.71076E+1	5.58940E-2	4.22840E-2
4.55950E+11	2.53928E-13	-1.62659E+2	-5.48029E-2	-1.71120E-2
4.56125E+11	5.56243E-13	-5.51602E+1	6.98853E-2	-1.00403E-1
4.56300E+11	1.20446E-12	9.21600E+1	-1.13701E-2	3.01460E-1
4.56475E+11	4.72728E-13	1.72325E+2	-1.57647E-1	2.12440E-2
4.56650E+11	8.99815E-13	-5.51442E+1	9.31289E-2	-1.33717E-1
4.56825E+11	1.57008E-13	-1.33666E+2	-2.84344E-2	-2.97900E-2
4.57000E+11	1.24233E-13	-1.68303E+2	-4.58840E-2	-9.49975E-3
4.57175E+11	9.31850E-13	-1.02338E+2	-2.51833E-2	-1.15135E-1
4.57350E+11	1.97223E-12	6.62710E+1	8.94414E-2	2.03473E-1
4.57525E+11	2.98910E-12	7.32620E+1	6.31625E-2	2.10025E-1
4.57700E+11	2.69592E-13	-1.07450E+2	-4.18853E-2	-1.33247E-1
4.57875E+11	1.10593E-12	-3.46577E+1	4.46374E-1	-3.08597E-1
4.58050E+11	1.73246E-13	-1.75843E+2	-2.25678E-1	-1.64042E-2
4.58225E+11	8.66518E-13	-9.50937E+1	-5.22757E-2	-5.86472E-1
4.58400E+11	1.28338E-12	2.81789E+1	7.45073E-1	3.99152E-1
4.58575E+11	4.31457E-13	-1.50755E+2	-1.36186E+0	-7.62525E-1
4.58750E+11	7.87151E-14	1.01934E+2	-3.92108E-2	1.85531E-1
4.58925E+11	1.01091E-12	-1.75576E+1	4.05762E-1	-1.28385E-1
4.59100E+11	1.11480E-12	3.48502E+1	2.42891E-1	1.69129E-1
4.59275E+11	2.17834E-13	1.26578E+2	-1.38211E-1	1.86253E-1
4.59450E+11	8.65922E-13	-3.70743E+1	3.08059E-1	-2.32766E-1
4.59625E+11	2.71305E-12	1.07926E+2	-1.85932E-1	5.74768E-1
4.59800E+11	1.04580E-12	-1.55795E+2	-6.36121E-1	-2.85946E-1
4.59975E+11	3.62955E-13	-2.27306E+1	2.38406E-1	-9.98769E-2
4.60150E+11	7.81418E-13	8.23720E+1	6.26763E-2	4.67994E-1
4.60325E+11	1.10902E-12	-1.67726E+2	-7.35365E-1	-1.59980E-1
4.60500E+11	1.99526E-12	-3.23422E+1	5.06961E-1	-3.21010E-1
4.60675E+11	6.41133E-13	-4.00009E+1	5.97821E-1	-5.01648E-1
4.60850E+11	1.24409E-12	8.88145E+1	1.63069E-2	7.88038E-1
4.61025E+11	1.24706E-13	1.09182E+2	-8.94520E-2	2.57135E-1
4.61200E+11	4.36435E-14	-6.69918E+1	7.42615E-2	-1.74880E-1
4.61375E+11	6.19071E-13	-1.00296E+2	-1.34586E-1	-7.40892E-1
4.61550E+11	1.93804E-12	1.72275E+2	-1.55760E+0	2.11289E-1
4.61725E+11	2.12965E-12	-1.13871E+1	7.54664E-1	-1.51990E-1
4.61900E+11	8.88875E-14	1.67036E+2	-1.91688E-1	4.41282E-2
4.62075E+11	5.47312E-13	1.67150E+2	-5.31598E+0	1.21264E+0
4.62250E+11	2.27378E-12	-1.65529E+2	-6.53333E-1	-1.68614E-1
4.62425E+11	3.60777E-13	5.91704E+1	2.07401E-1	3.47510E-1
4.62600E+11	1.61499E-13	-4.86846E+1	2.94858E-1	-3.35448E-1
4.62775E+11	1.81055E-12	1.50500E+2	-9.34554E-1	5.28745E-1
4.62950E+11	2.17153E-12	-1.22833E+2	-4.33277E-1	-6.71474E-1
4.63125E+11	2.02514E-12	-4.83782E+1	9.52222E-1	-1.07169E+0
4.63300E+11	8.99768E-13	1.13463E+2	-2.96620E-1	6.83393E-1
4.63475E+11	3.60097E-13	1.43119E+2	-2.96718E-1	2.22628E-1
4.63650E+11	5.03045E-13	-1.07438E+2	-1.22240E-1	-3.89172E-1
4.63825E+11	3.01437E-12	1.00329E+2	-1.66738E-1	9.14859E-1
4.64000E+11	2.00443E-14	-5.37854E+0	5.44702E-2	-5.12837E-3
4.64175E+11	1.25425E-12	-6.89476E+1	1.65231E-1	-4.29266E-1
4.64350E+11	2.18819E-12	7.26245E+1	1.85569E-1	5.93039E-1
4.64525E+11	1.02083E-11	-1.49866E+2	-1.37624E+0	-7.98858E-1
4.64700E+11	5.49301E-12	-3.77536E+1	8.11872E-1	-6.28701E-1
4.64875E+11	1.42581E-11	9.12093E+1	-1.96978E-2	9.33141E-1
4.65050E+11	1.73792E-11	-1.10809E+2	-4.07402E-1	-1.07198E+0
4.65225E+11	1.08736E-11	-3.76049E+1	5.11977E-1	-3.94346E-1
4.65400E+11	8.44695E-12	9.08152E+1	-7.95773E-3	5.59244E-1
4.65575E+11	2.03997E-11	-1.77340E+2	-6.98920E-1	-3.24685E-2
4.65750E+11	5.49423E-11	-4.44952E+1	6.43807E-1	-6.32561E-1
4.65925E+11	1.36906E-10	7.28886E+1	3.77054E-1	1.22476E+0
4.66100E+11	3.05940E-10	1.71950E+2	-1.45155E+0	2.05295E-1
4.66275E+11	2.87154E-10	-7.43430E+1	4.73502E-1	-1.68941E+0
4.66450E+11	2.17938E-10	4.22640E+1	1.15274E+0	1.04759E+0
4.66625E+11	1.14004E-10	1.26786E+2	-6.21073E-1	8.30637E-1
4.66800E+11	1.88312E-10	-1.20229E+2	-7.54859E-1	-1.29547E+0
4.66975E+11	1.62260E-10	-1.86603E-2	1.59459E+0	-5.19332E-4
4.67150E+11	1.37477E-10	1.24885E+2	-1.01201E+0	1.45151E+0
4.67325E+11	1.20005E-10	-1.29508E+2	-1.63557E+0	-1.98351E+0
4.67500E+11	1.15030E-10	-2.43136E+1	1.94722E+0	-8.79760E-1
4.67675E+11	5.05922E-11	7.02698E+1	4.72590E-1	1.31771E+0
4.67850E+11	1.97099E-11	-1.70301E+2	-9.25302E-1	-1.58146E-1
4.68025E+11	1.41153E-11	-8.57022E+1	9.94032E-2	-1.32269E+0
4.68200E+11	1.99171E-11	-1.69355E+1	8.62188E-1	-2.62536E-1
4.68375E+11	3.98112E-11	8.86589E+1	2.59515E-2	1.10855E+0
4.68550E+11	4.16175E-11	-1.54899E+2	-6.58555E-1	-3.08499E-1
4.68725E+11	6.66252E-11	-3.50905E+1	7.60372E-1	-5.34211E-1
4.68900E+11	3.06459E-11	6.85979E+1	2.48121E-1	6.33062E-1
4.69075E+11	3.99298E-11	1.73725E+2	-7.29896E-1	8.02645E-2
4.69250E+11	4.57097E-11	-3.42131E+1	4.63591E-1	-3.15211E-1
4.69425E+11	2.41151E-11	7.73505E+1	7.33185E-2	3.26682E-1
4.69600E+11	6.91358E-12	1.61493E+2	-1.36330E-1	4.56334E-2
4.69775E+11	1.11820E-11	-1.07646E+2	-6.03499E-2	-1.89722E-1
4.69950E+11	7.53077E-12	-3.84874E+1	1.46278E-1	-1.16302E-1
4.70125E+11	1.00151E-11	4.20241E+1	1.57743E-1	1.42153E-1
4.70300E+11	1.14287E-11	1.36791E+2	-1.50765E-1	1.41623E-1
4.70475E+11	3.41077E-11	-1.14828E+2	-1.47673E-1	-3.19187E-1
4.70650E+11	1.79710E-11	-9.36917E+0	1.68004E-1	-2.77200E-2
4.70825E+11	1.32582E-11	8.97236E+1	7.39468E-4	1.53274E-1
4.71000E+11	3.34044E-11	1.34595E+2	-1.39333E-1	1.41319E-1
4.71175E+11	1.15515E-10	-1.39307E+2	-2.80955E-1	-2.41603E-1
4.71350E+11	1.62790E-10	-6.51622E+1	1.54111E-1	-3.32951E-1
4.71525E+11	1.47072E-10	1.39967E+1	3.47476E-1	8.66140E-2
4.71700E+11	3.91494E-10	1.06816E+2	-1.45142E-1	4.80259E-1
4.71875E+11	4.02657E-10	-1.69603E+2	-5.07088E-1	-9.30437E-2
4.72050E+11	3.13478E-10	-7.45820E+1	1.36083E-1	-4.93437E-1
4.72225E+11	3.63888E-10	3.20752E+1	3.08112E-1	1.93092E-1
4.72400E+11	7.20997E-10	1.27815E+2	-2.30703E-1	2.97258E-1
4.72575E+11	1.35868E-9	-1.15829E+2	-1.55118E-1	-3.20466E-1
4.72750E+11	2.58582E-9	5.58816E-2	4.05577E-1	3.95566E-4
4.72925E+11	4.44960E-9	1.22135E+2	-2.01780E-1	3.21225E-1
4.73100E+11	7.71934E-9	-1.13567E+2	-1.27622E-1	-2.92577E-1
4.73275E+11	1.00334E-8	-3.28683E+0	2.56810E-1	-1.47483E-2
4.73450E+11	1.15629E-8	1.12151E+2	-7.85238E-2	1.92884E-1
4.73625E+11	7.73486E-9	-1.59796E+2	-1.45569E-1	-5.35702E-2
4.73800E+11	9.62047E-9	-5.93231E+1	7.98411E-2	-1.34591E-1
4.73975E+11	1.11473E-8	5.58982E+1	9.60753E-2	1.41893E-1
4.74150E+11	1.09001E-8	1.69645E+2	-1.71375E-1	3.13132E-2
4.74325E+11	1.05318E-8	-7.23277E+1	4.91839E-2	-1.54371E-1
4.74500E+11	9.28426E-9	4.55819E+1	1.09476E-1	1.11723E-1
4.74675E+11	9.50427E-9	1.53909E+2	-1.53992E-1	7.54096E-2
4.74850E+11	4.80586E-9	-9.36760E+1	-9.00552E-3	-1.40173E-1
4.75025E+11	3.19660E-9	1.70004E+0	1.26633E-1	3.75847E-3
4.75200E+11	4.55851E-9	9.93967E+1	-2.28959E-2	1.38353E-1
4.75375E+11	3.95939E-9	-1.44651E+2	-1.12781E-1	-7.99989E-2
4.75550E+11	3.50342E-9	-3.61858E+1	1.03696E-1	-7.58546E-2
4.75725E+11	3.15587E-9	7.21073E+1	4.64375E-2	1.43835E-1
4.75900E+11	2.89080E-9	-1.74113E+2	-1.66091E-1	-1.71256E-2
4.76075E+11	2.34656E-9	-6.57238E+1	6.39721E-2	-1.41839E-1
4.76250E+11	1.06842E-9	4.87472E+1	7.86396E-2	8.96624E-2
4.76425E+11	4.96899E-10	1.38249E+2	-7.23078E-2	6.45399E-2
4.76600E+11	7.59227E-10	-1.17621E+2	-6.58877E-2	-1.25920E-1
4.76775E+11	7.97842E-10	-8.79272E+0	1.83111E-1	-2.83233E-2
4.76950E+11	6.75275E-10	8.84646E+1	6.05919E-3	2.26060E-1
4.77125E+11	7.27089E-10	-1.71590E+2	-2.54811E-1	-3.76745E-2
4.77300E+11	4.90487E-10	6.86141E+1	7.89218E-2	2.01531E-1
4.77475E+11	3.51352E-10	-1.73376E+2	-1.79921E-1	-2.08924E-2
4.77650E+11	1.43310E-10	-5.89471E+1	1.02823E-1	-1.70769E-1
4.77825E+11	1.51773E-10	4.42554E+1	1.62587E-1	1.58415E-1
4.78000E+11	1.41771E-10	1.53334E+2	-2.17569E-1	1.09265E-1
4.78175E+11	2.03868E-10	-8.55063E+1	2.64380E-2	-3.36403E-1
4.78350E+11	3.99430E-10	9.09745E+0	3.75742E-1	6.01670E-2
4.78525E+11	5.93932E-10	1.02673E+2	-1.04850E-1	4.66275E-1
4.78700E+11	5.92873E-10	-1.49794E+2	-4.12973E-1	-2.40415E-1
4.78875E+11	7.60620E-10	-4.25734E+1	3.50396E-1	-3.21906E-1
4.79050E+11	5.27584E-10	7.13824E+1	1.07937E-1	3.20404E-1
4.79225E+11	8.07077E-10	1.73496E+2	-3.10013E-1	3.53409E-2
4.79400E+11	1.00314E-9	-9.18124E+1	-8.65390E-3	-2.73492E-1
4.79575E+11	6.33145E-10	-1.43259E+1	2.89113E-1	-7.38334E-2
4.79750E+11	5.66601E-10	3.47950E+1	1.02331E+0	7.11087E-1
4.79925E+11	6.36297E-10	-1.30082E+2	-8.34663E-1	-9.91820E-1
4.80100E+11	4.10220E-10	2.39800E+1	8.00750E-1	3.56182E-1
4.80275E+11	2.90232E-10	1.35596E+2	-9.32056E-1	9.12859E-1
4.80450E+11	1.70598E-10	-1.25759E+2	-7.38813E-1	-1.02592E+0
4.80625E+11	1.30736E-10	-1.37297E+1	1.14415E+0	-2.79541E-1
4.80800E+11	1.66446E-10	1.00077E+2	-1.90041E-1	1.06937E+0
4.80975E+11	2.03982E-10	-1.17703E+2	-6.43407E-1	-1.22535E+0
4.81150E+11	2.52161E-10	-4.68012E+0	1.35001E+0	-1.10519E-1
4.81325E+11	1.99325E-10	1.04180E+2	-3.26085E-1	1.29054E+0
4.81500E+11	1.99618E-10	-1.15926E+2	-5.22019E-1	-1.07380E+0
4.81675E+11	1.45055E-10	2.01038E+1	9.47629E-1	3.46854E-1
4.81850E+11	1.08034E-10	1.26293E+2	-4.82003E-1	6.56339E-1
4.82025E+11	9.22223E-11	-1.10030E+2	-2.62232E-1	-7.19322E-1
4.82200E+11	1.02480E-10	-4.17860E+0	7.69989E-1	-5.62553E-2
4.82375E+11	1.34165E-10	1.19803E+2	-4.32893E-1	7.55766E-1
4.82550E+11	1.57726E-10	-1.23989E+2	-4.46306E-1	-6.61943E-1
4.82725E+11	1.44327E-10	3.09777E+0	7.31069E-1	3.95647E-2
4.82900E+11	1.60164E-10	1.24685E+2	-3.78193E-1	5.46477E-1
4.83075E+11	1.06150E-10	-1.13197E+2	-1.63004E-1	-3.80376E-1
4.83250E+11	1.17905E-10	-2.86529E+1	3.62420E-1	-1.98032E-1
4.83425E+11	1.87253E-10	7.16176E+1	1.43120E-1	4.30675E-1
4.83600E+11	2.51124E-10	1.78795E+2	-4.02941E-1	8.47323E-3
4.83775E+11	3.69184E-10	-7.44782E+1	1.03394E-1	-3.72276E-1
4.83950E+11	4.85542E-10	2.34641E+1	3.68753E-1	1.60064E-1
4.84125E+11	4.31885E-10	1.40953E+2	-3.19879E-1	2.59471E-1
4.84300E+11	3.07446E-10	-1.03350E+2	-7.89894E-2	-3.32857E-1
4.84475E+11	2.20010E-10	1.25990E+1	3.48435E-1	7.78781E-2
4.84650E+11	1.99140E-10	1.16326E+2	-1.59381E-1	3.22118E-1
4.84825E+11	3.66293E-10	-1.56623E+2	-4.47256E-1	-1.93328E-1
4.85000E+11	4.11338E-10	-6.18013E+1	2.39142E-1	-4.46022E-1
4.85175E+11	4.20943E-10	5.94120E+0	3.93564E-1	4.09569E-2
4.85350E+11	7.42019E-10	9.02654E+1	-2.29982E-3	4.96485E-1
4.85525E+11	9.86189E-10	-1.64196E+2	-5.95941E-1	-1.68682E-1
4.85700E+11	7.56971E-10	-4.04343E+1	5.28817E-1	-4.50605E-1
4.85875E+11	5.65694E-10	8.04378E+1	9.03177E-2	5.36144E-1
4.86050E+11	4.71172E-10	-1.67257E+2	-5.09845E-1	-1.15301E-1
4.86225E+11	7.09633E-10	-4.71595E+1	4.41199E-1	-4.75776E-1
4.86400E+11	1.29943E-9	8.08688E+1	1.07449E-1	6.68497E-1
4.86575E+11	1.34561E-9	-1.58146E+2	-5.42643E-1	-2.17631E-1
4.86750E+11	1.57748E-9	-4.79372E+1	3.17281E-1	-3.51601E-1
4.86925E+11	2.80887E-9	5.11015E+1	3.64232E-1	4.51422E-1
4.87100E+11	2.20722E-9	1.47910E+2	-4.46196E-1	2.79789E-1
4.87275E+11	4.32738E-10	-9.62668E+1	-2.71488E-2	-2.47224E-1
4.87450E+11	3.82371E-10	-1.96580E+1	2.02884E-1	-7.24753E-2
4.87625E+11	2.10024E-9	7.11918E+1	1.58045E-1	4.64036E-1
4.87800E+11	6.88180E-9	1.71773E+2	-8.33923E-1	1.20572E-1
4.87975E+11	8.35576E-9	-8.00438E+1	1.49436E-1	-8.51295E-1
4.88150E+11	5.04386E-9	2.54039E+1	6.42510E-1	3.05139E-1
4.88325E+11	2.47627E-9	1.34659E+2	-3.81529E-1	3.86103E-1
4.88500E+11	1.44762E-9	-1.34258E+2	-2.85866E-1	-2.93365E-1
4.88675E+11	6.63610E-10	-3.99280E+1	2.25949E-1	-1.89111E-1
4.88850E+11	1.06894E-9	6.43908E+1	1.45005E-1	3.02525E-1
4.89025E+11	1.94458E-9	1.75463E+2	-3.60313E-1	2.85910E-2
4.89200E+11	3.89184E-9	-8.17623E+1	5.33853E-2	-3.68751E-1
4.89375E+11	6.62346E-9	2.24584E+1	3.61046E-1	1.49243E-1
4.89550E+11	9.17134E-9	1.27836E+2	-2.25152E-1	2.89890E-1
4.89725E+11	1.02977E-8	-1.14326E+2	-1.22104E-1	-2.70107E-1
4.89900E+11	1.14886E-8	1.39424E+0	2.17971E-1	5.30516E-3
4.90075E+11	8.75286E-9	1.03585E+2	-4.26852E-2	1.76635E-1
4.90250E+11	1.11263E-8	-1.68968E+2	-2.18886E-1	-4.26723E-2
4.90425E+11	1.46423E-8	-6.99296E+1	9.92623E-2	-2.71682E-1
4.90600E+11	1.63409E-8	3.20713E+1	2.75543E-1	1.72655E-1
4.90775E+11	2.18535E-8	1.39083E+2	-2.12217E-1	1.83936E-1
4.90950E+11	2.68185E-8	-1.06023E+2	-5.39795E-2	-1.87965E-1
4.91125E+11	2.34367E-8	-1.34112E+0	1.48345E-1	-3.47294E-3
4.91300E+11	2.15890E-8	9.35056E+1	-7.98406E-3	1.30328E-1
4.91475E+11	1.20324E-8	-1.72851E+2	-1.00557E-1	-1.26116E-2
4.91650E+11	1.24736E-8	-9.21085E+1	-4.01809E-3	-1.09137E-1
4.91825E+11	1.66316E-8	3.03660E+0	1.25453E-1	6.65509E-3
4.92000E+11	1.80041E-8	1.13545E+2	-6.08782E-2	1.39713E-1
4.92175E+11	1.92476E-8	-1.36512E+2	-1.18458E-1	-1.12364E-1
4.92350E+11	2.31901E-8	-2.95242E+1	1.57102E-1	-8.89717E-2
4.92525E+11	1.74330E-8	7.92093E+1	3.41310E-2	1.79079E-1
4.92700E+11	9.85130E-9	-1.67494E+2	-1.62301E-1	-3.59977E-2
4.92875E+11	5.07225E-9	-7.13595E+1	3.93718E-2	-1.16718E-1
4.93050E+11	3.90006E-9	2.35083E+1	1.22671E-1	5.33601E-2
4.93225E+11	5.51447E-9	1.24051E+2	-8.21762E-2	1.21596E-1
4.93400E+11	8.48673E-9	-1.26134E+2	-9.81730E-2	-1.34462E-1
4.93575E+11	8.35664E-9	-7.60574E+0	1.75393E-1	-2.34202E-2
4.93750E+11	5.93386E-9	1.04677E+2	-4.47383E-2	1.70807E-1
4.93925E+11	5.05931E-9	-1.47155E+2	-1.37770E-1	-8.89410E-2
4.94100E+11	8.24046E-9	-3.01604E+1	1.45415E-1	-8.44994E-2
4.94275E+11	8.02378E-9	6.42856E+1	5.29578E-2	1.09967E-1
4.94450E+11	1.26968E-8	1.51605E+2	-1.29561E-1	7.00393E-2
4.94625E+11	2.13007E-8	-1.09788E+2	-5.73029E-2	-1.59269E-1
4.94800E+11	2.98869E-8	-2.69262E+0	1.95033E-1	-9.17233E-3
4.94975E+11	3.77525E-8	1.19983E+2	-1.08818E-1	1.88607E-1
4.95150E+11	3.44201E-8	-1.18649E+2	-1.07019E-1	-1.95890E-1
4.95325E+11	1.77484E-8	-1.86305E+1	1.63745E-1	-5.52032E-2
4.95500E+11	1.35649E-8	8.68546E+1	7.69987E-3	1.40119E-1
4.95675E+11	9.87036E-9	-1.67324E+2	-1.11086E-1	-2.49847E-2
4.95850E+11	1.23890E-8	-6.26902E+1	5.52914E-2	-1.07080E-1
4.96025E+11	1.37245E-8	3.70391E+1	1.04375E-1	7.87640E-2
4.96200E+11	1.58935E-8	1.47909E+2	-1.22702E-1	7.69440E-2
4.96375E+11	1.89104E-8	-9.71696E+1	-1.91318E-2	-1.52092E-1
4.96550E+11	1.96184E-8	1.41166E+1	1.66207E-1	4.17995E-2
4.96725E+11	1.80107E-8	1.14668E+2	-7.39144E-2	1.60937E-1
4.96900E+11	1.36761E-8	-1.33954E+2	-1.11276E-1	-1.15415E-1
4.97075E+11	1.10329E-8	-4.49739E+1	1.00010E-1	-9.99193E-2
4.97250E+11	1.32819E-8	5.49059E+1	8.98339E-2	1.27849E-1
4.97425E+11	1.35119E-8	1.69911E+2	-1.56979E-1	2.79298E-2
4.97600E+11	1.29909E-8	-7.42879E+1	4.35560E-2	-1.54830E-1
4.97775E+11	1.08259E-8	3.76540E+1	1.25262E-1	9.66529E-2
4.97950E+11	9.39432E-9	1.44112E+2	-1.22975E-1	8.89811E-2
4.98125E+11	5.87165E-9	-1.21766E+2	-6.86313E-2	-1.10837E-1
4.98300E+11	4.06109E-9	-1.91833E+1	1.10534E-1	-3.84557E-2
4.98475E+11	2.77341E-9	7.04756E+1	3.29306E-2	9.28675E-2
4.98650E+11	4.05478E-9	1.71317E+2	-1.12510E-1	1.71813E-2
4.98825E+11	5.19047E-9	-8.22434E+1	1.73062E-2	-1.27054E-1
4.99000E+11	5.97130E-9	1.96843E+1	1.38961E-1	4.97124E-2
4.99175E+11	8.88453E-9	1.28418E+2	-1.07305E-1	1.35300E-1
4.99350E+11	1.26252E-8	-1.32170E+2	-1.40092E-1	-1.54662E-1
4.99525E+11	9.16976E-9	-2.30702E+1	1.74972E-1	-7.45242E-2
4.99700E+11	5.26389E-9	1.04075E+2	-3.41419E-2	1.36176E-1
4.99875E+11	4.54573E-9	-1.40838E+2	-1.02737E-1	-8.36785E-2
5.00050E+11	5.08488E-9	-1.12773E+1	1.50898E-1	-3.00903E-2
5.00225E+11	7.70119E-9	1.07086E+2	-4.96232E-2	1.61445E-1
5.00400E+11	1.36682E-8	-1.47532E+2	-1.47783E-1	-9.40337E-2
5.00575E+11	1.64645E-8	-4.43510E+1	1.23476E-1	-1.20710E-1
5.00750E+11	1.46829E-8	6.75726E+1	6.35707E-2	1.54025E-1
5.00925E+11	1.62439E-8	1.78644E+2	-1.57452E-1	3.72619E-3
5.01100E+11	1.06851E-8	-5.82173E+1	6.95785E-2	-1.12294E-1
5.01275E+11	9.92536E-9	4.20978E+1	9.46991E-2	8.55607E-2
5.01450E+11	1.51016E-8	1.47017E+2	-1.22288E-1	7.93648E-2
5.01625E+11	1.56638E-8	-1.12127E+2	-6.05827E-2	-1.48992E-1
5.01800E+11	1.83473E-8	-7.33580E+0	1.93617E-1	-2.49259E-2
5.01975E+11	1.39122E-8	9.68540E+1	-3.26868E-2	2.71938E-1
5.02150E+11	8.48259E-9	-1.45256E+2	-2.66923E-1	-1.85129E-1
5.02325E+11	7.61429E-9	-2.70251E+1	3.41413E-1	-1.74147E-1
5.02500E+11	5.94683E-9	9.66834E+1	-4.61441E-2	3.93793E-1
5.02675E+11	6.46449E-9	-1.60771E+2	-4.92579E-1	-1.71813E-1
5.02850E+11	7.85067E-9	-5.41167E+1	4.26990E-1	-5.90226E-1
5.03025E+11	1.09166E-8	5.61135E+1	5.26854E-1	7.84441E-1
5.03200E+11	1.01339E-8	1.74262E+2	-1.14980E+0	1.15530E-1
5.03375E+11	1.34021E-8	-5.68618E+1	6.33195E-1	-9.69905E-1
5.03550E+11	1.41684E-8	6.60823E+1	4.13516E-1	9.32375E-1
5.03725E+11	9.94927E-9	1.79457E+2	-9.00779E-1	8.54060E-3
5.03900E+11	7.69087E-9	-7.14443E+1	2.04930E-1	-6.10500E-1
5.04075E+11	1.12245E-8	1.55649E+1	6.27145E-1	1.74688E-1
5.04250E+11	1.80633E-8	1.20053E+2	-3.64211E-1	6.29477E-1
5.04425E+11	2.39712E-8	-1.18843E+2	-3.33078E-1	-6.04804E-1
5.04600E+11	2.63462E-8	1.04487E+1	5.86558E-1	1.08169E-1
5.04775E+11	2.82185E-8	1.42518E+2	-4.10223E-1	3.14566E-1
5.04950E+11	2.87885E-8	-8.77749E+1	1.64643E-2	-4.23735E-1
5.05125E+11	2.15675E-8	2.94189E+1	2.88391E-1	1.62625E-1
5.05300E+11	9.85519E-9	1.29027E+2	-1.34544E-1	1.65988E-1
5.05475E+11	9.75637E-9	-1.53934E+2	-1.85248E-1	-9.06155E-2
5.05650E+11	1.34664E-8	-5.93139E+1	1.24890E-1	-2.10455E-1
5.05825E+11	1.23480E-8	6.12135E+1	1.29121E-1	2.35002E-1
5.06000E+11	1.49252E-8	1.76770E+2	-2.75637E-1	1.55542E-2
5.06175E+11	1.90481E-8	-7.40956E+1	7.81858E-2	-2.74393E-1
5.06350E+11	2.34425E-8	3.85888E+1	2.23385E-1	1.78254E-1
5.06525E+11	2.82178E-8	1.52263E+2	-2.48047E-1	1.30433E-1
5.06700E+11	2.23973E-8	-1.08828E+2	-6.97036E-2	-2.04423E-1
5.06875E+11	3.29057E-8	-1.73585E+1	2.18584E-1	-6.83261E-2
5.07050E+11	4.55567E-8	8.64334E+1	1.56831E-2	2.51618E-1
5.07225E+11	5.58377E-8	-1.70573E+2	-2.55721E-1	-4.24565E-2
5.07400E+11	5.86003E-8	-6.32753E+1	1.20074E-1	-2.38485E-1
5.07575E+11	6.21779E-8	4.54161E+1	1.86138E-1	1.88862E-1
5.07750E+11	5.34575E-8	1.54998E+2	-1.98132E-1	9.23969E-2
5.07925E+11	2.81373E-8	-1.03521E+2	-3.68969E-2	-1.53434E-1
5.08100E+11	1.34467E-8	-3.07581E+1	9.34109E-2	-5.55914E-2
5.08275E+11	2.01783E-8	4.40192E+1	9.69061E-2	9.36439E-2
5.08450E+11	2.71765E-8	1.40916E+2	-1.24411E-1	1.01050E-1
5.08625E+11	3.69217E-8	-1.13377E+2	-7.46820E-2	-1.72766E-1
5.08800E+11	4.25824E-8	3.33422E+0	2.19814E-1	1.28061E-2
5.08975E+11	5.32919E-8	1.19236E+2	-1.22124E-1	2.18191E-1
5.09150E+11	4.95906E-8	-1.29424E+2	-1.59512E-1	-1.94028E-1
5.09325E+11	2.75874E-8	-1.63750E+1	2.15999E-1	-6.34695E-2
5.09500E+11	1.24820E-8	7.93320E+1	3.04176E-2	1.61474E-1
5.09675E+11	9.67821E-9	1.68042E+2	-1.61998E-1	3.43095E-2
5.09850E+11	9.74718E-9	-9.04754E+1	-1.49857E-3	-1.80623E-1
5.10025E+11	1.45042E-8	1.23355E+1	1.92549E-1	4.21075E-2
5.10200E+11	2.03676E-8	1.20930E+2	-1.13540E-1	1.89484E-1
5.10375E+11	2.04409E-8	-1.21774E+2	-1.23446E-1	-1.99303E-1
5.10550E+11	1.58065E-8	-1.32676E+1	2.05425E-1	-4.84377E-2
5.10725E+11	1.24385E-8	9.53727E+1	-1.75877E-2	1.87011E-1
5.10900E+11	9.67808E-9	-1.68688E+2	-1.62129E-1	-3.24327E-2
5.11075E+11	1.58596E-8	-7.54245E+1	4.88869E-2	-1.88009E-1
5.11250E+11	1.52355E-8	2.60557E+1	1.94561E-1	9.51281E-2
5.11425E+11	1.77903E-8	1.28586E+2	-1.45146E-1	1.81912E-1
5.11600E+11	2.04102E-8	-1.28322E+2	-1.52810E-1	-1.93338E-1
5.11775E+11	2.19888E-8	-2.81184E+1	2.26596E-1	-1.21085E-1
5.11950E+11	2.08323E-8	7.36899E+1	6.63671E-2	2.26810E-1
5.12125E+11	1.22275E-8	-1.73218E+2	-1.81082E-1	-2.15363E-2
5.12300E+11	8.08410E-9	-8.05646E+1	2.25548E-2	-1.35721E-1
5.12475E+11	1.34079E-8	9.47532E+0	1.64155E-1	2.73975E-2
5.12650E+11	1.82754E-8	1.14612E+2	-8.10015E-2	1.76822E-1
5.12825E+11	2.82051E-8	-1.40282E+2	-1.67471E-1	-1.39124E-1
5.13000E+11	3.38859E-8	-3.44768E+1	1.91903E-1	-1.31777E-1
5.13175E+11	3.56057E-8	7.04424E+1	8.11829E-2	2.28523E-1
5.13350E+11	4.22182E-8	1.77378E+2	-2.27945E-1	1.04405E-2
5.13525E+11	2.83775E-8	-7.29877E+1	5.61955E-2	-1.83666E-1
5.13700E+11	2.19225E-8	1.12132E+1	1.61894E-1	3.20948E-2
5.13875E+11	2.34447E-8	1.00994E+2	-3.71313E-2	1.91128E-1
5.14050E+11	2.64822E-8	-1.58627E+2	-2.03006E-1	-7.94476E-2
5.14225E+11	2.63224E-8	-6.06391E+1	1.17123E-1	-2.08193E-1
5.14400E+11	2.50027E-8	4.05736E+1	1.92501E-1	1.64840E-1
5.14575E+11	2.27679E-8	1.48860E+2	-2.23981E-1	1.35326E-1
5.14750E+11	1.69431E-8	-1.01909E+2	-5.47520E-2	-2.59609E-1
5.14925E+11	1.24928E-8	6.12780E+0	2.38180E-1	2.55710E-2
5.15100E+11	7.98843E-9	9.15727E+1	-5.65932E-3	2.06130E-1
5.15275E+11	1.47889E-8	-1.77400E+2	-2.57672E-1	-1.16996E-2
5.15450E+11	1.73543E-8	-8.03261E+1	4.83821E-2	-2.83824E-1
5.15625E+11	2.24646E-8	1.81559E+1	2.91050E-1	9.54439E-2
5.15800E+11	2.34724E-8	1.22827E+2	-1.68709E-1	2.61516E-1
5.15975E+11	2.20112E-8	-1.24229E+2	-1.66596E-1	-2.44872E-1
5.16150E+11	1.71076E-8	-1.24660E+1	2.42897E-1	-5.36977E-2
5.16325E+11	8.95168E-9	8.76745E+1	7.26049E-3	1.78782E-1
5.16500E+11	9.04863E-9	1.70258E+2	-1.58823E-1	2.72678E-2
5.16675E+11	1.51493E-8	-1.00961E+2	-3.65615E-2	-1.88774E-1
5.16850E+11	2.19534E-8	-5.33710E+0	2.10252E-1	-1.96418E-2
5.17025E+11	2.92888E-8	9.73295E+1	-2.95818E-2	2.29982E-1
5.17200E+11	4.29509E-8	-1.52291E+2	-2.25189E-1	-1.18273E-1
5.17375E+11	4.77658E-8	-3.67240E+1	2.15728E-1	-1.60939E-1
5.17550E+11	5.41983E-8	7.95737E+1	4.97999E-2	2.70639E-1
5.17725E+11	3.88861E-8	-1.70977E+2	-2.12491E-1	-3.37433E-2
5.17900E+11	3.59877E-8	-8.46257E+1	1.92290E-2	-2.04401E-1
5.18075E+11	4.86831E-8	1.12159E+1	2.36465E-1	4.68893E-2
5.18250E+11	6.36765E-8	1.16346E+2	-1.19037E-1	2.40365E-1
5.18425E+11	8.88823E-8	-1.33472E+2	-2.02920E-1	-2.14039E-1
5.18600E+11	9.14582E-8	-1.90851E+1	2.83072E-1	-9.79398E-2
5.18775E+11	7.11223E-8	9.21463E+1	-1.01240E-2	2.70132E-1
5.18950E+11	6.37171E-8	-1.65677E+2	-2.32602E-1	-5.93871E-2
5.19125E+11	4.65748E-8	-6.79240E+1	7.62488E-2	-1.88004E-1
5.19300E+11	4.53982E-8	1.98667E+1	1.88981E-1	6.82861E-2
5.19475E+11	7.32110E-8	1.22765E+2	-1.28871E-1	2.00239E-1
5.19650E+11	8.59883E-8	-1.22649E+2	-1.37285E-1	-2.14262E-1
5.19825E+11	8.77647E-8	-5.63875E+0	2.70250E-1	-2.66827E-2
5.20000E+11	9.77936E-8	1.15047E+2	-1.20292E-1	2.57420E-1
5.20175E+11	1.08781E-7	-1.23725E+2	-1.56224E-1	-2.34022E-1
5.20350E+11	9.87282E-8	-4.82444E+0	2.61501E-1	-2.20712E-2
5.20525E+11	6.77127E-8	1.00823E+2	-3.80014E-2	1.98774E-1
5.20700E+11	5.02748E-8	-1.67017E+2	-1.85324E-1	-4.27269E-2
5.20875E+11	7.30100E-8	-6.79102E+1	8.44724E-2	-2.08136E-1
5.21050E+11	9.15205E-8	3.80746E+1	1.98107E-1	1.55194E-1
5.21225E+11	9.26671E-8	1.53398E+2	-2.41457E-1	1.20926E-1
5.21400E+11	9.21185E-8	-9.58894E+1	-2.69633E-2	-2.61393E-1
5.21575E+11	8.30693E-8	1.43800E+1	2.44970E-1	6.28062E-2
5.21750E+11	7.84906E-8	1.28358E+2	-1.59377E-1	2.01384E-1
5.21925E+11	4.98181E-8	-1.26175E+2	-1.20953E-1	-1.65413E-1
5.22100E+11	5.39434E-8	-3.00430E+1	1.81859E-1	-1.05179E-1
5.22275E+11	6.23162E-8	8.05660E+1	3.90258E-2	2.34871E-1
5.22450E+11	6.22174E-8	-1.64740E+2	-2.37426E-1	-6.47749E-2
5.22625E+11	8.47563E-8	-5.44187E+1	1.58213E-1	-2.21143E-1
5.22800E+11	9.71077E-8	6.72573E+1	1.10697E-1	2.64077E-1
5.22975E+11	7.91241E-8	-1.69656E+2	-2.58710E-1	-4.72225E-2
5.23150E+11	6.21453E-8	-5.31585E+1	1.41654E-1	-1.89068E-1
5.23325E+11	4.57918E-8	5.23744E+1	1.24030E-1	1.60908E-1
5.23500E+11	4.44271E-8	1.45968E+2	-1.86289E-1	1.25806E-1
5.23675E+11	6.45826E-8	-1.11350E+2	-9.67657E-2	-2.47548E-1
5.23850E+11	7.02286E-8	-3.19141E+0	2.86659E-1	-1.59836E-2
5.24025E+11	6.61528E-8	1.05673E+2	-8.30438E-2	2.95970E-1
5.24200E+11	8.18285E-8	-1.45636E+2	-2.68907E-1	-1.83875E-1
5.24375E+11	7.50871E-8	-3.61177E+1	2.55981E-1	-1.86786E-1
5.24550E+11	5.30718E-8	8.14272E+1	3.92856E-2	2.60601E-1
5.24725E+11	2.66398E-8	1.73464E+2	-1.93536E-1	2.21730E-2
5.24900E+11	3.01474E-8	-1.07563E+2	-6.02984E-2	-1.90513E-1
5.25075E+11	4.08895E-8	-2.72102E+1	2.01022E-1	-1.03357E-1
5.25250E+11	6.69276E-8	7.56584E+1	6.16300E-2	2.41053E-1
5.25425E+11	8.01530E-8	-1.71009E+2	-2.52061E-1	-3.98805E-2
5.25600E+11	9.44552E-8	-5.16308E+1	1.57328E-1	-1.98718E-1
5.25775E+11	9.37542E-8	6.38515E+1	1.05302E-1	2.14489E-1
5.25950E+11	8.14435E-8	-1.78309E+2	-2.28102E-1	-6.73577E-3
5.26125E+11	5.26069E-8	-7.50249E+1	4.75009E-2	-1.77584E-1
5.26300E+11	4.70097E-8	1.64156E+1	1.74595E-1	5.14378E-2
5.26475E+11	5.55067E-8	1.19705E+2	-1.00618E-1	1.76367E-1
5.26650E+11	5.17679E-8	-1.26289E+2	-1.25608E-1	-1.71065E-1
5.26825E+11	6.37731E-8	-4.47143E+0	2.23774E-1	-1.74992E-2
5.27000E+11	5.90093E-8	1.21586E+2	-1.17661E-1	1.91357E-1
5.27175E+11	5.32690E-8	-1.24177E+2	-1.15901E-1	-1.70693E-1
5.27350E+11	3.76841E-8	-1.67503E+1	1.74544E-1	-5.25328E-2
5.27525E+11	3.29140E-8	7.90940E+1	3.38196E-2	1.75523E-1
5.27700E+11	4.77099E-8	-1.78831E+2	-2.05838E-1	-4.20027E-3
5.27875E+11	5.51317E-8	-6.27405E+1	1.05805E-1	-2.05349E-1
5.28050E+11	6.03596E-8	5.74040E+1	1.28221E-1	2.00523E-1
5.28225E+11	5.65527E-8	1.77107E+2	-2.28832E-1	1.15651E-2
5.28400E+11	4.14408E-8	-6.99863E+1	7.40023E-2	-2.03168E-1
5.28575E+11	4.40816E-8	3.29546E+1	1.78828E-1	1.15931E-1
5.28750E+11	3.18239E-8	1.37410E+2	-1.28809E-1	1.18402E-1
5.28925E+11	1.82290E-8	-1.38331E+2	-1.01974E-1	-9.07581E-2
5.29100E+11	2.18363E-8	-5.47798E+1	8.42100E-2	-1.19286E-1
5.29275E+11	3.31015E-8	4.95721E+1	1.06465E-1	1.24973E-1
5.29450E+11	3.85159E-8	1.61183E+2	-1.78857E-1	6.09466E-2
5.29625E+11	5.37936E-8	-8.01820E+1	3.62282E-2	-2.09347E-1
5.29800E+11	4.76513E-8	3.89567E+1	1.65713E-1	1.33984E-1
5.29975E+11	4.56902E-8	1.44899E+2	-1.71435E-1	1.20490E-1
5.30150E+11	3.54635E-8	-1.11216E+2	-6.88138E-2	-1.77262E-1
5.30325E+11	2.63664E-8	-1.33408E+1	1.64807E-1	-3.90827E-2
5.30500E+11	2.42173E-8	8.76340E+1	6.70890E-3	1.62370E-1
5.30675E+11	2.64770E-8	-1.61870E+2	-1.61963E-1	-5.30322E-2
5.30850E+11	2.66219E-8	-4.67593E+1	1.19829E-1	-1.27424E-1
5.31025E+11	3.02879E-8	6.79532E+1	6.45115E-2	1.59297E-1
5.31200E+11	2.51113E-8	-1.79594E+2	-1.61464E-1	-1.14471E-3
5.31375E+11	2.01805E-8	-8.06816E+1	2.25607E-2	-1.37493E-1
5.31550E+11	1.44518E-8	1.28549E+1	1.14451E-1	2.61179E-2
5.31725E+11	1.51469E-8	1.01604E+2	-2.41663E-2	1.17689E-1
5.31900E+11	2.53663E-8	-1.56615E+2	-1.38328E-1	-5.98159E-2
5.32075E+11	4.05260E-8	-4.59917E+1	1.26263E-1	-1.30711E-1
5.32250E+11	5.55504E-8	6.46858E+1	9.10078E-2	1.92405E-1
5.32425E+11	6.57209E-8	1.69498E+2	-2.25044E-1	4.17159E-2
5.32600E+11	6.15421E-8	-8.84087E+1	6.11050E-3	-2.19958E-1
5.32775E+11	5.83176E-8	1.04599E+1	2.17674E-1	4.01860E-2
5.32950E+11	4.85757E-8	1.08592E+2	-6.10723E-2	1.81557E-1
5.33125E+11	3.98431E-8	-1.54747E+2	-1.59728E-1	-7.53440E-2
5.33300E+11	5.05710E-8	-5.65395E+1	1.06110E-1	-1.60555E-1
5.33475E+11	5.37424E-8	5.06908E+1	1.32088E-1	1.61327E-1
5.33650E+11	7.22709E-8	1.55822E+2	-2.04905E-1	9.19921E-2
5.33825E+11	7.98133E-8	-1.00804E+2	-4.31244E-2	-2.25979E-1
5.34000E+11	7.28625E-8	6.39949E+0	2.13890E-1	2.39897E-2
5.34175E+11	5.37188E-8	1.09366E+2	-6.24903E-2	1.77792E-1
5.34350E+11	4.02583E-8	-1.52298E+2	-1.40234E-1	-7.36298E-2
5.34525E+11	3.73440E-8	-5.44531E+1	9.02631E-2	-1.26325E-1
5.34700E+11	4.62508E-8	4.80250E+1	1.10781E-1	1.23143E-1
5.34875E+11	5.22787E-8	1.49895E+2	-1.49516E-1	8.66888E-2
5.35050E+11	5.37225E-8	-1.09224E+2	-5.99818E-2	-1.72009E-1
5.35225E+11	5.02446E-8	-1.32415E+1	1.76491E-1	-4.15305E-2
5.35400E+11	6.64674E-8	8.10202E+1	3.03899E-2	1.92314E-1
5.35575E+11	7.20688E-8	-1.73625E+2	-1.91710E-1	-2.14206E-2
5.35750E+11	5.66914E-8	-7.55670E+1	4.16689E-2	-1.61902E-1
5.35925E+11	5.62164E-8	2.37659E+1	1.52760E-1	6.72667E-2
5.36100E+11	7.07322E-8	1.28779E+2	-1.19549E-1	1.48801E-1
5.36275E+11	9.99429E-8	-1.17331E+2	-9.65398E-2	-1.86791E-1
5.36450E+11	1.12870E-7	3.01428E-1	2.23189E-1	1.17419E-3
5.36625E+11	1.03231E-7	1.19668E+2	-1.08293E-1	1.90101E-1
5.36800E+11	9.41076E-8	-1.24124E+2	-1.12985E-1	-1.66728E-1
5.36975E+11	6.51482E-8	-1.04150E+1	1.71617E-1	-3.15440E-2
5.37150E+11	4.02694E-8	8.66753E+1	8.19498E-3	1.41071E-1
5.37325E+11	3.91520E-8	1.79980E+2	-1.42345E-1	4.84986E-5
5.37500E+11	4.43764E-8	-8.09121E+1	2.44861E-2	-1.53079E-1
5.37675E+11	5.40409E-8	2.37757E+1	1.58160E-1	6.96770E-2
5.37850E+11	5.97191E-8	1.34861E+2	-1.33158E-1	1.33807E-1
5.38025E+11	6.73617E-8	-1.11109E+2	-7.27380E-2	-1.88416E-1
5.38200E+11	7.27141E-8	3.93295E+0	2.17665E-1	1.49647E-2
5.38375E+11	7.04195E-8	1.21755E+2	-1.08885E-1	1.75924E-1
5.38550E+11	5.26078E-8	-1.37218E+2	-1.32944E-1	-1.23030E-1
5.38725E+11	4.98007E-8	-3.46292E+1	1.48793E-1	-1.02757E-1
5.38900E+11	5.33046E-8	7.16944E+1	5.81546E-2	1.75786E-1
5.39075E+11	5.35494E-8	-1.74226E+2	-1.80686E-1	-1.82705E-2
5.39250E+11	5.44990E-8	-5.57644E+1	9.81792E-2	-1.44273E-1
5.39425E+11	4.21748E-8	6.29543E+1	7.12866E-2	1.39633E-1
5.39600E+11	3.42005E-8	1.68237E+2	-1.38613E-1	2.88646E-2
5.39775E+11	3.14971E-8	-8.51575E+1	1.09488E-2	-1.29235E-1
5.39950E+11	2.16907E-8	7.17547E+0	1.14692E-1	1.44390E-2
5.40125E+11	2.59393E-8	1.03043E+2	-2.74322E-2	1.18416E-1
5.40300E+11	3.51370E-8	-1.53157E+2	-1.20589E-1	-6.10277E-2
5.40475E+11	4.89272E-8	-4.13737E+1	1.15182E-1	-1.01453E-1
5.40650E+11	5.20870E-8	7.21084E+1	5.21963E-2	1.61684E-1
5.40825E+11	6.05507E-8	-1.75506E+2	-1.81758E-1	-1.42846E-2
5.41000E+11	7.04019E-8	-7.07853E+1	6.28622E-2	-1.80367E-1
5.41175E+11	4.61756E-8	3.80437E+1	1.27744E-1	9.99616E-2
5.41350E+11	3.63106E-8	1.26192E+2	-8.02513E-2	1.09681E-1
5.41525E+11	3.57248E-8	-1.40975E+2	-1.07959E-1	-8.75013E-2
5.41700E+11	3.75799E-8	-4.01679E+1	1.07188E-1	-9.04782E-2
5.41875E+11	3.46666E-8	5.97872E+1	7.05581E-2	1.21168E-1
5.42050E+11	3.49883E-8	1.60125E+2	-1.32733E-1	4.79843E-2
5.42225E+11	3.34816E-8	-9.58782E+1	-1.42156E-2	-1.38075E-1
5.42400E+11	3.90195E-8	1.83354E+0	1.43845E-1	4.60480E-3
5.42575E+11	3.07940E-8	1.12001E+2	-5.00700E-2	1.23924E-1
5.42750E+11	2.35144E-8	-1.50901E+2	-1.07086E-1	-5.96019E-2
5.42925E+11	3.09552E-8	-4.33142E+1	1.00289E-1	-9.45550E-2
5.43100E+11	4.17816E-8	7.13353E+1	5.04191E-2	1.49260E-1
5.43275E+11	6.19948E-8	-1.71295E+2	-1.75825E-1	-2.69211E-2
5.43450E+11	6.26335E-8	-5.30868E+1	1.14559E-1	-1.52505E-1
5.43625E+11	6.51258E-8	6.64830E+1	7.69265E-2	1.76776E-1
5.43800E+11	5.46776E-8	-1.79094E+2	-1.86119E-1	-2.94195E-3
5.43975E+11	4.44502E-8	-6.36749E+1	6.83565E-2	-1.38156E-1
5.44150E+11	3.10996E-8	3.96863E+1	1.01364E-1	8.41130E-2
5.44325E+11	3.24022E-8	1.44752E+2	-1.09973E-1	7.77140E-2
5.44500E+11	3.91413E-8	-1.10302E+2	-4.70655E-2	-1.27221E-1
5.44675E+11	4.20967E-8	-5.17330E+0	1.40584E-1	-1.27281E-2
5.44850E+11	4.59984E-8	9.69263E+1	-1.79991E-2	1.48167E-1
5.45025E+11	4.90919E-8	-1.58244E+2	-1.37119E-1	-5.47224E-2
5.45200E+11	4.73225E-8	-5.59695E+1	8.40466E-2	-1.24461E-1
5.45375E+11	3.59826E-8	5.11028E+1	8.25110E-2	1.02267E-1
5.45550E+11	2.74182E-8	1.41718E+2	-9.24203E-2	7.29429E-2
5.45725E+11	3.44071E-8	-1.20624E+2	-6.87750E-2	-1.16181E-1
5.45900E+11	4.19379E-8	-1.57075E+1	1.44751E-1	-4.07080E-2
5.46075E+11	5.01727E-8	9.12723E+1	-3.76577E-3	1.69557E-1
5.46250E+11	5.47773E-8	-1.61274E+2	-1.70066E-1	-5.76487E-2
5.46425E+11	5.70258E-8	-4.88707E+1	1.19083E-1	-1.36366E-1
5.46600E+11	4.67332E-8	5.94081E+1	9.17525E-2	1.55195E-1
5.46775E+11	3.83465E-8	1.71101E+2	-1.61891E-1	2.53483E-2
5.46950E+11	2.32826E-8	-8.34421E+1	1.61431E-2	-1.40424E-1
5.47125E+11	2.48152E-8	2.10530E+1	1.39775E-1	5.38031E-2
5.47300E+11	2.51479E-8	1.34526E+2	-1.12541E-1	1.14420E-1
5.47475E+11	2.73381E-8	-1.14290E+2	-7.05295E-2	-1.56279E-1
5.47650E+11	2.94564E-8	-3.66684E+0	1.81827E-1	-1.16526E-2
5.47825E+11	2.54618E-8	1.06330E+2	-4.93527E-2	1.68446E-1
5.48000E+11	2.19644E-8	-1.50115E+2	-1.42555E-1	-8.19248E-2
5.48175E+11	1.62853E-8	-4.70341E+1	1.01305E-1	-1.08766E-1
5.48350E+11	1.62577E-8	5.22298E+1	8.48590E-2	1.09517E-1
5.48525E+11	1.82187E-8	1.52799E+2	-1.30463E-1	6.70524E-2
5.48700E+11	1.92970E-8	-1.01260E+2	-2.91983E-2	-1.46661E-1
5.48875E+11	1.89503E-8	1.33498E+0	1.47120E-1	3.42850E-3
5.49050E+11	2.05087E-8	1.01676E+2	-3.05080E-2	1.47623E-1
5.49225E+11	2.24394E-8	-1.56672E+2	-1.37844E-1	-5.94448E-2
5.49400E+11	1.85881E-8	-5.30110E+1	8.70177E-2	-1.15522E-1
5.49575E+11	1.73319E-8	5.10564E+1	8.08683E-2	1.00065E-1
5.49750E+11	1.35533E-8	1.49399E+2	-9.68911E-2	5.73030E-2
5.49925E+11	1.59772E-8	-1.10182E+2	-4.04921E-2	-1.10162E-1
5.50100E+11	1.65133E-8	-6.76621E+0	1.24635E-1	-1.47873E-2
5.50275E+11	1.98315E-8	9.97460E+1	-2.24083E-2	1.30463E-1
5.50450E+11	2.45086E-8	-1.51904E+2	-1.21101E-1	-6.46515E-2
5.50625E+11	2.33258E-8	-4.44323E+1	9.61143E-2	-9.42283E-2
5.50800E+11	2.21070E-8	6.34175E+1	5.77664E-2	1.15445E-1
5.50975E+11	2.09156E-8	1.70937E+2	-1.18746E-1	1.89417E-2
5.51150E+11	1.69826E-8	-8.27779E+1	1.38197E-2	-1.09055E-1
5.51325E+11	1.59127E-8	1.58399E+1	1.04230E-1	2.95726E-2
5.51500E+11	1.66222E-8	1.18066E+2	-5.06278E-2	9.49539E-2
5.51675E+11	1.53724E-8	-1.41463E+2	-8.48908E-2	-6.76148E-2
5.51850E+11	1.64919E-8	-3.98506E+1	8.64659E-2	-7.21701E-2
5.52025E+11	1.63368E-8	6.88188E+1	3.92510E-2	1.01294E-1
5.52200E+11	1.28836E-8	1.72825E+2	-1.02200E-1	1.28662E-2
5.52375E+11	1.30594E-8	-8.50753E+1	8.17288E-3	-9.48520E-2
5.52550E+11	1.19603E-8	1.36842E+1	8.74279E-2	2.12870E-2
5.52725E+11	1.16389E-8	1.12933E+2	-3.39374E-2	8.02128E-2
5.52900E+11	1.23422E-8	-1.41754E+2	-6.84640E-2	-5.39653E-2
5.53075E+11	1.14032E-8	-3.09601E+1	7.30349E-2	-4.38146E-2
5.53250E+11	9.84994E-9	8.18825E+1	1.11507E-2	7.81776E-2
5.53425E+11	7.99370E-9	-1.64315E+2	-7.10356E-2	-1.99477E-2
5.53600E+11	6.68349E-9	-4.90202E+1	4.29725E-2	-4.94694E-2
5.53775E+11	5.03067E-9	6.32958E+1	2.61295E-2	5.19432E-2
5.53950E+11	3.98596E-9	1.76561E+2	-5.11986E-2	3.07703E-3
5.54125E+11	3.57504E-9	-7.02808E+1	1.61805E-2	-4.51429E-2
5.54300E+11	2.97558E-9	4.23419E+1	3.26618E-2	2.97636E-2
5.54475E+11	2.24016E-9	1.52025E+2	-3.52043E-2	1.86990E-2
5.54650E+11	1.99914E-9	-9.82737E+1	-5.51192E-3	-3.79045E-2
5.54825E+11	1.44816E-9	1.20121E+1	3.28619E-2	6.99229E-3
5.55000E+11	1.39525E-9	1.22067E+2	-1.67607E-2	2.67529E-2
5.55175E+11	1.29155E-9	-1.29109E+2	-1.91841E-2	-2.35983E-2
5.55350E+11	9.42650E-10	-1.57424E+1	2.56881E-2	-7.24112E-3
5.55525E+11	8.40121E-10	9.56785E+1	-2.39728E-3	2.41094E-2
5.55700E+11	6.60710E-10	-1.51131E+2	-1.96896E-2	-1.08555E-2
5.55875E+11	5.79771E-10	-4.08172E+1	1.60842E-2	-1.38919E-2
5.56050E+11	4.20642E-10	6.86719E+1	7.03061E-3	1.80065E-2
5.56225E+11	3.66970E-10	1.77308E+2	-1.73289E-2	8.14915E-4
5.56400E+11	3.09102E-10	-6.31895E+1	7.54241E-3	-1.49246E-2
5.56575E+11	2.78125E-10	5.92843E+1	8.08624E-3	1.36103E-2
5.56750E+11	2.58109E-10	1.77032E+2	-1.55823E-2	8.07864E-4
5.56925E+11	2.50131E-10	-6.49838E+1	6.61584E-3	-1.41772E-2
5.57100E+11	1.93829E-10	5.11158E+1	9.07130E-3	1.12485E-2
5.57275E+11	2.79256E-10	1.61976E+2	-1.59879E-2	5.20228E-3
5.57450E+11	2.22840E-10	-8.19321E+1	2.08965E-3	-1.47419E-2
5.57625E+11	2.50885E-10	3.52816E+1	1.32702E-2	9.38942E-3
5.57800E+11	2.43502E-10	1.51201E+2	-1.45603E-2	8.00420E-3
5.57975E+11	3.54495E-10	-9.69091E+1	-2.26905E-3	-1.87255E-2
5.58150E+11	3.88979E-10	6.62905E+0	1.88681E-2	2.19281E-3
5.58325E+11	5.42715E-10	1.07392E+2	-6.69273E-3	2.13668E-2
5.58500E+11	6.57652E-10	-1.52428E+2	-2.12854E-2	-1.11145E-2
5.58675E+11	7.19063E-10	-5.31285E+1	1.52679E-2	-2.03560E-2
5.58850E+11	8.35187E-10	5.28458E+1	1.64392E-2	2.16939E-2
5.59025E+11	9.13260E-10	1.63847E+2	-2.82788E-2	8.19053E-3
5.59200E+11	1.12772E-9	-8.43810E+1	3.16476E-3	-3.21666E-2
5.59375E+11	1.57596E-9	1.99927E+1	3.38916E-2	1.23307E-2
5.59550E+11	2.25756E-9	1.16211E+2	-1.79522E-2	3.64658E-2
5.59725E+11	2.48124E-9	-1.47121E+2	-3.76846E-2	-2.43594E-2
5.59900E+11	3.17555E-9	-4.70938E+1	3.26690E-2	-3.51484E-2
5.60075E+11	3.63101E-9	6.00635E+1	2.50265E-2	4.34583E-2
5.60250E+11	4.14545E-9	1.70985E+2	-5.33043E-2	8.45706E-3
5.60425E+11	5.00010E-9	-7.84128E+1	1.12367E-2	-5.48031E-2
5.60600E+11	5.46244E-9	2.32273E+1	5.72858E-2	2.45850E-2
5.60775E+11	7.19612E-9	1.21190E+2	-3.64540E-2	6.02169E-2
5.60950E+11	7.71779E-9	-1.43244E+2	-6.04675E-2	-4.51629E-2
5.61125E+11	9.32356E-9	-4.59720E+1	5.69497E-2	-5.89154E-2
5.61300E+11	1.05562E-8	6.15745E+1	4.18421E-2	7.73030E-2
5.61475E+11	1.19336E-8	1.76582E+2	-9.22947E-2	5.51178E-3
5.61650E+11	1.11977E-8	-7.20558E+1	2.86635E-2	-8.85107E-2
5.61825E+11	1.43460E-8	2.90163E+1	8.82543E-2	4.89530E-2
5.62000E+11	1.97324E-8	1.21876E+2	-5.88024E-2	9.45579E-2
5.62175E+11	2.27394E-8	-1.45301E+2	-1.01167E-1	-7.00477E-2
5.62350E+11	2.56852E-8	-4.86565E+1	9.00356E-2	-1.02329E-1
5.62525E+11	2.95719E-8	5.78948E+1	7.63136E-2	1.21630E-1
5.62700E+11	2.55681E-8	1.72177E+2	-1.41795E-1	1.94816E-2
5.62875E+11	2.27298E-8	-7.49798E+1	3.60615E-2	-1.34394E-1
5.63050E+11	2.04895E-8	2.99959E+1	1.10900E-1	6.40178E-2
5.63225E+11	2.16948E-8	1.25844E+2	-7.36947E-2	1.02016E-1
5.63400E+11	2.24173E-8	-1.43246E+2	-1.05996E-1	-7.91629E-2
5.63575E+11	2.43716E-8	-3.69629E+1	1.07718E-1	-8.10618E-2
5.63750E+11	2.69598E-8	7.52964E+1	3.54259E-2	1.35001E-1
5.63925E+11	2.77995E-8	-1.66713E+2	-1.36796E-1	-3.23051E-2
5.64100E+11	3.01165E-8	-4.86134E+1	9.33986E-2	-1.05990E-1
5.64275E+11	2.91369E-8	5.98236E+1	7.07243E-2	1.21631E-1
5.64450E+11	2.93782E-8	1.58245E+2	-1.27149E-1	5.07393E-2
5.64625E+11	2.97702E-8	-1.11818E+2	-5.23071E-2	-1.30656E-1
5.64800E+11	3.65980E-8	-1.57130E+1	1.50368E-1	-4.23034E-2
5.64975E+11	4.61624E-8	9.36809E+1	-1.10820E-2	1.72262E-1
5.65150E+11	4.91901E-8	-1.46388E+2	-1.58322E-1	-1.05235E-1
5.65325E+11	5.88110E-8	-2.09563E+1	1.88411E-1	-7.21596E-2
5.65500E+11	5.99887E-8	1.01608E+2	-3.97076E-2	1.93295E-1
5.65675E+11	4.82283E-8	-1.45357E+2	-1.51358E-1	-1.04583E-1
5.65850E+11	3.26370E-8	-4.46625E+1	1.11397E-1	-1.10092E-1
5.66025E+11	2.77564E-8	5.26181E+1	8.98647E-2	1.17615E-1
5.66200E+11	3.08655E-8	1.57054E+2	-1.49371E-1	6.32371E-2
5.66375E+11	3.62744E-8	-8.82061E+1	5.38659E-3	-1.71989E-1
5.66550E+11	4.38321E-8	2.76209E+1	1.69557E-1	8.87211E-2
5.66725E+11	4.78927E-8	1.39859E+2	-1.59336E-1	1.34367E-1
5.66900E+11	4.34080E-8	-1.11792E+2	-7.87788E-2	-1.97037E-1
5.67075E+11	4.53085E-8	-6.93445E+0	2.24734E-1	-2.73329E-2
5.67250E+11	4.88421E-8	1.00776E+2	-4.05492E-2	2.13054E-1
5.67425E+11	4.69797E-8	-1.49256E+2	-1.84268E-1	-1.09602E-1
5.67600E+11	5.28674E-8	-3.44778E+1	1.89241E-1	-1.29954E-1
5.67775E+11	6.34164E-8	8.27025E+1	3.11874E-2	2.43542E-1
5.67950E+11	6.28352E-8	-1.66461E+2	-2.45093E-1	-5.90188E-2
5.68125E+11	6.46457E-8	-6.42826E+1	1.06169E-1	-2.20431E-1
5.68300E+11	4.62226E-8	3.49031E+1	1.74131E-1	1.21490E-1
5.68475E+11	3.90054E-8	1.26278E+2	-1.08013E-1	1.47160E-1
5.68650E+11	2.72098E-8	-1.42856E+2	-1.19768E-1	-9.07229E-2
5.68825E+11	2.71532E-8	-4.83800E+1	1.01159E-1	-1.13858E-1
5.69000E+11	3.73481E-8	6.02148E+1	8.68557E-2	1.51749E-1
5.69175E+11	5.14053E-8	1.62955E+2	-1.81822E-1	5.57454E-2
5.69350E+11	5.96565E-8	-9.85749E+1	-3.05349E-2	-2.02501E-1
5.69525E+11	6.97995E-8	-1.92769E+0	2.16330E-1	-7.28107E-3
5.69700E+11	6.66003E-8	1.02660E+2	-4.85603E-2	2.16185E-1
5.69875E+11	7.28937E-8	-1.39764E+2	-1.76248E-1	-1.49130E-1
5.70050E+11	5.97671E-8	-9.34676E+0	2.04108E-1	-3.35951E-2
5.70225E+11	5.71725E-8	1.12032E+2	-7.10896E-2	1.75673E-1
5.70400E+11	6.62233E-8	-1.27119E+2	-1.23710E-1	-1.63463E-1
5.70575E+11	6.77844E-8	-1.11355E+1	2.11071E-1	-4.15461E-2
5.70750E+11	7.65871E-8	1.00365E+2	-3.91282E-2	2.13931E-1
5.70925E+11	8.12129E-8	-1.46473E+2	-1.81345E-1	-1.20153E-1
5.71100E+11	6.88034E-8	-2.43879E+1	1.85283E-1	-8.40007E-2
5.71275E+11	5.92194E-8	1.03882E+2	-4.60866E-2	1.86483E-1
5.71450E+11	4.13125E-8	-1.35419E+2	-1.27540E-1	-1.25688E-1
5.71625E+11	4.50544E-8	-2.30443E+1	1.70579E-1	-7.25621E-2
5.71800E+11	5.77898E-8	8.75677E+1	8.92077E-3	2.10013E-1
5.71975E+11	6.13776E-8	-1.63151E+2	-2.19962E-1	-6.66145E-2
5.72150E+11	7.34469E-8	-5.02311E+1	1.58499E-1	-1.90446E-1
5.72325E+11	8.42703E-8	6.25234E+1	1.21316E-1	2.33279E-1
5.72500E+11	7.03556E-8	1.77636E+2	-2.57063E-1	1.06108E-2
5.72675E+11	6.11913E-8	-6.83079E+1	8.94972E-2	-2.24987E-1
5.72850E+11	4.36151E-8	2.84978E+1	1.75856E-1	9.54734E-2
5.73025E+11	3.98808E-8	1.16921E+2	-9.01299E-2	1.77491E-1
5.73200E+11	4.90151E-8	-1.41559E+2	-1.62845E-1	-1.29258E-1
5.73375E+11	4.78449E-8	-3.57051E+1	1.70470E-1	-1.22518E-1
5.73550E+11	5.33590E-8	8.06860E+1	3.37774E-2	2.05951E-1
5.73725E+11	5.19211E-8	-1.60536E+2	-1.96754E-1	-6.95339E-2
5.73900E+11	4.31814E-8	-5.29547E+1	1.11019E-1	-1.47085E-1
5.74075E+11	4.30548E-8	4.36120E+1	1.27577E-1	1.21540E-1
5.74250E+11	3.68251E-8	1.31570E+2	-1.08505E-1	1.22343E-1
5.74425E+11	3.57240E-8	-1.44109E+2	-1.31462E-1	-9.51314E-2
5.74600E+11	4.83797E-8	-3.88185E+1	1.41847E-1	-1.14123E-1
5.74775E+11	6.28068E-8	8.22789E+1	2.74496E-2	2.02460E-1
5.74950E+11	6.58207E-8	-1.45783E+2	-1.82675E-1	-1.24225E-1
5.75125E+11	7.43249E-8	-2.05948E+1	2.19337E-1	-8.24209E-2
5.75300E+11	6.58062E-8	9.68037E+1	-2.80578E-2	2.35169E-1
5.75475E+11	6.02114E-8	-1.54916E+2	-1.99901E-1	-9.35710E-2
5.75650E+11	4.10619E-8	-5.65069E+1	1.04536E-1	-1.57979E-1
5.75825E+11	3.24746E-8	3.51491E+1	1.42529E-1	1.00353E-1
5.76000E+11	3.54756E-8	1.41632E+2	-1.45645E-1	1.15304E-1
5.76175E+11	4.29918E-9	-1.03778E+2	-4.75716E-2	-1.93993E-1
5.76350E+11	1.97871E-9	1.55434E+2	-1.85845E-1	8.49540E-2
5.76525E+11	3.03119E-9	-9.48031E+1	-1.65246E-2	-1.96659E-1
5.76700E+11	2.16283E-9	-1.87119E+0	2.06148E-1	-6.73485E-3
5.76875E+11	1.50772E-9	9.93485E+1	-3.30984E-2	2.01053E-1
5.77050E+11	1.43108E-9	-1.71690E+2	-1.79822E-1	-2.62659E-2
5.77225E+11	2.93020E-9	-6.49086E+1	8.62011E-2	-1.84092E-1
5.77400E+11	4.20976E-9	6.04862E+1	1.09064E-1	1.92662E-1
5.77575E+11	4.66509E-9	1.73429E+2	-2.43941E-1	2.80989E-2
5.77750E+11	3.90645E-9	-8.39413E+1	2.66870E-2	-2.51430E-1
5.77925E+11	5.79808E-9	6.97968E+0	2.49126E-1	3.04991E-2
5.78100E+11	4.83246E-9	9.94753E+1	-4.00202E-2	2.39786E-1
5.78275E+11	2.66389E-9	-1.59403E+2	-1.78212E-1	-6.69762E-2
5.78450E+11	1.91097E-9	-5.77395E+1	8.06466E-2	-1.27765E-1
5.78625E+11	2.44728E-9	5.12830E+1	9.58155E-2	1.19525E-1
5.78800E+11	3.44487E-9	1.66168E+2	-1.59602E-1	3.92958E-2
5.78975E+11	2.68505E-9	-8.94108E+1	1.89006E-3	-1.83801E-1
5.79150E+11	5.07864E-9	3.73326E+0	2.00345E-1	1.30725E-2
5.79325E+11	4.95909E-9	9.79629E+1	-2.79960E-2	2.00143E-1
5.79500E+11	5.06479E-9	-1.64818E+2	-2.03522E-1	-5.52251E-2
5.79675E+11	5.74647E-9	-4.74976E+1	1.39892E-1	-1.52653E-1
5.79850E+11	3.37772E-9	6.89437E+1	6.44153E-2	1.67316E-1
5.80025E+11	3.39235E-9	1.79258E+2	-1.81481E-1	2.34994E-3
5.80200E+11	3.60607E-9	-8.02778E+1	3.36626E-2	-1.96476E-1
5.80375E+11	4.95557E-9	1.81243E+1	2.03960E-1	6.67600E-2
5.80550E+11	3.63755E-9	1.16329E+2	-1.01490E-1	2.05088E-1
5.80725E+11	4.24885E-9	-1.28277E+2	-1.34983E-1	-1.71057E-1
5.80900E+11	2.16196E-9	-4.72328E+0	1.90637E-1	-1.57512E-2
5.81075E+11	1.87109E-9	1.12567E+2	-6.11092E-2	1.47047E-1
5.81250E+11	1.79908E-9	-1.38197E+2	-1.17082E-1	-1.04693E-1
5.81425E+11	3.16698E-9	-3.50905E+1	1.58180E-1	-1.11132E-1
5.81600E+11	2.79225E-9	6.36894E+1	9.35333E-2	1.89162E-1
5.81775E+11	4.35009E-9	1.64342E+2	-2.22586E-1	6.23883E-2
5.81950E+11	4.14391E-9	-9.13779E+1	-5.79697E-3	-2.40995E-1
5.82125E+11	4.35109E-9	2.56383E+1	2.21698E-1	1.06402E-1
5.82300E+11	5.25188E-9	1.49386E+2	-2.19115E-1	1.29659E-1
5.82475E+11	3.37635E-9	-8.14834E+1	3.08606E-2	-2.06083E-1
5.82650E+11	2.03957E-9	2.11735E+1	1.58734E-1	6.14844E-2
5.82825E+11	3.12386E-9	1.18343E+2	-8.89601E-2	1.64920E-1
5.83000E+11	4.01317E-9	-1.35770E+2	-1.55869E-1	-1.51736E-1
5.83175E+11	3.43033E-9	-2.39268E+1	2.12430E-1	-9.42549E-2
5.83350E+11	3.66034E-9	9.30306E+1	-1.18678E-2	2.24158E-1
5.83525E+11	3.30183E-9	-1.55980E+2	-1.80638E-1	-8.05021E-2
5.83700E+11	4.37284E-9	-5.46840E+1	1.11138E-1	-1.56873E-1
5.83875E+11	2.61848E-9	4.73822E+1	1.25334E-1	1.36215E-1
5.84050E+11	2.36982E-9	1.43694E+2	-1.42906E-1	1.04999E-1
5.84225E+11	1.99439E-9	-1.17558E+2	-8.46402E-2	-1.62194E-1
5.84400E+11	2.09288E-9	-6.55541E+0	1.93229E-1	-2.22050E-2
5.84575E+11	3.00071E-9	1.13144E+2	-8.28582E-2	1.93842E-1
5.84750E+11	4.24428E-9	-1.31817E+2	-1.49366E-1	-1.66957E-1
5.84925E+11	3.72676E-9	-2.41987E+1	2.05271E-1	-9.22468E-2
5.85100E+11	5.85692E-9	7.89006E+1	4.44454E-2	2.26552E-1
5.85275E+11	1.94216E-9	1.78184E+2	-1.87068E-1	5.93014E-3
5.85450E+11	2.18797E-9	-8.76334E+1	7.28639E-3	-1.76304E-1
5.85625E+11	2.66151E-9	2.38469E+1	1.86938E-1	8.26323E-2
5.85800E+11	3.84403E-9	1.45204E+2	-1.82255E-1	1.26651E-1
5.85975E+11	5.35041E-9	-9.31811E+1	-1.20992E-2	-2.17698E-1
5.86150E+11	3.33344E-9	1.06980E+1	2.15677E-1	4.07447E-2
5.86325E+11	2.58004E-9	1.05019E+2	-5.14219E-2	1.91655E-1
5.86500E+11	3.23976E-9	-1.67256E+2	-1.99608E-1	-4.51432E-2
5.86675E+11	2.48493E-9	-6.44600E+1	8.34760E-2	-1.74697E-1
5.86850E+11	2.04009E-9	3.96810E+1	1.43635E-1	1.19168E-1
5.87025E+11	4.88713E-9	1.48193E+2	-1.71173E-1	1.06160E-1
5.87200E+11	5.87838E-9	-1.01754E+2	-4.77753E-2	-2.29612E-1
5.87375E+11	8.81986E-9	-1.32206E+0	2.60373E-1	-6.00901E-3
5.87550E+11	7.16860E-9	9.34453E+1	-1.69201E-2	2.81048E-1
5.87725E+11	6.39741E-9	-1.67604E+2	-2.70978E-1	-5.95605E-2
5.87900E+11	6.37850E-9	-5.89603E+1	1.34765E-1	-2.23934E-1
5.88075E+11	2.90886E-9	6.15532E+1	9.67073E-2	1.78508E-1
5.88250E+11	2.75526E-9	1.79582E+2	-1.85216E-1	1.35162E-3
5.88425E+11	3.06040E-9	-5.71839E+1	1.05395E-1	-1.63440E-1
5.88600E+11	3.65619E-9	4.94674E+1	1.17250E-1	1.37124E-1
5.88775E+11	3.08442E-9	1.39383E+2	-1.37575E-1	1.17988E-1
5.88950E+11	3.06412E-9	-1.29514E+2	-1.29781E-1	-1.57359E-1
5.89125E+11	4.94418E-9	-2.68283E+1	1.85871E-1	-9.40053E-2
5.89300E+11	4.00454E-9	9.30237E+1	-1.18975E-2	2.25234E-1
5.89475E+11	2.82263E-9	-1.36059E+2	-1.44351E-1	-1.39109E-1
5.89650E+11	2.87759E-9	-2.05212E+1	1.78109E-1	-6.66671E-2
5.89825E+11	4.21120E-9	8.79638E+1	7.91076E-3	2.22508E-1
5.90000E+11	4.67395E-9	-1.68495E+2	-2.36260E-1	-4.80893E-2
5.90175E+11	2.33780E-9	-6.41387E+1	1.13294E-1	-2.33722E-1
5.90350E+11	7.05827E-9	4.90894E+1	1.82088E-1	2.10130E-1
5.90525E+11	4.77461E-9	1.75142E+2	-2.50013E-1	2.12502E-2
5.90700E+11	4.02263E-9	-5.79636E+1	1.02861E-1	-1.64379E-1
5.90875E+11	8.53331E-10	3.39298E+1	1.18529E-1	7.97376E-2
5.91050E+11	1.77286E-9	1.09851E+2	-5.59588E-2	1.55001E-1
5.91225E+11	2.21450E-9	-1.79681E+2	-1.72401E-1	-9.60254E-4
5.91400E+11	3.69131E-9	-1.07229E+2	-5.82177E-2	-1.87738E-1
5.91575E+11	4.03962E-9	-1.29926E+1	2.12238E-1	-4.89702E-2
5.91750E+11	4.06597E-9	1.10668E+2	-8.65158E-2	2.29348E-1
5.91925E+11	5.55350E-9	-1.05693E+2	-6.78063E-2	-2.41341E-1
5.92100E+11	5.05699E-9	4.34469E+1	1.86691E-1	1.76835E-1
5.92275E+11	3.57777E-9	1.64229E+2	-2.14541E-1	6.05903E-2
5.92450E+11	3.66284E-9	-9.97113E+1	-3.95026E-2	-2.30825E-1
5.92625E+11	5.37292E-9	-3.62626E+0	2.60627E-1	-1.65172E-2
5.92800E+11	6.06929E-9	9.45929E+1	-2.15913E-2	2.68769E-1
5.92975E+11	5.68316E-9	-1.52459E+2	-2.32585E-1	-1.21286E-1
5.93150E+11	2.58681E-9	-2.76666E+1	2.02801E-1	-1.06322E-1
5.93325E+11	2.30811E-9	9.62791E+1	-2.08261E-2	1.89273E-1
5.93500E+11	1.52871E-9	-1.43490E+2	-1.47898E-1	-1.09479E-1
5.93675E+11	2.08955E-9	-3.72638E+1	1.33019E-1	-1.01201E-1
5.93850E+11	1.66297E-9	5.48907E+1	9.59795E-2	1.36518E-1
5.94025E+11	2.32556E-9	1.56789E+2	-1.68879E-1	7.24217E-2
5.94200E+11	3.46659E-9	-9.19168E+1	-7.09837E-3	-2.12100E-1
5.94375E+11	3.01528E-9	2.91951E+1	2.03500E-1	1.13709E-1
5.94550E+11	4.48895E-9	1.44004E+2	-1.94010E-1	1.40934E-1
5.94725E+11	5.27057E-9	-1.14585E+2	-1.03065E-1	-2.25273E-1
5.94900E+11	4.01347E-9	-1.19449E+1	2.37469E-1	-5.02371E-2
5.95075E+11	5.38578E-9	8.00976E+1	3.30179E-2	1.89137E-1
5.95250E+11	3.43566E-9	1.72471E+2	-1.91252E-1	2.52778E-2
5.95425E+11	4.18931E-9	-8.05890E+1	3.41326E-2	-2.05934E-1
5.95600E+11	4.53553E-9	4.15608E+1	1.55943E-1	1.38262E-1
5.95775E+11	3.42105E-9	1.63429E+2	-1.81829E-1	5.41064E-2
5.95950E+11	5.53802E-9	-8.49398E+1	1.61396E-2	-1.82271E-1
5.96125E+11	3.75521E-9	1.23387E+1	1.74146E-1	3.80933E-2
5.96300E+11	3.64481E-9	1.14174E+2	-7.11595E-2	1.58528E-1
5.96475E+11	2.44415E-9	-1.48903E+2	-1.40301E-1	-8.46246E-2
5.96650E+11	3.09927E-9	-4.73103E+1	1.28048E-1	-1.38815E-1
5.96825E+11	3.79151E-9	5.97314E+1	1.02515E-1	1.75654E-1
5.97000E+11	2.63369E-9	1.68302E+2	-2.19779E-1	4.55059E-2
5.97175E+11	4.76243E-9	-8.64299E+1	1.51021E-2	-2.42059E-1
5.97350E+11	3.22990E-9	1.92906E+1	2.34771E-1	8.21723E-2
5.97525E+11	3.85076E-9	1.29245E+2	-1.62794E-1	1.99282E-1
5.97700E+11	3.27826E-9	-1.10297E+2	-7.94606E-2	-2.14842E-1
5.97875E+11	1.44684E-9	-5.46207E+0	1.75027E-1	-1.67362E-2
5.98050E+11	2.86975E-9	1.00073E+2	-3.39891E-2	1.91333E-1
5.98225E+11	2.61641E-9	-1.52984E+2	-1.75503E-1	-8.94837E-2
5.98400E+11	3.90272E-9	-4.94666E+1	1.32119E-1	-1.54509E-1
5.98575E+11	3.76584E-9	5.74150E+1	1.19934E-1	1.87643E-1
5.98750E+11	5.82849E-9	1.76443E+2	-2.09371E-1	1.30132E-2
5.98925E+11	5.75371E-9	-5.84478E+1	1.05869E-1	-1.72409E-1
5.99100E+11	3.63936E-9	7.10248E+1	6.65990E-2	1.93690E-1
5.99275E+11	2.72900E-9	-1.69099E+2	-1.76913E-1	-3.40701E-2
5.99450E+11	3.82045E-9	-6.30980E+1	8.45022E-2	-1.66548E-1
5.99625E+11	4.35827E-9	3.76099E+1	1.58288E-1	1.21941E-1
5.99800E+11	5.24833E-9	1.44596E+2	-1.78865E-1	1.27131E-1
5.99975E+11	5.85866E-9	-1.03787E+2	-5.59199E-2	-2.27881E-1
6.00150E+11	4.44595E-9	1.99351E+1	2.15138E-1	7.80280E-2
6.00325E+11	4.18386E-9	1.43523E+2	-1.67889E-1	1.24127E-1
6.00500E+11	2.98653E-9	-1.05141E+2	-4.18614E-2	-1.54707E-1
6.00675E+11	2.29970E-9	-2.25357E+1	1.48904E-1	-6.17871E-2
6.00850E+11	3.49852E-9	6.83716E+1	7.17930E-2	1.81066E-1
6.01025E+11	4.05013E-9	1.71263E+2	-2.08180E-1	3.19943E-2
6.01200E+11	3.20146E-9	-7.70599E+1	4.55780E-2	-1.98365E-1
6.01375E+11	3.57469E-9	4.20470E+1	1.49912E-1	1.35204E-1
6.01550E+11	2.17710E-9	1.66480E+2	-1.86091E-1	4.47460E-2
6.01725E+11	2.93753E-9	-7.96225E+1	3.47665E-2	-1.89847E-1
6.01900E+11	2.73951E-9	2.83356E+1	1.75215E-1	9.44838E-2
6.02075E+11	2.73067E-9	1.10600E+2	-6.06208E-2	1.61276E-1
6.02250E+11	3.82703E-9	-1.64907E+2	-1.86709E-1	-5.03533E-2
6.02425E+11	4.11415E-9	-6.67211E+1	8.57387E-2	-1.99285E-1
6.02600E+11	2.48352E-9	4.83183E+1	1.48824E-1	1.67143E-1
6.02775E+11	4.99426E-9	-1.78824E+2	-2.37236E-1	-4.87159E-3
6.02950E+11	4.17786E-9	-4.17356E+1	1.69145E-1	-1.50891E-1
6.03125E+11	4.00176E-9	9.21063E+1	-8.26631E-3	2.24759E-1
6.03300E+11	3.22677E-9	-1.49124E+2	-1.68816E-1	-1.00939E-1
6.03475E+11	3.50753E-9	-4.78025E+1	1.37174E-1	-1.51295E-1
6.03650E+11	3.60519E-9	5.29845E+1	1.28345E-1	1.70224E-1
6.03825E+11	2.81525E-9	1.47832E+2	-1.67863E-1	1.05577E-1
6.04000E+11	4.05219E-9	-1.19229E+2	-1.00346E-1	-1.79336E-1
6.04175E+11	1.96049E-9	-2.72921E+1	1.96984E-1	-1.01637E-1
6.04350E+11	3.03484E-9	7.74355E+1	5.04086E-2	2.26174E-1
6.04525E+11	3.39108E-9	-1.70837E+2	-2.17663E-1	-3.51087E-2
6.04700E+11	2.22783E-9	-6.51547E+1	7.62053E-2	-1.64582E-1
6.04875E+11	2.27588E-9	2.47039E+1	1.58706E-1	7.30096E-2
6.05050E+11	2.22373E-9	1.25653E+2	-1.11250E-1	1.55091E-1
6.05225E+11	3.10596E-9	-1.30119E+2	-1.35631E-1	-1.60960E-1
6.05400E+11	2.06725E-9	-2.07676E+1	2.25387E-1	-8.54710E-2
6.05575E+11	4.72852E-9	9.27119E+1	-1.18164E-2	2.49464E-1
6.05750E+11	3.12030E-9	-1.62596E+2	-2.07671E-1	-6.50949E-2
6.05925E+11	2.76263E-9	-6.41701E+1	8.35200E-2	-1.72539E-1
6.06100E+11	2.18431E-9	2.98230E+1	1.54490E-1	8.85595E-2
6.06275E+11	2.77838E-9	1.19933E+2	-8.61907E-2	1.49693E-1
6.06450E+11	2.34985E-9	-1.46029E+2	-1.50372E-1	-1.01318E-1
6.06625E+11	2.73001E-9	-4.45648E+1	1.43177E-1	-1.41019E-1
6.06800E+11	3.55593E-9	6.42122E+1	9.58326E-2	1.98347E-1
6.06975E+11	4.56734E-9	1.76800E+2	-2.23530E-1	1.24984E-2
6.07150E+11	4.06640E-9	-7.67030E+1	4.89243E-2	-2.07014E-1
6.07325E+11	4.62103E-9	2.66381E+1	1.77044E-1	8.88041E-2
6.07500E+11	3.23070E-9	1.21831E+2	-9.31849E-2	1.50108E-1
6.07675E+11	4.30524E-9	-1.47478E+2	-1.63885E-1	-1.04495E-1
6.07850E+11	4.23626E-9	-4.90618E+1	1.47673E-1	-1.70250E-1
6.08025E+11	7.38098E-9	5.23494E+1	1.46430E-1	1.89796E-1
6.08200E+11	6.10678E-9	1.44117E+2	-1.72714E-1	1.24944E-1
6.08375E+11	3.57415E-9	-1.29885E+2	-1.25255E-1	-1.49883E-1
6.08550E+11	5.38041E-9	-3.92749E+1	1.69440E-1	-1.38561E-1
6.08725E+11	4.56897E-9	6.90143E+1	8.04926E-2	2.09847E-1
6.08900E+11	3.21869E-9	1.70332E+2	-1.89537E-1	3.22880E-2
6.09075E+11	3.49257E-9	-9.18164E+1	-6.89558E-3	-2.17439E-1
6.09250E+11	4.29221E-9	1.16569E+1	2.33126E-1	4.80952E-2
6.09425E+11	5.06840E-9	1.13989E+2	-1.02698E-1	2.30781E-1
6.09600E+11	4.64323E-9	-1.46031E+2	-2.13621E-1	-1.43920E-1
6.09775E+11	3.76489E-9	-3.93333E+1	1.94634E-1	-1.59495E-1
6.09950E+11	2.69512E-9	6.89859E+1	8.85969E-2	2.30633E-1
6.10125E+11	3.41078E-9	-1.73749E+2	-2.19756E-1	-2.40716E-2
6.10300E+11	1.86191E-9	-6.02115E+1	8.34478E-2	-1.45776E-1
6.10475E+11	1.72004E-9	4.49701E+1	1.23197E-1	1.23068E-1
6.10650E+11	2.05883E-9	1.50165E+2	-1.47350E-1	8.45070E-2
6.10825E+11	1.68541E-9	-1.14586E+2	-7.11841E-2	-1.55578E-1
6.11000E+11	3.93845E-9	-1.18481E+1	2.01226E-1	-4.22146E-2
6.11175E+11	4.58284E-9	1.02333E+2	-4.69939E-2	2.14931E-1
6.11350E+11	5.85417E-9	-1.38090E+2	-1.72339E-1	-1.54686E-1
6.11525E+11	3.97586E-9	-1.93564E+1	2.05574E-1	-7.22180E-2
6.11700E+11	4.29036E-9	9.17782E+1	-6.44884E-3	2.07720E-1
6.11875E+11	2.88822E-9	-1.63667E+2	-2.16084E-1	-6.33218E-2
6.12050E+11	5.68194E-9	-6.30284E+1	1.07327E-1	-2.10899E-1
6.12225E+11	5.40198E-9	4.80296E+1	1.66011E-1	1.84566E-1
6.12400E+11	4.61037E-9	1.61830E+2	-2.46735E-1	8.09790E-2
6.12575E+11	4.26591E-9	-7.43690E+1	6.02205E-2	-2.15236E-1
6.12750E+11	1.97094E-9	3.88968E+1	1.39319E-1	1.12403E-1
6.12925E+11	1.63967E-9	1.29001E+2	-8.90068E-2	1.09910E-1
6.13100E+11	1.13098E-9	-1.45999E+2	-1.18810E-1	-8.01416E-2
6.13275E+11	2.43072E-9	-5.17282E+1	1.11967E-1	-1.41918E-1
6.13450E+11	1.29930E-9	4.65216E+1	1.47260E-1	1.55297E-1
6.13625E+11	2.13450E-9	1.57233E+2	-2.14982E-1	9.02249E-2
6.13800E+11	2.47073E-9	-7.60213E+1	6.53362E-2	-2.62465E-1
6.13975E+11	3.09512E-9	6.21279E+1	1.33556E-1	2.52542E-1
6.14150E+11	4.07035E-9	-1.60730E+2	-2.78324E-1	-9.73066E-2
6.14325E+11	3.10012E-9	-3.76870E+1	2.20632E-1	-1.70444E-1
6.14500E+11	2.02008E-9	6.31797E+1	1.05351E-1	2.08375E-1
6.14675E+11	2.52678E-9	1.56821E+2	-2.19753E-1	9.40922E-2
6.14850E+11	3.24433E-9	-1.02183E+2	-4.90084E-2	-2.27004E-1
6.15025E+11	1.74514E-9	4.52073E+0	2.01137E-1	1.59031E-2
6.15200E+11	2.81812E-9	1.06887E+2	-5.03095E-2	1.65728E-1
6.15375E+11	2.41912E-9	-1.59898E+2	-1.62075E-1	-5.93166E-2
6.15550E+11	3.36643E-9	-6.87411E+1	6.30923E-2	-1.62167E-1
6.15725E+11	2.13178E-9	1.36740E+1	1.57439E-1	3.83037E-2
6.15900E+11	2.40435E-9	9.42048E+1	-1.24481E-2	1.69316E-1
6.16075E+11	2.88172E-9	-1.60138E+2	-1.79877E-1	-6.49807E-2
6.16250E+11	3.51894E-9	-3.65169E+1	1.70174E-1	-1.26000E-1
6.16425E+11	5.29410E-9	9.98285E+1	-4.10110E-2	2.36727E-1
6.16600E+11	5.89813E-9	-1.20588E+2	-1.37452E-1	-2.32529E-1
6.16775E+11	3.23560E-9	5.90439E+0	2.43968E-1	2.52306E-2
6.16950E+11	3.08990E-9	1.25838E+2	-1.35651E-1	1.87819E-1
6.17125E+11	2.06762E-9	-1.25389E+2	-1.02885E-1	-1.44832E-1
6.17300E+11	1.76519E-9	-2.67025E+1	1.36903E-1	-6.88627E-2
6.17475E+11	1.77393E-9	8.59074E+1	1.11213E-2	1.55430E-1
6.17650E+11	2.13114E-9	-1.52685E+2	-1.55864E-1	-8.04999E-2
6.17825E+11	2.23787E-9	-3.91467E+1	1.53059E-1	-1.24595E-1
6.18000E+11	3.42968E-9	7.60329E+1	5.04334E-2	2.02774E-1
6.18175E+11	2.82106E-9	-1.76508E+2	-2.18113E-1	-1.33082E-2
6.18350E+11	3.76393E-9	-6.56506E+1	9.35870E-2	-2.06797E-1
6.18525E+11	3.61659E-9	4.41418E+1	1.52944E-1	1.48430E-1
6.18700E+11	2.22538E-9	1.51329E+2	-1.96593E-1	1.07504E-1
6.18875E+11	3.40172E-9	-9.59859E+1	-2.66085E-2	-2.53763E-1
6.19050E+11	4.37578E-9	1.05744E+1	2.79846E-1	5.22424E-2
6.19225E+11	4.21111E-9	1.15628E+2	-1.23475E-1	2.57389E-1
6.19400E+11	3.37374E-9	-1.41873E+2	-2.08015E-1	-1.63265E-1
6.19575E+11	2.81163E-9	-4.45430E+1	1.58745E-1	-1.56232E-1
6.19750E+11	2.22406E-9	6.58777E+1	8.30930E-2	1.85562E-1
6.19925E+11	1.93618E-9	-1.75504E+2	-1.84011E-1	-1.44703E-2
6.20100E+11	2.16253E-9	-6.91534E+1	7.11056E-2	-1.86729E-1
6.20275E+11	2.44086E-9	4.58955E+1	1.47262E-1	1.51938E-1
6.20450E+11	2.43121E-9	1.67138E+2	-2.18614E-1	4.99179E-2
6.20625E+11	2.92359E-9	-7.31891E+1	6.62433E-2	-2.19258E-1
6.20800E+11	2.50353E-9	5.02043E+1	1.48043E-1	1.77714E-1
6.20975E+11	3.39284E-9	-1.78850E+2	-2.36071E-1	-4.73773E-3
6.21150E+11	3.17901E-9	-4.46560E+1	1.51085E-1	-1.49282E-1
6.21325E+11	1.81558E-9	7.75718E+1	3.75870E-2	1.70556E-1
6.21500E+11	1.77534E-9	-1.72413E+2	-1.73896E-1	-2.31639E-2
6.21675E+11	1.57624E-9	-6.21582E+1	8.67852E-2	-1.64312E-1
6.21850E+11	2.46749E-9	5.01134E+1	1.16436E-1	1.39322E-1
6.22025E+11	2.26282E-9	1.63129E+2	-1.85190E-1	5.61627E-2
6.22200E+11	2.07859E-9	-8.17180E+1	2.74893E-2	-1.88847E-1
6.22375E+11	3.14719E-9	3.11873E+1	1.76384E-1	1.06769E-1
6.22550E+11	1.78929E-9	1.45073E+2	-1.55341E-1	1.08474E-1
6.22725E+11	1.50035E-9	-1.16139E+2	-7.77885E-2	-1.58513E-1
6.22900E+11	1.72732E-9	-2.95502E+1	1.63678E-1	-9.27939E-2
6.23075E+11	2.49879E-9	6.23757E+1	9.61977E-2	1.83819E-1
6.23250E+11	3.04335E-9	1.65981E+2	-2.18174E-1	5.44754E-2
6.23425E+11	3.81721E-9	-6.21766E+1	1.14259E-1	-2.16497E-1
6.23600E+11	2.55151E-9	7.04406E+1	7.48417E-2	2.10652E-1
6.23775E+11	2.54606E-9	-1.72322E+2	-1.93267E-1	-2.60549E-2
6.23950E+11	1.31556E-9	-7.24897E+1	4.96525E-2	-1.57379E-1
6.24125E+11	1.16836E-9	1.94702E+1	1.42259E-1	5.02932E-2
6.24300E+11	1.68955E-9	1.07240E+2	-5.55335E-2	1.78962E-1
6.24475E+11	2.67153E-9	-1.49311E+2	-1.91046E-1	-1.13386E-1
6.24650E+11	2.85426E-9	-4.00040E+1	1.82636E-1	-1.53271E-1
6.24825E+11	2.19372E-9	6.55781E+1	1.00622E-1	2.21594E-1
6.25000E+11	2.77779E-9	1.62372E+2	-2.32152E-1	7.37683E-2
6.25175E+11	3.50473E-9	-9.98713E+1	-4.53170E-2	-2.60425E-1
6.25350E+11	1.59912E-9	1.25177E+0	2.35080E-1	5.13673E-3
6.25525E+11	1.97952E-9	9.16776E+1	-5.81429E-3	1.98525E-1
6.25700E+11	1.49018E-9	-1.67431E+2	-2.06015E-1	-4.59332E-2
6.25875E+11	2.53505E-9	-5.63320E+1	1.19914E-1	-1.80021E-1
6.26050E+11	2.50337E-9	5.39536E+1	1.22776E-1	1.68699E-1
6.26225E+11	1.88091E-9	1.56664E+2	-1.77163E-1	7.64288E-2
6.26400E+11	1.52664E-9	-1.10172E+2	-5.89268E-2	-1.60396E-1
6.26575E+11	2.03849E-9	-1.36978E+1	1.56940E-1	-3.82516E-2
6.26750E+11	2.07408E-9	9.06539E+1	-1.86598E-3	1.63496E-1
6.26925E+11	1.55647E-9	-1.55549E+2	-1.35062E-1	-6.14127E-2
6.27100E+11	3.02855E-9	-3.15645E+1	1.42426E-1	-8.74992E-2
6.27275E+11	3.03937E-9	9.31145E+1	-1.02079E-2	1.87606E-1
6.27450E+11	4.66819E-9	-1.37622E+2	-1.49690E-1	-1.36580E-1
6.27625E+11	4.08662E-9	-8.97666E+0	2.31489E-1	-3.65676E-2
6.27800E+11	4.32658E-9	1.12866E+2	-8.79003E-2	2.08433E-1
6.27975E+11	4.32030E-9	-1.28692E+2	-1.44712E-1	-1.80681E-1
6.28150E+11	2.04994E-9	-1.60850E+1	1.76891E-1	-5.10068E-2
6.28325E+11	1.74632E-9	9.00390E+1	-1.08973E-4	1.60191E-1
6.28500E+11	1.73571E-9	-1.68902E+2	-1.73220E-1	-3.39766E-2
6.28675E+11	1.66449E-9	-6.75328E+1	7.21874E-2	-1.74559E-1
6.28850E+11	2.04330E-9	3.02477E+1	1.80282E-1	1.05127E-1
6.29025E+11	3.06992E-9	1.39452E+2	-1.71320E-1	1.46569E-1
6.29200E+11	2.39361E-9	-1.13885E+2	-8.27174E-2	-1.86799E-1
6.29375E+11	1.68823E-9	-4.49356E+0	2.19233E-1	-1.72292E-2
6.29550E+11	1.57283E-9	1.13639E+2	-8.11359E-2	1.85371E-1
6.29725E+11	1.70653E-9	-1.44288E+2	-1.60609E-1	-1.15462E-1
6.29900E+11	2.08695E-9	-3.73001E+1	1.76256E-1	-1.34272E-1
6.30075E+11	1.69658E-9	6.70551E+1	9.40281E-2	2.22110E-1
6.30250E+11	2.68783E-9	1.68918E+2	-2.64831E-1	5.18734E-2
6.30425E+11	3.46528E-9	-6.86783E+1	1.01476E-1	-2.59983E-1
6.30600E+11	2.05962E-9	4.64846E+1	1.70811E-1	1.79900E-1
6.30775E+11	1.83045E-9	1.68996E+2	-2.33084E-1	4.53232E-2
6.30950E+11	1.74414E-9	-8.29243E+1	2.15757E-2	-1.73820E-1
6.31125E+11	1.64314E-9	1.70627E+1	1.67392E-1	5.13772E-2
6.31300E+11	2.21215E-9	1.19658E+2	-9.39277E-2	1.64954E-1
6.31475E+11	2.59011E-9	-1.31997E+2	-1.29912E-1	-1.44299E-1
6.31650E+11	2.75707E-9	-1.94599E+1	1.71748E-1	-6.06839E-2
6.31825E+11	2.93656E-9	9.77949E+1	-2.47292E-2	1.80647E-1
6.32000E+11	1.83096E-9	-1.54987E+2	-1.53665E-1	-7.16980E-2
6.32175E+11	2.54098E-9	-3.63354E+1	1.39534E-1	-1.02631E-1
6.32350E+11	1.13237E-9	5.67016E+1	8.28508E-2	1.26136E-1
6.32525E+11	1.09590E-9	1.38862E+2	-1.16099E-1	1.01417E-1
6.32700E+11	2.22158E-9	-1.21917E+2	-9.46759E-2	-1.52001E-1
6.32875E+11	1.72320E-9	-1.56485E+1	1.85422E-1	-5.19400E-2
6.33050E+11	2.04769E-9	9.29016E+1	-1.01579E-2	2.00411E-1
6.33225E+11	1.90554E-9	-1.55675E+2	-1.83012E-1	-8.27305E-2
6.33400E+11	1.39944E-9	-5.78427E+1	9.61944E-2	-1.53007E-1
6.33575E+11	1.31278E-9	4.63707E+1	1.23274E-1	1.29318E-1
6.33750E+11	9.10248E-10	1.47959E+2	-1.34692E-1	8.42982E-2
6.33925E+11	1.05605E-9	-1.17559E+2	-7.79402E-2	-1.49346E-1
6.34100E+11	1.48224E-9	-4.66582E+0	1.83400E-1	-1.49680E-2
6.34275E+11	1.85925E-9	1.01207E+2	-3.69663E-2	1.86578E-1
6.34450E+11	2.13039E-9	-1.56887E+2	-1.91337E-1	-8.16628E-2
6.34625E+11	2.50761E-9	-5.27313E+1	1.30402E-1	-1.71371E-1
6.34800E+11	2.78550E-9	3.04951E+1	1.92815E-1	1.13555E-1
6.34975E+11	2.45783E-9	1.30981E+2	-1.48298E-1	1.70712E-1
6.35150E+11	1.73755E-9	-1.30246E+2	-1.22371E-1	-1.44570E-1
6.35325E+11	1.81991E-9	-3.66219E+1	1.55694E-1	-1.15721E-1
6.35500E+11	2.19788E-9	6.26316E+1	9.25531E-2	1.78794E-1
6.35675E+11	2.84856E-9	1.64862E+2	-2.00675E-1	5.42890E-2
6.35850E+11	3.38476E-9	-9.08648E+1	-3.64951E-3	-2.41768E-1
6.36025E+11	1.90455E-9	2.19713E+1	2.19552E-1	8.85767E-2
6.36200E+11	2.97530E-9	1.22081E+2	-1.16015E-1	1.85077E-1
6.36375E+11	1.64413E-9	-1.28197E+2	-1.11610E-1	-1.41848E-1
6.36550E+11	1.94359E-9	-2.22310E+1	1.53230E-1	-6.26287E-2
6.36725E+11	1.56289E-9	8.37735E+1	1.76244E-2	1.61539E-1
6.36900E+11	2.17734E-9	-1.65925E+2	-1.56420E-1	-3.92161E-2
6.37075E+11	1.90345E-9	-5.37743E+1	1.06296E-1	-1.45098E-1
6.37250E+11	2.44778E-9	6.37484E+1	8.42610E-2	1.70852E-1
6.37425E+11	3.17485E-9	-1.76929E+2	-1.90092E-1	-1.01993E-2
6.37600E+11	2.82632E-9	-6.49529E+1	7.49838E-2	-1.60459E-1
6.37775E+11	2.37765E-9	5.60283E+1	8.75736E-2	1.29972E-1
6.37950E+11	1.38871E-9	1.64889E+2	-1.25616E-1	3.39195E-2
6.38125E+11	8.18511E-10	-8.16913E+1	2.12036E-2	-1.45191E-1
6.38300E+11	2.04726E-9	4.53342E+1	1.23853E-1	1.25306E-1
6.38475E+11	2.45470E-9	1.74387E+2	-1.96031E-1	1.92674E-2
6.38650E+11	3.19291E-9	-6.16814E+1	9.38886E-2	-1.74235E-1
6.38825E+11	2.10394E-9	5.59543E+1	1.00561E-1	1.48831E-1
6.39000E+11	2.25576E-9	1.55855E+2	-1.65925E-1	7.43775E-2
6.39175E+11	2.40743E-9	-9.44326E+1	-1.30257E-2	-1.68034E-1
6.39350E+11	1.41625E-9	2.35429E+0	1.65076E-1	6.78680E-3
6.39525E+11	2.21668E-9	1.10093E+2	-6.55413E-2	1.79169E-1
6.39700E+11	2.14509E-9	-1.39861E+2	-1.55599E-1	-1.31206E-1
6.39875E+11	2.44445E-9	-2.82299E+1	1.85490E-1	-9.95836E-2
6.40050E+11	2.10857E-9	7.38416E+1	5.89623E-2	2.03500E-1
6.40225E+11	2.00507E-9	1.79192E+2	-1.91292E-1	2.69745E-3
6.40400E+11	2.01020E-9	-8.17586E+1	3.09443E-2	-2.13645E-1
6.40575E+11	2.42687E-9	3.24498E+1	1.77132E-1	1.12627E-1
6.40750E+11	1.97486E-9	1.45715E+2	-1.65166E-1	1.12606E-1
6.40925E+11	1.06221E-9	-9.68081E+1	-2.42726E-2	-2.03311E-1
6.41100E+11	1.26301E-9	1.99209E+1	1.88595E-1	6.83483E-2
6.41275E+11	1.23674E-9	1.26939E+2	-1.20923E-1	1.60826E-1
6.41450E+11	1.03662E-9	-1.41714E+2	-1.68038E-1	-1.32644E-1
6.41625E+11	1.10358E-9	-5.11536E+1	1.27610E-1	-1.58451E-1
6.41800E+11	1.90577E-9	5.53315E+1	1.16424E-1	1.68335E-1
6.41975E+11	1.51022E-9	1.66735E+2	-1.77931E-1	4.19472E-2
6.42150E+11	1.13543E-9	-9.93415E+1	-2.47186E-2	-1.50264E-1
6.42325E+11	9.97939E-10	-2.81799E+0	1.48152E-1	-7.29247E-3
6.42500E+11	1.00305E-9	9.91801E+1	-2.36375E-2	1.46263E-1
6.42675E+11	1.12876E-9	-1.57151E+2	-1.49358E-1	-6.29350E-2
6.42850E+11	2.04922E-9	-5.06283E+1	1.15312E-1	-1.40525E-1
6.43025E+11	1.16492E-9	4.94476E+1	1.09415E-1	1.27872E-1
6.43200E+11	1.53932E-9	1.49637E+2	-1.59101E-1	9.32062E-2
6.43375E+11	1.26209E-9	-1.14644E+2	-5.76650E-2	-1.25696E-1
6.43550E+11	1.11542E-9	-3.09850E+1	1.19389E-1	-7.16938E-2
6.43725E+11	1.72502E-9	6.78129E+1	6.38602E-2	1.56586E-1
6.43900E+11	1.98422E-9	1.74101E+2	-1.81054E-1	1.87071E-2
6.44075E+11	1.67799E-9	-8.00168E+1	3.53970E-2	-2.01090E-1
6.44250E+11	3.10550E-9	3.26728E+1	1.80758E-1	1.15923E-1
6.44425E+11	1.74148E-9	1.45797E+2	-1.58361E-1	1.07636E-1
6.44600E+11	1.50886E-9	-1.02958E+2	-3.94758E-2	-1.71566E-1
6.44775E+11	9.12303E-10	4.65906E+0	1.56280E-1	1.27361E-2
6.44950E+11	9.12886E-10	1.11870E+2	-6.52239E-2	1.62493E-1
6.45125E+11	1.41648E-9	-1.35051E+2	-1.37169E-1	-1.36924E-1
6.45300E+11	1.42206E-9	-2.38168E+1	1.99492E-1	-8.80566E-2
6.45475E+11	1.79466E-9	8.80528E+1	7.70344E-3	2.26580E-1
6.45650E+11	1.68614E-9	-1.64378E+2	-2.18832E-1	-6.11906E-2
6.45825E+11	1.29967E-9	-6.54876E+1	9.26954E-2	-2.03285E-1
6.46000E+11	1.93790E-9	3.65646E+1	1.97389E-1	1.46405E-1
6.46175E+11	1.49937E-9	1.46998E+2	-1.78002E-1	1.15606E-1
6.46350E+11	1.21306E-9	-1.08244E+2	-6.99102E-2	-2.12086E-1
6.46525E+11	1.70840E-9	-1.18428E+0	2.27117E-1	-4.69508E-3
6.46700E+11	1.35159E-9	1.07041E+2	-6.53218E-2	2.13109E-1
6.46875E+11	2.89877E-9	-1.44923E+2	-1.89704E-1	-1.33213E-1
6.47050E+11	2.79434E-9	-3.67683E+1	1.81870E-1	-1.35899E-1
6.47225E+11	2.39573E-9	6.84030E+1	7.82299E-2	1.97617E-1
6.47400E+11	2.62709E-9	1.75507E+2	-2.13964E-1	1.68140E-2
6.47575E+11	2.05080E-9	-7.66824E+1	4.44928E-2	-1.87961E-1
6.47750E+11	2.15113E-9	1.55351E+1	1.62881E-1	4.52782E-2
6.47925E+11	2.35755E-9	1.13140E+2	-6.96545E-2	1.62986E-1
6.48100E+11	2.57934E-9	-1.43522E+2	-1.55165E-1	-1.14723E-1
6.48275E+11	2.50199E-9	-3.22369E+1	1.69916E-1	-1.07155E-1
6.48450E+11	2.22532E-9	8.48206E+1	1.88064E-2	2.07475E-1
6.48625E+11	1.65429E-9	-1.59155E+2	-1.97710E-1	-7.52805E-2
6.48800E+11	1.08345E-9	-3.01504E+1	1.66106E-1	-9.64837E-2
6.48975E+11	9.15252E-10	8.43072E+1	1.52519E-2	1.52998E-1
6.49150E+11	5.32243E-10	-1.76796E+2	-1.47070E-1	-8.23344E-3
6.49325E+11	7.06441E-10	-6.64232E+1	6.19061E-2	-1.41854E-1
6.49500E+11	6.18382E-10	4.03852E+1	1.22309E-1	1.04039E-1
6.49675E+11	1.03496E-9	1.45205E+2	-1.39522E-1	9.69538E-2
6.49850E+11	1.10771E-9	-1.04017E+2	-4.18345E-2	-1.67573E-1
6.50025E+11	5.76880E-10	-3.39345E+0	1.48251E-1	-8.79070E-3
6.50200E+11	5.90008E-10	8.89069E+1	2.51445E-3	1.31779E-1
6.50375E+11	5.77134E-10	1.78365E+2	-1.21106E-1	3.45778E-3
6.50550E+11	8.62782E-10	-9.92474E+1	-2.33250E-2	-1.43261E-1
6.50725E+11	9.74115E-10	1.49037E+0	1.63175E-1	4.24544E-3
6.50900E+11	1.47091E-9	1.05007E+2	-4.63641E-2	1.72946E-1
6.51075E+11	1.01150E-9	-1.50425E+2	-1.60933E-1	-9.13298E-2
6.51250E+11	6.46284E-10	-4.09941E+1	1.28583E-1	-1.11752E-1
6.51425E+11	6.48703E-10	5.76019E+1	8.55920E-2	1.34881E-1
6.51600E+11	4.46875E-10	1.60207E+2	-1.31379E-1	4.72805E-2
6.51775E+11	4.90155E-10	-9.48725E+1	-1.13230E-2	-1.32827E-1
6.51950E+11	5.55791E-10	-4.58193E-1	1.42448E-1	-1.13918E-3
6.52125E+11	3.28533E-10	9.77043E+1	-1.91782E-2	1.41765E-1
6.52300E+11	4.27961E-10	-1.60677E+2	-1.56038E-1	-5.47132E-2
6.52475E+11	3.52849E-10	-6.65628E+1	6.03284E-2	-1.39163E-1
6.52650E+11	3.38636E-10	2.71752E+1	1.35090E-1	6.93527E-2
6.52825E+11	6.10674E-10	1.15308E+2	-6.60880E-2	1.39760E-1
6.53000E+11	4.51490E-10	-1.43303E+2	-1.14260E-1	-8.51577E-2
6.53175E+11	3.68769E-10	-5.67725E+1	6.78043E-2	-1.03507E-1
6.53350E+11	3.70707E-10	3.02716E+1	1.10684E-1	6.46048E-2
6.53525E+11	5.73883E-10	1.30756E+2	-9.20947E-2	1.06858E-1
6.53700E+11	4.11395E-10	-1.29046E+2	-8.88465E-2	-1.09535E-1
6.53875E+11	6.25314E-10	-1.87039E+1	1.43012E-1	-4.84178E-2
6.54050E+11	6.53082E-10	8.02438E+1	2.41172E-2	1.40263E-1
6.54225E+11	8.53682E-10	1.73215E+2	-1.50434E-1	1.78994E-2
6.54400E+11	8.22443E-10	-7.56764E+1	3.81491E-2	-1.49407E-1
6.54575E+11	4.51525E-10	2.39628E+1	1.21540E-1	5.40184E-2
6.54750E+11	7.65593E-10	1.36476E+2	-1.15379E-1	1.09582E-1
6.54925E+11	1.41617E-9	-1.13269E+2	-7.38100E-2	-1.71641E-1
6.55100E+11	1.74272E-9	2.06509E+0	2.04161E-1	7.36169E-3
6.55275E+11	1.68782E-9	1.14987E+2	-9.13545E-2	1.96029E-1
6.55450E+11	2.42395E-9	-1.34646E+2	-1.53851E-1	-1.55766E-1
6.55625E+11	1.47005E-9	-1.93881E+1	1.98763E-1	-6.99492E-2
6.55800E+11	9.20923E-10	1.15023E+2	-7.84933E-2	1.68154E-1
6.55975E+11	6.19004E-10	-1.24868E+2	-8.01014E-2	-1.14960E-1
6.56150E+11	9.33560E-10	-1.18969E+1	1.48569E-1	-3.13000E-2
6.56325E+11	6.97684E-10	9.61546E+1	-1.78398E-2	1.65439E-1
6.56500E+11	7.91833E-10	-1.63088E+2	-1.82494E-1	-5.54883E-2
6.56675E+11	1.15250E-9	-6.70753E+1	7.56459E-2	-1.78864E-1
6.56850E+11	6.33232E-10	2.56174E+1	1.75696E-1	8.42447E-2
6.57025E+11	1.25914E-9	1.35060E+2	-1.61501E-1	1.61162E-1
6.57200E+11	1.13110E-9	-9.85992E+1	-3.19746E-2	-2.11443E-1
6.57375E+11	9.69736E-10	2.43579E+1	1.77004E-1	8.01360E-2
6.57550E+11	1.29976E-9	1.40748E+2	-1.53004E-1	1.25020E-1
6.57725E+11	1.19755E-9	-9.72611E+1	-2.46337E-2	-1.93337E-1
6.57900E+11	1.38079E-9	1.98994E+1	1.87427E-1	6.78454E-2
6.58075E+11	1.26380E-9	1.31506E+2	-1.28361E-1	1.45054E-1
6.58250E+11	8.73973E-10	-1.09878E+2	-5.66330E-2	-1.56636E-1
6.58425E+11	8.65372E-10	3.08609E+0	1.20566E-1	6.50026E-3
6.58600E+11	4.62294E-10	1.15447E+2	-4.40786E-2	9.26333E-2
6.58775E+11	4.13157E-10	-1.35287E+2	-7.40289E-2	-7.32906E-2
6.58950E+11	6.03089E-10	-2.81759E+1	9.01972E-2	-4.83145E-2
6.59125E+11	6.75064E-10	7.18516E+1	3.21271E-2	9.80124E-2
6.59300E+11	3.92902E-10	1.78185E+2	-1.05742E-1	3.35080E-3
6.59475E+11	3.19266E-10	-7.15754E+1	3.14245E-2	-9.43304E-2
6.59650E+11	2.82423E-10	3.60934E+1	7.22854E-2	5.26987E-2
6.59825E+11	3.07912E-10	1.52345E+2	-8.12816E-2	4.25926E-2
6.60000E+11	2.36851E-10	-1.06377E+2	-2.64461E-2	-8.99897E-2
6.60175E+11	2.84494E-10	-1.60243E+0	9.31434E-2	-2.60569E-3
6.60350E+11	1.92146E-10	9.28394E+1	-4.26843E-3	8.60623E-2
6.60525E+11	2.73253E-10	-1.71887E+2	-8.61710E-2	-1.22835E-2
6.60700E+11	2.66191E-10	-6.96479E+1	3.12499E-2	-8.42440E-2
6.60875E+11	1.50352E-10	3.90024E+1	6.42494E-2	5.20325E-2
6.61050E+11	1.37321E-10	1.53922E+2	-7.06816E-2	3.45935E-2
6.61225E+11	1.85982E-10	-1.00146E+2	-1.59933E-2	-8.93745E-2
6.61400E+11	2.78921E-10	9.82286E+0	1.00746E-1	1.74432E-2
6.61575E+11	2.61231E-10	1.15361E+2	-4.62680E-2	9.76099E-2
6.61750E+11	1.96096E-10	-1.39496E+2	-8.27199E-2	-7.06589E-2
6.61925E+11	4.99605E-10	-3.14030E+1	1.07463E-1	-6.56033E-2
6.62100E+11	3.39219E-10	9.02092E+1	-4.52172E-4	1.23821E-1
6.62275E+11	3.74159E-10	-1.46288E+2	-1.09278E-1	-7.29127E-2
6.62450E+11	4.12140E-10	-2.99081E+1	1.09005E-1	-6.27010E-2
6.62625E+11	3.48540E-10	8.74253E+1	5.07285E-3	1.12812E-1
6.62800E+11	1.41069E-10	-1.65355E+2	-8.38957E-2	-2.19228E-2
6.62975E+11	1.53271E-10	-7.37144E+1	2.12349E-2	-7.26854E-2
6.63150E+11	2.47392E-10	2.78045E+1	8.45714E-2	4.45979E-2
6.63325E+11	3.51094E-10	1.42624E+2	-7.99081E-2	6.10407E-2
6.63500E+11	4.33396E-10	-1.06246E+2	-3.34257E-2	-1.14708E-1
6.63675E+11	4.27027E-10	-6.12265E+0	1.29265E-1	-1.38661E-2
6.63850E+11	5.41903E-10	8.85234E+1	3.77787E-3	1.46556E-1
6.64025E+11	7.25723E-10	-1.63666E+2	-1.52922E-1	-4.48154E-2
6.64200E+11	3.92519E-10	-6.05073E+1	6.33318E-2	-1.11972E-1
6.64375E+11	3.98489E-10	4.73792E+1	9.25383E-2	1.00561E-1
6.64550E+11	6.11985E-10	1.67312E+2	-1.47336E-1	3.31709E-2
6.64725E+11	4.48923E-10	-7.38029E+1	4.23084E-2	-1.45654E-1
6.64900E+11	5.14690E-10	2.61221E+1	1.31216E-1	6.43447E-2
6.65075E+11	3.75091E-10	1.26193E+2	-8.00903E-2	1.09458E-1
6.65250E+11	3.34155E-10	-1.40697E+2	-8.54871E-2	-6.99785E-2
6.65425E+11	1.79921E-10	-4.24513E+1	7.81133E-2	-7.14555E-2
6.65600E+11	3.56383E-10	8.33940E+1	1.35906E-2	1.17352E-1
6.65775E+11	2.61412E-10	-1.43666E+2	-1.00861E-1	-7.41835E-2
6.65950E+11	6.71646E-10	-1.54086E+1	1.53091E-1	-4.21929E-2
6.66125E+11	1.21159E-9	9.96284E+1	-3.23544E-2	1.90715E-1
6.66300E+11	1.25947E-9	-1.54113E+2	-1.84777E-1	-8.96704E-2
6.66475E+11	1.36493E-9	-5.40997E+1	1.16833E-1	-1.61397E-1
6.66650E+11	1.40876E-9	4.86422E+1	1.32799E-1	1.50855E-1
6.66825E+11	1.51163E-9	1.77529E+2	-1.86548E-1	8.04944E-3
6.67000E+11	5.95943E-10	-5.39864E+1	9.62396E-2	-1.32396E-1
6.67175E+11	7.57522E-10	6.86774E+1	5.69758E-2	1.45965E-1
6.67350E+11	5.51260E-10	-1.79572E+2	-1.48750E-1	-1.11237E-3
6.67525E+11	5.48734E-10	-8.99473E+1	1.36132E-4	-1.48093E-1
6.67700E+11	8.31635E-10	-1.33991E+1	1.42222E-1	-3.38795E-2
6.67875E+11	7.92079E-10	7.02366E+1	4.73877E-2	1.31889E-1
6.68050E+11	5.58116E-10	-1.77350E+2	-1.54740E-1	-7.16277E-3
6.68225E+11	5.76639E-10	-5.31784E+1	9.86147E-2	-1.31717E-1
6.68400E+11	4.20499E-10	7.73703E+1	3.24187E-2	1.44680E-1
6.68575E+11	4.49617E-10	-1.67741E+2	-1.38503E-1	-3.00956E-2
6.68750E+11	5.13314E-10	-6.45828E+1	5.76682E-2	-1.21355E-1
6.68925E+11	3.75514E-10	2.85387E+1	1.14592E-1	6.23184E-2
6.69100E+11	3.60500E-10	1.44658E+2	-1.01456E-1	7.19453E-2
6.69275E+11	5.90567E-10	-9.07416E+1	-1.42714E-3	-1.10251E-1
6.69450E+11	2.44849E-10	5.37154E+1	5.62434E-2	7.66091E-2
6.69625E+11	1.30829E-10	-1.73639E+2	-6.28850E-2	-7.01034E-3
6.69800E+11	1.39468E-10	-8.81680E+1	1.85719E-3	-5.80633E-2
6.69975E+11	1.29815E-10	-8.19608E+0	6.30693E-2	-9.08402E-3
6.70150E+11	1.16166E-10	6.10545E+1	2.78226E-2	5.03061E-2
6.70325E+11	1.25261E-10	1.50924E+2	-5.99561E-2	3.33383E-2
6.70500E+11	2.04092E-10	-1.05279E+2	-2.13407E-2	-7.81236E-2
6.70675E+11	1.96464E-10	3.99392E+1	6.10102E-2	5.10834E-2
6.70850E+11	1.19358E-10	-1.74540E+2	-7.55789E-2	-7.22407E-3
6.71025E+11	8.45335E-11	-7.12178E+1	1.98416E-2	-5.83437E-2
6.71200E+11	4.94251E-11	1.44848E+1	5.55432E-2	1.43487E-2
6.71375E+11	6.83740E-11	9.17990E+1	-1.77329E-3	5.64586E-2
6.71550E+11	7.46362E-11	1.77887E+2	-6.16720E-2	2.27580E-3
6.71725E+11	6.19284E-11	-6.16314E+1	3.02204E-2	-5.59647E-2
6.71900E+11	5.10434E-11	7.41092E+1	1.49962E-2	5.26766E-2
6.72075E+11	5.70672E-11	-1.63577E+2	-6.56836E-2	-1.93608E-2
6.72250E+11	4.45290E-11	-4.73632E+1	4.61774E-2	-5.01529E-2
6.72425E+11	4.53069E-11	4.67333E+1	4.30120E-2	4.56965E-2
6.72600E+11	5.20169E-11	1.29720E+2	-4.29423E-2	5.16876E-2
6.72775E+11	9.02597E-11	-1.28601E+2	-5.71347E-2	-7.15687E-2
6.72950E+11	1.84450E-10	8.91508E+0	1.02684E-1	1.61075E-2
6.73125E+11	7.77022E-11	1.46841E+2	-7.72194E-2	5.04522E-2
6.73300E+11	1.36096E-10	-6.45350E+1	3.97194E-2	-8.34044E-2
6.73475E+11	1.25831E-10	4.76753E+1	6.51952E-2	7.15865E-2
6.73650E+11	1.75721E-10	1.52835E+2	-8.91923E-2	4.57701E-2
6.73825E+11	9.59768E-11	-1.12912E+2	-3.37800E-2	-7.99210E-2
6.74000E+11	8.50623E-11	-1.52471E+1	8.85423E-2	-2.41345E-2
6.74175E+11	1.35365E-10	8.53184E+1	7.44823E-3	9.09516E-2
6.74350E+11	3.31137E-10	-1.47361E+2	-1.02150E-1	-6.54243E-2
6.74525E+11	7.04298E-10	-1.06079E+1	1.42469E-1	-2.66827E-2
6.74700E+11	5.32263E-10	1.12383E+2	-6.17956E-2	1.50057E-1
6.74875E+11	7.38509E-10	-1.44250E+2	-1.40659E-1	-1.01261E-1
6.75050E+11	9.23553E-10	-3.13367E+1	1.52313E-1	-9.27416E-2
6.75225E+11	5.26457E-10	8.66456E+1	9.19052E-3	1.56800E-1
6.75400E+11	5.53238E-10	-1.48782E+2	-1.41431E-1	-8.57159E-2
6.75575E+11	5.29542E-10	-1.70184E+1	1.49286E-1	-4.56937E-2
6.75750E+11	4.61882E-10	1.12756E+2	-5.68919E-2	1.35631E-1
6.75925E+11	2.99117E-10	-1.32614E+2	-1.10576E-1	-1.20191E-1
6.76100E+11	4.89064E-10	-3.01241E+1	1.41396E-1	-8.20438E-2
6.76275E+11	5.06348E-10	6.99042E+1	5.13352E-2	1.40312E-1
6.76450E+11	3.69539E-10	1.74630E+2	-1.25492E-1	1.17966E-2
6.76625E+11	3.36505E-10	-7.17985E+1	4.13223E-2	-1.25671E-1
6.76800E+11	5.03169E-10	3.62917E+1	1.19540E-1	8.77840E-2
6.76975E+11	8.57990E-10	1.45726E+2	-1.50153E-1	1.02327E-1
6.77150E+11	9.58565E-10	-1.08777E+2	-6.76380E-2	-1.98951E-1
6.77325E+11	1.37846E-9	-8.83893E-1	2.28234E-1	-3.52120E-3
6.77500E+11	1.29869E-9	1.05676E+2	-6.05874E-2	2.15896E-1
6.77675E+11	7.95293E-10	-1.41002E+2	-1.52019E-1	-1.23095E-1
6.77850E+11	7.28203E-10	-2.39379E+1	1.51111E-1	-6.70828E-2
6.78025E+11	5.38511E-10	8.66445E+1	8.69847E-3	1.48360E-1
6.78200E+11	4.29091E-10	-1.71458E+2	-1.45324E-1	-2.18273E-2
6.78375E+11	2.70932E-10	-6.81777E+1	5.33981E-2	-1.33354E-1
6.78550E+11	2.95312E-10	3.61516E+1	1.12120E-1	8.19142E-2
6.78725E+11	2.73291E-10	1.44019E+2	-1.11680E-1	8.10833E-2
6.78900E+11	2.32220E-10	-1.04985E+2	-3.27879E-2	-1.22494E-1
6.79075E+11	1.75278E-10	2.48797E+1	1.30207E-1	6.03839E-2
6.79250E+11	1.76523E-10	1.59650E+2	-1.41409E-1	5.24490E-2
6.79425E+11	9.29057E-11	-9.77399E+1	-1.52657E-2	-1.12319E-1
6.79600E+11	1.14581E-10	-9.60698E+0	1.00128E-1	-1.69479E-2
6.79775E+11	1.42817E-10	8.17105E+1	1.60568E-2	1.10207E-1
6.79950E+11	1.17680E-10	-1.67172E+2	-1.26389E-1	-2.87809E-2
6.80125E+11	9.72593E-11	-2.94452E+1	1.14479E-1	-6.46245E-2
6.80300E+11	8.59088E-11	8.80201E+1	4.22998E-3	1.22363E-1
6.80475E+11	5.15171E-11	-1.49957E+2	-8.39968E-2	-4.85787E-2
6.80650E+11	8.27904E-11	-4.74813E+1	7.71535E-2	-8.41431E-2
6.80825E+11	3.63481E-11	2.03828E+1	7.95780E-2	2.95677E-2
6.81000E+11	3.29535E-11	1.06390E+2	-2.34072E-2	7.95816E-2
6.81175E+11	3.78343E-11	-1.69529E+2	-9.10658E-2	-1.68303E-2
6.81350E+11	5.29406E-11	-6.37211E+1	4.21050E-2	-8.52722E-2
6.81525E+11	1.01801E-10	7.97019E+1	2.04977E-2	1.12813E-1
6.81700E+11	1.41655E-10	-1.64544E+2	-1.10618E-1	-3.05849E-2
6.81875E+11	1.06485E-10	-6.49717E+1	4.70524E-2	-1.00774E-1
6.82050E+11	1.32733E-10	8.55150E+0	9.59841E-2	1.44331E-2
6.82225E+11	1.01467E-10	7.11322E+1	2.95062E-2	8.63388E-2
6.82400E+11	1.16466E-10	1.50393E+2	-8.46771E-2	4.81177E-2
6.82575E+11	1.16810E-10	-1.10388E+2	-3.89010E-2	-1.04670E-1
6.82750E+11	1.19775E-10	1.54180E+1	1.06006E-1	2.92345E-2
6.82925E+11	1.67203E-10	1.43729E+2	-1.03287E-1	7.57912E-2
6.83100E+11	1.20660E-10	-9.55107E+1	-1.04530E-2	-1.08346E-1
6.83275E+11	1.70768E-10	-1.48739E+1	1.33783E-1	-3.55315E-2
6.83450E+11	1.78265E-10	6.08416E+1	6.14319E-2	1.10107E-1
6.83625E+11	1.10289E-10	1.36262E+2	-9.06840E-2	8.67735E-2
6.83800E+11	1.00060E-10	-1.43808E+2	-1.03860E-1	-7.59915E-2
6.83975E+11	2.00208E-10	-4.16481E+1	1.15716E-1	-1.02912E-1
6.84150E+11	2.78508E-10	8.49687E+1	1.65186E-2	1.87627E-1
6.84325E+11	3.11299E-10	-1.54599E+2	-1.75413E-1	-8.32971E-2
6.84500E+11	4.21663E-10	-5.13010E+1	1.20948E-1	-1.50973E-1
6.84675E+11	5.22937E-10	4.57653E+1	1.41565E-1	1.45398E-1
6.84850E+11	3.91214E-10	1.44618E+2	-1.47981E-1	1.05096E-1
6.85025E+11	2.81752E-10	-1.09847E+2	-6.31970E-2	-1.75081E-1
6.85200E+11	4.43159E-10	5.76540E+0	1.95233E-1	1.97120E-2
6.85375E+11	2.94893E-10	1.31450E+2	-1.31000E-1	1.48326E-1
6.85550E+11	3.51959E-10	-1.14113E+2	-8.27269E-2	-1.84825E-1
6.85725E+11	4.32105E-10	-7.12275E+0	2.10461E-1	-2.62992E-2
6.85900E+11	3.75489E-10	8.82360E+1	5.99916E-3	1.94795E-1
6.86075E+11	3.63980E-10	-1.72617E+2	-1.89633E-1	-2.45716E-2
6.86250E+11	1.38216E-10	-6.71914E+1	6.82295E-2	-1.62244E-1
6.86425E+11	2.62029E-10	5.19762E+1	1.23302E-1	1.57684E-1
6.86600E+11	2.03111E-10	1.72621E+2	-2.08239E-1	2.69695E-2
6.86775E+11	3.43931E-10	-6.74266E+1	8.17951E-2	-1.96757E-1
6.86950E+11	3.73229E-10	3.27132E+1	1.89858E-1	1.21948E-1
6.87125E+11	2.32675E-10	1.20803E+2	-1.18148E-1	1.98174E-1
6.87300E+11	1.51540E-10	-1.44912E+2	-2.03403E-1	-1.42892E-1
6.87475E+11	2.27499E-10	-2.90043E+1	2.92515E-1	-1.62172E-1
6.87650E+11	1.22918E-10	8.16564E+1	3.89174E-2	2.65357E-1
6.87825E+11	1.46972E-10	-1.63222E+2	-2.61509E-1	-7.88459E-2
6.88000E+11	1.08260E-10	-5.19109E+1	1.57729E-1	-2.01238E-1
6.88175E+11	1.15785E-10	6.54377E+1	9.47380E-2	2.07286E-1
6.88350E+11	1.45419E-10	1.70942E+2	-2.49315E-1	3.97480E-2
6.88525E+11	1.23937E-10	-7.68570E+1	5.56021E-2	-2.38127E-1
6.88700E+11	3.59932E-11	2.75457E+1	1.42601E-1	7.43778E-2
6.88875E+11	4.22415E-11	1.32364E+2	-1.05951E-1	1.16176E-1
6.89050E+11	2.91775E-11	-1.05233E+2	-4.53847E-2	-1.66659E-1
6.89225E+11	3.93066E-11	-1.34864E+1	1.55090E-1	-3.71948E-2
6.89400E+11	4.09806E-11	9.41196E+1	-1.21687E-2	1.68953E-1
6.89575E+11	2.88207E-11	-1.47715E+2	-1.24819E-1	-7.88604E-2
6.89750E+11	2.18886E-11	-2.63592E+1	1.25957E-1	-6.24141E-2
6.89925E+11	3.08913E-11	9.44280E+1	-1.03632E-2	1.33827E-1
6.90100E+11	7.59691E-12	-1.41056E+2	-4.83945E-2	-3.91108E-2
6.90275E+11	1.12745E-11	1.28165E+0	8.51215E-2	1.90440E-3
6.90450E+11	6.56803E-12	7.77553E+1	1.67754E-2	7.72974E-2
6.90625E+11	1.67140E-11	-1.61143E+2	-1.35948E-1	-4.64320E-2
6.90800E+11	8.92845E-12	-5.37350E+1	4.84550E-2	-6.60478E-2
6.90975E+11	1.65105E-11	5.68094E+1	5.35126E-2	8.18052E-2
6.91150E+11	6.83869E-12	1.72859E+2	-5.82847E-2	7.30256E-3
6.91325E+11	3.02141E-12	-2.46006E+1	2.97024E-2	-1.35992E-2
6.91500E+11	3.99523E-12	3.19596E+1	3.62416E-2	2.26107E-2
6.91675E+11	5.88307E-12	1.48821E+2	-4.93618E-2	2.98703E-2
6.91850E+11	2.96830E-12	-9.79219E+1	-6.75682E-3	-4.85572E-2
6.92025E+11	9.51921E-12	1.50481E+1	7.00166E-2	1.88239E-2
6.92200E+11	2.21004E-12	1.39720E+2	-3.17957E-2	2.69455E-2
6.92375E+11	3.73612E-12	-7.98014E+1	1.04922E-2	-5.83212E-2
6.92550E+11	4.43829E-12	4.12438E+1	3.51200E-2	3.07926E-2
6.92725E+11	5.60150E-12	1.71484E+2	-4.07879E-2	6.10770E-3
6.92900E+11	4.37653E-12	-4.62053E+1	2.65107E-2	-2.76502E-2
6.93075E+11	4.56035E-12	-3.33499E+0	3.99858E-2	-2.33007E-3
6.93250E+11	6.98419E-12	1.26897E+2	-2.60124E-2	3.46484E-2
6.93425E+11	9.88672E-12	-1.35454E+2	-4.00908E-2	-3.94600E-2
6.93600E+11	1.41995E-11	-2.22090E+1	4.37783E-2	-1.78736E-2
6.93775E+11	1.18046E-11	1.09207E+2	-1.53465E-2	4.40515E-2
6.93950E+11	1.82130E-11	-1.01152E+2	-9.26523E-3	-4.69973E-2
6.94125E+11	9.58566E-12	4.44550E+1	2.87779E-2	2.82356E-2
6.94300E+11	1.51574E-11	1.41524E+2	-4.33713E-2	3.44700E-2
6.94475E+11	1.26389E-11	-1.45704E+2	-4.47863E-2	-3.05463E-2
6.94650E+11	1.29483E-11	-6.53899E+1	2.12560E-2	-4.64055E-2
6.94825E+11	2.36779E-11	6.79392E+1	3.11978E-2	7.69821E-2
6.95000E+11	8.40439E-12	1.65569E+2	-5.02607E-2	1.29333E-2
6.95175E+11	2.51201E-11	-1.90826E+1	8.14034E-2	-2.81608E-2
6.95350E+11	2.55295E-11	9.45373E+1	-8.58847E-3	1.08226E-1
6.95525E+11	3.43714E-11	-1.29200E+2	-6.78388E-2	-8.31781E-2
6.95700E+11	1.13861E-11	1.02034E+0	6.47715E-2	1.15359E-3
6.95875E+11	1.37734E-11	1.14744E+2	-3.13293E-2	6.79783E-2
6.96050E+11	1.51426E-11	-1.27304E+2	-5.46971E-2	-7.17892E-2
6.96225E+11	1.93384E-11	-3.53102E-1	8.41814E-2	-5.18799E-4
6.96400E+11	1.96277E-11	1.24719E+2	-4.43431E-2	6.39953E-2
6.96575E+11	9.79366E-12	-9.35465E+1	-3.69941E-3	-5.96898E-2
6.96750E+11	1.28732E-11	3.16419E+0	6.54757E-2	3.61961E-3
6.96925E+11	2.42810E-12	1.30341E+2	-2.15902E-2	2.54212E-2
6.97100E+11	2.40266E-12	-1.13905E+2	-1.58251E-2	-3.57026E-2
6.97275E+11	1.81343E-12	-1.45066E+1	3.30642E-2	-8.55502E-3
6.97450E+11	1.92239E-12	1.44734E+2	-2.95387E-2	2.08884E-2
6.97625E+11	1.14445E-12	-1.40779E+2	-2.18957E-2	-1.78711E-2
6.97800E+11	2.54124E-12	-4.99671E+1	3.24453E-2	-3.86217E-2
6.97975E+11	5.91415E-13	-1.51559E+2	-2.18897E-2	-1.18559E-2
6.98150E+11	1.09044E-12	-1.60949E+2	-3.30715E-2	-1.14205E-2
6.98325E+11	3.91936E-13	-9.19834E+1	-7.61458E-4	-2.19884E-2
6.98500E+11	1.14405E-12	1.74385E+1	4.04330E-2	1.27007E-2
6.98675E+11	1.11727E-12	-1.19617E+2	-1.80872E-2	-3.18177E-2
6.98850E+11	1.52456E-12	1.29286E+2	-3.67574E-2	4.49312E-2
6.99025E+11	6.92712E-13	1.50364E+2	-4.40549E-2	2.50632E-2
6.99200E+11	5.14773E-13	1.52532E+2	-2.23060E-2	1.15961E-2
6.99375E+11	2.11386E-13	-1.53438E+2	-1.18816E-2	-5.94009E-3
6.99550E+11	1.46725E-12	-9.51349E+0	2.96807E-2	-4.97403E-3
6.99725E+11	1.66272E-12	-5.01686E+1	2.02139E-2	-2.42344E-2
6.99900E+11	1.00853E-12	7.51099E+1	5.69007E-3	2.13997E-2
7.00075E+11	2.13752E-12	-1.36614E+2	-2.17343E-2	-2.05430E-2
7.00250E+11	1.76636E-12	-8.36947E+1	3.66181E-3	-3.31404E-2
7.00425E+11	6.58309E-13	8.47830E+1	1.80349E-3	1.97521E-2
7.00600E+11	4.36264E-14	-1.74068E+2	-5.51873E-3	-5.73462E-4
7.00775E+11	1.40945E-12	-1.73898E+2	-3.53266E-2	-3.77629E-3
7.00950E+11	4.12068E-12	-1.09610E+2	-1.74384E-2	-4.89452E-2
7.01125E+11	3.10535E-13	5.14330E+1	7.23360E-3	9.07209E-3
7.01300E+11	1.40478E-12	1.63291E+2	-2.16058E-2	6.48589E-3
7.01475E+11	3.08619E-13	-3.82127E+1	8.50866E-3	-6.69871E-3
7.01650E+11	3.12389E-13	-7.99467E+1	1.68677E-3	-9.51436E-3
7.01825E+11	9.00223E-13	4.90081E+1	1.00407E-2	1.15538E-2
7.02000E+11	3.00207E-12	1.72673E+2	-2.72113E-2	3.49894E-3
7.02175E+11	2.53078E-12	-7.44034E+1	7.54815E-3	-2.70405E-2
7.02350E+11	1.76559E-12	6.43820E+1	8.52356E-3	1.77757E-2
7.02525E+11	2.87500E-12	6.67115E+1	1.04270E-2	2.42246E-2
7.02700E+11	1.49917E-12	-7.72147E+1	4.92274E-3	-2.16933E-2
7.02875E+11	4.35939E-12	-6.06277E+1	1.86918E-2	-3.32102E-2
7.03050E+11	1.92807E-12	3.85514E+1	2.04108E-2	1.62654E-2
7.03225E+11	9.88221E-12	1.63065E+2	-5.97160E-2	1.81831E-2
7.03400E+11	8.06252E-12	-6.68513E+1	1.93779E-2	-4.53239E-2
7.03575E+11	1.38424E-11	5.88551E+1	3.36313E-2	5.56526E-2
7.03750E+11	1.38984E-11	-1.78025E+2	-6.16945E-2	-2.12754E-3
7.03925E+11	3.27694E-11	-8.69359E+1	3.83547E-3	-7.16522E-2
7.04100E+11	2.87686E-11	-2.93386E+1	7.61499E-2	-4.28008E-2
7.04275E+11	5.22380E-11	7.54948E+1	2.04308E-2	7.89701E-2
7.04450E+11	2.70853E-11	1.62737E+2	-7.40170E-2	2.30016E-2
7.04625E+11	6.69332E-11	-6.11013E+1	5.04060E-2	-9.13150E-2
7.04800E+11	6.06798E-11	7.24945E+1	3.40986E-2	1.08111E-1
7.04975E+11	6.06836E-11	-1.71965E+2	-1.11805E-1	-1.57837E-2
7.05150E+11	4.39003E-11	-7.04338E+1	3.33289E-2	-9.37738E-2
7.05325E+11	3.61586E-11	1.88924E+1	1.01673E-1	3.47955E-2
7.05500E+11	6.44509E-11	1.34801E+2	-7.85241E-2	7.90704E-2
7.05675E+11	3.90166E-11	-1.15910E+2	-4.90790E-2	-1.01029E-1
7.05850E+11	2.27330E-11	-1.19221E+1	9.11931E-2	-1.92541E-2
7.06025E+11	4.86508E-11	1.24246E+2	-6.92949E-2	1.01788E-1
7.06200E+11	7.13114E-11	-1.46370E+2	-1.35115E-1	-8.98718E-2
7.06375E+11	7.81712E-11	-4.04916E+1	1.34337E-1	-1.14701E-1
7.06550E+11	5.95113E-11	8.10066E+1	2.76691E-2	1.74825E-1
7.06725E+11	3.84335E-11	-1.58080E+2	-1.60239E-1	-6.44818E-2
7.06900E+11	3.02774E-11	-1.36390E+0	1.56337E-1	-3.72223E-3
7.07075E+11	1.14072E-11	1.46220E+2	-8.96600E-2	5.99760E-2
7.07250E+11	1.15626E-11	-1.07814E+2	-4.21180E-2	-1.31074E-1
7.07425E+11	2.58651E-11	-1.59803E+1	1.61541E-1	-4.62608E-2
7.07600E+11	9.16577E-12	6.80653E+1	3.76110E-2	9.33967E-2
7.07775E+11	1.25154E-11	1.60647E+2	-9.54851E-2	3.35385E-2
7.07950E+11	1.31580E-11	-1.00081E+2	-1.78719E-2	-1.00527E-1
7.08125E+11	1.16199E-11	3.88414E+1	8.47718E-2	6.82591E-2
7.08300E+11	1.53328E-11	1.72713E+2	-1.55767E-1	1.99197E-2
7.08475E+11	6.97570E-12	-3.55337E+1	1.09270E-1	-7.80388E-2
7.08650E+11	5.67118E-12	1.14892E+1	1.12745E-1	2.29162E-2
7.08825E+11	4.70473E-12	5.79521E+1	5.03285E-2	8.03929E-2
7.09000E+11	7.46042E-12	1.54117E+2	-1.15136E-1	5.58657E-2
7.09175E+11	4.59250E-12	-7.96163E+1	1.41683E-2	-7.73210E-2
7.09350E+11	2.46413E-12	3.30718E+1	5.57034E-2	3.62735E-2
7.09525E+11	6.82026E-12	-1.77734E+2	-7.47622E-2	-2.95775E-3
7.09700E+11	6.40814E-12	-5.36939E+1	4.51349E-2	-6.14300E-2
7.09875E+11	1.09325E-12	1.44131E+1	3.21620E-2	8.26567E-3
7.10050E+11	1.12222E-11	9.22569E+1	-3.60019E-3	9.13503E-2
7.10225E+11	9.36289E-12	1.33615E+2	-6.50631E-2	6.82872E-2
7.10400E+11	4.68402E-12	-1.29168E+2	-4.19292E-2	-5.14686E-2
7.10575E+11	1.15937E-11	-7.05689E+0	1.10962E-1	-1.37362E-2
7.10750E+11	6.01339E-12	1.38496E+2	-5.20927E-2	4.60939E-2
7.10925E+11	1.04089E-11	-1.09824E+2	-3.49086E-2	-9.68372E-2
7.11100E+11	6.96333E-13	9.65928E+0	2.59746E-2	4.42092E-3
7.11275E+11	9.03134E-12	1.04440E+2	-1.81669E-2	7.05534E-2
7.11450E+11	6.21327E-12	-1.68045E+2	-7.48608E-2	-1.58501E-2
7.11625E+11	4.93318E-12	-4.25248E+1	4.80405E-2	-4.40592E-2
7.11800E+11	7.67562E-12	4.37184E+1	5.71751E-2	5.46729E-2
7.11975E+11	1.43366E-11	-1.76516E+2	-9.27360E-2	-5.64527E-3
7.12150E+11	1.19704E-11	-7.73648E+1	1.55609E-2	-6.94150E-2
7.12325E+11	1.13698E-11	3.82283E+1	6.06794E-2	4.77985E-2
7.12500E+11	1.16551E-11	1.41822E+2	-6.17670E-2	4.85672E-2
7.12675E+11	7.37860E-12	-1.23254E+2	-3.98083E-2	-6.07074E-2
7.12850E+11	1.10770E-11	-1.06128E+1	8.88945E-2	-1.66567E-2
7.13025E+11	1.40255E-11	1.31000E+2	-6.09888E-2	7.01595E-2
7.13200E+11	1.21124E-11	-1.31628E+2	-6.13188E-2	-6.89973E-2
7.13375E+11	2.09162E-11	-3.50128E+1	1.15213E-1	-8.07116E-2
7.13550E+11	1.86626E-11	7.53696E+1	3.95939E-2	1.51673E-1
7.13725E+11	1.39084E-11	1.24614E+2	-9.34396E-2	1.35379E-1
7.13900E+11	3.23359E-11	-1.01448E+2	-4.43605E-2	-2.19056E-1
7.14075E+11	2.81543E-11	2.24260E+1	2.16621E-1	8.93998E-2
7.14250E+11	1.30288E-11	1.41202E+2	-1.53938E-1	1.23760E-1
7.14425E+11	4.42416E-11	-8.18641E+1	4.72506E-2	-3.30513E-1
7.14600E+11	4.60658E-11	3.43243E+1	3.53408E-1	2.41298E-1
7.14775E+11	5.33621E-11	1.27072E+2	-3.47482E-1	4.59918E-1
7.14950E+11	8.09301E-11	-1.14729E+2	-2.41630E-1	-5.24639E-1
7.15125E+11	7.17451E-11	9.06492E+0	5.60008E-1	8.93472E-2
7.15300E+11	3.23196E-11	1.32874E+2	-3.46403E-1	3.73113E-1
7.15475E+11	3.85388E-11	-1.09888E+2	-1.95568E-1	-5.40619E-1
7.15650E+11	3.66918E-11	1.81965E+1	5.25612E-1	1.72777E-1
7.15825E+11	4.74615E-11	1.45305E+2	-5.67987E-1	3.93219E-1
7.16000E+11	1.93721E-11	-8.21117E+1	1.04734E-1	-7.55913E-1
7.16175E+11	1.76815E-11	3.07452E+1	5.28976E-1	3.14648E-1
7.16350E+11	2.08829E-11	1.24172E+2	-3.07838E-1	4.53450E-1
7.16525E+11	7.30196E-12	-1.17553E+2	-2.87629E-1	-5.51291E-1
7.16700E+11	8.87183E-12	4.82553E+0	4.95675E-1	4.18454E-2
7.16875E+11	2.73946E-12	1.17942E+2	-1.47485E-1	2.78059E-1
7.17050E+11	2.45149E-12	-7.84338E+1	8.77202E-2	-4.28622E-1
7.17225E+11	3.45793E-12	1.27338E+0	5.35079E-1	1.18939E-2
7.17400E+11	4.86624E-12	8.71896E+1	2.44097E-2	4.97236E-1
7.17575E+11	4.75411E-12	-1.03027E+2	-9.84735E-2	-4.25631E-1
7.17750E+11	1.08967E-12	-1.00847E+2	-4.28841E-2	-2.23816E-1
7.17925E+11	1.97052E-12	9.19825E+1	-1.25475E-2	3.62481E-1
7.18100E+11	9.15535E-14	1.09648E+2	-3.33625E-2	9.34451E-2
7.18275E+11	8.85994E-13	-2.29627E+1	1.99080E-1	-8.43514E-2
7.18450E+11	4.33294E-13	-8.34658E+1	2.82775E-2	-2.46880E-1
7.18625E+11	1.16348E-13	1.36647E+2	-6.84566E-2	6.46296E-2
7.18800E+11	1.57195E-12	-1.11569E+2	-1.19395E-1	-3.02038E-1
7.18975E+11	7.23949E-13	-2.29549E+1	1.71325E-1	-7.25642E-2
7.19150E+11	1.27136E-12	3.64063E+1	2.26437E-1	1.66982E-1
7.19325E+11	3.29361E-13	1.79707E+2	-1.53408E-1	7.84026E-4
7.19500E+11	6.94508E-13	1.59600E+2	-1.85801E-1	6.90999E-2
7.19675E+11	2.01096E-12	4.32640E+1	1.91631E-1	1.80356E-1
7.19850E+11	3.60766E-13	-4.83602E+1	6.87649E-2	-7.73436E-2
7.20025E+11	9.71065E-13	-1.73185E+2	-3.01467E-1	-3.60298E-2
7.20200E+11	3.25328E-12	-3.58291E+1	2.29548E-1	-1.65732E-1
7.20375E+11	1.73137E-13	-5.86126E+1	2.84022E-2	-4.65533E-2
7.20550E+11	2.77844E-12	9.38708E+1	-1.40705E-2	2.07956E-1
7.20725E+11	2.00273E-12	1.39442E+2	-2.04260E-1	1.74811E-1
7.20900E+11	4.03461E-13	1.58483E+2	-8.87274E-2	3.49814E-2
7.21075E+11	7.42015E-13	2.04347E+1	8.70826E-2	3.24459E-2
7.21250E+11	1.59483E-12	5.83801E+1	9.67275E-2	1.57106E-1
7.21425E+11	1.02186E-12	-3.08997E+1	9.88851E-2	-5.91809E-2
7.21600E+11	3.59102E-13	-6.76480E+1	3.28500E-2	-7.98902E-2
7.21775E+11	2.38967E-12	-4.38175E+0	2.16639E-1	-1.66001E-2
7.21950E+11	2.82134E-12	-1.65699E+2	-5.36892E-1	-1.36866E-1
7.22125E+11	1.63316E-12	-1.39062E+2	-4.79548E-1	-4.15960E-1
7.22300E+11	1.53922E-13	5.16020E+1	6.10744E-2	7.70622E-2
7.22475E+11	1.41746E-12	1.71247E+2	-4.56485E-1	7.02816E-2
7.22650E+11	1.99822E-12	1.51916E+2	-6.22678E-1	3.32262E-1
7.22825E+11	5.77484E-13	-3.81721E+1	2.16506E-1	-1.70203E-1
7.23000E+11	3.83123E-13	4.12922E+1	1.37345E-1	1.20628E-1
7.23175E+11	4.47817E-14	-6.46623E+1	5.19470E-2	-1.09708E-1
7.23350E+11	2.07300E-12	-1.29799E+2	-3.33140E+0	-3.99854E+0
7.23525E+11	6.42767E-13	-8.52631E+0	6.02726E-1	-9.03609E-2
7.23700E+11	7.56721E-13	1.47664E+2	-3.08475E-1	1.95283E-1
7.23875E+11	6.11121E-13	-1.26737E+2	-3.49360E-1	-4.68071E-1
7.24050E+11	2.04756E-12	2.67733E+1	6.91778E-1	3.49037E-1
7.24225E+11	1.88537E-12	1.35441E+2	-7.06624E-1	6.95831E-1
7.24400E+11	2.09593E-14	1.34596E+2	-5.44121E-1	5.51844E-1
7.24575E+11	3.26187E-12	2.01499E+1	9.47468E-1	3.47660E-1
7.24750E+11	8.99853E-13	-1.67906E+2	-6.95546E-1	-1.49038E-1
7.24925E+11	1.01212E-12	-1.03673E+1	2.26225E+0	-4.13867E-1
7.25100E+11	9.97582E-13	-1.14583E+1	1.27089E+0	-2.57603E-1
7.25275E+11	9.11782E-13	-1.05385E+1	1.14352E+0	-2.12735E-1
7.25450E+11	1.62998E-12	-4.71405E+1	3.66357E-1	-3.94807E-1
7.25625E+11	1.31939E-12	1.40250E+2	-1.59181E+0	1.32390E+0
7.25800E+11	9.67604E-13	1.73512E+2	-5.02049E-1	5.70916E-2
7.25975E+11	8.51210E-13	1.05526E+2	-1.85629E-1	6.68198E-1
7.26150E+11	1.14662E-12	1.64965E+1	7.21888E-1	2.13785E-1
7.26325E+11	2.55585E-12	-7.20312E+1	8.92295E-1	-2.75130E+0
7.26500E+11	4.25705E-13	2.32887E+1	3.51917E-1	1.51477E-1
7.26675E+11	8.41036E-13	2.70589E+1	4.97713E-1	2.54242E-1
7.26850E+11	5.93235E-13	1.37874E+2	-2.94892E-1	2.66696E-1
7.27025E+11	6.29972E-13	7.84087E+1	5.70618E-2	2.78199E-1
7.27200E+11	1.84425E-13	-1.52237E+1	1.75595E-1	-4.77860E-2
7.27375E+11	7.71618E-13	2.59360E+1	2.07947E+0	1.01135E+0
7.27550E+11	2.15622E-12	-1.49936E+2	-1.68719E+0	-9.76631E-1
7.27725E+11	7.52471E-13	4.51452E+1	3.25905E-1	3.27561E-1
7.27900E+11	1.04838E-12	7.55623E+1	3.26640E-1	1.26871E+0
7.28075E+11	2.63328E-13	-1.11161E+2	-5.48513E-2	-1.41701E-1
7.28250E+11	1.01878E-13	-9.96120E+1	-3.15616E-2	-1.86366E-1
7.28425E+11	1.04040E-12	-7.44367E+1	1.93964E-1	-6.96422E-1
7.28600E+11	5.23067E-13	-7.38166E+1	6.68822E-2	-2.30460E-1
7.28775E+11	7.64253E-13	5.17940E+0	2.76847E-1	2.50947E-2
7.28950E+11	1.85946E-12	1.66806E+1	2.78840E-1	8.35532E-2
7.29125E+11	1.13573E-13	5.86879E+1	4.99244E-2	8.20723E-2
7.29300E+11	6.53148E-13	-8.40056E+1	3.66386E-2	-3.48919E-1
7.29475E+11	2.90976E-12	6.31754E+1	3.88447E-1	7.68174E-1
7.29650E+11	1.76894E-12	-1.25704E+2	-4.87694E-1	-6.78591E-1
7.29825E+11	7.70486E-13	-6.32578E+1	1.96123E-1	-3.89233E-1
7.30000E+11	3.03725E-12	9.12748E+1	-2.99283E-2	1.34494E+0
