4.50000E+11	9.03607E-13	-1.19934E+2	-1.43871E-1	-2.49859E-1
4.50175E+11	5.62611E-14	-3.48413E+0	4.01761E-2	-2.44610E-3
4.50350E+11	4.52726E-15	-1.54341E+2	-1.14574E-2	-5.50409E-3
4.50525E+11	2.13609E-13	-8.52597E+1	1.00496E-2	-1.21193E-1
4.50700E+11	9.75722E-14	-9.31483E+1	-3.14072E-3	-5.71006E-2
4.50875E+11	2.44507E-13	-1.14583E+2	-5.15514E-2	-1.12685E-1
4.51050E+11	1.42660E-12	-2.97162E+1	2.30244E-1	-1.31415E-1
4.51225E+11	6.19106E-13	-5.40313E+1	1.87130E-1	-2.57858E-1
4.51400E+11	2.80970E-14	-1.29785E+2	-2.73808E-2	-3.28811E-2
4.51575E+11	8.33983E-13	2.63805E+1	3.29142E-1	1.63248E-1
4.51750E+11	1.45466E-13	5.62337E+1	6.33745E-2	9.47884E-2
4.51925E+11	1.54332E-12	-7.00077E+1	1.07194E-1	-2.94636E-1
4.52100E+11	1.40048E-13	-8.52804E+1	5.47920E-3	-6.63668E-2
4.52275E+11	6.84512E-13	-1.68319E+1	7.62829E-2	-2.30775E-2
4.52450E+11	6.56476E-13	2.25644E+1	4.54612E-2	1.88905E-2
4.52625E+11	8.51597E-12	1.26088E+2	-6.13744E-2	8.42014E-2
4.52800E+11	1.22963E-11	-1.47519E+2	-8.29782E-2	-5.28253E-2
4.52975E+11	1.29099E-11	-9.16396E+1	-2.08510E-3	-7.28448E-2
4.53150E+11	2.40565E-11	-3.52988E+1	5.17163E-2	-3.66156E-2
4.53325E+11	2.03483E-11	6.28450E+1	2.21117E-2	4.31080E-2
4.53500E+11	2.09123E-11	1.66734E+2	-4.56975E-2	1.07734E-2
4.53675E+11	1.13153E-11	-1.05008E+2	-7.74315E-3	-2.88823E-2
4.53850E+11	1.18178E-11	-2.15407E+1	2.52329E-2	-9.96021E-3
4.54025E+11	2.96852E-11	6.37413E+1	1.57125E-2	3.18495E-2
4.54200E+11	4.51013E-11	1.47317E+2	-3.50590E-2	2.24930E-2
4.54375E+11	3.15920E-11	-1.14170E+2	-1.47679E-2	-3.29064E-2
4.54550E+11	1.13491E-11	-2.13927E+1	2.31010E-2	-9.04979E-3
4.54725E+11	4.74707E-12	6.46235E+1	8.00246E-3	1.68710E-2
4.54900E+11	3.98864E-12	-1.61810E+2	-2.13612E-2	-7.01888E-3
4.55075E+11	2.11571E-12	-1.51939E+2	-1.77938E-2	-9.48558E-3
4.55250E+11	7.29165E-13	-7.16898E+1	4.53670E-3	-1.37095E-2
4.55425E+11	2.88831E-12	-1.09210E+2	-1.36465E-2	-3.91652E-2
4.55600E+11	1.74426E-12	-3.93241E+1	3.21215E-2	-2.63137E-2
4.55775E+11	8.90929E-13	1.56054E+2	-3.73494E-2	1.65871E-2
4.55950E+11	3.90567E-13	-1.24322E+2	-2.84760E-2	-4.17091E-2
4.56125E+11	3.37478E-13	-3.93604E-1	8.61488E-2	-5.91824E-4
4.56300E+11	3.34119E-12	1.68722E+2	-7.66881E-1	1.52938E-1
4.56475E+11	2.39763E-12	-1.00712E+2	-4.87371E-2	-2.57629E-1
4.56650E+11	1.97746E-12	6.60722E+1	1.11487E-1	2.51255E-1
4.56825E+11	7.35300E-13	1.64142E+2	-8.62237E-2	2.44935E-2
4.57000E+11	1.14265E-12	1.43626E+2	-9.54934E-2	7.03368E-2
4.57175E+11	6.88809E-13	4.04397E+1	8.21111E-2	6.99802E-2
4.57350E+11	2.80312E-13	1.05415E+1	8.41627E-2	1.56617E-2
4.57525E+11	1.28576E-14	1.58562E+2	-1.46474E-2	5.75135E-3
4.57700E+11	7.98571E-13	1.40378E+2	-2.13454E-1	1.76724E-1
4.57875E+11	4.41853E-13	-2.96331E+1	5.46420E-1	-3.10827E-1
4.58050E+11	2.35599E-12	-8.81023E+1	3.03137E-2	-9.14923E-1
4.58225E+11	7.13861E-13	1.01982E+2	-1.24956E-1	5.88793E-1
4.58400E+11	4.15708E-13	-1.64919E+1	5.15071E-1	-1.52492E-1
4.58575E+11	1.03909E-12	4.09627E+1	6.21241E-1	5.39327E-1
4.58750E+11	2.49239E-13	1.30600E+2	-3.13620E-1	3.65900E-1
4.58925E+11	7.04464E-13	-7.73937E+0	4.68040E-1	-6.36091E-2
4.59100E+11	2.14100E-12	-6.49414E+1	3.26601E-1	-6.98532E-1
4.59275E+11	2.03276E-12	8.56202E+1	5.76045E-2	7.52096E-1
4.59450E+11	5.73226E-13	-7.03723E+1	1.41114E-1	-3.95688E-1
4.59625E+11	8.82098E-13	3.12485E+1	2.81566E-1	1.70848E-1
4.59800E+11	2.32065E-13	1.38479E+2	-2.13702E-1	1.89209E-1
4.59975E+11	3.66518E-13	1.59371E+2	-2.89217E-1	1.08874E-1
4.60150E+11	1.94863E-12	2.83049E+1	1.03475E+0	5.57269E-1
4.60325E+11	3.88749E-13	9.47201E+1	-3.47585E-2	4.20967E-1
4.60500E+11	1.01736E-13	1.33086E+2	-2.10581E-1	2.25141E-1
4.60675E+11	3.80543E-14	1.60186E+2	-2.49009E-1	8.97179E-2
4.60850E+11	4.21154E-13	9.24559E+1	-7.83362E-2	1.82645E+0
4.61025E+11	3.17833E-13	-9.63013E+1	-3.70743E-2	-3.35743E-1
4.61200E+11	1.12229E-13	-1.31916E+2	-1.18743E-1	-1.32265E-1
4.61375E+11	8.03353E-13	1.58714E+2	-1.11288E+0	4.33578E-1
4.61550E+11	3.10645E-13	-2.47463E+1	9.12088E-1	-4.20407E-1
4.61725E+11	4.08816E-13	1.33278E+2	-3.83398E-1	4.07170E-1
4.61900E+11	4.77939E-13	-7.54181E+0	6.15737E-1	-8.15205E-2
4.62075E+11	1.26198E-12	6.37370E+1	1.53827E-1	3.11751E-1
4.62250E+11	9.36303E-14	-3.67017E+1	1.47893E-1	-1.10243E-1
4.62425E+11	1.67939E-13	1.60867E+2	-1.89303E-1	6.56734E-2
4.62600E+11	1.54433E-13	-6.28301E+1	6.16632E-2	-1.20139E-1
4.62775E+11	6.23899E-13	-3.19184E+1	1.16364E+0	-7.24820E-1
4.62950E+11	4.11826E-13	-1.55744E+2	-3.25464E-1	-1.46650E-1
4.63125E+11	8.41978E-14	1.44346E+2	-1.08753E-1	7.80148E-2
4.63300E+11	2.42927E-12	-8.59946E+1	6.99400E-1	-9.98847E+0
4.63475E+11	1.50848E-12	-6.37513E+1	1.35183E+0	-2.74140E+0
4.63650E+11	7.94996E-13	9.21984E+1	-4.35153E-2	1.13354E+0
4.63825E+11	4.76501E-13	8.85017E+1	2.52820E-1	9.66579E+0
4.64000E+11	1.43523E-12	1.78729E+2	-1.56644E+0	3.47552E-2
4.64175E+11	2.80992E-12	-1.08305E+2	-1.55457E-1	-4.69932E-1
4.64350E+11	5.71663E-12	-8.97236E+1	7.47685E-3	-1.54975E+0
4.64525E+11	9.47487E-12	6.64078E+1	5.11977E-1	1.17230E+0
4.64700E+11	1.17066E-11	1.77419E+2	-1.38505E+0	6.24333E-2
4.64875E+11	6.57259E-12	-2.21535E+1	9.69089E-1	-3.94561E-1
4.65050E+11	2.36579E-11	1.02074E+2	-2.81290E-1	1.31503E+0
4.65225E+11	1.40871E-11	-1.51890E+2	-6.31946E-1	-3.37572E-1
4.65400E+11	9.48393E-12	-5.98031E+1	3.13030E-1	-5.37907E-1
4.65575E+11	1.87811E-11	6.81756E+1	2.49407E-1	6.22790E-1
4.65750E+11	4.01947E-11	-1.77211E+2	-9.15198E-1	-4.45867E-2
4.65925E+11	1.08523E-10	-4.16280E+1	9.33647E-1	-8.29747E-1
4.66100E+11	1.48045E-10	6.88078E+1	4.61268E-1	1.18970E+0
4.66275E+11	1.27988E-10	1.66823E+2	-1.12123E+0	2.62515E-1
4.66450E+11	1.24146E-10	-6.39721E+1	6.20233E-1	-1.27010E+0
4.66625E+11	9.50723E-11	3.07976E+1	9.72961E-1	5.79945E-1
4.66800E+11	5.28616E-11	1.41226E+2	-6.10278E-1	4.90227E-1
4.66975E+11	5.35575E-11	-8.75683E+1	4.56555E-2	-1.07510E+0
4.67150E+11	4.06223E-11	-1.51446E+1	1.07494E+0	-2.90939E-1
4.67325E+11	6.64039E-11	8.38745E+1	1.62451E-1	1.51372E+0
4.67500E+11	8.69409E-11	-1.49410E+2	-1.21062E+0	-7.15675E-1
4.67675E+11	9.04006E-11	-4.81822E+1	1.10338E+0	-1.23329E+0
4.67850E+11	6.02249E-11	6.07133E+1	6.57821E-1	1.17286E+0
4.68025E+11	4.69671E-11	1.43566E+2	-1.74744E+0	1.28993E+0
4.68200E+11	3.43100E-11	-9.68750E+1	-1.16107E-1	-9.62982E-1
4.68375E+11	2.91848E-11	-2.04528E+1	7.44067E-1	-2.77497E-1
4.68550E+11	2.33278E-11	7.65260E+1	1.68021E-1	7.01258E-1
4.68725E+11	1.49213E-11	1.70901E+2	-5.07616E-1	8.13021E-2
4.68900E+11	1.87641E-11	-1.12231E+2	-2.54105E-1	-6.21703E-1
4.69075E+11	2.40778E-11	1.51364E+0	5.10253E-1	1.34830E-2
4.69250E+11	2.72860E-11	1.79146E+2	-4.68414E-1	6.97874E-3
4.69425E+11	3.21845E-11	-8.37102E+1	4.16670E-2	-3.78034E-1
4.69600E+11	1.45921E-11	1.84465E+1	1.91655E-1	6.39279E-2
4.69775E+11	2.43402E-12	1.00385E+2	-1.65044E-2	9.00618E-2
4.69950E+11	5.49617E-12	-1.76318E+2	-1.48644E-1	-9.56563E-3
4.70125E+11	5.59040E-12	-1.02974E+2	-2.97983E-2	-1.29341E-1
4.70300E+11	1.07027E-11	-4.49492E+0	1.88179E-1	-1.47932E-2
4.70475E+11	3.33876E-11	7.95022E+1	5.17393E-2	2.79219E-1
4.70650E+11	4.25251E-11	-1.72169E+2	-2.61937E-1	-3.60265E-2
4.70825E+11	2.14949E-11	-9.12018E+1	-3.34056E-3	-1.59235E-1
4.71000E+11	3.94192E-11	-1.68883E+1	1.98882E-1	-6.03807E-2
4.71175E+11	5.47880E-11	6.22737E+1	1.08543E-1	2.06513E-1
4.71350E+11	9.63605E-11	1.37625E+2	-2.06736E-1	1.88613E-1
4.71525E+11	7.23655E-11	-1.56449E+2	-2.21814E-1	-9.66813E-2
4.71700E+11	1.47291E-10	-1.03196E+2	-7.35463E-2	-3.13669E-1
4.71875E+11	5.37131E-10	-2.48665E+1	5.84895E-1	-2.71084E-1
4.72050E+11	1.04100E-9	7.63429E+1	2.32777E-1	9.58004E-1
4.72225E+11	1.08095E-9	-1.54774E+2	-6.49645E-1	-3.06064E-1
4.72400E+11	1.28803E-9	-3.63165E+1	4.13455E-1	-3.03896E-1
4.72575E+11	1.34606E-9	7.46957E+1	1.03137E-1	3.76895E-1
4.72750E+11	1.70270E-9	-1.74953E+2	-3.32697E-1	-2.93799E-2
4.72925E+11	1.55282E-9	-6.63736E+1	9.58487E-2	-2.19114E-1
4.73100E+11	3.56113E-9	4.01701E+1	1.75250E-1	1.47941E-1
4.73275E+11	7.61846E-9	1.47187E+2	-1.91673E-1	1.23585E-1
4.73450E+11	9.99967E-9	-1.05127E+2	-5.47995E-2	-2.02713E-1
4.73625E+11	1.01237E-8	-5.26596E+0	1.81793E-1	-1.67555E-2
4.73800E+11	9.76824E-9	1.02807E+2	-3.68659E-2	1.62168E-1
4.73975E+11	1.04456E-8	-1.45198E+2	-1.40247E-1	-9.74817E-2
4.74150E+11	1.01939E-8	-3.18903E+1	1.35832E-1	-8.45162E-2
4.74325E+11	6.14034E-9	8.30918E+1	1.53572E-2	1.26752E-1
4.74500E+11	5.29462E-9	-1.79788E+2	-1.15408E-1	-4.26651E-4
4.74675E+11	9.79187E-9	-8.83242E+1	4.95815E-3	-1.69467E-1
4.74850E+11	9.31709E-9	3.05150E+1	1.79058E-1	1.05536E-1
4.75025E+11	6.82591E-9	1.52922E+2	-1.64336E-1	8.40164E-2
4.75200E+11	5.22718E-9	-1.05996E+2	-4.31833E-2	-1.50637E-1
4.75375E+11	3.58696E-9	6.89716E+0	1.26802E-1	1.53384E-2
4.75550E+11	1.97553E-9	1.14707E+2	-4.19874E-2	9.12569E-2
4.75725E+11	1.43192E-9	-1.48303E+2	-8.60607E-2	-5.31451E-2
4.75900E+11	9.73831E-10	-5.21066E+1	5.78039E-2	-7.42701E-2
4.76075E+11	8.71171E-10	3.75444E+1	7.87495E-2	6.05237E-2
4.76250E+11	1.14991E-9	1.29420E+2	-7.93101E-2	9.64844E-2
4.76425E+11	1.62859E-9	-1.10180E+2	-5.92486E-2	-1.61208E-1
4.76600E+11	1.49244E-9	6.36321E+0	2.05497E-1	2.29166E-2
4.76775E+11	1.36577E-9	1.18702E+2	-1.10050E-1	2.00993E-1
4.76950E+11	1.01675E-9	-1.40067E+2	-1.89606E-1	-1.58722E-1
4.77125E+11	7.49782E-10	-4.23784E+1	1.74912E-1	-1.59596E-1
4.77300E+11	4.00966E-10	-1.75156E+2	-1.66035E-1	-1.40698E-2
4.77475E+11	2.94256E-10	-8.17714E+1	2.23749E-2	-1.54724E-1
4.77650E+11	3.89300E-10	3.73490E+1	2.15046E-1	1.64112E-1
4.77825E+11	4.01147E-10	1.57443E+2	-2.89126E-1	1.20098E-1
4.78000E+11	2.21588E-10	-8.38256E+1	2.98625E-2	-2.76037E-1
4.78175E+11	1.78262E-10	3.93377E+1	2.22088E-1	1.82021E-1
4.78350E+11	2.13915E-10	1.24241E+2	-1.63930E-1	2.40849E-1
4.78525E+11	2.14021E-10	-1.54755E+2	-2.65259E-1	-1.25074E-1
4.78700E+11	3.06357E-10	-6.22907E+1	1.77554E-1	-3.38058E-1
4.78875E+11	2.37471E-10	3.53839E+1	2.57357E-1	1.82786E-1
4.79050E+11	3.74603E-10	1.28202E+2	-1.98355E-1	2.52041E-1
4.79225E+11	1.19134E-9	-1.14665E+2	-1.71435E-1	-3.73321E-1
4.79400E+11	1.52998E-9	-8.67659E+0	3.41297E-1	-5.20831E-2
4.79575E+11	1.09051E-9	6.53699E+1	1.73614E-1	3.78680E-1
4.79750E+11	1.00311E-9	1.29299E+2	-1.20750E+0	1.47532E+0
4.79925E+11	8.32263E-10	-3.83880E+1	1.09393E+0	-8.66663E-1
4.80100E+11	4.42249E-10	1.06944E+2	-3.06058E-1	1.00461E+0
4.80275E+11	3.18879E-10	-1.36654E+2	-7.93528E-1	-7.48996E-1
4.80450E+11	2.30183E-10	-5.16477E+1	1.02619E+0	-1.29695E+0
4.80625E+11	2.63756E-10	6.63105E+1	6.92019E-1	1.57725E+0
4.80800E+11	1.97664E-10	1.78919E+2	-1.32015E+0	2.49196E-2
4.80975E+11	1.76902E-10	-2.39956E+1	1.02470E+0	-4.56129E-1
4.81150E+11	9.84481E-11	7.18829E+1	3.34453E-1	1.02223E+0
4.81325E+11	6.59255E-11	-1.78474E+2	-7.84741E-1	-2.09048E-2
4.81500E+11	7.43300E-11	-5.30620E+1	5.18897E-1	-6.90153E-1
4.81675E+11	4.12524E-11	4.70378E+1	3.89291E-1	4.18016E-1
4.81850E+11	4.15812E-11	1.68327E+2	-5.42802E-1	1.12141E-1
4.82025E+11	1.20559E-10	-8.67219E+1	5.26051E-2	-9.18459E-1
4.82200E+11	1.90603E-10	2.98724E+1	8.76107E-1	5.03223E-1
4.82375E+11	2.19802E-10	1.57560E+2	-9.32766E-1	3.85221E-1
4.82550E+11	2.60387E-10	-7.35605E+1	3.27597E-1	-1.11025E+0
4.82725E+11	3.24200E-10	5.04150E+1	6.10165E-1	7.37956E-1
4.82900E+11	2.83007E-10	-1.78060E+2	-7.48483E-1	-2.53513E-2
4.83075E+11	2.41650E-10	-6.16495E+1	2.84572E-1	-5.27393E-1
4.83250E+11	2.11904E-10	3.76205E+1	4.06677E-1	3.13416E-1
4.83425E+11	1.83146E-10	1.31297E+2	-2.80186E-1	3.18968E-1
4.83600E+11	3.52824E-10	-1.27527E+2	-2.59878E-1	-3.38354E-1
4.83775E+11	4.02842E-10	-2.69318E+1	3.33830E-1	-1.69595E-1
4.83950E+11	3.22538E-10	7.21373E+1	9.85919E-2	3.05927E-1
4.84125E+11	2.14697E-10	-1.77322E+2	-2.75097E-1	-1.28666E-2
4.84300E+11	1.75776E-10	-8.53611E+1	2.11213E-2	-2.60302E-1
4.84475E+11	1.76420E-10	1.77239E+1	2.91001E-1	9.30039E-2
4.84650E+11	1.87835E-10	1.19387E+2	-1.64579E-1	2.92241E-1
4.84825E+11	3.69311E-10	-1.52654E+2	-3.97278E-1	-2.05450E-1
4.85000E+11	4.11498E-10	-5.75870E+1	2.84293E-1	-4.47749E-1
4.85175E+11	5.50364E-10	1.33231E+1	3.87311E-1	9.17212E-2
4.85350E+11	1.01596E-9	1.00378E+2	-1.02890E-1	5.61804E-1
4.85525E+11	1.57179E-9	-1.54553E+2	-7.55884E-1	-3.59678E-1
4.85700E+11	1.50098E-9	-2.84591E+1	9.33528E-1	-5.06002E-1
4.85875E+11	1.10770E-9	1.05344E+2	-2.29900E-1	8.37845E-1
4.86050E+11	6.82126E-10	-1.30202E+2	-4.35387E-1	-5.15171E-1
4.86225E+11	4.25978E-10	-1.50542E+1	5.44977E-1	-1.46579E-1
4.86400E+11	7.50528E-10	8.35324E+1	6.19541E-2	5.46512E-1
4.86575E+11	1.02238E-9	-1.49214E+2	-4.78775E-1	-2.85246E-1
4.86750E+11	1.34598E-9	-3.47594E+1	3.64309E-1	-2.52819E-1
4.86925E+11	1.95481E-9	5.84027E+1	2.50167E-1	4.06683E-1
4.87100E+11	1.38860E-9	1.46162E+2	-3.41373E-1	2.28854E-1
4.87275E+11	4.20393E-10	-1.10786E+2	-8.79778E-2	-2.31776E-1
4.87450E+11	4.15900E-10	-1.96881E+1	2.10907E-1	-7.54663E-2
4.87625E+11	1.50523E-9	6.15782E+1	1.98186E-1	3.66205E-1
4.87800E+11	3.59694E-9	1.50045E+2	-5.60170E-1	3.22831E-1
4.87975E+11	5.69726E-9	-1.15762E+2	-3.35008E-1	-6.94159E-1
4.88150E+11	5.75270E-9	-1.60510E+1	8.00180E-1	-2.30218E-1
4.88325E+11	5.02423E-9	9.94259E+1	-1.31974E-1	7.94957E-1
4.88500E+11	2.95008E-9	-1.61690E+2	-5.55637E-1	-1.83870E-1
4.88675E+11	1.98866E-9	-5.91482E+1	2.48178E-1	-4.15467E-1
4.88850E+11	2.19894E-9	5.88302E+1	2.65217E-1	4.38446E-1
4.89025E+11	2.71308E-9	1.75540E+2	-4.15075E-1	3.23765E-2
4.89200E+11	3.05844E-9	-9.04942E+1	-2.73657E-3	-3.17279E-1
4.89375E+11	5.89185E-9	2.95262E+0	3.49138E-1	1.80080E-2
4.89550E+11	8.02609E-9	1.06498E+2	-9.12945E-2	3.08235E-1
4.89725E+11	9.25995E-9	-1.42068E+2	-2.00001E-1	-1.55877E-1
4.89900E+11	8.15526E-9	-3.47467E+1	1.40891E-1	-9.77277E-2
4.90075E+11	9.62541E-9	6.31617E+1	7.82082E-2	1.54569E-1
4.90250E+11	1.08000E-8	1.55158E+2	-1.76340E-1	8.16362E-2
4.90425E+11	1.08258E-8	-1.12187E+2	-8.97711E-2	-2.20121E-1
4.90600E+11	1.15686E-8	-1.79331E+1	2.31778E-1	-7.50100E-2
4.90775E+11	1.15158E-8	7.00569E+1	6.75571E-2	1.86186E-1
4.90950E+11	2.83848E-8	1.71841E+2	-2.08366E-1	2.98739E-2
4.91125E+11	4.74395E-8	-7.77876E+1	4.62325E-2	-2.13610E-1
4.91300E+11	5.09031E-8	2.98735E+1	1.92859E-1	1.10780E-1
4.91475E+11	4.02333E-8	1.37587E+2	-1.47886E-1	1.35099E-1
4.91650E+11	2.59840E-8	-1.20112E+2	-8.61144E-2	-1.48481E-1
4.91825E+11	1.77257E-8	-2.10386E+1	1.38618E-1	-5.33175E-2
4.92000E+11	1.13607E-8	8.55984E+1	1.02041E-2	1.32567E-1
4.92175E+11	6.49392E-9	-1.76723E+2	-1.06015E-1	-6.07029E-3
4.92350E+11	7.65760E-9	-9.32718E+1	-6.27328E-3	-1.09738E-1
4.92525E+11	8.68250E-9	3.54610E+0	1.34869E-1	8.35788E-3
4.92700E+11	6.92149E-9	1.05043E+2	-3.50485E-2	1.30415E-1
4.92875E+11	6.43069E-9	-1.56184E+2	-1.30125E-1	-5.74354E-2
4.93050E+11	5.23088E-9	-5.45827E+1	8.44828E-2	-1.18803E-1
4.93225E+11	5.53202E-9	4.76487E+1	9.75976E-2	1.07066E-1
4.93400E+11	6.34246E-9	1.53033E+2	-1.33702E-1	6.80287E-2
4.93575E+11	5.23114E-9	-1.00732E+2	-2.67385E-2	-1.41072E-1
4.93750E+11	6.96058E-9	-6.28127E+0	1.90319E-1	-2.09485E-2
4.93925E+11	1.33280E-8	1.11039E+2	-9.19835E-2	2.39133E-1
4.94100E+11	2.44564E-8	-1.22356E+2	-1.51576E-1	-2.39252E-1
4.94275E+11	2.93055E-8	-3.46436E+0	2.45410E-1	-1.48567E-2
4.94450E+11	2.91705E-8	9.71320E+1	-2.47208E-2	1.97570E-1
4.94625E+11	2.12567E-8	-1.62990E+2	-1.60966E-1	-4.92437E-2
4.94800E+11	1.49681E-8	-6.33443E+1	6.43969E-2	-1.28286E-1
4.94975E+11	1.08725E-8	4.69431E+1	7.81359E-2	8.36238E-2
4.95150E+11	7.18251E-9	1.34276E+2	-6.80762E-2	6.98198E-2
4.95325E+11	9.89466E-9	-1.53774E+2	-1.10889E-1	-5.46271E-2
4.95500E+11	1.62482E-8	-4.62315E+1	1.07437E-1	-1.12158E-1
4.95675E+11	2.11479E-8	7.46697E+1	4.33624E-2	1.58177E-1
4.95850E+11	2.13046E-8	-1.71376E+2	-1.50193E-1	-2.27801E-2
4.96025E+11	2.32085E-8	-6.92501E+1	5.40037E-2	-1.42541E-1
4.96200E+11	2.08061E-8	4.00878E+1	1.17554E-1	9.89472E-2
4.96375E+11	2.21382E-8	1.51018E+2	-1.43139E-1	7.92858E-2
4.96550E+11	2.11266E-8	-1.02172E+2	-3.59030E-2	-1.66447E-1
4.96725E+11	2.34408E-8	-5.47221E+0	1.94034E-1	-1.85884E-2
4.96900E+11	2.64742E-8	9.90467E+1	-3.20961E-2	2.01583E-1
4.97075E+11	2.24862E-8	-1.48186E+2	-1.73611E-1	-1.07703E-1
4.97250E+11	1.61433E-8	-4.36397E+1	1.23934E-1	-1.18185E-1
4.97425E+11	9.51690E-9	6.71727E+1	5.53910E-2	1.31594E-1
4.97600E+11	7.24736E-9	1.78378E+2	-1.27580E-1	3.61163E-3
4.97775E+11	4.34585E-9	-8.11498E+1	1.61812E-2	-1.03922E-1
4.97950E+11	2.47372E-9	6.51092E+0	8.86760E-2	1.01205E-2
4.98125E+11	2.50727E-9	7.81576E+1	1.90374E-2	9.07911E-2
4.98300E+11	4.65528E-9	1.70640E+2	-1.28906E-1	2.12482E-2
4.98475E+11	6.38974E-9	-7.62649E+1	3.72843E-2	-1.52541E-1
4.98650E+11	5.86596E-9	3.55801E+1	1.24046E-1	8.87428E-2
4.98825E+11	6.31152E-9	1.43177E+2	-1.24844E-1	9.34749E-2
4.99000E+11	7.67698E-9	-1.16185E+2	-7.33686E-2	-1.49201E-1
4.99175E+11	1.02036E-8	-7.99127E+0	1.75300E-1	-2.46096E-2
4.99350E+11	8.98956E-9	8.78039E+1	7.34710E-3	1.91592E-1
4.99525E+11	7.98797E-9	-1.74362E+2	-1.61595E-1	-1.59522E-2
4.99700E+11	7.54353E-9	-6.08870E+1	7.63201E-2	-1.37047E-1
4.99875E+11	9.84363E-9	7.39303E+1	4.85987E-2	1.68709E-1
5.00050E+11	8.16913E-9	-1.49483E+2	-1.54213E-1	-9.08998E-2
5.00225E+11	8.25961E-9	-3.06229E+1	1.39400E-1	-8.25158E-2
5.00400E+11	1.00292E-8	6.72655E+1	5.54695E-2	1.32380E-1
5.00575E+11	1.13716E-8	1.61481E+2	-1.24811E-1	4.18075E-2
5.00750E+11	8.85888E-9	-9.62073E+1	-1.29240E-2	-1.18825E-1
5.00925E+11	8.28530E-9	1.52601E+0	1.17107E-1	3.11974E-3
5.01100E+11	1.10135E-8	1.06184E+2	-3.59564E-2	1.23889E-1
5.01275E+11	1.67346E-8	-1.38673E+2	-1.20672E-1	-1.06112E-1
5.01450E+11	2.22860E-8	-2.79310E+1	1.65469E-1	-8.77259E-2
5.01625E+11	2.27362E-8	7.49892E+1	5.10230E-2	1.90277E-1
5.01800E+11	2.25901E-8	-1.77839E+2	-2.21857E-1	-8.37171E-3
5.01975E+11	1.76048E-8	-7.75405E+1	6.44367E-2	-2.91630E-1
5.02150E+11	1.18326E-8	3.86000E+1	2.76240E-1	2.20520E-1
5.02325E+11	7.12385E-9	1.62800E+2	-3.59186E-1	1.11185E-1
5.02500E+11	4.35615E-9	-9.37865E+1	-2.43111E-2	-3.67335E-1
5.02675E+11	7.64869E-9	9.83148E+0	5.64772E-1	9.78726E-2
5.02850E+11	1.02922E-8	1.22991E+2	-4.62001E-1	7.11676E-1
5.03025E+11	1.14824E-8	-1.24962E+2	-5.97175E-1	-8.54045E-1
5.03200E+11	9.41534E-9	-4.70488E+0	1.15537E+0	-9.50878E-2
5.03375E+11	1.00757E-8	1.17459E+2	-4.59369E-1	8.83999E-1
5.03550E+11	9.91614E-9	-1.28512E+2	-5.14515E-1	-6.46554E-1
5.03725E+11	7.39770E-9	-2.39420E+1	7.11874E-1	-3.16083E-1
5.03900E+11	6.51334E-9	7.65925E+1	1.55057E-1	6.50484E-1
5.04075E+11	1.25665E-8	1.69157E+2	-7.06866E-1	1.35395E-1
5.04250E+11	2.35762E-8	-8.46022E+1	7.76847E-2	-8.22152E-1
5.04425E+11	2.88525E-8	3.66576E+1	6.02493E-1	4.48391E-1
5.04600E+11	3.07362E-8	1.64172E+2	-5.94688E-1	1.68592E-1
5.04775E+11	3.24994E-8	-6.58426E+1	2.09482E-1	-4.67048E-1
5.04950E+11	2.68846E-8	5.72345E+1	2.23362E-1	3.47049E-1
5.05125E+11	2.15069E-8	1.71118E+2	-3.20192E-1	5.00357E-2
5.05300E+11	1.40357E-8	-9.31092E+1	-1.31263E-2	-2.41647E-1
5.05475E+11	1.33808E-8	-1.16310E+1	2.27732E-1	-4.68749E-2
5.05650E+11	1.63598E-8	8.13018E+1	4.07299E-2	2.66226E-1
5.05825E+11	2.42057E-8	-1.57388E+2	-3.06673E-1	-1.27734E-1
5.06000E+11	1.95798E-8	-3.28189E+1	2.58170E-1	-1.66500E-1
5.06175E+11	2.06442E-8	7.68461E+1	6.10907E-2	2.61408E-1
5.06350E+11	1.66767E-8	-1.78058E+2	-2.31013E-1	-7.83361E-3
5.06525E+11	1.72475E-8	-7.43750E+1	5.52728E-2	-1.97631E-1
5.06700E+11	1.96936E-8	1.58845E+1	1.81342E-1	5.16036E-2
5.06875E+11	1.61635E-8	1.05271E+2	-4.48609E-2	1.64305E-1
5.07050E+11	2.46254E-8	-1.67169E+2	-1.91582E-1	-4.36349E-2
5.07225E+11	4.59210E-8	-6.92046E+1	8.89899E-2	-2.34325E-1
5.07400E+11	6.11893E-8	3.92162E+1	2.20749E-1	1.80143E-1
5.07575E+11	6.80546E-8	1.45377E+2	-2.43210E-1	1.67924E-1
5.07750E+11	6.88710E-8	-1.05781E+2	-7.29417E-2	-2.58091E-1
5.07925E+11	5.98977E-8	-4.62642E+0	2.35436E-1	-1.90520E-2
5.08100E+11	3.89849E-8	8.87777E+1	4.09059E-3	1.91724E-1
5.08275E+11	2.78343E-8	-1.79327E+2	-1.64486E-1	-1.93277E-3
5.08450E+11	2.40539E-8	-9.31255E+1	-8.38022E-3	-1.53472E-1
5.08625E+11	3.34481E-8	5.70813E+0	1.76057E-1	1.75980E-2
5.08800E+11	3.94483E-8	1.23777E+2	-1.10566E-1	1.65306E-1
5.08975E+11	2.99512E-8	-1.24175E+2	-1.03261E-1	-1.52088E-1
5.09150E+11	2.12663E-8	-2.65925E+1	1.47958E-1	-7.40676E-2
5.09325E+11	1.38285E-8	6.82612E+1	5.70708E-2	1.43131E-1
5.09500E+11	1.13279E-8	1.61597E+2	-1.44443E-1	4.80579E-2
5.09675E+11	7.59359E-9	-1.04577E+2	-3.63410E-2	-1.39746E-1
5.09850E+11	5.71383E-9	-1.64147E+1	1.35209E-1	-3.98318E-2
5.10025E+11	1.48205E-8	7.60471E+1	4.81341E-2	1.93733E-1
5.10200E+11	2.71635E-8	-1.76763E+2	-2.52470E-1	-1.42794E-2
5.10375E+11	4.24650E-8	-5.59854E+1	1.75126E-1	-2.59492E-1
5.10550E+11	3.56238E-8	5.88693E+1	1.60197E-1	2.65240E-1
5.10725E+11	2.68558E-8	1.73559E+2	-2.78419E-1	3.14321E-2
5.10900E+11	2.72968E-8	-7.58255E+1	6.37721E-2	-2.52498E-1
5.11075E+11	1.79579E-8	2.70452E+1	1.92190E-1	9.81164E-2
5.11250E+11	1.23818E-8	1.22702E+2	-9.46734E-2	1.47457E-1
5.11425E+11	1.05315E-8	-1.50163E+2	-1.48935E-1	-8.54255E-2
5.11600E+11	1.21689E-8	-5.82819E+1	1.00042E-1	-1.61868E-1
5.11775E+11	1.57991E-8	3.63819E+1	1.64447E-1	1.21160E-1
5.11950E+11	1.36245E-8	1.31386E+2	-1.24412E-1	1.41187E-1
5.12125E+11	1.08434E-8	-1.25660E+2	-9.72868E-2	-1.35587E-1
5.12300E+11	1.13595E-8	-2.65270E+1	1.45916E-1	-7.28368E-2
5.12475E+11	1.13251E-8	7.42433E+1	4.24890E-2	1.50587E-1
5.12650E+11	1.02722E-8	1.72059E+2	-1.50422E-1	2.09827E-2
5.12825E+11	1.28243E-8	-9.96996E+1	-2.69067E-2	-1.57417E-1
5.13000E+11	2.29114E-8	-5.80758E+0	2.07965E-1	-2.11521E-2
5.13175E+11	4.33674E-8	9.41973E+1	-1.91700E-2	2.61218E-1
5.13350E+11	5.98574E-8	-1.54054E+2	-2.58416E-1	-1.25735E-1
5.13525E+11	6.04076E-8	-4.42624E+1	2.04383E-1	-1.99187E-1
5.13700E+11	5.22985E-8	6.08084E+1	1.33272E-1	2.38544E-1
5.13875E+11	3.81642E-8	1.62792E+2	-2.36835E-1	7.33480E-2
5.14050E+11	2.79064E-8	-9.72162E+1	-2.67457E-2	-2.11234E-1
5.14225E+11	1.40685E-8	-4.68031E+0	1.81963E-1	-1.48971E-2
5.14400E+11	1.24643E-8	7.67692E+1	4.05479E-2	1.72460E-1
5.14575E+11	1.59705E-8	1.77674E+2	-2.15139E-1	8.73989E-3
5.14750E+11	1.40927E-8	-7.42109E+1	6.40309E-2	-2.26445E-1
5.14925E+11	1.18561E-8	2.82420E+1	1.97576E-1	1.06126E-1
5.15100E+11	9.39478E-9	1.24315E+2	-1.20099E-1	1.75960E-1
5.15275E+11	1.00279E-8	-1.47360E+2	-1.79434E-1	-1.14929E-1
5.15450E+11	9.35084E-9	-5.77238E+1	1.09307E-1	-1.73065E-1
5.15625E+11	1.08673E-8	2.58176E+1	1.89257E-1	9.15621E-2
5.15800E+11	1.12122E-8	1.14891E+2	-9.66868E-2	2.08377E-1
5.15975E+11	1.63466E-8	-1.43305E+2	-2.20435E-1	-1.64277E-1
5.16150E+11	2.67928E-8	-3.43088E+1	2.55735E-1	-1.74508E-1
5.16325E+11	2.66800E-8	7.60032E+1	7.47379E-2	2.99829E-1
5.16500E+11	2.63157E-8	-1.77480E+2	-2.88656E-1	-1.27046E-2
5.16675E+11	2.71032E-8	-7.72347E+1	5.66044E-2	-2.49845E-1
5.16850E+11	2.46217E-8	2.00639E+1	2.13081E-1	7.78247E-2
5.17025E+11	2.12568E-8	1.22264E+2	-1.04692E-1	1.65836E-1
5.17200E+11	1.50555E-8	-1.39485E+2	-1.24226E-1	-1.06157E-1
5.17375E+11	2.18325E-8	-4.78513E+1	1.25575E-1	-1.38740E-1
5.17550E+11	3.98219E-8	6.24342E+1	1.07704E-1	2.06319E-1
5.17725E+11	4.22280E-8	1.70938E+2	-2.32926E-1	3.71498E-2
5.17900E+11	4.13522E-8	-8.65702E+1	1.32461E-2	-2.21015E-1
5.18075E+11	3.72208E-8	1.01181E+1	2.03759E-1	3.63615E-2
5.18250E+11	3.63340E-8	1.05226E+2	-5.36157E-2	1.96988E-1
5.18425E+11	4.63654E-8	-1.52783E+2	-1.88174E-1	-9.67795E-2
5.18600E+11	4.38667E-8	-5.02988E+1	1.36516E-1	-1.64427E-1
5.18775E+11	5.11493E-8	4.56040E+1	1.49042E-1	1.52218E-1
5.18950E+11	6.50104E-8	1.41674E+2	-1.94024E-1	1.53371E-1
5.19125E+11	8.09210E-8	-1.16603E+2	-1.19929E-1	-2.39461E-1
5.19300E+11	9.28148E-8	-9.80299E+0	2.76302E-1	-4.77404E-2
5.19475E+11	9.07094E-8	9.93733E+1	-4.59661E-2	2.78464E-1
5.19650E+11	8.27878E-8	-1.45618E+2	-2.11599E-1	-1.44788E-1
5.19825E+11	7.81616E-8	-2.85610E+1	2.10393E-1	-1.14524E-1
5.20000E+11	6.05145E-8	8.63011E+1	1.32763E-2	2.05361E-1
5.20175E+11	4.96920E-8	-1.69718E+2	-1.82841E-1	-3.31669E-2
5.20350E+11	7.96304E-8	-7.04752E+1	7.40518E-2	-2.08829E-1
5.20525E+11	1.01544E-7	4.06883E+1	1.92323E-1	1.65356E-1
5.20700E+11	9.82818E-8	1.54226E+2	-2.20719E-1	1.06577E-1
5.20875E+11	8.24602E-8	-1.00970E+2	-4.31007E-2	-2.22363E-1
5.21050E+11	6.35767E-8	8.07352E-1	2.10586E-1	2.96756E-3
5.21225E+11	4.96083E-8	1.07206E+2	-5.89617E-2	1.90407E-1
5.21400E+11	4.32372E-8	-1.51169E+2	-1.65144E-1	-9.09058E-2
5.21575E+11	3.82556E-8	-4.77010E+1	1.14043E-1	-1.25336E-1
5.21750E+11	3.19095E-8	4.47440E+1	1.12647E-1	1.11644E-1
5.21925E+11	4.69898E-8	1.38307E+2	-1.49412E-1	1.33088E-1
5.22100E+11	6.26432E-8	-1.11428E+2	-8.79108E-2	-2.23997E-1
5.22275E+11	7.58073E-8	4.90234E+0	2.61493E-1	2.24286E-2
5.22450E+11	7.69974E-8	1.22850E+2	-1.45787E-1	2.25784E-1
5.22625E+11	7.09214E-8	-1.23071E+2	-1.41057E-1	-2.16616E-1
5.22800E+11	6.05599E-8	-5.58539E+0	2.36936E-1	-2.31708E-2
5.22975E+11	4.91513E-8	1.09235E+2	-6.87616E-2	1.97074E-1
5.23150E+11	4.51815E-8	-1.43096E+2	-1.63741E-1	-1.22958E-1
5.23325E+11	5.08991E-8	-3.77013E+1	1.74175E-1	-1.34624E-1
5.23500E+11	5.77115E-8	6.82275E+1	8.87813E-2	2.22278E-1
5.23675E+11	4.21342E-8	1.74047E+2	-2.34608E-1	2.44656E-2
5.23850E+11	4.32287E-8	-8.38871E+1	2.40755E-2	-2.24801E-1
5.24025E+11	3.99633E-8	2.03111E+1	2.04590E-1	7.57253E-2
5.24200E+11	3.45258E-8	1.18861E+2	-1.00137E-1	1.81691E-1
5.24375E+11	3.06881E-8	-1.43612E+2	-1.55736E-1	-1.14767E-1
5.24550E+11	2.47625E-8	-4.42770E+1	1.24266E-1	-1.21168E-1
5.24725E+11	2.45807E-8	4.00151E+1	1.37593E-1	1.15516E-1
5.24900E+11	3.97863E-8	1.27272E+2	-1.37235E-1	1.80331E-1
5.25075E+11	6.12258E-8	-1.44336E+2	-2.15756E-1	-1.54831E-1
5.25250E+11	7.47777E-8	-3.57769E+1	2.19113E-1	-1.57895E-1
5.25425E+11	8.85562E-8	7.79565E+1	5.41710E-2	2.53907E-1
5.25600E+11	8.58726E-8	-1.63804E+2	-2.30131E-1	-6.68417E-2
5.25775E+11	6.82390E-8	-4.70960E+1	1.45463E-1	-1.56515E-1
5.25950E+11	4.85585E-8	6.37665E+1	8.26919E-2	1.67804E-1
5.26125E+11	4.39342E-8	1.64821E+2	-1.61010E-1	4.36820E-2
5.26300E+11	3.45420E-8	-1.01335E+2	-3.02968E-2	-1.51143E-1
5.26475E+11	3.57135E-8	-4.19495E+0	1.59357E-1	-1.16883E-2
5.26650E+11	3.20195E-8	1.09139E+2	-5.38981E-2	1.55303E-1
5.26825E+11	3.12784E-8	-1.34484E+2	-1.07945E-1	-1.09907E-1
5.27000E+11	3.21783E-8	-1.85787E+1	1.42501E-1	-4.78978E-2
5.27175E+11	2.68755E-8	8.73482E+1	6.70503E-3	1.44769E-1
5.27350E+11	2.15535E-8	-1.69252E+2	-1.35582E-1	-2.57353E-2
5.27525E+11	1.95937E-8	-7.41188E+1	3.67347E-2	-1.29119E-1
5.27700E+11	2.47456E-8	1.92567E+1	1.43545E-1	5.01468E-2
5.27875E+11	3.79966E-8	1.27371E+2	-1.13038E-1	1.48002E-1
5.28050E+11	4.78857E-8	-1.13360E+2	-8.86328E-2	-2.05206E-1
5.28225E+11	4.50542E-8	8.95541E+0	2.26230E-1	3.56508E-2
5.28400E+11	4.53195E-8	1.24069E+2	-1.23626E-1	1.82810E-1
5.28575E+11	4.18497E-8	-1.30813E+2	-1.34457E-1	-1.55700E-1
5.28750E+11	3.00132E-8	-3.07790E+1	1.51175E-1	-9.00430E-2
5.28925E+11	2.26293E-8	6.40581E+1	6.48653E-2	1.33336E-1
5.29100E+11	1.48367E-8	1.54558E+2	-1.09746E-1	5.22109E-2
5.29275E+11	1.57119E-8	-1.12710E+2	-4.50512E-2	-1.07645E-1
5.29450E+11	1.92920E-8	-6.49998E+0	1.28180E-1	-1.46043E-2
5.29625E+11	2.14584E-8	1.08222E+2	-4.23953E-2	1.28776E-1
5.29800E+11	1.61407E-8	-1.42154E+2	-9.84400E-2	-7.64838E-2
5.29975E+11	1.45151E-8	-4.50883E+1	8.32049E-2	-8.34617E-2
5.30150E+11	1.31806E-8	4.88546E+1	7.55415E-2	8.64563E-2
5.30325E+11	1.15083E-8	1.42286E+2	-8.65403E-2	6.69194E-2
5.30500E+11	1.03012E-8	-1.21994E+2	-5.68498E-2	-9.09989E-2
5.30675E+11	1.23312E-8	-1.92324E+1	1.07690E-1	-3.75697E-2
5.30850E+11	1.60919E-8	8.89472E+1	2.37108E-3	1.29027E-1
5.31025E+11	1.97644E-8	-1.60663E+2	-1.42239E-1	-4.99155E-2
5.31200E+11	2.42418E-8	-4.69157E+1	1.09936E-1	-1.17545E-1
5.31375E+11	2.57647E-8	5.71076E+1	8.57895E-2	1.32649E-1
5.31550E+11	1.90926E-8	1.61290E+2	-1.34268E-1	4.54736E-2
5.31725E+11	1.75074E-8	-9.25027E+1	-5.45122E-3	-1.24718E-1
5.31900E+11	1.33340E-8	1.27187E+1	1.03965E-1	2.34652E-2
5.32075E+11	9.99308E-9	1.11694E+2	-3.49350E-2	8.78153E-2
5.32250E+11	1.25486E-8	-1.56115E+2	-9.21559E-2	-4.08096E-2
5.32425E+11	1.82031E-8	-6.57976E+1	4.68305E-2	-1.04191E-1
5.32600E+11	1.90334E-8	3.00481E+1	1.06649E-1	6.16935E-2
5.32775E+11	2.11094E-8	1.24102E+2	-6.94464E-2	1.02562E-1
5.32950E+11	2.01238E-8	-1.45900E+2	-9.84281E-2	-6.66420E-2
5.33125E+11	2.11899E-8	-4.85883E+1	7.97844E-2	-9.04604E-2
5.33300E+11	1.93535E-8	5.26111E+1	7.46948E-2	9.77362E-2
5.33475E+11	1.93643E-8	1.52711E+2	-1.08934E-1	5.61982E-2
5.33650E+11	2.16239E-8	-1.10050E+2	-4.37757E-2	-1.19944E-1
5.33825E+11	2.60910E-8	-1.74134E+1	1.25815E-1	-3.94604E-2
5.34000E+11	3.29150E-8	7.96555E+1	2.61986E-2	1.43528E-1
5.34175E+11	4.41569E-8	-1.75093E+2	-1.62094E-1	-1.39154E-2
5.34350E+11	3.50645E-8	-6.66931E+1	6.08664E-2	-1.41283E-1
5.34525E+11	3.04268E-8	4.23718E+1	1.00355E-1	9.15466E-2
5.34700E+11	2.43189E-8	1.48704E+2	-1.02375E-1	6.22362E-2
5.34875E+11	1.61787E-8	-1.12589E+2	-3.86260E-2	-9.28435E-2
5.35050E+11	1.28733E-8	-2.08047E+1	8.44707E-2	-3.20954E-2
5.35225E+11	1.30450E-8	6.39589E+1	3.87014E-2	7.92055E-2
5.35400E+11	1.26617E-8	1.49903E+2	-7.49808E-2	4.34594E-2
5.35575E+11	1.58306E-8	-1.19493E+2	-4.61743E-2	-8.16363E-2
5.35750E+11	1.91474E-8	-2.13108E+1	9.16128E-2	-3.57381E-2
5.35925E+11	2.19628E-8	7.93209E+1	1.80410E-2	9.56709E-2
5.36100E+11	2.35968E-8	-1.78444E+2	-1.01336E-1	-2.75230E-3
5.36275E+11	2.32555E-8	-7.22205E+1	3.16550E-2	-9.87154E-2
5.36450E+11	2.56037E-8	3.63341E+1	8.55129E-2	6.28938E-2
5.36625E+11	2.80512E-8	1.43853E+2	-8.92619E-2	6.52038E-2
5.36800E+11	2.73851E-8	-1.08745E+2	-3.63325E-2	-1.07062E-1
5.36975E+11	3.45600E-8	-2.81275E+0	1.23321E-1	-6.05893E-3
5.37150E+11	3.81988E-8	1.05119E+2	-3.53573E-2	1.30866E-1
5.37325E+11	3.19612E-8	-1.45623E+2	-1.06676E-1	-7.29812E-2
5.37500E+11	2.34450E-8	-4.00064E+1	8.99424E-2	-7.54877E-2
5.37675E+11	1.88591E-8	6.61449E+1	4.29079E-2	9.70323E-2
5.37850E+11	1.41806E-8	1.71482E+2	-9.16904E-2	1.37333E-2
5.38025E+11	1.10576E-8	-8.45902E+1	8.00674E-3	-8.45486E-2
5.38200E+11	9.93216E-9	1.74267E+1	7.71269E-2	2.42096E-2
5.38375E+11	9.41545E-9	1.15528E+2	-3.33253E-2	6.97802E-2
5.38550E+11	1.13994E-8	-1.52100E+2	-7.36029E-2	-3.89705E-2
5.38725E+11	1.39067E-8	-5.22688E+1	5.45013E-2	-7.04370E-2
5.38900E+11	1.27555E-8	4.89154E+1	5.97929E-2	6.85791E-2
5.39075E+11	1.58226E-8	1.56166E+2	-8.68441E-2	3.83639E-2
5.39250E+11	1.70445E-8	-9.11404E+1	-1.90923E-3	-9.59145E-2
5.39425E+11	1.72701E-8	2.11347E+1	8.87452E-2	3.43056E-2
5.39600E+11	1.60562E-8	1.26285E+2	-5.56136E-2	7.57492E-2
5.39775E+11	1.51128E-8	-1.31196E+2	-6.14531E-2	-7.02074E-2
5.39950E+11	1.69680E-8	-3.30401E+1	8.18004E-2	-5.32032E-2
5.40125E+11	1.99449E-8	6.95264E+1	3.67046E-2	9.83090E-2
5.40300E+11	1.81137E-8	-1.77378E+2	-1.02531E-1	-4.69608E-3
5.40475E+11	1.55595E-8	-6.32448E+1	4.19574E-2	-8.32233E-2
5.40650E+11	1.27961E-8	4.45093E+1	5.88964E-2	5.78962E-2
5.40825E+11	1.11462E-8	1.46853E+2	-6.25652E-2	4.08587E-2
5.41000E+11	8.11845E-9	-1.25248E+2	-3.85835E-2	-5.45985E-2
5.41175E+11	7.35382E-9	-3.68263E+1	5.14579E-2	-3.85323E-2
5.41350E+11	7.78490E-9	4.90791E+1	4.01169E-2	4.62781E-2
5.41525E+11	7.23023E-9	1.30761E+2	-4.25779E-2	4.93944E-2
5.41700E+11	1.01614E-8	-1.35405E+2	-5.41548E-2	-5.33941E-2
5.41875E+11	1.41643E-8	-3.54863E+1	6.99943E-2	-4.99012E-2
5.42050E+11	1.44016E-8	6.25880E+1	4.28082E-2	8.25431E-2
5.42225E+11	1.61321E-8	1.64012E+2	-9.49508E-2	2.72056E-2
5.42400E+11	2.00058E-8	-9.62286E+1	-1.10569E-2	-1.01309E-1
5.42575E+11	1.95243E-8	6.14822E+0	1.04053E-1	1.12086E-2
5.42750E+11	1.80455E-8	1.15281E+2	-4.57266E-2	9.68189E-2
5.42925E+11	1.82914E-8	-1.35192E+2	-7.24171E-2	-7.19336E-2
5.43100E+11	2.32253E-8	-2.28782E+1	9.93491E-2	-4.19222E-2
5.43275E+11	2.42918E-8	9.48938E+1	-9.80225E-3	1.14484E-1
5.43450E+11	1.91356E-8	-1.50501E+2	-9.39104E-2	-5.31294E-2
5.43625E+11	1.67610E-8	-3.95582E+1	7.61337E-2	-6.28898E-2
5.43800E+11	1.46196E-8	6.65641E+1	3.52353E-2	8.12840E-2
5.43975E+11	1.10011E-8	1.69289E+2	-7.60847E-2	1.43908E-2
5.44150E+11	1.08809E-8	-8.77679E+1	2.85315E-3	-7.31992E-2
5.44325E+11	8.82206E-9	1.24498E+1	6.82508E-2	1.50681E-2
5.44500E+11	8.91110E-9	1.07979E+2	-2.07952E-2	6.40792E-2
5.44675E+11	1.21046E-8	-1.56174E+2	-7.03192E-2	-3.10521E-2
5.44850E+11	1.60202E-8	-6.01896E+1	4.42274E-2	-7.71927E-2
5.45025E+11	1.85992E-8	3.92858E+1	7.63573E-2	6.24661E-2
5.45200E+11	2.44698E-8	1.40520E+2	-8.51800E-2	7.01677E-2
5.45375E+11	2.64750E-8	-1.16328E+2	-5.09319E-2	-1.02925E-1
5.45550E+11	2.61645E-8	-1.39773E+1	1.15533E-1	-2.87571E-2
5.45725E+11	2.82546E-8	9.24838E+1	-5.34535E-3	1.23228E-1
5.45900E+11	2.38563E-8	-1.60112E+2	-1.09027E-1	-3.94404E-2
5.46075E+11	2.32881E-8	-5.94293E+1	5.89111E-2	-9.97297E-2
5.46250E+11	2.53667E-8	4.34654E+1	8.79215E-2	8.33336E-2
5.46425E+11	1.90751E-8	1.50849E+2	-1.01759E-1	5.67578E-2
5.46600E+11	1.84058E-8	-1.03901E+2	-2.65070E-2	-1.07103E-1
5.46775E+11	1.27163E-8	-3.24766E-1	1.02720E-1	-5.82249E-4
5.46950E+11	1.07026E-8	1.04599E+2	-2.38960E-2	9.17418E-2
5.47125E+11	1.03622E-8	-1.51657E+2	-8.15156E-2	-4.39698E-2
5.47300E+11	8.23111E-9	-4.22654E+1	6.74792E-2	-6.13269E-2
5.47475E+11	6.97086E-9	5.80866E+1	4.71703E-2	7.57427E-2
5.47650E+11	8.47741E-9	1.53829E+2	-8.84340E-2	4.34603E-2
5.47825E+11	1.03045E-8	-1.07132E+2	-3.24840E-2	-1.05381E-1
5.48000E+11	1.23666E-8	-6.27488E+0	1.26715E-1	-1.39332E-2
5.48175E+11	1.51782E-8	9.67302E+1	-1.62789E-2	1.37947E-1
5.48350E+11	1.79275E-8	-1.54737E+2	-1.31959E-1	-6.22737E-2
5.48525E+11	1.77564E-8	-4.89131E+1	9.59618E-2	-1.10054E-1
5.48700E+11	1.55347E-8	5.80875E+1	7.30157E-2	1.17248E-1
5.48875E+11	1.42135E-8	1.62774E+2	-1.20520E-1	3.73666E-2
5.49050E+11	1.06628E-8	-1.00033E+2	-1.94698E-2	-1.10044E-1
5.49225E+11	1.02780E-8	-7.68245E+0	1.07086E-1	-1.44452E-2
5.49400E+11	1.10760E-8	8.91960E+1	1.50541E-3	1.07279E-1
5.49575E+11	1.20147E-8	-1.70700E+2	-1.01736E-1	-1.66600E-2
5.49750E+11	9.97103E-9	-6.86594E+1	3.56296E-2	-9.11945E-2
5.49925E+11	8.35486E-9	3.44550E+1	7.54457E-2	5.17652E-2
5.50100E+11	8.45870E-9	1.33577E+2	-5.90659E-2	6.20747E-2
5.50275E+11	8.43566E-9	-1.26060E+2	-4.95784E-2	-6.80890E-2
5.50450E+11	8.79426E-9	-2.79421E+1	7.34978E-2	-3.89843E-2
5.50625E+11	8.27820E-9	6.62809E+1	3.38962E-2	7.71477E-2
5.50800E+11	1.15057E-8	1.66164E+2	-9.19848E-2	2.26552E-2
5.50975E+11	1.46174E-8	-9.00351E+1	-6.29953E-5	-1.02816E-1
5.51150E+11	1.69425E-8	1.70393E+1	1.06266E-1	3.25686E-2
5.51325E+11	1.87978E-8	1.23785E+2	-6.45569E-2	9.64878E-2
5.51500E+11	1.78819E-8	-1.31441E+2	-7.37001E-2	-8.34749E-2
5.51675E+11	1.64021E-8	-2.87697E+1	9.18005E-2	-5.04044E-2
5.51850E+11	1.24020E-8	7.39717E+1	2.68908E-2	9.36051E-2
5.52025E+11	1.05090E-8	1.75554E+2	-8.63228E-2	6.71216E-3
5.52200E+11	1.04368E-8	-8.73486E+1	3.86160E-3	-8.33875E-2
5.52375E+11	9.72857E-9	1.16414E+1	8.00778E-2	1.64979E-2
5.52550E+11	9.74878E-9	1.11458E+2	-2.85024E-2	7.25117E-2
5.52725E+11	8.68487E-9	-1.50489E+2	-6.49502E-2	-3.67640E-2
5.52900E+11	7.15119E-9	-4.64560E+1	4.71220E-2	-4.95799E-2
5.53075E+11	5.98240E-9	5.79598E+1	3.32585E-2	5.31418E-2
5.53250E+11	5.69595E-9	1.63273E+2	-5.72404E-2	1.72028E-2
5.53425E+11	4.69270E-9	-8.89129E+1	1.05631E-3	-5.56642E-2
5.53600E+11	4.52740E-9	1.99204E+1	4.85778E-2	1.76045E-2
5.53775E+11	4.00085E-9	1.27338E+2	-3.11411E-2	4.08225E-2
5.53950E+11	3.49701E-9	-1.18481E+2	-2.29606E-2	-4.23212E-2
5.54125E+11	3.22972E-9	-4.85381E+0	4.67446E-2	-3.96947E-3
5.54300E+11	3.04255E-9	1.10946E+2	-1.55205E-2	4.05458E-2
5.54475E+11	2.05694E-9	-1.37389E+2	-2.78957E-2	-2.56616E-2
5.54650E+11	1.54359E-9	-3.15339E+1	2.84183E-2	-1.74379E-2
5.54825E+11	1.33800E-9	7.60945E+1	7.44691E-3	3.00792E-2
5.55000E+11	1.09225E-9	-1.77526E+2	-2.75719E-2	-1.19108E-3
5.55175E+11	9.01423E-10	-7.42797E+1	6.83941E-3	-2.42989E-2
5.55350E+11	6.71348E-10	3.53350E+1	1.85400E-2	1.31441E-2
5.55525E+11	5.72744E-10	1.47093E+2	-1.77635E-2	1.14949E-2
5.55700E+11	4.31609E-10	-1.05030E+2	-4.71242E-3	-1.75507E-2
5.55875E+11	4.77027E-10	4.02744E+0	1.88836E-2	1.32956E-3
5.56050E+11	4.04853E-10	1.10681E+2	-6.13438E-3	1.62508E-2
5.56225E+11	2.93682E-10	-1.42386E+2	-1.22502E-2	-9.43866E-3
5.56400E+11	2.51597E-10	-2.93420E+1	1.34881E-2	-7.58217E-3
5.56575E+11	2.17500E-10	9.15158E+1	-3.81224E-4	1.44068E-2
5.56750E+11	2.37759E-10	-1.51035E+2	-1.27435E-2	-7.05368E-3
5.56925E+11	2.22300E-10	-3.12973E+1	1.25644E-2	-7.63848E-3
5.57100E+11	2.07859E-10	7.91400E+1	2.69466E-3	1.40460E-2
5.57275E+11	1.86580E-10	-1.71831E+2	-1.36763E-2	-1.96322E-3
5.57450E+11	1.60008E-10	-5.61730E+1	7.21306E-3	-1.07638E-2
5.57625E+11	1.83110E-10	6.67619E+1	5.58643E-3	1.30102E-2
5.57800E+11	2.04950E-10	1.71348E+2	-1.44324E-2	2.19604E-3
5.57975E+11	2.76000E-10	-7.84626E+1	3.50480E-3	-1.71693E-2
5.58150E+11	2.61422E-10	2.48754E+1	1.54487E-2	7.16300E-3
5.58325E+11	3.74955E-10	1.15161E+2	-8.07533E-3	1.71913E-2
5.58500E+11	4.86321E-10	-1.42911E+2	-1.72118E-2	-1.30120E-2
5.58675E+11	6.58182E-10	-4.68715E+1	1.66676E-2	-1.77937E-2
5.58850E+11	7.59163E-10	5.61072E+1	1.44599E-2	2.15244E-2
5.59025E+11	8.89156E-10	1.69261E+2	-2.75196E-2	5.21912E-3
5.59200E+11	9.22847E-10	-8.38855E+1	3.02421E-3	-2.82305E-2
5.59375E+11	1.46569E-9	1.87444E+1	3.12099E-2	1.05910E-2
5.59550E+11	1.80266E-9	1.16180E+2	-1.60938E-2	3.27353E-2
5.59725E+11	1.75419E-9	-1.50066E+2	-3.26380E-2	-1.87935E-2
5.59900E+11	1.97946E-9	-5.54728E+1	2.25118E-2	-3.27216E-2
5.60075E+11	2.61336E-9	4.86700E+1	2.83851E-2	3.22760E-2
5.60250E+11	3.22920E-9	1.55936E+2	-4.15785E-2	1.85677E-2
5.60425E+11	4.12109E-9	-9.77617E+1	-6.82854E-3	-5.00987E-2
5.60600E+11	4.64481E-9	3.44283E+0	5.64887E-2	3.39842E-3
5.60775E+11	5.90345E-9	9.64995E+1	-7.29997E-3	6.40757E-2
5.60950E+11	8.32690E-9	-1.71643E+2	-7.59931E-2	-1.11637E-2
5.61125E+11	9.92854E-9	-7.25490E+1	2.59395E-2	-8.25153E-2
5.61300E+11	1.12406E-8	3.41342E+1	7.65060E-2	5.18650E-2
5.61475E+11	1.16991E-8	1.49010E+2	-8.42293E-2	5.05894E-2
5.61650E+11	1.42453E-8	-9.57256E+1	-1.00789E-2	-1.00522E-1
5.61825E+11	1.35342E-8	5.98614E+0	1.00317E-1	1.05192E-2
5.62000E+11	1.64706E-8	9.83070E+1	-1.52219E-2	1.04253E-1
5.62175E+11	1.55579E-8	-1.71670E+2	-1.06773E-1	-1.56328E-2
5.62350E+11	1.79325E-8	-7.90366E+1	2.13372E-2	-1.10146E-1
5.62525E+11	1.82117E-8	2.30269E+1	1.04946E-1	4.46052E-2
5.62700E+11	1.63479E-8	1.30563E+2	-7.14623E-2	8.34863E-2
5.62875E+11	1.70586E-8	-1.24153E+2	-6.17704E-2	-9.10514E-2
5.63050E+11	1.62705E-8	-2.34838E+1	1.00807E-1	-4.37983E-2
5.63225E+11	1.57051E-8	7.21149E+1	3.35602E-2	1.03997E-1
5.63400E+11	1.75214E-8	1.57802E+2	-1.06204E-1	4.33364E-2
5.63575E+11	2.14498E-8	-1.03313E+2	-2.82785E-2	-1.19504E-1
5.63750E+11	2.95680E-8	6.69188E+0	1.39996E-1	1.64257E-2
5.63925E+11	3.98906E-8	1.23556E+2	-8.80581E-2	1.32759E-1
5.64100E+11	4.42165E-8	-1.15709E+2	-7.49985E-2	-1.55770E-1
5.64275E+11	5.28942E-8	-1.59639E+0	1.77535E-1	-4.94779E-3
5.64450E+11	4.49159E-8	1.00823E+2	-3.21146E-2	1.67981E-1
5.64625E+11	4.00565E-8	-1.62120E+2	-1.55000E-1	-5.00031E-2
5.64800E+11	3.32530E-8	-6.41526E+1	6.38680E-2	-1.31839E-1
5.64975E+11	2.95701E-8	3.84042E+1	1.08316E-1	8.58628E-2
5.65150E+11	2.87537E-8	1.50163E+2	-1.22697E-1	7.03745E-2
5.65325E+11	3.37747E-8	-9.39372E+1	-1.03772E-2	-1.50774E-1
5.65500E+11	3.21835E-8	1.99725E+1	1.45015E-1	5.27024E-2
5.65675E+11	3.05324E-8	1.27375E+2	-9.25662E-2	1.21181E-1
5.65850E+11	2.88092E-8	-1.34481E+2	-1.02768E-1	-1.04648E-1
5.66025E+11	2.48699E-8	-3.59655E+1	1.19614E-1	-8.67946E-2
5.66200E+11	2.62711E-8	7.16931E+1	4.80442E-2	1.45214E-1
5.66375E+11	2.84857E-8	1.79213E+2	-1.57439E-1	2.16267E-3
5.66550E+11	3.47943E-8	-7.22647E+1	5.35413E-2	-1.67411E-1
5.66725E+11	4.79381E-8	3.36598E+1	1.82834E-1	1.21750E-1
5.66900E+11	6.74285E-8	1.43144E+2	-2.08371E-1	1.56201E-1
5.67075E+11	8.20078E-8	-1.05324E+2	-7.67531E-2	-2.80109E-1
5.67250E+11	7.80135E-8	8.24617E+0	2.78728E-1	4.03946E-2
5.67425E+11	6.40265E-8	1.25992E+2	-1.47060E-1	2.02469E-1
5.67600E+11	5.18569E-8	-1.15997E+2	-9.93159E-2	-2.03654E-1
5.67775E+11	4.23722E-8	-3.61300E+0	1.94520E-1	-1.22825E-2
5.67950E+11	3.30433E-8	9.39293E+1	-1.17672E-2	1.71317E-1
5.68125E+11	3.31037E-8	1.79698E+2	-1.74964E-1	9.22808E-4
5.68300E+11	4.03314E-8	-9.00429E+1	-1.40671E-4	-1.88009E-1
5.68475E+11	4.81162E-8	2.04309E+0	1.88476E-1	6.72367E-3
5.68650E+11	4.39265E-8	9.75458E+1	-2.38182E-2	1.79805E-1
5.68825E+11	3.93625E-8	-1.58703E+2	-1.59660E-1	-6.22387E-2
5.69000E+11	3.21082E-8	-5.34788E+1	9.83173E-2	-1.32765E-1
5.69175E+11	3.81537E-8	4.49017E+1	1.22417E-1	1.21997E-1
5.69350E+11	3.64712E-8	1.34763E+2	-1.23003E-1	1.24026E-1
5.69525E+11	5.00728E-8	-1.40573E+2	-1.49172E-1	-1.22647E-1
5.69700E+11	7.81582E-8	-4.03395E+1	1.82604E-1	-1.55076E-1
5.69875E+11	9.63662E-8	7.95196E+1	4.96603E-2	2.68457E-1
5.70050E+11	1.09701E-7	-1.47416E+2	-2.39456E-1	-1.53046E-1
5.70225E+11	9.92568E-8	-1.18068E+1	2.57346E-1	-5.37943E-2
5.70400E+11	7.10018E-8	1.14857E+2	-9.44982E-2	2.03983E-1
5.70575E+11	6.00036E-8	-1.33009E+2	-1.39609E-1	-1.49667E-1
5.70750E+11	4.25372E-8	-2.74845E+1	1.57539E-1	-8.19554E-2
5.70925E+11	4.08658E-8	7.43239E+1	4.36106E-2	1.55399E-1
5.71100E+11	4.43878E-8	-1.78887E+2	-1.64750E-1	-3.20125E-3
5.71275E+11	4.78425E-8	-5.63919E+1	1.05284E-1	-1.58417E-1
5.71450E+11	5.52388E-8	7.06329E+1	6.83229E-2	1.94369E-1
5.71625E+11	6.07290E-8	-1.70584E+2	-2.06346E-1	-3.42213E-2
5.71800E+11	5.84817E-8	-5.92518E+1	1.07206E-1	-1.80210E-1
5.71975E+11	5.27578E-8	4.45884E+1	1.48209E-1	1.46095E-1
5.72150E+11	5.78243E-8	1.49833E+2	-1.87726E-1	1.09114E-1
5.72325E+11	6.49745E-8	-1.05627E+2	-6.12474E-2	-2.18961E-1
5.72500E+11	7.00276E-8	-3.21516E+0	2.43827E-1	-1.36967E-2
5.72675E+11	1.06231E-7	1.03058E+2	-6.58612E-2	2.83961E-1
5.72850E+11	1.26836E-7	-1.48000E+2	-2.87896E-1	-1.79896E-1
5.73025E+11	1.08426E-7	-3.90004E+1	2.44443E-1	-1.97948E-1
5.73200E+11	7.91412E-8	6.79699E+1	9.88140E-2	2.44204E-1
5.73375E+11	4.97121E-8	1.75085E+2	-2.14874E-1	1.84760E-2
5.73550E+11	4.02619E-8	-7.65666E+1	4.17426E-2	-1.74765E-1
5.73725E+11	2.90993E-8	3.25789E+1	1.32424E-1	8.46201E-2
5.73900E+11	2.16266E-8	1.28017E+2	-8.44404E-2	1.08013E-1
5.74075E+11	2.59991E-8	-1.51310E+2	-1.28344E-1	-7.02370E-2
5.74250E+11	4.17115E-8	-6.33451E+1	8.07675E-2	-1.60904E-1
5.74425E+11	4.43441E-8	3.04180E+1	1.62902E-1	9.56426E-2
5.74600E+11	4.81669E-8	1.36958E+2	-1.38641E-1	1.29475E-1
5.74775E+11	5.10716E-8	-1.05210E+2	-5.18579E-2	-1.90737E-1
5.74950E+11	5.75965E-8	1.82168E+1	1.92456E-1	6.33389E-2
5.75125E+11	6.70635E-8	1.35696E+2	-1.60376E-1	1.56524E-1
5.75300E+11	7.31100E-8	-1.13126E+2	-9.49745E-2	-2.22381E-1
5.75475E+11	8.35333E-8	-1.49824E+1	2.48774E-1	-6.65767E-2
5.75650E+11	1.09278E-7	8.99538E+1	2.49181E-4	3.09188E-1
5.75825E+11	1.01082E-7	-1.58070E+2	-2.80126E-1	-1.12780E-1
5.76000E+11	6.65598E-8	-3.94612E+1	1.93019E-1	-1.58894E-1
5.76175E+11	4.72629E-9	7.31765E+1	6.17207E-2	2.04126E-1
5.76350E+11	1.74608E-9	-3.28211E+1	1.54075E-1	-9.93750E-2
5.76525E+11	1.60383E-9	6.46638E+1	7.17421E-2	1.51524E-1
5.76700E+11	1.34900E-9	1.54196E+2	-1.48477E-1	7.17907E-2
5.76875E+11	1.81757E-9	-1.21079E+2	-7.69959E-2	-1.27745E-1
5.77050E+11	9.24657E-10	-3.83457E+1	1.37015E-1	-1.08385E-1
5.77225E+11	2.28099E-9	6.99151E+1	6.85875E-2	1.87578E-1
5.77400E+11	3.97525E-9	-1.68681E+2	-2.16933E-1	-4.34222E-2
5.77575E+11	5.14920E-9	-6.04412E+1	1.15332E-1	-2.03361E-1
5.77750E+11	6.93095E-9	3.31437E+1	2.19694E-1	1.43456E-1
5.77925E+11	8.97052E-9	1.21440E+2	-1.53759E-1	2.51498E-1
5.78100E+11	9.65089E-9	-1.47563E+2	-2.66609E-1	-1.69438E-1
5.78275E+11	6.75965E-9	-4.15823E+1	2.17005E-1	-1.92546E-1
5.78450E+11	3.50256E-9	7.21207E+1	7.44487E-2	2.30783E-1
5.78625E+11	4.34773E-9	-1.69613E+2	-2.22145E-1	-4.07211E-2
5.78800E+11	3.37127E-9	-5.24497E+1	1.33567E-1	-1.73752E-1
5.78975E+11	2.76687E-9	5.47228E+1	1.06098E-1	1.49975E-1
5.79150E+11	2.70648E-9	1.40679E+2	-1.36876E-1	1.12115E-1
5.79325E+11	2.20052E-9	-1.33437E+2	-1.07589E-1	-1.13624E-1
5.79500E+11	2.22277E-9	-4.40333E+1	1.10216E-1	-1.06558E-1
5.79675E+11	1.64459E-9	5.82391E+1	7.32184E-2	1.18269E-1
5.79850E+11	1.85674E-9	1.61847E+2	-1.26526E-1	4.14839E-2
5.80025E+11	2.51614E-9	-9.85133E+1	-2.46147E-2	-1.64439E-1
5.80200E+11	2.61171E-9	3.19442E+0	2.04460E-1	1.14111E-2
5.80375E+11	7.42021E-9	9.86894E+1	-3.87282E-2	2.53403E-1
5.80550E+11	7.93021E-9	-1.62560E+2	-2.88796E-1	-9.07258E-2
5.80725E+11	7.87178E-9	-4.66867E+1	2.32506E-1	-2.46615E-1
5.80900E+11	1.22920E-8	8.67989E+1	1.87580E-2	3.35391E-1
5.81075E+11	8.18776E-9	-1.38630E+2	-1.98988E-1	-1.75247E-1
5.81250E+11	4.47833E-9	-1.83930E+1	1.85692E-1	-6.17465E-2
5.81425E+11	2.01819E-9	7.31897E+1	5.24683E-2	1.73670E-1
5.81600E+11	2.31402E-9	1.64956E+2	-2.03305E-1	5.46435E-2
5.81775E+11	2.88875E-9	-9.52231E+1	-1.84838E-2	-2.02201E-1
5.81950E+11	3.18171E-9	4.73646E+0	2.00277E-1	1.65941E-2
5.82125E+11	2.29217E-9	1.12044E+2	-6.76041E-2	1.66953E-1
5.82300E+11	2.26052E-9	-1.34456E+2	-1.20128E-1	-1.22431E-1
5.82475E+11	1.68184E-9	-2.16518E+1	1.52651E-1	-6.05985E-2
5.82650E+11	2.35045E-9	8.21173E+1	2.17414E-2	1.57029E-1
5.82825E+11	2.41338E-9	1.75520E+2	-1.82955E-1	1.43348E-2
5.83000E+11	5.33085E-9	-8.70740E+1	1.17323E-2	-2.29536E-1
5.83175E+11	8.50775E-9	2.19342E+1	2.67327E-1	1.07650E-1
5.83350E+11	1.46376E-8	1.42593E+2	-2.93035E-1	2.24095E-1
5.83525E+11	9.06737E-9	-9.14024E+1	-8.64246E-3	-3.53013E-1
5.83700E+11	3.48660E-9	2.62359E+1	2.51684E-1	1.24040E-1
5.83875E+11	4.89010E-9	1.26372E+2	-1.33054E-1	1.80657E-1
5.84050E+11	3.61193E-9	-1.34252E+2	-1.32350E-1	-1.35854E-1
5.84225E+11	1.56888E-9	-3.95790E+1	1.22585E-1	-1.01336E-1
5.84400E+11	2.62812E-9	5.69904E+1	8.66620E-2	1.33399E-1
5.84575E+11	2.17380E-9	1.74063E+2	-1.75837E-1	1.82852E-2
5.84750E+11	3.06698E-9	-7.18370E+1	5.40769E-2	-1.64834E-1
5.84925E+11	2.60633E-9	2.60464E+1	1.52863E-1	7.47095E-2
5.85100E+11	2.02241E-9	1.19836E+2	-7.86194E-2	1.37079E-1
5.85275E+11	1.95600E-9	-1.56333E+2	-1.45170E-1	-6.36268E-2
5.85450E+11	2.07604E-9	-5.96830E+1	9.01879E-2	-1.54233E-1
5.85625E+11	2.15787E-9	4.71587E+1	1.36987E-1	1.47719E-1
5.85800E+11	4.67539E-9	1.62855E+2	-2.27542E-1	7.01972E-2
5.85975E+11	4.81582E-9	-8.06141E+1	4.75062E-2	-2.87400E-1
5.86150E+11	1.28872E-8	3.19581E+1	3.05682E-1	1.90701E-1
5.86325E+11	9.94168E-9	1.40951E+2	-2.82107E-1	2.28843E-1
5.86500E+11	4.39284E-9	-1.16101E+2	-1.32880E-1	-2.71227E-1
5.86675E+11	5.21003E-9	-1.36055E+1	2.36594E-1	-5.72620E-2
5.86850E+11	2.37860E-9	9.43720E+1	-1.53403E-2	2.00648E-1
5.87025E+11	1.44128E-9	-1.56272E+2	-1.60933E-1	-7.07372E-2
5.87200E+11	1.94047E-9	-5.81768E+1	8.19594E-2	-1.32068E-1
5.87375E+11	1.41374E-9	2.32044E+1	1.41112E-1	6.04935E-2
5.87550E+11	2.75736E-9	1.07569E+2	-5.40212E-2	1.70617E-1
5.87725E+11	2.56528E-9	-1.61781E+2	-1.75561E-1	-5.77874E-2
5.87900E+11	1.79277E-9	-6.80234E+1	6.95511E-2	-1.72348E-1
5.88075E+11	2.83927E-9	4.26468E+1	1.47347E-1	1.35715E-1
5.88250E+11	4.35376E-9	1.65393E+2	-2.15190E-1	5.60797E-2
5.88425E+11	4.56469E-9	-7.10402E+1	8.62181E-2	-2.50968E-1
5.88600E+11	7.68657E-9	4.38627E+1	1.98067E-1	1.90356E-1
5.88775E+11	6.05338E-9	1.39938E+2	-2.06409E-1	1.73578E-1
5.88950E+11	1.17531E-8	-1.24708E+2	-1.90483E-1	-2.75008E-1
5.89125E+11	1.36890E-8	-8.23801E+0	3.29886E-1	-4.77607E-2
5.89300E+11	8.69307E-9	1.17172E+2	-1.23665E-1	2.40913E-1
5.89475E+11	4.45095E-9	-1.12956E+2	-8.42090E-2	-1.98804E-1
5.89650E+11	4.36440E-9	5.07867E+0	1.72928E-1	1.53685E-2
5.89825E+11	2.42769E-9	1.08530E+2	-4.69587E-2	1.40105E-1
5.90000E+11	1.99087E-9	-1.61657E+2	-1.32839E-1	-4.40439E-2
5.90175E+11	1.41275E-9	-7.66281E+1	2.96440E-2	-1.24704E-1
5.90350E+11	1.89988E-9	1.40420E+1	1.40944E-1	3.52510E-2
5.90525E+11	3.27930E-9	1.23474E+2	-9.57623E-2	1.44826E-1
5.90700E+11	2.72376E-9	-1.20534E+2	-1.00583E-1	-1.70522E-1
5.90875E+11	4.08473E-9	-1.83182E+1	2.09360E-1	-6.93132E-2
5.91050E+11	5.89876E-9	7.26699E+1	7.75326E-2	2.48469E-1
5.91225E+11	7.97413E-9	1.52048E+2	-2.58745E-1	1.37301E-1
5.91400E+11	7.63373E-9	-1.25183E+2	-1.86465E-1	-2.64498E-1
5.91575E+11	8.86253E-9	-2.12128E+1	2.74555E-1	-1.06563E-1
5.91750E+11	6.80444E-9	9.70222E+1	-3.25536E-2	2.64279E-1
5.91925E+11	4.72510E-9	-1.20308E+2	-1.44196E-1	-2.46683E-1
5.92100E+11	5.05414E-9	2.64055E+1	2.33503E-1	1.15940E-1
5.92275E+11	3.63006E-9	1.50094E+2	-1.88633E-1	1.08493E-1
5.92450E+11	2.04983E-9	-1.11700E+2	-6.94171E-2	-1.74435E-1
5.92625E+11	2.78769E-9	-2.65877E+1	1.44618E-1	-7.23805E-2
5.92800E+11	1.57896E-9	5.65570E+1	8.18560E-2	1.23938E-1
5.92975E+11	1.55191E-9	1.49356E+2	-1.29103E-1	7.64840E-2
5.93150E+11	1.66929E-9	-1.01576E+2	-3.08254E-2	-1.50490E-1
5.93325E+11	2.44116E-9	1.25595E+1	1.71046E-1	3.81066E-2
5.93500E+11	2.79200E-9	1.31147E+2	-1.43143E-1	1.63817E-1
5.93675E+11	4.72284E-9	-1.14796E+2	-1.11043E-1	-2.40363E-1
5.93850E+11	7.38013E-9	-9.19381E+0	2.98693E-1	-4.83446E-2
5.94025E+11	6.04593E-9	1.07363E+2	-1.02391E-1	3.27473E-1
5.94200E+11	6.56138E-9	-1.26886E+2	-1.97471E-1	-2.63139E-1
5.94375E+11	4.28584E-9	-4.67723E-1	2.69509E-1	-2.20013E-3
5.94550E+11	3.24405E-9	1.07803E+2	-6.31702E-2	1.96721E-1
5.94725E+11	4.10956E-9	-1.65261E+2	-1.90818E-1	-5.02005E-2
5.94900E+11	5.17404E-9	-7.36355E+1	5.62213E-2	-1.91461E-1
5.95075E+11	2.93390E-9	1.78393E+1	1.74601E-1	5.61904E-2
5.95250E+11	2.22284E-9	1.16831E+2	-7.13165E-2	1.40993E-1
5.95425E+11	1.59538E-9	-1.43949E+2	-1.18549E-1	-8.62917E-2
5.95600E+11	2.21130E-9	-3.73804E+1	1.08650E-1	-8.30099E-2
5.95775E+11	1.65431E-9	7.06151E+1	4.49387E-2	1.27718E-1
5.95950E+11	1.95271E-9	1.76440E+2	-1.38195E-1	8.59721E-3
5.96125E+11	2.20728E-9	-9.83486E+1	-2.17639E-2	-1.48305E-1
5.96300E+11	4.10980E-9	-8.78847E+0	2.17298E-1	-3.35947E-2
5.96475E+11	8.43010E-9	1.01192E+2	-5.80441E-2	2.93369E-1
5.96650E+11	7.80620E-9	-1.37229E+2	-2.70981E-1	-2.50677E-1
5.96825E+11	8.29698E-9	-9.89432E+0	3.60709E-1	-6.29170E-2
5.97000E+11	6.10188E-9	1.06960E+2	-8.54625E-2	2.80235E-1
5.97175E+11	4.12228E-9	-1.46541E+2	-2.02247E-1	-1.33657E-1
5.97350E+11	2.53333E-9	-4.87872E+1	1.27016E-1	-1.45023E-1
5.97525E+11	2.07170E-9	4.33309E+1	1.15770E-1	1.09214E-1
5.97700E+11	1.72925E-9	1.40465E+2	-1.28960E-1	1.06438E-1
5.97875E+11	2.73722E-9	-1.07881E+2	-5.34042E-2	-1.65532E-1
5.98050E+11	2.22439E-9	1.82528E+0	1.63578E-1	5.21291E-3
5.98225E+11	1.66038E-9	1.06032E+2	-4.37705E-2	1.52326E-1
5.98400E+11	2.87768E-9	-1.57507E+2	-1.40812E-1	-5.83074E-2
5.98575E+11	2.42966E-9	-6.64476E+1	6.37378E-2	-1.46221E-1
5.98750E+11	3.36007E-9	4.43703E+1	1.28747E-1	1.25948E-1
5.98925E+11	3.53147E-9	1.65284E+2	-1.93805E-1	5.09018E-2
5.99100E+11	6.64886E-9	-7.89437E+1	4.80417E-2	-2.45862E-1
5.99275E+11	1.14293E-8	5.12466E+1	2.23285E-1	2.78174E-1
5.99450E+11	1.27583E-8	-1.74549E+2	-3.75751E-1	-3.58596E-2
5.99625E+11	9.74224E-9	-5.58576E+1	1.82201E-1	-2.68681E-1
5.99800E+11	2.69489E-9	5.29522E+1	1.48842E-1	1.97177E-1
5.99975E+11	5.03878E-9	1.60528E+2	-1.85551E-1	6.56057E-2
6.00150E+11	2.06313E-9	-8.93490E+1	1.86613E-3	-1.64234E-1
6.00325E+11	1.20199E-9	2.15155E+1	1.31717E-1	5.19257E-2
6.00500E+11	1.13756E-9	1.23190E+2	-6.64866E-2	1.01640E-1
6.00675E+11	7.12586E-10	-1.59100E+2	-1.12418E-1	-4.29271E-2
6.00850E+11	1.72137E-9	-7.23270E+1	4.63713E-2	-1.45538E-1
6.01025E+11	1.49653E-9	2.08652E+1	1.49383E-1	5.69397E-2
6.01200E+11	2.28107E-9	1.24505E+2	-9.85317E-2	1.43335E-1
6.01375E+11	3.15426E-9	-1.21390E+2	-1.00358E-1	-1.64475E-1
6.01550E+11	4.52473E-9	-1.67474E+0	2.25747E-1	-6.60038E-3
6.01725E+11	6.65171E-9	1.19133E+2	-1.30853E-1	2.34776E-1
6.01900E+11	6.15602E-9	-1.30332E+2	-1.82104E-1	-2.14485E-1
6.02075E+11	7.24381E-9	-4.11164E+1	2.21799E-1	-1.93599E-1
6.02250E+11	9.28782E-9	6.01759E+1	1.54918E-1	2.70238E-1
6.02425E+11	6.39878E-9	1.64683E+2	-2.54766E-1	6.97755E-2
6.02600E+11	4.39514E-9	-7.98198E+1	3.84873E-2	-2.14328E-1
6.02775E+11	2.32847E-9	4.68285E+1	1.27818E-1	1.36248E-1
6.02950E+11	1.76383E-9	1.75637E+2	-1.65605E-1	1.26345E-2
6.03125E+11	1.60183E-9	-6.11979E+1	7.04147E-2	-1.28073E-1
6.03300E+11	1.11122E-9	4.56084E+1	8.87634E-2	9.06687E-2
6.03475E+11	6.61522E-10	1.34510E+2	-7.97128E-2	8.10878E-2
6.03650E+11	1.72902E-9	-1.46792E+2	-1.36082E-1	-8.90756E-2
6.03825E+11	2.74137E-9	-4.94929E+1	1.39180E-1	-1.62918E-1
6.04000E+11	3.45485E-9	4.91510E+1	1.53204E-1	1.77183E-1
6.04175E+11	4.48525E-9	1.42670E+2	-2.08809E-1	1.59242E-1
6.04350E+11	3.76026E-9	-1.13720E+2	-1.22293E-1	-2.78323E-1
6.04525E+11	7.07819E-9	-6.66975E-1	3.29598E-1	-3.83699E-3
6.04700E+11	6.26912E-9	1.17647E+2	-1.42628E-1	2.72272E-1
6.04875E+11	4.49978E-9	-1.37128E+2	-1.84496E-1	-1.71278E-1
6.05050E+11	3.10486E-9	-3.69687E+1	1.76980E-1	-1.33213E-1
6.05225E+11	2.96254E-9	6.99836E+1	7.33980E-2	2.01479E-1
6.05400E+11	3.28975E-9	1.71618E+2	-1.87816E-1	2.76731E-2
6.05575E+11	2.60507E-9	-9.01853E+1	-5.37331E-4	-1.66127E-1
6.05750E+11	2.06082E-9	6.96683E+0	1.44452E-1	1.76516E-2
6.05925E+11	1.01528E-9	9.54376E+1	-1.29486E-2	1.36028E-1
6.06100E+11	1.21267E-9	-1.77829E+2	-1.33461E-1	-5.05846E-3
6.06275E+11	1.72789E-9	-8.85107E+1	3.51945E-3	-1.35372E-1
6.06450E+11	1.69740E-9	-5.54556E+0	1.39249E-1	-1.35199E-2
6.06625E+11	3.38391E-9	8.51529E+1	1.66359E-2	1.96179E-1
6.06800E+11	6.77877E-9	-1.65376E+2	-2.50175E-1	-6.52789E-2
6.06975E+11	9.31141E-9	-5.16943E+1	1.88556E-1	-2.38704E-1
6.07150E+11	9.08054E-9	6.13569E+1	1.67164E-1	3.06052E-1
6.07325E+11	8.45775E-9	1.77049E+2	-3.25368E-1	1.67722E-2
6.07500E+11	6.29839E-9	-7.36072E+1	7.74942E-2	-2.63425E-1
6.07675E+11	4.18999E-9	2.91942E+1	1.97384E-1	1.10288E-1
6.07850E+11	2.12592E-9	1.18165E+2	-8.33781E-2	1.55726E-1
6.08025E+11	2.52694E-9	-1.56694E+2	-1.50214E-1	-6.47117E-2
6.08200E+11	1.55315E-9	-8.04893E+1	2.81279E-2	-1.67894E-1
6.08375E+11	2.85220E-9	6.18723E+0	1.74495E-1	1.89169E-2
6.08550E+11	1.86892E-9	9.87686E+1	-2.64182E-2	1.71272E-1
6.08725E+11	2.77935E-9	-1.65989E+2	-1.73037E-1	-4.31792E-2
6.08900E+11	2.45743E-9	-7.02853E+1	5.73972E-2	-1.60175E-1
6.09075E+11	2.51374E-9	2.84615E+1	1.57899E-1	8.55948E-2
6.09250E+11	3.69274E-9	1.23402E+2	-1.02866E-1	1.55992E-1
6.09425E+11	3.68212E-9	-1.50552E+2	-1.94108E-1	-1.09588E-1
6.09600E+11	8.66837E-9	-5.39785E+1	1.89264E-1	-2.60295E-1
6.09775E+11	7.58531E-9	5.81277E+1	2.06093E-1	3.31460E-1
6.09950E+11	1.58762E-8	-1.77699E+2	-3.95029E-1	-1.58735E-2
6.10125E+11	6.09119E-9	-5.25803E+1	2.03326E-1	-2.65750E-1
6.10300E+11	3.82591E-9	6.82864E+1	9.15672E-2	2.29940E-1
6.10475E+11	4.32873E-9	1.79682E+2	-1.95116E-1	1.08383E-3
6.10650E+11	2.33836E-9	-7.82739E+1	3.18917E-2	-1.53647E-1
6.10825E+11	1.29408E-9	1.17088E+1	1.30560E-1	2.70585E-2
6.11000E+11	1.24199E-9	1.00952E+2	-2.60836E-2	1.34790E-1
6.11175E+11	1.64398E-9	-1.59986E+2	-1.45041E-1	-5.28309E-2
6.11350E+11	2.46991E-9	-4.67905E+1	1.15889E-1	-1.23368E-1
6.11525E+11	2.18497E-9	6.63966E+1	6.95136E-2	1.59084E-1
6.11700E+11	2.82103E-9	1.75545E+2	-1.76175E-1	1.37274E-2
6.11875E+11	3.13788E-9	-8.83028E+1	5.46659E-3	-1.84496E-1
6.12050E+11	2.66793E-9	9.03741E+0	2.17899E-1	3.46576E-2
6.12225E+11	3.67949E-9	1.14315E+2	-9.87978E-2	2.18660E-1
6.12400E+11	6.58458E-9	-1.42394E+2	-2.31092E-1	-1.78003E-1
6.12575E+11	9.05172E-9	-1.86747E+1	3.38194E-1	-1.14306E-1
6.12750E+11	8.62266E-9	1.09943E+2	-1.11998E-1	3.08672E-1
6.12925E+11	4.69071E-9	-1.39297E+2	-2.10075E-1	-1.80714E-1
6.13100E+11	2.76271E-9	-3.42996E+1	1.77502E-1	-1.21082E-1
6.13275E+11	1.57478E-9	5.61404E+1	9.77493E-2	1.45688E-1
6.13450E+11	1.55495E-9	1.49590E+2	-1.38469E-1	8.12708E-2
6.13625E+11	8.35952E-10	-1.05498E+2	-3.93782E-2	-1.42014E-1
6.13800E+11	7.37316E-10	1.74426E+0	1.36285E-1	4.15022E-3
6.13975E+11	1.69685E-9	1.13619E+2	-6.26670E-2	1.43311E-1
6.14150E+11	1.84707E-9	-1.20312E+2	-9.35431E-2	-1.60004E-1
6.14325E+11	2.64586E-9	-2.51736E+0	2.10207E-1	-9.24164E-3
6.14500E+11	2.36540E-9	9.64260E+1	-2.46088E-2	2.18498E-1
6.14675E+11	2.00215E-9	-1.74178E+2	-2.30194E-1	-2.34702E-2
6.14850E+11	4.82252E-9	-7.88748E+1	5.28937E-2	-2.68975E-1
6.15025E+11	3.47074E-9	3.27533E+1	2.49047E-1	1.60213E-1
6.15200E+11	6.22234E-9	1.46203E+2	-2.46366E-1	1.64910E-1
6.15375E+11	4.30629E-9	-1.10116E+2	-9.33465E-2	-2.54866E-1
6.15550E+11	4.90922E-9	-1.52948E+1	2.44879E-1	-6.69673E-2
6.15725E+11	2.71576E-9	7.65905E+1	5.23058E-2	2.19395E-1
6.15900E+11	2.30626E-9	1.66646E+2	-1.78031E-1	4.22606E-2
6.16075E+11	1.61635E-9	-9.23338E+1	-6.49618E-3	-1.59393E-1
6.16250E+11	1.87483E-9	2.49655E+1	1.28738E-1	5.99373E-2
6.16425E+11	9.92013E-10	1.48952E+2	-1.11962E-1	6.74006E-2
6.16600E+11	9.96862E-10	-9.10250E+1	-2.23085E-3	-1.24686E-1
6.16775E+11	8.58447E-10	1.56679E+1	1.12872E-1	3.16587E-2
6.16950E+11	1.67149E-9	1.06148E+2	-4.02882E-2	1.39147E-1
6.17125E+11	2.72688E-9	-1.46880E+2	-1.52813E-1	-9.96924E-2
6.17300E+11	2.51234E-9	-3.82152E+1	1.66306E-1	-1.30942E-1
6.17475E+11	4.20522E-9	8.31785E+1	2.77095E-2	2.31641E-1
6.17650E+11	5.33552E-9	-1.46020E+2	-2.33594E-1	-1.57440E-1
6.17825E+11	7.78957E-9	-2.09527E+1	2.68234E-1	-1.02712E-1
6.18000E+11	3.21753E-9	1.02006E+2	-5.61170E-2	2.63876E-1
6.18175E+11	2.66601E-9	-1.48395E+2	-1.98319E-1	-1.22031E-1
6.18350E+11	2.79046E-9	-4.78876E+1	1.34248E-1	-1.48510E-1
6.18525E+11	2.48501E-9	6.05827E+1	1.03318E-1	1.83230E-1
6.18700E+11	2.68998E-9	1.73583E+2	-1.94033E-1	2.18209E-2
6.18875E+11	1.69033E-9	-7.77792E+1	3.87945E-2	-1.79117E-1
6.19050E+11	1.38182E-9	2.22258E+1	1.58662E-1	6.48321E-2
6.19225E+11	1.21235E-9	1.10635E+2	-5.42882E-2	1.44162E-1
6.19400E+11	1.30850E-9	-1.67167E+2	-1.46091E-1	-3.32799E-2
6.19575E+11	8.98007E-10	-7.82065E+1	3.18656E-2	-1.52619E-1
6.19750E+11	1.18170E-9	1.97097E+1	1.52600E-1	5.46678E-2
6.19925E+11	2.11777E-9	1.35170E+2	-1.47933E-1	1.47059E-1
6.20100E+11	3.69845E-9	-1.03203E+2	-6.03400E-2	-2.57207E-1
6.20275E+11	3.73099E-9	1.73056E+1	2.87759E-1	8.96577E-2
6.20450E+11	6.36348E-9	1.49394E+2	-2.71876E-1	1.60824E-1
6.20625E+11	5.15259E-9	-8.14032E+1	4.26773E-2	-2.82296E-1
6.20800E+11	2.85345E-9	4.20461E+1	1.70822E-1	1.54058E-1
6.20975E+11	2.51433E-9	1.68712E+2	-1.97913E-1	3.95041E-2
6.21150E+11	1.36442E-9	-7.00226E+1	5.41230E-2	-1.48885E-1
6.21325E+11	1.00609E-9	4.92903E+1	9.29791E-2	1.08061E-1
6.21500E+11	1.36724E-9	1.54865E+2	-1.26078E-1	5.91529E-2
6.21675E+11	1.04840E-9	-9.55235E+1	-1.35314E-2	-1.39928E-1
6.21850E+11	1.31554E-9	1.30154E+1	1.27742E-1	2.95276E-2
6.22025E+11	1.17934E-9	1.20424E+2	-6.71557E-2	1.14353E-1
6.22200E+11	1.09149E-9	-1.33841E+2	-9.13378E-2	-9.51107E-2
6.22375E+11	1.02590E-9	-3.06292E+1	1.18897E-1	-7.03973E-2
6.22550E+11	1.59572E-9	7.02520E+1	5.11625E-2	1.42515E-1
6.22725E+11	1.27825E-9	1.64385E+2	-1.70226E-1	4.75759E-2
6.22900E+11	2.78804E-9	-9.99939E+1	-3.86138E-2	-2.19127E-1
6.23075E+11	4.16538E-9	-4.12551E+0	2.59252E-1	-1.86995E-2
6.23250E+11	2.63568E-9	1.08555E+2	-8.34908E-2	2.48727E-1
6.23425E+11	2.05238E-9	-1.17786E+2	-1.09889E-1	-2.08550E-1
6.23600E+11	1.53197E-9	9.81275E+0	2.00818E-1	3.47332E-2
6.23775E+11	1.44251E-9	1.21649E+2	-9.07438E-2	1.47218E-1
6.23950E+11	1.00956E-9	-1.32856E+2	-1.00566E-1	-1.08388E-1
6.24125E+11	8.03029E-10	-4.28148E+1	1.00505E-1	-9.31172E-2
6.24300E+11	1.04507E-9	4.49042E+1	9.32295E-2	9.29183E-2
6.24475E+11	1.17590E-9	1.35913E+2	-1.00848E-1	9.76827E-2
6.24650E+11	1.14790E-9	-1.25206E+2	-9.32775E-2	-1.32198E-1
6.24825E+11	1.82524E-9	-2.43177E+1	1.46340E-1	-6.61293E-2
6.25000E+11	9.38714E-10	6.96253E+1	5.53198E-2	1.48951E-1
6.25175E+11	1.59622E-9	1.52781E+2	-1.46062E-1	7.51268E-2
6.25350E+11	1.24131E-9	-1.17396E+2	-7.59353E-2	-1.46519E-1
6.25525E+11	2.38460E-9	-2.59734E+1	1.62765E-1	-7.92920E-2
6.25700E+11	2.92138E-9	7.82109E+1	4.19426E-2	2.00959E-1
6.25875E+11	3.07999E-9	-1.71532E+2	-2.14838E-1	-3.19837E-2
6.26050E+11	2.48163E-9	-5.80405E+1	1.24191E-1	-1.99059E-1
6.26225E+11	2.56703E-9	5.37466E+1	1.27898E-1	1.74409E-1
6.26400E+11	1.82845E-9	1.56609E+2	-1.53539E-1	6.64141E-2
6.26575E+11	1.41579E-9	-1.07144E+2	-4.14892E-2	-1.34495E-1
6.26750E+11	1.04329E-9	-1.25151E+1	1.17349E-1	-2.60481E-2
6.26925E+11	8.06375E-10	9.84118E+1	-1.49907E-2	1.01372E-1
6.27100E+11	7.95977E-10	-1.42464E+2	-7.71414E-2	-5.92693E-2
6.27275E+11	8.64924E-10	-3.22270E+1	8.75638E-2	-5.51995E-2
6.27450E+11	1.35568E-9	8.94804E+1	1.05340E-3	1.16160E-1
6.27625E+11	1.39567E-9	-1.49870E+2	-1.14793E-1	-6.66227E-2
6.27800E+11	1.27467E-9	-3.36880E+1	1.14827E-1	-7.65453E-2
6.27975E+11	1.40572E-9	7.14089E+1	4.44513E-2	1.32152E-1
6.28150E+11	1.21969E-9	1.77016E+2	-1.37732E-1	7.17988E-3
6.28325E+11	1.78759E-9	-6.92923E+1	5.79489E-2	-1.53295E-1
6.28500E+11	1.01565E-9	3.90104E+1	1.27779E-1	1.03512E-1
6.28675E+11	2.12474E-9	1.40442E+2	-1.41156E-1	1.16602E-1
6.28850E+11	1.45267E-9	-1.16415E+2	-8.35075E-2	-1.68116E-1
6.29025E+11	1.70157E-9	-8.83474E+0	1.79561E-1	-2.79090E-2
6.29200E+11	7.98657E-10	9.58498E+1	-1.68495E-2	1.64457E-1
6.29375E+11	1.11097E-9	-1.53045E+2	-1.32700E-1	-6.74817E-2
6.29550E+11	6.99851E-10	-4.39240E+1	9.87011E-2	-9.50619E-2
6.29725E+11	6.64996E-10	5.98528E+1	6.44015E-2	1.10888E-1
6.29900E+11	6.75795E-10	1.66820E+2	-1.19930E-1	2.80841E-2
6.30075E+11	5.44760E-10	-1.04035E+2	-2.79464E-2	-1.11795E-1
6.30250E+11	4.57732E-10	-1.44408E+1	1.18134E-1	-3.04213E-2
6.30425E+11	8.37025E-10	9.22392E+1	-5.13256E-3	1.31264E-1
6.30600E+11	9.10415E-10	-1.56830E+2	-1.34920E-1	-5.77429E-2
6.30775E+11	9.94190E-10	-4.53754E+1	1.06755E-1	-1.08163E-1
6.30950E+11	7.77669E-10	6.73949E+1	5.80977E-2	1.39536E-1
6.31125E+11	9.55164E-10	1.75778E+2	-1.60685E-1	1.18618E-2
6.31300E+11	1.61686E-9	-7.66841E+1	3.48674E-2	-1.47317E-1
6.31475E+11	1.16346E-9	3.17356E+1	1.22066E-1	7.54946E-2
6.31650E+11	8.70300E-10	1.40528E+2	-9.55648E-2	7.86990E-2
6.31825E+11	6.51571E-10	-1.07845E+2	-3.61823E-2	-1.12389E-1
6.32000E+11	5.87112E-10	7.44400E+0	1.07296E-1	1.40191E-2
6.32175E+11	5.23212E-10	1.12066E+2	-3.77530E-2	9.31352E-2
6.32350E+11	5.12903E-10	-1.52441E+2	-8.51941E-2	-4.44613E-2
6.32525E+11	5.22492E-10	-7.14107E+1	2.82304E-2	-8.39369E-2
6.32700E+11	3.87152E-10	2.46772E+1	7.72080E-2	3.54745E-2
6.32875E+11	3.85579E-10	1.19272E+2	-4.00853E-2	7.15118E-2
6.33050E+11	2.86319E-10	-1.47278E+2	-6.45019E-2	-4.14451E-2
6.33225E+11	4.12290E-10	-5.40715E+1	4.71896E-2	-6.51217E-2
6.33400E+11	5.02017E-10	3.75657E+1	7.57149E-2	5.82362E-2
6.33575E+11	5.90165E-10	1.35403E+2	-7.97365E-2	7.86217E-2
6.33750E+11	4.50480E-10	-1.18750E+2	-5.75364E-2	-1.04875E-1
6.33925E+11	9.00059E-10	-1.32577E+1	1.26845E-1	-2.98862E-2
6.34100E+11	9.06555E-10	9.81353E+1	-1.79915E-2	1.25859E-1
6.34275E+11	6.65055E-10	-1.51630E+2	-1.16171E-1	-6.27361E-2
6.34450E+11	6.48610E-10	-5.06105E+1	7.44613E-2	-9.06844E-2
6.34625E+11	4.07614E-10	4.21569E+1	8.13576E-2	7.36590E-2
6.34800E+11	5.65088E-10	1.25161E+2	-6.46597E-2	9.17941E-2
6.34975E+11	4.52928E-10	-1.45653E+2	-8.70905E-2	-5.95129E-2
6.35150E+11	4.96470E-10	-5.05312E+1	6.87136E-2	-8.34488E-2
6.35325E+11	5.86116E-10	4.23894E+1	7.97500E-2	7.27947E-2
6.35500E+11	4.89499E-10	1.42755E+2	-8.14239E-2	6.19043E-2
6.35675E+11	4.79523E-10	-1.21253E+2	-5.12903E-2	-8.45134E-2
6.35850E+11	4.23449E-10	-2.67224E+1	8.17701E-2	-4.11661E-2
6.36025E+11	3.74748E-10	6.98775E+1	2.97463E-2	8.11868E-2
6.36200E+11	4.18482E-10	1.56789E+2	-8.71523E-2	3.73729E-2
6.36375E+11	5.95646E-10	-1.04968E+2	-2.48208E-2	-9.28399E-2
6.36550E+11	7.27411E-10	3.95106E+0	1.04951E-1	7.24884E-3
6.36725E+11	1.35923E-9	1.15303E+2	-5.07770E-2	1.07404E-1
6.36900E+11	1.31349E-9	-1.26015E+2	-7.00401E-2	-9.63500E-2
6.37075E+11	8.97572E-10	-6.54609E+0	1.14753E-1	-1.31679E-2
6.37250E+11	9.84035E-10	1.04043E+2	-2.62361E-2	1.04891E-1
6.37425E+11	6.95766E-10	-1.45529E+2	-8.05017E-2	-5.52676E-2
6.37600E+11	4.76302E-10	-3.99583E+1	6.62978E-2	-5.55484E-2
6.37775E+11	4.74244E-10	7.35540E+1	2.27908E-2	7.72076E-2
6.37950E+11	4.12737E-10	-1.77646E+2	-7.43273E-2	-3.05546E-3
6.38125E+11	4.68668E-10	-6.20779E+1	3.84348E-2	-7.25230E-2
6.38300E+11	6.44825E-10	5.93117E+1	4.26097E-2	7.17964E-2
6.38475E+11	6.00543E-10	-1.78764E+2	-8.61912E-2	-1.86003E-3
6.38650E+11	3.92290E-10	-6.83751E+1	3.10087E-2	-7.82198E-2
6.38825E+11	5.27759E-10	4.00439E+1	6.59919E-2	5.54600E-2
6.39000E+11	4.10734E-10	1.40105E+2	-6.75525E-2	5.64735E-2
6.39175E+11	3.51101E-10	-1.17165E+2	-4.16048E-2	-8.10767E-2
6.39350E+11	4.76963E-10	-2.55456E+1	8.96106E-2	-4.28297E-2
6.39525E+11	7.97033E-10	7.75244E+1	2.49743E-2	1.12879E-1
6.39700E+11	7.08686E-10	-1.75613E+2	-1.33430E-1	-1.02370E-2
6.39875E+11	1.15247E-9	-5.87401E+1	7.76511E-2	-1.27915E-1
6.40050E+11	1.16900E-9	4.91611E+1	9.50697E-2	1.09988E-1
6.40225E+11	6.95658E-10	1.56717E+2	-1.16991E-1	5.03439E-2
6.40400E+11	7.77774E-10	-1.03220E+2	-2.77553E-2	-1.18152E-1
6.40575E+11	4.83270E-10	2.55223E+0	1.10409E-1	4.92140E-3
6.40750E+11	5.35695E-10	1.10307E+2	-3.50775E-2	9.47932E-2
6.40925E+11	4.59738E-10	-1.39040E+2	-7.38469E-2	-6.41048E-2
6.41100E+11	3.01033E-10	-3.52045E+1	8.08918E-2	-5.70723E-2
6.41275E+11	5.85130E-10	6.74306E+1	3.94223E-2	9.48486E-2
6.41450E+11	6.71556E-10	1.59280E+2	-1.00592E-1	3.80513E-2
6.41625E+11	5.05701E-10	-1.17184E+2	-4.89617E-2	-9.53330E-2
6.41800E+11	6.04670E-10	-2.00623E+1	1.03676E-1	-3.78628E-2
6.41975E+11	4.20707E-10	7.53693E+1	2.49356E-2	9.55190E-2
6.42150E+11	6.63459E-10	1.72119E+2	-1.01531E-1	1.40541E-2
6.42325E+11	5.81596E-10	-8.98791E+1	2.32986E-4	-1.10421E-1
6.42500E+11	5.43189E-10	9.98136E+0	1.21779E-1	2.14320E-2
6.42675E+11	7.09634E-10	1.21438E+2	-7.08017E-2	1.15817E-1
6.42850E+11	1.60470E-9	-1.31577E+2	-9.57058E-2	-1.07882E-1
6.43025E+11	8.95730E-10	-2.70464E+1	1.16353E-1	-5.94037E-2
6.43200E+11	6.82415E-10	6.47024E+1	4.73616E-2	1.00205E-1
6.43375E+11	7.24010E-10	1.55240E+2	-8.67105E-2	3.99933E-2
6.43550E+11	4.84882E-10	-1.13478E+2	-3.57904E-2	-8.23995E-2
6.43725E+11	3.21307E-10	-2.11582E+1	8.18530E-2	-3.16800E-2
6.43900E+11	3.60323E-10	6.72840E+1	3.33468E-2	7.96557E-2
6.44075E+11	5.55931E-10	1.67052E+2	-9.33604E-2	2.14650E-2
6.44250E+11	4.13811E-10	-9.55717E+1	-1.07062E-2	-1.09749E-1
6.44425E+11	7.66174E-10	1.06847E+1	1.23611E-1	2.33224E-2
6.44600E+11	3.87721E-10	1.17600E+2	-5.74112E-2	1.09818E-1
6.44775E+11	7.04135E-10	-1.29531E+2	-8.38449E-2	-1.01601E-1
6.44950E+11	1.10980E-9	-1.46680E+1	1.44053E-1	-3.77056E-2
6.45125E+11	8.00156E-10	9.60874E+1	-1.61390E-2	1.51332E-1
6.45300E+11	1.52213E-9	-1.55870E+2	-1.60558E-1	-7.19214E-2
6.45475E+11	1.03142E-9	-4.84870E+1	1.18173E-1	-1.33509E-1
6.45650E+11	1.01589E-9	5.65611E+1	1.03843E-1	1.57254E-1
6.45825E+11	1.42916E-9	1.65187E+2	-1.89696E-1	5.01655E-2
6.46000E+11	9.48150E-10	-9.26477E+1	-7.97309E-3	-1.72414E-1
6.46175E+11	1.16779E-9	1.16247E+1	1.53874E-1	3.16548E-2
6.46350E+11	9.49842E-10	1.16028E+2	-6.33746E-2	1.29775E-1
6.46525E+11	6.51944E-10	-1.46734E+2	-1.18176E-1	-7.75265E-2
6.46700E+11	8.18115E-10	-4.50266E+1	9.50934E-2	-9.51817E-2
6.46875E+11	7.17337E-10	5.49816E+1	7.61979E-2	1.08748E-1
6.47050E+11	8.99927E-10	1.50133E+2	-1.14846E-1	6.59515E-2
6.47225E+11	1.19530E-9	-1.13962E+2	-6.14161E-2	-1.38188E-1
6.47400E+11	1.37876E-9	-7.88060E+0	1.66602E-1	-2.30605E-2
6.47575E+11	2.17969E-9	9.79990E+1	-2.44450E-2	1.73957E-1
6.47750E+11	1.80905E-9	-1.64880E+2	-1.77781E-1	-4.80370E-2
6.47925E+11	1.50464E-9	-5.84361E+1	1.01200E-1	-1.64731E-1
6.48100E+11	1.38648E-9	5.05292E+1	1.18781E-1	1.44242E-1
6.48275E+11	1.51274E-9	1.63255E+2	-1.65188E-1	4.97010E-2
6.48450E+11	1.49412E-9	-8.69087E+1	8.23659E-3	-1.52514E-1
6.48625E+11	1.00278E-9	1.87656E+1	1.44591E-1	4.91260E-2
6.48800E+11	1.39494E-9	1.35755E+2	-1.07516E-1	1.04719E-1
6.48975E+11	9.33933E-10	-1.09943E+2	-4.88583E-2	-1.34653E-1
6.49150E+11	6.08104E-10	1.23708E+0	1.28779E-1	2.78093E-3
6.49325E+11	4.23953E-10	1.07083E+2	-3.50693E-2	1.14117E-1
6.49500E+11	4.92210E-10	-1.50544E+2	-9.73046E-2	-5.49539E-2
6.49675E+11	4.04325E-10	-5.16617E+1	6.21653E-2	-7.86067E-2
6.49850E+11	4.37337E-10	3.90105E+1	7.78301E-2	6.30491E-2
6.50025E+11	2.88582E-10	1.28049E+2	-5.75170E-2	7.34875E-2
6.50200E+11	6.99683E-10	-1.44047E+2	-9.39977E-2	-6.81755E-2
6.50375E+11	8.58518E-10	-5.14682E+1	9.08546E-2	-1.14090E-1
6.50550E+11	1.22794E-9	4.25615E+1	1.27333E-1	1.16931E-1
6.50725E+11	1.23962E-9	1.46837E+2	-1.73162E-1	1.13154E-1
6.50900E+11	7.29866E-10	-1.00354E+2	-3.38617E-2	-1.85344E-1
6.51075E+11	7.30936E-10	1.21142E+0	1.66866E-1	3.52861E-3
6.51250E+11	3.74227E-10	1.00785E+2	-2.50301E-2	1.31398E-1
6.51425E+11	4.01874E-10	-1.66199E+2	-1.25667E-1	-3.08688E-2
6.51600E+11	3.15487E-10	-6.97694E+1	4.38725E-2	-1.19045E-1
6.51775E+11	3.77278E-10	3.87649E+1	1.01330E-1	8.13695E-2
6.51950E+11	4.10497E-10	1.40151E+2	-9.20398E-2	7.68180E-2
6.52125E+11	1.78823E-10	-1.24340E+2	-6.11189E-2	-8.94615E-2
6.52300E+11	3.04220E-10	-3.35872E+1	9.90378E-2	-6.57686E-2
6.52475E+11	1.92354E-10	5.99937E+1	5.26331E-2	9.11399E-2
6.52650E+11	1.83361E-10	1.35300E+2	-7.10683E-2	7.03289E-2
6.52825E+11	2.05549E-10	-1.47355E+2	-8.86744E-2	-5.68078E-2
6.53000E+11	2.36377E-10	-6.66311E+1	3.78571E-2	-8.76132E-2
6.53175E+11	4.66506E-10	2.01234E+1	1.32231E-1	4.84509E-2
6.53350E+11	1.13315E-9	1.21520E+2	-1.02921E-1	1.67820E-1
6.53525E+11	1.33826E-9	-1.21105E+2	-1.06428E-1	-1.76394E-1
6.53700E+11	1.30011E-9	-8.69264E+0	1.88796E-1	-2.88651E-2
6.53875E+11	1.16752E-9	9.80585E+1	-2.14141E-2	1.51249E-1
6.54050E+11	7.01715E-10	-1.69401E+2	-1.39006E-1	-2.60121E-2
6.54225E+11	5.38239E-10	-7.59207E+1	3.10476E-2	-1.23795E-1
6.54400E+11	4.80072E-10	2.07149E+1	1.09834E-1	4.15356E-2
6.54575E+11	5.86859E-10	1.18502E+2	-5.81965E-2	1.07175E-1
6.54750E+11	5.16314E-10	-1.32425E+2	-9.24783E-2	-1.01187E-1
6.54925E+11	6.96407E-10	-2.29807E+1	1.31495E-1	-5.57639E-2
6.55100E+11	7.71279E-10	8.92306E+1	2.05352E-3	1.52913E-1
6.55275E+11	6.09663E-10	-1.74467E+2	-1.42166E-1	-1.37709E-2
6.55450E+11	5.82755E-10	-7.59941E+1	3.48367E-2	-1.39661E-1
6.55625E+11	9.35159E-10	3.31264E+1	1.41279E-1	9.21909E-2
6.55800E+11	1.40582E-9	1.54063E+2	-1.75736E-1	8.54713E-2
6.55975E+11	1.48521E-9	-8.15318E+1	3.19252E-2	-2.14431E-1
6.56150E+11	2.55962E-9	4.83254E+1	1.92227E-1	2.15944E-1
6.56325E+11	2.35060E-9	-1.79674E+2	-2.85623E-1	-1.62345E-3
6.56500E+11	1.14106E-9	-7.12359E+1	7.64553E-2	-2.25048E-1
6.56675E+11	1.35320E-9	2.07854E+1	1.93250E-1	7.33526E-2
6.56850E+11	9.26468E-10	1.12854E+2	-6.51594E-2	1.54601E-1
6.57025E+11	7.93169E-10	-1.49244E+2	-1.32035E-1	-7.85727E-2
6.57200E+11	6.09568E-10	-3.88861E+1	1.05295E-1	-8.49199E-2
6.57375E+11	6.62968E-10	7.04881E+1	4.36905E-2	1.23297E-1
6.57550E+11	5.18801E-10	1.78490E+2	-1.34892E-1	3.55577E-3
6.57725E+11	7.45442E-10	-6.74411E+1	5.88226E-2	-1.41598E-1
6.57900E+11	8.76497E-10	4.39423E+1	1.19029E-1	1.14714E-1
6.58075E+11	9.14665E-10	1.45693E+2	-1.32429E-1	9.03608E-2
6.58250E+11	9.13300E-10	-1.02068E+2	-3.81412E-2	-1.78398E-1
6.58425E+11	1.17594E-9	1.66750E+1	1.85821E-1	5.56606E-2
6.58600E+11	1.52594E-9	1.47282E+2	-1.57429E-1	1.01137E-1
6.58775E+11	1.05795E-9	-8.56184E+1	1.19662E-2	-1.56169E-1
6.58950E+11	6.33817E-10	2.11810E+1	1.14871E-1	4.45115E-2
6.59125E+11	6.66143E-10	1.26647E+2	-7.34947E-2	9.87903E-2
6.59300E+11	4.95804E-10	-1.30559E+2	-6.58516E-2	-7.69428E-2
6.59475E+11	2.12025E-10	-2.90144E+1	6.10213E-2	-3.38447E-2
6.59650E+11	1.11816E-10	6.44145E+1	2.46555E-2	5.14934E-2
6.59825E+11	1.18363E-10	1.61694E+2	-5.49710E-2	1.81866E-2
6.60000E+11	1.12455E-10	-9.48332E+1	-5.44509E-3	-6.43964E-2
6.60175E+11	1.81369E-10	2.27268E+0	6.74568E-2	2.67712E-3
6.60350E+11	1.47881E-10	8.80924E+1	2.18800E-3	6.56944E-2
6.60525E+11	2.71678E-10	1.68598E+2	-7.87876E-2	1.58897E-2
6.60700E+11	3.88801E-10	-9.13190E+1	-2.48627E-3	-1.07983E-1
6.60875E+11	4.53396E-10	2.51236E+1	1.13274E-1	5.31181E-2
6.61050E+11	5.64673E-10	1.45154E+2	-1.18950E-1	8.28157E-2
6.61225E+11	7.29662E-10	-8.53459E+1	1.27405E-2	-1.56501E-1
6.61400E+11	2.84264E-10	2.50633E+1	1.04615E-1	4.89236E-2
6.61575E+11	4.05645E-10	1.39190E+2	-8.67327E-2	7.48916E-2
6.61750E+11	1.44502E-10	-1.21109E+2	-4.45812E-2	-7.38757E-2
6.61925E+11	2.17632E-10	-3.00161E+1	7.71974E-2	-4.45989E-2
6.62100E+11	2.01853E-10	8.69111E+1	5.31228E-3	9.84411E-2
6.62275E+11	1.29784E-10	-1.59762E+2	-7.77979E-2	-2.86825E-2
6.62450E+11	1.44980E-10	-4.44702E+1	6.07173E-2	-5.96046E-2
6.62625E+11	1.39317E-10	5.59670E+1	4.41787E-2	6.54164E-2
6.62800E+11	1.17111E-10	1.55910E+2	-7.30362E-2	3.26551E-2
6.62975E+11	1.23526E-10	-1.05749E+2	-2.20156E-2	-7.80647E-2
6.63150E+11	1.65419E-10	1.36946E+0	8.71643E-2	2.08376E-3
6.63325E+11	2.65517E-10	1.04371E+2	-2.41495E-2	9.42539E-2
6.63500E+11	4.26973E-10	-1.53859E+2	-1.23521E-1	-6.06206E-2
6.63675E+11	5.92564E-10	-3.92643E+1	1.43652E-1	-1.17429E-1
6.63850E+11	1.07106E-9	6.98811E+1	6.71469E-2	1.83301E-1
6.64025E+11	9.00383E-10	1.77066E+2	-1.76514E-1	9.04783E-3
6.64200E+11	5.37536E-10	-7.18749E+1	4.69171E-2	-1.43331E-1
6.64375E+11	2.57941E-10	3.58448E+1	9.46734E-2	6.83932E-2
6.64550E+11	1.81998E-10	1.46793E+2	-8.52661E-2	5.58122E-2
6.64725E+11	2.24241E-10	-1.07604E+2	-2.90110E-2	-9.14329E-2
6.64900E+11	4.18761E-10	-2.79263E+1	9.09994E-2	-4.82353E-2
6.65075E+11	2.91957E-10	5.42291E+1	6.70627E-2	9.30844E-2
6.65250E+11	5.38607E-10	1.59689E+2	-1.11635E-1	4.13205E-2
6.65425E+11	4.98113E-10	-9.49569E+1	-1.11493E-2	-1.28551E-1
6.65600E+11	4.71492E-10	3.40336E+1	1.08795E-1	7.34761E-2
6.65775E+11	4.13279E-10	1.64457E+2	-1.22954E-1	3.41985E-2
6.65950E+11	6.87311E-10	-7.65954E+1	3.67637E-2	-1.54263E-1
6.66125E+11	1.27156E-9	3.90369E+1	1.50456E-1	1.21997E-1
6.66300E+11	1.38256E-9	1.39083E+2	-1.62915E-1	1.41206E-1
6.66475E+11	1.22553E-9	-1.24942E+2	-1.45643E-1	-2.08446E-1
6.66650E+11	1.80069E-9	-9.49646E+0	2.43453E-1	-4.07245E-2
6.66825E+11	8.54964E-10	1.23529E+2	-1.24130E-1	1.87332E-1
6.67000E+11	8.60071E-10	-1.11108E+2	-6.29273E-2	-1.63012E-1
6.67175E+11	5.03295E-10	1.13637E+1	1.48698E-1	2.98849E-2
6.67350E+11	4.33457E-10	1.15738E+2	-5.59011E-2	1.15960E-1
6.67525E+11	4.65259E-10	-1.62885E+2	-1.15958E-1	-3.57055E-2
6.67700E+11	4.02090E-10	-9.25831E+1	-4.95774E-3	-1.09893E-1
6.67875E+11	3.83199E-10	-2.44995E+1	1.15796E-1	-5.27700E-2
6.68050E+11	6.33489E-10	8.63681E+1	1.00013E-2	1.57569E-1
6.68225E+11	7.72199E-10	-1.44901E+2	-1.32519E-1	-9.31309E-2
6.68400E+11	5.50196E-10	-1.20999E+1	1.44924E-1	-3.10688E-2
6.68575E+11	4.33230E-10	9.47253E+1	-1.17083E-2	1.41646E-1
6.68750E+11	8.31241E-10	-1.67469E+2	-1.54344E-1	-3.43057E-2
6.68925E+11	7.07482E-10	-6.23390E+1	8.01741E-2	-1.52962E-1
6.69100E+11	5.70858E-10	5.37631E+1	8.15205E-2	1.11233E-1
6.69275E+11	4.41709E-10	1.78399E+2	-1.12800E-1	3.15267E-3
6.69450E+11	3.41847E-10	-5.44147E+1	5.89356E-2	-8.23649E-2
6.69625E+11	1.61689E-10	7.07408E+1	2.90862E-2	8.32472E-2
6.69800E+11	1.99456E-10	-1.79436E+2	-7.89459E-2	-7.76789E-4
6.69975E+11	1.13340E-10	-1.00095E+2	-1.08336E-2	-6.08480E-2
6.70150E+11	9.48016E-11	-2.85625E+1	5.47691E-2	-2.98146E-2
6.70325E+11	6.51696E-11	4.80828E+1	3.41337E-2	3.80197E-2
6.70500E+11	6.75600E-11	1.45217E+2	-4.14272E-2	2.87749E-2
6.70675E+11	4.58135E-11	-7.46227E+1	1.39125E-2	-5.05875E-2
6.70850E+11	1.09758E-10	3.15834E+1	5.24769E-2	3.22631E-2
6.71025E+11	1.04248E-10	1.52407E+2	-7.01564E-2	3.66656E-2
6.71200E+11	1.21748E-10	-1.17329E+2	-3.50960E-2	-6.79122E-2
6.71375E+11	1.22900E-10	-4.56631E+1	6.13358E-2	-6.27721E-2
6.71550E+11	2.05407E-10	5.61805E+1	5.30297E-2	7.91567E-2
6.71725E+11	1.12103E-10	1.79281E+2	-9.41487E-2	1.18163E-3
6.71900E+11	1.19645E-10	-3.71225E+1	6.77662E-2	-5.12931E-2
6.72075E+11	7.28987E-11	8.76083E+1	2.78363E-3	6.66455E-2
6.72250E+11	3.59950E-11	-1.67300E+2	-5.53772E-2	-1.24794E-2
6.72425E+11	8.19933E-11	-8.49124E+1	5.70841E-3	-6.41182E-2
6.72600E+11	7.45138E-11	9.47174E+0	7.35196E-2	1.22657E-2
6.72775E+11	8.30376E-11	1.09541E+2	-2.57333E-2	7.25048E-2
6.72950E+11	6.62446E-11	-1.22975E+2	-4.05231E-2	-6.24602E-2
6.73125E+11	9.53367E-11	2.19556E+0	8.10019E-2	3.10550E-3
6.73300E+11	4.25819E-11	1.26857E+2	-4.27166E-2	5.69813E-2
6.73475E+11	9.74833E-11	-1.13007E+2	-3.23313E-2	-7.61404E-2
6.73650E+11	8.68810E-11	-3.28709E+1	6.99922E-2	-4.52295E-2
6.73825E+11	2.24627E-10	5.65561E+1	7.16004E-2	1.08407E-1
6.74000E+11	5.16161E-10	1.60855E+2	-1.52238E-1	5.28516E-2
6.74175E+11	9.75117E-10	-6.93699E+1	7.95274E-2	-2.11242E-1
6.74350E+11	6.02098E-10	7.85473E+1	4.53197E-2	2.23698E-1
6.74525E+11	7.42347E-10	-1.35586E+2	-1.37131E-1	-1.34356E-1
6.74700E+11	3.79404E-10	-1.70786E+1	1.47814E-1	-4.54131E-2
6.74875E+11	2.61367E-10	8.08308E+1	2.10938E-2	1.30682E-1
6.75050E+11	3.21134E-10	1.75906E+2	-1.10897E-1	7.93678E-3
6.75225E+11	2.93082E-10	-9.33312E+1	-6.58030E-3	-1.13052E-1
6.75400E+11	2.93077E-10	2.89389E+1	1.20416E-1	6.65801E-2
6.75575E+11	4.18221E-10	1.63067E+2	-1.26358E-1	3.84704E-2
6.75750E+11	4.75032E-10	-7.14900E+1	4.57087E-2	-1.36530E-1
6.75925E+11	5.34752E-10	4.29236E+1	1.00181E-1	9.31705E-2
6.76100E+11	4.05489E-10	1.34051E+2	-9.03572E-2	9.34014E-2
6.76275E+11	4.09922E-10	-1.39478E+2	-1.09827E-1	-9.38736E-2
6.76450E+11	6.09010E-10	-3.45164E+1	1.31183E-1	-9.02152E-2
6.76625E+11	1.04280E-9	7.69054E+1	4.62379E-2	1.98780E-1
6.76800E+11	2.83145E-9	-1.56616E+2	-2.65154E-1	-1.14653E-1
6.76975E+11	3.28998E-9	-2.40753E+1	2.86611E-1	-1.28059E-1
6.77150E+11	2.04923E-9	8.98028E+1	9.10914E-4	2.64606E-1
6.77325E+11	8.32017E-10	-1.70204E+2	-2.03385E-1	-3.51164E-2
6.77500E+11	6.69232E-10	-7.31110E+1	5.28834E-2	-1.74180E-1
6.77675E+11	3.83162E-10	2.60062E+1	1.27651E-1	6.22769E-2
6.77850E+11	3.20900E-10	1.33152E+2	-8.45362E-2	9.01742E-2
6.78025E+11	1.53662E-10	-1.19147E+2	-4.80738E-2	-8.62046E-2
6.78200E+11	2.31651E-10	-3.00491E+1	9.94277E-2	-5.75184E-2
6.78375E+11	3.34212E-10	7.04944E+1	4.35083E-2	1.22826E-1
6.78550E+11	2.96265E-10	1.67619E+2	-1.39324E-1	3.05850E-2
6.78725E+11	3.60112E-10	-8.32761E+1	1.58690E-2	-1.34601E-1
6.78900E+11	2.42415E-10	3.14347E+1	1.17381E-1	7.17475E-2
6.79075E+11	2.67749E-10	1.59304E+2	-1.60159E-1	6.05049E-2
6.79250E+11	3.95831E-10	-6.90921E+1	6.34436E-2	-1.66074E-1
6.79425E+11	2.93315E-10	4.68444E+1	1.12774E-1	1.20279E-1
6.79600E+11	2.78358E-10	1.42465E+2	-1.07763E-1	8.27939E-2
6.79775E+11	1.63690E-10	-1.25379E+2	-8.52643E-2	-1.20071E-1
6.79950E+11	1.34521E-10	-1.90923E+1	1.22668E-1	-4.24591E-2
6.80125E+11	1.16924E-10	1.09973E+2	-3.99905E-2	1.10036E-1
6.80300E+11	7.67188E-11	-1.32017E+2	-6.46609E-2	-7.17713E-2
6.80475E+11	3.92229E-11	-8.94397E+0	7.05934E-2	-1.11101E-2
6.80650E+11	4.41370E-11	5.78650E+1	4.25320E-2	6.77099E-2
6.80825E+11	3.82825E-11	1.43370E+2	-6.56540E-2	4.88118E-2
6.81000E+11	3.77175E-11	-1.53048E+2	-6.86350E-2	-3.48990E-2
6.81175E+11	4.07600E-11	-7.72469E+1	2.17183E-2	-9.59570E-2
6.81350E+11	1.14921E-10	4.30634E+1	8.72489E-2	8.15416E-2
6.81525E+11	1.44326E-10	1.74165E+2	-1.31458E-1	1.34346E-2
6.81700E+11	1.52608E-10	-5.73223E+1	7.10360E-2	-1.10745E-1
6.81875E+11	2.16325E-10	3.94038E+1	1.09949E-1	9.03257E-2
6.82050E+11	2.18533E-10	1.22630E+2	-7.20340E-2	1.12507E-1
6.82225E+11	6.19535E-11	-1.72967E+2	-1.13480E-1	-1.40001E-2
6.82400E+11	5.91260E-11	-7.35490E+1	2.42283E-2	-8.20513E-2
6.82575E+11	1.00422E-10	1.13306E+1	8.63922E-2	1.73109E-2
6.82750E+11	8.97259E-11	1.29820E+2	-6.74289E-2	8.08737E-2
6.82925E+11	5.98157E-11	-1.23311E+2	-5.77402E-2	-8.78647E-2
6.83100E+11	1.15922E-10	-8.06100E+0	1.02501E-1	-1.45168E-2
6.83275E+11	5.98065E-11	7.37378E+1	2.58726E-2	8.86950E-2
6.83450E+11	7.03112E-11	1.60968E+2	-8.84833E-2	3.05221E-2
6.83625E+11	1.13069E-10	-1.47200E+2	-8.20434E-2	-5.28725E-2
6.83800E+11	8.70441E-11	-6.21971E+1	5.38025E-2	-1.02033E-1
6.83975E+11	2.01550E-10	3.55933E+1	1.10404E-1	7.90223E-2
6.84150E+11	3.90310E-10	1.50808E+2	-1.67085E-1	9.33512E-2
6.84325E+11	6.62654E-10	-8.58278E+1	1.73139E-2	-2.37348E-1
6.84500E+11	4.11882E-10	2.46845E+1	2.31725E-1	1.06506E-1
6.84675E+11	8.44453E-10	1.33019E+2	-1.77930E-1	1.90681E-1
6.84850E+11	5.45860E-10	-1.20250E+2	-1.18470E-1	-2.03141E-1
6.85025E+11	3.82264E-10	-1.47503E+1	1.99984E-1	-5.26524E-2
6.85200E+11	2.15612E-10	1.01839E+2	-3.43315E-2	1.63780E-1
6.85375E+11	1.36326E-10	-1.40281E+2	-1.16651E-1	-9.69109E-2
6.85550E+11	1.87165E-10	-3.82930E+1	1.14240E-1	-9.01984E-2
6.85725E+11	2.28996E-10	5.98499E+1	7.21004E-2	1.24129E-1
6.85900E+11	2.43562E-10	1.49423E+2	-1.49481E-1	8.83216E-2
6.86075E+11	2.76513E-10	-1.17781E+2	-7.83292E-2	-1.48682E-1
6.86250E+11	2.61653E-10	-1.44713E+1	1.82643E-1	-4.71368E-2
6.86425E+11	2.49737E-10	1.08851E+2	-7.49085E-2	2.19399E-1
6.86600E+11	2.16457E-10	-1.31384E+2	-1.60119E-1	-1.81720E-1
6.86775E+11	2.66370E-10	-7.34845E+0	2.17494E-1	-2.80486E-2
6.86950E+11	3.17225E-10	8.71336E+1	1.13160E-2	2.26006E-1
6.87125E+11	5.25007E-10	1.71366E+2	-2.81625E-1	4.27652E-2
6.87300E+11	4.11142E-10	-9.07656E+1	-4.49304E-3	-3.36229E-1
6.87475E+11	3.28535E-10	2.16910E+1	3.20035E-1	1.27299E-1
6.87650E+11	2.25415E-10	1.41829E+2	-2.58079E-1	2.02875E-1
6.87825E+11	1.75230E-10	-1.04099E+2	-7.19311E-2	-2.86400E-1
6.88000E+11	1.05027E-10	1.32126E+1	2.25786E-1	5.30102E-2
6.88175E+11	5.64595E-11	1.13894E+2	-7.20948E-2	1.62738E-1
6.88350E+11	5.10271E-11	-1.62769E+2	-1.60336E-1	-4.97282E-2
6.88525E+11	4.28299E-11	-6.73570E+1	5.63642E-2	-1.35120E-1
6.88700E+11	4.58989E-11	3.26443E+1	1.70590E-1	1.09283E-1
6.88875E+11	7.11020E-11	1.58259E+2	-2.04504E-1	8.15527E-2
6.89050E+11	6.23773E-11	-7.90360E+1	4.22940E-2	-2.18315E-1
6.89225E+11	3.80829E-11	2.79298E+1	2.13629E-1	1.13253E-1
6.89400E+11	3.09886E-11	1.25489E+2	-1.01125E-1	1.41831E-1
6.89575E+11	1.77721E-11	-1.08233E+2	-4.17622E-2	-1.26772E-1
6.89750E+11	2.05769E-11	-7.70542E+0	1.26923E-1	-1.71729E-2
6.89925E+11	1.26674E-11	1.09753E+2	-3.07794E-2	8.57147E-2
6.90100E+11	2.18229E-11	-1.44889E+2	-9.22220E-2	-6.48400E-2
6.90275E+11	1.05321E-11	8.95986E+0	8.69158E-2	1.37037E-2
6.90450E+11	5.19939E-12	1.15305E+2	-3.03273E-2	6.41446E-2
6.90625E+11	7.51758E-12	-1.63848E+2	-7.72969E-2	-2.23867E-2
6.90800E+11	4.59779E-12	-2.37608E+1	4.85558E-2	-2.13760E-2
6.90975E+11	9.57197E-12	5.63491E+1	3.46397E-2	5.20366E-2
6.91150E+11	2.60835E-12	1.72357E+2	-3.22468E-2	4.32741E-3
6.91325E+11	1.11785E-11	-6.65136E+1	2.21317E-2	-5.09323E-2
6.91500E+11	3.26198E-13	4.04155E+1	9.71067E-3	8.26897E-3
6.91675E+11	1.54934E-11	1.60054E+2	-7.82271E-2	2.83885E-2
6.91850E+11	1.22617E-11	-9.77366E+1	-1.20368E-2	-8.85999E-2
6.92025E+11	5.30214E-12	4.04409E+1	4.12999E-2	3.51998E-2
6.92200E+11	7.35003E-12	1.53882E+2	-5.28495E-2	2.59110E-2
6.92375E+11	9.83088E-12	-9.35247E+1	-4.39181E-3	-7.13015E-2
6.92550E+11	4.58216E-12	8.36750E+1	3.94455E-3	3.55871E-2
6.92725E+11	3.75340E-12	1.55139E+2	-3.49199E-2	1.61804E-2
6.92900E+11	2.05669E-12	-6.88649E+1	7.70833E-3	-1.99402E-2
6.93075E+11	7.66851E-12	2.34314E+1	4.41689E-2	1.91423E-2
6.93250E+11	6.93007E-12	7.65047E+1	9.32964E-3	3.88749E-2
6.93425E+11	1.20168E-11	-1.69611E+2	-5.68386E-2	-1.04206E-2
6.93600E+11	1.51698E-11	-1.88479E+0	5.29949E-2	-1.74394E-3
6.93775E+11	9.87900E-12	1.06110E+2	-1.19298E-2	4.13048E-2
6.93950E+11	1.73955E-11	-1.13285E+2	-2.27392E-2	-5.28383E-2
6.94125E+11	1.24611E-11	1.36960E+1	5.03147E-2	1.22616E-2
6.94300E+11	1.58154E-11	1.17969E+2	-2.49165E-2	4.69229E-2
6.94475E+11	2.70961E-11	-1.73538E+2	-7.14582E-2	-8.09352E-3
6.94650E+11	1.03810E-11	-6.98741E+1	1.91711E-2	-5.23142E-2
6.94825E+11	1.16663E-11	3.86550E+1	4.70594E-2	3.76410E-2
6.95000E+11	2.99589E-11	1.63829E+2	-8.05640E-2	2.33612E-2
6.95175E+11	3.60723E-12	-6.33937E+1	1.58737E-2	-3.16903E-2
6.95350E+11	1.82058E-11	9.24201E+1	-3.24905E-3	7.68748E-2
6.95525E+11	1.30124E-11	-1.64683E+2	-5.62627E-2	-1.54101E-2
6.95700E+11	1.10708E-11	-6.49081E+1	2.41624E-2	-5.16002E-2
6.95875E+11	1.76871E-11	2.99617E+1	6.54638E-2	3.77373E-2
6.96050E+11	3.16633E-11	1.33857E+2	-7.74513E-2	8.06055E-2
6.96225E+11	2.42896E-11	-6.35652E+1	4.63657E-2	-9.32609E-2
6.96400E+11	3.27876E-11	6.91053E+1	4.07351E-2	1.06704E-1
6.96575E+11	1.43743E-11	-1.61636E+2	-8.06105E-2	-2.67587E-2
6.96750E+11	1.42696E-11	-4.04740E+1	5.04899E-2	-4.30829E-2
6.96925E+11	8.70972E-12	5.92610E+1	3.49068E-2	5.86985E-2
6.97100E+11	2.97086E-12	1.78947E+2	-4.40427E-2	8.09409E-4
6.97275E+11	1.68732E-13	-3.68650E+1	7.81741E-3	-5.86202E-3
6.97450E+11	8.47800E-12	7.68388E+1	1.68459E-2	7.20424E-2
6.97625E+11	2.66786E-12	1.37256E+2	-3.28817E-2	3.03894E-2
6.97800E+11	1.99772E-12	-6.73314E+1	1.87428E-2	-4.48752E-2
6.97975E+11	1.31638E-12	-3.32048E+1	4.02800E-2	-2.63634E-2
6.98150E+11	1.94434E-13	6.52703E+1	7.16029E-3	1.55463E-2
6.98325E+11	3.25490E-12	1.24467E+2	-2.84484E-2	4.14443E-2
6.98500E+11	2.80846E-12	-4.33922E+1	3.28924E-2	-3.10964E-2
6.98675E+11	1.07612E-12	7.85740E+0	3.51982E-2	4.85748E-3
6.98850E+11	2.46932E-14	-1.47004E+2	-6.07103E-3	-3.94198E-3
6.99025E+11	3.91062E-13	-4.71061E+1	2.18321E-2	-2.34991E-2
6.99200E+11	2.87661E-12	-7.74829E+1	1.16648E-2	-5.25423E-2
6.99375E+11	1.04494E-12	-8.66780E+0	2.36056E-2	-3.59859E-3
6.99550E+11	2.55630E-13	1.54278E+2	-1.11862E-2	5.38885E-3
6.99725E+11	6.96734E-13	-1.69187E+2	-1.97476E-2	-3.77158E-3
6.99900E+11	7.83966E-12	2.20755E+1	5.53232E-2	2.24368E-2
7.00075E+11	5.51378E-13	1.62927E+2	-1.77500E-2	5.45135E-3
7.00250E+11	2.23391E-12	-1.54600E+2	-3.17555E-2	-1.50783E-2
7.00425E+11	3.82739E-13	-3.91620E+1	1.06083E-2	-8.64022E-3
7.00600E+11	1.20675E-13	-9.31637E+1	-4.83399E-4	-8.74558E-3
7.00775E+11	2.18024E-13	1.16027E+2	-5.92370E-3	1.21309E-2
7.00950E+11	7.73192E-13	1.34343E+2	-1.39665E-2	1.42906E-2
7.01125E+11	1.59822E-12	-1.15072E+2	-1.33176E-2	-2.84664E-2
7.01300E+11	1.51504E-13	1.35843E+2	-5.04115E-3	4.89489E-3
7.01475E+11	2.70280E-12	8.14578E+1	4.24317E-3	2.82495E-2
7.01650E+11	1.65943E-13	-1.74612E+2	-8.38696E-3	-7.91094E-4
7.01825E+11	2.14676E-12	-4.78761E+1	1.66823E-2	-1.84472E-2
7.02000E+11	1.20512E-12	7.86043E+1	3.44507E-3	1.70923E-2
7.02175E+11	2.10340E-12	1.59947E+2	-3.28943E-2	1.20070E-2
7.02350E+11	1.84292E-12	-8.57147E+1	1.92569E-3	-2.56991E-2
7.02525E+11	2.87163E-12	3.10044E+1	2.02301E-2	1.21576E-2
7.02700E+11	2.60774E-12	8.36775E+1	2.98245E-3	2.69178E-2
7.02875E+11	2.68942E-12	1.64583E+2	-2.66106E-2	7.33807E-3
7.03050E+11	1.76600E-12	-8.21685E+1	3.42196E-3	-2.48793E-2
7.03225E+11	7.92315E-12	6.06468E+0	4.36631E-2	4.63901E-3
7.03400E+11	4.16114E-12	1.47102E+2	-2.93113E-2	1.89609E-2
7.03575E+11	6.92160E-12	-8.75263E+1	1.91915E-3	-4.44237E-2
7.03750E+11	1.37103E-11	6.28255E+0	6.64244E-2	7.31284E-3
7.03925E+11	2.71975E-11	1.23421E+2	-4.21388E-2	6.38559E-2
7.04100E+11	3.89078E-11	-1.67755E+2	-7.71260E-2	-1.67389E-2
7.04275E+11	2.85317E-11	-9.33451E+1	-5.21022E-3	-8.91399E-2
7.04450E+11	2.92131E-11	2.79723E+1	8.47825E-2	4.50271E-2
7.04625E+11	6.79428E-11	1.57716E+2	-9.66018E-2	3.95877E-2
7.04800E+11	5.99543E-11	-1.00949E+2	-2.16054E-2	-1.11683E-1
7.04975E+11	9.97121E-11	2.79919E+1	1.11764E-1	5.94053E-2
7.05150E+11	6.70503E-11	1.39405E+2	-9.17940E-2	7.86629E-2
7.05325E+11	5.82590E-11	-1.33747E+2	-7.77828E-2	-8.12614E-2
7.05500E+11	3.41652E-11	-3.56327E+1	6.82704E-2	-4.89359E-2
7.05675E+11	3.14694E-11	9.20745E+1	-2.79059E-3	7.70408E-2
7.05850E+11	2.45385E-11	-1.72673E+2	-8.22800E-2	-1.05793E-2
7.06025E+11	3.18833E-11	-5.25240E+1	5.50744E-2	-7.18366E-2
7.06200E+11	4.43157E-11	4.16015E+1	8.37613E-2	7.43707E-2
7.06375E+11	3.31284E-11	1.36992E+2	-7.82604E-2	7.29986E-2
7.06550E+11	6.27281E-11	-1.13746E+2	-6.55933E-2	-1.49103E-1
7.06725E+11	2.21503E-11	2.80884E+0	1.36604E-1	6.70218E-3
7.06900E+11	5.23118E-11	1.63093E+2	-1.72958E-1	5.25705E-2
7.07075E+11	3.49800E-11	-6.58091E+1	6.88198E-2	-1.53196E-1
7.07250E+11	3.39620E-11	6.48096E+1	8.28229E-2	1.76084E-1
7.07425E+11	1.51207E-11	1.53111E+2	-1.34878E-1	6.83942E-2
7.07600E+11	1.36879E-11	-1.21348E+2	-6.88811E-2	-1.13076E-1
7.07775E+11	1.42269E-11	-6.13807E+1	6.06499E-2	-1.11151E-1
7.07950E+11	1.35288E-11	8.13024E+1	1.76134E-2	1.15136E-1
7.08125E+11	6.82117E-12	-1.52731E+2	-7.87303E-2	-4.05821E-2
7.08300E+11	4.61351E-12	-1.12609E+1	9.04819E-2	-1.80158E-2
7.08475E+11	9.23841E-12	8.77821E+1	4.81395E-3	1.24296E-1
7.08650E+11	5.56825E-12	-1.77333E+2	-1.09696E-1	-5.10956E-3
7.08825E+11	1.48434E-12	-1.24674E+2	-2.81023E-2	-4.06238E-2
7.09000E+11	2.70387E-12	-6.39979E+1	2.77328E-2	-5.68554E-2
7.09175E+11	5.99995E-12	8.82257E+1	3.15831E-3	1.01954E-1
7.09350E+11	6.90345E-12	1.71139E+2	-1.01973E-1	1.58966E-2
7.09525E+11	1.04294E-12	-5.77102E+1	1.75384E-2	-2.77540E-2
7.09700E+11	1.09988E-11	3.42302E+1	8.22962E-2	5.59918E-2
7.09875E+11	4.67995E-12	1.57694E+2	-5.35025E-2	2.19494E-2
7.10050E+11	3.25391E-12	-1.18895E+2	-2.44667E-2	-4.43308E-2
7.10225E+11	5.51937E-12	-6.59854E+1	2.68885E-2	-6.03512E-2
7.10400E+11	1.53880E-12	1.30125E+1	3.45321E-2	7.98030E-3
7.10575E+11	4.49587E-12	1.36997E+2	-5.16621E-2	4.81811E-2
7.10750E+11	8.31390E-12	-1.06262E+2	-2.23798E-2	-7.67237E-2
7.10925E+11	4.31733E-12	2.82030E+1	5.19826E-2	2.78763E-2
7.11100E+11	1.48084E-11	1.55570E+2	-8.72153E-2	3.96179E-2
7.11275E+11	1.82529E-12	-1.49189E+2	-3.43199E-2	-2.04674E-2
7.11450E+11	1.45414E-12	-5.38749E+0	3.50239E-2	-3.30301E-3
7.11625E+11	5.04099E-12	6.68604E+1	2.25636E-2	5.27984E-2
7.11800E+11	3.98690E-12	1.71218E+2	-5.07852E-2	7.84544E-3
7.11975E+11	2.48961E-12	-6.68485E+1	1.60246E-2	-3.74758E-2
7.12150E+11	1.95151E-12	1.72278E+1	3.37302E-2	1.04592E-2
7.12325E+11	7.65608E-12	1.11822E+2	-2.94833E-2	7.36302E-2
7.12500E+11	6.51783E-12	-9.75899E+1	-8.38790E-3	-6.29488E-2
7.12675E+11	2.90962E-12	-1.93642E+1	4.75108E-2	-1.66979E-2
7.12850E+11	1.13001E-11	1.05436E+2	-2.84333E-2	1.02971E-1
7.13025E+11	1.81469E-11	-1.36120E+2	-8.48069E-2	-8.15539E-2
7.13200E+11	1.13723E-11	-4.22250E+1	7.87420E-2	-7.14616E-2
7.13375E+11	1.51052E-11	7.61967E+1	2.99806E-2	1.22028E-1
7.13550E+11	1.54310E-11	1.59609E+2	-1.28285E-1	4.76864E-2
7.13725E+11	2.81820E-11	-1.05946E+2	-4.64855E-2	-1.62695E-1
7.13900E+11	5.61599E-12	-1.29466E+1	1.06043E-1	-2.43779E-2
7.14075E+11	1.79851E-11	1.12687E+2	-7.73159E-2	1.84945E-1
7.14250E+11	1.64000E-11	-1.24394E+2	-1.23704E-1	-1.80705E-1
7.14425E+11	1.97744E-11	2.58021E+0	2.62932E-1	1.18487E-2
7.14600E+11	4.09519E-11	1.21096E+2	-1.58132E-1	2.62176E-1
7.14775E+11	2.89973E-11	-1.48142E+2	-3.17837E-1	-1.97516E-1
7.14950E+11	5.89612E-11	-5.86136E+1	2.72915E-1	-4.47345E-1
7.15125E+11	3.05239E-11	6.63594E+1	1.98723E-1	4.53982E-1
7.15300E+11	3.91188E-11	-1.77711E+2	-6.93485E-1	-2.77165E-2
7.15475E+11	7.50717E-11	-4.72933E+1	5.26703E-1	-5.70648E-1
7.15650E+11	3.27785E-11	8.99139E+1	9.74780E-4	6.48713E-1
7.15825E+11	1.59257E-11	-1.34442E+2	-3.99652E-1	-4.07510E-1
7.16000E+11	1.43258E-11	-1.78450E+1	4.75388E-1	-1.53043E-1
7.16175E+11	2.15207E-11	9.14739E+1	-2.02057E-2	7.85301E-1
7.16350E+11	5.68595E-12	1.56300E+2	-3.58089E-1	1.57191E-1
7.16525E+11	6.03489E-12	-5.76759E+1	2.20110E-1	-3.47856E-1
7.16700E+11	7.18205E-12	6.02010E+1	2.69985E-1	4.71439E-1
7.16875E+11	8.26372E-12	-1.69737E+2	-5.10046E-1	-9.23470E-2
7.17050E+11	3.09055E-12	-4.86783E+1	2.65137E-1	-3.01568E-1
7.17225E+11	2.09385E-12	3.57813E+1	2.13590E-1	1.53940E-1
7.17400E+11	2.39757E-12	1.43696E+2	-2.67823E-1	1.96761E-1
7.17575E+11	3.13664E-13	-6.75471E+1	6.71971E-2	-1.62606E-1
7.17750E+11	4.16290E-13	-3.39858E+1	1.05089E-1	-7.08453E-2
7.17925E+11	2.01619E-13	7.58685E+1	3.64698E-2	1.44855E-1
7.18100E+11	4.99999E-12	1.52949E+2	-3.20164E-1	1.63494E-1
7.18275E+11	3.48994E-12	-1.10491E+2	-1.96384E-1	-5.25510E-1
7.18450E+11	1.67452E-13	1.20242E+2	-6.03697E-2	1.03551E-1
7.18625E+11	1.91198E-13	1.18977E+2	-1.07963E-1	1.94958E-1
7.18800E+11	2.32550E-12	-1.09563E+2	-1.39930E-1	-3.93770E-1
7.18975E+11	2.20985E-12	-2.44881E+1	4.82871E-1	-2.19936E-1
7.19150E+11	1.52398E-12	-1.69030E+2	-3.34710E-1	-6.48776E-2
7.19325E+11	1.35431E-12	-1.45252E+2	-1.94771E-1	-1.35107E-1
7.19500E+11	1.39031E-12	-8.35660E+1	2.86347E-2	-2.53925E-1
7.19675E+11	6.32856E-13	4.30282E-1	1.44632E-1	1.08618E-3
7.19850E+11	2.47561E-12	3.55452E+1	1.81156E-1	1.29434E-1
7.20025E+11	1.01715E-13	7.18090E+1	2.21947E-2	6.75411E-2
7.20200E+11	1.58339E-12	-1.02322E+2	-4.54135E-2	-2.07899E-1
7.20375E+11	2.24152E-13	-3.58700E+1	7.68917E-2	-5.55989E-2
7.20550E+11	8.82756E-13	8.16327E+1	1.87511E-2	1.27486E-1
7.20725E+11	2.21127E-12	1.16966E+2	-8.11892E-2	1.59578E-1
7.20900E+11	3.21461E-14	1.01090E+2	-5.82138E-3	2.96987E-2
7.21075E+11	1.33656E-12	-3.59001E+1	1.26463E-1	-9.15446E-2
7.21250E+11	4.94220E-13	1.19567E+2	-6.37078E-2	1.12295E-1
7.21425E+11	1.82773E-12	-1.79123E+2	-2.41161E-1	-3.68995E-3
7.21600E+11	7.36734E-15	1.26942E+2	-9.01090E-3	1.19831E-2
7.21775E+11	1.36042E-12	1.22734E+2	-1.06160E-1	1.65142E-1
7.21950E+11	1.50820E-12	-1.36212E+2	-1.59632E-1	-1.53017E-1
7.22125E+11	9.07579E-13	1.76158E+2	-2.96335E-1	1.98988E-2
7.22300E+11	7.30715E-13	-1.36582E+2	-2.65594E-1	-2.51319E-1
7.22475E+11	1.05854E-13	1.53454E+2	-8.16673E-2	4.08001E-2
7.22650E+11	3.20149E-12	6.34058E+1	2.82530E-1	5.64341E-1
7.22825E+11	6.23520E-13	1.43738E+2	-2.16289E-1	1.58660E-1
7.23000E+11	3.03204E-12	-9.26169E+1	-4.69495E-2	-1.02722E+0
7.23175E+11	1.72139E-12	1.67417E+2	-8.06557E-1	1.80042E-1
7.23350E+11	1.61389E-13	-1.35045E+2	-2.99343E-1	-2.98873E-1
7.23525E+11	1.12326E-13	4.97502E+1	1.84881E-1	2.18392E-1
7.23700E+11	3.60276E-13	9.78705E+1	-5.89181E-2	4.26212E-1
7.23875E+11	4.03447E-12	-1.77832E+2	-1.01789E+0	-3.85268E-2
7.24050E+11	6.85502E-13	-2.33988E+1	3.01175E-1	-1.30323E-1
7.24225E+11	1.06170E-12	6.00116E+1	8.44135E-1	1.46277E+0
7.24400E+11	1.12149E-12	-1.15027E+2	-2.25487E-1	-4.82960E-1
7.24575E+11	8.68304E-13	4.34142E+0	3.47286E-1	2.63651E-2
7.24750E+11	1.28329E-12	3.55388E+1	8.93239E-1	6.38055E-1
7.24925E+11	3.01569E-12	-4.35145E+1	4.54099E+0	-4.31142E+0
7.25100E+11	1.03264E-12	-3.08548E+1	8.31806E-1	-4.96935E-1
7.25275E+11	3.19208E-13	1.01478E+2	-6.63258E-2	3.26653E-1
7.25450E+11	1.82561E-12	-1.25647E+2	-9.78007E-1	-1.36368E+0
7.25625E+11	2.99798E-12	-1.53414E+1	9.02578E-1	-2.47619E-1
7.25800E+11	3.83182E-13	1.28795E+2	-2.77353E-1	3.45015E-1
7.25975E+11	1.43873E-14	-7.33075E+1	7.12126E-1	-2.37477E+0
7.26150E+11	1.65768E-12	-4.03446E+1	6.96059E-1	-5.91233E-1
7.26325E+11	6.61712E-13	-1.61191E+2	-2.58059E+0	-8.78968E-1
7.26500E+11	2.40742E-12	-1.71005E+2	-2.23118E+0	-3.53193E-1
7.26675E+11	2.38541E-13	-1.20022E+2	-1.71384E+0	-2.96578E+0
7.26850E+11	3.06113E-13	1.69180E+2	-2.87083E-1	5.48701E-2
7.27025E+11	6.44534E-13	1.52329E+2	-1.31760E+0	6.90893E-1
7.27200E+11	1.42871E-12	-6.24177E+1	2.03351E+0	-3.89268E+0
7.27375E+11	2.05120E-14	5.33304E+1	5.02136E-2	6.74414E-2
7.27550E+11	3.98447E-14	-1.07202E+2	-3.09269E-2	-9.98973E-2
7.27725E+11	1.01860E-12	-7.60834E+1	3.16608E-1	-1.27776E+0
7.27900E+11	1.19795E-12	-5.54960E+1	2.58486E-1	-3.76043E-1
7.28075E+11	4.61328E-13	1.09710E+2	-1.44421E-1	4.03132E-1
7.28250E+11	5.97106E-13	-1.34576E+2	-2.29726E-1	-2.33152E-1
7.28425E+11	1.54792E-13	1.38472E+1	7.14071E-1	1.76017E-1
7.28600E+11	2.11883E-12	-3.50362E+1	7.43823E-1	-5.21530E-1
7.28775E+11	2.32496E-12	-1.36194E+2	-6.79058E-1	-6.51331E-1
7.28950E+11	3.96412E-13	1.07339E+2	-1.42520E-1	4.56497E-1
7.29125E+11	4.62927E-13	-8.16059E+1	4.53343E-2	-3.07221E-1
7.29300E+11	7.42664E-13	3.61618E+1	2.25413E-1	1.64747E-1
7.29475E+11	4.85763E-13	1.04410E+2	-6.06320E-2	2.35982E-1
7.29650E+11	2.22110E-12	8.33596E+1	6.00956E-2	5.16206E-1
7.29825E+11	5.46167E-13	3.07276E+1	3.07643E-1	1.82866E-1
7.30000E+11	5.22910E-13	-1.34071E+2	-6.74592E-1	-6.96835E-1
