4.50000E+11	1.18813E-12	1.59668E+2	-4.09640E-1	1.51788E-1
4.50175E+11	3.14247E-13	-1.12213E+2	-5.17834E-2	-1.26807E-1
4.50350E+11	1.07494E-12	5.90698E+1	1.61344E-1	2.69263E-1
4.50525E+11	1.09034E-12	4.61861E+1	1.00697E-1	1.04955E-1
4.50700E+11	4.54505E-13	4.69098E+1	8.36841E-2	8.94576E-2
4.50875E+11	1.01035E-12	-1.50766E+2	-1.83177E-1	-1.02515E-1
4.51050E+11	1.14876E-12	4.20091E-3	1.74189E-1	1.27715E-5
4.51225E+11	3.70008E-12	4.20965E+1	2.78888E-1	2.51964E-1
4.51400E+11	1.43653E-13	7.28561E+1	3.10464E-2	1.00643E-1
4.51575E+11	3.59659E-12	-1.04288E+2	-1.99723E-1	-7.84211E-1
4.51750E+11	4.77484E-14	-3.46737E+1	9.64234E-2	-6.67012E-2
4.51925E+11	3.35890E-12	1.08847E+2	-2.02970E-1	5.94635E-1
4.52100E+11	1.62158E-12	-1.51189E+2	-1.92497E-1	-1.05872E-1
4.52275E+11	2.43884E-12	-1.19964E+2	-8.06748E-2	-1.39935E-1
4.52450E+11	2.43402E-12	3.00173E+1	8.52875E-2	4.92751E-2
4.52625E+11	8.94654E-12	1.09851E+2	-3.51553E-2	9.73750E-2
4.52800E+11	1.00793E-11	1.38393E+2	-6.72610E-2	5.97329E-2
4.52975E+11	4.92820E-12	-1.45926E+2	-3.78631E-2	-2.56106E-2
4.53150E+11	4.14415E-11	-8.99901E+1	1.59632E-5	-9.24765E-2
4.53325E+11	3.57007E-11	-9.71552E+0	7.20129E-2	-1.23295E-2
4.53500E+11	3.01006E-11	9.02998E+1	-3.44615E-4	6.58683E-2
4.53675E+11	2.98240E-11	-1.49094E+2	-5.27279E-2	-3.15647E-2
4.53850E+11	2.84394E-11	-6.17501E+1	2.25823E-2	-4.20279E-2
4.54025E+11	3.21053E-11	2.31321E+1	3.84541E-2	1.64275E-2
4.54200E+11	2.68363E-11	9.25692E+1	-1.48685E-3	3.31356E-2
4.54375E+11	1.71251E-11	-1.68226E+2	-2.61924E-2	-5.45964E-3
4.54550E+11	4.84358E-12	-6.11632E+1	7.53871E-3	-1.36920E-2
4.54725E+11	1.00559E-11	3.04586E+0	2.68961E-2	1.43115E-3
4.54900E+11	5.31307E-12	1.35634E+2	-1.77875E-2	1.73982E-2
4.55075E+11	4.02370E-12	-1.69565E+2	-2.64523E-2	-4.87181E-3
4.55250E+11	2.31610E-12	-3.47231E+1	2.27760E-2	-1.57844E-2
4.55425E+11	2.70445E-12	-4.83310E+1	2.71350E-2	-3.04888E-2
4.55600E+11	1.19044E-12	-3.77925E+1	2.79237E-2	-2.16540E-2
4.55775E+11	6.89192E-13	9.66685E+1	-4.73659E-3	4.05130E-2
4.55950E+11	7.95879E-13	-1.50598E+2	-8.88076E-2	-5.00442E-2
4.56125E+11	3.09460E-13	1.13786E+1	8.70387E-2	1.75163E-2
4.56300E+11	5.93804E-14	1.63018E+2	-5.99327E-2	1.83031E-2
4.56475E+11	2.87433E-13	-7.31408E+1	5.17903E-2	-1.70899E-1
4.56650E+11	1.41552E-12	-2.67843E+1	1.46260E-1	-7.38308E-2
4.56825E+11	5.09151E-12	2.90150E+0	2.32963E-1	1.18075E-2
4.57000E+11	4.40411E-13	1.77037E+2	-6.68355E-2	3.45926E-3
4.57175E+11	3.00715E-13	-9.71444E+1	-9.21124E-3	-7.34882E-2
4.57350E+11	1.38429E-12	-1.61416E+0	1.56156E-1	-4.40045E-3
4.57525E+11	1.24959E-12	7.84787E+1	2.75706E-2	1.35257E-1
4.57700E+11	2.48615E-12	-2.79019E+1	2.55081E-1	-1.35070E-1
4.57875E+11	2.62533E-13	2.24287E+1	1.10278E-1	4.55180E-2
4.58050E+11	1.04962E-12	-6.44410E+1	4.98864E-1	-1.04312E+0
4.58225E+11	5.18041E-13	-1.05755E+2	-1.17032E-1	-4.14837E-1
4.58400E+11	2.17709E-13	5.12544E+1	1.43139E-1	1.78376E-1
4.58575E+11	3.27558E-13	2.82147E+1	4.38421E-1	2.35224E-1
4.58750E+11	5.57609E-13	2.13480E-2	5.46291E-1	2.03544E-4
4.58925E+11	6.09917E-13	-6.88289E+1	1.80823E-1	-4.66887E-1
4.59100E+11	1.16948E-12	7.89487E+0	4.63218E-1	6.42345E-2
4.59275E+11	2.47174E-13	-8.97913E+1	2.61687E-3	-7.18294E-1
4.59450E+11	1.77805E-13	-6.22021E+1	1.30466E-1	-2.47473E-1
4.59625E+11	1.06806E-12	5.72759E+1	2.74859E-1	4.27740E-1
4.59800E+11	1.13163E-12	-1.32221E+2	-1.26461E+0	-1.39366E+0
4.59975E+11	3.03356E-12	5.08862E+1	1.11439E+0	1.37058E+0
4.60150E+11	1.12749E-12	6.30960E+1	4.73846E-1	9.33840E-1
4.60325E+11	1.41956E-12	1.04320E+2	-4.17314E-1	1.63478E+0
4.60500E+11	2.05728E-12	8.23384E+1	2.85460E-1	2.12202E+0
4.60675E+11	2.55253E-13	1.20746E+2	-2.65780E-1	4.46800E-1
4.60850E+11	1.43043E-12	1.73249E+2	-4.95222E-1	5.86183E-2
4.61025E+11	1.46941E-12	1.16241E+2	-5.62689E-1	1.14149E+0
4.61200E+11	5.90019E-13	2.79113E+0	7.12789E-1	3.47507E-2
4.61375E+11	2.09975E-13	8.82650E+1	1.78657E-2	5.89809E-1
4.61550E+11	1.32382E-12	1.67888E+2	-1.24594E+0	2.67388E-1
4.61725E+11	4.42034E-13	-1.65207E+2	-8.06576E-1	-2.13005E-1
4.61900E+11	6.69119E-12	3.14758E+1	7.67468E-1	4.69860E-1
4.62075E+11	3.70049E-13	1.63370E+2	-2.77994E-1	8.30328E-2
4.62250E+11	8.85638E-13	-1.53784E+2	-3.40947E-1	-1.67884E-1
4.62425E+11	1.08518E-12	-5.62816E+1	2.49226E-1	-3.73439E-1
4.62600E+11	1.16248E-12	-5.24128E+1	7.86388E-1	-1.02162E+0
4.62775E+11	1.87728E-12	-4.16086E+1	5.18792E-1	-4.60745E-1
4.62950E+11	3.86436E-13	1.74872E+2	-2.18599E-1	1.96188E-2
4.63125E+11	3.84113E-13	-9.41678E+1	-3.81392E-2	-5.23381E-1
4.63300E+11	1.54823E-12	4.60855E+1	1.08373E+0	1.12559E+0
4.63475E+11	2.16580E-13	-1.24270E+2	-2.90335E-1	-4.26087E-1
4.63650E+11	1.54187E-12	-1.95468E+1	3.57499E-1	-1.26926E-1
4.63825E+11	3.84415E-13	3.14573E+1	3.80813E-1	2.32973E-1
4.64000E+11	7.26799E-13	-1.30877E+2	-4.89948E-1	-5.66071E-1
4.64175E+11	6.39990E-13	-2.70970E+1	2.80758E-1	-1.43652E-1
4.64350E+11	2.66157E-12	2.06749E+1	1.00527E+0	3.79358E-1
4.64525E+11	6.51466E-12	-1.69016E+2	-7.10055E-1	-1.37821E-1
4.64700E+11	7.56623E-12	-2.81262E+1	7.20013E-1	-3.84873E-1
4.64875E+11	1.74945E-11	9.52200E+1	-1.46551E-1	1.60414E+0
4.65050E+11	1.63316E-11	-1.14972E+2	-3.58304E-1	-7.69371E-1
4.65225E+11	6.00016E-12	-3.45133E+1	4.50237E-1	-3.09594E-1
4.65400E+11	1.63665E-11	9.50805E+1	-8.75712E-2	9.85009E-1
4.65575E+11	1.38036E-11	-1.50622E+2	-4.12634E-1	-2.32302E-1
4.65750E+11	5.95108E-11	-5.64424E+1	6.26240E-1	-9.44081E-1
4.65925E+11	1.73594E-10	7.79915E+1	3.02963E-1	1.42429E+0
4.66100E+11	3.24786E-10	1.74330E+2	-1.43440E+0	1.42404E-1
4.66275E+11	3.14024E-10	-7.69436E+1	3.31259E-1	-1.42842E+0
4.66450E+11	1.99026E-10	4.28273E+1	1.02179E+0	9.47094E-1
4.66625E+11	8.43146E-11	1.40081E+2	-6.68653E-1	5.59460E-1
4.66800E+11	1.78392E-10	-1.25416E+2	-8.89498E-1	-1.25093E+0
4.66975E+11	1.34374E-10	-5.85684E+0	1.55658E+0	-1.59672E-1
4.67150E+11	1.58996E-10	1.16752E+2	-1.16891E+0	2.31889E+0
4.67325E+11	1.49578E-10	-1.26398E+2	-1.11967E+0	-1.51880E+0
4.67500E+11	7.03734E-11	-3.90456E+1	1.18654E+0	-9.62410E-1
4.67675E+11	4.19655E-11	7.80516E+1	2.25121E-1	1.06382E+0
4.67850E+11	3.92609E-11	1.79959E+2	-1.35863E+0	9.72785E-4
4.68025E+11	2.56550E-11	-5.10605E+1	6.92966E-1	-8.57590E-1
4.68200E+11	1.90195E-11	-9.53720E+0	1.11746E+0	-1.87745E-1
4.68375E+11	4.71515E-11	9.08263E+1	-1.58498E-2	1.09893E+0
4.68550E+11	4.25725E-11	-1.45060E+2	-8.50300E-1	-5.94052E-1
4.68725E+11	5.25047E-11	-2.05490E+1	8.10022E-1	-3.03645E-1
4.68900E+11	4.33965E-11	7.98758E+1	1.34615E-1	7.53879E-1
4.69075E+11	2.41131E-11	-1.61068E+2	-5.58628E-1	-1.91614E-1
4.69250E+11	3.16238E-11	-1.60896E+1	4.44987E-1	-1.28352E-1
4.69425E+11	2.50442E-11	6.23846E+1	1.53220E-1	2.92891E-1
4.69600E+11	1.34156E-11	1.61034E+2	-2.01568E-1	6.92706E-2
4.69775E+11	1.28496E-11	-1.06470E+2	-6.29913E-2	-2.13061E-1
4.69950E+11	6.49445E-12	-1.73068E+1	1.58023E-1	-4.92392E-2
4.70125E+11	6.46217E-12	5.07982E+1	9.59380E-2	1.17624E-1
4.70300E+11	1.49027E-11	1.53978E+2	-2.17958E-1	1.06409E-1
4.70475E+11	1.99947E-11	-1.21578E+2	-1.24250E-1	-2.02139E-1
4.70650E+11	1.54765E-11	2.26042E+0	1.76758E-1	6.97701E-3
4.70825E+11	1.90668E-11	6.14739E+1	7.95545E-2	1.46362E-1
4.71000E+11	3.72335E-11	1.37273E+2	-1.53347E-1	1.41639E-1
4.71175E+11	1.27279E-10	-1.39541E+2	-2.94166E-1	-2.50875E-1
4.71350E+11	1.29961E-10	-6.04629E+1	1.67309E-1	-2.95271E-1
4.71525E+11	2.18868E-10	8.06512E+0	4.14644E-1	5.87551E-2
4.71700E+11	4.45097E-10	1.04332E+2	-1.35443E-1	5.30129E-1
4.71875E+11	4.10288E-10	-1.72069E+2	-4.99002E-1	-6.95162E-2
4.72050E+11	3.59045E-10	-7.57207E+1	1.38185E-1	-5.42943E-1
4.72225E+11	2.40437E-10	3.08094E+1	2.65276E-1	1.58195E-1
4.72400E+11	8.32976E-10	1.27582E+2	-2.34134E-1	3.04229E-1
4.72575E+11	1.42695E-9	-1.17445E+2	-1.70439E-1	-3.28175E-1
4.72750E+11	2.61592E-9	1.76277E+0	3.96879E-1	1.22143E-2
4.72925E+11	4.55873E-9	1.22397E+2	-1.98605E-1	3.12993E-1
4.73100E+11	7.93996E-9	-1.13071E+2	-1.24802E-1	-2.93008E-1
4.73275E+11	1.00972E-8	-2.11968E+0	2.62350E-1	-9.71019E-3
4.73450E+11	1.00543E-8	1.13038E+2	-8.03301E-2	1.88894E-1
4.73625E+11	7.53351E-9	-1.59728E+2	-1.46126E-1	-5.39720E-2
4.73800E+11	9.49667E-9	-5.89967E+1	8.11987E-2	-1.35119E-1
4.73975E+11	1.09274E-8	5.52111E+1	9.88224E-2	1.42246E-1
4.74150E+11	1.05959E-8	1.69830E+2	-1.73649E-1	3.11515E-2
4.74325E+11	1.06131E-8	-7.12160E+1	5.20078E-2	-1.52912E-1
4.74500E+11	8.48828E-9	4.62303E+1	1.07246E-1	1.11953E-1
4.74675E+11	9.21832E-9	1.54586E+2	-1.56257E-1	7.42440E-2
4.74850E+11	3.90871E-9	-9.30845E+1	-7.30805E-3	-1.35619E-1
4.75025E+11	3.32272E-9	2.27128E+0	1.27880E-1	5.07199E-3
4.75200E+11	4.23655E-9	1.00481E+2	-2.57970E-2	1.39450E-1
4.75375E+11	4.30246E-9	-1.45153E+2	-1.12690E-1	-7.84574E-2
4.75550E+11	3.34928E-9	-3.60357E+1	1.01026E-1	-7.34962E-2
4.75725E+11	3.45931E-9	7.16632E+1	4.93047E-2	1.48763E-1
4.75900E+11	2.99060E-9	-1.72630E+2	-1.66107E-1	-2.14850E-2
4.76075E+11	2.54412E-9	-6.34105E+1	6.95307E-2	-1.38913E-1
4.76250E+11	1.01189E-9	5.11667E+1	7.28078E-2	9.04470E-2
4.76425E+11	6.17443E-10	1.43205E+2	-8.08328E-2	6.04595E-2
4.76600E+11	7.39350E-10	-1.16070E+2	-6.25322E-2	-1.27813E-1
4.76775E+11	7.33718E-10	-8.91391E+0	1.83135E-1	-2.87237E-2
4.76950E+11	6.47456E-10	8.94505E+1	2.10778E-3	2.19772E-1
4.77125E+11	5.82536E-10	-1.73483E+2	-2.45922E-1	-2.80911E-2
4.77300E+11	4.90460E-10	6.76188E+1	8.19936E-2	1.99117E-1
4.77475E+11	3.67655E-10	-1.70808E+2	-1.78370E-1	-2.88652E-2
4.77650E+11	1.78157E-10	-5.15665E+1	1.32051E-1	-1.66407E-1
4.77825E+11	1.38341E-10	5.21098E+1	1.29209E-1	1.66035E-1
4.78000E+11	1.55883E-10	1.55914E+2	-2.35260E-1	1.05166E-1
4.78175E+11	2.19914E-10	-8.49792E+1	3.10607E-2	-3.53546E-1
4.78350E+11	3.28640E-10	8.24888E+0	3.62115E-1	5.24970E-2
4.78525E+11	4.42875E-10	1.04702E+2	-1.07898E-1	4.11212E-1
4.78700E+11	5.35020E-10	-1.49263E+2	-4.06502E-1	-2.41716E-1
4.78875E+11	6.94906E-10	-4.27046E+1	3.39109E-1	-3.12971E-1
4.79050E+11	5.44431E-10	6.90557E+1	1.17048E-1	3.05810E-1
4.79225E+11	8.00781E-10	1.73919E+2	-3.15001E-1	3.35607E-2
4.79400E+11	9.66868E-10	-8.90082E+1	4.52651E-3	-2.61479E-1
4.79575E+11	7.32602E-10	-1.34432E+1	2.95188E-1	-7.05589E-2
4.79750E+11	5.23383E-10	4.11965E+1	9.59964E-1	8.40280E-1
4.79925E+11	5.32214E-10	-1.32159E+2	-7.80328E-1	-8.61822E-1
4.80100E+11	4.64918E-10	1.78556E+1	8.66202E-1	2.79034E-1
4.80275E+11	2.99126E-10	1.42089E+2	-9.98368E-1	7.77505E-1
4.80450E+11	1.60161E-10	-1.21126E+2	-6.16448E-1	-1.02085E+0
4.80625E+11	1.41951E-10	-9.24768E+0	1.14500E+0	-1.86427E-1
4.80800E+11	1.98162E-10	1.04066E+2	-3.29056E-1	1.31336E+0
4.80975E+11	1.74187E-10	-1.11263E+2	-4.55210E-1	-1.16979E+0
4.81150E+11	2.15562E-10	4.15167E-1	1.26709E+0	9.18150E-3
4.81325E+11	1.78040E-10	1.19816E+2	-7.27180E-1	1.26888E+0
4.81500E+11	2.14653E-10	-1.15073E+2	-5.37746E-1	-1.14938E+0
4.81675E+11	1.27250E-10	9.17240E+0	1.08240E+0	1.74776E-1
4.81850E+11	9.19104E-11	1.37083E+2	-5.45787E-1	5.07486E-1
4.82025E+11	9.16825E-11	-1.26606E+2	-4.80542E-1	-6.46903E-1
4.82200E+11	1.12942E-10	-2.71046E+0	8.53483E-1	-4.04054E-2
4.82375E+11	1.06089E-10	1.10541E+2	-2.42076E-1	6.46053E-1
4.82550E+11	1.25402E-10	-1.19109E+2	-3.78376E-1	-6.79554E-1
4.82725E+11	1.69282E-10	9.34541E+0	7.29084E-1	1.19985E-1
4.82900E+11	1.46532E-10	1.35303E+2	-4.47277E-1	4.42576E-1
4.83075E+11	1.08959E-10	-1.13086E+2	-1.72000E-1	-4.03532E-1
4.83250E+11	1.00530E-10	-2.66452E+1	3.44249E-1	-1.72727E-1
4.83425E+11	1.91003E-10	7.05136E+1	1.53519E-1	4.33851E-1
4.83600E+11	2.72206E-10	-1.79925E+2	-4.43502E-1	-5.83248E-4
4.83775E+11	4.33500E-10	-7.43468E+1	1.13883E-1	-4.06424E-1
4.83950E+11	3.92683E-10	2.51793E+1	3.38884E-1	1.59318E-1
4.84125E+11	3.87634E-10	1.42068E+2	-3.33842E-1	2.60184E-1
4.84300E+11	3.08434E-10	-1.07826E+2	-1.11015E-1	-3.45239E-1
4.84475E+11	2.33917E-10	1.01359E+1	3.73421E-1	6.67577E-2
4.84650E+11	2.19730E-10	1.15792E+2	-1.57133E-1	3.25168E-1
4.84825E+11	4.10085E-10	-1.55557E+2	-4.58421E-1	-2.08361E-1
4.85000E+11	4.21308E-10	-6.29447E+1	2.39679E-1	-4.69277E-1
4.85175E+11	4.21026E-10	7.19719E+0	3.74316E-1	4.72684E-2
4.85350E+11	7.16077E-10	9.20445E+1	-1.62698E-2	4.55762E-1
4.85525E+11	9.98523E-10	-1.62042E+2	-5.92331E-1	-1.91986E-1
4.85700E+11	7.64762E-10	-3.58634E+1	5.65487E-1	-4.08794E-1
4.85875E+11	5.75770E-10	8.04104E+1	9.15573E-2	5.41917E-1
4.86050E+11	4.48968E-10	-1.66031E+2	-5.04530E-1	-1.25501E-1
4.86225E+11	6.65714E-10	-4.41376E+1	4.34104E-1	-4.21228E-1
4.86400E+11	1.07174E-9	8.33047E+1	7.33777E-2	6.25080E-1
4.86575E+11	1.13831E-9	-1.57089E+2	-5.31948E-1	-2.24827E-1
4.86750E+11	1.64772E-9	-4.54648E+1	3.40817E-1	-3.46392E-1
4.86925E+11	2.40617E-9	5.37841E+1	3.33737E-1	4.55728E-1
4.87100E+11	2.01281E-9	1.50723E+2	-4.42526E-1	2.48099E-1
4.87275E+11	4.27247E-10	-9.56349E+1	-2.45164E-2	-2.48480E-1
4.87450E+11	3.56340E-10	-1.92245E+1	1.97443E-1	-6.88517E-2
4.87625E+11	2.15646E-9	7.27912E+1	1.49362E-1	4.82249E-1
4.87800E+11	6.58032E-9	1.73185E+2	-8.14278E-1	9.73158E-2
4.87975E+11	7.92514E-9	-7.75615E+1	1.81017E-1	-8.20686E-1
4.88150E+11	4.88950E-9	2.59089E+1	6.33964E-1	3.07958E-1
4.88325E+11	2.88297E-9	1.37414E+2	-4.08076E-1	3.75056E-1
4.88500E+11	1.47745E-9	-1.31350E+2	-2.60247E-1	-2.95708E-1
4.88675E+11	8.61228E-10	-3.85542E+1	2.42364E-1	-1.93160E-1
4.88850E+11	1.03807E-9	6.56759E+1	1.34812E-1	2.98240E-1
4.89025E+11	2.06185E-9	1.74621E+2	-3.66429E-1	3.44993E-2
4.89200E+11	3.89758E-9	-8.00229E+1	6.44718E-2	-3.66496E-1
4.89375E+11	6.89935E-9	2.34411E+1	3.62365E-1	1.57118E-1
4.89550E+11	9.00342E-9	1.30450E+2	-2.37409E-1	2.78458E-1
4.89725E+11	1.13278E-8	-1.13292E+2	-1.17475E-1	-2.72885E-1
4.89900E+11	1.09642E-8	4.12914E+0	2.15437E-1	1.55529E-2
4.90075E+11	7.76032E-9	1.04513E+2	-4.49053E-2	1.73470E-1
4.90250E+11	1.23971E-8	-1.67490E+2	-2.18277E-1	-4.84296E-2
4.90425E+11	1.53974E-8	-6.94967E+1	1.02708E-1	-2.74656E-1
4.90600E+11	1.81928E-8	3.39354E+1	2.68586E-1	1.80723E-1
4.90775E+11	2.18629E-8	1.40309E+2	-2.18166E-1	1.81068E-1
4.90950E+11	2.41055E-8	-1.04773E+2	-5.01295E-2	-1.90099E-1
4.91125E+11	2.33062E-8	-4.23141E-1	1.46803E-1	-1.08419E-3
4.91300E+11	2.10698E-8	9.45448E+1	-1.04102E-2	1.30966E-1
4.91475E+11	1.24901E-8	-1.71646E+2	-1.00329E-1	-1.47336E-2
4.91650E+11	1.42498E-8	-9.14138E+1	-2.69869E-3	-1.09344E-1
4.91825E+11	1.60052E-8	4.33588E+0	1.26758E-1	9.61080E-3
4.92000E+11	1.74411E-8	1.14916E+2	-6.43976E-2	1.38633E-1
4.92175E+11	1.89096E-8	-1.35193E+2	-1.17061E-1	-1.16276E-1
4.92350E+11	2.22500E-8	-2.80127E+1	1.58400E-1	-8.42681E-2
4.92525E+11	1.87104E-8	8.07268E+1	2.90023E-2	1.77627E-1
4.92700E+11	1.13017E-8	-1.66598E+2	-1.60543E-1	-3.82530E-2
4.92875E+11	5.23437E-9	-6.99235E+1	4.27556E-2	-1.16984E-1
4.93050E+11	5.08674E-9	2.33774E+1	1.25519E-1	5.42583E-2
4.93225E+11	5.04453E-9	1.25489E+2	-8.76363E-2	1.22910E-1
4.93400E+11	7.79596E-9	-1.24456E+2	-9.32322E-2	-1.35879E-1
4.93575E+11	7.10572E-9	-7.42396E+0	1.75478E-1	-2.28653E-2
4.93750E+11	5.45556E-9	1.05971E+2	-4.81397E-2	1.68209E-1
4.93925E+11	5.34444E-9	-1.46103E+2	-1.35120E-1	-9.07848E-2
4.94100E+11	8.25490E-9	-2.86871E+1	1.45800E-1	-7.97804E-2
4.94275E+11	7.61914E-9	6.39272E+1	5.39670E-2	1.10293E-1
4.94450E+11	1.35311E-8	1.52626E+2	-1.32013E-1	6.83532E-2
4.94625E+11	1.93188E-8	-1.08718E+2	-5.51364E-2	-1.62729E-1
4.94800E+11	3.17968E-8	-5.58861E-1	1.95604E-1	-1.90798E-3
4.94975E+11	3.90542E-8	1.21558E+2	-1.13519E-1	1.84823E-1
4.95150E+11	3.27318E-8	-1.17352E+2	-1.02631E-1	-1.98403E-1
4.95325E+11	1.81040E-8	-1.78301E+1	1.63743E-1	-5.26670E-2
4.95500E+11	1.45750E-8	8.93108E+1	1.68494E-3	1.40071E-1
4.95675E+11	1.00276E-8	-1.67035E+2	-1.12497E-1	-2.58998E-2
4.95850E+11	1.18059E-8	-6.18475E+1	5.75144E-2	-1.07478E-1
4.96025E+11	1.31449E-8	3.89994E+1	1.01625E-1	8.22923E-2
4.96200E+11	1.73808E-8	1.49148E+2	-1.23964E-1	7.40484E-2
4.96375E+11	1.62055E-8	-9.59950E+1	-1.60576E-2	-1.52907E-1
4.96550E+11	1.84093E-8	1.54172E+1	1.63431E-1	4.50693E-2
4.96725E+11	1.85232E-8	1.16557E+2	-7.95024E-2	1.59063E-1
4.96900E+11	1.20234E-8	-1.32973E+2	-1.07549E-1	-1.15442E-1
4.97075E+11	1.10551E-8	-4.40790E+1	1.01742E-1	-9.85220E-2
4.97250E+11	1.24373E-8	5.60956E+1	8.79154E-2	1.30810E-1
4.97425E+11	1.29899E-8	1.71265E+2	-1.59558E-1	2.45153E-2
4.97600E+11	1.25257E-8	-7.22547E+1	4.89436E-2	-1.52943E-1
4.97775E+11	1.21364E-8	3.88172E+1	1.23421E-1	9.92944E-2
4.97950E+11	8.53056E-9	1.45411E+2	-1.25757E-1	8.67193E-2
4.98125E+11	5.58539E-9	-1.19450E+2	-6.57800E-2	-1.16501E-1
4.98300E+11	4.10202E-9	-1.76591E+1	1.11078E-1	-3.53620E-2
4.98475E+11	2.85197E-9	7.05499E+1	3.40091E-2	9.63051E-2
4.98650E+11	3.84143E-9	1.73302E+2	-1.10625E-1	1.29924E-2
4.98825E+11	5.02924E-9	-8.12414E+1	1.97630E-2	-1.28275E-1
4.99000E+11	6.18533E-9	2.10348E+1	1.39526E-1	5.36564E-2
4.99175E+11	9.87622E-9	1.29876E+2	-1.13289E-1	1.35607E-1
4.99350E+11	1.08456E-8	-1.29573E+2	-1.32490E-1	-1.60307E-1
4.99525E+11	8.71976E-9	-2.16915E+1	1.75016E-1	-6.96172E-2
4.99700E+11	5.51619E-9	1.05522E+2	-3.75753E-2	1.35292E-1
4.99875E+11	4.54221E-9	-1.39158E+2	-9.92119E-2	-8.57645E-2
5.00050E+11	5.96928E-9	-8.57904E+0	1.54675E-1	-2.33346E-2
5.00225E+11	7.66663E-9	1.09304E+2	-5.61752E-2	1.60375E-1
5.00400E+11	1.31894E-8	-1.45720E+2	-1.43751E-1	-9.79864E-2
5.00575E+11	1.60119E-8	-4.27367E+1	1.26558E-1	-1.16934E-1
5.00750E+11	1.63065E-8	6.97062E+1	5.84678E-2	1.58111E-1
5.00925E+11	1.37041E-8	-1.78816E+2	-1.57756E-1	-3.26094E-3
5.01100E+11	1.08050E-8	-5.75376E+1	6.98013E-2	-1.09725E-1
5.01275E+11	1.10842E-8	4.39720E+1	9.23572E-2	8.91011E-2
5.01450E+11	1.34599E-8	1.48593E+2	-1.24335E-1	7.59148E-2
5.01625E+11	1.55306E-8	-1.10019E+2	-5.51865E-2	-1.51464E-1
5.01800E+11	1.91348E-8	-5.24400E+0	1.95521E-1	-1.79453E-2
5.01975E+11	1.36530E-8	9.87893E+1	-4.16803E-2	2.69572E-1
5.02150E+11	8.67299E-9	-1.44081E+2	-2.60735E-1	-1.88875E-1
5.02325E+11	7.76135E-9	-2.56749E+1	3.44114E-1	-1.65425E-1
5.02500E+11	4.95220E-9	9.78733E+1	-5.37019E-2	3.88340E-1
5.02675E+11	6.52377E-9	-1.60092E+2	-4.93252E-1	-1.78629E-1
5.02850E+11	7.78491E-9	-5.25018E+1	4.42679E-1	-5.76948E-1
5.03025E+11	1.10883E-8	5.73013E+1	5.18499E-1	8.07686E-1
5.03200E+11	1.08489E-8	1.76723E+2	-1.13644E+0	6.50654E-2
5.03375E+11	1.32831E-8	-5.59424E+1	6.48421E-1	-9.59241E-1
5.03550E+11	1.51679E-8	6.74255E+1	3.93186E-1	9.45754E-1
5.03725E+11	9.43448E-9	-1.79943E+2	-8.97120E-1	-8.98410E-4
5.03900E+11	6.72409E-9	-7.17130E+1	2.01549E-1	-6.09893E-1
5.04075E+11	1.11408E-8	1.68423E+1	6.28451E-1	1.90248E-1
5.04250E+11	1.85100E-8	1.21424E+2	-3.82166E-1	6.25497E-1
5.04425E+11	2.74494E-8	-1.17043E+2	-3.15712E-1	-6.18473E-1
5.04600E+11	2.90380E-8	1.22427E+1	5.80034E-1	1.25860E-1
5.04775E+11	3.13851E-8	1.44299E+2	-4.25146E-1	3.05515E-1
5.04950E+11	2.81092E-8	-8.61422E+1	2.83302E-2	-4.20120E-1
5.05125E+11	2.13754E-8	3.21577E+1	2.79920E-1	1.75986E-1
5.05300E+11	9.62310E-9	1.30783E+2	-1.38429E-1	1.60467E-1
5.05475E+11	8.97156E-9	-1.53149E+2	-1.84001E-1	-9.31494E-2
5.05650E+11	1.26256E-8	-5.73953E+1	1.31818E-1	-2.06080E-1
5.05825E+11	1.36764E-8	6.21485E+1	1.23676E-1	2.34063E-1
5.06000E+11	1.38510E-8	1.77263E+2	-2.76414E-1	1.32134E-2
5.06175E+11	1.98243E-8	-7.29707E+1	8.42692E-2	-2.75128E-1
5.06350E+11	2.30438E-8	4.07589E+1	2.15797E-1	1.86001E-1
5.06525E+11	2.92284E-8	1.53197E+2	-2.50791E-1	1.26703E-1
5.06700E+11	2.59734E-8	-1.07196E+2	-6.42286E-2	-2.07535E-1
5.06875E+11	3.36892E-8	-1.56174E+1	2.21049E-1	-6.17904E-2
5.07050E+11	4.49851E-8	8.77192E+1	9.95934E-3	2.50053E-1
5.07225E+11	5.31110E-8	-1.68303E+2	-2.53741E-1	-5.25348E-2
5.07400E+11	6.13762E-8	-6.14840E+1	1.26835E-1	-2.33446E-1
5.07575E+11	6.25446E-8	4.70927E+1	1.79147E-1	1.92736E-1
5.07750E+11	5.14252E-8	1.57089E+2	-2.01535E-1	8.51776E-2
5.07925E+11	2.97052E-8	-1.02757E+2	-3.46268E-2	-1.52944E-1
5.08100E+11	1.46021E-8	-3.01504E+1	9.32263E-2	-5.41510E-2
5.08275E+11	2.12499E-8	4.48055E+1	9.70340E-2	9.63774E-2
5.08450E+11	2.83793E-8	1.42594E+2	-1.28148E-1	9.79989E-2
5.08625E+11	3.45150E-8	-1.11827E+2	-7.03661E-2	-1.75686E-1
5.08800E+11	4.81659E-8	5.28991E+0	2.21071E-1	2.04689E-2
5.08975E+11	5.57970E-8	1.21414E+2	-1.29693E-1	2.12353E-1
5.09150E+11	4.16196E-8	-1.27993E+2	-1.53872E-1	-1.96994E-1
5.09325E+11	2.98139E-8	-1.43142E+1	2.18546E-1	-5.57643E-2
5.09500E+11	1.37039E-8	8.14180E+1	2.43468E-2	1.61329E-1
5.09675E+11	9.07582E-9	1.69352E+2	-1.63524E-1	3.07444E-2
5.09850E+11	9.80691E-9	-8.95168E+1	1.53129E-3	-1.81583E-1
5.10025E+11	1.47069E-8	1.35308E+1	1.91684E-1	4.61284E-2
5.10200E+11	1.94831E-8	1.22074E+2	-1.16850E-1	1.86460E-1
5.10375E+11	2.06463E-8	-1.20552E+2	-1.18336E-1	-2.00482E-1
5.10550E+11	1.60192E-8	-1.15314E+1	2.07323E-1	-4.22986E-2
5.10725E+11	1.19874E-8	9.71835E+1	-2.32822E-2	1.84726E-1
5.10900E+11	1.07059E-8	-1.68656E+2	-1.62362E-1	-3.25726E-2
5.11075E+11	1.44847E-8	-7.49680E+1	5.05687E-2	-1.88304E-1
5.11250E+11	1.80887E-8	2.80962E+1	1.91406E-1	1.02185E-1
5.11425E+11	1.73317E-8	1.30283E+2	-1.49498E-1	1.76391E-1
5.11600E+11	1.90326E-8	-1.26831E+2	-1.49112E-1	-1.99096E-1
5.11775E+11	2.24104E-8	-2.65645E+1	2.29314E-1	-1.14654E-1
5.11950E+11	1.95779E-8	7.43324E+1	6.34858E-2	2.26349E-1
5.12125E+11	1.43382E-8	-1.71100E+2	-1.82385E-1	-2.85616E-2
5.12300E+11	7.79211E-9	-8.03118E+1	2.29817E-2	-1.34616E-1
5.12475E+11	1.35640E-8	1.00949E+1	1.67242E-1	2.97750E-2
5.12650E+11	2.20818E-8	1.16010E+2	-8.59812E-2	1.76211E-1
5.12825E+11	2.57883E-8	-1.38471E+2	-1.64036E-1	-1.45273E-1
5.13000E+11	3.66237E-8	-3.31100E+1	1.94522E-1	-1.26856E-1
5.13175E+11	4.17000E-8	7.17597E+1	7.50849E-2	2.27831E-1
5.13350E+11	4.54553E-8	1.79329E+2	-2.30107E-1	2.69302E-3
5.13525E+11	2.71675E-8	-7.19289E+1	5.80236E-2	-1.77827E-1
5.13700E+11	2.03302E-8	1.19412E+1	1.63260E-1	3.45269E-2
5.13875E+11	2.45103E-8	1.02520E+2	-4.23025E-2	1.90499E-1
5.14050E+11	2.59261E-8	-1.58001E+2	-2.03967E-1	-8.24046E-2
5.14225E+11	2.76180E-8	-5.98656E+1	1.19584E-1	-2.06009E-1
5.14400E+11	2.60616E-8	4.17921E+1	1.90084E-1	1.69908E-1
5.14575E+11	2.05522E-8	1.50047E+2	-2.26154E-1	1.30321E-1
5.14750E+11	1.55105E-8	-1.00834E+2	-5.01856E-2	-2.62238E-1
5.14925E+11	1.19985E-8	6.84747E+0	2.38201E-1	2.86039E-2
5.15100E+11	9.98457E-9	9.21603E+1	-7.84968E-3	2.08089E-1
5.15275E+11	1.52276E-8	-1.75560E+2	-2.60441E-1	-2.02250E-2
5.15450E+11	1.94282E-8	-7.84948E+1	5.77485E-2	-2.83710E-1
5.15625E+11	2.27287E-8	1.84404E+1	2.89590E-1	9.65608E-2
5.15800E+11	2.26556E-8	1.23925E+2	-1.74769E-1	2.59838E-1
5.15975E+11	1.94121E-8	-1.23108E+2	-1.62850E-1	-2.49740E-1
5.16150E+11	1.56301E-8	-1.00923E+1	2.43198E-1	-4.32864E-2
5.16325E+11	8.80851E-9	8.86627E+1	4.20035E-3	1.79925E-1
5.16500E+11	8.35342E-9	1.71228E+2	-1.59915E-1	2.46762E-2
5.16675E+11	1.42023E-8	-1.00522E+2	-3.44624E-2	-1.85537E-1
5.16850E+11	2.27916E-8	-5.02295E+0	2.12374E-1	-1.86661E-2
5.17025E+11	3.24452E-8	9.87199E+1	-3.53260E-2	2.30322E-1
5.17200E+11	3.86074E-8	-1.50971E+2	-2.21793E-1	-1.23091E-1
5.17375E+11	4.42862E-8	-3.53276E+1	2.20769E-1	-1.56473E-1
5.17550E+11	5.59695E-8	8.13988E+1	4.11147E-2	2.71819E-1
5.17725E+11	3.51789E-8	-1.68974E+2	-2.10987E-1	-4.11130E-2
5.17900E+11	3.54224E-8	-8.44601E+1	1.99526E-2	-2.05714E-1
5.18075E+11	4.69201E-8	1.34471E+1	2.35929E-1	5.64114E-2
5.18250E+11	6.40113E-8	1.17701E+2	-1.23936E-1	2.36054E-1
5.18425E+11	8.08944E-8	-1.32158E+2	-1.96865E-1	-2.17432E-1
5.18600E+11	1.02334E-7	-1.78489E+1	2.84391E-1	-9.15760E-2
5.18775E+11	7.56306E-8	9.34009E+1	-1.58697E-2	2.67044E-1
5.18950E+11	6.30805E-8	-1.64623E+2	-2.28487E-1	-6.28384E-2
5.19125E+11	4.63880E-8	-6.72413E+1	7.83651E-2	-1.86800E-1
5.19300E+11	4.54108E-8	2.13293E+1	1.86755E-1	7.29229E-2
5.19475E+11	7.45523E-8	1.23499E+2	-1.31073E-1	1.98034E-1
5.19650E+11	8.32077E-8	-1.21601E+2	-1.33953E-1	-2.17727E-1
5.19825E+11	9.23147E-8	-4.41907E+0	2.70163E-1	-2.08783E-2
5.20000E+11	1.05503E-7	1.16621E+2	-1.26710E-1	2.52798E-1
5.20175E+11	1.18036E-7	-1.22673E+2	-1.51417E-1	-2.36100E-1
5.20350E+11	1.12423E-7	-3.43901E+0	2.63663E-1	-1.58447E-2
5.20525E+11	6.06976E-8	1.02024E+2	-4.13402E-2	1.94086E-1
5.20700E+11	5.43725E-8	-1.65938E+2	-1.87226E-1	-4.68969E-2
5.20875E+11	7.01455E-8	-6.61994E+1	9.05405E-2	-2.05277E-1
5.21050E+11	8.27400E-8	3.91189E+1	1.96412E-1	1.59728E-1
5.21225E+11	8.33436E-8	1.54624E+2	-2.45037E-1	1.16226E-1
5.21400E+11	8.17403E-8	-9.39196E+1	-1.79298E-2	-2.61685E-1
5.21575E+11	7.79746E-8	1.50802E+1	2.44817E-1	6.59658E-2
5.21750E+11	8.34227E-8	1.29361E+2	-1.61616E-1	1.97030E-1
5.21925E+11	5.15257E-8	-1.25057E+2	-1.17775E-1	-1.67843E-1
5.22100E+11	5.28335E-8	-2.85970E+1	1.82798E-1	-9.96523E-2
5.22275E+11	6.96447E-8	8.11201E+1	3.68181E-2	2.35656E-1
5.22450E+11	6.73764E-8	-1.63687E+2	-2.35532E-1	-6.89314E-2
5.22625E+11	9.15621E-8	-5.30939E+1	1.64516E-1	-2.19066E-1
5.22800E+11	9.57645E-8	6.86379E+1	1.03411E-1	2.64388E-1
5.22975E+11	7.45883E-8	-1.68933E+2	-2.58397E-1	-5.05397E-2
5.23150E+11	5.88152E-8	-5.12684E+1	1.47887E-1	-1.84385E-1
5.23325E+11	4.25070E-8	5.27999E+1	1.21076E-1	1.59512E-1
5.23500E+11	4.90231E-8	1.47520E+2	-1.90131E-1	1.21031E-1
5.23675E+11	6.21405E-8	-1.09588E+2	-8.87394E-2	-2.49374E-1
5.23850E+11	7.09200E-8	-1.95123E+0	2.88014E-1	-9.81223E-3
5.24025E+11	6.98350E-8	1.06597E+2	-8.83248E-2	2.96339E-1
5.24200E+11	8.82414E-8	-1.44302E+2	-2.63748E-1	-1.89508E-1
5.24375E+11	7.28223E-8	-3.44968E+1	2.59951E-1	-1.78638E-1
5.24550E+11	5.09383E-8	8.22384E+1	3.53158E-2	2.59104E-1
5.24725E+11	2.78364E-8	1.74857E+2	-1.91451E-1	1.72309E-2
5.24900E+11	2.81237E-8	-1.07060E+2	-5.90166E-2	-1.92311E-1
5.25075E+11	4.03207E-8	-2.56992E+1	2.06137E-1	-9.92033E-2
5.25250E+11	6.63240E-8	7.72090E+1	5.54181E-2	2.44101E-1
5.25425E+11	7.78168E-8	-1.69168E+2	-2.49386E-1	-4.77175E-2
5.25600E+11	9.39168E-8	-5.09762E+1	1.59117E-1	-1.96326E-1
5.25775E+11	9.55944E-8	6.56907E+1	9.90938E-2	2.19374E-1
5.25950E+11	7.63188E-8	-1.76552E+2	-2.24082E-1	-1.35004E-2
5.26125E+11	5.40134E-8	-7.48586E+1	4.85112E-2	-1.79275E-1
5.26300E+11	4.82706E-8	1.79397E+1	1.72738E-1	5.59250E-2
5.26475E+11	5.56971E-8	1.20635E+2	-1.03717E-1	1.75135E-1
5.26650E+11	6.28502E-8	-1.24879E+2	-1.22408E-1	-1.75602E-1
5.26825E+11	7.22423E-8	-3.10815E+0	2.24280E-1	-1.21785E-2
5.27000E+11	6.66921E-8	1.23107E+2	-1.23450E-1	1.89320E-1
5.27175E+11	5.08534E-8	-1.23472E+2	-1.12562E-1	-1.70243E-1
5.27350E+11	4.33151E-8	-1.54902E+1	1.77684E-1	-4.92434E-2
5.27525E+11	3.44589E-8	8.06279E+1	2.86245E-2	1.73430E-1
5.27700E+11	4.80124E-8	-1.78184E+2	-2.10058E-1	-6.66010E-3
5.27875E+11	5.64342E-8	-6.14473E+1	1.10496E-1	-2.03063E-1
5.28050E+11	6.09622E-8	5.89369E+1	1.23244E-1	2.04602E-1
5.28225E+11	5.23731E-8	1.78881E+2	-2.28173E-1	4.45614E-3
5.28400E+11	4.40678E-8	-6.93980E+1	7.61441E-2	-2.02557E-1
5.28575E+11	3.95641E-8	3.51923E+1	1.74485E-1	1.23050E-1
5.28750E+11	3.07800E-8	1.38750E+2	-1.28195E-1	1.12426E-1
5.28925E+11	1.97134E-8	-1.38081E+2	-1.02470E-1	-9.20035E-2
5.29100E+11	2.37340E-8	-5.32533E+1	8.58067E-2	-1.14923E-1
5.29275E+11	3.21308E-8	5.01388E+1	1.06415E-1	1.27447E-1
5.29450E+11	4.15544E-8	1.63235E+2	-1.84357E-1	5.55367E-2
5.29625E+11	5.06536E-8	-7.89768E+1	4.04297E-2	-2.07544E-1
5.29800E+11	5.26966E-8	4.07265E+1	1.62429E-1	1.39842E-1
5.29975E+11	5.00336E-8	1.45924E+2	-1.73935E-1	1.17659E-1
5.30150E+11	3.27238E-8	-1.08701E+2	-6.12119E-2	-1.80837E-1
5.30325E+11	2.74531E-8	-1.23306E+1	1.63161E-1	-3.56663E-2
5.30500E+11	2.30423E-8	8.82732E+1	5.00207E-3	1.65918E-1
5.30675E+11	2.59993E-8	-1.59326E+2	-1.59635E-1	-6.02388E-2
5.30850E+11	2.68416E-8	-4.54040E+1	1.22805E-1	-1.24549E-1
5.31025E+11	2.74636E-8	6.98465E+1	5.93585E-2	1.61737E-1
5.31200E+11	2.24870E-8	-1.78425E+2	-1.61271E-1	-4.43407E-3
5.31375E+11	1.84735E-8	-7.93921E+1	2.55976E-2	-1.36676E-1
5.31550E+11	1.43017E-8	1.20548E+1	1.13519E-1	2.42428E-2
5.31725E+11	1.61433E-8	1.03247E+2	-2.78784E-2	1.18419E-1
5.31900E+11	2.38709E-8	-1.55172E+2	-1.35506E-1	-6.26917E-2
5.32075E+11	3.78905E-8	-4.46295E+1	1.31330E-1	-1.29642E-1
5.32250E+11	5.22582E-8	6.64051E+1	8.47556E-2	1.94045E-1
5.32425E+11	7.42366E-8	1.70970E+2	-2.25864E-1	3.58953E-2
5.32600E+11	5.51399E-8	-8.65215E+1	1.32816E-2	-2.18500E-1
5.32775E+11	6.61240E-8	1.16511E+1	2.16726E-1	4.46892E-2
5.32950E+11	5.02911E-8	1.10651E+2	-6.68265E-2	1.77308E-1
5.33125E+11	3.91988E-8	-1.54146E+2	-1.58848E-1	-7.69759E-2
5.33300E+11	4.95167E-8	-5.45446E+1	1.11908E-1	-1.57147E-1
5.33475E+11	5.86311E-8	5.24026E+1	1.26793E-1	1.64660E-1
5.33650E+11	7.32925E-8	1.56401E+2	-2.06746E-1	9.03219E-2
5.33825E+11	7.78512E-8	-9.93804E+1	-3.73759E-2	-2.26250E-1
5.34000E+11	6.63223E-8	8.00566E+0	2.12314E-1	2.98602E-2
5.34175E+11	5.61134E-8	1.10673E+2	-6.67130E-2	1.76804E-1
5.34350E+11	4.00456E-8	-1.52027E+2	-1.40098E-1	-7.44085E-2
5.34525E+11	3.74654E-8	-5.26867E+1	9.45773E-2	-1.24091E-1
5.34700E+11	4.41879E-8	4.90174E+1	1.08765E-1	1.25196E-1
5.34875E+11	4.53830E-8	1.50983E+2	-1.51443E-1	8.40060E-2
5.35050E+11	5.69149E-8	-1.08375E+2	-5.72863E-2	-1.72462E-1
5.35225E+11	5.17411E-8	-1.26727E+1	1.77200E-1	-3.98450E-2
5.35400E+11	6.57259E-8	8.24060E+1	2.58732E-2	1.94065E-1
5.35575E+11	7.20830E-8	-1.72315E+2	-1.92145E-1	-2.59281E-2
5.35750E+11	5.42738E-8	-7.44762E+1	4.43294E-2	-1.59589E-1
5.35925E+11	6.18249E-8	2.45780E+1	1.54083E-1	7.04729E-2
5.36100E+11	7.00532E-8	1.30379E+2	-1.23340E-1	1.45029E-1
5.36275E+11	9.90616E-8	-1.16549E+2	-9.41246E-2	-1.88381E-1
5.36450E+11	1.23437E-7	1.48912E+0	2.23315E-1	5.80527E-3
5.36625E+11	1.00077E-7	1.21607E+2	-1.14196E-1	1.85569E-1
5.36800E+11	9.32320E-8	-1.22454E+2	-1.07603E-1	-1.69203E-1
5.36975E+11	6.01375E-8	-9.24958E+0	1.70071E-1	-2.76966E-2
5.37150E+11	4.00953E-8	8.75632E+1	6.08415E-3	1.42970E-1
5.37325E+11	3.89201E-8	-1.79050E+2	-1.42014E-1	-2.35453E-3
5.37500E+11	4.80181E-8	-7.96422E+1	2.84181E-2	-1.55483E-1
5.37675E+11	5.30512E-8	2.50916E+1	1.55908E-1	7.30051E-2
5.37850E+11	5.88882E-8	1.35612E+2	-1.34569E-1	1.31723E-1
5.38025E+11	6.30842E-8	-1.10134E+2	-6.93016E-2	-1.89023E-1
5.38200E+11	7.69115E-8	5.26077E+0	2.17519E-1	2.00284E-2
5.38375E+11	6.62048E-8	1.23347E+2	-1.13287E-1	1.72154E-1
5.38550E+11	4.56779E-8	-1.37075E+2	-1.32662E-1	-1.23383E-1
5.38725E+11	6.08892E-8	-3.26695E+1	1.52976E-1	-9.80939E-2
5.38900E+11	5.01166E-8	7.27914E+1	5.40776E-2	1.74604E-1
5.39075E+11	5.27349E-8	-1.73489E+2	-1.80567E-1	-2.06089E-2
5.39250E+11	4.95029E-8	-5.42145E+1	1.02394E-1	-1.42049E-1
5.39425E+11	4.71275E-8	6.36563E+1	6.95232E-2	1.40400E-1
5.39600E+11	3.35478E-8	1.69449E+2	-1.38021E-1	2.57078E-2
5.39775E+11	3.13093E-8	-8.42946E+1	1.29590E-2	-1.29708E-1
5.39950E+11	2.27323E-8	9.16398E+0	1.13235E-1	1.82669E-2
5.40125E+11	2.59411E-8	1.03428E+2	-2.80924E-2	1.17668E-1
5.40300E+11	3.34911E-8	-1.52030E+2	-1.22056E-1	-6.48170E-2
5.40475E+11	4.56068E-8	-4.03257E+1	1.16425E-1	-9.88252E-2
5.40650E+11	5.67904E-8	7.32680E+1	4.90563E-2	1.63182E-1
5.40825E+11	6.43066E-8	-1.74265E+2	-1.82771E-1	-1.83557E-2
5.41000E+11	7.07200E-8	-6.86667E+1	7.02883E-2	-1.79971E-1
5.41175E+11	5.05294E-8	3.96866E+1	1.22660E-1	1.01786E-1
5.41350E+11	3.60293E-8	1.26912E+2	-8.06495E-2	1.07367E-1
5.41525E+11	3.64611E-8	-1.38788E+2	-1.04824E-1	-9.18054E-2
5.41700E+11	3.31529E-8	-3.98238E+1	1.05250E-1	-8.77647E-2
5.41875E+11	3.46304E-8	6.15427E+1	6.74762E-2	1.24497E-1
5.42050E+11	3.64432E-8	1.62025E+2	-1.34571E-1	4.36591E-2
5.42225E+11	3.30541E-8	-9.47508E+1	-1.14700E-2	-1.38014E-1
5.42400E+11	3.49690E-8	3.28892E+0	1.42477E-1	8.18752E-3
5.42575E+11	2.85777E-8	1.12825E+2	-5.23913E-2	1.24479E-1
5.42750E+11	2.44169E-8	-1.49611E+2	-1.04472E-1	-6.12666E-2
5.42925E+11	3.19912E-8	-4.32397E+1	1.00918E-1	-9.49002E-2
5.43100E+11	4.61220E-8	7.29792E+1	4.66879E-2	1.52512E-1
5.43275E+11	6.17863E-8	-1.70596E+2	-1.74509E-1	-2.89032E-2
5.43450E+11	6.83413E-8	-5.18059E+1	1.19080E-1	-1.51356E-1
5.43625E+11	7.10499E-8	6.78867E+1	7.28082E-2	1.79186E-1
5.43800E+11	6.22805E-8	-1.77873E+2	-1.86442E-1	-6.92529E-3
5.43975E+11	4.26994E-8	-6.18658E+1	7.18515E-2	-1.34373E-1
5.44150E+11	3.27380E-8	4.09107E+1	1.00000E-1	8.66557E-2
5.44325E+11	3.42305E-8	1.46839E+2	-1.12265E-1	7.33550E-2
5.44500E+11	3.59363E-8	-1.09902E+2	-4.58952E-2	-1.26770E-1
5.44675E+11	4.35446E-8	-3.07969E+0	1.41449E-1	-7.61030E-3
5.44850E+11	4.59905E-8	9.84207E+1	-2.17256E-2	1.46759E-1
5.45025E+11	4.65140E-8	-1.57397E+2	-1.36666E-1	-5.68972E-2
5.45200E+11	4.66797E-8	-5.46680E+1	8.65163E-2	-1.22047E-1
5.45375E+11	3.22685E-8	5.24372E+1	7.99558E-2	1.03964E-1
5.45550E+11	2.38488E-8	1.42222E+2	-9.20086E-2	7.13122E-2
5.45725E+11	3.28897E-8	-1.19821E+2	-6.75126E-2	-1.17782E-1
5.45900E+11	4.53925E-8	-1.35731E+1	1.47262E-1	-3.55534E-2
5.46075E+11	4.88901E-8	9.17550E+1	-5.19212E-3	1.69458E-1
5.46250E+11	5.74292E-8	-1.59603E+2	-1.70368E-1	-6.33488E-2
5.46425E+11	5.19867E-8	-4.72068E+1	1.22178E-1	-1.31971E-1
5.46600E+11	5.08513E-8	6.03880E+1	8.89204E-2	1.56452E-1
5.46775E+11	3.93433E-8	1.72240E+2	-1.62874E-1	2.21953E-2
5.46950E+11	2.46505E-8	-8.22274E+1	1.92995E-2	-1.41393E-1
5.47125E+11	2.32577E-8	2.22368E+1	1.37633E-1	5.62704E-2
5.47300E+11	2.55041E-8	1.35147E+2	-1.14927E-1	1.14339E-1
5.47475E+11	2.59440E-8	-1.12426E+2	-6.66898E-2	-1.61591E-1
5.47650E+11	3.00578E-8	-2.65071E+0	1.81871E-1	-8.42001E-3
5.47825E+11	2.54519E-8	1.07420E+2	-5.26528E-2	1.67812E-1
5.48000E+11	2.23541E-8	-1.48298E+2	-1.38998E-1	-8.58530E-2
5.48175E+11	1.67323E-8	-4.54402E+1	1.03548E-1	-1.05151E-1
5.48350E+11	1.61175E-8	5.42009E+1	8.18340E-2	1.13470E-1
5.48525E+11	1.78233E-8	1.54306E+2	-1.34793E-1	6.48549E-2
5.48700E+11	1.78645E-8	-9.98945E+1	-2.53355E-2	-1.45248E-1
5.48875E+11	1.64907E-8	1.46988E+0	1.46602E-1	3.76179E-3
5.49050E+11	2.28564E-8	1.03678E+2	-3.61941E-2	1.48717E-1
5.49225E+11	2.25448E-8	-1.54845E+2	-1.35600E-1	-6.36780E-2
5.49400E+11	1.99273E-8	-5.12358E+1	9.09442E-2	-1.13256E-1
5.49575E+11	1.86451E-8	5.24083E+1	7.93381E-2	1.03054E-1
5.49750E+11	1.42625E-8	1.51308E+2	-9.91294E-2	5.42545E-2
5.49925E+11	1.57023E-8	-1.09468E+2	-3.93389E-2	-1.11285E-1
5.50100E+11	1.87338E-8	-4.79675E+0	1.25285E-1	-1.05134E-2
5.50275E+11	2.19152E-8	1.02168E+2	-2.79076E-2	1.29432E-1
5.50450E+11	2.51794E-8	-1.51004E+2	-1.21104E-1	-6.71194E-2
5.50625E+11	2.49356E-8	-4.26250E+1	9.91407E-2	-9.12443E-2
5.50800E+11	2.36442E-8	6.40735E+1	5.63250E-2	1.15860E-1
5.50975E+11	2.06225E-8	1.72224E+2	-1.18845E-1	1.62286E-2
5.51150E+11	1.72257E-8	-8.22422E+1	1.48188E-2	-1.08776E-1
5.51325E+11	1.74238E-8	1.78615E+1	1.03449E-1	3.33364E-2
5.51500E+11	1.64848E-8	1.18648E+2	-5.20341E-2	9.52483E-2
5.51675E+11	1.57948E-8	-1.40343E+2	-8.57593E-2	-7.10909E-2
5.51850E+11	1.57490E-8	-3.73457E+1	8.85738E-2	-6.75869E-2
5.52025E+11	1.61571E-8	7.06615E+1	3.62055E-2	1.03164E-1
5.52200E+11	1.34255E-8	1.74676E+2	-1.02962E-1	9.59454E-3
5.52375E+11	1.15510E-8	-8.28931E+1	1.18047E-2	-9.46801E-2
5.52550E+11	1.11307E-8	1.49318E+1	8.58003E-2	2.28808E-2
5.52725E+11	1.19946E-8	1.14670E+2	-3.72665E-2	8.11344E-2
5.52900E+11	1.29272E-8	-1.39935E+2	-6.79828E-2	-5.71766E-2
5.53075E+11	1.13217E-8	-2.90279E+1	7.39844E-2	-4.10573E-2
5.53250E+11	9.66653E-9	8.24971E+1	1.07422E-2	8.15630E-2
5.53425E+11	7.94045E-9	-1.62189E+2	-7.09194E-2	-2.27848E-2
5.53600E+11	6.39724E-9	-4.77691E+1	4.49659E-2	-4.95367E-2
5.53775E+11	5.49930E-9	6.47898E+1	2.51492E-2	5.34200E-2
5.53950E+11	3.93644E-9	1.77630E+2	-4.99171E-2	2.06599E-3
5.54125E+11	3.51689E-9	-6.78763E+1	1.80045E-2	-4.42871E-2
5.54300E+11	3.20323E-9	4.36222E+1	3.20850E-2	3.05778E-2
5.54475E+11	2.64778E-9	1.53787E+2	-3.67649E-2	1.81011E-2
5.54650E+11	2.28938E-9	-9.52494E+1	-3.71327E-3	-4.04160E-2
5.54825E+11	1.73702E-9	1.37683E+1	3.45450E-2	8.46483E-3
5.55000E+11	1.43012E-9	1.22162E+2	-1.68250E-2	2.67568E-2
5.55175E+11	1.10781E-9	-1.26259E+2	-1.71982E-2	-2.34476E-2
5.55350E+11	9.21794E-10	-1.51002E+1	2.59998E-2	-7.01539E-3
5.55525E+11	6.79526E-10	9.84360E+1	-3.52205E-3	2.37480E-2
5.55700E+11	6.62001E-10	-1.52470E+2	-2.00352E-2	-1.04430E-2
5.55875E+11	5.40458E-10	-4.21468E+1	1.56351E-2	-1.41506E-2
5.56050E+11	4.80216E-10	6.98018E+1	6.86503E-3	1.86604E-2
5.56225E+11	3.38181E-10	-1.75667E+2	-1.75104E-2	-1.32672E-3
5.56400E+11	3.68972E-10	-6.10021E+1	8.75091E-3	-1.57885E-2
5.56575E+11	2.49320E-10	5.76187E+1	8.15940E-3	1.28665E-2
5.56750E+11	2.96491E-10	1.76700E+2	-1.59354E-2	9.18769E-4
5.56925E+11	2.60912E-10	-6.22329E+1	7.17917E-3	-1.36355E-2
5.57100E+11	2.75696E-10	5.21313E+1	9.94296E-3	1.27867E-2
5.57275E+11	2.78367E-10	1.64803E+2	-1.64700E-2	4.47385E-3
5.57450E+11	2.61887E-10	-7.96706E+1	2.91220E-3	-1.59781E-2
5.57625E+11	2.67070E-10	3.45278E+1	1.37871E-2	9.48545E-3
5.57800E+11	3.29400E-10	1.54547E+2	-1.57735E-2	7.50774E-3
5.57975E+11	3.59378E-10	-9.48883E+1	-1.61670E-3	-1.89034E-2
5.58150E+11	3.93387E-10	1.42166E+1	1.95108E-2	4.94300E-3
5.58325E+11	5.27224E-10	1.09069E+2	-7.20082E-3	2.08316E-2
5.58500E+11	6.35839E-10	-1.51099E+2	-2.15086E-2	-1.18741E-2
5.58675E+11	7.00270E-10	-5.41170E+1	1.49490E-2	-2.06642E-2
5.58850E+11	8.46591E-10	5.36762E+1	1.61426E-2	2.19564E-2
5.59025E+11	9.38082E-10	1.66061E+2	-2.85801E-2	7.09342E-3
5.59200E+11	1.16519E-9	-8.34109E+1	3.74604E-3	-3.24303E-2
5.59375E+11	1.59983E-9	2.08691E+1	3.43967E-2	1.31136E-2
5.59550E+11	2.33463E-9	1.16851E+2	-1.85384E-2	3.66190E-2
5.59725E+11	2.63736E-9	-1.48304E+2	-3.86344E-2	-2.38570E-2
5.59900E+11	3.30961E-9	-4.70296E+1	3.36351E-2	-3.61067E-2
5.60075E+11	3.74881E-9	6.09334E+1	2.46366E-2	4.43240E-2
5.60250E+11	3.87862E-9	1.73442E+2	-5.29482E-2	6.08724E-3
5.60425E+11	4.98332E-9	-7.83441E+1	1.18053E-2	-5.72275E-2
5.60600E+11	5.68511E-9	2.54785E+1	5.75549E-2	2.74258E-2
5.60775E+11	6.63084E-9	1.22429E+2	-3.77098E-2	5.93548E-2
5.60950E+11	7.97281E-9	-1.43713E+2	-6.14779E-2	-4.51384E-2
5.61125E+11	9.18179E-9	-4.42132E+1	5.98906E-2	-5.82680E-2
5.61300E+11	9.49997E-9	6.26598E+1	4.04458E-2	7.82275E-2
5.61475E+11	1.13738E-8	1.76982E+2	-9.31409E-2	4.91134E-3
5.61650E+11	1.24878E-8	-7.07789E+1	3.10075E-2	-8.89359E-2
5.61825E+11	1.45622E-8	2.96655E+1	8.71351E-2	4.96314E-2
5.62000E+11	1.82451E-8	1.22391E+2	-6.00834E-2	9.47097E-2
5.62175E+11	2.03799E-8	-1.43950E+2	-9.97722E-2	-7.26230E-2
5.62350E+11	2.55392E-8	-4.79045E+1	9.02793E-2	-9.99299E-2
5.62525E+11	3.04604E-8	5.83488E+1	7.61946E-2	1.23605E-1
5.62700E+11	2.90181E-8	1.73269E+2	-1.43671E-1	1.69569E-2
5.62875E+11	2.53814E-8	-7.42064E+1	3.82044E-2	-1.35069E-1
5.63050E+11	1.93661E-8	3.06593E+1	1.11288E-1	6.59710E-2
5.63225E+11	2.12622E-8	1.27224E+2	-7.75699E-2	1.02106E-1
5.63400E+11	2.41075E-8	-1.42275E+2	-1.05842E-1	-8.18772E-2
5.63575E+11	2.72220E-8	-3.64348E+1	1.09813E-1	-8.10641E-2
5.63750E+11	2.73199E-8	7.66711E+1	3.28368E-2	1.38598E-1
5.63925E+11	2.73461E-8	-1.65529E+2	-1.37171E-1	-3.54009E-2
5.64100E+11	3.05102E-8	-4.82902E+1	9.38925E-2	-1.05346E-1
5.64275E+11	3.32965E-8	6.06183E+1	6.97304E-2	1.23844E-1
5.64450E+11	2.91724E-8	1.59874E+2	-1.28561E-1	4.71135E-2
5.64625E+11	3.32304E-8	-1.11213E+2	-5.10145E-2	-1.31435E-1
5.64800E+11	3.65840E-8	-1.47870E+1	1.52378E-1	-4.02232E-2
5.64975E+11	4.27214E-8	9.47916E+1	-1.44561E-2	1.72457E-1
5.65150E+11	5.17284E-8	-1.45328E+2	-1.55588E-1	-1.07623E-1
5.65325E+11	5.83162E-8	-1.96508E+1	1.91025E-1	-6.82120E-2
5.65500E+11	5.74405E-8	1.02906E+2	-4.41466E-2	1.92656E-1
5.65675E+11	4.60972E-8	-1.44660E+2	-1.48678E-1	-1.05424E-1
5.65850E+11	3.23618E-8	-4.35259E+1	1.13997E-1	-1.08277E-1
5.66025E+11	2.86749E-8	5.36549E+1	8.71236E-2	1.18409E-1
5.66200E+11	3.36510E-8	1.57420E+2	-1.49335E-1	6.20997E-2
5.66375E+11	3.65642E-8	-8.80267E+1	5.98737E-3	-1.73774E-1
5.66550E+11	4.14066E-8	2.95813E+1	1.67138E-1	9.48753E-2
5.66725E+11	4.17992E-8	1.40795E+2	-1.60722E-1	1.31106E-1
5.66900E+11	4.42613E-8	-1.11102E+2	-7.66773E-2	-1.98696E-1
5.67075E+11	4.87456E-8	-5.91973E+0	2.24451E-1	-2.32729E-2
5.67250E+11	4.15970E-8	1.02563E+2	-4.68261E-2	2.10123E-1
5.67425E+11	4.69574E-8	-1.48728E+2	-1.82541E-1	-1.10863E-1
5.67600E+11	5.71184E-8	-3.29765E+1	1.94096E-1	-1.25934E-1
5.67775E+11	5.25362E-8	8.36592E+1	2.68850E-2	2.41943E-1
5.67950E+11	7.10475E-8	-1.65492E+2	-2.44960E-1	-6.33861E-2
5.68125E+11	6.20489E-8	-6.26062E+1	1.13233E-1	-2.18507E-1
5.68300E+11	5.11790E-8	3.61965E+1	1.69440E-1	1.23996E-1
5.68475E+11	4.19049E-8	1.27091E+2	-1.09963E-1	1.45446E-1
5.68650E+11	2.93608E-8	-1.41523E+2	-1.18863E-1	-9.44686E-2
5.68825E+11	2.63994E-8	-4.78630E+1	1.01282E-1	-1.11946E-1
5.69000E+11	3.92651E-8	6.03480E+1	8.73058E-2	1.53362E-1
5.69175E+11	4.81182E-8	1.64550E+2	-1.83981E-1	5.08506E-2
5.69350E+11	5.37433E-8	-9.72384E+1	-2.58710E-2	-2.03692E-1
5.69525E+11	6.10539E-8	-1.18636E+0	2.17431E-1	-4.50273E-3
5.69700E+11	7.07094E-8	1.03768E+2	-5.33518E-2	2.17738E-1
5.69875E+11	7.61402E-8	-1.38441E+2	-1.71507E-1	-1.52053E-1
5.70050E+11	6.22288E-8	-8.67639E+0	2.04500E-1	-3.12067E-2
5.70225E+11	6.06999E-8	1.12870E+2	-7.39022E-2	1.75206E-1
5.70400E+11	7.23028E-8	-1.25673E+2	-1.19124E-1	-1.65945E-1
5.70575E+11	7.28819E-8	-1.02907E+1	2.10135E-1	-3.81528E-2
5.70750E+11	7.71488E-8	1.01162E+2	-4.21854E-2	2.13790E-1
5.70925E+11	8.23253E-8	-1.44999E+2	-1.77674E-1	-1.24412E-1
5.71100E+11	6.76314E-8	-2.36004E+1	1.85725E-1	-8.11429E-2
5.71275E+11	5.31432E-8	1.04945E+2	-4.92417E-2	1.84478E-1
5.71450E+11	4.32159E-8	-1.34283E+2	-1.23831E-1	-1.26968E-1
5.71625E+11	4.63359E-8	-2.24505E+1	1.71315E-1	-7.07877E-2
5.71800E+11	4.66080E-8	8.89568E+1	3.83932E-3	2.10840E-1
5.71975E+11	6.04708E-8	-1.61535E+2	-2.18135E-1	-7.28411E-2
5.72150E+11	7.61439E-8	-4.94964E+1	1.60679E-1	-1.88107E-1
5.72325E+11	7.64096E-8	6.35219E+1	1.18014E-1	2.36926E-1
5.72500E+11	6.80717E-8	1.79740E+2	-2.60498E-1	1.18085E-3
5.72675E+11	5.73169E-8	-6.70891E+1	9.35227E-2	-2.21282E-1
5.72850E+11	4.17402E-8	2.93791E+1	1.74683E-1	9.83444E-2
5.73025E+11	4.12496E-8	1.18921E+2	-9.69585E-2	1.75487E-1
5.73200E+11	4.54412E-8	-1.39851E+2	-1.57314E-1	-1.32702E-1
5.73375E+11	4.93781E-8	-3.50331E+1	1.71744E-1	-1.20405E-1
5.73550E+11	5.10461E-8	8.16284E+1	3.05108E-2	2.07330E-1
5.73725E+11	5.71151E-8	-1.58905E+2	-1.91926E-1	-7.40383E-2
5.73900E+11	4.57029E-8	-5.18701E+1	1.14076E-1	-1.45330E-1
5.74075E+11	4.73205E-8	4.49787E+1	1.25237E-1	1.25144E-1
5.74250E+11	3.31184E-8	1.32747E+2	-1.08936E-1	1.17859E-1
5.74425E+11	3.71902E-8	-1.42879E+2	-1.31668E-1	-9.96573E-2
5.74600E+11	4.74858E-8	-3.73321E+1	1.44942E-1	-1.10544E-1
5.74775E+11	5.99545E-8	8.37271E+1	2.22698E-2	2.02595E-1
5.74950E+11	6.75092E-8	-1.44729E+2	-1.81291E-1	-1.28224E-1
5.75125E+11	7.69401E-8	-1.87429E+1	2.23470E-1	-7.58272E-2
5.75300E+11	7.47937E-8	9.88461E+1	-3.62331E-2	2.32812E-1
5.75475E+11	6.12361E-8	-1.53310E+2	-1.96332E-1	-9.87028E-2
5.75650E+11	4.07995E-8	-5.57210E+1	1.06235E-1	-1.55857E-1
5.75825E+11	2.97083E-8	3.64089E+1	1.37602E-1	1.01482E-1
5.76000E+11	3.50206E-8	1.42723E+2	-1.47816E-1	1.12511E-1
5.76175E+11	4.57058E-9	-1.03313E+2	-4.60462E-2	-1.94595E-1
5.76350E+11	1.47727E-9	1.56151E+2	-1.87624E-1	8.29433E-2
5.76525E+11	3.36972E-9	-9.67487E+1	-2.31808E-2	-1.95890E-1
5.76700E+11	2.98872E-9	-6.92190E-3	2.07515E-1	-2.50699E-5
5.76875E+11	1.71743E-9	1.01393E+2	-3.96030E-2	1.96530E-1
5.77050E+11	2.57009E-9	-1.70359E+2	-1.80437E-1	-3.06502E-2
5.77225E+11	2.01483E-9	-6.36148E+1	9.17138E-2	-1.84876E-1
5.77400E+11	3.21877E-9	6.02186E+1	1.11435E-1	1.94723E-1
5.77575E+11	5.56330E-9	1.74676E+2	-2.40990E-1	2.24563E-2
5.77750E+11	4.69955E-9	-8.33894E+1	2.87992E-2	-2.48502E-1
5.77925E+11	6.52294E-9	7.95536E+0	2.55420E-1	3.56941E-2
5.78100E+11	5.08536E-9	9.79064E+1	-3.25723E-2	2.34542E-1
5.78275E+11	2.83255E-9	-1.59327E+2	-1.75952E-1	-6.63934E-2
5.78450E+11	2.23972E-9	-5.47066E+1	8.78925E-2	-1.24165E-1
5.78625E+11	2.70984E-9	5.17449E+1	9.75541E-2	1.23724E-1
5.78800E+11	3.04859E-9	1.66085E+2	-1.61946E-1	4.01218E-2
5.78975E+11	4.62324E-9	-8.73398E+1	8.64595E-3	-1.86083E-1
5.79150E+11	3.01304E-9	5.36235E+0	1.96162E-1	1.84127E-2
5.79325E+11	4.84622E-9	9.57261E+1	-2.03657E-2	2.03102E-1
5.79500E+11	2.80481E-9	-1.65416E+2	-2.05523E-1	-5.34729E-2
5.79675E+11	5.16395E-9	-4.66396E+1	1.43045E-1	-1.51476E-1
5.79850E+11	4.77559E-9	7.02932E+1	6.01260E-2	1.67863E-1
5.80025E+11	2.96444E-9	1.78613E+2	-1.86669E-1	4.52023E-3
5.80200E+11	4.67348E-9	-7.93914E+1	3.66753E-2	-1.95809E-1
5.80375E+11	3.57081E-9	1.89110E+1	2.03011E-1	6.95500E-2
5.80550E+11	8.58319E-9	1.17070E+2	-1.04303E-1	2.04088E-1
5.80725E+11	5.12474E-9	-1.25636E+2	-1.27304E-1	-1.77581E-1
5.80900E+11	3.53220E-9	-5.43265E+0	1.93412E-1	-1.83941E-2
5.81075E+11	1.86218E-9	1.12517E+2	-6.12112E-2	1.47654E-1
5.81250E+11	1.33956E-9	-1.36904E+2	-1.14540E-1	-1.07168E-1
5.81425E+11	2.59923E-9	-3.48947E+1	1.56149E-1	-1.08909E-1
5.81600E+11	1.79812E-9	6.55719E+1	8.54397E-2	1.88106E-1
5.81775E+11	2.43058E-9	1.65254E+2	-2.23670E-1	5.88713E-2
5.81950E+11	4.50026E-9	-9.08158E+1	-3.38394E-3	-2.37652E-1
5.82125E+11	5.07606E-9	2.60656E+1	2.20244E-1	1.07732E-1
5.82300E+11	5.40516E-9	1.50466E+2	-2.19648E-1	1.24441E-1
5.82475E+11	3.75351E-9	-8.17854E+1	2.97088E-2	-2.05793E-1
5.82650E+11	2.28569E-9	2.22193E+1	1.57209E-1	6.42174E-2
5.82825E+11	1.92474E-9	1.19803E+2	-9.55662E-2	1.66850E-1
5.83000E+11	4.61897E-9	-1.35220E+2	-1.52356E-1	-1.51191E-1
5.83175E+11	5.06811E-9	-2.25404E+1	2.16383E-1	-8.98078E-2
5.83350E+11	3.31468E-9	9.26722E+1	-1.06385E-2	2.27937E-1
5.83525E+11	3.16909E-9	-1.53924E+2	-1.80821E-1	-8.84880E-2
5.83700E+11	4.27996E-9	-5.37657E+1	1.14074E-1	-1.55667E-1
5.83875E+11	3.60010E-9	4.82684E+1	1.27361E-1	1.42789E-1
5.84050E+11	2.29577E-9	1.44060E+2	-1.43040E-1	1.03696E-1
5.84225E+11	3.06718E-9	-1.16075E+2	-7.87433E-2	-1.60914E-1
5.84400E+11	3.85483E-9	-6.46907E+0	1.94389E-1	-2.20415E-2
5.84575E+11	3.46882E-9	1.14075E+2	-8.44200E-2	1.88948E-1
5.84750E+11	2.71562E-9	-1.30621E+2	-1.45770E-1	-1.69945E-1
5.84925E+11	3.18115E-9	-2.24335E+1	2.07880E-1	-8.58239E-2
5.85100E+11	4.94885E-9	8.01098E+1	3.96294E-2	2.27297E-1
5.85275E+11	2.97482E-9	1.77848E+2	-1.76685E-1	6.63951E-3
5.85450E+11	2.87525E-9	-8.62856E+1	1.15476E-2	-1.77875E-1
5.85625E+11	2.80668E-9	2.58149E+1	1.81665E-1	8.78787E-2
5.85800E+11	3.00496E-9	1.45766E+2	-1.82055E-1	1.23881E-1
5.85975E+11	4.00553E-9	-9.35973E+1	-1.36891E-2	-2.17743E-1
5.86150E+11	2.41192E-9	1.30213E+1	2.11248E-1	4.88530E-2
5.86325E+11	3.36278E-9	1.04351E+2	-4.94310E-2	1.93206E-1
5.86500E+11	5.80979E-9	-1.66653E+2	-2.04585E-1	-4.85404E-2
5.86675E+11	2.04362E-9	-6.28970E+1	8.64288E-2	-1.68875E-1
5.86850E+11	2.77282E-9	3.95614E+1	1.40687E-1	1.16227E-1
5.87025E+11	3.81900E-9	1.49150E+2	-1.75639E-1	1.04908E-1
5.87200E+11	2.96731E-9	-9.98636E+1	-4.01679E-2	-2.31018E-1
5.87375E+11	6.11901E-9	-6.90942E-1	2.55997E-1	-3.08727E-3
5.87550E+11	4.96321E-9	9.30701E+1	-1.55748E-2	2.90387E-1
5.87725E+11	6.95135E-9	-1.65216E+2	-2.63547E-1	-6.95552E-2
5.87900E+11	6.98785E-9	-5.77572E+1	1.39852E-1	-2.21714E-1
5.88075E+11	4.84256E-9	6.23446E+1	9.52683E-2	1.81803E-1
5.88250E+11	2.24185E-9	-1.78401E+2	-1.84667E-1	-5.15430E-3
5.88425E+11	2.64582E-9	-5.62908E+1	1.05343E-1	-1.57900E-1
5.88600E+11	3.40840E-9	5.02928E+1	1.12794E-1	1.35827E-1
5.88775E+11	2.45422E-9	1.40249E+2	-1.38492E-1	1.15186E-1
5.88950E+11	2.18964E-9	-1.27781E+2	-1.24710E-1	-1.60884E-1
5.89125E+11	2.52426E-9	-2.65231E+1	1.88509E-1	-9.40819E-2
5.89300E+11	3.32709E-9	9.48505E+1	-1.91290E-2	2.25419E-1
5.89475E+11	3.45745E-9	-1.37305E+2	-1.46040E-1	-1.34740E-1
5.89650E+11	1.96788E-9	-2.09037E+1	1.82335E-1	-6.96406E-2
5.89825E+11	3.36537E-9	8.85734E+1	5.39262E-3	2.16532E-1
5.90000E+11	4.89471E-9	-1.68378E+2	-2.38523E-1	-4.90556E-2
5.90175E+11	5.83425E-9	-6.51168E+1	1.10919E-1	-2.39137E-1
5.90350E+11	8.28189E-9	5.00808E+1	1.80273E-1	2.15457E-1
5.90525E+11	6.44879E-9	1.75755E+2	-2.51721E-1	1.86837E-2
5.90700E+11	2.10603E-9	-6.04649E+1	9.50232E-2	-1.67713E-1
5.90875E+11	1.77972E-9	3.39615E+1	1.19440E-1	8.04465E-2
5.91050E+11	2.69608E-9	1.08374E+2	-5.03583E-2	1.51615E-1
5.91225E+11	2.01353E-9	-1.77357E+2	-1.71922E-1	-7.93473E-3
5.91400E+11	3.89475E-9	-1.06463E+2	-5.36657E-2	-1.81606E-1
5.91575E+11	4.20144E-9	-1.23252E+1	2.14154E-1	-4.67919E-2
5.91750E+11	4.72548E-9	1.11457E+2	-9.08422E-2	2.31125E-1
5.91925E+11	6.12070E-9	-1.06314E+2	-7.03123E-2	-2.40230E-1
5.92100E+11	5.64905E-9	4.48879E+1	1.82021E-1	1.81310E-1
5.92275E+11	4.21735E-9	1.64584E+2	-2.13398E-1	5.88426E-2
5.92450E+11	3.14324E-9	-9.90308E+1	-3.74346E-2	-2.35534E-1
5.92625E+11	2.95638E-9	-3.36782E+0	2.59732E-1	-1.52845E-2
5.92800E+11	7.85386E-9	9.56423E+1	-2.62689E-2	2.65888E-1
5.92975E+11	5.82336E-9	-1.52321E+2	-2.26734E-1	-1.18934E-1
5.93150E+11	4.20732E-9	-2.63014E+1	2.07935E-1	-1.02774E-1
5.93325E+11	1.87421E-9	9.83591E+1	-2.74725E-2	1.86966E-1
5.93500E+11	2.55009E-9	-1.42864E+2	-1.42539E-1	-1.07942E-1
5.93675E+11	1.65590E-9	-3.73534E+1	1.31890E-1	-1.00667E-1
5.93850E+11	1.89089E-9	5.70092E+1	8.93421E-2	1.37623E-1
5.94025E+11	2.43992E-9	1.55521E+2	-1.70180E-1	7.74806E-2
5.94200E+11	3.53683E-9	-9.04161E+1	-1.51855E-3	-2.09085E-1
5.94375E+11	4.01879E-9	2.93262E+1	2.02749E-1	1.13900E-1
5.94550E+11	4.14721E-9	1.44620E+2	-1.98537E-1	1.40990E-1
5.94725E+11	5.42833E-9	-1.13740E+2	-1.01948E-1	-2.31803E-1
5.94900E+11	4.82031E-9	-1.15943E+1	2.35403E-1	-4.82970E-2
5.95075E+11	3.58255E-9	8.16086E+1	2.84780E-2	1.93052E-1
5.95250E+11	5.43370E-9	1.73218E+2	-1.94912E-1	2.31795E-2
5.95425E+11	4.02710E-9	-8.06372E+1	3.26316E-2	-1.97909E-1
5.95600E+11	4.75664E-9	4.20873E+1	1.60874E-1	1.45297E-1
5.95775E+11	3.67681E-9	1.62707E+2	-1.83303E-1	5.70671E-2
5.95950E+11	3.67028E-9	-8.66604E+1	1.05499E-2	-1.80796E-1
5.96125E+11	2.60711E-9	1.39020E+1	1.76367E-1	4.36529E-2
5.96300E+11	2.89494E-9	1.11637E+2	-6.47394E-2	1.63204E-1
5.96475E+11	2.67035E-9	-1.47355E+2	-1.40805E-1	-9.02060E-2
5.96650E+11	4.04204E-9	-4.61491E+1	1.28288E-1	-1.33539E-1
5.96825E+11	2.75345E-9	5.97352E+1	1.05816E-1	1.81338E-1
5.97000E+11	4.73271E-9	1.68596E+2	-2.21814E-1	4.47400E-2
5.97175E+11	4.12968E-9	-8.63785E+1	1.51875E-2	-2.39961E-1
5.97350E+11	3.70705E-9	2.04732E+1	2.41291E-1	9.00865E-2
5.97525E+11	3.47197E-9	1.28523E+2	-1.61643E-1	2.03048E-1
5.97700E+11	2.96520E-9	-1.10739E+2	-7.79203E-2	-2.05789E-1
5.97875E+11	1.64781E-9	-4.48960E+0	1.72126E-1	-1.35151E-2
5.98050E+11	3.33825E-9	1.01474E+2	-3.90419E-2	1.92337E-1
5.98225E+11	3.14751E-9	-1.51959E+2	-1.69941E-1	-9.05138E-2
5.98400E+11	3.80711E-9	-4.82657E+1	1.34334E-1	-1.50592E-1
5.98575E+11	4.66780E-9	5.76812E+1	1.15779E-1	1.83011E-1
5.98750E+11	6.08165E-9	1.76206E+2	-2.09739E-1	1.39088E-2
5.98925E+11	5.52051E-9	-5.87808E+1	1.05717E-1	-1.74427E-1
5.99100E+11	4.10843E-9	7.21751E+1	6.06878E-2	1.88738E-1
5.99275E+11	4.58344E-9	-1.69803E+2	-1.80472E-1	-3.24621E-2
5.99450E+11	4.45762E-9	-6.26079E+1	8.79546E-2	-1.69739E-1
5.99625E+11	5.37486E-9	3.92931E+1	1.53421E-1	1.25543E-1
5.99800E+11	4.58227E-9	1.43854E+2	-1.78848E-1	1.30640E-1
5.99975E+11	4.39523E-9	-1.03866E+2	-5.60732E-2	-2.27158E-1
6.00150E+11	4.77264E-9	2.00470E+1	2.13623E-1	7.79510E-2
6.00325E+11	3.20904E-9	1.43709E+2	-1.67296E-1	1.22850E-1
6.00500E+11	1.69110E-9	-1.04635E+2	-4.07070E-2	-1.55888E-1
6.00675E+11	2.13544E-9	-2.17344E+1	1.51911E-1	-6.05583E-2
6.00850E+11	2.71080E-9	6.78008E+1	7.16097E-2	1.75482E-1
6.01025E+11	3.61028E-9	1.70595E+2	-2.07537E-1	3.43744E-2
6.01200E+11	3.99371E-9	-7.73506E+1	4.45984E-2	-1.98717E-1
6.01375E+11	3.75478E-9	4.24516E+1	1.50136E-1	1.37341E-1
6.01550E+11	2.44151E-9	1.65583E+2	-1.87918E-1	4.83087E-2
6.01725E+11	3.09920E-9	-7.83398E+1	4.00131E-2	-1.93894E-1
6.01900E+11	2.57129E-9	3.08246E+1	1.65613E-1	9.88213E-2
6.02075E+11	2.86408E-9	1.10948E+2	-6.17274E-2	1.61245E-1
6.02250E+11	3.12788E-9	-1.65578E+2	-1.87512E-1	-4.82206E-2
6.02425E+11	3.18415E-9	-6.82475E+1	8.11247E-2	-2.03315E-1
6.02600E+11	2.77162E-9	5.00340E+1	1.41899E-1	1.69312E-1
6.02775E+11	2.71936E-9	-1.78253E+2	-2.33865E-1	-7.13338E-3
6.02950E+11	3.38460E-9	-4.07769E+1	1.70319E-1	-1.46896E-1
6.03125E+11	4.88267E-9	9.28549E+1	-1.08561E-2	2.17691E-1
6.03300E+11	1.77876E-9	-1.49737E+2	-1.70213E-1	-9.93186E-2
6.03475E+11	2.40262E-9	-4.77146E+1	1.36598E-1	-1.50197E-1
6.03650E+11	3.55004E-9	5.44924E+1	1.21947E-1	1.70915E-1
6.03825E+11	2.61391E-9	1.48087E+2	-1.70044E-1	1.05896E-1
6.04000E+11	3.05323E-9	-1.19791E+2	-1.01752E-1	-1.77735E-1
6.04175E+11	2.55911E-9	-2.71706E+1	1.96980E-1	-1.01106E-1
6.04350E+11	3.69474E-9	7.72794E+1	5.01934E-2	2.22352E-1
6.04525E+11	3.28116E-9	-1.69724E+2	-2.16550E-1	-3.92620E-2
6.04700E+11	2.33451E-9	-6.46052E+1	7.57868E-2	-1.59644E-1
6.04875E+11	2.46013E-9	2.72586E+1	1.55089E-1	7.99055E-2
6.05050E+11	1.78639E-9	1.26941E+2	-1.13563E-1	1.51027E-1
6.05225E+11	3.35890E-9	-1.29027E+2	-1.35600E-1	-1.67289E-1
6.05400E+11	2.70492E-9	-2.03375E+1	2.24285E-1	-8.31322E-2
6.05575E+11	3.63635E-9	9.42196E+1	-1.83573E-2	2.48816E-1
6.05750E+11	1.84598E-9	-1.62830E+2	-1.98878E-1	-6.14494E-2
6.05925E+11	1.99749E-9	-6.62014E+1	7.61133E-2	-1.72583E-1
6.06100E+11	2.41984E-9	3.03323E+1	1.51319E-1	8.85384E-2
6.06275E+11	2.93117E-9	1.19900E+2	-8.55426E-2	1.48766E-1
6.06450E+11	2.15880E-9	-1.44855E+2	-1.50444E-1	-1.05912E-1
6.06625E+11	3.89141E-9	-4.47616E+1	1.47178E-1	-1.45958E-1
6.06800E+11	3.36731E-9	6.42455E+1	9.41699E-2	1.95195E-1
6.06975E+11	4.20444E-9	1.76233E+2	-2.22028E-1	1.46177E-2
6.07150E+11	4.57350E-9	-7.67057E+1	4.89107E-2	-2.06998E-1
6.07325E+11	4.11481E-9	2.78925E+1	1.73495E-1	9.18314E-2
6.07500E+11	4.37068E-9	1.23608E+2	-9.72731E-2	1.46365E-1
6.07675E+11	3.80536E-9	-1.46541E+2	-1.65539E-1	-1.09399E-1
6.07850E+11	5.69020E-9	-4.79179E+1	1.53100E-1	-1.69545E-1
6.08025E+11	4.49954E-9	5.35567E+1	1.41517E-1	1.91646E-1
6.08200E+11	3.87766E-9	1.45160E+2	-1.71986E-1	1.19709E-1
6.08375E+11	2.70639E-9	-1.27919E+2	-1.20024E-1	-1.54070E-1
6.08550E+11	3.63626E-9	-4.00188E+1	1.67457E-1	-1.40606E-1
6.08725E+11	6.70164E-9	6.91972E+1	8.04602E-2	2.11782E-1
6.08900E+11	3.17912E-9	1.70593E+2	-1.96757E-1	3.25972E-2
6.09075E+11	3.88366E-9	-9.12297E+1	-4.65746E-3	-2.16968E-1
6.09250E+11	4.50034E-9	1.21916E+1	2.31068E-1	4.99234E-2
6.09425E+11	4.48853E-9	1.14202E+2	-1.04868E-1	2.33319E-1
6.09600E+11	4.36822E-9	-1.44060E+2	-2.11392E-1	-1.53246E-1
6.09775E+11	5.02238E-9	-3.88963E+1	1.97866E-1	-1.59637E-1
6.09950E+11	3.60870E-9	6.97587E+1	8.30255E-2	2.25155E-1
6.10125E+11	3.04768E-9	-1.72860E+2	-2.18006E-1	-2.73089E-2
6.10300E+11	1.73759E-9	-6.13254E+1	8.42465E-2	-1.54042E-1
6.10475E+11	2.65792E-9	4.69040E+1	1.18514E-1	1.26665E-1
6.10650E+11	1.56697E-9	1.50318E+2	-1.42756E-1	8.13674E-2
6.10825E+11	2.64983E-9	-1.12802E+2	-6.80675E-2	-1.61910E-1
6.11000E+11	4.05327E-9	-1.10645E+1	2.01495E-1	-3.94022E-2
6.11175E+11	4.95993E-9	1.01949E+2	-4.53358E-2	2.14234E-1
6.11350E+11	3.26001E-9	-1.38099E+2	-1.65629E-1	-1.48614E-1
6.11525E+11	3.81846E-9	-1.86814E+1	2.06015E-1	-6.96575E-2
6.11700E+11	4.47667E-9	9.30745E+1	-1.14411E-2	2.13013E-1
6.11875E+11	4.82230E-9	-1.64465E+2	-2.13536E-1	-5.93580E-2
6.12050E+11	5.84725E-9	-6.23729E+1	1.10871E-1	-2.11833E-1
6.12225E+11	4.96994E-9	4.76860E+1	1.68625E-1	1.85225E-1
6.12400E+11	5.41056E-9	1.64375E+2	-2.47745E-1	6.92883E-2
6.12575E+11	2.67553E-9	-7.45692E+1	5.72341E-2	-2.07352E-1
6.12750E+11	2.35794E-9	3.83767E+1	1.36118E-1	1.07796E-1
6.12925E+11	1.50750E-9	1.28173E+2	-8.87666E-2	1.12911E-1
6.13100E+11	1.14592E-9	-1.46453E+2	-1.23263E-1	-8.17319E-2
6.13275E+11	1.26688E-9	-5.30878E+1	1.08044E-1	-1.43837E-1
6.13450E+11	1.67772E-9	4.62952E+1	1.47329E-1	1.54145E-1
6.13625E+11	2.82605E-9	1.57893E+2	-2.19084E-1	8.89927E-2
6.13800E+11	3.33855E-9	-7.74820E+1	5.99275E-2	-2.69915E-1
6.13975E+11	3.12799E-9	6.40122E+1	1.25469E-1	2.57388E-1
6.14150E+11	3.72607E-9	-1.60413E+2	-2.77775E-1	-9.88397E-2
6.14325E+11	3.10449E-9	-3.76584E+1	2.18620E-1	-1.68715E-1
6.14500E+11	2.41762E-9	6.34196E+1	1.01672E-1	2.03208E-1
6.14675E+11	2.54198E-9	1.57900E+2	-2.19302E-1	8.90477E-2
6.14850E+11	3.27274E-9	-1.03663E+2	-5.58055E-2	-2.29569E-1
6.15025E+11	2.19193E-9	5.95030E+0	2.00200E-1	2.08663E-2
6.15200E+11	2.05092E-9	1.06456E+2	-4.91819E-2	1.66505E-1
6.15375E+11	2.18826E-9	-1.60238E+2	-1.61092E-1	-5.78758E-2
6.15550E+11	1.87192E-9	-7.08708E+1	5.73948E-2	-1.65473E-1
6.15725E+11	3.43692E-9	1.32143E+1	1.58062E-1	3.71147E-2
6.15900E+11	2.99922E-9	9.65829E+1	-1.93655E-2	1.67810E-1
6.16075E+11	2.59905E-9	-1.59683E+2	-1.78309E-1	-6.60197E-2
6.16250E+11	3.57839E-9	-3.75398E+1	1.68780E-1	-1.29695E-1
6.16425E+11	4.94305E-9	1.00079E+2	-4.23038E-2	2.37988E-1
6.16600E+11	3.97836E-9	-1.21305E+2	-1.40335E-1	-2.30767E-1
6.16775E+11	3.96660E-9	8.76755E+0	2.48736E-1	3.83621E-2
6.16950E+11	5.56177E-9	1.26738E+2	-1.39220E-1	1.86522E-1
6.17125E+11	2.21566E-9	-1.25107E+2	-1.03345E-1	-1.47006E-1
6.17300E+11	1.51048E-9	-2.61625E+1	1.38115E-1	-6.78489E-2
6.17475E+11	1.69925E-9	8.74542E+1	7.03739E-3	1.58277E-1
6.17650E+11	1.77482E-9	-1.54815E+2	-1.60331E-1	-7.53959E-2
6.17825E+11	2.51555E-9	-3.90460E+1	1.45866E-1	-1.18314E-1
6.18000E+11	2.70917E-9	7.53928E+1	5.20987E-2	1.99907E-1
6.18175E+11	2.95086E-9	-1.75439E+2	-2.11228E-1	-1.68518E-2
6.18350E+11	4.14724E-9	-6.56634E+1	9.13956E-2	-2.02074E-1
6.18525E+11	2.74358E-9	4.59301E+1	1.47322E-1	1.52185E-1
6.18700E+11	1.90328E-9	1.52656E+2	-2.00780E-1	1.03825E-1
6.18875E+11	3.33689E-9	-9.65644E+1	-2.92055E-2	-2.53798E-1
6.19050E+11	5.22648E-9	1.20240E+1	2.80363E-1	5.97157E-2
6.19225E+11	3.27381E-9	1.16790E+2	-1.30740E-1	2.58932E-1
6.19400E+11	2.99048E-9	-1.42403E+2	-2.07694E-1	-1.59930E-1
6.19575E+11	4.19935E-9	-4.44487E+1	1.56384E-1	-1.53403E-1
6.19750E+11	2.41627E-9	6.66777E+1	8.12887E-2	1.88548E-1
6.19925E+11	2.24616E-9	-1.78839E+2	-1.80378E-1	-3.65676E-3
6.20100E+11	2.39628E-9	-7.01460E+1	6.49182E-2	-1.79786E-1
6.20275E+11	3.41331E-9	4.54749E+1	1.50989E-1	1.53513E-1
6.20450E+11	3.49518E-9	1.67112E+2	-2.18557E-1	5.00092E-2
6.20625E+11	4.00118E-9	-7.26776E+1	7.03997E-2	-2.25717E-1
6.20800E+11	4.22486E-9	5.28580E+1	1.44949E-1	1.91365E-1
6.20975E+11	3.60169E-9	-1.77968E+2	-2.37623E-1	-8.43102E-3
6.21150E+11	1.76747E-9	-4.62308E+1	1.46954E-1	-1.53407E-1
6.21325E+11	2.32315E-9	7.84508E+1	3.61078E-2	1.76699E-1
6.21500E+11	1.73700E-9	-1.71786E+2	-1.69754E-1	-2.45033E-2
6.21675E+11	1.85798E-9	-6.09054E+1	8.64048E-2	-1.55273E-1
6.21850E+11	2.08866E-9	4.97704E+1	1.21831E-1	1.44017E-1
6.22025E+11	1.83859E-9	1.65405E+2	-1.86337E-1	4.85209E-2
6.22200E+11	1.64206E-9	-7.86107E+1	3.82799E-2	-1.90030E-1
6.22375E+11	2.75371E-9	3.20728E+1	1.72900E-1	1.08346E-1
6.22550E+11	3.48193E-9	1.46024E+2	-1.67357E-1	1.12782E-1
6.22725E+11	1.47551E-9	-1.14870E+2	-7.34675E-2	-1.58486E-1
6.22900E+11	1.51753E-9	-2.80331E+1	1.66328E-1	-8.85617E-2
6.23075E+11	2.25273E-9	6.25515E+1	9.42720E-2	1.81493E-1
6.23250E+11	1.98534E-9	1.67284E+2	-2.23390E-1	5.04068E-2
6.23425E+11	3.96925E-9	-6.22431E+1	1.17477E-1	-2.23221E-1
6.23600E+11	3.32605E-9	6.98033E+1	7.59226E-2	2.06388E-1
6.23775E+11	1.59165E-9	-1.72031E+2	-1.92149E-1	-2.68997E-2
6.23950E+11	1.72441E-9	-6.94338E+1	5.82366E-2	-1.55214E-1
6.24125E+11	1.25629E-9	1.81401E+1	1.42798E-1	4.67843E-2
6.24300E+11	1.97762E-9	1.07148E+2	-5.55631E-2	1.80073E-1
6.24475E+11	3.38588E-9	-1.48695E+2	-1.88947E-1	-1.14902E-1
6.24650E+11	2.90405E-9	-3.84679E+1	1.87657E-1	-1.49097E-1
6.24825E+11	3.71507E-9	6.47291E+1	1.05253E-1	2.22957E-1
6.25000E+11	2.16491E-9	1.62865E+2	-2.37574E-1	7.32471E-2
6.25175E+11	3.26963E-9	-9.84134E+1	-3.99989E-2	-2.70433E-1
6.25350E+11	1.69737E-9	-2.10096E-1	2.33178E-1	-8.55034E-4
6.25525E+11	1.83712E-9	9.23834E+1	-8.14510E-3	1.95687E-1
6.25700E+11	1.01022E-9	-1.65563E+2	-2.10415E-1	-5.41697E-2
6.25875E+11	2.09802E-9	-5.70824E+1	1.16366E-1	-1.79754E-1
6.26050E+11	1.77774E-9	5.35428E+1	1.22849E-1	1.66280E-1
6.26225E+11	1.53139E-9	1.58331E+2	-1.76154E-1	6.99884E-2
6.26400E+11	1.67670E-9	-1.09323E+2	-5.58087E-2	-1.59156E-1
6.26575E+11	1.30225E-9	-1.37897E+1	1.58754E-1	-3.89635E-2
6.26750E+11	1.61750E-9	9.08439E+1	-2.37388E-3	1.61157E-1
6.26925E+11	8.64361E-10	-1.56238E+2	-1.35877E-1	-5.98203E-2
6.27100E+11	1.94056E-9	-3.11913E+1	1.41972E-1	-8.59518E-2
6.27275E+11	2.82001E-9	9.55299E+1	-1.76721E-2	1.82535E-1
6.27450E+11	4.98158E-9	-1.37369E+2	-1.52624E-1	-1.40495E-1
6.27625E+11	5.64571E-9	-7.49687E+0	2.34444E-1	-3.08521E-2
6.27800E+11	2.94484E-9	1.14264E+2	-9.17935E-2	2.03640E-1
6.27975E+11	5.78116E-9	-1.28138E+2	-1.39495E-1	-1.77661E-1
6.28150E+11	2.54207E-9	-1.55254E+1	1.76619E-1	-4.90651E-2
6.28325E+11	1.56972E-9	9.10213E+1	-2.88941E-3	1.62087E-1
6.28500E+11	2.39507E-9	-1.66605E+2	-1.71066E-1	-4.07384E-2
6.28675E+11	2.13135E-9	-6.67977E+1	7.48295E-2	-1.74571E-1
6.28850E+11	2.01117E-9	3.10561E+1	1.80195E-1	1.08512E-1
6.29025E+11	1.97035E-9	1.41209E+2	-1.79337E-1	1.44144E-1
6.29200E+11	2.36745E-9	-1.13472E+2	-8.02016E-2	-1.84695E-1
6.29375E+11	1.80195E-9	-4.16787E+0	2.18579E-1	-1.59282E-2
6.29550E+11	1.14659E-9	1.16393E+2	-8.85729E-2	1.78488E-1
6.29725E+11	1.89347E-9	-1.42986E+2	-1.59656E-1	-1.20369E-1
6.29900E+11	1.71226E-9	-3.76367E+1	1.74981E-1	-1.34932E-1
6.30075E+11	1.63825E-9	6.84693E+1	8.82280E-2	2.23628E-1
6.30250E+11	2.29163E-9	1.70231E+2	-2.67123E-1	4.59906E-2
6.30425E+11	3.62896E-9	-6.71856E+1	1.12023E-1	-2.66306E-1
6.30600E+11	2.10056E-9	4.90762E+1	1.63982E-1	1.89147E-1
6.30775E+11	2.36892E-9	1.67710E+2	-2.23801E-1	4.87540E-2
6.30950E+11	1.95770E-9	-8.21850E+1	2.52293E-2	-1.83821E-1
6.31125E+11	1.81936E-9	1.60476E+1	1.67232E-1	4.81035E-2
6.31300E+11	1.89103E-9	1.19095E+2	-9.03774E-2	1.62410E-1
6.31475E+11	2.66045E-9	-1.31408E+2	-1.27978E-1	-1.45121E-1
6.31650E+11	3.01326E-9	-1.79228E+1	1.78151E-1	-5.76195E-2
6.31825E+11	2.86238E-9	9.81265E+1	-2.55021E-2	1.78596E-1
6.32000E+11	3.00690E-9	-1.53086E+2	-1.55321E-1	-7.88466E-2
6.32175E+11	2.52834E-9	-3.75334E+1	1.41592E-1	-1.08778E-1
6.32350E+11	1.21782E-9	5.84716E+1	7.56785E-2	1.23359E-1
6.32525E+11	2.13982E-9	1.38912E+2	-1.16017E-1	1.01166E-1
6.32700E+11	1.91683E-9	-1.20278E+2	-8.70126E-2	-1.49035E-1
6.32875E+11	1.18417E-9	-1.40918E+1	1.87778E-1	-4.71380E-2
6.33050E+11	2.11887E-9	9.33976E+1	-1.17803E-2	1.98427E-1
6.33225E+11	2.17932E-9	-1.52924E+2	-1.85466E-1	-9.48105E-2
6.33400E+11	1.69226E-9	-5.75607E+1	9.92963E-2	-1.56229E-1
6.33575E+11	9.46131E-10	4.84441E+1	1.16993E-1	1.31977E-1
6.33750E+11	9.11835E-10	1.48833E+2	-1.28974E-1	7.80091E-2
6.33925E+11	9.15404E-10	-1.13898E+2	-6.85232E-2	-1.54648E-1
6.34100E+11	1.37892E-9	-5.08925E+0	1.83174E-1	-1.63132E-2
6.34275E+11	2.08590E-9	1.01344E+2	-3.70718E-2	1.84788E-1
6.34450E+11	2.09110E-9	-1.57365E+2	-1.96079E-1	-8.17605E-2
6.34625E+11	1.98456E-9	-5.23533E+1	1.31037E-1	-1.69868E-1
6.34800E+11	2.41231E-9	3.09171E+1	1.87902E-1	1.12533E-1
6.34975E+11	3.39047E-9	1.31414E+2	-1.44518E-1	1.63841E-1
6.35150E+11	2.43002E-9	-1.30693E+2	-1.24838E-1	-1.45172E-1
6.35325E+11	1.50556E-9	-3.58713E+1	1.52200E-1	-1.10058E-1
6.35500E+11	2.17349E-9	6.14428E+1	9.68295E-2	1.77914E-1
6.35675E+11	3.16334E-9	1.64695E+2	-2.10942E-1	5.77273E-2
6.35850E+11	3.03835E-9	-9.06413E+1	-2.64805E-3	-2.36563E-1
6.36025E+11	3.53473E-9	2.28792E+1	2.16648E-1	9.14231E-2
6.36200E+11	2.59827E-9	1.19799E+2	-1.07835E-1	1.88297E-1
6.36375E+11	1.76046E-9	-1.26195E+2	-1.11171E-1	-1.51923E-1
6.36550E+11	1.08258E-9	-2.25496E+1	1.48156E-1	-6.15186E-2
6.36725E+11	1.08580E-9	8.40426E+1	1.58663E-2	1.52045E-1
6.36900E+11	1.95544E-9	-1.64988E+2	-1.55653E-1	-4.17427E-2
6.37075E+11	2.36691E-9	-5.18014E+1	1.10377E-1	-1.40271E-1
6.37250E+11	3.46611E-9	6.41899E+1	8.19155E-2	1.69374E-1
6.37425E+11	2.62354E-9	-1.75575E+2	-1.90162E-1	-1.47169E-2
6.37600E+11	2.97185E-9	-6.54998E+1	7.34559E-2	-1.61183E-1
6.37775E+11	1.87458E-9	5.55851E+1	9.05114E-2	1.32115E-1
6.37950E+11	1.01239E-9	1.65073E+2	-1.26765E-1	3.37942E-2
6.38125E+11	1.71476E-9	-8.12716E+1	2.28865E-2	-1.49070E-1
6.38300E+11	2.22913E-9	4.60752E+1	1.20742E-1	1.25360E-1
6.38475E+11	2.19451E-9	1.73720E+2	-1.96498E-1	2.16257E-2
6.38650E+11	1.72637E-9	-6.23878E+1	9.04716E-2	-1.72967E-1
6.38825E+11	2.34292E-9	5.44848E+1	1.04017E-1	1.45744E-1
6.39000E+11	2.23551E-9	1.58045E+2	-1.72786E-1	6.96520E-2
6.39175E+11	1.72922E-9	-9.38468E+1	-1.13053E-2	-1.68134E-1
6.39350E+11	1.58028E-9	2.41279E+0	1.63587E-1	6.89291E-3
6.39525E+11	2.32202E-9	1.09350E+2	-6.33396E-2	1.80363E-1
6.39700E+11	2.86005E-9	-1.39393E+2	-1.54712E-1	-1.32637E-1
6.39875E+11	3.05051E-9	-2.76983E+1	1.91169E-1	-1.00359E-1
6.40050E+11	2.28193E-9	7.43363E+1	5.78254E-2	2.06222E-1
6.40225E+11	1.69426E-9	1.79405E+2	-1.89740E-1	1.96946E-3
6.40400E+11	2.49709E-9	-7.98744E+1	3.82560E-2	-2.14214E-1
6.40575E+11	1.73567E-9	3.35119E+1	1.75547E-1	1.16245E-1
6.40750E+11	1.81990E-9	1.47296E+2	-1.70037E-1	1.09180E-1
6.40925E+11	1.85329E-9	-9.82511E+1	-2.96104E-2	-2.04193E-1
6.41100E+11	1.34244E-9	1.98970E+1	1.87326E-1	6.78000E-2
6.41275E+11	1.29201E-9	1.26301E+2	-1.13536E-1	1.54553E-1
6.41450E+11	8.68155E-10	-1.37022E+2	-1.53726E-1	-1.43241E-1
6.41625E+11	1.32631E-9	-4.97057E+1	1.30460E-1	-1.53864E-1
6.41800E+11	1.47582E-9	5.44964E+1	1.23108E-1	1.72569E-1
6.41975E+11	9.80095E-10	1.66150E+2	-1.67367E-1	4.12643E-2
6.42150E+11	7.62751E-10	-9.86294E+1	-2.13197E-2	-1.40483E-1
6.42325E+11	8.85713E-10	-1.92822E+0	1.54969E-1	-5.21726E-3
6.42500E+11	1.14855E-9	1.00075E+2	-2.60540E-2	1.46634E-1
6.42675E+11	1.44800E-9	-1.55664E+2	-1.54627E-1	-6.99337E-2
6.42850E+11	2.06056E-9	-4.88913E+1	1.21811E-1	-1.39591E-1
6.43025E+11	2.69066E-9	5.03308E+1	1.13646E-1	1.37037E-1
6.43200E+11	2.25441E-9	1.48995E+2	-1.57694E-1	9.47714E-2
6.43375E+11	1.25591E-9	-1.11117E+2	-5.10222E-2	-1.32112E-1
6.43550E+11	1.06254E-9	-3.08297E+1	1.17766E-1	-7.02852E-2
6.43725E+11	1.48544E-9	6.73041E+1	6.54448E-2	1.56482E-1
6.43900E+11	1.61365E-9	1.73616E+2	-1.83486E-1	2.05283E-2
6.44075E+11	2.86480E-9	-7.87382E+1	3.91138E-2	-1.96427E-1
6.44250E+11	2.14599E-9	3.34771E+1	1.78085E-1	1.17769E-1
6.44425E+11	2.00408E-9	1.48604E+2	-1.61113E-1	9.83293E-2
6.44600E+11	1.36383E-9	-9.98651E+1	-3.03775E-2	-1.74683E-1
6.44775E+11	9.33535E-10	5.46455E+0	1.54286E-1	1.47598E-2
6.44950E+11	1.10382E-9	1.10686E+2	-6.04525E-2	1.60099E-1
6.45125E+11	1.23275E-9	-1.34415E+2	-1.31685E-1	-1.34401E-1
6.45300E+11	1.90273E-9	-2.41086E+1	2.01599E-1	-9.02159E-2
6.45475E+11	1.31932E-9	8.96483E+1	1.40878E-3	2.29490E-1
6.45650E+11	2.11167E-9	-1.62725E+2	-2.13867E-1	-6.65102E-2
6.45825E+11	1.27392E-9	-6.62738E+1	8.79070E-2	-2.00009E-1
6.46000E+11	1.27397E-9	3.83880E+1	1.98334E-1	1.57130E-1
6.46175E+11	1.54676E-9	1.47478E+2	-1.86936E-1	1.19190E-1
6.46350E+11	1.85115E-9	-1.09096E+2	-7.24076E-2	-2.09147E-1
6.46525E+11	1.33921E-9	-5.14279E-1	2.32558E-1	-2.08746E-3
6.46700E+11	1.69344E-9	1.10304E+2	-7.92202E-2	2.14112E-1
6.46875E+11	1.41087E-9	-1.44102E+2	-1.83920E-1	-1.33125E-1
6.47050E+11	2.27314E-9	-3.79050E+1	1.77541E-1	-1.38237E-1
6.47225E+11	2.20668E-9	7.07295E+1	6.95839E-2	1.99029E-1
6.47400E+11	3.53034E-9	1.75088E+2	-2.14295E-1	1.84164E-2
6.47575E+11	3.38448E-9	-7.67705E+1	4.24281E-2	-1.80475E-1
6.47750E+11	1.76015E-9	1.68292E+1	1.65752E-1	5.01356E-2
6.47925E+11	2.04018E-9	1.13188E+2	-6.85361E-2	1.60001E-1
6.48100E+11	1.79097E-9	-1.43318E+2	-1.54978E-1	-1.15441E-1
6.48275E+11	2.15455E-9	-3.09915E+1	1.75329E-1	-1.05313E-1
6.48450E+11	1.75818E-9	8.44883E+1	1.92501E-2	1.99492E-1
6.48625E+11	2.05796E-9	-1.56895E+2	-1.88223E-1	-8.03027E-2
6.48800E+11	1.11987E-9	-3.24545E+1	1.62580E-1	-1.03394E-1
6.48975E+11	1.00101E-9	8.26617E+1	1.95120E-2	1.51511E-1
6.49150E+11	5.58454E-10	-1.74169E+2	-1.41842E-1	-1.44843E-2
6.49325E+11	8.45017E-10	-6.46515E+1	6.73188E-2	-1.42102E-1
6.49500E+11	6.46758E-10	4.01944E+1	1.20730E-1	1.02004E-1
6.49675E+11	1.18605E-9	1.48225E+2	-1.50514E-1	9.32312E-2
6.49850E+11	6.01405E-10	-1.02969E+2	-3.63415E-2	-1.57804E-1
6.50025E+11	5.33751E-10	-1.08954E+0	1.41326E-1	-2.68779E-3
6.50200E+11	6.84440E-10	9.48715E+1	-1.13615E-2	1.33306E-1
6.50375E+11	5.23961E-10	-1.79040E+2	-1.23050E-1	-2.06138E-3
6.50550E+11	6.74524E-10	-9.82556E+1	-2.09562E-2	-1.44433E-1
6.50725E+11	1.03733E-9	3.43431E-1	1.81698E-1	1.08911E-3
6.50900E+11	1.28161E-9	1.08871E+2	-5.69424E-2	1.66591E-1
6.51075E+11	1.11395E-9	-1.51270E+2	-1.60286E-1	-8.78636E-2
6.51250E+11	1.02783E-9	-3.94241E+1	1.33938E-1	-1.10112E-1
6.51425E+11	5.15986E-10	5.70151E+1	8.40292E-2	1.29468E-1
6.51600E+11	3.85367E-10	1.63385E+2	-1.32233E-1	3.94584E-2
6.51775E+11	3.81093E-10	-9.92317E+1	-2.06149E-2	-1.26836E-1
6.51950E+11	3.96467E-10	-6.30509E-1	1.33554E-1	-1.46975E-3
6.52125E+11	5.39817E-10	9.73888E+1	-1.87764E-2	1.44792E-1
6.52300E+11	3.02406E-10	-1.61550E+2	-1.37996E-1	-4.60397E-2
6.52475E+11	3.85776E-10	-6.42155E+1	6.40026E-2	-1.32487E-1
6.52650E+11	4.39003E-10	2.57146E+1	1.36466E-1	6.57195E-2
6.52825E+11	5.75537E-10	1.16390E+2	-7.06585E-2	1.42406E-1
6.53000E+11	4.04642E-10	-1.46947E+2	-1.18596E-1	-7.71735E-2
6.53175E+11	3.00788E-10	-5.55057E+1	7.17276E-2	-1.04387E-1
6.53350E+11	2.49257E-10	3.32224E+1	1.04444E-1	6.84046E-2
6.53525E+11	3.82722E-10	1.32550E+2	-9.35949E-2	1.01963E-1
6.53700E+11	4.80091E-10	-1.23061E+2	-7.92531E-2	-1.21755E-1
6.53875E+11	7.01798E-10	-1.82007E+1	1.45130E-1	-4.77185E-2
6.54050E+11	9.94811E-10	7.91793E+1	2.73016E-2	1.42839E-1
6.54225E+11	8.88978E-10	1.75298E+2	-1.53203E-1	1.26014E-2
6.54400E+11	8.60192E-10	-7.53117E+1	3.86202E-2	-1.47334E-1
6.54575E+11	5.26058E-10	2.68962E+1	1.24230E-1	6.30149E-2
6.54750E+11	9.93774E-10	1.38241E+2	-1.19092E-1	1.06326E-1
6.54925E+11	1.21261E-9	-1.14404E+2	-7.66646E-2	-1.68975E-1
6.55100E+11	1.26500E-9	4.91725E+0	2.03545E-1	1.75117E-2
6.55275E+11	1.42407E-9	1.13600E+2	-8.47523E-2	1.93986E-1
6.55450E+11	1.64511E-9	-1.33929E+2	-1.52667E-1	-1.58482E-1
6.55625E+11	1.35967E-9	-1.67690E+1	2.02676E-1	-6.10716E-2
6.55800E+11	1.01362E-9	1.13420E+2	-7.09504E-2	1.63804E-1
6.55975E+11	3.99181E-10	-1.25487E+2	-8.31629E-2	-1.16648E-1
6.56150E+11	6.14401E-10	-1.15255E+1	1.46180E-1	-2.98084E-2
6.56325E+11	8.45121E-10	9.66899E+1	-1.98091E-2	1.68883E-1
6.56500E+11	7.55665E-10	-1.59153E+2	-1.77750E-1	-6.76880E-2
6.56675E+11	1.24348E-9	-6.43041E+1	8.73195E-2	-1.81470E-1
6.56850E+11	6.95811E-10	2.86472E+1	1.72486E-1	9.42267E-2
6.57025E+11	1.02848E-9	1.35144E+2	-1.66235E-1	1.65399E-1
6.57200E+11	1.41479E-9	-9.59629E+1	-2.23558E-2	-2.14033E-1
6.57375E+11	8.69463E-10	2.10047E+1	1.78244E-1	6.84381E-2
6.57550E+11	9.90487E-10	1.44508E+2	-1.59944E-1	1.14052E-1
6.57725E+11	1.70475E-9	-9.67923E+1	-2.35328E-2	-1.97579E-1
6.57900E+11	1.50558E-9	1.85379E+1	1.89854E-1	6.36640E-2
6.58075E+11	1.83957E-9	1.32305E+2	-1.28998E-1	1.41743E-1
6.58250E+11	1.12763E-9	-1.09021E+2	-5.04886E-2	-1.46454E-1
6.58425E+11	7.59830E-10	6.83363E-1	1.27809E-1	1.52445E-3
6.58600E+11	5.49538E-10	1.17420E+2	-4.77690E-2	9.20778E-2
6.58775E+11	5.30309E-10	-1.38481E+2	-7.25643E-2	-6.42413E-2
6.58950E+11	4.46753E-10	-2.77474E+1	8.98617E-2	-4.72733E-2
6.59125E+11	5.54814E-10	7.62958E+1	2.57157E-2	1.05456E-1
6.59300E+11	3.63437E-10	-1.79582E+2	-1.07058E-1	-7.80135E-4
6.59475E+11	3.55715E-10	-7.05767E+1	3.25945E-2	-9.24372E-2
6.59650E+11	3.57779E-10	3.42893E+1	7.67783E-2	5.23536E-2
6.59825E+11	2.72248E-10	1.50104E+2	-7.98361E-2	4.58999E-2
6.60000E+11	2.32009E-10	-9.94444E+1	-1.40096E-2	-8.42208E-2
6.60175E+11	2.08008E-10	4.26282E+0	9.50300E-2	7.08333E-3
6.60350E+11	1.99965E-10	9.48834E+1	-7.47354E-3	8.74727E-2
6.60525E+11	2.63827E-10	-1.67342E+2	-9.15159E-2	-2.05530E-2
6.60700E+11	2.00227E-10	-6.88746E+1	3.00484E-2	-7.77694E-2
6.60875E+11	1.75235E-10	4.31776E+1	5.69138E-2	5.34037E-2
6.61050E+11	1.63161E-10	1.42859E+2	-6.41777E-2	4.86102E-2
6.61225E+11	1.74567E-10	-9.98516E+1	-1.60737E-2	-9.25595E-2
6.61400E+11	2.59601E-10	7.37340E+0	1.08913E-1	1.40939E-2
6.61575E+11	2.33495E-10	1.14225E+2	-4.24963E-2	9.44492E-2
6.61750E+11	3.03006E-10	-1.40852E+2	-8.64001E-2	-7.03351E-2
6.61925E+11	3.27752E-10	-2.97351E+1	1.09680E-1	-6.26493E-2
6.62100E+11	3.84640E-10	9.26755E+1	-5.79652E-3	1.24043E-1
6.62275E+11	3.01448E-10	-1.47832E+2	-1.06392E-1	-6.69149E-2
6.62450E+11	4.27682E-10	-2.84166E+1	1.08624E-1	-5.87734E-2
6.62625E+11	2.98060E-10	9.36161E+1	-6.41938E-3	1.01577E-1
6.62800E+11	1.86850E-10	-1.67656E+2	-8.41882E-2	-1.84237E-2
6.62975E+11	1.86998E-10	-7.12918E+1	2.80227E-2	-8.27505E-2
6.63150E+11	2.19622E-10	2.83179E+1	8.43571E-2	4.54556E-2
6.63325E+11	2.77232E-10	1.46157E+2	-8.54312E-2	5.72841E-2
6.63500E+11	4.07031E-10	-1.12260E+2	-4.36629E-2	-1.06672E-1
6.63675E+11	5.41094E-10	-4.32208E+0	1.27757E-1	-9.65563E-3
6.63850E+11	4.87686E-10	9.34177E+1	-8.12753E-3	1.36092E-1
6.64025E+11	7.49730E-10	-1.65242E+2	-1.46675E-1	-3.86383E-2
6.64200E+11	5.67713E-10	-5.60794E+1	7.41549E-2	-1.10269E-1
6.64375E+11	3.96638E-10	5.09423E+1	8.48262E-2	1.04536E-1
6.64550E+11	5.04853E-10	1.69966E+2	-1.46456E-1	2.59135E-2
6.64725E+11	7.44882E-10	-7.51676E+1	3.77985E-2	-1.42735E-1
6.64900E+11	4.79034E-10	2.99572E+1	1.25363E-1	7.22538E-2
6.65075E+11	3.28692E-10	1.22735E+2	-6.89070E-2	1.07191E-1
6.65250E+11	3.47545E-10	-1.41681E+2	-9.20059E-2	-7.27102E-2
6.65425E+11	4.09681E-10	-3.98768E+1	8.54613E-2	-7.13981E-2
6.65600E+11	3.04893E-10	8.64375E+1	6.66350E-3	1.07031E-1
6.65775E+11	4.62712E-10	-1.40572E+2	-9.98124E-2	-8.20682E-2
6.65950E+11	7.03509E-10	-1.59055E+1	1.50879E-1	-4.29948E-2
6.66125E+11	1.26420E-9	1.01255E+2	-3.87806E-2	1.94869E-1
6.66300E+11	1.73862E-9	-1.51598E+2	-1.78184E-1	-9.63528E-2
6.66475E+11	9.24304E-10	-5.58329E+1	1.08015E-1	-1.59136E-1
6.66650E+11	1.80823E-9	5.03800E+1	1.31965E-1	1.59405E-1
6.66825E+11	1.18697E-9	1.78544E+2	-2.01100E-1	5.11216E-3
6.67000E+11	9.06024E-10	-5.34261E+1	9.73032E-2	-1.31144E-1
6.67175E+11	8.49939E-10	7.06084E+1	5.30154E-2	1.50615E-1
6.67350E+11	7.56614E-10	1.79918E+2	-1.55259E-1	2.22036E-4
6.67525E+11	6.52638E-10	-9.32087E+1	-8.47947E-3	-1.51255E-1
6.67700E+11	7.76390E-10	-1.31456E+1	1.41950E-1	-3.31519E-2
6.67875E+11	3.02737E-10	6.83294E+1	4.85999E-2	1.22309E-1
6.68050E+11	6.90114E-10	1.78049E+2	-1.59156E-1	5.42261E-3
6.68225E+11	6.18726E-10	-5.14111E+1	9.33297E-2	-1.16958E-1
6.68400E+11	5.25451E-10	7.45621E+1	3.93283E-2	1.42412E-1
6.68575E+11	5.81901E-10	-1.67700E+2	-1.35251E-1	-2.94888E-2
6.68750E+11	5.33763E-10	-6.57658E+1	5.65236E-2	-1.25570E-1
6.68925E+11	5.38386E-10	3.07182E+1	1.15720E-1	6.87593E-2
6.69100E+11	2.53667E-10	1.42430E+2	-9.43339E-2	7.25678E-2
6.69275E+11	3.88371E-10	-8.69198E+1	5.63060E-3	-1.04636E-1
6.69450E+11	3.17460E-10	4.90492E+1	6.44849E-2	7.43101E-2
6.69625E+11	1.51161E-10	1.76392E+2	-6.97996E-2	4.40153E-3
6.69800E+11	1.27900E-10	-8.74437E+1	2.80623E-3	-6.28556E-2
6.69975E+11	1.72452E-10	-7.17696E+0	6.30781E-2	-7.94285E-3
6.70150E+11	1.28299E-10	5.94080E+1	3.08545E-2	5.21888E-2
6.70325E+11	1.20015E-10	1.47696E+2	-5.71827E-2	3.61549E-2
6.70500E+11	1.50766E-10	-1.05037E+2	-1.93412E-2	-7.19982E-2
6.70675E+11	8.72863E-11	4.46284E+1	5.45855E-2	5.38821E-2
6.70850E+11	1.42834E-10	-1.78870E+2	-7.57894E-2	-1.49484E-3
6.71025E+11	8.06838E-11	-6.93554E+1	2.48041E-2	-6.58347E-2
6.71200E+11	9.62319E-11	1.85503E+1	5.66264E-2	1.90022E-2
6.71375E+11	6.86593E-11	9.51836E+1	-5.62411E-3	6.19949E-2
6.71550E+11	3.95379E-11	1.77587E+2	-5.00536E-2	2.10902E-3
6.71725E+11	4.79444E-11	-5.76774E+1	3.43962E-2	-5.43619E-2
6.71900E+11	3.89970E-11	7.56433E+1	1.42006E-2	5.54818E-2
6.72075E+11	5.92658E-11	-1.58013E+2	-6.19849E-2	-2.50268E-2
6.72250E+11	7.00427E-11	-4.15626E+1	4.81606E-2	-4.27029E-2
6.72425E+11	5.25657E-11	5.08044E+1	4.27491E-2	5.24238E-2
6.72600E+11	7.03177E-11	1.32454E+2	-5.13555E-2	5.61342E-2
6.72775E+11	7.09838E-11	-1.20775E+2	-4.26644E-2	-7.16398E-2
6.72950E+11	1.00112E-10	1.29181E+0	9.89780E-2	2.23198E-3
6.73125E+11	1.68640E-10	1.50010E+2	-8.77617E-2	5.06490E-2
6.73300E+11	2.38220E-10	-6.97768E+1	3.71906E-2	-1.00955E-1
6.73475E+11	1.40913E-10	5.42087E+1	5.67027E-2	7.86454E-2
6.73650E+11	1.91118E-10	1.52647E+2	-9.23264E-2	4.77611E-2
6.73825E+11	1.13192E-10	-1.11946E+2	-3.07098E-2	-7.62159E-2
6.74000E+11	1.33532E-10	-2.68073E+1	8.04262E-2	-4.06392E-2
6.74175E+11	2.08968E-10	8.40503E+1	9.94080E-3	9.53861E-2
6.74350E+11	3.48936E-10	-1.42210E+2	-1.03205E-1	-8.00262E-2
6.74525E+11	5.04317E-10	-1.39924E+1	1.42203E-1	-3.54352E-2
6.74700E+11	5.53304E-10	1.11056E+2	-5.97989E-2	1.55329E-1
6.74875E+11	4.51601E-10	-1.39745E+2	-1.34718E-1	-1.14069E-1
6.75050E+11	4.72058E-10	-2.96967E+1	1.44393E-1	-8.23496E-2
6.75225E+11	6.63784E-10	8.53274E+1	1.29753E-2	1.58751E-1
6.75400E+11	5.43326E-10	-1.47965E+2	-1.32547E-1	-8.29367E-2
6.75575E+11	5.56657E-10	-1.34609E+1	1.57580E-1	-3.77179E-2
6.75750E+11	4.39382E-10	1.12272E+2	-6.03689E-2	1.47398E-1
6.75925E+11	4.29171E-10	-1.35040E+2	-1.08398E-1	-1.08247E-1
6.76100E+11	5.73266E-10	-2.70467E+1	1.39291E-1	-7.11153E-2
6.76275E+11	4.63946E-10	6.91637E+1	5.09263E-2	1.33809E-1
6.76450E+11	3.21159E-10	1.69623E+2	-1.24587E-1	2.28135E-2
6.76625E+11	3.67652E-10	-7.48405E+1	3.47274E-2	-1.28176E-1
6.76800E+11	4.99163E-10	3.69535E+1	1.18491E-1	8.91389E-2
6.76975E+11	7.41517E-10	1.45762E+2	-1.55491E-1	1.05821E-1
6.77150E+11	1.10447E-9	-1.07987E+2	-6.42991E-2	-1.98041E-1
6.77325E+11	1.36032E-9	-9.67734E-6	2.27272E-1	-3.83866E-8
6.77500E+11	1.23756E-9	1.04735E+2	-5.47605E-2	2.08217E-1
6.77675E+11	7.98559E-10	-1.40451E+2	-1.41181E-1	-1.16584E-1
6.77850E+11	7.29093E-10	-2.13283E+1	1.50756E-1	-5.88630E-2
6.78025E+11	4.96276E-10	8.48887E+1	1.28877E-2	1.44083E-1
6.78200E+11	4.52913E-10	-1.69623E+2	-1.53430E-1	-2.80966E-2
6.78375E+11	4.28201E-10	-7.09233E+1	4.82716E-2	-1.39583E-1
6.78550E+11	2.94420E-10	3.01292E+1	1.26460E-1	7.33922E-2
6.78725E+11	2.10012E-10	1.47423E+2	-1.10966E-1	7.09021E-2
6.78900E+11	1.50875E-10	-1.01352E+2	-2.59062E-2	-1.29033E-1
6.79075E+11	2.59720E-10	2.47511E+1	1.38571E-1	6.38853E-2
6.79250E+11	2.33734E-10	1.63910E+2	-1.38886E-1	4.00620E-2
6.79425E+11	1.07343E-10	-9.33567E+1	-6.12562E-3	-1.04439E-1
6.79600E+11	1.30306E-10	-1.07659E+1	1.07213E-1	-2.03857E-2
6.79775E+11	1.30142E-10	9.22803E+1	-5.19258E-3	1.30405E-1
6.79950E+11	9.74775E-11	-1.67436E+2	-1.13675E-1	-2.53342E-2
6.80125E+11	8.15993E-11	-4.12890E+1	9.19103E-2	-8.07140E-2
6.80300E+11	7.86483E-11	9.08225E+1	-1.62211E-3	1.12985E-1
6.80475E+11	6.48709E-11	-1.49250E+2	-1.03619E-1	-6.16483E-2
6.80650E+11	6.48748E-11	-4.48319E+1	7.25895E-2	-7.21648E-2
6.80825E+11	4.58259E-11	1.94464E+1	9.01281E-2	3.18212E-2
6.81000E+11	7.35687E-11	8.81528E+1	3.65149E-3	1.13222E-1
6.81175E+11	5.47253E-11	1.67331E+2	-1.04530E-1	2.34978E-2
6.81350E+11	1.05835E-10	-6.50175E+1	5.46095E-2	-1.17204E-1
6.81525E+11	1.01676E-10	7.55630E+1	2.51769E-2	9.77950E-2
6.81700E+11	5.98375E-11	-1.60523E+2	-8.99460E-2	-3.18104E-2
6.81875E+11	1.21887E-10	-6.02250E+1	5.71960E-2	-9.99711E-2
6.82050E+11	8.57771E-11	9.56931E+0	8.66079E-2	1.46009E-2
6.82225E+11	9.89851E-11	7.34695E+1	2.62746E-2	8.85283E-2
6.82400E+11	1.19544E-10	1.57125E+2	-8.63792E-2	3.64443E-2
6.82575E+11	6.03214E-11	-1.03089E+2	-2.38179E-2	-1.02442E-1
6.82750E+11	1.07023E-10	1.53954E+1	1.03909E-1	2.86124E-2
6.82925E+11	1.61899E-10	1.50098E+2	-1.04326E-1	5.99940E-2
6.83100E+11	1.22108E-10	-9.53298E+1	-1.11038E-2	-1.19021E-1
6.83275E+11	1.64677E-10	-1.12611E+1	1.20032E-1	-2.39000E-2
6.83450E+11	1.59019E-10	5.78015E+1	6.45300E-2	1.02478E-1
6.83625E+11	1.10238E-10	1.29035E+2	-7.74779E-2	9.55588E-2
6.83800E+11	1.43828E-10	-1.47601E+2	-1.19148E-1	-7.56104E-2
6.83975E+11	1.76021E-10	-3.16312E+1	1.38551E-1	-8.53409E-2
6.84150E+11	2.65243E-10	8.64586E+1	1.12981E-2	1.82558E-1
6.84325E+11	3.68814E-10	-1.57307E+2	-1.76891E-1	-7.39712E-2
6.84500E+11	2.33585E-10	-5.24787E+1	1.16334E-1	-1.51492E-1
6.84675E+11	3.91354E-10	4.54101E+1	1.38570E-1	1.40567E-1
6.84850E+11	2.95018E-10	1.51370E+2	-1.62905E-1	8.89301E-2
6.85025E+11	3.10174E-10	-1.12029E+2	-6.94306E-2	-1.71599E-1
6.85200E+11	4.76927E-10	8.44977E+0	1.89842E-1	2.82019E-2
6.85375E+11	5.36910E-10	1.34475E+2	-1.39379E-1	1.41957E-1
6.85550E+11	3.88983E-10	-1.13500E+2	-7.44712E-2	-1.71274E-1
6.85725E+11	4.32337E-10	-8.37752E+0	2.04164E-1	-3.00664E-2
6.85900E+11	4.72315E-10	8.94482E+1	1.85875E-3	1.93011E-1
6.86075E+11	3.56804E-10	-1.74301E+2	-1.80795E-1	-1.80415E-2
6.86250E+11	1.90016E-10	-6.29819E+1	8.11697E-2	-1.59180E-1
6.86425E+11	2.09259E-10	4.99761E+1	1.35490E-1	1.61333E-1
6.86600E+11	3.61208E-10	1.77154E+2	-2.15338E-1	1.07045E-2
6.86775E+11	2.84770E-10	-6.64439E+1	8.69399E-2	-1.99414E-1
6.86950E+11	4.01770E-10	3.21758E+1	1.89232E-1	1.19054E-1
6.87125E+11	1.77484E-10	1.21691E+2	-1.18702E-1	1.92265E-1
6.87300E+11	2.84853E-10	-1.49604E+2	-2.51953E-1	-1.47798E-1
6.87475E+11	2.22818E-10	-3.01974E+1	2.99716E-1	-1.74421E-1
6.87650E+11	9.29617E-11	8.67920E+1	1.58891E-2	2.83492E-1
6.87825E+11	1.48173E-10	-1.59396E+2	-2.58685E-1	-9.72537E-2
6.88000E+11	9.03494E-11	-4.80391E+1	1.50609E-1	-1.67498E-1
6.88175E+11	1.32548E-10	6.55526E+1	1.05458E-1	2.31970E-1
6.88350E+11	9.96493E-11	1.68828E+2	-2.36368E-1	4.66812E-2
6.88525E+11	1.08435E-10	-6.94684E+1	7.70064E-2	-2.05617E-1
6.88700E+11	7.00252E-11	3.13075E+1	1.55462E-1	9.45506E-2
6.88875E+11	4.37381E-11	1.29183E+2	-9.08803E-2	1.11498E-1
6.89050E+11	2.07813E-11	-1.09254E+2	-4.61227E-2	-1.32048E-1
6.89225E+11	1.78927E-11	-1.56338E+1	1.32006E-1	-3.69406E-2
6.89400E+11	3.78301E-11	9.83235E+1	-3.04443E-2	2.08090E-1
6.89575E+11	2.68275E-11	-1.30212E+2	-9.90457E-2	-1.17157E-1
6.89750E+11	2.70187E-11	-3.10804E+1	1.11846E-1	-6.74175E-2
6.89925E+11	8.99936E-12	1.16550E+2	-4.38516E-2	8.77594E-2
6.90100E+11	1.01680E-11	-1.15971E+2	-3.38671E-2	-6.95283E-2
6.90275E+11	1.80328E-11	-2.58695E+1	8.88890E-2	-4.31038E-2
6.90450E+11	1.12490E-11	1.00068E+2	-1.68986E-2	9.51746E-2
6.90625E+11	1.61595E-11	-1.76881E+2	-1.39541E-1	-7.60307E-3
6.90800E+11	1.39460E-12	-7.27245E+1	1.03810E-2	-3.33799E-2
6.90975E+11	1.77712E-11	6.98563E+1	3.27347E-2	8.92408E-2
6.91150E+11	9.98728E-12	-1.63344E+2	-5.67033E-2	-1.69649E-2
6.91325E+11	3.53737E-12	-3.21663E+1	2.84484E-2	-1.78916E-2
6.91500E+11	7.71219E-12	3.90278E+1	5.32678E-2	4.31782E-2
6.91675E+11	5.10320E-12	1.74278E+2	-5.35276E-2	5.36330E-3
6.91850E+11	1.03317E-11	-1.00551E+2	-1.70740E-2	-9.16703E-2
6.92025E+11	4.52664E-12	2.08248E+1	5.14840E-2	1.95824E-2
6.92200E+11	1.81744E-12	9.86543E+1	-7.25439E-3	4.76619E-2
6.92375E+11	3.38050E-12	-1.21149E+2	-2.55362E-2	-4.22499E-2
6.92550E+11	1.22917E-11	3.93767E+1	5.58008E-2	4.57973E-2
6.92725E+11	9.31343E-12	1.67979E+2	-4.17110E-2	8.88188E-3
6.92900E+11	8.91390E-12	-4.98582E+1	3.22298E-2	-3.82175E-2
6.93075E+11	6.89226E-12	2.80443E+1	3.55057E-2	1.89140E-2
6.93250E+11	7.29535E-12	1.07780E+2	-1.42695E-2	4.44988E-2
6.93425E+11	2.49214E-12	-1.14336E+2	-9.77267E-3	-2.16076E-2
6.93600E+11	7.01309E-12	-3.02578E+1	2.88339E-2	-1.68207E-2
6.93775E+11	9.81546E-12	1.30607E+2	-2.71697E-2	3.16919E-2
6.93950E+11	1.42592E-11	-7.87077E+1	1.01836E-2	-5.09996E-2
6.94125E+11	1.15975E-11	4.32133E+1	3.62432E-2	3.40505E-2
6.94300E+11	7.25795E-12	1.37761E+2	-2.97595E-2	2.70209E-2
6.94475E+11	7.01313E-12	-1.38056E+2	-2.93751E-2	-2.63974E-2
6.94650E+11	1.26986E-11	-5.54371E+1	2.87003E-2	-4.16612E-2
6.94825E+11	1.99909E-11	5.69416E+1	3.22349E-2	4.95268E-2
6.95000E+11	7.52784E-12	1.71239E+2	-4.61890E-2	7.11823E-3
6.95175E+11	1.89965E-11	-2.78872E+1	6.74954E-2	-3.57177E-2
6.95350E+11	2.26588E-11	1.10274E+2	-2.88860E-2	7.81992E-2
6.95525E+11	2.18281E-11	-1.15178E+2	-3.48353E-2	-7.41018E-2
6.95700E+11	1.52177E-11	-4.12158E+0	7.83073E-2	-5.64278E-3
6.95875E+11	1.27240E-11	1.03451E+2	-1.77499E-2	7.42135E-2
6.96050E+11	1.77743E-11	-1.32412E+2	-5.96753E-2	-6.53257E-2
6.96225E+11	1.97466E-11	6.53045E+0	8.35645E-2	9.56597E-3
6.96400E+11	9.99446E-12	1.42905E+2	-5.23001E-2	3.95467E-2
6.96575E+11	1.46618E-11	-9.10580E+1	-1.27178E-3	-6.88639E-2
6.96750E+11	1.65074E-11	5.13736E+0	6.88337E-2	6.18849E-3
6.96925E+11	7.62775E-12	1.01879E+2	-1.19746E-2	5.69280E-2
6.97100E+11	9.87432E-12	-1.45697E+2	-5.75307E-2	-3.92496E-2
6.97275E+11	6.12399E-12	-1.40085E+1	5.92507E-2	-1.47822E-2
6.97450E+11	2.25704E-12	9.95832E+1	-5.28306E-3	3.12912E-2
6.97625E+11	1.58171E-12	-1.48036E+2	-3.13415E-2	-1.95567E-2
6.97800E+11	3.72870E-12	-2.71480E+1	6.26157E-2	-3.21083E-2
6.97975E+11	9.80890E-13	6.24042E+1	1.60972E-2	3.07966E-2
6.98150E+11	2.36675E-12	-1.42893E+2	-3.48819E-2	-2.63876E-2
6.98325E+11	2.07993E-12	-1.03648E+2	-1.14084E-2	-4.69853E-2
6.98500E+11	4.26800E-12	-6.96545E+0	5.67791E-2	-6.93684E-3
6.98675E+11	1.12026E-12	1.41495E+2	-3.04061E-2	2.41900E-2
6.98850E+11	8.73451E-13	-9.71945E+1	-6.19350E-3	-4.90645E-2
6.99025E+11	3.73013E-12	5.69300E+0	9.97991E-2	9.94897E-3
6.99200E+11	2.10694E-12	8.33250E+1	6.10533E-3	5.21688E-2
6.99375E+11	7.40725E-13	-7.67156E+1	5.73267E-3	-2.42804E-2
6.99550E+11	9.47888E-13	-8.07989E+1	4.17833E-3	-2.57946E-2
6.99725E+11	7.01299E-13	-9.41918E+0	2.02540E-2	-3.35999E-3
6.99900E+11	2.88743E-13	-2.17214E+0	1.13532E-2	-4.30618E-4
7.00075E+11	3.00549E-13	-1.57560E+2	-1.11560E-2	-4.60719E-3
7.00250E+11	2.65834E-12	-4.09934E+1	3.28011E-2	-2.85069E-2
7.00425E+11	8.50096E-13	2.05985E+1	1.84895E-2	6.94918E-3
7.00600E+11	8.60593E-13	6.53271E+1	1.25044E-2	2.72205E-2
7.00775E+11	4.74435E-13	-1.17721E+2	-8.31298E-3	-1.58200E-2
7.00950E+11	3.09941E-12	-1.22199E+2	-2.67964E-2	-4.25543E-2
7.01125E+11	2.71499E-12	5.03056E+1	2.10725E-2	2.53870E-2
7.01300E+11	3.50784E-13	1.92263E+1	1.13856E-2	3.97077E-3
7.01475E+11	1.40406E-13	-1.08214E+2	-2.41366E-3	-7.33521E-3
7.01650E+11	3.35726E-13	-1.62794E+2	-9.83444E-3	-3.04531E-3
7.01825E+11	1.73796E-12	7.09927E+0	2.18177E-2	2.71726E-3
7.02000E+11	6.88219E-14	-1.47381E+2	-3.80898E-3	-2.43774E-3
7.02175E+11	8.90964E-12	-9.62737E+1	-5.59062E-3	-5.08530E-2
7.02350E+11	3.49960E-12	4.31508E+1	2.23938E-2	2.09930E-2
7.02525E+11	1.57313E-12	1.32354E+2	-1.55301E-2	1.70352E-2
7.02700E+11	1.32154E-12	-1.16597E+2	-9.55659E-3	-1.90868E-2
7.02875E+11	9.50723E-12	-5.51685E+1	2.74906E-2	-3.95075E-2
7.03050E+11	4.76942E-13	7.17153E+1	4.04373E-3	1.22381E-2
7.03225E+11	1.91532E-12	-1.58021E+2	-2.06637E-2	-8.34006E-3
7.03400E+11	1.33877E-11	-4.34481E+1	4.20515E-2	-3.98331E-2
7.03575E+11	1.18791E-11	7.29280E+1	1.44121E-2	4.69287E-2
7.03750E+11	2.19571E-11	1.74237E+2	-5.91491E-2	5.96914E-3
7.03925E+11	2.19542E-11	-9.62911E+1	-7.91359E-3	-7.17825E-2
7.04100E+11	4.39262E-11	-9.20680E+0	8.37705E-2	-1.35781E-2
7.04275E+11	4.43418E-11	7.83018E+1	1.72848E-2	8.34786E-2
7.04450E+11	5.90787E-11	-1.70953E+2	-9.10094E-2	-1.44914E-2
7.04625E+11	7.00540E-11	-4.58278E+1	7.41031E-2	-7.62758E-2
7.04800E+11	9.16428E-11	8.16355E+1	1.82063E-2	1.23823E-1
7.04975E+11	6.32392E-11	-1.62913E+2	-9.73008E-2	-2.99104E-2
7.05150E+11	6.80111E-11	-6.93446E+1	3.34579E-2	-8.87529E-2
7.05325E+11	3.87083E-11	2.18081E+1	9.74701E-2	3.90013E-2
7.05500E+11	7.05552E-11	1.27496E+2	-7.23859E-2	9.43501E-2
7.05675E+11	5.15545E-11	-1.18336E+2	-4.57266E-2	-8.47958E-2
7.05850E+11	4.82460E-11	2.34916E+0	1.23777E-1	5.07778E-3
7.06025E+11	5.79790E-11	1.11907E+2	-4.48771E-2	1.11594E-1
7.06200E+11	5.22100E-11	-1.35331E+2	-1.14953E-1	-1.13633E-1
7.06375E+11	4.40957E-11	-3.21727E+1	1.37303E-1	-8.63732E-2
7.06550E+11	8.66871E-11	7.66683E+1	4.37324E-2	1.84545E-1
7.06725E+11	4.52196E-11	-1.44936E+2	-1.54677E-1	-1.08564E-1
7.06900E+11	3.81539E-11	3.52313E+0	1.80685E-1	1.11244E-2
7.07075E+11	1.09451E-11	1.48475E+2	-1.09284E-1	6.70339E-2
7.07250E+11	1.77971E-11	-1.34270E+2	-9.32184E-2	-9.56237E-2
7.07425E+11	1.41319E-11	-2.16760E+1	1.16279E-1	-4.62165E-2
7.07600E+11	2.02249E-11	8.20452E+1	1.60171E-2	1.14624E-1
7.07775E+11	1.31477E-11	1.51290E+2	-1.06290E-1	5.82151E-2
7.07950E+11	2.46267E-11	-9.43795E+1	-1.09370E-2	-1.42807E-1
7.08125E+11	1.13830E-11	5.52658E+1	6.49866E-2	9.37330E-2
7.08300E+11	1.20347E-11	1.73792E+2	-1.07642E-1	1.17092E-2
7.08475E+11	4.25973E-12	-3.98417E+1	6.15910E-2	-5.13917E-2
7.08650E+11	1.13773E-11	1.94793E+1	1.20076E-1	4.24722E-2
7.08825E+11	8.60669E-12	1.03722E+2	-3.24621E-2	1.32942E-1
7.09000E+11	6.55865E-12	1.62454E+2	-1.05922E-1	3.34896E-2
7.09175E+11	7.38585E-12	-9.05884E+1	-1.16668E-3	-1.13609E-1
7.09350E+11	1.52046E-11	3.64738E+1	1.20199E-1	8.88577E-2
7.09525E+11	3.41743E-12	1.64027E+2	-5.64716E-2	1.61641E-2
7.09700E+11	1.34548E-11	-5.44868E+1	6.65309E-2	-9.32273E-2
7.09875E+11	3.28243E-12	4.68771E+1	3.32615E-2	3.55156E-2
7.10050E+11	3.45123E-12	6.46209E+1	2.57210E-2	5.42192E-2
7.10225E+11	2.85608E-12	1.43698E+2	-3.90613E-2	2.86955E-2
7.10400E+11	6.75662E-12	-1.20270E+2	-3.71268E-2	-6.36116E-2
7.10575E+11	7.15866E-12	-1.06108E+1	9.23355E-2	-1.72982E-2
7.10750E+11	1.19574E-11	1.31116E+2	-6.81115E-2	7.80339E-2
7.10925E+11	4.64335E-12	-9.13582E+1	-1.39960E-3	-5.90325E-2
7.11100E+11	1.74757E-12	1.83886E+1	4.12663E-2	1.37184E-2
7.11275E+11	7.11921E-13	1.14652E+2	-1.12949E-2	2.46109E-2
7.11450E+11	5.84950E-12	-1.47555E+2	-5.17778E-2	-3.29156E-2
7.11625E+11	1.75977E-12	-8.23667E+1	5.53195E-3	-4.12771E-2
7.11800E+11	4.80061E-12	5.73989E+1	3.10117E-2	4.84896E-2
7.11975E+11	1.38333E-11	1.66929E+2	-9.49730E-2	2.20498E-2
7.12150E+11	6.39743E-12	-1.10235E+2	-2.25449E-2	-6.11608E-2
7.12325E+11	7.23149E-13	1.46546E+0	2.21427E-2	5.66470E-4
7.12500E+11	6.29623E-12	1.28595E+2	-3.32048E-2	4.16024E-2
7.12675E+11	5.76300E-12	-1.19432E+2	-3.30314E-2	-5.85452E-2
7.12850E+11	1.32682E-11	-2.17663E+0	1.05806E-1	-4.02141E-3
7.13025E+11	7.74313E-12	1.21060E+2	-4.86704E-2	8.08084E-2
7.13200E+11	2.14416E-11	-1.34290E+2	-9.33761E-2	-9.57208E-2
7.13375E+11	1.60851E-11	-2.01756E+1	1.22123E-1	-4.48734E-2
7.13550E+11	1.88524E-11	8.36354E+1	1.95480E-2	1.75251E-1
7.13725E+11	2.44788E-11	1.61858E+2	-1.92981E-1	6.32309E-2
7.13900E+11	2.13738E-11	-1.06485E+2	-5.04370E-2	-1.70433E-1
7.14075E+11	9.53615E-12	2.31558E+1	1.47621E-1	6.31354E-2
7.14250E+11	4.37007E-11	1.48912E+2	-2.36728E-1	1.42737E-1
7.14425E+11	4.08901E-11	-7.61674E+1	7.52335E-2	-3.05545E-1
7.14600E+11	2.48023E-11	3.97030E+1	3.19481E-1	2.65267E-1
7.14775E+11	5.55311E-11	1.49212E+2	-4.46717E-1	2.66174E-1
7.14950E+11	4.46586E-11	-1.01860E+2	-9.97123E-2	-4.74823E-1
7.15125E+11	6.56474E-11	1.15598E+1	6.08438E-1	1.24450E-1
7.15300E+11	3.32907E-11	1.13461E+2	-2.17407E-1	5.00927E-1
7.15475E+11	5.65527E-11	-1.12096E+2	-2.67129E-1	-6.57981E-1
7.15650E+11	4.00326E-11	6.93300E+0	5.89124E-1	7.16362E-2
7.15825E+11	2.35570E-11	1.30353E+2	-3.11543E-1	3.66674E-1
7.16000E+11	3.92765E-11	-9.95649E+1	-8.85862E-2	-5.25711E-1
7.16175E+11	1.50614E-11	1.63892E+1	5.02477E-1	1.47784E-1
7.16350E+11	1.60653E-11	1.51687E+2	-4.63711E-1	2.49815E-1
7.16525E+11	1.48515E-11	-1.26170E+2	-3.36703E-1	-4.60544E-1
7.16700E+11	6.96851E-12	-8.70155E+0	4.67073E-1	-7.14851E-2
7.16875E+11	1.21093E-11	1.54076E+2	-5.43712E-1	2.64288E-1
7.17050E+11	2.05404E-12	-1.22524E+2	-1.44229E-1	-2.26186E-1
7.17225E+11	4.64013E-13	4.72959E+1	1.22443E-1	1.32671E-1
7.17400E+11	4.24331E-12	1.06495E+2	-1.14683E-1	3.87298E-1
7.17575E+11	3.87518E-12	-1.34297E+2	-4.69403E-1	-4.81071E-1
7.17750E+11	7.24154E-12	-4.85447E+1	4.99237E-1	-5.65172E-1
7.17925E+11	2.03666E-12	1.20848E+2	-1.35988E-1	2.27691E-1
7.18100E+11	1.82520E-12	-1.06129E+2	-7.91408E-2	-2.73670E-1
7.18275E+11	1.21064E-12	-1.07805E+2	-8.81659E-2	-2.74520E-1
7.18450E+11	1.46883E-12	-5.88463E+1	1.29359E-1	-2.13987E-1
7.18625E+11	1.15013E-12	1.43311E+2	-2.80966E-1	2.09343E-1
7.18800E+11	1.71768E-12	-8.38924E+0	4.38771E-1	-6.47078E-2
7.18975E+11	4.13390E-13	-7.81849E+0	2.79803E-1	-3.84203E-2
7.19150E+11	1.32299E-12	1.03775E+2	-5.47968E-2	2.23515E-1
7.19325E+11	3.74978E-13	1.08778E+2	-4.23430E-2	1.24536E-1
7.19500E+11	6.53014E-14	1.62263E+2	-3.70547E-2	1.18518E-2
7.19675E+11	1.41673E-13	-5.54109E+1	3.90076E-2	-5.65678E-2
7.19850E+11	2.80663E-13	1.35264E+2	-6.24793E-2	6.19054E-2
7.20025E+11	7.64141E-14	1.69894E+2	-5.15313E-2	9.18452E-3
7.20200E+11	4.75353E-13	-1.76147E+2	-9.82976E-2	-6.62009E-3
7.20375E+11	3.38914E-13	5.38647E+0	1.02421E-1	9.65721E-3
7.20550E+11	1.44157E-12	1.13405E+2	-7.27977E-2	1.68189E-1
7.20725E+11	1.34819E-12	-1.68943E+2	-1.40236E-1	-2.74029E-2
7.20900E+11	1.46122E-12	-3.22535E+1	1.42049E-1	-8.96384E-2
7.21075E+11	1.60734E-12	4.35752E+0	1.86308E-1	1.41967E-2
7.21250E+11	2.01595E-12	9.77326E+1	-2.96075E-2	2.18048E-1
7.21425E+11	7.29245E-13	1.58546E+2	-1.96171E-1	7.70911E-2
7.21600E+11	1.47317E-13	1.57774E+2	-5.50258E-2	2.24850E-2
7.21775E+11	1.90814E-14	-8.40124E+1	5.12358E-3	-4.88493E-2
7.21950E+11	4.03924E-13	5.85643E+1	1.17615E-1	1.92415E-1
7.22125E+11	1.32658E-12	-3.17913E+1	2.44682E-1	-1.51658E-1
7.22300E+11	1.79330E-13	-2.11674E+1	1.91749E-1	-7.42489E-2
7.22475E+11	2.08824E-13	-2.76093E+1	1.46280E-1	-7.65038E-2
7.22650E+11	3.94664E-12	1.19511E+2	-6.45616E-1	1.14062E+0
7.22825E+11	3.34635E-12	-4.64567E+1	2.62559E-1	-2.76261E-1
7.23000E+11	6.50580E-13	9.59446E+1	-5.99578E-2	5.75814E-1
7.23175E+11	7.54355E-14	1.13050E+2	-4.26265E-2	1.00177E-1
7.23350E+11	1.08024E-12	-4.28569E+1	3.35891E-1	-3.11658E-1
7.23525E+11	2.36436E-12	1.41859E+1	6.74953E-1	1.70613E-1
7.23700E+11	4.23479E-12	1.56958E+2	-1.95861E+0	8.33063E-1
7.23875E+11	1.63682E-12	-1.06365E+2	-2.34256E-1	-7.97741E-1
7.24050E+11	2.51202E-12	-1.88035E+0	8.15736E-1	-2.67807E-2
7.24225E+11	3.45406E-12	5.62548E+1	6.79340E-1	1.01689E+0
7.24400E+11	1.60516E-12	-1.16463E+2	-3.15633E-1	-6.34073E-1
7.24575E+11	1.93834E-12	6.93477E+1	6.77780E-1	1.79822E+0
7.24750E+11	3.90296E-12	1.24302E+2	-7.83778E-1	1.14890E+0
7.24925E+11	1.64502E-12	1.72110E+2	-1.23868E+0	1.71661E-1
7.25100E+11	2.14115E-12	7.08834E+1	3.62714E-1	1.04648E+0
7.25275E+11	1.45836E-12	-1.54223E+2	-1.03500E+0	-4.99820E-1
7.25450E+11	1.56485E-12	-1.55455E+2	-6.72406E-1	-3.07064E-1
7.25625E+11	7.37051E-14	-5.38876E+1	1.82406E-1	-2.50028E-1
7.25800E+11	2.40155E-12	-1.23217E+2	-2.46270E+0	-3.76097E+0
7.25975E+11	1.66794E-12	-1.75147E+2	-8.87473E-1	-7.53450E-2
7.26150E+11	2.55121E-13	-3.03782E+1	2.19750E-1	-1.28814E-1
7.26325E+11	1.71660E-12	-1.57788E+2	-8.40972E-1	-3.43392E-1
7.26500E+11	1.24576E-12	-7.75343E+1	2.42185E-1	-1.09553E+0
7.26675E+11	1.82788E-12	4.86972E+1	4.92508E-1	5.60555E-1
7.26850E+11	1.73024E-13	1.04586E+2	-6.09697E-2	2.34295E-1
7.27025E+11	5.11525E-13	-5.67113E+1	1.92127E-1	-2.92611E-1
7.27200E+11	9.53621E-13	3.87967E+0	3.64094E-1	2.46917E-2
7.27375E+11	1.67363E-12	6.05468E+1	3.84257E-1	6.80469E-1
7.27550E+11	2.88652E-12	8.31475E+1	6.69799E-1	5.57363E+0
7.27725E+11	4.75181E-12	-8.31302E+1	1.29692E-1	-1.07647E+0
7.27900E+11	1.54356E-12	3.59048E+0	4.46065E-1	2.79896E-2
7.28075E+11	1.37534E-12	1.53683E+2	-5.53085E-1	2.73555E-1
7.28250E+11	5.07145E-13	-1.56781E+2	-2.78457E-1	-1.19454E-1
7.28425E+11	3.60802E-13	1.59089E+2	-2.21445E-1	8.46119E-2
7.28600E+11	2.64074E-13	6.20964E+1	9.06612E-2	1.71203E-1
7.28775E+11	1.43425E-12	-1.01144E+2	-9.13701E-2	-4.63830E-1
7.28950E+11	6.92839E-13	-7.31845E+1	8.30972E-2	-2.74963E-1
7.29125E+11	2.30002E-12	1.21481E+2	-2.16306E-1	3.53244E-1
7.29300E+11	2.30649E-12	-1.20398E+2	-2.19487E-1	-3.74139E-1
7.29475E+11	6.21312E-13	-2.90086E+1	1.81189E-1	-1.00470E-1
7.29650E+11	1.03195E-12	-1.00280E+2	-1.02958E-1	-5.67687E-1
7.29825E+11	1.05886E-12	1.27206E+1	5.67782E-1	1.28169E-1
7.30000E+11	2.64513E-12	6.20833E+1	6.34495E-1	1.19751E+0
