Position	Channel 1	Channel 2	Channel 3	Channel 4
2.00000E+11	3.80197E-13	-8.44875E+0	3.09996E-1	2.16410E-1
2.00088E+11	2.81634E-12	2.49461E+0	1.35018E-1	1.32584E+0
2.00175E+11	1.10589E-13	-7.21782E+0	6.64642E-2	-4.30521E-1
2.00263E+11	1.12142E-13	-7.07677E+0	4.40657E-1	4.30336E-2
2.00350E+11	2.02760E-13	-3.39389E+0	-6.43503E-1	2.08893E-1
2.00437E+11	3.25211E-13	-6.77267E+0	-2.51327E-1	3.83514E-1
2.00525E+11	3.23289E-13	-9.87043E+0	7.25261E-2	-3.12679E-1
2.00612E+11	3.44640E-13	-8.73978E+0	3.17887E-1	1.80594E-1
2.00700E+11	1.47917E-12	9.31997E+0	9.84214E-1	-2.75353E+0
2.00787E+11	2.98732E-12	-1.84077E-1	9.69811E-1	1.34041E-1
2.00875E+11	6.42626E-13	9.42103E+0	1.50977E+0	-2.54411E+0
2.00963E+11	5.15452E-13	4.79419E+0	1.84277E-2	-1.73654E+0
2.01050E+11	2.57556E-12	1.77187E+1	-4.65105E+0	-6.12425E+0
2.01138E+11	5.26542E-13	-7.12376E+0	2.09807E-1	3.87172E-1
2.01225E+11	1.88523E-13	-7.96594E+0	3.89656E-1	-8.89107E-2
2.01313E+11	1.01345E-12	1.23528E+0	3.40914E-1	-1.10127E+0
2.01400E+11	3.92918E-12	7.75567E+0	2.17080E+0	-1.11894E+0
2.01487E+11	1.50528E-12	-5.59381E+0	4.34708E-1	2.94694E-1
2.01575E+11	5.93751E-13	-3.26451E-1	-5.98523E-2	-9.61252E-1
2.01662E+11	1.19519E-12	-8.10115E+0	2.75800E-1	2.80668E-1
2.01750E+11	1.61258E-12	8.71504E-1	-5.98953E-1	9.29236E-1
2.01837E+11	2.25713E-12	-2.45059E+0	3.89916E-1	6.45555E-1
2.01925E+11	1.75434E-12	1.09220E+1	9.00290E-2	3.51527E+0
2.02013E+11	1.66959E-13	-1.09728E+0	-3.70202E-1	-7.99803E-1
2.02100E+11	4.22554E-13	-2.44736E+0	3.86090E-1	6.48177E-1
2.02188E+11	2.71793E-12	5.79806E+0	1.32603E+0	1.42893E+0
2.02275E+11	2.12386E-13	6.00559E+0	-1.87181E+0	-6.94635E-1
2.02363E+11	7.41921E-13	6.00434E-1	-5.84022E-1	8.98436E-1
2.02450E+11	1.60395E-12	7.35939E+0	-1.34746E+0	-1.90489E+0
2.02538E+11	5.59378E-13	-8.32058E+0	1.36627E-1	3.58531E-1
2.02625E+11	6.95549E-13	-6.02796E+0	-4.92412E-1	-8.42998E-2
2.02712E+11	1.89971E-13	-9.45017E+0	7.26419E-2	-3.28968E-1
2.02800E+11	2.22838E-13	1.40813E+1	3.59217E+0	3.56227E+0
2.02887E+11	3.59192E-12	5.41494E+0	-2.72221E-1	-1.84532E+0
2.02975E+11	1.93035E-13	-1.19304E+0	-7.71601E-1	4.05495E-1
2.03062E+11	1.48310E-13	-2.16750E+0	5.69978E-1	-5.31235E-1
2.03150E+11	1.89191E-12	8.99340E+0	1.67817E-2	2.81619E+0
2.03238E+11	1.92368E-13	7.61297E+0	-1.61483E+0	-1.77875E+0
2.03325E+11	7.08131E-13	-2.52690E+0	1.46806E-1	-7.33019E-1
2.03413E+11	1.75718E-12	1.23170E+1	3.71003E+0	-1.81238E+0
2.03500E+11	5.48977E-13	-2.42121E+0	-2.25562E-1	7.22328E-1
2.03588E+11	1.92779E-13	-1.03752E+1	-2.98071E-1	5.36354E-2
2.03675E+11	1.70091E-13	-7.51800E+0	4.13356E-1	7.89262E-2
2.03762E+11	2.27412E-13	-3.11555E+0	5.01382E-1	4.86460E-1
2.03850E+11	2.98467E-13	-5.64554E+0	-3.68236E-1	3.70070E-1
2.03937E+11	2.55325E-12	-6.59200E-1	1.16751E-1	-9.19533E-1
2.04025E+11	3.02393E-12	4.05551E+0	1.30921E+0	9.11130E-1
2.04112E+11	3.73757E-13	1.19157E+0	-5.85543E-1	9.86326E-1
2.04200E+11	4.86463E-13	-5.80282E+0	-4.91571E-1	1.45650E-1
2.04287E+11	1.60163E-12	-2.66558E+0	5.00465E-1	5.39295E-1
2.04375E+11	5.34001E-13	-7.22728E+0	4.54014E-2	-4.32772E-1
2.04463E+11	2.80831E-13	-1.88112E+0	-6.19515E-1	-5.14459E-1
2.04550E+11	5.95261E-13	7.25804E+0	2.26611E+0	4.28310E-1
2.04638E+11	2.05637E-13	-3.77626E+0	6.24863E-1	-1.69414E-1
2.04725E+11	1.87969E-12	3.86065E+0	-9.53777E-1	1.23405E+0
2.04813E+11	1.36711E-13	-9.99222E+0	3.14542E-1	3.52500E-2
2.04900E+11	8.01201E-14	-1.29307E+1	8.87903E-2	2.07464E-1
2.04987E+11	9.70902E-13	2.61593E-1	1.02376E+0	-1.18321E-1
2.05075E+11	6.21903E-13	-2.39965E-1	-6.47667E-1	-7.25791E-1
2.05162E+11	1.03054E-13	-1.45702E+1	1.28062E-1	-1.36060E-1
2.05250E+11	1.11042E-12	-2.28267E+0	2.34123E-1	-7.32383E-1
2.05337E+11	1.55134E-12	9.87904E+0	3.06987E+0	-5.48818E-1
2.05425E+11	3.10613E-13	9.65231E-2	6.21214E-1	7.97851E-1
2.05513E+11	3.83315E-13	-6.75411E-1	4.65954E-1	-7.99286E-1
2.05600E+11	6.30414E-13	-3.66620E+0	-3.39452E-1	5.60968E-1
2.05688E+11	7.88582E-13	1.00648E+1	1.73015E+0	2.67523E+0
2.05775E+11	1.27852E-12	-1.13393E+0	4.69437E-1	7.41509E-1
2.05863E+11	1.80031E-12	5.37869E+0	1.80068E+0	-4.56022E-1
2.05950E+11	9.13828E-13	-3.16966E+0	-6.92652E-2	-6.90788E-1
2.06037E+11	7.17981E-13	2.51441E-1	4.86781E-1	9.07000E-1
2.06125E+11	3.30926E-12	9.60704E+0	2.52381E+0	-1.66291E+0
2.06212E+11	7.27990E-13	-3.15565E+0	-6.13299E-2	6.92662E-1
2.06300E+11	1.76272E-12	-1.93251E-1	-4.20280E-1	-8.83087E-1
2.06387E+11	7.52385E-13	5.94986E+0	3.53682E-1	-1.95200E+0
2.06475E+11	1.12488E-12	4.70893E-2	6.37512E-1	7.77484E-1
2.06562E+11	2.00918E-14	-1.10159E+1	-2.52118E-1	1.24819E-1
2.06650E+11	7.27801E-13	1.93070E+0	-9.39801E-1	-8.22543E-1
2.06738E+11	1.06188E-12	-6.11180E+0	-3.53500E-1	-3.46182E-1
2.06825E+11	1.38625E-12	1.16598E+0	1.09549E+0	-3.28437E-1
2.06913E+11	3.11773E-14	-1.80422E+1	1.26171E-2	-1.24646E-1
2.07000E+11	3.33776E-13	4.52452E+0	-1.42767E+0	8.92250E-1
2.07088E+11	7.39414E-14	-1.24875E+1	-2.10543E-1	1.09852E-1
2.07175E+11	8.58813E-13	7.74052E+0	-1.15232E+0	-2.14844E+0
2.07262E+11	6.98096E-13	3.79675E+0	1.54327E+0	1.23862E-1
2.07350E+11	3.07332E-13	8.85525E-1	7.61610E-1	8.03820E-1
2.07437E+11	3.66907E-13	-4.39068E+0	8.66753E-2	5.96947E-1
2.07525E+11	1.02339E-12	-2.77338E+0	-1.15259E-1	7.17460E-1
2.07612E+11	9.61276E-13	-6.01058E+0	4.87034E-1	1.15650E-1
2.07700E+11	1.15123E-12	5.78974E+0	-5.86306E-2	1.94666E+0
2.07788E+11	1.56344E-12	5.42956E+0	-1.81734E+0	-4.33947E-1
2.07875E+11	1.73746E-12	3.62134E+0	-4.71730E-1	1.44209E+0
2.07963E+11	2.38441E-13	2.93115E+0	6.15562E-1	1.25895E+0
2.08050E+11	8.04424E-13	1.68514E+1	3.31097E+0	6.12132E+0
2.08138E+11	1.23682E-13	-4.94009E+0	5.18319E-1	-2.27959E-1
2.08225E+11	5.95923E-14	-1.01809E+1	1.71266E-1	2.58048E-1
2.08313E+11	1.30013E-13	-1.11289E+1	2.61031E-1	9.47209E-2
2.08400E+11	8.96072E-13	4.27578E+0	1.63521E+0	-5.15816E-2
2.08487E+11	6.19400E-13	-3.88447E+0	2.98155E-2	6.38710E-1
2.08575E+11	7.58237E-14	-1.37241E+1	-1.40145E-1	-1.50936E-1
2.08662E+11	1.46408E-12	-1.96924E-1	7.68315E-1	-6.04451E-1
2.08750E+11	1.31561E-13	-6.04838E+0	-2.49138E-1	4.31667E-1
2.08837E+11	1.13126E-12	-6.28329E+0	3.77855E-1	3.04225E-1
2.08925E+11	8.06514E-13	4.95498E+0	-1.07007E+0	1.40877E+0
2.09013E+11	2.44077E-13	3.96277E-1	6.28057E-1	8.37307E-1
2.09100E+11	3.73478E-13	-8.06431E+0	3.74284E-1	-1.26772E-1
2.09188E+11	1.50526E-12	9.62525E+0	2.95560E+0	6.61613E-1
2.09275E+11	8.27791E-13	-3.72579E+0	4.78628E-1	4.41553E-1
2.09363E+11	9.79097E-14	-1.11843E+1	3.38059E-2	-2.73841E-1
2.09450E+11	6.33980E-13	-1.98022E+0	-1.05400E-1	7.89132E-1
2.09537E+11	1.42243E-13	-7.11239E+0	4.35272E-1	7.04773E-2
2.09625E+11	1.94514E-14	-6.08846E+0	3.90448E-1	3.06062E-1
2.09712E+11	7.41850E-13	-5.42530E+0	3.82009E-1	3.75229E-1
2.09800E+11	2.25539E-12	4.98229E+0	1.52361E+0	-9.09956E-1
2.09887E+11	6.39814E-13	1.14621E+1	2.34880E+0	2.91301E+0
2.09975E+11	1.24993E-12	1.77652E+0	-9.33538E-1	7.96182E-1
2.10063E+11	1.93597E-12	1.80811E+1	-4.94192E+0	6.31365E+0
2.10150E+11	1.07039E-12	-4.10827E+0	6.66287E-2	6.19569E-1
2.10238E+11	1.01368E-13	-1.35874E+1	-2.09166E-1	5.33260E-3
2.10325E+11	2.66156E-13	-5.37773E+0	4.90766E-1	-2.21438E-1
2.10413E+11	1.20241E-13	-2.61332E+0	7.22119E-1	-1.62488E-1
2.10500E+11	1.16713E-13	-6.99035E+0	2.17104E-1	-3.90943E-1
2.10588E+11	3.86248E-13	-1.27403E+0	1.43708E-1	-8.51531E-1
2.10675E+11	2.28295E-13	-1.13761E+1	2.29533E-1	-1.41978E-1
2.10762E+11	1.53303E-13	-1.86702E+1	1.16523E-1	-2.24884E-3
2.10850E+11	7.50631E-13	3.69858E+0	9.13265E-1	1.22858E+0
2.10937E+11	5.84514E-13	-8.14681E+0	-1.74645E-1	-3.50314E-1
2.11025E+11	4.69903E-13	2.44029E+0	8.38192E-1	1.02539E+0
2.11112E+11	7.34618E-13	-5.19684E+0	5.45927E-1	-6.46448E-2
2.11200E+11	4.98621E-13	5.08049E+0	-5.16854E-1	1.71881E+0
2.11288E+11	2.26256E-13	-3.10611E+0	4.00321E-1	-5.73440E-1
2.11375E+11	6.14743E-13	1.36281E+1	1.22715E+0	4.64237E+0
2.11463E+11	2.01616E-12	-2.69018E+0	-3.91911E-1	6.20205E-1
2.11550E+11	4.91209E-13	1.18095E+1	3.78796E+0	-9.05631E-1
2.11638E+11	7.95148E-13	-3.13667E+0	6.83908E-1	1.33906E-1
2.11725E+11	6.90678E-13	1.14331E+1	-1.37647E+0	3.46623E+0
2.11812E+11	2.14176E-12	9.14475E+0	2.46955E+0	-1.45390E+0
2.11900E+11	9.29505E-14	-9.52574E+0	-3.33800E-1	-1.07727E-2
2.11987E+11	2.24283E-13	-2.24773E+0	-7.13909E-1	2.93780E-1
2.12075E+11	4.24809E-13	-3.09614E+0	4.92129E-1	4.98019E-1
2.12162E+11	5.14726E-13	3.38460E+0	1.27187E+0	7.49913E-1
2.12250E+11	3.33474E-13	-8.98475E+0	2.22225E-1	-2.77401E-1
2.12337E+11	9.45202E-13	2.19255E-1	-8.78192E-1	5.29680E-1
2.12425E+11	7.91301E-13	1.14681E+1	2.64756E+0	-2.64808E+0
2.12513E+11	3.99572E-13	-8.46730E-1	3.88245E-1	8.19834E-1
2.12600E+11	1.09031E-12	2.76480E+0	-1.09884E+0	-8.26216E-1
2.12688E+11	1.29271E-13	-4.29687E+0	-4.78162E-1	3.78370E-1
2.12775E+11	4.98683E-12	1.27094E+1	4.29758E+0	4.38253E-1
2.12863E+11	1.98547E-8	5.61958E+1	-3.29760E+2	5.54727E+2
2.12950E+11	4.04775E-8	4.96700E+1	-2.77893E+2	-1.24332E+2
2.13037E+11	5.36375E-8	4.99914E+1	5.69098E+1	3.10748E+2
2.13125E+11	6.01039E-8	3.72656E+1	-2.09479E+1	6.99224E+1
2.13212E+11	3.97713E-8	2.93225E+1	2.89801E+1	-3.96349E+0
2.13300E+11	3.78493E-8	2.96737E+1	-2.92866E+1	-8.36151E+0
2.13387E+11	2.25343E-8	2.49314E+1	1.58278E+1	7.79424E+0
2.13475E+11	2.14491E-8	2.36179E+1	-1.40266E+1	-5.76961E+0
2.13563E+11	1.13399E-8	1.87815E+1	5.68331E+0	6.57541E+0
2.13650E+11	1.08311E-8	1.34244E+1	-2.79465E+0	-3.76704E+0
2.13738E+11	5.98490E-9	7.23379E+0	6.40042E-2	2.29891E+0
2.13825E+11	8.50742E-9	7.55295E+0	3.81936E-1	-2.35511E+0
2.13913E+11	3.74194E-9	2.13112E+1	-6.21404E+0	9.83012E+0
2.14000E+11	3.67488E-9	3.60659E+1	5.83716E+1	-2.51936E+1
2.14087E+11	1.60687E-9	3.15002E+1	1.90471E+0	-3.75363E+1
2.14175E+11	1.30132E-9	2.41731E+1	-1.60029E+1	2.30469E+0
2.14262E+11	7.06380E-10	2.99856E+1	3.03891E+1	-8.55512E+0
2.14350E+11	6.18714E-10	2.49695E+1	1.27545E+0	1.76745E+1
2.14437E+11	1.19259E-9	3.34834E+1	-4.31238E+1	-1.92493E+1
2.14525E+11	1.37343E-9	2.87409E+1	-2.72866E+1	-1.94011E+0
2.14612E+11	1.63650E-9	3.63886E+1	2.71201E+1	-6.01516E+1
2.14700E+11	6.20609E-10	2.56899E+1	1.20218E+1	1.50383E+1
2.14788E+11	5.55121E-10	3.01176E+1	8.70811E+0	-3.08483E+1
2.14875E+11	5.50702E-11	8.83920E+0	-2.76363E+0	-1.29962E-1
2.14963E+11	5.91099E-13	9.01237E-1	-9.62339E-1	-5.51836E-1
2.15050E+11	1.56129E-12	-1.21361E+0	7.82509E-1	3.79320E-1
2.15138E+11	2.50771E-12	-9.17151E-1	8.99749E-1	8.87035E-3
2.15225E+11	8.79438E-14	-1.41443E+1	-1.68232E-1	1.01035E-1
2.15312E+11	5.34920E-13	5.56250E+0	1.46221E+0	-1.20893E+0
2.15400E+11	7.53673E-13	4.71511E+0	1.54452E+0	7.58921E-1
2.15487E+11	7.56871E-14	-6.59294E+0	-2.32312E-1	4.06403E-1
2.15575E+11	2.96416E-14	-1.73266E+1	1.06169E-2	1.35626E-1
2.15662E+11	4.52128E-13	-1.02030E+0	-8.79962E-1	1.27642E-1
2.15750E+11	7.97435E-13	2.84684E-1	9.59627E-1	-3.83227E-1
2.15838E+11	5.19121E-13	-5.47508E+0	4.35564E-1	-3.06176E-1
2.15925E+11	1.04996E-13	-1.21949E+1	1.07341E-1	2.20919E-1
2.16013E+11	6.50043E-13	5.71415E+0	6.90287E-1	-1.80305E+0
2.16100E+11	4.20955E-13	-7.15038E+0	-3.77023E-1	2.24922E-1
2.16188E+11	7.30916E-13	-2.95259E+0	7.03843E-1	1.06274E-1
2.16275E+11	1.02208E-12	3.98851E+0	1.31838E+0	-8.75853E-1
2.16363E+11	4.71265E-13	-7.09805E+0	-4.41270E-1	1.87830E-2
2.16450E+11	1.01115E-12	-2.89197E+0	-7.13710E-1	6.65525E-2
2.16537E+11	1.20382E-12	1.01698E+1	2.86236E+0	-1.48513E+0
2.16625E+11	2.09341E-12	6.12032E+0	-1.55395E+0	1.29544E+0
2.16712E+11	6.50742E-14	3.32138E+0	-1.18464E+0	-8.63220E-1
2.16800E+11	4.17777E-13	-6.01959E-1	7.37114E-1	5.72043E-1
2.16887E+11	5.59804E-13	-8.46467E-1	3.90274E-1	8.18901E-1
2.16975E+11	1.57374E-13	-1.55967E+1	6.80697E-2	-1.51426E-1
2.17063E+11	8.48002E-13	4.15560E+0	-1.02761E+0	1.24400E+0
2.17150E+11	3.47114E-12	1.00542E+0	-2.42316E-1	1.09626E+0
2.17238E+11	3.04681E-13	-1.00071E+1	2.88697E-1	-1.28416E-1
2.17325E+11	3.39280E-12	3.74627E+0	8.51317E-1	1.28242E+0
2.17413E+11	1.08936E-13	-1.24985E+1	-2.00434E-1	-1.26805E-1
2.17500E+11	1.63024E-12	2.18384E+0	8.84464E-1	9.33352E-1
2.17587E+11	5.82942E-13	-3.33910E+0	-4.47863E-1	-5.12798E-1
2.17675E+11	4.49999E-13	-5.92269E+0	1.81203E-2	-5.05343E-1
2.17762E+11	1.41874E-11	8.19213E+0	-2.53430E+0	-4.15060E-1
2.17850E+11	1.49591E-10	1.81340E+1	-7.44482E+0	3.10603E+0
2.17937E+11	9.69036E-10	3.67503E+1	-5.73006E+1	3.80587E+1
2.18025E+11	8.74722E-9	4.52895E+1	-1.54404E+2	-9.98092E+1
2.18113E+11	1.47916E-7	4.96547E+1	2.84353E+2	-1.07241E+2
2.18200E+11	2.38774E-7	5.10524E+1	3.12328E+2	-1.72836E+2
2.18288E+11	2.16126E-6	5.95645E+1	2.35752E+1	-9.50805E+2
2.18375E+11	2.44573E-6	6.22394E+1	-4.51203E+2	1.21290E+3
2.18463E+11	3.99701E-6	6.92427E+1	-1.39535E+3	-2.54023E+3
2.18550E+11	2.90643E-6	8.26208E+1	1.21065E+4	-6.02320E+3
2.18638E+11	1.68685E-6	6.20138E+1	-4.31521E+2	-1.18479E+3
2.18725E+11	1.44996E-6	5.96089E+1	-8.82046E+2	3.68616E+2
2.18812E+11	1.08755E-6	6.28689E+1	1.38877E+3	-8.51237E+1
2.18900E+11	1.58941E-6	5.88869E+1	-6.46053E+2	5.97098E+2
2.18987E+11	1.31496E-6	6.68444E+1	2.06387E+3	-7.58854E+2
2.19075E+11	1.18449E-6	6.21515E+1	6.38147E+2	-1.11083E+3
2.19162E+11	2.50855E-6	6.53949E+1	-1.82525E+3	-3.63024E+2
2.19250E+11	5.57288E-6	7.03343E+1	4.79688E+1	-3.28600E+3
2.19338E+11	8.43480E-6	2.18410E+1	1.15158E+1	-4.49202E+0
2.19425E+11	7.84825E-6	4.23072E+0	-1.60502E+0	-2.69898E-1
2.19513E+11	8.01517E-6	-4.66648E+0	5.40539E-1	2.22007E-1
2.19600E+11	9.57679E-6	-8.98207E+0	-7.17928E-2	-3.48223E-1
2.19688E+11	8.61121E-6	-1.11925E+1	-1.34560E-1	2.40586E-1
2.19775E+11	7.65372E-6	-1.24602E+1	2.37878E-1	-1.28703E-2
2.19862E+11	7.09419E-6	-1.27909E+1	-1.30997E-1	-1.88230E-1
2.19950E+11	6.31723E-6	-1.30337E+1	-3.51469E-2	2.20218E-1
2.20037E+11	5.84583E-6	-1.34666E+1	1.86077E-1	-1.01922E-1
2.20125E+11	4.37374E-6	-1.45697E+1	-1.78152E-1	-5.63777E-2
2.20212E+11	4.57973E-6	-1.39715E+1	8.12088E-2	1.82971E-1
2.20300E+11	4.30609E-6	-1.42594E+1	8.92499E-2	-1.71862E-1
2.20387E+11	4.35187E-6	-1.39204E+1	-1.88331E-1	7.12629E-2
2.20475E+11	3.22691E-6	-1.54600E+1	1.58558E-1	5.74813E-2
2.20563E+11	5.02617E-6	-1.36536E+1	-1.00183E-1	-1.81877E-1
2.20650E+11	3.34609E-6	-1.51964E+1	-5.40300E-2	1.65244E-1
2.20738E+11	4.53019E-6	-1.40243E+1	1.87730E-1	-6.59241E-2
2.20825E+11	2.56451E-6	-1.63608E+1	-1.44496E-1	-4.72999E-2
2.20913E+11	4.37184E-6	-1.37794E+1	1.09210E-1	1.73084E-1
2.21000E+11	3.03563E-6	-1.55879E+1	2.38918E-2	-1.64463E-1
2.21087E+11	3.45626E-6	-1.41024E+1	-1.81569E-1	7.69146E-2
2.21175E+11	2.69252E-6	-1.55597E+1	1.57445E-1	5.48638E-2
2.21262E+11	4.55866E-6	-1.34465E+1	-6.17035E-2	-2.03506E-1
2.21350E+11	4.28128E-6	-1.36944E+1	-7.64179E-2	1.92025E-1
2.21437E+11	4.64646E-6	-1.32456E+1	2.00404E-1	-8.48587E-2
2.21525E+11	4.24007E-6	-1.33902E+1	-2.07708E-1	-5.16678E-2
2.21613E+11	4.83084E-6	-1.19984E+1	1.52277E-1	1.99825E-1
2.21700E+11	6.28898E-6	-1.09243E+1	2.75268E-2	-2.82969E-1
2.21788E+11	5.41550E-6	-1.09041E+1	-1.69356E-1	2.29183E-1
2.21875E+11	6.62296E-6	-9.61941E+0	3.29786E-1	-2.00100E-2
2.21963E+11	6.16831E-6	-9.56421E+0	-3.14573E-1	-1.07699E-1
2.22050E+11	7.17055E-6	-8.12601E+0	1.68599E-1	3.54304E-1
2.22137E+11	5.80164E-6	-8.68739E+0	-2.53620E-2	-3.66941E-1
2.22225E+11	5.70104E-6	-7.76447E+0	-3.42580E-1	2.23520E-1
2.22312E+11	4.38801E-6	-8.85398E+0	3.57006E-1	-5.23810E-2
2.22400E+11	5.63116E-6	-5.96882E+0	-3.77825E-1	-3.32034E-1
2.22487E+11	4.38226E-6	-4.67178E+0	2.56751E-1	5.24530E-1
2.22575E+11	5.48719E-6	-3.37617E+0	2.69090E-1	-6.22249E-1
2.22662E+11	5.28045E-6	-4.26680E+0	-5.12642E-1	3.34043E-1
2.22750E+11	6.02833E-6	-3.59142E+0	6.17603E-1	2.36529E-1
2.22838E+11	5.04267E-6	-5.24465E+0	-1.88394E-1	-5.13239E-1
2.22925E+11	6.71571E-6	-4.97034E+0	-3.52770E-1	4.40396E-1
2.23013E+11	5.69010E-6	-6.31901E+0	4.61541E-1	-1.42754E-1
2.23100E+11	8.16786E-6	-5.79484E+0	-4.53719E-1	-2.39747E-1
2.23188E+11	6.80963E-6	-8.00508E+0	2.39326E-1	3.17848E-1
2.23275E+11	9.30676E-6	-7.73376E+0	1.18053E-1	-3.93157E-1
2.23362E+11	8.35751E-6	-1.02565E+1	-1.83703E-1	2.46006E-1
2.23450E+11	1.24196E-5	-9.55871E+0	3.31876E-1	2.35257E-2
2.23537E+11	9.41632E-6	-1.21048E+1	-2.34633E-1	-8.08637E-2
2.23625E+11	1.45985E-5	-1.09678E+1	6.92548E-2	2.74276E-1
2.23712E+11	1.41370E-5	-1.18852E+1	4.30203E-2	-2.50869E-1
2.23800E+11	1.76114E-5	-1.15055E+1	-2.42854E-1	1.08291E-1
2.23888E+11	1.44753E-5	-1.27306E+1	2.30835E-1	6.46303E-3
2.23975E+11	1.75204E-5	-1.22060E+1	-1.70545E-1	-1.76315E-1
2.24063E+11	1.32396E-5	-1.41199E+1	1.21059E-1	1.55148E-1
2.24150E+11	2.73326E-5	-1.12015E+1	-1.19622E-2	-2.75117E-1
2.24238E+11	2.21331E-5	-1.23130E+1	-1.11197E-1	2.15277E-1
2.24325E+11	3.13146E-5	-1.13971E+1	2.56277E-1	-8.25502E-2
2.24412E+11	2.71663E-5	-1.23737E+1	-2.10439E-1	-1.16658E-1
2.24500E+11	3.31148E-5	-1.22117E+1	5.15445E-2	2.39662E-1
2.24587E+11	3.12255E-5	-1.29254E+1	1.15432E-1	-1.94069E-1
2.24675E+11	3.93848E-5	-1.23169E+1	-2.29165E-1	7.83543E-2
2.24762E+11	3.85512E-5	-1.26768E+1	2.31350E-1	2.16343E-2
2.24850E+11	4.46363E-5	-1.19062E+1	-1.58237E-1	-1.98581E-1
2.24937E+11	4.35619E-5	-1.22333E+1	1.05661E-1	2.20524E-1
2.25025E+11	5.59800E-5	-1.13881E+1	1.70284E-2	-2.68983E-1
2.25113E+11	5.02883E-5	-1.15999E+1	-5.93055E-2	2.56257E-1
2.25200E+11	5.96963E-5	-9.56093E+0	2.57197E-1	-2.10922E-1
2.25288E+11	5.95251E-5	-6.68867E+0	-4.62984E-1	3.37145E-4
2.25375E+11	6.14170E-5	-3.94513E+0	3.82784E-1	5.06602E-1
2.25463E+11	6.26181E-5	-1.45880E+0	1.02863E-1	-8.39114E-1
2.25550E+11	5.89569E-5	7.29243E-1	-8.93876E-1	6.19532E-1
2.25637E+11	5.89737E-5	3.76974E+0	1.45329E+0	5.19740E-1
2.25725E+11	6.40187E-5	6.66326E+0	-8.01868E-1	-1.99874E+0
2.25812E+11	6.38859E-5	9.16574E+0	-1.68254E+0	2.32837E+0
2.25900E+11	5.87816E-5	1.09493E+1	3.52417E+0	-1.52540E-1
2.25987E+11	5.75842E-5	1.19004E+1	-2.63811E+0	-2.92064E+0
2.26075E+11	6.74940E-5	1.34514E+1	-5.52732E-2	4.70479E+0
2.26163E+11	6.65041E-5	1.46497E+1	3.86444E+0	-3.77342E+0
2.26250E+11	6.52822E-5	1.70419E+1	-7.06575E+0	-8.24617E-1
2.26338E+11	6.30828E-5	1.89431E+1	5.57552E+0	6.87846E+0
2.26425E+11	6.77522E-5	1.98068E+1	2.52371E+0	-9.44885E+0
2.26513E+11	6.84222E-5	1.91166E+1	-7.97286E+0	4.24588E+0
2.26600E+11	6.14148E-5	1.87463E+1	8.10805E+0	3.03073E+0
2.26688E+11	6.62920E-5	1.92652E+1	-4.40849E+0	-8.06218E+0
2.26775E+11	5.99996E-5	1.95865E+1	-2.72649E+0	9.13700E+0
2.26862E+11	6.83590E-5	2.18117E+1	1.09296E+1	-5.68400E+0
2.26950E+11	6.10706E-5	2.27070E+1	-1.30265E+1	-4.10127E+0
2.27037E+11	7.02491E-5	2.30514E+1	5.62081E+0	1.30503E+1
2.27125E+11	6.93195E-5	2.18942E+1	2.83707E+0	-1.21090E+1
2.27212E+11	6.77207E-5	2.00348E+1	-8.41503E+0	5.47642E+0
2.27300E+11	6.52884E-5	1.86465E+1	8.53672E+0	5.90277E-1
2.27388E+11	5.79515E-5	1.83889E+1	-5.77152E+0	-5.97463E+0
2.27475E+11	6.10447E-5	1.92529E+1	1.15399E+0	9.10296E+0
2.27563E+11	4.75233E-5	1.93836E+1	5.74089E+0	-7.33559E+0
2.27650E+11	4.81440E-5	1.97529E+1	-9.65983E+0	1.07583E+0
2.27738E+11	3.59904E-5	1.93167E+1	7.13071E+0	5.88173E+0
2.27825E+11	3.40862E-5	1.81568E+1	-6.99215E-1	-8.05772E+0
2.27912E+11	2.59910E-5	1.78341E+1	-4.03145E+0	6.66921E+0
2.28000E+11	1.70628E-5	1.77967E+1	7.52863E+0	-1.87866E+0
2.28087E+11	1.51566E-5	1.95259E+1	-8.65860E+0	-3.83239E+0
2.28175E+11	1.48335E-5	2.09572E+1	4.62215E+0	1.01633E+1
2.28262E+11	1.44323E-5	1.78074E+1	3.69776E+0	-6.83265E+0
2.28350E+11	1.37281E-5	1.04662E+1	-3.28041E+0	6.09961E-1
2.28438E+11	1.31019E-5	7.23432E+0	1.92057E+0	1.26535E+0
2.28525E+11	1.16815E-5	5.93364E+0	-4.45094E-1	-1.92940E+0
2.28613E+11	1.09383E-5	4.05967E+0	-1.02781E+0	1.22076E+0
2.28700E+11	1.18705E-5	2.29305E+0	1.30124E+0	-4.80454E-2
2.28788E+11	1.13302E-5	-2.30924E+0	-3.81593E-1	-6.64815E-1
2.28875E+11	1.47480E-5	-6.07796E+0	-2.07670E-1	4.51213E-1
2.28963E+11	1.19698E-5	-1.12886E+1	2.70940E-1	-3.02825E-2
2.29050E+11	1.40330E-5	-1.25186E+1	-2.27669E-1	-6.45011E-2
2.29137E+11	1.26248E-5	-1.38527E+1	1.18927E-1	1.64440E-1
2.29225E+11	1.25191E-5	-1.36323E+1	-4.77666E-2	-2.02599E-1
2.29312E+11	8.34748E-6	-1.52770E+1	-7.50948E-2	1.55015E-1
2.29400E+11	6.24352E-6	-1.60076E+1	1.02550E-1	-1.20659E-1
2.29487E+11	4.70899E-6	-1.74797E+1	-1.32291E-1	1.91154E-2
2.29575E+11	6.02526E-6	-1.65242E+1	1.48420E-1	1.53166E-2
2.29663E+11	6.83836E-6	-1.57943E+1	-1.02622E-1	-1.25722E-1
2.29750E+11	8.92136E-6	-1.44470E+1	7.08379E-2	1.75781E-1
2.29838E+11	1.03822E-5	-1.32987E+1	9.87473E-2	-1.92448E-1
2.29925E+11	9.89522E-6	-1.32167E+1	-1.48143E-1	1.60416E-1
2.30013E+11	1.28727E-5	-1.21375E+1	2.46865E-1	1.36845E-2
2.30100E+11	1.15709E-5	-1.20723E+1	-2.15131E-1	-1.25591E-1
2.30187E+11	1.30094E-5	-1.16796E+1	8.03277E-2	2.47940E-1
2.30275E+11	1.33510E-5	-1.17948E+1	3.83722E-2	-2.54316E-1
2.30362E+11	1.11942E-5	-1.25339E+1	-2.13950E-1	1.00109E-1
2.30450E+11	1.19779E-5	-1.19244E+1	2.50146E-1	4.03913E-2
2.30537E+11	9.49839E-6	-1.27964E+1	-1.26797E-1	-1.90911E-1
2.30625E+11	1.07751E-5	-1.21327E+1	-3.69632E-2	2.44604E-1
2.30712E+11	8.60396E-6	-1.32149E+1	1.82242E-1	-1.20363E-1
2.30800E+11	9.68649E-6	-1.25842E+1	-2.31146E-1	-4.15352E-2
2.30888E+11	8.95621E-6	-1.33265E+1	1.15174E-1	1.82273E-1
2.30975E+11	9.71531E-6	-1.30390E+1	6.46134E-2	-2.13299E-1
2.31063E+11	8.18469E-6	-1.36479E+1	-1.77659E-1	1.07751E-1
2.31150E+11	8.94995E-6	-1.30864E+1	2.11393E-1	6.66676E-2
2.31238E+11	8.60154E-6	-1.27077E+1	-7.87573E-2	-2.17728E-1
2.31325E+11	8.27474E-6	-1.17177E+1	-1.45435E-1	2.14901E-1
2.31412E+11	8.76343E-6	-1.07662E+1	2.89515E-1	-2.61484E-3
2.31500E+11	9.52215E-6	-9.33304E+0	-2.23496E-1	-2.58165E-1
2.31587E+11	9.21517E-6	-8.08456E+0	-8.14106E-2	3.85753E-1
2.31675E+11	1.04413E-5	-6.63696E+0	4.11950E-1	-2.17301E-1
2.31762E+11	8.36677E-6	-6.15430E+0	-4.23185E-1	-2.51665E-1
2.31850E+11	1.00455E-5	-4.46008E+0	2.98884E-2	5.97659E-1
2.31938E+11	7.59921E-6	-4.70802E+0	4.65891E-1	-3.48087E-1
2.32025E+11	1.01971E-5	-3.19267E+0	-6.83163E-1	-1.12809E-1
2.32113E+11	9.89932E-6	-3.75734E+0	3.71380E-1	5.32035E-1
2.32200E+11	1.19684E-5	-3.70832E+0	1.47932E-1	-6.35515E-1
2.32288E+11	1.15844E-5	-4.23991E+0	-5.42424E-1	2.87206E-1
2.32375E+11	1.40610E-5	-4.37933E+0	5.55841E-1	2.36328E-1
2.32462E+11	1.46786E-5	-5.55632E+0	-1.08103E-1	-5.16257E-1
2.32550E+11	1.55103E-5	-7.27209E+0	-2.47873E-1	3.54920E-1
2.32637E+11	1.79888E-5	-8.53993E+0	3.71964E-1	-4.00475E-2
2.32725E+11	1.63222E-5	-1.02087E+1	-2.70060E-1	-1.49581E-1
2.32812E+11	2.04645E-5	-1.05775E+1	5.22397E-2	2.91237E-1
2.32900E+11	1.88901E-5	-1.14781E+1	1.01125E-1	-2.46833E-1
2.32987E+11	2.15841E-5	-1.10620E+1	-2.71773E-1	6.66812E-2
2.33075E+11	2.11086E-5	-1.14438E+1	2.64598E-1	4.12781E-2
2.33163E+11	2.31144E-5	-1.13514E+1	-1.48381E-1	-2.26368E-1
2.33250E+11	2.44974E-5	-1.14747E+1	4.71772E-2	2.62646E-1
2.33338E+11	2.55119E-5	-1.18096E+1	1.67608E-1	-1.94501E-1
2.33425E+11	2.84240E-5	-1.15067E+1	-2.57884E-1	6.46592E-2
2.33513E+11	2.70969E-5	-1.20796E+1	1.89967E-1	1.60817E-1
2.33600E+11	3.35269E-5	-1.16708E+1	-5.89314E-2	-2.54148E-1
2.33687E+11	3.28773E-5	-1.19950E+1	-1.41150E-1	2.07956E-1
2.33775E+11	3.46070E-5	-1.21044E+1	2.16112E-1	-1.22033E-1
2.33862E+11	4.01299E-5	-1.19252E+1	-2.42826E-1	-7.22969E-2
2.33950E+11	3.85882E-5	-1.24029E+1	1.78637E-1	1.59981E-1
2.34037E+11	4.73405E-5	-1.18914E+1	2.90952E-2	-2.52678E-1
2.34125E+11	3.75300E-5	-1.30554E+1	-1.14457E-1	1.90744E-1
2.34213E+11	4.72749E-5	-1.21177E+1	2.46621E-1	-2.42314E-2
2.34300E+11	4.07818E-5	-1.31767E+1	-2.12312E-1	-5.51748E-2
2.34388E+11	5.53687E-5	-1.19549E+1	8.41148E-2	2.38074E-1
2.34475E+11	4.09168E-5	-1.27151E+1	3.08590E-3	-2.31317E-1
2.34563E+11	5.32155E-5	-1.19744E+1	-2.09519E-1	1.39895E-1
2.34650E+11	5.51981E-5	-1.23287E+1	2.41800E-1	-5.45024E-3
2.34738E+11	5.59147E-5	-1.19813E+1	-1.35734E-1	-2.12002E-1
2.34825E+11	6.35094E-5	-1.18655E+1	5.28357E-2	2.49577E-1
2.34912E+11	6.22865E-5	-1.19509E+1	1.45860E-1	-2.06248E-1
2.35000E+11	6.57671E-5	-1.17159E+1	-2.33586E-1	1.13128E-1
2.35087E+11	5.99298E-5	-1.20798E+1	2.33955E-1	8.49217E-2
2.35175E+11	6.60498E-5	-1.17777E+1	-1.79696E-1	-1.84712E-1
2.35262E+11	6.54665E-5	-1.19569E+1	1.47424E-2	2.52006E-1
2.35350E+11	8.01729E-5	-1.15898E+1	1.51183E-1	-2.15614E-1
2.35438E+11	7.45127E-5	-1.18729E+1	-2.52200E-1	3.69346E-2
2.35525E+11	7.99090E-5	-1.17103E+1	1.98496E-1	1.67472E-1
2.35613E+11	6.83643E-5	-1.22470E+1	-1.51307E-2	-2.43678E-1
2.35700E+11	7.52861E-5	-1.19611E+1	-1.71130E-1	1.85414E-1
2.35788E+11	6.71452E-5	-1.23013E+1	2.39655E-1	-3.78434E-2
2.35875E+11	7.72859E-5	-1.19277E+1	-2.17297E-1	-1.30142E-1
2.35962E+11	6.23313E-5	-1.26747E+1	1.01367E-1	2.09145E-1
2.36050E+11	6.51022E-5	-1.21426E+1	7.58807E-2	-2.35158E-1
2.36137E+11	5.54779E-5	-1.32877E+1	-1.91862E-1	1.00476E-1
2.36225E+11	7.80017E-5	-1.19519E+1	2.32447E-1	9.88279E-2
2.36312E+11	5.78591E-5	-1.36004E+1	-1.12111E-1	-1.76291E-1
2.36400E+11	8.21320E-5	-1.24002E+1	-7.69229E-2	2.27210E-1
2.36488E+11	5.75920E-5	-1.40514E+1	1.53364E-1	-1.25785E-1
2.36575E+11	8.62600E-5	-1.24190E+1	-2.29309E-1	-6.86348E-2
2.36663E+11	6.61112E-5	-1.38609E+1	1.34865E-1	1.51386E-1
2.36750E+11	9.63983E-5	-1.24714E+1	6.16019E-2	-2.29807E-1
2.36838E+11	7.60280E-5	-1.37557E+1	-1.38198E-1	1.51709E-1
2.36925E+11	1.10869E-4	-1.27549E+1	2.27401E-1	3.62985E-2
2.37013E+11	9.75044E-5	-1.38082E+1	-1.67413E-1	-1.16539E-1
2.37100E+11	8.38865E-5	-1.29769E+1	-6.94792E-3	2.24360E-1
2.37187E+11	7.12875E-5	-1.38235E+1	1.05845E-1	-1.73950E-1
2.37275E+11	8.71139E-5	-1.30020E+1	-2.23803E-1	-2.90668E-3
2.37362E+11	7.44800E-5	-1.35546E+1	1.77006E-1	1.13043E-1
2.37450E+11	8.24970E-5	-1.24596E+1	-1.86480E-2	-2.37512E-1
2.37537E+11	6.93704E-5	-1.24166E+1	-9.71286E-2	2.18839E-1
2.37625E+11	9.16574E-5	-9.64373E+0	3.16691E-1	-9.08621E-2
2.37713E+11	7.63986E-5	-7.94857E+0	-3.80661E-1	-1.24396E-1
2.37800E+11	9.82613E-5	-4.66679E+0	1.57871E-1	5.62603E-1
2.37888E+11	8.38557E-5	-4.22768E+0	2.17441E-1	-5.74885E-1
2.37975E+11	1.10269E-4	-2.82656E+0	-6.88827E-1	2.17085E-1
2.38063E+11	9.56545E-5	-3.43813E+0	6.46320E-1	1.88051E-1
2.38150E+11	1.09988E-4	-3.05000E+0	-2.87289E-1	-6.42584E-1
2.38237E+11	1.00052E-4	-3.87740E+0	-8.26142E-2	6.34571E-1
2.38325E+11	1.01346E-4	-4.69111E+0	5.06502E-1	-2.88086E-1
2.38412E+11	1.00888E-4	-5.18062E+0	-5.45826E-1	-7.36186E-2
2.38500E+11	9.13544E-5	-6.24804E+0	2.20135E-1	4.34494E-1
2.38587E+11	9.48747E-5	-6.49979E+0	5.71274E-2	-4.69701E-1
2.38675E+11	7.79941E-5	-7.66439E+0	-3.30338E-1	2.49198E-1
2.38762E+11	8.50675E-5	-7.09976E+0	4.39743E-1	4.02681E-2
2.38850E+11	6.83713E-5	-8.78161E+0	-2.41395E-1	-2.72238E-1
2.38938E+11	8.53156E-5	-8.87440E+0	2.06336E-2	3.59389E-1
2.39025E+11	6.33858E-5	-1.06541E+1	1.44970E-1	-2.54956E-1
2.39113E+11	7.40081E-5	-1.00301E+1	-2.98258E-1	1.01746E-1
2.39200E+11	5.23274E-5	-1.17412E+1	2.52086E-1	5.85008E-2
2.39288E+11	6.54149E-5	-1.13194E+1	-1.49805E-1	-2.26626E-1
2.39375E+11	5.51821E-5	-1.28631E+1	-5.35484E-3	2.27364E-1
2.39462E+11	6.85748E-5	-1.24358E+1	1.49856E-1	-1.86049E-1
2.39550E+11	5.81173E-5	-1.33649E+1	-1.97997E-1	8.29293E-2
2.39637E+11	7.12660E-5	-1.26552E+1	2.28873E-1	4.33195E-2
2.39725E+11	5.88649E-5	-1.36122E+1	-1.49133E-1	-1.45905E-1
2.39812E+11	6.35781E-5	-1.27365E+1	-9.27870E-3	2.30581E-1
2.39900E+11	3.38449E-5	-1.35671E+1	1.62270E-1	-1.32859E-1
2.39988E+11	3.88234E-5	-1.27203E+1	-2.30949E-1	1.07562E-2
2.40075E+11	3.38967E-5	-1.36088E+1	1.61678E-1	1.31998E-1
2.40163E+11	4.49289E-5	-1.28064E+1	-7.29485E-2	-2.16982E-1
2.40250E+11	3.89983E-5	-1.37165E+1	-8.29916E-2	1.88703E-1
2.40338E+11	5.16631E-5	-1.30054E+1	1.95517E-1	-1.08764E-1
2.40425E+11	3.78627E-5	-1.38355E+1	-1.92486E-1	-6.55515E-2
2.40512E+11	3.51922E-5	-1.32643E+1	1.11659E-1	1.86258E-1
2.40600E+11	2.92791E-5	-1.36953E+1	2.94820E-2	-2.04535E-1
2.40687E+11	3.13269E-5	-1.34967E+1	-1.32345E-1	1.64884E-1
2.40775E+11	2.87684E-5	-1.36343E+1	2.01292E-1	-5.28152E-2
2.40862E+11	2.78913E-5	-1.37746E+1	-1.96735E-1	-5.68059E-2
2.40950E+11	2.62828E-5	-1.36095E+1	1.09595E-1	1.77609E-1
2.41037E+11	2.57590E-5	-1.38752E+1	5.45453E-3	-2.02340E-1
2.41125E+11	2.63925E-5	-1.36500E+1	-1.57448E-1	1.35506E-1
2.41213E+11	2.38613E-5	-1.41210E+1	1.94897E-1	-2.70503E-2
2.41300E+11	2.31185E-5	-1.38749E+1	-1.42101E-1	-1.44157E-1
2.41388E+11	2.32954E-5	-1.41378E+1	6.20406E-2	1.86330E-1
2.41475E+11	2.67608E-5	-1.39736E+1	1.01204E-1	-1.72659E-1
2.41563E+11	2.73711E-5	-1.41810E+1	-1.86674E-1	5.77757E-2
2.41650E+11	2.71581E-5	-1.42027E+1	1.32293E-1	1.43157E-1
2.41737E+11	2.65258E-5	-1.43285E+1	-2.89714E-2	-1.89924E-1
2.41825E+11	2.55992E-5	-1.42993E+1	-1.37907E-1	1.34688E-1
2.41912E+11	2.37411E-5	-1.43239E+1	1.90013E-1	-2.90667E-2
2.42000E+11	2.48735E-5	-1.40857E+1	-1.25278E-1	-1.52769E-1
2.42087E+11	2.42465E-5	-1.41584E+1	-7.21895E-3	1.95789E-1
2.42175E+11	2.54859E-5	-1.37738E+1	1.72622E-1	-1.10188E-1
2.42263E+11	2.16316E-5	-1.42123E+1	-1.94613E-1	-6.10165E-3
2.42350E+11	2.67392E-5	-1.34142E+1	1.31091E-1	1.68447E-1
2.42438E+11	2.46991E-5	-1.37099E+1	-2.41001E-2	-2.04890E-1
2.42525E+11	3.23643E-5	-1.28340E+1	-1.68731E-1	1.53626E-1
2.42613E+11	3.21132E-5	-1.33542E+1	2.12356E-1	-3.31431E-2
2.42700E+11	3.71678E-5	-1.29995E+1	-1.52657E-1	-1.63768E-1
2.42788E+11	3.25637E-5	-1.35799E+1	4.44393E-2	2.04645E-1
2.42875E+11	3.55147E-5	-1.33304E+1	1.46769E-1	-1.57815E-1
2.42962E+11	2.85783E-5	-1.31311E+1	-2.06846E-1	7.64408E-2
2.43050E+11	3.04508E-5	-1.20079E+1	1.91083E-1	1.62693E-1
2.43137E+11	3.38883E-5	-1.16167E+1	-3.67430E-2	-2.59936E-1
2.43225E+11	3.70328E-5	-1.21613E+1	-2.12263E-1	1.25456E-1
2.43312E+11	3.73295E-5	-1.24846E+1	2.34597E-1	3.73827E-2
2.43400E+11	4.08431E-5	-1.27416E+1	-4.65765E-2	-2.25881E-1
2.43488E+11	3.52311E-5	-1.38437E+1	-1.12339E-1	1.69261E-1
2.43575E+11	3.49345E-5	-1.42906E+1	1.86550E-1	4.93241E-2
2.43663E+11	3.07024E-5	-1.55250E+1	-8.17436E-2	-1.46083E-1
2.43750E+11	3.28556E-5	-1.54210E+1	-1.00080E-1	1.36695E-1
2.43838E+11	2.49853E-5	-1.64691E+1	1.45460E-1	-3.72584E-2
2.43925E+11	2.81063E-5	-1.56593E+1	-1.16866E-1	-1.16238E-1
2.44012E+11	2.27443E-5	-1.68205E+1	2.44250E-2	1.42120E-1
2.44100E+11	3.04767E-5	-1.57056E+1	1.20640E-1	-1.11027E-1
2.44187E+11	2.36404E-5	-1.65765E+1	-1.42437E-1	4.13277E-2
2.44275E+11	2.68753E-5	-1.55732E+1	1.38988E-1	9.16266E-2
2.44362E+11	2.37567E-5	-1.64279E+1	-8.47925E-2	-1.24789E-1
2.44450E+11	3.33714E-5	-1.54577E+1	-4.76885E-2	1.61819E-1
2.44538E+11	3.63219E-5	-1.59140E+1	1.09162E-1	-1.17067E-1
2.44625E+11	4.66340E-5	-1.53136E+1	-1.67381E-1	-3.74621E-2
2.44713E+11	4.75825E-5	-1.57104E+1	1.07512E-1	1.23661E-1
2.44800E+11	6.21825E-5	-1.49913E+1	5.38028E-2	-1.69680E-1
2.44888E+11	6.13852E-5	-1.50730E+1	-1.38668E-1	1.08934E-1
2.44975E+11	6.58010E-5	-1.46881E+1	1.78126E-1	4.74165E-2
2.45063E+11	6.03801E-5	-1.49539E+1	-1.14252E-1	-1.37502E-1
2.45150E+11	6.89563E-5	-1.45226E+1	-3.77277E-2	1.84049E-1
2.45237E+11	6.67869E-5	-1.48649E+1	1.34359E-1	-1.20704E-1
2.45325E+11	8.04783E-5	-1.42546E+1	-1.92034E-1	-2.58197E-2
2.45412E+11	7.17929E-5	-1.48243E+1	1.35105E-1	1.21140E-1
2.45500E+11	8.31535E-5	-1.40077E+1	-5.08897E-3	-1.99285E-1
2.45587E+11	6.90500E-5	-1.46764E+1	-7.56314E-2	1.68372E-1
2.45675E+11	7.54748E-5	-1.39108E+1	1.90766E-1	-6.51595E-2
2.45763E+11	7.21040E-5	-1.46357E+1	-1.82085E-1	-3.51448E-2
2.45850E+11	9.97822E-5	-1.39223E+1	9.87704E-2	1.75425E-1
2.45938E+11	8.93726E-5	-1.45317E+1	4.42862E-4	-1.87678E-1
2.46025E+11	1.08202E-4	-1.39465E+1	-1.64555E-1	1.15005E-1
2.46113E+11	9.19085E-5	-1.43308E+1	1.91874E-1	8.65914E-3
2.46200E+11	1.00677E-4	-1.39189E+1	-9.11971E-2	-1.79566E-1
2.46287E+11	8.81591E-5	-1.42525E+1	-1.50286E-2	1.93225E-1
2.46375E+11	8.87397E-5	-1.40086E+1	1.75014E-1	-9.54042E-2
2.46462E+11	7.48258E-5	-1.43697E+1	-1.90232E-1	-1.93372E-2
2.46550E+11	8.98151E-5	-1.40410E+1	1.01192E-1	1.70870E-1
2.46637E+11	8.40398E-5	-1.45657E+1	1.49055E-2	-1.86350E-1
2.46725E+11	9.82552E-5	-1.39947E+1	-1.71048E-1	1.02968E-1
2.46813E+11	8.41115E-5	-1.45320E+1	1.87226E-1	1.29140E-2
2.46900E+11	1.04885E-4	-1.38816E+1	-1.13895E-1	-1.67149E-1
2.46988E+11	8.53576E-5	-1.48260E+1	9.97691E-3	1.81152E-1
2.47075E+11	1.05161E-4	-1.40183E+1	1.41042E-1	-1.40535E-1
2.47163E+11	7.49521E-5	-1.51529E+1	-1.67515E-1	4.96773E-2
2.47250E+11	1.04903E-4	-1.39765E+1	1.52811E-1	1.29135E-1
2.47338E+11	8.15155E-5	-1.50826E+1	-4.80479E-2	-1.69466E-1
2.47425E+11	1.03426E-4	-1.40021E+1	-1.40632E-1	1.41472E-1
2.47512E+11	8.10255E-5	-1.50552E+1	1.72614E-1	-3.77853E-2
2.47600E+11	1.02990E-4	-1.38520E+1	-1.28934E-1	-1.56740E-1
2.47687E+11	7.84242E-5	-1.46405E+1	1.90646E-2	1.84359E-1
2.47775E+11	8.90355E-5	-1.38752E+1	1.66418E-1	-1.15225E-1
2.47862E+11	7.79521E-5	-1.47667E+1	-1.82459E-1	8.75733E-3
2.47950E+11	1.05702E-4	-1.37264E+1	1.11795E-1	1.72919E-1
2.48038E+11	9.40699E-5	-1.43632E+1	-5.18694E-3	-1.91285E-1
2.48125E+11	1.12008E-4	-1.34778E+1	-1.67429E-1	1.29863E-1
2.48213E+11	9.30006E-5	-1.42436E+1	1.90815E-1	-3.50508E-2
2.48300E+11	1.11476E-4	-1.31563E+1	-1.64890E-1	-1.45459E-1
2.48388E+11	8.37846E-5	-1.43104E+1	5.60185E-2	1.84192E-1
2.48475E+11	1.11555E-4	-1.29622E+1	1.23238E-1	-1.88068E-1
2.48562E+11	8.37289E-5	-1.42286E+1	-1.64916E-1	1.02823E-1
2.48650E+11	1.09005E-4	-1.28185E+1	2.20104E-1	6.17363E-2
2.48737E+11	7.57071E-5	-1.42816E+1	-1.42865E-1	-1.30002E-1
2.48825E+11	9.81531E-5	-1.28750E+1	-3.20918E-2	2.24838E-1
2.48912E+11	6.37429E-5	-1.43227E+1	1.11449E-1	-1.56648E-1
2.49000E+11	9.16472E-5	-1.27792E+1	-2.29498E-1	-7.91972E-3
2.49087E+11	7.01139E-5	-1.41343E+1	1.75302E-1	8.86980E-2
2.49175E+11	9.52683E-5	-1.29479E+1	-2.36424E-2	-2.23974E-1
2.49263E+11	7.33103E-5	-1.41480E+1	-5.74693E-2	1.87548E-1
2.49350E+11	9.41012E-5	-1.29676E+1	2.13471E-1	-7.01751E-2
2.49438E+11	7.48689E-5	-1.40493E+1	-1.97994E-1	-1.26505E-2
2.49525E+11	8.64587E-5	-1.33032E+1	1.14347E-1	1.83476E-1
2.49613E+11	6.63400E-5	-1.43319E+1	4.96760E-3	-1.91981E-1
2.49700E+11	8.65559E-5	-1.28107E+1	-2.02825E-1	1.05896E-1
2.49787E+11	6.60290E-5	-1.36930E+1	2.01107E-1	-4.77773E-2
2.49875E+11	8.80206E-5	-1.28156E+1	-2.10611E-1	-8.90839E-2
2.49962E+11	6.57840E-5	-1.43808E+1	1.35529E-1	1.34540E-1
2.50050E+11	9.08465E-5	-1.31716E+1	4.50712E-2	-2.14816E-1
2.50137E+11	6.03966E-5	-1.50165E+1	-1.28587E-1	1.22344E-1
2.50225E+11	7.48907E-5	-1.35475E+1	1.88308E-1	9.33943E-2
2.50313E+11	4.36720E-5	-1.47501E+1	-8.56177E-2	-1.61757E-1
2.50400E+11	6.65172E-5	-1.30588E+1	-9.75137E-2	1.99838E-1
2.50488E+11	4.38228E-5	-1.48264E+1	1.47967E-1	-1.04966E-1
2.50575E+11	6.05406E-5	-1.32301E+1	-1.75101E-1	-1.29891E-1
2.50663E+11	4.70337E-5	-1.38504E+1	8.68447E-2	1.83476E-1
2.50750E+11	6.12068E-5	-1.28103E+1	7.02628E-2	-2.17761E-1
2.50837E+11	5.78288E-5	-1.34172E+1	-9.68411E-2	1.90131E-1
2.50925E+11	6.23591E-5	-1.29836E+1	2.05500E-1	-8.98799E-2
2.51012E+11	5.35798E-5	-1.32834E+1	-2.16155E-1	-1.51431E-2
2.51100E+11	5.47952E-5	-1.28494E+1	1.49142E-1	1.72173E-1
2.51187E+11	4.86046E-5	-1.33107E+1	-4.99357E-2	-2.10154E-1
2.51275E+11	5.31103E-5	-1.28541E+1	-1.48578E-1	1.72498E-1
2.51362E+11	4.62036E-5	-1.35809E+1	2.04763E-1	-4.37748E-2
2.51450E+11	5.64278E-5	-1.26171E+1	-1.70713E-1	-1.59987E-1
2.51538E+11	4.60292E-5	-1.34846E+1	5.33926E-2	2.04881E-1
2.51625E+11	6.12648E-5	-1.23727E+1	1.46688E-1	-1.90760E-1
2.51713E+11	4.83481E-5	-1.34154E+1	-1.96503E-1	8.32673E-2
2.51800E+11	6.24270E-5	-1.23045E+1	2.04830E-1	1.29877E-1
2.51888E+11	4.58548E-5	-1.36698E+1	-9.66378E-2	-1.83348E-1
2.51975E+11	5.63154E-5	-1.23800E+1	-1.28531E-1	2.03198E-1
2.52062E+11	4.40144E-5	-1.36471E+1	1.85081E-1	-9.44764E-2
2.52150E+11	5.48530E-5	-1.25131E+1	-1.86105E-1	-1.46387E-1
2.52237E+11	4.21430E-5	-1.34474E+1	7.06509E-2	2.00552E-1
2.52325E+11	6.12790E-5	-1.24518E+1	1.66879E-1	-1.70332E-1
2.52412E+11	6.21275E-5	-1.29848E+1	-2.14045E-1	6.69267E-2
2.52500E+11	8.01950E-5	-1.21099E+1	1.97630E-1	1.49870E-1
2.52588E+11	7.78463E-5	-1.25875E+1	-1.12154E-1	-2.06238E-1
2.52675E+11	9.25343E-5	-1.19453E+1	-9.87594E-2	2.32684E-1
2.52763E+11	8.37923E-5	-1.25047E+1	1.81249E-1	-1.52714E-1
2.52850E+11	9.91547E-5	-1.17849E+1	-2.51287E-1	-5.61604E-2
2.52938E+11	7.73387E-5	-1.26472E+1	1.74300E-1	1.54853E-1
2.53025E+11	9.06508E-5	-1.16304E+1	1.98156E-2	-2.61356E-1
2.53113E+11	6.97977E-5	-1.28068E+1	-1.15252E-1	1.97777E-1
2.53200E+11	9.65315E-5	-1.14968E+1	2.65105E-1	-2.38029E-2
2.53287E+11	7.25259E-5	-1.28000E+1	-2.14406E-1	-8.06898E-2
2.53375E+11	9.71480E-5	-1.14350E+1	4.83569E-2	2.63675E-1
2.53462E+11	7.38582E-5	-1.26082E+1	7.40175E-2	-2.22197E-1
2.53550E+11	1.03505E-4	-1.14837E+1	-2.64371E-1	3.41961E-2
2.53637E+11	9.72937E-5	-1.22189E+1	2.32246E-1	7.78225E-2
2.53725E+11	1.10455E-4	-1.17355E+1	-4.51919E-2	-2.54981E-1
2.53813E+11	9.64963E-5	-1.24994E+1	-6.85245E-2	2.27038E-1
2.53900E+11	1.14585E-4	-1.19168E+1	2.51674E-1	-3.12484E-2
2.53988E+11	1.07329E-4	-1.22501E+1	-2.08699E-1	-1.26529E-1
2.54075E+11	1.14463E-4	-1.18805E+1	-5.85724E-2	2.47841E-1
2.54163E+11	1.05184E-4	-1.23837E+1	1.73853E-1	-1.65940E-1
2.54250E+11	1.22313E-4	-1.18251E+1	-2.38708E-1	-9.33101E-2
2.54337E+11	1.14555E-4	-1.22313E+1	1.48825E-1	1.94099E-1
2.54425E+11	1.28095E-4	-1.16831E+1	9.94680E-2	-2.40786E-1
2.54512E+11	9.81190E-5	-1.27983E+1	-1.67076E-1	1.56804E-1
2.54600E+11	1.18448E-4	-1.16921E+1	2.48545E-1	7.71807E-2
2.54687E+11	9.08618E-5	-1.27908E+1	-1.64763E-1	-1.59514E-1
2.54775E+11	1.34415E-4	-1.14991E+1	-8.19757E-2	2.53158E-1
2.54863E+11	1.00881E-4	-1.29832E+1	1.41929E-1	-1.73693E-1
2.54950E+11	1.47321E-4	-1.15048E+1	-2.61673E-1	-4.73716E-2
2.55038E+11	1.16270E-4	-1.25956E+1	2.03812E-1	1.16065E-1
2.55125E+11	1.52550E-4	-1.14444E+1	3.66878E-2	-2.65257E-1
2.55213E+11	1.16863E-4	-1.24610E+1	-1.22185E-1	2.04481E-1
2.55300E+11	1.36972E-4	-1.14955E+1	2.62273E-1	4.56241E-2
2.55388E+11	1.16256E-4	-1.20754E+1	-2.15283E-1	-1.25152E-1
2.55475E+11	1.51208E-4	-1.13783E+1	-2.00335E-2	2.69082E-1
2.55562E+11	1.20310E-4	-1.24103E+1	9.56569E-2	-2.19675E-1
2.55650E+11	1.57441E-4	-1.13598E+1	-2.70390E-1	2.62657E-3
2.55737E+11	1.42681E-4	-1.18877E+1	2.32300E-1	1.03850E-1
2.55825E+11	1.89068E-4	-1.07983E+1	1.36566E-2	-2.88136E-1
2.55912E+11	1.38946E-4	-1.20688E+1	-1.28650E-1	2.13432E-1
2.56000E+11	1.91021E-4	-1.06767E+1	2.89797E-1	3.98711E-2
2.56088E+11	1.40192E-4	-1.17993E+1	-2.15826E-1	-1.39641E-1
2.56175E+11	1.95275E-4	-1.01378E+1	-3.12475E-2	3.09677E-1
2.56263E+11	1.41164E-4	-1.14757E+1	1.15612E-1	-2.40469E-1
2.56350E+11	1.38436E-4	-9.99039E+0	2.12301E-1	2.34840E-1
2.56438E+11	1.16200E-4	-1.11257E+1	-9.29062E-2	-2.61793E-1
2.56525E+11	1.45633E-4	-9.98696E+0	-2.17319E-1	2.30376E-1
2.56612E+11	1.14089E-4	-1.08467E+1	2.51321E-1	-1.38292E-1
2.56700E+11	1.52903E-4	-1.01098E+1	-2.64590E-1	-1.65815E-1
2.56787E+11	1.39858E-4	-1.04899E+1	1.95982E-1	2.25665E-1
2.56875E+11	1.61403E-4	-9.95005E+0	1.00103E-1	-3.01888E-1
2.56962E+11	1.47498E-4	-1.03403E+1	-1.88020E-1	2.38981E-1
2.57050E+11	1.55414E-4	-1.01293E+1	3.07177E-1	5.20444E-2
2.57137E+11	1.55019E-4	-1.02117E+1	-2.64068E-1	-1.59718E-1
2.57225E+11	1.66284E-4	-1.01431E+1	8.77071E-3	3.10938E-1
2.57313E+11	1.48917E-4	-1.04960E+1	9.03099E-2	-2.84695E-1
2.57400E+11	1.73182E-4	-1.01458E+1	-3.00064E-1	8.16067E-2
2.57488E+11	1.55211E-4	-1.07756E+1	2.88531E-1	1.98500E-2
2.57575E+11	1.86945E-4	-1.01147E+1	-1.40602E-1	-2.78611E-1
2.57663E+11	1.65063E-4	-1.08511E+1	3.06325E-2	2.85069E-1
2.57750E+11	1.95416E-4	-1.02805E+1	2.60405E-1	-1.61043E-1
2.57837E+11	1.47453E-4	-1.12737E+1	-2.64903E-1	6.63944E-2
2.57925E+11	1.80408E-4	-1.04571E+1	1.86413E-1	2.35074E-1
2.58012E+11	1.54992E-4	-1.11466E+1	-1.09546E-1	-2.54549E-1
2.58100E+11	1.76808E-4	-1.07028E+1	-1.98950E-1	2.13258E-1
2.58187E+11	1.47876E-4	-1.14263E+1	2.22095E-1	-1.50597E-1
2.58275E+11	1.59761E-4	-1.09262E+1	-2.21132E-1	-1.78591E-1
2.58363E+11	1.36869E-4	-1.13113E+1	1.51309E-1	2.25929E-1
2.58450E+11	1.37303E-4	-1.11316E+1	1.73500E-1	-2.16700E-1
2.58538E+11	1.14288E-4	-1.16849E+1	-2.01624E-1	1.64897E-1
2.58625E+11	1.20547E-4	-1.12584E+1	2.32185E-1	1.44688E-1
2.58713E+11	1.13749E-4	-1.13924E+1	-1.85050E-1	-1.95775E-1
2.58800E+11	1.24575E-4	-1.10583E+1	-1.43470E-1	2.40394E-1
2.58887E+11	1.02902E-4	-1.17171E+1	1.99639E-1	-1.65793E-1
2.58975E+11	1.17157E-4	-1.09244E+1	-2.28546E-1	-1.69102E-1
2.59062E+11	9.87987E-5	-1.14467E+1	1.50971E-1	2.21081E-1
2.59150E+11	1.10499E-4	-1.09532E+1	2.00383E-1	-2.00351E-1
2.59237E+11	8.48712E-5	-1.20700E+1	-2.17774E-1	1.21085E-1
2.59325E+11	9.54175E-5	-1.12364E+1	1.76638E-1	2.09818E-1
2.59412E+11	9.26667E-5	-1.15774E+1	-1.17786E-1	-2.35945E-1
2.59500E+11	1.19819E-4	-1.06345E+1	-2.26963E-1	1.86802E-1
2.59588E+11	1.06398E-4	-1.13914E+1	2.39591E-1	-1.23224E-1
2.59675E+11	1.19341E-4	-1.09781E+1	-1.88195E-1	-2.10754E-1
2.59763E+11	1.19197E-4	-1.08895E+1	1.45787E-1	2.45410E-1
2.59850E+11	1.26323E-4	-1.03720E+1	2.16604E-1	-2.11834E-1
2.59938E+11	1.32565E-4	-1.02618E+1	-2.73617E-1	1.38870E-1
2.60025E+11	1.29276E-4	-1.05308E+1	1.91662E-1	2.27510E-1
2.60112E+11	1.39750E-4	-1.00865E+1	-1.41570E-1	-2.79259E-1
2.60200E+11	1.36015E-4	-1.05109E+1	-2.02786E-1	2.18587E-1
2.60287E+11	1.40501E-4	-1.02727E+1	2.51333E-1	-1.75341E-1
2.60375E+11	1.26056E-4	-1.09626E+1	-2.28928E-1	-1.66471E-1
2.60462E+11	1.33730E-4	-1.05120E+1	1.80498E-1	2.37276E-1
2.60550E+11	1.34034E-4	-1.08248E+1	1.92355E-1	-2.13779E-1
2.60638E+11	1.28682E-4	-1.07010E+1	-2.63341E-1	1.25483E-1
2.60725E+11	1.13671E-4	-1.15530E+1	1.50042E-1	2.17768E-1
2.60813E+11	1.16739E-4	-1.14838E+1	-8.79799E-2	-2.51631E-1
2.60900E+11	9.73668E-5	-1.19795E+1	-2.12202E-1	1.35517E-1
2.60988E+11	9.78940E-5	-1.15213E+1	2.51011E-1	-8.62621E-2
2.61075E+11	7.49516E-5	-1.26015E+1	-1.14523E-1	-2.04499E-1
2.61163E+11	8.66801E-5	-1.18518E+1	6.78336E-2	2.46344E-1
2.61250E+11	7.14340E-5	-1.31043E+1	2.02635E-1	-8.87070E-2
2.61337E+11	1.01649E-4	-1.18033E+1	-2.54712E-1	3.37698E-2
2.61425E+11	6.78805E-5	-1.35657E+1	6.92840E-2	1.97982E-1
2.61512E+11	9.48638E-5	-1.19112E+1	-2.07094E-2	-2.52923E-1
2.61600E+11	6.71490E-5	-1.35383E+1	-1.98326E-1	7.03067E-2
2.61687E+11	9.24812E-5	-1.21596E+1	2.46591E-1	3.47657E-3
2.61775E+11	6.52452E-5	-1.41866E+1	-3.88800E-2	-1.91377E-1
2.61863E+11	9.33352E-5	-1.27315E+1	-3.64672E-2	2.28002E-1
2.61950E+11	6.52870E-5	-1.40136E+1	1.97534E-1	-2.58141E-2
2.62038E+11	9.19426E-5	-1.25243E+1	-2.27805E-1	-6.34461E-2
2.62125E+11	6.08121E-5	-1.41624E+1	-1.78671E-2	1.95014E-1
2.62213E+11	8.18433E-5	-1.29206E+1	1.21578E-1	-1.90425E-1
2.62300E+11	5.85018E-5	-1.43187E+1	-1.79256E-1	-6.97217E-2
2.62387E+11	9.11529E-5	-1.27547E+1	1.68543E-1	1.56919E-1
2.62475E+11	5.93793E-5	-1.48307E+1	7.97665E-2	-1.62841E-1
2.62562E+11	8.85858E-5	-1.29037E+1	-1.51316E-1	1.68363E-1
2.62650E+11	5.88642E-5	-1.47194E+1	1.70186E-1	6.90660E-2
2.62737E+11	9.85759E-5	-1.24138E+1	-1.94411E-1	-1.39878E-1
2.62825E+11	5.90075E-5	-1.46715E+1	-2.92815E-2	1.82345E-1
2.62913E+11	1.04406E-4	-1.23043E+1	1.22575E-1	-2.09287E-1
2.63000E+11	6.15866E-5	-1.42845E+1	-1.91283E-1	-2.63994E-2
2.63088E+11	1.13894E-4	-1.16497E+1	2.22052E-1	1.38162E-1
2.63175E+11	6.04769E-5	-1.43322E+1	3.10268E-2	-1.89516E-1
2.63263E+11	9.75869E-5	-1.20927E+1	-1.50782E-1	1.97555E-1
2.63350E+11	5.90757E-5	-1.40813E+1	1.93950E-1	3.81613E-2
2.63438E+11	1.03124E-4	-1.16227E+1	-1.98443E-1	-1.71587E-1
2.63525E+11	6.24892E-5	-1.38318E+1	-5.19381E-2	1.96685E-1
2.63612E+11	9.94185E-5	-1.16742E+1	1.90340E-1	-1.78273E-1
2.63700E+11	6.71373E-5	-1.35077E+1	-1.94963E-1	-8.11062E-2
2.63787E+11	1.07566E-4	-1.12317E+1	1.38233E-1	2.37061E-1
2.63875E+11	6.21397E-5	-1.36289E+1	1.18486E-1	-1.71241E-1
2.63962E+11	1.08505E-4	-1.12988E+1	-2.46229E-1	1.16285E-1
2.64050E+11	6.42608E-5	-1.35031E+1	1.80745E-1	1.09398E-1
2.64138E+11	1.26754E-4	-1.05642E+1	-1.45209E-1	-2.58326E-1
2.64225E+11	6.45563E-5	-1.34259E+1	-1.04605E-1	1.85727E-1
2.64313E+11	1.31668E-4	-1.02388E+1	2.69702E-1	-1.48024E-1
2.64400E+11	6.88319E-5	-1.32810E+1	-1.95871E-1	-9.28050E-2
2.64488E+11	1.50507E-4	-9.91119E+0	1.62620E-1	2.74992E-1
2.64575E+11	7.58520E-5	-1.29736E+1	6.99281E-2	-2.13388E-1
2.64662E+11	1.68924E-4	-9.44910E+0	-2.81756E-1	1.84766E-1
2.64750E+11	8.11283E-5	-1.27339E+1	2.22995E-1	5.96532E-2
2.64837E+11	1.70278E-4	-9.50934E+0	-1.58963E-1	-2.94434E-1
2.64925E+11	7.66557E-5	-1.27847E+1	-6.82170E-2	2.19117E-1
2.65012E+11	1.70419E-4	-9.43369E+0	2.93975E-1	-1.65852E-1
2.65100E+11	8.12995E-5	-1.25694E+1	-2.30304E-1	-4.79837E-2
2.65187E+11	1.64841E-4	-9.54396E+0	1.67876E-1	2.87905E-1
2.65275E+11	7.08422E-5	-1.30763E+1	6.10584E-2	-2.13349E-1
2.65363E+11	1.58688E-4	-9.58340E+0	-3.00589E-1	1.40407E-1
2.65450E+11	8.59377E-5	-1.25184E+1	2.20472E-1	8.59545E-2
2.65538E+11	1.74772E-4	-9.26902E+0	-1.05937E-1	-3.27274E-1
2.65625E+11	7.47295E-5	-1.29851E+1	-9.05790E-2	2.05150E-1
2.65713E+11	1.76333E-4	-9.27971E+0	3.27562E-1	-1.03650E-1
2.65800E+11	9.55877E-5	-1.24902E+1	-2.16983E-1	-9.63309E-2
2.65887E+11	1.96127E-4	-9.11244E+0	6.18424E-2	3.44747E-1
2.65975E+11	9.24621E-5	-1.27640E+1	1.13659E-1	-1.99998E-1
2.66062E+11	2.08389E-4	-9.30072E+0	-3.41527E-1	2.88057E-2
2.66150E+11	1.05032E-4	-1.23212E+1	2.15971E-1	1.09334E-1
2.66237E+11	2.34118E-4	-8.93213E+0	1.60364E-2	-3.57237E-1
2.66325E+11	1.10617E-4	-1.22415E+1	-1.59297E-1	1.85224E-1
2.66413E+11	2.14348E-4	-9.30835E+0	3.16385E-1	1.31015E-1
2.66500E+11	1.24543E-4	-1.20281E+1	-1.39681E-1	-2.07792E-1
2.66588E+11	2.35820E-4	-9.20782E+0	-1.79852E-1	2.96080E-1
2.66675E+11	1.29391E-4	-1.18609E+1	2.14038E-1	-1.39059E-1
2.66763E+11	2.37468E-4	-9.27538E+0	-3.01041E-1	-1.65928E-1
2.66850E+11	1.39175E-4	-1.16169E+1	1.44140E-1	2.19404E-1
2.66937E+11	2.54573E-4	-9.11657E+0	2.15681E-1	-2.75754E-1
2.67025E+11	1.42829E-4	-1.15155E+1	-2.47145E-1	9.72707E-2
2.67112E+11	2.58110E-4	-8.96826E+0	2.74296E-1	2.27107E-1
2.67200E+11	1.39307E-4	-1.14838E+1	-1.41028E-1	-2.26210E-1
2.67287E+11	2.80249E-4	-8.71820E+0	-1.66088E-1	3.26721E-1
2.67375E+11	1.33722E-4	-1.16588E+1	1.88649E-1	-1.80732E-1
2.67462E+11	2.47933E-4	-9.13067E+0	-3.25917E-1	-1.26250E-1
2.67550E+11	1.27692E-4	-1.17594E+1	1.88534E-1	1.76481E-1
2.67638E+11	2.28952E-4	-9.21719E+0	1.40102E-1	-3.16422E-1
2.67725E+11	1.49456E-4	-1.12268E+1	-1.84266E-1	2.03563E-1
2.67813E+11	2.39525E-4	-9.26668E+0	3.29291E-1	9.98112E-2
2.67900E+11	1.60874E-4	-1.09495E+1	-2.49837E-1	-1.33955E-1
2.67988E+11	2.46785E-4	-9.18576E+0	-4.28044E-2	3.44658E-1
2.68075E+11	1.58436E-4	-1.08911E+1	1.11341E-1	-2.62781E-1
2.68162E+11	2.37049E-4	-9.25266E+0	-3.44217E-1	-1.70999E-2
2.68250E+11	1.51631E-4	-1.09968E+1	2.71913E-1	7.45353E-2
2.68337E+11	2.22841E-4	-9.44247E+0	-2.85098E-2	-3.35984E-1
2.68425E+11	1.53649E-4	-1.10324E+1	-6.14043E-2	2.73992E-1
2.68512E+11	2.42727E-4	-9.35232E+0	3.37098E-1	-4.94758E-2
2.68600E+11	1.52566E-4	-1.12828E+1	-2.72459E-1	-1.38548E-2
2.68688E+11	2.38963E-4	-9.50831E+0	8.70537E-2	3.23124E-1
2.68775E+11	1.32050E-4	-1.17417E+1	-6.02238E-3	-2.58702E-1
2.68863E+11	2.06616E-4	-9.95430E+0	-3.05924E-1	8.64185E-2
2.68950E+11	1.34659E-4	-1.18664E+1	2.54540E-1	-1.66144E-2
2.69038E+11	2.05071E-4	-1.00523E+1	-8.10570E-2	-3.03698E-1
2.69125E+11	1.26491E-4	-1.23442E+1	3.02900E-2	2.39521E-1
2.69212E+11	2.11944E-4	-1.04917E+1	2.77591E-1	-1.10626E-1
2.69300E+11	1.36735E-4	-1.24808E+1	-2.30416E-1	5.82367E-2
2.69387E+11	2.15806E-4	-1.06516E+1	1.21593E-1	2.66987E-1
2.69475E+11	1.59169E-4	-1.17045E+1	-7.09449E-2	-2.50010E-1
2.69562E+11	2.06575E-4	-1.06470E+1	-2.56861E-1	1.42059E-1
2.69650E+11	1.68947E-4	-1.15856E+1	2.42136E-1	-1.03839E-1
2.69737E+11	2.07641E-4	-1.05482E+1	-1.64290E-1	-2.47285E-1
2.69825E+11	1.64355E-4	-1.16937E+1	1.12296E-1	2.34725E-1
2.69913E+11	2.13961E-4	-1.07031E+1	2.29438E-1	-1.80033E-1
2.70000E+11	1.54906E-4	-1.19140E+1	-2.11617E-1	1.39914E-1
2.70088E+11	2.13989E-4	-1.04672E+1	2.04461E-1	2.19082E-1
2.70175E+11	1.54075E-4	-1.17389E+1	-1.61460E-1	-2.02325E-1
2.70263E+11	1.80279E-4	-1.09153E+1	-1.94312E-1	2.07941E-1
2.70350E+11	1.52504E-4	-1.17044E+1	1.69216E-1	-1.97247E-1
2.70437E+11	1.78308E-4	-1.07565E+1	-2.61883E-1	-1.24220E-1
2.70525E+11	1.48722E-4	-1.16323E+1	2.43288E-1	9.73769E-2
2.70612E+11	1.66372E-4	-1.09939E+1	5.43248E-2	-2.76756E-1
2.70700E+11	1.53310E-4	-1.13879E+1	-3.72318E-2	2.66945E-1
2.70787E+11	1.63553E-4	-1.08664E+1	2.86016E-1	-1.04244E-2
2.70875E+11	1.66454E-4	-1.10059E+1	-2.77755E-1	4.66625E-2
2.70963E+11	1.54594E-4	-1.08979E+1	1.36861E-1	2.50182E-1
2.71050E+11	1.48645E-4	-1.10964E+1	-1.88485E-1	-2.05338E-1
2.71138E+11	1.54114E-4	-1.09978E+1	-1.54301E-1	2.35932E-1
2.71225E+11	1.63793E-4	-1.07352E+1	1.74315E-1	-2.32467E-1
2.71313E+11	1.50788E-4	-1.11336E+1	-2.29009E-1	-1.56784E-1
2.71400E+11	1.80918E-4	-1.04397E+1	2.31120E-1	1.92237E-1
2.71488E+11	1.53670E-4	-1.09060E+1	1.51152E-1	-2.41503E-1
2.71575E+11	1.60340E-4	-1.05394E+1	-1.68254E-1	2.44973E-1
2.71662E+11	1.35225E-4	-1.11963E+1	2.56122E-1	1.01605E-1
2.71750E+11	1.57567E-4	-1.05751E+1	-2.72835E-1	-1.14712E-1
2.71837E+11	1.45304E-4	-1.10184E+1	-7.64049E-2	2.70666E-1
2.71925E+11	1.66073E-4	-1.04692E+1	1.25338E-1	-2.72121E-1
2.72012E+11	1.37768E-4	-1.10549E+1	-2.70693E-1	-7.18369E-2
2.72100E+11	1.73759E-4	-1.00151E+1	3.04119E-1	8.46456E-2
2.72188E+11	1.35305E-4	-1.10163E+1	8.46614E-3	-2.81182E-1
2.72275E+11	1.64174E-4	-1.00528E+1	-1.89302E-2	3.13741E-1
2.72363E+11	1.20086E-4	-1.12562E+1	2.73581E-1	-5.95738E-3
2.72450E+11	1.58250E-4	-9.74872E+0	-3.21387E-1	-5.16415E-2
2.72538E+11	1.22601E-4	-1.12799E+1	-3.61769E-2	2.70492E-1
2.72625E+11	1.58072E-4	-1.01144E+1	7.89410E-2	-3.01942E-1
2.72712E+11	1.11318E-4	-1.17960E+1	-2.56787E-1	-1.38171E-2
2.72800E+11	1.52666E-4	-1.01920E+1	3.01236E-1	7.02287E-2
2.72887E+11	1.17192E-4	-1.14881E+1	3.47092E-2	-2.64165E-1
2.72975E+11	1.56724E-4	-1.00130E+1	-1.50587E-1	2.77534E-1
2.73062E+11	1.11065E-4	-1.16463E+1	2.33976E-1	1.17067E-1
2.73150E+11	1.60711E-4	-1.00057E+1	-2.11795E-1	-2.34545E-1
2.73238E+11	1.07464E-4	-1.17368E+1	-1.57587E-1	2.05435E-1
2.73325E+11	1.43173E-4	-1.04817E+1	2.30936E-1	-1.90183E-1
2.73413E+11	1.06263E-4	-1.19724E+1	-2.01654E-1	-1.51109E-1
2.73500E+11	1.46454E-4	-1.03322E+1	1.80575E-1	2.45006E-1
2.73588E+11	1.15640E-4	-1.17317E+1	1.81048E-1	-1.85308E-1
2.73675E+11	1.68172E-4	-9.93675E+0	-2.82729E-1	1.46736E-1
2.73763E+11	1.28719E-4	-1.13757E+1	1.76232E-1	2.04431E-1
2.73850E+11	2.20571E-4	-8.89533E+0	-1.63958E-1	-3.19501E-1
2.73937E+11	1.33409E-4	-1.13256E+1	-1.80530E-1	2.02743E-1
2.74025E+11	2.25800E-4	-8.79821E+0	3.21608E-1	-1.68667E-1
2.74112E+11	1.30366E-4	-1.15303E+1	-1.89530E-1	-1.85421E-1
2.74200E+11	2.25120E-4	-8.79845E+0	1.14721E-1	3.44546E-1
2.74287E+11	1.12630E-4	-1.17477E+1	2.08267E-1	-1.53281E-1
2.74375E+11	2.08989E-4	-8.89788E+0	-3.58670E-1	1.56040E-2
2.74463E+11	1.27609E-4	-1.14716E+1	8.91466E-2	2.51620E-1
2.74550E+11	2.30027E-4	-8.62835E+0	8.90817E-2	-3.59450E-1
2.74638E+11	1.30777E-4	-1.13035E+1	-2.69178E-1	4.01774E-2
2.74725E+11	2.27082E-4	-8.76119E+0	3.41278E-1	1.28602E-1
2.74813E+11	1.10988E-4	-1.16358E+1	-2.66104E-2	-2.60591E-1
2.74900E+11	2.08368E-4	-9.05226E+0	-1.25188E-1	3.29719E-1
2.74988E+11	1.18028E-4	-1.17844E+1	2.56853E-1	-1.82511E-2
2.75075E+11	2.31295E-4	-8.79611E+0	-3.50454E-1	-9.55298E-2
2.75162E+11	1.13058E-4	-1.18215E+1	8.48723E-2	2.41951E-1
2.75250E+11	2.52337E-4	-8.41083E+0	5.28832E-3	-3.79679E-1
2.75338E+11	1.05223E-4	-1.21154E+1	-2.09713E-1	1.32140E-1
2.75425E+11	2.54594E-4	-8.28861E+0	3.85079E-1	-3.65092E-3
2.75512E+11	1.02813E-4	-1.21375E+1	-1.26611E-1	-2.12364E-1
2.75600E+11	2.51113E-4	-8.26751E+0	-2.54964E-2	3.85190E-1
2.75688E+11	1.01959E-4	-1.23267E+1	1.91165E-1	-1.48254E-1
2.75775E+11	2.49558E-4	-8.40600E+0	-3.75639E-1	5.69164E-2
2.75862E+11	1.08014E-4	-1.19896E+1	2.01548E-1	1.50420E-1
2.75950E+11	2.73226E-4	-8.04932E+0	-6.57662E-2	-3.90352E-1
2.76038E+11	1.17949E-4	-1.17527E+1	-2.07249E-1	1.54405E-1
2.76125E+11	2.69106E-4	-8.30447E+0	3.68703E-1	1.08704E-1
2.76213E+11	1.37746E-4	-1.10805E+1	-1.05498E-1	-2.58543E-1
2.76300E+11	3.46896E-4	-7.48928E+0	-1.39252E-1	3.98593E-1
2.76387E+11	1.50402E-4	-1.10309E+1	2.39366E-1	-1.46879E-1
2.76475E+11	3.52272E-4	-7.39327E+0	-4.14780E-1	-1.01045E-1
2.76563E+11	1.40562E-4	-1.12656E+1	1.25394E-1	2.42892E-1
2.76650E+11	3.96275E-4	-6.86653E+0	1.76068E-1	-4.18035E-1
2.76737E+11	1.41426E-4	-1.11296E+1	-2.48760E-1	1.23355E-1
2.76825E+11	4.31062E-4	-6.52607E+0	4.46703E-1	1.51622E-1
2.76913E+11	1.46791E-4	-1.08295E+1	-2.05040E-1	-2.01423E-1
2.77000E+11	4.42793E-4	-5.96354E+0	9.07741E-3	5.03213E-1
2.77087E+11	1.42899E-4	-1.06995E+1	1.50485E-1	-2.49957E-1
2.77175E+11	3.99127E-4	-6.16838E+0	-4.89078E-1	-4.93818E-2
2.77262E+11	1.39600E-4	-1.05328E+1	2.20752E-1	1.99307E-1
2.77350E+11	3.96661E-4	-5.78734E+0	1.24618E-1	-4.98262E-1
2.77438E+11	1.38815E-4	-1.02320E+1	-1.97885E-1	2.35880E-1
2.77525E+11	3.74456E-4	-5.84042E+0	4.99913E-1	1.03331E-1
2.77612E+11	1.60713E-4	-9.38404E+0	-2.64845E-1	-2.12356E-1
2.77700E+11	3.87004E-4	-5.16961E+0	-1.61008E-1	5.27440E-1
2.77788E+11	1.55870E-4	-8.85189E+0	2.55578E-1	-2.54833E-1
2.77875E+11	3.62429E-4	-4.89363E+0	-5.43822E-1	-1.68304E-1
2.77962E+11	1.79446E-4	-7.37392E+0	3.44875E-1	2.53233E-1
2.78050E+11	3.62338E-4	-3.03598E+0	4.36960E-2	-7.03664E-1
2.78138E+11	1.76291E-4	-5.80284E+0	-2.03776E-1	4.70457E-1
2.78225E+11	4.01150E-4	-1.95613E+0	7.96707E-1	5.12004E-2
2.78312E+11	1.82183E-4	-5.26484E+0	-4.71138E-1	-2.74862E-1
2.78400E+11	4.09650E-4	-1.50128E+0	-1.98886E-1	8.17424E-1
2.78487E+11	1.79533E-4	-5.38677E+0	2.68174E-1	-4.66226E-1
2.78575E+11	4.06725E-4	-1.48185E+0	-8.27778E-1	-1.60293E-1
2.78663E+11	1.91944E-4	-5.02222E+0	5.06841E-1	2.40262E-1
2.78750E+11	4.10240E-4	-1.43050E+0	2.13890E-1	-8.20742E-1
2.78837E+11	2.02355E-4	-4.87963E+0	-2.95950E-1	4.87369E-1
2.78925E+11	3.81787E-4	-1.87957E+0	7.29700E-1	3.40935E-1
2.79013E+11	1.82518E-4	-4.96482E+0	-4.05221E-1	-3.93187E-1
2.79100E+11	3.16908E-4	-2.45672E+0	-4.79700E-1	5.81258E-1
2.79187E+11	2.02563E-4	-4.69747E+0	5.00114E-1	-2.98207E-1
2.79275E+11	3.09174E-4	-3.24297E+0	-4.09302E-1	-5.53525E-1
2.79363E+11	1.94905E-4	-5.63526E+0	1.71630E-1	4.93699E-1
2.79450E+11	2.97356E-4	-4.27005E+0	5.34410E-1	-2.97511E-1
2.79537E+11	1.80479E-4	-6.90575E+0	-4.35537E-1	1.19209E-1
2.79625E+11	2.92812E-4	-5.22789E+0	2.39791E-1	4.92506E-1
2.79712E+11	1.68040E-4	-7.98738E+0	-6.89138E-2	-3.92685E-1
2.79800E+11	2.84683E-4	-5.93817E+0	-4.75115E-1	1.70458E-1
2.79888E+11	1.70503E-4	-8.57052E+0	3.70440E-1	-4.18673E-2
2.79975E+11	2.70908E-4	-6.54956E+0	-1.70267E-1	-4.38567E-1
2.80062E+11	1.98569E-4	-8.41553E+0	8.53697E-2	3.69784E-1
2.80150E+11	2.56658E-4	-7.12587E+0	4.15005E-1	-1.46961E-1
2.80238E+11	1.94363E-4	-8.69832E+0	-3.62611E-1	5.88353E-2
2.80325E+11	2.43743E-4	-7.81304E+0	8.04161E-2	3.98741E-1
2.80412E+11	1.79640E-4	-9.37648E+0	-2.90582E-2	-3.38518E-1
2.80500E+11	2.32552E-4	-8.49073E+0	-3.68879E-1	7.40523E-2
2.80588E+11	1.98966E-4	-9.21350E+0	3.45681E-1	-1.89173E-2
2.80675E+11	2.15065E-4	-8.77289E+0	-7.86734E-2	-3.55614E-1
2.80763E+11	1.95440E-4	-9.22095E+0	1.55330E-2	3.45553E-1
2.80850E+11	2.15564E-4	-9.04295E+0	3.44142E-1	-7.88685E-2
2.80937E+11	2.34120E-4	-8.93694E+0	-3.56011E-1	3.14622E-2
2.81025E+11	2.33833E-4	-8.94558E+0	1.32711E-1	3.31463E-1
2.81113E+11	2.18498E-4	-9.26721E+0	-1.17567E-1	-3.23355E-1
2.81200E+11	2.57248E-4	-8.92367E+0	-2.96613E-1	2.00363E-1
2.81287E+11	2.29979E-4	-9.30896E+0	2.98434E-1	-1.67884E-1
2.81375E+11	2.44443E-4	-9.12372E+0	-1.91002E-1	-2.93044E-1
2.81463E+11	1.97755E-4	-9.65938E+0	1.54622E-1	2.90260E-1
2.81550E+11	2.15205E-4	-9.31065E+0	2.87268E-1	-1.86223E-1
2.81637E+11	2.12989E-4	-9.26918E+0	-2.84267E-1	1.93698E-1
2.81725E+11	1.95105E-4	-9.46578E+0	2.18167E-1	2.55915E-1
2.81813E+11	2.04995E-4	-9.20667E+0	-2.18647E-1	-2.68767E-1
2.81900E+11	1.79734E-4	-9.84894E+0	-2.51842E-1	2.00287E-1
2.81988E+11	2.05616E-4	-9.28212E+0	2.85308E-1	-1.91242E-1
2.82075E+11	1.87739E-4	-9.79142E+0	-1.96352E-1	-2.57616E-1
2.82162E+11	2.20061E-4	-8.75975E+0	2.21727E-1	2.89638E-1
2.82250E+11	1.71735E-4	-9.81106E+0	2.08918E-1	-2.46576E-1
2.82338E+11	2.07559E-4	-8.94530E+0	-2.70993E-1	2.32489E-1
2.82425E+11	1.72062E-4	-9.78071E+0	2.27523E-1	2.31111E-1
2.82512E+11	2.18872E-4	-8.49012E+0	-2.23418E-1	-3.02754E-1
2.82600E+11	1.72275E-4	-9.70908E+0	-1.98809E-1	2.59621E-1
2.82688E+11	2.29569E-4	-8.27869E+0	2.35759E-1	-3.05051E-1
2.82775E+11	1.62653E-4	-1.00932E+1	-2.88587E-1	-1.20803E-1
2.82862E+11	2.21319E-4	-8.62580E+0	3.17316E-1	1.91131E-1
2.82950E+11	1.45525E-4	-1.04733E+1	1.22286E-1	-2.73349E-1
2.83037E+11	2.01946E-4	-8.80223E+0	-2.10952E-1	2.95394E-1
2.83125E+11	1.36101E-4	-1.05543E+1	2.65224E-1	1.32943E-1
2.83213E+11	2.12234E-4	-8.48287E+0	-3.29401E-1	-1.82503E-1
2.83300E+11	1.39901E-4	-1.04330E+1	-5.60562E-2	2.95581E-1
2.83387E+11	2.09722E-4	-8.45846E+0	1.16578E-1	-3.59195E-1
2.83475E+11	1.25335E-4	-1.06439E+1	-2.88221E-1	-5.61165E-2
2.83563E+11	2.17628E-4	-8.22129E+0	3.55691E-1	1.55241E-1
2.83650E+11	1.23966E-4	-1.08090E+1	8.64325E-2	-2.74835E-1
2.83737E+11	2.29027E-4	-8.06258E+0	-2.24280E-1	3.25454E-1
2.83825E+11	1.29503E-4	-1.08134E+1	2.65037E-1	1.12586E-1
2.83913E+11	2.39657E-4	-7.84789E+0	-2.97493E-1	-2.75021E-1
2.84000E+11	1.21567E-4	-1.07090E+1	-1.12053E-1	2.69039E-1
2.84087E+11	2.60052E-4	-7.32207E+0	2.90508E-1	-3.17600E-1
2.84175E+11	1.26355E-4	-1.02623E+1	-3.02973E-1	-4.84327E-2
2.84262E+11	2.21999E-4	-7.44182E+0	3.74446E-1	2.00041E-1
2.84350E+11	1.06547E-4	-1.07678E+1	1.33835E-2	-2.89166E-1
2.84438E+11	2.14557E-4	-7.93664E+0	-1.83267E-1	3.56696E-1
2.84525E+11	1.19363E-4	-1.07088E+1	2.91447E-1	-9.62226E-4
2.84612E+11	2.72805E-4	-7.50978E+0	-3.89081E-1	-1.61381E-1
2.84700E+11	1.17279E-4	-1.09269E+1	3.25541E-2	2.82351E-1
2.84788E+11	2.98935E-4	-7.09315E+0	1.17839E-1	-4.25918E-1
2.84875E+11	1.24276E-4	-1.09565E+1	-2.68559E-1	9.00453E-2
2.84962E+11	3.45057E-4	-6.64371E+0	4.63510E-1	4.17589E-2
2.85050E+11	1.13002E-4	-1.13470E+1	-1.39073E-1	-2.32363E-1
2.85138E+11	3.52781E-4	-6.79477E+0	9.18025E-3	4.57271E-1
2.85225E+11	1.15860E-4	-1.14940E+1	2.03436E-1	-1.71776E-1
2.85313E+11	3.89199E-4	-6.53294E+0	-4.70841E-1	2.21247E-2
2.85400E+11	1.26043E-4	-1.13866E+1	1.96253E-1	1.84805E-1
2.85487E+11	3.68468E-4	-6.71259E+0	-4.66183E-2	-4.59352E-1
2.85575E+11	1.21230E-4	-1.13258E+1	-1.64629E-1	2.15845E-1
2.85663E+11	3.75047E-4	-6.66269E+0	4.54310E-1	-9.61418E-2
2.85750E+11	1.31339E-4	-1.09316E+1	-2.60400E-1	-1.13514E-1
2.85837E+11	3.59013E-4	-6.52168E+0	2.34592E-1	4.09541E-1
2.85925E+11	1.31373E-4	-1.08127E+1	4.16370E-2	-2.84955E-1
2.86013E+11	4.03762E-4	-6.30687E+0	-4.01392E-1	2.70068E-1
2.86100E+11	1.37739E-4	-1.08785E+1	2.80338E-1	5.56557E-2
2.86187E+11	4.28269E-4	-5.97010E+0	-2.08916E-1	-4.57469E-1
2.86275E+11	1.35017E-4	-1.09767E+1	-9.33554E-2	2.66732E-1
2.86363E+11	4.20880E-4	-5.63270E+0	5.02812E-1	-1.43308E-1
2.86450E+11	1.27931E-4	-1.10216E+1	-2.69348E-1	-8.05679E-2
2.86538E+11	4.22574E-4	-5.52170E+0	1.66650E-1	5.02654E-1
2.86625E+11	1.19195E-4	-1.08574E+1	5.71734E-2	-2.80740E-1
2.86712E+11	4.31001E-4	-5.17852E+0	-5.29433E-1	1.52291E-1
2.86800E+11	1.18579E-4	-1.05328E+1	2.92570E-1	5.34616E-2
2.86888E+11	3.82259E-4	-5.35072E+0	-4.83832E-2	-5.37916E-1
2.86975E+11	1.17662E-4	-1.06322E+1	-1.23676E-1	2.66752E-1
2.87062E+11	3.26171E-4	-5.89834E+0	4.95237E-1	1.08988E-1
2.87150E+11	1.11013E-4	-1.06832E+1	-2.38326E-1	-1.69248E-1
2.87238E+11	2.98254E-4	-6.17566E+0	-1.26510E-1	4.74580E-1
2.87325E+11	9.99635E-5	-1.08452E+1	1.40406E-1	-2.50201E-1
2.87412E+11	2.66593E-4	-6.40853E+0	-4.76732E-1	-3.69269E-2
2.87500E+11	1.02806E-4	-1.06987E+1	2.77087E-1	9.14446E-2
2.87588E+11	2.89805E-4	-6.10346E+0	-2.03911E-2	-4.94833E-1
2.87675E+11	1.10007E-4	-1.05756E+1	-7.46169E-2	2.86389E-1
2.87763E+11	3.29365E-4	-5.99258E+0	5.01423E-1	1.38844E-2
2.87850E+11	1.32546E-4	-1.03381E+1	-2.93677E-1	-7.91412E-2
2.87937E+11	3.57642E-4	-6.01722E+0	-8.13076E-3	5.00128E-1
2.88025E+11	7.71369E-5	-1.03013E+1	1.61884E-2	-3.05018E-1
2.88113E+11	2.43082E-4	-6.34484E+0	-4.63949E-1	1.29484E-1
2.88200E+11	9.13036E-5	-1.07357E+1	2.81690E-1	-7.11913E-2
2.88287E+11	1.94133E-4	-7.04704E+0	-1.76618E-1	-4.07655E-1
2.88375E+11	8.60014E-5	-1.10725E+1	9.71568E-2	2.62067E-1
2.88463E+11	1.75448E-4	-7.44761E+0	3.90134E-1	-1.66677E-1
2.88550E+11	8.18880E-5	-1.08169E+1	-2.68520E-1	1.03687E-1
2.88637E+11	1.58145E-4	-7.63896E+0	1.63077E-1	3.81620E-1
2.88725E+11	8.31949E-5	-1.05634E+1	-1.22275E-1	-2.69968E-1
2.88812E+11	1.50287E-4	-7.92594E+0	-3.60117E-1	1.77570E-1
2.88900E+11	9.27575E-5	-1.06284E+1	2.63671E-1	-1.30407E-1
2.88988E+11	1.62584E-4	-8.22057E+0	-1.78208E-1	-3.44794E-1
2.89075E+11	1.15507E-4	-1.03573E+1	1.43188E-1	2.67581E-1
2.89162E+11	1.86733E-4	-7.95895E+0	3.42242E-1	-2.07039E-1
2.89250E+11	1.18469E-4	-9.79793E+0	-2.53725E-1	2.00964E-1
2.89338E+11	1.77899E-4	-7.95063E+0	2.76845E-1	2.89238E-1
2.89425E+11	1.20567E-4	-9.93644E+0	-2.39957E-1	-2.09511E-1
2.89512E+11	1.59097E-4	-8.48750E+0	-2.73710E-1	2.58348E-1
2.89600E+11	9.87504E-5	-1.05775E+1	2.09414E-1	-2.09031E-1
2.89688E+11	1.36625E-4	-8.88380E+0	-2.07597E-1	-2.93615E-1
2.89775E+11	8.79083E-5	-1.01860E+1	2.02191E-1	2.34362E-1
2.89862E+11	1.25694E-4	-8.60612E+0	3.13669E-1	-1.98635E-1
2.89950E+11	9.45920E-5	-9.63780E+0	-2.45717E-1	2.19820E-1
2.90037E+11	1.08732E-4	-8.51085E+0	1.80015E-1	3.29387E-1
2.90125E+11	1.10114E-4	-8.67445E+0	-2.02756E-1	-3.07542E-1
2.90213E+11	1.13154E-4	-8.29450E+0	-3.68337E-1	1.11472E-1
2.90300E+11	1.13450E-4	-7.84598E+0	3.82732E-1	-1.33141E-1
2.90387E+11	1.01215E-4	-7.73877E+0	-5.70668E-2	-4.06274E-1
2.90475E+11	1.31101E-4	-6.78290E+0	1.39495E-1	4.36228E-1
2.90563E+11	1.23292E-4	-7.15022E+0	4.28839E-1	-9.40202E-2
2.90650E+11	1.47869E-4	-5.86429E+0	-4.70277E-1	1.94939E-1
2.90737E+11	1.25178E-4	-5.40817E+0	1.46065E-1	5.16261E-1
2.90825E+11	1.44995E-4	-3.61001E+0	-2.02129E-1	-6.28216E-1
2.90913E+11	1.29428E-4	-3.67245E+0	-6.50945E-1	7.45969E-2
2.91000E+11	1.57585E-4	-1.52245E+0	8.25288E-1	-1.52296E-1
2.91088E+11	1.21593E-4	-1.74093E+0	-1.64874E-2	-8.18211E-1
2.91175E+11	1.58156E-4	-1.72988E-1	1.07086E-1	9.74414E-1
2.91262E+11	1.12104E-4	-2.07728E+0	7.83720E-1	7.49132E-2
2.91350E+11	1.52154E-4	-8.76896E-1	-9.03732E-1	-2.08616E-2
2.91438E+11	9.36167E-5	-3.26481E+0	-2.00239E-1	6.56845E-1
2.91525E+11	1.47435E-4	-9.50491E-1	2.04928E-1	-8.72605E-1
2.91612E+11	8.59234E-5	-3.50126E+0	-6.08112E-1	-2.77044E-1
2.91700E+11	1.67826E-4	-6.71007E-1	8.65489E-1	3.28279E-1
2.91788E+11	8.49975E-5	-4.03933E+0	3.42563E-1	-5.26468E-1
2.91875E+11	1.75112E-4	-9.53671E-1	-5.45553E-1	7.10787E-1
2.91962E+11	7.49213E-5	-5.19030E+0	3.52763E-1	4.22171E-1
2.92050E+11	1.82425E-4	-2.20146E+0	-4.32341E-1	-6.44545E-1
2.92138E+11	8.95162E-5	-6.15506E+0	-4.11775E-1	2.69851E-1
2.92225E+11	1.87279E-4	-3.00073E+0	5.99825E-1	-3.75916E-1
2.92313E+11	7.97538E-5	-7.19709E+0	-2.53847E-1	-3.55297E-1
2.92400E+11	1.98190E-4	-4.05546E+0	2.82644E-1	5.59614E-1
2.92487E+11	8.97203E-5	-7.87883E+0	3.52431E-1	-1.96891E-1
2.92575E+11	2.44620E-4	-4.20039E+0	-5.89290E-1	1.81363E-1
2.92663E+11	9.02680E-5	-8.81707E+0	1.31194E-1	3.37782E-1
2.92750E+11	2.77818E-4	-4.53008E+0	-1.37377E-1	-5.77487E-1
2.92837E+11	8.60599E-5	-9.86007E+0	-3.03845E-1	1.04657E-1
2.92925E+11	3.25698E-4	-4.93029E+0	5.64921E-1	-4.69983E-2
2.93013E+11	9.13420E-5	-1.07341E+1	-5.00774E-2	-2.86253E-1
2.93100E+11	3.45666E-4	-5.07675E+0	-8.74618E-2	5.50489E-1
2.93187E+11	7.90929E-5	-1.14273E+1	2.67123E-1	-2.51962E-2
2.93275E+11	3.54476E-4	-5.37780E+0	-5.29659E-1	-9.66552E-2
2.93362E+11	8.11286E-5	-1.20864E+1	6.57480E-2	2.39856E-1
2.93450E+11	3.84876E-4	-5.69307E+0	7.02154E-2	-5.14445E-1
2.93538E+11	8.08889E-5	-1.23653E+1	-2.32961E-1	6.11163E-2
2.93625E+11	3.80339E-4	-5.92088E+0	4.74908E-1	1.73981E-1
2.93712E+11	7.96555E-5	-1.25326E+1	-4.14772E-2	-2.32578E-1
2.93800E+11	3.52861E-4	-6.11045E+0	-1.81464E-1	4.60382E-1
2.93888E+11	7.32776E-5	-1.27849E+1	2.22363E-1	-5.67263E-2
2.93975E+11	3.37637E-4	-6.39522E+0	-4.58936E-1	-1.36811E-1
2.94062E+11	6.79492E-5	-1.29868E+1	8.11649E-2	2.09007E-1
2.94150E+11	3.31525E-4	-6.47538E+0	1.39242E-1	-4.53604E-1
2.94238E+11	6.86627E-5	-1.29145E+1	-2.14598E-1	7.11528E-2
2.94325E+11	3.63047E-4	-5.67744E+0	4.62630E-1	2.37758E-1
2.94412E+11	6.56637E-5	-1.27411E+1	-4.47755E-2	-2.26258E-1
2.94500E+11	3.56977E-4	-5.57764E+0	-3.49128E-1	3.93642E-1
2.94587E+11	5.59878E-5	-1.28677E+1	2.26759E-1	-1.58054E-2
2.94675E+11	3.11985E-4	-5.52829E+0	-3.42398E-1	-4.03450E-1
2.94763E+11	6.13091E-5	-1.27784E+1	2.89215E-2	2.27829E-1
2.94850E+11	3.21210E-4	-5.74593E+0	4.06354E-1	-3.18117E-1
2.94937E+11	5.72648E-5	-1.27015E+1	-2.31487E-1	9.91726E-3
2.95025E+11	2.93165E-4	-5.84498E+0	1.90364E-1	4.73369E-1
2.95113E+11	6.20237E-5	-1.23402E+1	4.29884E-2	-2.37684E-1
2.95200E+11	2.71035E-4	-6.27634E+0	-4.75129E-1	9.97785E-2
2.95287E+11	6.69335E-5	-1.22239E+1	2.42580E-1	3.28775E-2
2.95375E+11	2.67684E-4	-6.38463E+0	-1.64388E-1	-4.50417E-1
2.95463E+11	7.16539E-5	-1.20544E+1	9.23049E-3	2.49451E-1
2.95550E+11	2.68082E-4	-6.48800E+0	4.44266E-1	-1.64680E-1
2.95638E+11	7.83538E-5	-1.19204E+1	-2.52306E-1	-2.45789E-2
2.95725E+11	2.57164E-4	-6.48887E+0	8.16086E-2	4.66676E-1
2.95812E+11	7.01468E-5	-1.18800E+1	1.68081E-2	-2.54129E-1
2.95900E+11	2.57424E-4	-6.53566E+0	-4.56219E-1	1.17922E-1
2.95988E+11	7.46561E-5	-1.16665E+1	2.60770E-1	-1.14662E-2
2.96075E+11	2.27340E-4	-6.85284E+0	-8.12161E-2	-4.46998E-1
2.96162E+11	7.21427E-5	-1.17232E+1	-4.26903E-2	2.55785E-1
2.96250E+11	2.19805E-4	-7.13383E+0	4.38522E-1	3.42016E-2
2.96338E+11	8.19257E-5	-1.14506E+1	-2.64408E-1	-4.11395E-2
2.96425E+11	2.14722E-4	-7.24052E+0	4.33563E-2	4.32315E-1
2.96512E+11	9.27120E-5	-1.09055E+1	-4.89147E-2	-2.80690E-1
2.96600E+11	1.98666E-4	-7.33626E+0	-3.98005E-1	1.62025E-1
2.96688E+11	7.68403E-5	-1.11205E+1	2.72342E-1	-5.55827E-2
2.96775E+11	1.87563E-4	-7.70227E+0	-6.84067E-2	-4.06271E-1
2.96863E+11	1.06761E-4	-1.00563E+1	-1.44699E-3	3.14183E-1
2.96950E+11	1.89287E-4	-7.78981E+0	4.04518E-1	-5.20959E-2
2.97037E+11	1.13833E-4	-9.96747E+0	-3.14594E-1	4.22230E-2
2.97125E+11	1.94394E-4	-7.89878E+0	1.09227E-1	3.87680E-1
2.97213E+11	1.20924E-4	-9.90721E+0	-8.42406E-2	-3.08323E-1
2.97300E+11	1.74510E-4	-8.01245E+0	-3.69591E-1	1.46418E-1
2.97387E+11	1.23497E-4	-9.83940E+0	2.98340E-1	-1.21492E-1
2.97475E+11	1.70314E-4	-7.75664E+0	-1.90699E-1	-3.62295E-1
2.97563E+11	1.28512E-4	-8.36100E+0	2.09181E-1	3.19517E-1
2.97650E+11	1.70823E-4	-6.01848E+0	4.47176E-1	-2.23955E-1
2.97737E+11	1.22324E-4	-7.33969E+0	-4.06864E-1	1.37754E-1
2.97825E+11	1.56508E-4	-5.56762E+0	9.31101E-2	5.18473E-1
2.97913E+11	1.30762E-4	-7.81247E+0	-3.22616E-2	-4.05515E-1
2.98000E+11	1.57301E-4	-7.29805E+0	-4.25741E-1	7.09733E-2
2.98088E+11	1.71079E-4	-6.11779E+0	4.45071E-1	-2.15358E-1
2.98175E+11	1.50935E-4	-4.91452E+0	-2.78398E-1	-4.94983E-1
2.98262E+11	1.86256E-4	-2.41076E+0	4.29393E-1	6.24210E-1
2.98350E+11	1.49698E-4	-1.70611E+0	7.43002E-1	-3.50828E-1
2.98438E+11	2.00951E-4	9.33593E-1	-1.03781E+0	4.03449E-1
2.98525E+11	1.45264E-4	1.64661E+0	3.51825E-1	1.15640E+0
2.98612E+11	2.05477E-4	5.69044E+0	-6.67539E-1	-1.80598E+0
2.98700E+11	1.42275E-4	5.83267E+0	-1.79976E+0	7.69074E-1
2.98788E+11	1.94691E-4	9.76532E+0	2.87547E+0	-1.09803E+0
2.98875E+11	1.33144E-4	1.02344E+1	-8.31938E-1	-3.14046E+0
2.98962E+11	1.86354E-4	1.06799E+1	-2.94643E-2	3.41964E+0
2.99050E+11	1.22159E-4	1.00247E+1	3.15282E+0	3.41875E-1
2.99137E+11	2.11887E-4	1.40813E+1	-4.81071E+0	-1.56541E+0
2.99225E+11	1.14182E-4	1.15143E+1	-1.27492E+0	3.54212E+0
2.99313E+11	2.01787E-4	1.53281E+1	2.69938E+0	-5.17856E+0
2.99400E+11	9.69750E-5	1.12221E+1	-3.12182E+0	-1.87192E+0
2.99487E+11	2.43851E-4	1.46386E+1	4.12165E+0	3.47995E+0
2.99575E+11	9.99909E-5	9.65908E+0	2.05968E+0	-2.23668E+0
2.99663E+11	2.80516E-4	1.24338E+1	-3.51913E+0	2.26487E+0
2.99750E+11	9.29844E-5	4.93175E+0	9.57337E-1	1.48205E+0
2.99837E+11	2.66034E-4	5.96569E+0	-5.16111E-1	-1.91921E+0
2.99925E+11	8.69395E-5	-2.57061E+0	-6.80360E-1	3.00636E-1
3.00013E+11	3.07171E-4	1.41721E+0	1.16854E+0	-1.42787E-1
3.00100E+11	8.30665E-5	-5.66722E+0	-2.11850E-1	-4.75723E-1
3.00187E+11	2.92398E-4	-9.98513E-1	3.81273E-2	8.90588E-1
3.00275E+11	8.28111E-5	-8.22130E+0	3.72089E-1	-1.10296E-1
3.00362E+11	3.15005E-4	-3.13871E+0	-6.85173E-1	-1.26373E-1
3.00450E+11	8.84983E-5	-9.83849E+0	5.15916E-2	3.18005E-1
3.00538E+11	3.43863E-4	-4.30736E+0	9.45365E-2	-6.01639E-1
3.00625E+11	8.84853E-5	-1.09480E+1	-2.68119E-1	9.22053E-2
3.00712E+11	3.49695E-4	-5.13338E+0	5.51715E-1	-4.76890E-2
3.00800E+11	8.42117E-5	-1.15137E+1	-1.11555E-1	-2.41097E-1
3.00888E+11	3.96443E-4	-4.65334E+0	-3.15103E-2	5.84390E-1
3.00975E+11	8.42445E-5	-1.14801E+1	2.48780E-1	-9.60624E-2
3.01062E+11	4.11092E-4	-4.38113E+0	-6.00037E-1	-6.79320E-2
3.01150E+11	7.66467E-5	-1.19164E+1	1.37589E-1	2.13053E-1
3.01238E+11	4.27986E-4	-4.66335E+0	-1.26893E-1	-5.70626E-1
3.01325E+11	7.22700E-5	-1.25590E+1	-1.27756E-1	1.97872E-1
3.01413E+11	3.72205E-4	-5.08786E+0	4.92573E-1	-2.59358E-1
3.01500E+11	7.08714E-5	-1.28294E+1	-2.10002E-1	-8.95897E-2
3.01587E+11	3.67736E-4	-5.50132E+0	2.18303E-1	4.83835E-1
3.01675E+11	6.51887E-5	-1.30017E+1	1.07485E-1	-1.96330E-1
3.01763E+11	3.34019E-4	-5.69695E+0	-5.01071E-1	1.35171E-1
3.01850E+11	6.86996E-5	-1.27614E+1	1.96158E-1	1.20295E-1
3.01937E+11	3.18939E-4	-5.82230E+0	-9.76538E-2	-5.02139E-1
3.02025E+11	6.53939E-5	-1.27965E+1	-1.24213E-1	1.92598E-1
3.02113E+11	3.41903E-4	-5.68928E+0	5.13118E-1	-8.07992E-2
3.02200E+11	6.80424E-5	-1.25368E+1	-1.96535E-1	-1.30895E-1
3.02287E+11	3.09151E-4	-5.42804E+0	6.29860E-5	5.35301E-1
3.02375E+11	6.04039E-5	-1.22556E+1	1.63500E-1	-1.80991E-1
3.02463E+11	2.80537E-4	-4.93215E+0	-5.54362E-1	-1.17855E-1
3.02550E+11	5.53963E-5	-1.18010E+1	1.71705E-1	1.91238E-1
3.02638E+11	3.11379E-4	-4.53103E+0	1.63405E-1	-5.70601E-1
3.02725E+11	5.86448E-5	-1.09598E+1	-1.85917E-1	2.13558E-1
3.02812E+11	2.52867E-4	-3.72675E+0	6.43266E-1	1.00839E-1
3.02900E+11	6.31852E-5	-9.78043E+0	-2.90694E-1	-1.43816E-1
3.02988E+11	2.66021E-4	-2.77263E+0	-3.97050E-2	7.25637E-1
3.03075E+11	5.96461E-5	-8.68962E+0	1.45221E-1	-3.37831E-1
3.03162E+11	2.37283E-4	-1.64393E+0	-8.11070E-1	-1.64419E-1
3.03250E+11	7.39469E-5	-6.40574E+0	4.15463E-1	2.37012E-1
3.03338E+11	2.49581E-4	1.01340E-1	2.64891E-1	-9.76443E-1
3.03425E+11	7.67134E-5	-4.52489E+0	-2.35744E-1	5.45170E-1
3.03512E+11	2.37011E-4	9.95402E-1	1.11593E+0	1.10880E-1
3.03600E+11	8.69515E-5	-3.25270E+0	-6.69076E-1	-1.58727E-1
3.03687E+11	2.36870E-4	1.53578E+0	-1.77393E-1	1.18015E+0
3.03775E+11	8.00756E-5	-2.52520E+0	3.16589E-1	-6.77391E-1
3.03863E+11	2.02234E-4	2.12702E+0	-1.15141E+0	-5.53339E-1
3.03950E+11	8.45117E-5	-2.13102E+0	6.55600E-1	4.27078E-1
3.04037E+11	2.00116E-4	1.78339E+0	5.24268E-1	-1.11037E+0
3.04125E+11	7.60714E-5	-2.88696E+0	-3.10860E-1	6.46351E-1
3.04213E+11	1.71714E-4	5.50703E-1	9.98232E-1	3.72463E-1
3.04300E+11	7.96895E-5	-3.53221E+0	-5.99513E-1	-2.89772E-1
3.04387E+11	1.73920E-4	-6.89827E-1	-4.94026E-1	7.80431E-1
3.04475E+11	8.17567E-5	-4.56304E+0	3.65064E-1	-4.65219E-1
3.04563E+11	1.60264E-4	-2.31340E+0	-5.52425E-1	-5.30901E-1
3.04650E+11	8.33786E-5	-6.00260E+0	4.07421E-1	2.91627E-1
3.04737E+11	1.47798E-4	-4.02965E+0	3.52737E-1	-5.20552E-1
3.04825E+11	8.18944E-5	-6.72690E+0	-2.35582E-1	3.96204E-1
3.04912E+11	1.18504E-4	-5.18124E+0	4.12634E-1	3.64740E-1
3.05000E+11	7.99112E-5	-7.68706E+0	-2.96228E-1	-2.87368E-1
3.05088E+11	1.19557E-4	-6.58349E+0	-3.80282E-1	2.73851E-1
3.05175E+11	1.05287E-4	-7.77672E+0	3.29988E-1	-2.40745E-1
3.05262E+11	1.22024E-4	-7.67575E+0	-2.53120E-1	-3.26658E-1
3.05350E+11	1.04373E-4	-8.66320E+0	2.62632E-1	2.58976E-1
3.05438E+11	1.23343E-4	-8.65577E+0	2.61867E-1	-2.60198E-1
3.05525E+11	1.12987E-4	-9.47229E+0	-2.23334E-1	2.51082E-1
3.05612E+11	1.13274E-4	-9.52659E+0	2.36015E-1	2.36249E-1
3.05700E+11	1.14503E-4	-1.00818E+1	-2.42639E-1	-1.98145E-1
3.05788E+11	1.12265E-4	-1.00156E+1	-2.10214E-1	2.35483E-1
3.05875E+11	1.29206E-4	-1.00221E+1	1.79912E-1	-2.59085E-1
3.05962E+11	1.07316E-4	-1.05985E+1	-2.31263E-1	-1.83425E-1
3.06050E+11	1.32806E-4	-9.81258E+0	2.93757E-1	1.34600E-1
3.06137E+11	1.05751E-4	-1.10335E+1	1.20332E-1	-2.53658E-1
3.06225E+11	1.38666E-4	-9.74701E+0	-7.07642E-2	3.17791E-1
3.06313E+11	1.04672E-4	-1.13045E+1	2.59255E-1	8.27156E-2
3.06400E+11	1.66533E-4	-9.15396E+0	-3.44010E-1	-5.62577E-2
3.06487E+11	9.87042E-5	-1.12927E+1	-7.71150E-2	2.61361E-1
3.06575E+11	1.80627E-4	-8.79826E+0	5.95373E-2	-3.58237E-1
3.06663E+11	9.42319E-5	-1.13864E+1	-2.66376E-1	-4.14087E-2
3.06750E+11	1.94834E-4	-8.48093E+0	3.75757E-1	-2.61134E-2
3.06837E+11	8.60607E-5	-1.14239E+1	-3.30266E-2	-2.66374E-1
3.06925E+11	1.82278E-4	-8.30368E+0	6.40495E-2	3.79056E-1
3.07013E+11	8.92059E-5	-1.14898E+1	2.63732E-1	-3.74945E-2
3.07100E+11	1.81423E-4	-8.22796E+0	-3.83972E-1	5.43164E-2
3.07188E+11	8.16513E-5	-1.15218E+1	5.83968E-2	2.58901E-1
3.07275E+11	1.71665E-4	-8.29837E+0	-1.19117E-1	-3.65756E-1
3.07362E+11	6.80414E-5	-1.18807E+1	-2.43116E-1	7.58112E-2
3.07450E+11	1.50310E-4	-8.38174E+0	3.65799E-1	-1.06508E-1
3.07538E+11	6.82685E-5	-1.20027E+1	-4.24758E-2	-2.47491E-1
3.07625E+11	1.67213E-4	-8.16010E+0	5.00225E-2	3.87622E-1
3.07712E+11	6.78143E-5	-1.21234E+1	2.44430E-1	-3.97724E-2
3.07800E+11	1.60969E-4	-8.38749E+0	-3.76858E-1	5.42091E-2
3.07888E+11	7.27007E-5	-1.18271E+1	5.32607E-2	2.50642E-1
3.07975E+11	2.21322E-4	-6.90637E+0	6.74757E-2	-4.46455E-1
3.08062E+11	9.31783E-5	-1.09091E+1	-2.84567E-1	1.15874E-2
3.08150E+11	2.98466E-4	-5.29325E+0	4.89521E-1	2.36536E-1
3.08238E+11	8.91743E-5	-1.07342E+1	2.27455E-2	-2.89704E-1
3.08325E+11	3.50643E-4	-4.84443E+0	-2.46749E-1	5.16601E-1
3.08413E+11	9.11324E-5	-1.07708E+1	2.84038E-1	-5.53222E-2
3.08500E+11	3.53870E-4	-4.68447E+0	-5.66318E-1	-1.39076E-1
3.08587E+11	8.73961E-5	-1.05331E+1	9.39900E-2	2.82159E-1
3.08675E+11	3.82772E-4	-4.25263E+0	1.62013E-1	-5.91069E-1
3.08763E+11	8.83762E-5	-1.04093E+1	-2.86277E-1	9.51454E-2
3.08850E+11	3.90801E-4	-3.82835E+0	6.36676E-1	9.38164E-2
3.08937E+11	8.01971E-5	-1.02171E+1	-1.84889E-1	-2.46861E-1
3.09025E+11	4.24170E-4	-2.87417E+0	9.91448E-2	7.11401E-1
3.09113E+11	8.17718E-5	-9.53410E+0	2.26155E-1	-2.45313E-1
3.09200E+11	4.58890E-4	-1.17134E+0	-8.70695E-1	7.40889E-2
3.09287E+11	7.60064E-5	-7.31426E+0	3.15777E-1	2.93058E-1
3.09375E+11	4.46124E-4	8.51262E-1	-4.22049E-2	-1.10216E+0
3.09462E+11	7.42986E-5	-6.01485E+0	-2.69462E-1	4.21571E-1
3.09550E+11	4.01974E-4	3.82902E+0	1.52314E+0	-3.08145E-1
3.09638E+11	6.31994E-5	-4.55653E-2	-8.93465E-1	-4.37359E-1
3.09725E+11	3.56279E-4	1.17686E+1	-1.23745E-1	3.87446E+0
3.09812E+11	6.92496E-5	8.97395E+0	2.00220E+0	-1.97155E+0
3.09900E+11	3.16578E-4	1.97573E+1	-8.89496E+0	-3.92984E+0
3.09988E+11	6.23202E-5	1.58864E+1	3.68999E+0	5.01662E+0
3.10075E+11	3.01989E-4	2.57521E+1	7.21892E+0	-1.79975E+1
3.10162E+11	5.55853E-5	2.17443E+1	-1.00109E+1	7.01496E+0
3.10250E+11	2.50253E-4	2.99459E+1	2.59698E+1	1.76969E+1
3.10338E+11	5.55833E-5	2.31909E+1	-3.20022E+0	-1.40802E+1
3.10425E+11	1.99632E-4	3.04563E+1	-2.56816E+1	2.12425E+1
3.10512E+11	6.58874E-5	2.94066E+1	2.94982E+1	-1.46746E+0
3.10600E+11	2.25186E-4	3.92261E+1	-4.39427E+1	-8.02299E+1
3.10687E+11	8.57264E-5	3.99362E+1	1.02388E+1	9.87392E+1
3.10775E+11	2.58638E-4	4.51271E+1	1.70945E+2	-5.77895E+1
3.10863E+11	9.07860E-5	3.70796E+1	-7.10871E+1	7.15164E+0
3.10950E+11	2.54545E-4	3.93362E+1	2.52790E+1	8.91267E+1
3.11037E+11	8.94578E-5	3.44973E+1	-1.20490E+1	-5.16862E+1
3.11125E+11	2.52089E-4	3.94973E+1	-8.75184E+1	3.53196E+1
3.11213E+11	8.87494E-5	3.56108E+1	5.62282E+1	-2.18685E+1
3.11300E+11	2.28518E-4	3.91421E+1	-3.20799E+1	-8.47256E+1
3.11387E+11	8.80289E-5	3.25231E+1	1.42388E+1	3.98126E+1
3.11475E+11	1.93415E-4	3.34129E+1	4.14295E+1	-2.18600E+1
3.11563E+11	9.43073E-5	2.90684E+1	-2.42499E+1	1.47946E+1
3.11650E+11	1.85505E-4	3.04977E+1	1.97565E+1	2.70389E+1
3.11738E+11	9.90026E-5	2.66748E+1	-1.03888E+1	-1.88971E+1
3.11825E+11	1.88880E-4	2.86097E+1	-2.46264E+1	1.09361E+1
3.11912E+11	1.07190E-4	2.27956E+1	1.31845E+1	-4.06441E+0
3.12000E+11	1.83573E-4	2.10536E+1	-3.58604E+0	-1.07050E+1
3.12088E+11	9.09514E-5	1.52188E+1	2.28645E+0	5.29425E+0
3.12175E+11	1.55755E-4	1.59419E+1	5.86422E+0	-2.21185E+0
3.12262E+11	9.54383E-5	1.24599E+1	-4.12324E+0	7.86349E-1
3.12350E+11	1.29793E-4	1.28099E+1	-7.42563E-1	4.30659E+0
3.12438E+11	8.27768E-5	8.77907E+0	6.75788E-1	-2.66320E+0
3.12525E+11	1.16124E-4	9.16206E+0	-2.70211E+0	-9.71539E-1
3.12612E+11	9.32968E-5	6.62541E+0	2.13657E+0	1.81012E-1
3.12700E+11	9.62548E-5	8.70272E+0	3.95373E-1	-2.69470E+0
3.12788E+11	8.53266E-5	8.89955E+0	-3.41387E-1	2.76498E+0
3.12875E+11	1.04863E-4	1.09739E+1	3.13754E+0	1.63394E+0
3.12963E+11	1.01191E-4	1.20497E+1	-3.49295E+0	-1.95721E+0
3.13050E+11	1.00987E-4	1.37419E+1	-3.27708E+0	3.59585E+0
3.13137E+11	9.54586E-5	1.38293E+1	2.54179E+0	-4.20595E+0
3.13225E+11	9.82830E-5	1.57684E+1	-5.43629E+0	-2.86178E+0
3.13313E+11	1.09422E-4	1.91147E+1	8.62075E+0	2.69112E+0
3.13400E+11	1.03276E-4	2.26670E+1	5.51720E+0	-1.24241E+1
3.13487E+11	9.87393E-5	2.58482E+1	-6.23731E+0	1.85883E+1
3.13575E+11	8.83616E-5	3.25108E+1	3.86539E+1	1.69881E+1
3.13663E+11	1.14330E-4	3.80925E+1	-7.49440E+1	-2.87897E+1
3.13750E+11	9.39943E-5	4.19769E+1	-4.08138E+1	1.18739E+2
3.13837E+11	1.33826E-4	4.73858E+1	7.48013E+1	-2.21765E+2
3.13925E+11	9.86012E-5	4.95921E+1	-2.59467E+2	-1.53988E+2
3.14012E+11	1.30923E-4	5.33514E+1	3.73401E+2	2.77329E+2
3.14100E+11	8.61226E-5	5.26659E+1	3.18350E+2	-2.88802E+2
3.14188E+11	1.23337E-4	5.51366E+1	-3.61151E+2	4.42606E+2
3.14275E+11	8.30922E-5	5.40742E+1	3.71838E+2	3.42424E+2
3.14362E+11	1.50218E-4	6.03020E+1	-8.58593E+2	-5.78644E+2
3.14450E+11	8.03111E-5	6.06143E+1	-8.26447E+2	6.84784E+2
3.14538E+11	1.66752E-4	6.44268E+1	1.51234E+3	-6.95772E+2
3.14625E+11	7.44698E-5	5.93174E+1	-5.33370E+1	-9.22881E+2
3.14712E+11	1.66202E-4	6.56041E+1	4.66498E+2	1.84839E+3
3.14800E+11	6.77855E-5	6.36587E+1	1.44759E+3	-4.75912E+2
3.14888E+11	1.69355E-4	6.84621E+1	-2.61627E+3	4.16089E+2
3.14975E+11	6.00988E-5	6.32738E+1	1.36712E+2	1.45134E+3
3.15062E+11	1.36781E-4	6.72623E+1	-7.80863E+1	-2.30604E+3
3.15150E+11	5.51719E-5	6.26308E+1	-1.35374E+3	8.28212E+0
3.15237E+11	1.45684E-4	6.77388E+1	2.42104E+3	-2.82422E+2
3.15325E+11	5.10694E-5	6.15910E+1	-1.69091E+2	-1.18905E+3
3.15413E+11	1.45721E-4	6.28015E+1	1.00871E+2	1.37694E+3
3.15500E+11	3.85159E-5	5.68536E+1	6.95633E+2	-2.58886E+1
3.15587E+11	1.23921E-4	5.98442E+1	-9.25869E+2	-3.27917E+2
3.15675E+11	3.31543E-5	5.15921E+1	-7.51311E+1	3.72338E+2
3.15763E+11	1.40716E-4	5.32916E+1	1.89591E+2	-4.21236E+2
3.15850E+11	2.84699E-5	4.59692E+1	-1.98562E+2	-1.01261E+1
3.15937E+11	1.15523E-4	5.29450E+1	3.98432E+2	1.95615E+2
3.16025E+11	1.97817E-5	4.29483E+1	2.61720E+1	-1.37955E+2
3.16113E+11	8.89752E-5	4.86337E+1	-1.93973E+2	1.88102E+2
3.16200E+11	7.60235E-6	3.48652E+1	4.87444E+1	2.62607E+1
3.16287E+11	2.92564E-5	3.83084E+1	-3.45359E+1	-7.47077E+1
3.16375E+11	1.50265E-6	2.23738E+1	-7.94179E+0	1.04720E+1
3.16462E+11	5.68606E-6	2.62027E+1	2.02661E+1	-2.53312E+0
3.16550E+11	2.44176E-7	1.06492E+1	-2.21218E+0	-2.59202E+0
3.16638E+11	1.94522E-6	1.79353E+1	-1.48242E+0	7.74373E+0
3.16725E+11	7.52644E-8	2.95791E-1	8.77071E-1	-5.48842E-1
3.16812E+11	3.08478E-7	4.72335E+0	-1.65755E+0	-4.68668E-1
3.16900E+11	3.53717E-9	-1.78239E+1	7.08684E-2	1.07156E-1
3.16988E+11	5.46578E-8	-9.52763E+0	1.52397E-1	-2.97095E-1
3.17075E+11	2.65064E-9	-2.70513E+1	-4.17722E-2	1.50635E-2
3.17162E+11	2.74269E-8	-2.11899E+1	5.01294E-2	7.13481E-2
3.17250E+11	4.63778E-11	-5.27118E+1	-1.14393E-4	-2.31142E-3
3.17338E+11	6.60149E-10	-4.34758E+1	-5.27309E-3	4.13675E-3
3.17425E+11	9.41830E-12	-6.43715E+1	5.88682E-4	-1.37547E-4
3.17513E+11	1.93883E-10	-5.29397E+1	-1.77557E-3	-1.38900E-3
3.17600E+11	6.64814E-12	-6.93266E+1	2.31256E-4	2.51579E-4
3.17687E+11	2.07345E-10	-5.50344E+1	1.24743E-3	-1.25746E-3
3.17775E+11	8.92492E-12	-6.96951E+1	-2.32523E-4	2.30664E-4
3.17863E+11	1.42848E-10	-5.84160E+1	9.88389E-4	6.80586E-4
3.17950E+11	2.56403E-11	-6.64492E+1	-4.12322E-4	-2.37689E-4
3.18037E+11	3.99541E-10	-5.44794E+1	-2.46283E-4	1.87200E-3
3.18125E+11	1.97027E-10	-5.75007E+1	1.02914E-4	-1.32944E-3
3.18213E+11	5.09237E-9	-4.22868E+1	-7.62613E-3	9.51611E-4
3.18300E+11	4.18078E-9	-4.18258E+1	7.91774E-3	-1.72826E-3
3.18387E+11	9.50415E-8	-2.63521E+1	-2.10295E-2	-4.32901E-2
3.18475E+11	3.67622E-8	-2.83463E+1	2.11479E-2	3.18779E-2
3.18563E+11	4.96871E-7	-1.46218E+1	1.32109E-1	-1.30565E-1
3.18650E+11	6.17956E-7	-9.71872E+0	-2.26047E-1	2.35783E-1
3.18738E+11	1.14469E-5	6.85128E+0	1.44410E+0	1.66065E+0
3.18825E+11	1.17453E-5	1.07298E+1	-2.13009E+0	-2.70048E+0
3.18912E+11	6.37473E-5	2.19348E+1	-9.48543E+0	8.13342E+0
3.19000E+11	3.41270E-5	2.32809E+1	1.03788E+1	-1.02538E+1
3.19088E+11	1.18163E-4	3.29323E+1	-3.29430E+1	-2.96504E+1
3.19175E+11	5.54268E-5	3.65402E+1	4.84205E+1	4.65168E+1
3.19262E+11	1.36495E-4	4.65964E+1	1.60647E+2	-1.40937E+2
3.19350E+11	6.99270E-5	5.09468E+1	-2.79153E+2	2.15487E+2
3.19438E+11	1.34860E-4	6.01590E+1	5.90404E+2	8.29895E+2
3.19525E+11	6.95764E-5	6.26999E+1	-7.43020E+2	-1.14454E+3
3.19612E+11	1.19890E-4	6.89240E+1	-1.15970E+3	2.54178E+3
3.19700E+11	6.82888E-5	6.71552E+1	1.90951E+3	-1.24420E+3
3.19787E+11	1.00766E-4	7.32702E+1	-3.13480E+3	-3.37736E+3
3.19875E+11	5.80258E-5	7.30464E+1	4.20064E+3	1.58789E+3
3.19963E+11	6.62671E-5	7.10995E+1	9.04191E+2	-3.47326E+3
3.20050E+11	3.26725E-5	7.08323E+1	-2.69954E+3	-2.19659E+3
3.20137E+11	2.98057E-5	7.30686E+1	2.44058E+3	3.78335E+3
3.20225E+11	1.44700E-5	7.01467E+1	-3.14822E+3	6.57379E+2
3.20313E+11	2.56689E-6	7.34784E+1	-3.52557E+3	3.13788E+3
3.20400E+11	7.87864E-9	4.56507E+1	-3.89926E+1	-1.87653E+2
3.20487E+11	4.07173E-12	-1.28432E+0	-7.96953E-1	-3.29936E-1
3.20575E+11	7.63057E-13	1.46484E+0	-5.46055E-1	-1.05023E+0
3.20663E+11	2.94676E-13	-1.10249E+1	-7.89482E-2	2.69715E-1
3.20750E+11	3.22752E-12	3.46620E+0	1.46289E+0	2.85190E-1
3.20837E+11	1.48104E-12	-5.21817E-1	9.41545E-1	-1.66732E-2
3.20925E+11	3.65091E-12	1.16021E+1	-3.17985E+0	-2.08563E+0
3.21012E+11	5.15764E-14	-9.41878E+0	-1.04876E-1	-3.21436E-1
3.21100E+11	4.25638E-12	1.58002E+1	5.14299E+0	3.40153E+0
3.21188E+11	1.69293E-13	-5.48226E+0	-5.31552E-1	2.10752E-2
3.21275E+11	3.33382E-13	-9.04749E+0	-2.45319E-1	2.53657E-1
3.21362E+11	7.42187E-13	-6.72359E+0	4.33259E-1	1.57875E-1
3.21450E+11	1.38027E-12	1.09077E+1	-5.30966E-1	-3.47025E+0
3.21538E+11	8.52090E-13	3.77967E+0	1.20721E+0	-9.64508E-1
3.21625E+11	1.29502E-12	1.29706E+1	8.41903E-1	-4.37141E+0
3.21712E+11	1.68810E-13	-6.16460E+0	-1.36049E-1	-4.72586E-1
3.21800E+11	1.05838E-12	-4.55784E+0	3.55965E-1	4.72660E-1
3.21888E+11	5.83647E-13	1.11039E+0	1.06993E+0	3.82851E-1
3.21975E+11	2.56089E-12	7.57920E+0	1.82354E+0	1.54971E+0
3.22063E+11	8.50999E-13	-7.97290E+0	-3.18441E-1	2.40991E-1
3.22150E+11	1.02861E-13	-1.38404E+1	-1.33732E-2	-2.02787E-1
3.22237E+11	1.56496E-14	-1.29704E+1	-1.92233E-1	-1.16225E-1
3.22325E+11	1.16314E-12	6.49459E+0	-7.62977E-1	1.96955E+0
3.22413E+11	3.56895E-12	7.18310E-1	4.78130E-1	9.75322E-1
3.22500E+11	8.81406E-14	-1.31662E+1	2.12910E-1	5.39100E-2
3.22587E+11	1.77349E-12	-2.20867E+0	7.63586E-1	1.35258E-1
3.22675E+11	7.78146E-13	-5.18548E+0	2.47522E-1	4.91670E-1
3.22763E+11	2.27157E-12	1.06780E+0	8.97629E-1	6.87747E-1
3.22850E+11	1.95905E-13	-7.76866E+0	-2.70774E-1	3.06336E-1
3.22937E+11	2.35853E-12	-8.43537E-1	6.67875E-1	-6.14337E-1
3.23025E+11	3.09839E-12	5.21092E+0	-1.70279E+0	6.48186E-1
3.23113E+11	2.20151E-12	-3.88153E+0	4.86061E-1	-4.15766E-1
3.23200E+11	3.05107E-13	2.28893E+0	1.10306E+0	-6.90774E-1
3.23288E+11	5.73026E-13	-2.41629E+0	4.57320E-1	-6.03444E-1
3.23375E+11	3.96180E-12	-2.63668E+0	1.99468E-1	-7.10727E-1
3.23462E+11	1.06084E-12	-2.72850E+0	4.53708E-1	5.72423E-1
3.23550E+11	8.21234E-13	1.09748E+1	-1.69509E+0	3.10532E+0
3.23638E+11	7.32609E-13	-8.59470E+0	-3.47125E-1	-1.33082E-1
3.23725E+11	1.57544E-12	-2.09368E+0	4.54113E-1	6.41307E-1
3.23812E+11	9.48377E-13	-1.89959E+0	8.00849E-1	-6.60017E-2
3.23900E+11	6.21718E-13	-1.08805E+1	2.67496E-1	1.00469E-1
3.23988E+11	8.41698E-13	-2.26962E+0	3.60276E-1	6.80571E-1
3.24075E+11	2.31966E-13	-2.62183E+0	-8.86381E-2	-7.34118E-1
3.24162E+11	4.00507E-13	-7.97550E+0	-2.22569E-1	3.31435E-1
3.24250E+11	1.95208E-12	-5.22620E+0	6.33664E-3	5.47849E-1
3.24338E+11	2.23266E-12	-5.82150E+0	4.85633E-1	1.60899E-1
3.24425E+11	4.53658E-12	-3.87829E+0	3.15095E-1	-5.56899E-1
3.24513E+11	4.03270E-13	-6.61789E+0	4.53542E-1	1.10348E-1
3.24600E+11	3.31462E-13	-7.89391E+0	2.22334E-1	3.36119E-1
3.24687E+11	6.51166E-13	-8.04725E+0	3.45404E-1	-1.93574E-1
3.24775E+11	1.63183E-12	-2.91389E+0	3.93928E-1	-5.96694E-1
3.24863E+11	1.49162E-12	-3.25616E+0	-5.81973E-1	3.65771E-1
3.24950E+11	1.51990E-12	-1.09486E+0	2.81833E-1	-8.35306E-1
3.25037E+11	1.73832E-13	-3.21071E+0	-4.20809E-1	5.48061E-1
3.25125E+11	2.92982E-12	2.18136E+1	-1.02385E+1	-6.85588E+0
3.25213E+11	3.35781E-13	-1.74031E+0	7.82862E-1	-2.38672E-1
3.25300E+11	2.12403E-12	3.81395E-1	3.70284E-1	9.77078E-1
3.25387E+11	4.20304E-13	-5.80034E+0	-4.88908E-1	1.54841E-1
3.25475E+11	2.02810E-13	-8.66784E+0	1.30792E-1	3.44663E-1
3.25562E+11	1.71976E-14	-1.14227E+1	-6.31857E-2	-2.60909E-1
3.25650E+11	6.53061E-14	-1.16208E+1	-1.87225E-1	-1.83846E-1
3.25738E+11	1.00534E-12	-6.04226E+0	4.71337E-1	-1.63087E-1
3.25825E+11	7.02794E-13	3.67347E+0	-8.61603E-1	1.26000E+0
3.25912E+11	3.01707E-13	-8.37111E+0	-1.94616E-1	3.28075E-1
3.26000E+11	6.53117E-14	5.65666E+0	2.22115E-1	-1.90503E+0
3.26088E+11	5.82758E-13	-5.43672E+0	4.74921E-1	2.45815E-1
3.26175E+11	5.47976E-14	-1.80409E+1	7.10432E-2	1.03214E-1
3.26262E+11	6.37167E-13	4.78570E+0	-1.66134E+0	4.99970E-1
3.26350E+11	2.18361E-12	1.21331E+1	-3.82902E+0	1.29646E+0
3.26438E+11	4.63034E-12	5.10276E+0	1.52837E+0	-9.49775E-1
3.26525E+11	2.09989E-12	7.49004E+0	-2.07813E+0	-1.13662E+0
3.26612E+11	7.60878E-13	8.21672E+0	-2.09916E+0	1.49197E+0
3.26700E+11	9.62866E-13	2.62405E+0	8.22276E-2	-1.35020E+0
3.26787E+11	1.45779E-12	-4.03525E-1	4.95989E-1	8.15638E-1
3.26875E+11	2.54627E-13	-9.65396E-1	8.42439E-1	3.01628E-1
3.26963E+11	5.21051E-13	-4.77689E+0	3.79909E-1	-4.34243E-1
3.27050E+11	1.36659E-12	-4.79938E+0	5.20097E-1	-2.46327E-1
3.27137E+11	1.42592E-13	-1.57625E+0	1.99155E-1	-8.09914E-1
3.27225E+11	2.08968E-12	1.01463E+0	1.03629E+0	-4.35069E-1
3.27313E+11	1.42375E-12	1.00077E+1	2.53877E+0	1.89005E+0
3.27400E+11	4.04684E-13	-8.82747E+0	2.71264E-1	2.39605E-1
3.27487E+11	1.65939E-12	-2.91277E-1	-5.75987E-1	7.76768E-1
3.27575E+11	5.73265E-13	-1.44998E+0	7.82610E-1	3.21976E-1
3.27663E+11	4.20409E-14	2.67147E+0	1.35267E+0	-1.42044E-1
3.27750E+11	4.08937E-13	9.93355E-1	-5.38588E-1	9.83323E-1
3.27838E+11	4.66868E-13	-3.17105E+0	1.98763E-1	-6.65075E-1
3.27925E+11	1.07797E-12	5.41691E+0	2.33851E-2	1.86557E+0
3.28012E+11	1.22516E-12	-4.36716E+0	6.04000E-1	3.19021E-2
3.28100E+11	8.31283E-13	5.72006E+0	-1.67720E+0	9.58932E-1
3.28188E+11	5.39463E-13	-2.23097E+0	7.54254E-1	-1.71401E-1
3.28275E+11	2.04786E-13	-1.19678E+1	-1.37798E-1	-2.11134E-1
3.28362E+11	1.76994E-12	-7.50329E-2	7.74930E-1	6.18349E-1
3.28450E+11	1.22718E-12	-7.53168E+0	4.20078E-1	8.34325E-3
3.28538E+11	2.71446E-13	-1.07092E+1	2.56156E-1	-1.38987E-1
3.28625E+11	2.04479E-13	-5.85217E+0	-3.95231E-1	-3.21992E-1
3.28712E+11	4.52458E-13	1.07517E+1	-2.29416E+0	-2.57419E+0
3.28800E+11	7.80521E-13	1.65895E+1	-2.09310E+0	-6.42005E+0
3.28888E+11	2.45879E-12	8.80273E-1	4.71174E-1	-1.00134E+0
3.28975E+11	8.57063E-13	-7.37363E+0	-3.98081E-1	-1.56875E-1
3.29063E+11	3.21436E-12	2.87953E+0	1.39107E+0	-7.47904E-2
3.29150E+11	9.20228E-13	-4.75302E+0	4.69934E-1	3.37483E-1
3.29237E+11	3.39074E-13	-1.16021E+1	2.61399E-1	-2.86343E-2
3.29325E+11	9.83380E-13	1.35646E+0	-7.81302E-1	-8.69587E-1
3.29413E+11	2.27301E-13	-1.08598E+1	-1.65582E-1	2.33712E-1
3.29500E+11	3.83185E-13	-9.38983E+0	2.82133E-1	-1.88376E-1
3.29587E+11	6.15492E-14	-6.98273E+0	-4.11025E-1	-1.77144E-1
3.29675E+11	2.29885E-12	-3.97714E+0	5.89208E-1	-2.30308E-1
3.29763E+11	2.14417E-13	-7.52411E+0	3.06380E-1	2.88054E-1
3.29850E+11	8.38163E-13	7.21979E+0	-2.07131E+0	-9.90822E-1
3.29937E+11	1.68799E-13	-6.11690E+0	-4.92546E-1	4.37717E-2
3.30025E+11	2.16827E-13	1.28269E+0	5.83948E-1	-1.00130E+0
3.30112E+11	1.05218E-12	-4.99880E+0	-7.90724E-2	5.56832E-1
3.30200E+11	8.77007E-13	2.54783E+0	5.60234E-1	1.21824E+0
3.30288E+11	3.98173E-13	-6.53193E+0	1.17542E-1	4.56526E-1
3.30375E+11	2.02473E-13	-1.11402E+1	2.49987E-1	-1.20066E-1
3.30462E+11	1.65313E-12	5.33843E+0	-1.38829E+0	-1.22115E+0
3.30550E+11	1.78873E-13	-4.85993E+0	5.61327E-1	-1.07261E-1
3.30638E+11	2.36472E-13	-6.06364E+0	4.26482E-1	-2.56219E-1
3.30725E+11	1.89700E-12	8.93863E+0	1.00828E+0	-2.61059E+0
3.30812E+11	1.55565E-12	-7.00955E+0	1.21777E-1	4.29253E-1
3.30900E+11	1.71490E-12	-9.10162E-1	6.71461E-1	6.00060E-1
3.30988E+11	1.63569E-12	-1.81008E+0	3.88411E-1	7.12951E-1
3.31075E+11	1.08839E-12	-4.24214E+0	3.96801E-1	-4.68046E-1
3.31162E+11	4.71906E-13	-5.73543E+0	-2.49926E-1	-4.52221E-1
3.31250E+11	1.52939E-12	-2.00905E+0	-4.00818E-1	6.84827E-1
3.31337E+11	2.40661E-12	-3.32264E+0	6.06443E-1	-3.12297E-1
3.31425E+11	5.14995E-13	1.49685E+0	-2.37004E-1	-1.16419E+0
3.31513E+11	1.44365E-12	3.00266E+1	4.69725E+0	-3.13700E+1
3.31600E+11	1.10226E-12	-5.03908E-1	6.34461E-1	6.98504E-1
3.31687E+11	2.43854E-13	-2.27671E+0	7.69307E-1	1.33001E-2
3.31775E+11	5.89557E-12	5.07447E-2	3.68637E-1	9.35874E-1
3.31863E+11	1.34450E-12	6.31525E+0	1.66578E+0	-1.22718E+0
3.31950E+11	1.70640E-12	-1.22602E+0	3.90630E-1	-7.75535E-1
3.32037E+11	1.25955E-12	-5.78092E+0	-3.47044E-1	3.79138E-1
3.32125E+11	2.79949E-13	-3.65129E+0	-4.49349E-1	-4.79036E-1
3.32213E+11	1.21604E-12	-9.00744E-1	-2.65499E-1	8.61511E-1
3.32300E+11	1.58853E-12	1.11314E+1	-3.60144E+0	7.57000E-2
3.32387E+11	1.76130E-12	-3.70798E+0	5.18076E-1	3.96729E-1
3.32475E+11	1.16478E-12	3.27590E+0	1.35306E-1	1.45183E+0
3.32562E+11	1.25250E-12	1.23482E+1	6.48640E-1	-4.09284E+0
3.32650E+11	1.53618E-13	-1.20631E+1	1.06821E-1	2.25334E-1
3.32738E+11	1.03521E-12	1.19215E+0	-7.04998E-1	9.04905E-1
3.32825E+11	5.97996E-13	-4.56341E+0	5.77433E-1	-1.27442E-1
3.32912E+11	1.26569E-12	1.69193E+0	4.79496E-1	-1.11644E+0
3.33000E+11	3.34223E-13	-7.12871E+0	-4.39477E-1	2.36537E-2
3.33088E+11	1.11630E-12	1.99758E+0	-1.10973E+0	-5.93728E-1
3.33175E+11	2.06069E-13	3.86277E+0	-1.55827E+0	-7.45341E-2
3.33262E+11	7.13252E-13	-4.43470E+0	3.99238E-1	4.48104E-1
3.33350E+11	3.34341E-14	-2.16687E+1	8.03620E-2	1.87545E-2
3.33438E+11	6.47249E-13	-5.62573E+0	-3.54002E-1	-3.85329E-1
3.33525E+11	7.83728E-13	9.28283E+0	-1.75960E+0	-2.31983E+0
3.33613E+11	7.06427E-13	3.46629E+0	-1.22018E+0	-8.55901E-1
3.33700E+11	7.30935E-13	-5.49251E+0	4.31681E-1	-3.09801E-1
3.33787E+11	5.39700E-13	-8.38303E-1	8.07999E-1	-4.14243E-1
3.33875E+11	4.97003E-13	-9.64961E+0	3.15531E-1	-9.40364E-2
3.33963E+11	2.27421E-14	-2.08705E+1	5.19159E-2	7.40844E-2
3.34050E+11	1.46744E-12	2.89912E+0	-1.39442E+0	-7.10132E-2
3.34137E+11	1.13868E-13	-1.34010E+1	1.23370E-1	-1.74581E-1
3.34225E+11	4.54938E-12	1.34232E+1	-7.04136E-1	4.63669E+0
3.34313E+11	4.43384E-13	-8.16831E+0	1.53415E-1	-3.59066E-1
3.34400E+11	3.65736E-13	6.78279E+0	-3.03453E-1	2.16224E+0
3.34487E+11	6.18599E-13	4.96316E+0	-1.42553E+0	1.05044E+0
3.34575E+11	1.24973E-12	3.43596E+0	-1.28488E+0	7.45012E-1
3.34663E+11	2.66012E-14	-1.74093E+1	1.33895E-1	1.51761E-2
3.34750E+11	1.04353E-12	-7.31679E-1	-9.76761E-2	9.14008E-1
3.34838E+11	1.07296E-12	-2.15048E+0	6.13411E-1	4.82904E-1
3.34925E+11	5.91362E-13	2.88381E+0	-3.46677E-1	1.34996E+0
3.35012E+11	4.68102E-13	-5.16699E+0	1.89559E-1	-5.18041E-1
3.35100E+11	2.65770E-13	-1.18781E+0	4.03519E-1	7.73228E-1
3.35188E+11	7.21721E-14	-1.15834E+1	-2.55766E-1	-6.34914E-2
3.35275E+11	5.33471E-13	7.94322E+0	-7.55329E-1	2.37846E+0
3.35362E+11	9.75461E-13	-2.94068E+0	5.04309E-1	5.03738E-1
3.35450E+11	1.24798E-12	7.99801E+0	4.55431E-3	-2.51131E+0
3.35538E+11	1.59609E-12	4.11186E+0	-1.16936E-1	1.60117E+0
3.35625E+11	6.53650E-13	-2.65165E+0	-2.19109E-1	7.03588E-1
3.35712E+11	9.64732E-13	4.41743E+0	-1.43712E+0	-8.36652E-1
3.35800E+11	3.26956E-13	-3.43608E+0	6.65431E-1	1.02509E-1
3.35887E+11	1.35551E-13	-1.03422E+1	2.79967E-1	1.18498E-1
3.35975E+11	2.38707E-12	1.31020E+0	6.05630E-1	9.92647E-1
3.36063E+11	1.30711E-12	-1.75706E+0	5.06252E-1	-6.41068E-1
3.36150E+11	2.70045E-13	-1.19368E+1	2.08284E-1	1.43661E-1
3.36237E+11	1.82801E-12	2.66512E+0	9.48755E-1	9.73167E-1
3.36325E+11	1.30802E-12	5.61162E+0	-1.54787E+0	-1.11562E+0
3.36413E+11	8.09461E-13	-7.02634E+0	4.02020E-1	1.91571E-1
3.36500E+11	1.68637E-13	-6.50151E+0	8.91947E-2	4.64584E-1
3.36587E+11	9.01040E-13	-5.50206E+0	4.04600E-1	-3.43516E-1
3.36675E+11	1.11266E-12	2.88051E+0	-8.41257E-1	-1.11059E+0
3.36763E+11	1.84328E-13	2.87744E+0	2.33799E-1	-1.37298E+0
3.36850E+11	5.47074E-13	-6.64864E+0	4.35851E-1	-1.62401E-1
3.36937E+11	2.52195E-13	-3.67819E+0	6.16151E-1	2.21553E-1
3.37025E+11	1.30593E-13	1.67000E-1	9.90595E-1	-2.40674E-1
3.37112E+11	1.21381E-12	1.90015E+0	-5.45477E-1	-1.11863E+0
3.37200E+11	1.17181E-12	-2.52929E+0	3.92247E-1	-6.36164E-1
3.37288E+11	2.77261E-13	-1.50637E+0	1.28916E-2	-8.40679E-1
3.37375E+11	2.08850E-12	7.51021E+0	2.22119E+0	8.38430E-1
3.37462E+11	1.47985E-13	-5.51479E+0	8.28571E-2	-5.23465E-1
3.37550E+11	7.38678E-13	-9.72736E-1	2.73781E-3	8.94049E-1
3.37638E+11	3.49232E-13	-6.39304E+0	3.64043E-1	-3.11331E-1
3.37725E+11	5.18711E-13	3.31027E+0	2.11716E-1	-1.44852E+0
3.37812E+11	2.44568E-12	-4.04407E-1	9.28910E-1	2.19573E-1
3.37900E+11	5.23801E-13	-5.67698E+0	6.47982E-2	-5.16125E-1
3.37988E+11	4.48965E-13	2.15513E+0	8.58515E-1	9.51567E-1
3.38075E+11	3.41947E-13	-1.19738E+1	-2.42100E-1	-6.97535E-2
3.38163E+11	4.94598E-13	-6.29310E+0	-8.91195E-2	-4.76291E-1
3.38250E+11	1.77365E-13	-1.10799E+1	9.70819E-2	2.61838E-1
3.38337E+11	1.84359E-13	-1.95327E+0	-5.75001E-1	-5.54218E-1
3.38425E+11	6.95377E-13	-4.99753E+0	2.19915E-1	5.17730E-1
3.38513E+11	3.62862E-13	-2.97167E+0	4.06714E-1	-5.82281E-1
3.38600E+11	4.89273E-13	-5.45803E+0	4.33956E-2	5.31688E-1
3.38687E+11	2.67226E-13	-7.62108E+0	3.48489E-1	-2.26922E-1
3.38775E+11	3.09359E-13	-8.33924E+0	8.62202E-2	-3.73024E-1
3.38863E+11	6.25319E-13	-6.83429E+0	3.53157E-1	-2.87344E-1
3.38950E+11	5.65843E-13	-7.00996E+0	2.70752E-1	3.54629E-1
3.39037E+11	8.16766E-13	3.33976E+0	4.14172E-1	-1.40929E+0
3.39125E+11	6.57804E-13	-7.13646E-1	2.60122E-1	8.83631E-1
3.39213E+11	5.34239E-13	-5.96532E+0	7.50180E-2	-4.97569E-1
3.39300E+11	3.85740E-12	-1.72428E+0	8.19904E-1	-8.44525E-3
3.39388E+11	1.99810E-13	-3.92241E+0	5.40422E-1	3.36493E-1
3.39475E+11	5.43368E-13	-1.17954E+1	1.97513E-1	1.64708E-1
3.39562E+11	4.65959E-13	6.04167E+0	1.80653E+0	8.69414E-1
3.39650E+11	5.79566E-14	-1.41216E+1	-1.41752E-1	1.36449E-1
3.39738E+11	8.36046E-13	6.44493E-1	-5.66596E-1	9.15940E-1
3.39825E+11	1.46083E-12	9.76408E+0	-2.78077E+0	1.31856E+0
3.39912E+11	6.97332E-13	2.66622E+0	1.35418E+0	1.17761E-1
3.40000E+11	1.93548E-12	1.26030E+0	1.50773E-1	-1.14628E+0
