Position	Channel 1	Channel 2	Channel 3	Channel 4
2.00000E+11	6.43763E-13	-5.19595E+0	2.32789E-1	4.98083E-1
2.00088E+11	2.46403E-12	-1.83569E+0	5.33989E-1	-6.08393E-1
2.00175E+11	3.50004E-13	8.41109E+0	-1.64111E+0	2.05979E+0
2.00263E+11	2.61232E-12	4.15303E+0	-1.38582E+0	8.25526E-1
2.00350E+11	2.14780E-12	-2.59969E+0	1.17115E-1	-7.32027E-1
2.00437E+11	1.41969E-13	-7.14517E+0	-3.12191E-1	3.09037E-1
2.00525E+11	1.63008E-12	2.31794E+1	-7.87639E+0	-1.20791E+1
2.00612E+11	2.61436E-13	8.16273E+0	1.74523E+0	1.87207E+0
2.00700E+11	2.79232E-13	-1.24898E+1	6.39146E-2	-2.28650E-1
2.00787E+11	3.27370E-14	-3.76859E+0	6.47312E-1	-2.97177E-2
2.00875E+11	2.38062E-13	-6.50632E+0	2.06597E-2	4.72355E-1
2.00963E+11	3.45380E-13	-1.03415E+1	1.13968E-1	2.81869E-1
2.01050E+11	4.48527E-13	5.02802E+0	9.88464E-1	-1.48515E+0
2.01138E+11	2.10501E-13	-7.66326E+0	3.87980E-1	1.44008E-1
2.01225E+11	1.79943E-12	1.69604E+0	3.49962E-1	-1.16417E+0
2.01313E+11	1.11384E-12	-4.11001E+0	5.07436E-1	3.61467E-1
2.01400E+11	3.73460E-13	-6.80807E+0	1.92472E-1	4.14121E-1
2.01487E+11	3.74178E-13	-7.81544E+0	3.58611E-1	-1.91749E-1
2.01575E+11	5.92650E-13	1.00385E+1	5.52184E-1	3.12798E+0
2.01662E+11	8.04469E-13	-7.66441E+0	-3.89514E-1	-1.39644E-1
2.01750E+11	5.91382E-13	-3.39444E+0	-4.58078E-1	4.97834E-1
2.01837E+11	1.54807E-13	-1.23644E+1	2.29308E-1	7.37282E-2
2.01925E+11	1.84428E-12	-1.99347E-1	9.21817E-3	9.77267E-1
2.02013E+11	2.36913E-13	1.04557E+0	1.09359E+0	-2.76153E-1
2.02100E+11	4.29759E-12	2.71677E+0	1.29042E+0	4.51767E-1
2.02188E+11	5.47156E-13	1.95252E+0	-1.07345E+0	6.44491E-1
2.02275E+11	8.20017E-13	-5.45628E+0	5.33271E-1	-1.76575E-2
2.02363E+11	1.33359E-12	-1.53243E+0	1.72843E-1	8.20247E-1
2.02450E+11	5.42854E-13	-2.05023E+0	-1.70515E-1	-7.71120E-1
2.02538E+11	3.40369E-13	-3.16103E+0	-3.27153E-1	-6.13120E-1
2.02625E+11	1.12615E-12	6.29890E+0	-1.91041E+0	7.84245E-1
2.02712E+11	1.62082E-12	-4.14460E+0	-6.14588E-1	-8.57401E-2
2.02800E+11	4.04978E-14	-2.05098E+1	8.11427E-2	4.80450E-2
2.02887E+11	3.76113E-14	-1.48793E+1	-1.70619E-1	-5.83367E-2
2.02975E+11	8.04609E-13	4.65066E+0	-4.81754E-1	1.63884E+0
2.03062E+11	6.28645E-14	-1.72290E+1	-1.91847E-2	1.36234E-1
2.03150E+11	4.74054E-13	-1.93518E-1	3.67998E-1	9.06089E-1
2.03238E+11	2.53893E-12	2.24532E+0	9.67945E-1	-8.60279E-1
2.03325E+11	7.37070E-14	-1.55451E+1	-1.29852E-1	-1.05028E-1
2.03413E+11	1.14303E-12	9.97115E+0	3.01113E+0	9.31072E-1
2.03500E+11	8.62961E-14	-8.76488E+0	-2.49193E-1	-2.66080E-1
2.03588E+11	6.18141E-13	-5.29238E+0	2.49028E-1	-4.83347E-1
2.03675E+11	3.46237E-13	-2.28713E+0	-5.99645E-1	-4.80642E-1
2.03762E+11	3.52901E-14	-1.95492E+1	1.02031E-1	-2.61453E-2
2.03850E+11	2.48931E-13	-6.49437E+0	-4.55047E-1	-1.30746E-1
2.03937E+11	5.29996E-13	1.33276E+0	9.62521E-1	6.57821E-1
2.04025E+11	5.86907E-13	-2.90832E+0	7.10158E-1	8.69248E-2
2.04112E+11	3.62110E-13	-3.56139E+0	1.62869E-1	6.43341E-1
2.04200E+11	8.24783E-13	2.65836E+0	-1.16758E-1	-1.35303E+0
2.04287E+11	6.38170E-13	-5.76237E+0	4.28860E-1	2.85298E-1
2.04375E+11	1.52497E-12	7.32364E+0	-2.31597E+0	1.89515E-1
2.04463E+11	9.22192E-15	-1.70149E+1	-4.51129E-2	1.33601E-1
2.04550E+11	5.95076E-13	-1.97428E+0	-7.66505E-1	2.17198E-1
2.04638E+11	5.23157E-14	-1.70803E+1	-4.54834E-2	-1.32358E-1
2.04725E+11	2.48088E-13	-6.07890E-2	-5.61603E-1	8.18964E-1
2.04813E+11	2.58237E-12	1.58696E+0	7.41033E-1	9.44445E-1
2.04900E+11	2.28067E-13	-8.12494E+0	-4.32503E-2	-3.90031E-1
2.04987E+11	1.77561E-13	-2.72206E+0	4.35315E-1	-5.87207E-1
2.05075E+11	6.96092E-14	-1.60994E+1	-1.33244E-1	8.24423E-2
2.05162E+11	9.30346E-13	9.61571E+0	2.69253E+0	-1.37965E+0
2.05250E+11	6.58461E-13	-1.72658E+0	8.19660E-1	-1.07207E-2
2.05337E+11	1.11488E-12	-2.28679E+0	3.55372E-1	-6.81431E-1
2.05425E+11	1.66399E-12	2.98865E+0	1.10848E+0	8.72540E-1
2.05513E+11	2.69049E-12	4.58234E+0	1.62128E+0	4.93753E-1
2.05600E+11	1.63495E-13	-7.63257E+0	-9.56329E-2	4.04149E-1
2.05688E+11	1.16488E-12	1.40225E+0	1.13219E+0	3.15018E-1
2.05775E+11	9.82789E-13	-4.96375E-1	8.83735E-1	3.33178E-1
2.05863E+11	6.04164E-13	-9.57426E+0	3.01060E-1	-1.40222E-1
2.05950E+11	1.59074E-12	7.50570E-1	1.08916E+0	4.88233E-2
2.06037E+11	2.76959E-13	-8.25058E+0	3.33919E-1	1.95198E-1
2.06125E+11	4.21040E-14	-9.29028E+0	-1.98254E-1	-2.80086E-1
2.06212E+11	5.14376E-13	-2.67253E+0	-1.07714E-1	-7.27212E-1
2.06300E+11	1.81253E-13	-6.63721E+0	-1.99658E-1	-4.20769E-1
2.06387E+11	5.04330E-13	-8.14780E+0	6.98589E-2	3.85105E-1
2.06475E+11	3.71322E-13	2.61623E+0	-9.36188E-1	-9.74712E-1
2.06562E+11	2.73025E-13	-1.09231E+0	5.13408E-1	7.16962E-1
2.06650E+11	2.85121E-13	-7.39413E+0	4.26834E-1	-5.36838E-3
2.06738E+11	1.21922E-12	6.46350E+0	1.28808E+0	-1.66442E+0
2.06825E+11	3.39124E-13	-5.91178E+0	-4.75818E-1	1.73035E-1
2.06913E+11	1.24125E-13	-5.55140E+0	-4.02814E-1	-3.40974E-1
2.07000E+11	1.51169E-12	-3.84845E+0	-3.53321E-1	-5.36105E-1
2.07088E+11	4.78727E-13	3.41726E+0	1.21879E+0	-8.43222E-1
2.07175E+11	3.34254E-13	5.38046E-1	-7.59208E-2	1.06119E+0
2.07262E+11	5.38422E-15	-2.96337E+1	3.15934E-2	9.47942E-3
2.07350E+11	2.88072E-12	-2.93810E+0	5.46328E-1	-4.58158E-1
2.07437E+11	1.94388E-12	2.25818E+0	1.24572E+0	-3.60783E-1
2.07525E+11	1.01466E-12	6.86357E-1	1.08178E+0	-3.11991E-2
2.07612E+11	2.09487E-12	-1.79001E+0	-7.39391E-1	-3.39876E-1
2.07700E+11	1.01828E-12	-3.80377E+0	1.84725E-1	6.18372E-1
2.07788E+11	3.03555E-13	-1.27458E+1	1.86301E-1	1.35761E-1
2.07875E+11	4.04730E-12	1.41231E+1	2.29383E-1	-5.07824E+0
2.07963E+11	3.62394E-13	-4.63890E+0	4.68264E-1	-3.52667E-1
2.08050E+11	2.49527E-12	-4.74615E+0	-1.38880E-1	5.62116E-1
2.08138E+11	3.37473E-13	-2.90429E+0	-4.67185E-1	-5.42304E-1
2.08225E+11	5.18602E-13	-7.94021E+0	-3.23678E-1	2.36472E-1
2.08313E+11	5.09691E-13	-2.83279E+0	7.09978E-1	1.29581E-1
2.08400E+11	1.18998E-12	-3.53960E+0	3.61060E-1	5.58807E-1
2.08487E+11	7.62601E-13	3.94012E+0	1.57400E+0	2.04668E-3
2.08575E+11	1.51943E-12	4.15517E+0	9.82695E-1	-1.27968E+0
2.08662E+11	2.27679E-12	7.41130E+0	-2.30571E+0	4.39818E-1
2.08750E+11	1.04352E-13	-4.85201E+0	-4.76182E-1	-3.16923E-1
2.08837E+11	1.73251E-12	2.74462E+0	-1.33760E+0	-3.03555E-1
2.08925E+11	3.51218E-13	-1.04481E+1	-1.50437E-1	2.59933E-1
2.09013E+11	1.06903E-12	-3.61806E+0	5.76634E-1	3.19683E-1
2.09100E+11	4.26142E-13	-2.36804E+0	7.32580E-1	2.07404E-1
2.09188E+11	9.98586E-13	7.88642E-2	6.03075E-1	8.09089E-1
2.09275E+11	4.28080E-13	-9.39493E+0	2.29002E-1	2.50015E-1
2.09363E+11	8.42590E-13	-3.17817E+0	5.94236E-1	-3.57666E-1
2.09450E+11	4.36834E-13	-3.01205E-2	-1.23413E-1	9.88867E-1
2.09537E+11	5.88866E-13	7.15296E-1	1.06615E+0	2.05817E-1
2.09625E+11	4.06029E-13	-7.69551E+0	1.97637E-1	-3.61856E-1
2.09712E+11	8.56109E-13	-3.02076E-2	4.18879E-1	-9.04217E-1
2.09800E+11	1.49257E-12	-4.95203E-1	9.18425E-1	-2.20752E-1
2.09887E+11	8.82143E-13	3.21314E-1	-2.05660E-1	1.01710E+0
2.09975E+11	3.30044E-13	-5.96361E+0	2.23397E-1	-4.50994E-1
2.10063E+11	1.15442E-12	3.70756E+0	-3.33292E-1	-1.49574E+0
2.10150E+11	9.40056E-13	6.87709E+0	1.98572E+0	9.63804E-1
2.10238E+11	6.91118E-14	-5.47158E+0	3.94134E-1	-3.58256E-1
2.10325E+11	1.88958E-13	-1.27851E+1	-4.90699E-2	2.24174E-1
2.10413E+11	3.78063E-13	4.55592E+0	-4.89684E-1	1.61713E+0
2.10500E+11	1.68104E-13	-8.20972E+0	3.88593E-1	-3.65781E-3
2.10588E+11	7.59425E-13	-5.75770E+0	-4.38536E-1	2.70715E-1
2.10675E+11	6.70169E-13	-7.60486E+0	-2.05964E-1	-3.62167E-1
2.10762E+11	3.88452E-14	-1.56625E+1	3.79112E-2	1.60348E-1
2.10850E+11	1.39990E-12	-1.78109E+0	4.79449E-1	6.58564E-1
2.10937E+11	6.19859E-13	-2.58387E+0	7.41675E-1	-3.87805E-2
2.11025E+11	2.53788E-14	-1.58562E+1	1.90911E-2	-1.59999E-1
2.11112E+11	8.38291E-13	-8.13303E-1	-7.72422E-1	4.82270E-1
2.11200E+11	7.26543E-15	-2.40207E+1	-4.98317E-2	-3.84569E-2
2.11288E+11	8.42458E-13	2.37981E+0	1.25143E+0	4.04553E-1
2.11375E+11	1.32988E-12	-2.27184E+0	4.12149E-1	6.50236E-1
2.11463E+11	2.35126E-12	2.56149E+0	1.34020E+0	-8.65765E-2
2.11550E+11	2.60518E-13	-3.06606E+0	6.71537E-1	2.06544E-1
2.11638E+11	4.25027E-14	-1.04236E+1	2.01085E-1	-2.24212E-1
2.11725E+11	1.37334E-12	1.55631E+0	1.52731E-1	1.18644E+0
2.11812E+11	6.07259E-13	7.09315E+0	1.05325E+0	-2.00279E+0
2.11900E+11	4.31079E-13	-4.17447E+0	-1.39016E-1	6.02583E-1
2.11987E+11	1.20060E-13	-1.31667E+1	-1.12149E-2	2.19330E-1
2.12075E+11	9.97883E-14	-7.45726E+0	4.18696E-1	-6.54213E-2
2.12162E+11	3.14636E-12	3.37634E+0	9.67857E-1	1.11316E+0
2.12250E+11	4.72304E-13	-1.38001E-1	-4.69736E-1	-8.64911E-1
2.12337E+11	2.75353E-12	3.28010E+0	8.73737E-1	-1.16823E+0
2.12425E+11	3.02514E-12	6.04013E+0	1.73465E+0	-1.00450E+0
2.12513E+11	2.10871E-12	1.92778E+0	-5.68961E-1	-1.11132E+0
2.12600E+11	2.11838E-13	-9.20134E+0	-3.35891E-1	-8.58288E-2
2.12688E+11	7.36950E-14	-1.26286E+1	-8.62691E-2	2.17144E-1
2.12775E+11	2.15856E-12	2.67804E+0	7.05980E-1	-1.16374E+0
2.12863E+11	1.66796E-8	3.58583E+1	5.84141E+1	-2.10023E+1
2.12950E+11	4.75145E-8	5.41853E+1	-2.03121E+2	4.69979E+2
2.13037E+11	5.65402E-8	4.92791E+1	-1.40330E+2	-2.54976E+2
2.13125E+11	7.92523E-8	3.42962E+1	-3.50212E+1	3.82452E+1
2.13212E+11	4.20920E-8	2.81884E+1	2.41279E+1	8.76198E+0
2.13300E+11	4.79415E-8	2.98087E+1	-2.71001E+1	-1.49164E+1
2.13387E+11	2.52527E-8	2.70587E+1	9.97347E+0	2.02123E+1
2.13475E+11	2.82454E-8	2.47670E+1	-1.20037E+1	-1.24747E+1
2.13563E+11	1.21478E-8	1.84970E+1	2.46712E+0	8.04105E+0
2.13650E+11	1.54395E-8	1.53806E+1	-1.38808E+0	-5.70894E+0
2.13738E+11	7.09266E-9	8.24015E+0	-1.12464E+0	2.32454E+0
2.13825E+11	1.20299E-8	9.81600E+0	1.66518E+0	-2.61005E+0
2.13913E+11	3.80816E-9	2.10150E+1	-9.32597E+0	6.27339E+0
2.14000E+11	5.27169E-9	3.84103E+1	5.38315E+1	-6.35365E+1
2.14087E+11	2.05305E-9	4.30665E+1	1.13205E+1	1.41889E+2
2.14175E+11	1.69791E-9	3.65702E+1	4.18479E+1	5.28055E+1
2.14262E+11	6.93683E-10	3.22141E+1	-2.33416E-1	-4.08034E+1
2.14350E+11	6.81799E-10	3.31813E+1	4.00169E+1	2.18852E+1
2.14437E+11	1.35106E-9	2.54550E+1	-7.43591E+0	1.72007E+1
2.14525E+11	1.62589E-9	3.19167E+1	-1.95997E+1	-3.42144E+1
2.14612E+11	1.67865E-9	3.42904E+1	2.59243E+1	-4.48726E+1
2.14700E+11	6.37130E-10	2.49625E+1	1.63585E+1	6.77545E+0
2.14788E+11	4.89361E-10	1.86020E+1	-1.79231E+0	8.32257E+0
2.14875E+11	6.02873E-11	1.80048E+1	1.43672E+0	-7.81671E+0
2.14963E+11	1.18428E-12	2.85364E+0	-8.54833E-1	1.09472E+0
2.15050E+11	7.15084E-13	-4.66608E+0	4.78213E-1	-3.35877E-1
2.15138E+11	1.70939E-12	-3.30853E+0	-5.78874E-1	3.62936E-1
2.15225E+11	8.56993E-13	-4.34416E+0	5.09863E-1	-3.28354E-1
2.15312E+11	4.90237E-13	-2.95297E+0	1.62193E-1	-6.93064E-1
2.15400E+11	3.46921E-12	-1.20134E+0	6.54584E-1	-5.74337E-1
2.15487E+11	2.99278E-13	-3.17960E+0	1.22081E-1	6.82627E-1
2.15575E+11	1.82825E-12	7.65815E+0	-1.85365E+0	1.54788E+0
2.15662E+11	7.46827E-13	-3.63034E+0	4.96775E-1	-4.32078E-1
2.15750E+11	6.32960E-13	5.08706E+0	1.36976E+0	-1.16192E+0
2.15838E+11	9.37533E-13	-5.33920E+0	5.36259E-1	6.99662E-2
2.15925E+11	5.68839E-14	-1.35596E+1	1.95286E-1	7.69618E-2
2.16013E+11	1.85003E-12	2.82196E+0	-1.08372E+0	8.60618E-1
2.16100E+11	5.43580E-13	-1.08094E+1	1.65782E-1	-2.35610E-1
2.16188E+11	2.49273E-12	5.51411E-1	8.31089E-2	1.06230E+0
2.16275E+11	7.14476E-13	-7.97577E+0	1.59509E-1	-3.65969E-1
2.16363E+11	1.85637E-13	-6.64693E+0	1.21961E-1	-4.48944E-1
2.16450E+11	1.15662E-12	-1.78167E+0	-4.40312E-1	6.85284E-1
2.16537E+11	3.87544E-12	4.42673E+0	-1.13532E+0	1.21749E+0
2.16625E+11	5.46092E-14	-2.16636E+1	-2.58119E-2	-7.84310E-2
2.16712E+11	1.60095E-12	7.43100E+0	2.23109E+0	-7.46330E-1
2.16800E+11	1.60018E-13	-4.46359E+0	-5.41910E-1	2.53246E-1
2.16887E+11	7.53342E-13	1.12492E+0	-1.06598E+0	-3.99182E-1
2.16975E+11	3.42735E-13	-6.43819E+0	-4.48070E-1	1.62217E-1
2.17063E+11	2.14935E-12	1.89896E+1	2.80986E-2	-8.90175E+0
2.17150E+11	1.57910E-12	4.79343E-1	8.03978E-1	-6.85794E-1
2.17238E+11	2.15207E-12	2.84511E+0	-1.24629E+0	-6.10012E-1
2.17325E+11	5.11487E-13	-1.33209E+0	-7.66606E-1	-3.84926E-1
2.17413E+11	4.12529E-13	-4.21351E+0	2.01550E-1	5.81710E-1
2.17500E+11	7.34667E-13	-5.28204E+0	3.31046E-1	-4.32148E-1
2.17587E+11	5.64482E-13	-5.04054E+0	1.17793E-1	5.47188E-1
2.17675E+11	7.08036E-13	4.83802E-1	1.36895E-1	1.04838E+0
2.17762E+11	1.12619E-11	1.47574E+1	1.51433E+0	-5.25465E+0
2.17850E+11	1.42914E-9	3.08699E+1	-3.33709E+1	-1.04002E+1
2.17937E+11	1.71267E-9	3.05126E+1	-3.25273E+1	-8.20043E+0
2.18025E+11	3.49087E-9	3.28952E+1	-2.93813E+1	3.29308E+1
2.18113E+11	2.68805E-7	4.78080E+1	-8.86681E+1	-2.29141E+2
2.18200E+11	2.03843E-7	4.90487E+1	-1.80188E+2	-2.18771E+2
2.18288E+11	3.83990E-6	6.13787E+1	7.71252E+2	-8.82501E+2
2.18375E+11	1.99534E-6	6.77756E+1	-1.70146E+3	1.75978E+3
2.18463E+11	6.67747E-6	6.70836E+1	-1.09840E+3	1.97554E+3
2.18550E+11	2.47018E-6	5.90399E+1	-5.78829E+2	-6.83099E+2
2.18638E+11	2.96097E-6	6.08878E+1	1.98697E+2	1.08965E+3
2.18725E+11	9.20093E-7	7.17012E+1	-2.46603E+3	-2.95193E+3
2.18812E+11	2.64520E-6	5.57299E+1	-6.11315E+2	-1.97817E+1
2.18900E+11	1.14998E-6	6.34016E+1	1.41840E+3	4.20360E+2
2.18987E+11	3.11651E-6	7.56365E+1	5.58265E+3	-2.33408E+3
2.19075E+11	1.03927E-6	6.68782E+1	-1.22185E+3	1.83858E+3
2.19162E+11	4.66319E-6	6.16770E+1	4.78930E+2	1.11441E+3
2.19250E+11	5.48188E-6	6.99897E+1	-2.85611E+3	1.34865E+3
2.19338E+11	1.20370E-5	2.73425E+1	2.28441E+1	4.52329E+0
2.19425E+11	8.25053E-6	6.38148E+0	-1.64366E+0	-1.28257E+0
2.19513E+11	1.12061E-5	-2.07831E+0	4.49856E-1	6.45997E-1
2.19600E+11	1.18706E-5	-7.62076E+0	1.32395E-1	-3.94237E-1
2.19688E+11	1.06520E-5	-1.01446E+1	-2.66609E-1	1.60143E-1
2.19775E+11	8.88189E-6	-1.16682E+1	2.17110E-1	1.44807E-1
2.19862E+11	9.85643E-6	-1.15078E+1	-4.57333E-2	-2.61869E-1
2.19950E+11	7.75553E-6	-1.22050E+1	-1.79481E-1	1.67251E-1
2.20037E+11	6.90968E-6	-1.28447E+1	2.27875E-1	4.10037E-3
2.20125E+11	5.52704E-6	-1.37149E+1	-1.21317E-1	-1.66715E-1
2.20212E+11	6.64956E-6	-1.23403E+1	-1.94296E-2	2.40756E-1
2.20300E+11	4.85633E-6	-1.37186E+1	1.89069E-1	-8.20281E-2
2.20387E+11	5.64659E-6	-1.29204E+1	-2.19559E-1	-5.32906E-2
2.20475E+11	3.79891E-6	-1.47231E+1	1.05272E-1	1.50406E-1
2.20563E+11	7.16268E-6	-1.22857E+1	2.04873E-2	-2.42195E-1
2.20650E+11	3.73420E-6	-1.47848E+1	-1.51614E-1	1.01204E-1
2.20738E+11	5.05350E-6	-1.35018E+1	2.03677E-1	5.62641E-2
2.20825E+11	3.65613E-6	-1.50262E+1	-1.09260E-1	-1.39624E-1
2.20913E+11	5.75614E-6	-1.25246E+1	-9.19155E-3	2.36287E-1
2.21000E+11	3.92118E-6	-1.44990E+1	1.34610E-1	-1.31794E-1
2.21087E+11	3.90997E-6	-1.35675E+1	-2.04879E-1	-4.47634E-2
2.21175E+11	4.04596E-6	-1.36133E+1	1.08504E-1	1.78172E-1
2.21262E+11	6.01461E-6	-1.22583E+1	6.71079E-2	-2.34412E-1
2.21350E+11	4.87448E-6	-1.32082E+1	-1.94997E-1	9.87363E-2
2.21437E+11	5.17521E-6	-1.25990E+1	2.27865E-1	5.51803E-2
2.21525E+11	5.63783E-6	-1.20517E+1	-1.40797E-1	-2.06216E-1
2.21613E+11	6.57383E-6	-1.05986E+1	3.86254E-2	2.92629E-1
2.21700E+11	6.66366E-6	-1.07532E+1	2.04909E-1	-2.05159E-1
2.21788E+11	7.61330E-6	-9.36248E+0	-3.26747E-1	9.51224E-2
2.21875E+11	7.40424E-6	-9.06299E+0	2.74924E-1	2.20220E-1
2.21963E+11	8.97599E-6	-7.81867E+0	-2.55516E-1	-3.16163E-1
2.22050E+11	7.42096E-6	-8.02767E+0	-9.44943E-2	3.85426E-1
2.22137E+11	7.65861E-6	-7.21209E+0	2.31639E-1	-3.69269E-1
2.22225E+11	6.22787E-6	-7.45384E+0	-4.18752E-1	-6.61436E-2
2.22312E+11	5.60309E-6	-7.50266E+0	3.85198E-1	1.71294E-1
2.22400E+11	6.23447E-6	-5.76642E+0	-8.93712E-2	-5.07032E-1
2.22487E+11	5.91331E-6	-3.48516E+0	-1.49819E-1	6.52508E-1
2.22575E+11	6.83140E-6	-2.29114E+0	7.08137E-1	-2.97639E-1
2.22662E+11	7.25490E-6	-2.59172E+0	-7.41971E-1	-8.24983E-3
2.22750E+11	6.80560E-6	-3.19456E+0	2.99149E-1	6.24292E-1
2.22838E+11	7.24755E-6	-3.48292E+0	2.68434E-1	-6.13504E-1
2.22925E+11	7.48394E-6	-4.21047E+0	-6.09655E-1	8.71465E-2
2.23013E+11	8.01734E-6	-4.63853E+0	5.64327E-1	1.58774E-1
2.23100E+11	8.10375E-6	-5.60574E+0	-1.80808E-1	-4.92309E-1
2.23188E+11	1.07227E-5	-5.77701E+0	-3.08097E-2	5.13297E-1
2.23275E+11	9.62709E-6	-7.46259E+0	3.64384E-1	-2.15849E-1
2.23362E+11	1.24988E-5	-8.29472E+0	-3.63504E-1	1.26317E-1
2.23450E+11	1.20722E-5	-9.58184E+0	2.24041E-1	2.44771E-1
2.23537E+11	1.40068E-5	-1.03151E+1	-1.52148E-1	-2.64295E-1
2.23625E+11	1.51681E-5	-1.07089E+1	-1.43666E-1	2.53572E-1
2.23712E+11	2.06788E-5	-1.01836E+1	2.25064E-1	-2.12617E-1
2.23800E+11	1.86931E-5	-1.11124E+1	-2.65670E-1	-8.26008E-2
2.23888E+11	2.10815E-5	-1.12524E+1	1.99364E-1	1.87621E-1
2.23975E+11	2.15839E-5	-1.12010E+1	2.60248E-2	-2.74158E-1
2.24063E+11	1.73139E-5	-1.30297E+1	1.81083E-2	2.22371E-1
2.24150E+11	3.12529E-5	-1.05365E+1	2.18775E-1	-2.01288E-1
2.24238E+11	3.33582E-5	-1.05452E+1	-2.80687E-1	9.70378E-2
2.24325E+11	3.55805E-5	-1.08365E+1	2.53821E-1	1.34371E-1
2.24412E+11	4.31360E-5	-1.04806E+1	-9.56326E-2	-2.83509E-1
2.24500E+11	3.00806E-5	-1.23698E+1	-1.29086E-1	2.03182E-1
2.24587E+11	5.27738E-5	-1.05797E+1	2.78148E-1	-1.00688E-1
2.24675E+11	4.28537E-5	-1.19983E+1	-2.25648E-1	-1.10469E-1
2.24762E+11	6.79713E-5	-1.02075E+1	2.04235E-1	2.31567E-1
2.24850E+11	4.36497E-5	-1.20100E+1	3.62097E-2	-2.48274E-1
2.24937E+11	7.15917E-5	-9.92411E+0	-1.07344E-1	3.00400E-1
2.25025E+11	6.75218E-5	-1.06227E+1	2.29258E-1	-1.84616E-1
2.25113E+11	7.44150E-5	-9.81995E+0	-2.60676E-1	1.90476E-1
2.25200E+11	7.10394E-5	-8.75077E+0	3.60544E-1	5.77650E-2
2.25288E+11	9.35256E-5	-4.37083E+0	-4.38386E-1	-4.16344E-1
2.25375E+11	7.50986E-5	-2.63117E+0	-1.04475E-1	7.31229E-1
2.25463E+11	9.90282E-5	1.08106E+0	9.41446E-1	-6.29541E-1
2.25550E+11	7.08579E-5	2.08421E+0	-1.25071E+0	-2.27270E-1
2.25637E+11	1.00437E-4	6.65741E+0	8.78870E-1	1.96451E+0
2.25725E+11	7.04202E-5	7.49046E+0	9.63544E-1	-2.16394E+0
2.25812E+11	1.05151E-4	1.20117E+1	-3.97743E+0	2.67965E-1
2.25900E+11	6.69503E-5	1.19882E+1	3.16909E+0	2.40056E+0
2.25987E+11	1.05076E-4	1.50656E+1	4.16227E-1	-5.65075E+0
2.26075E+11	7.10760E-5	1.41558E+1	-3.65973E+0	3.55569E+0
2.26163E+11	1.20696E-4	1.79776E+1	7.88508E+0	7.72608E-1
2.26250E+11	7.22114E-5	1.79271E+1	-5.30454E+0	-5.82300E+0
2.26338E+11	1.39578E-4	2.28493E+1	-3.05158E+0	1.35429E+1
2.26425E+11	7.11654E-5	2.09040E+1	9.57096E+0	-5.61586E+0
2.26513E+11	1.22033E-4	2.24450E+1	-1.16956E+1	-6.22922E+0
2.26600E+11	7.12211E-5	1.99712E+1	4.17413E+0	9.05077E+0
2.26688E+11	1.24396E-4	2.27327E+1	5.91180E+0	-1.23559E+1
2.26775E+11	6.60910E-5	2.10214E+1	-9.84859E+0	5.43329E+0
2.26862E+11	1.11955E-4	2.48266E+1	1.53015E+1	8.34952E+0
2.26950E+11	7.85885E-5	2.50721E+1	-7.65177E+0	-1.62165E+1
2.27037E+11	1.12859E-4	2.61262E+1	-1.00465E+1	1.75758E+1
2.27125E+11	8.71417E-5	2.43470E+1	1.44893E+1	-7.88275E+0
2.27212E+11	1.02721E-4	2.29196E+1	-1.28471E+1	-5.55158E+0
2.27300E+11	8.44870E-5	2.15232E+1	6.90905E+0	9.70957E+0
2.27388E+11	9.02711E-5	2.17395E+1	1.02702E+0	-1.21740E+1
2.27475E+11	7.31002E-5	2.18117E+1	-8.31147E+0	9.09298E+0
2.27563E+11	8.01923E-5	2.32906E+1	1.45929E+1	6.16953E-1
2.27650E+11	6.15793E-5	2.27947E+1	-1.00677E+1	-9.43145E+0
2.27738E+11	6.65021E-5	2.37050E+1	-3.86586E-1	1.53149E+1
2.27825E+11	3.98250E-5	2.08509E+1	7.75743E+0	-7.83999E+0
2.27912E+11	4.27899E-5	2.21584E+1	-1.28205E+1	-9.90489E-2
2.28000E+11	2.19622E-5	2.06388E+1	8.69335E+0	6.34599E+0
2.28087E+11	2.24437E-5	2.29720E+1	-2.66053E+0	-1.38263E+1
2.28175E+11	1.84006E-5	2.37004E+1	-6.50981E+0	1.38588E+1
2.28262E+11	2.22540E-5	2.15402E+1	1.19044E+1	-9.23457E-1
2.28350E+11	1.87384E-5	1.33588E+1	-3.65461E+0	-2.88354E+0
2.28438E+11	1.94027E-5	1.01902E+1	8.62201E-2	3.23114E+0
2.28525E+11	1.64455E-5	8.54311E+0	1.70891E+0	-2.05662E+0
2.28613E+11	1.65811E-5	6.95899E+0	-2.21314E+0	-2.58444E-1
2.28700E+11	1.68753E-5	4.88899E+0	1.03759E+0	1.41629E+0
2.28788E+11	1.58053E-5	1.10933E-1	3.98916E-1	-9.30988E-1
2.28875E+11	2.07114E-5	-3.96869E+0	-6.29587E-1	6.78807E-2
2.28963E+11	1.66602E-5	-9.45086E+0	2.34379E-1	2.41961E-1
2.29050E+11	2.36154E-5	-1.03036E+1	-3.62018E-2	-3.03212E-1
2.29137E+11	1.71672E-5	-1.23538E+1	-5.05432E-2	2.35808E-1
2.29225E+11	2.10987E-5	-1.12844E+1	2.21523E-1	-1.59139E-1
2.29312E+11	1.08507E-5	-1.41118E+1	-1.92175E-1	4.32199E-2
2.29400E+11	1.29105E-5	-1.29427E+1	2.08191E-1	8.62621E-2
2.29487E+11	5.67067E-6	-1.66716E+1	-1.11634E-1	-9.51728E-2
2.29575E+11	1.11329E-5	-1.38463E+1	4.01982E-2	1.99071E-1
2.29663E+11	7.55540E-6	-1.53478E+1	3.54571E-2	-1.67129E-1
2.29750E+11	1.76829E-5	-1.13902E+1	-1.94632E-1	1.86350E-1
2.29838E+11	1.27745E-5	-1.24721E+1	2.31656E-1	-5.41506E-2
2.29925E+11	1.99510E-5	-1.00515E+1	-2.99519E-1	-9.54405E-2
2.30013E+11	1.61869E-5	-1.11535E+1	1.47691E-1	2.34224E-1
2.30100E+11	2.09051E-5	-9.46258E+0	2.98536E-2	-3.35084E-1
2.30187E+11	1.62988E-5	-1.06279E+1	-1.81057E-1	2.31856E-1
2.30275E+11	2.14225E-5	-9.75549E+0	3.10691E-1	-9.62433E-2
2.30362E+11	1.65604E-5	-1.07839E+1	-2.40096E-1	-1.60747E-1
2.30450E+11	1.86154E-5	-1.00181E+1	1.02686E-1	2.98395E-1
2.30537E+11	1.55486E-5	-1.07786E+1	1.34502E-1	-2.55923E-1
2.30625E+11	1.50396E-5	-1.07244E+1	-2.71532E-1	1.04439E-1
2.30712E+11	1.48607E-5	-1.08015E+1	2.43074E-1	1.55120E-1
2.30800E+11	1.36879E-5	-1.11888E+1	-9.48581E-2	-2.58951E-1
2.30888E+11	1.55021E-5	-1.09348E+1	-1.71812E-1	2.26085E-1
2.30975E+11	1.25841E-5	-1.17461E+1	2.47647E-1	-7.45986E-2
2.31063E+11	1.46688E-5	-1.11095E+1	-2.12551E-1	-1.79660E-1
2.31150E+11	1.22998E-5	-1.16484E+1	7.55918E-2	2.50404E-1
2.31238E+11	1.40659E-5	-1.04415E+1	2.42921E-1	-1.76987E-1
2.31325E+11	1.25889E-5	-9.70284E+0	-3.27207E-1	4.16967E-3
2.31412E+11	1.56003E-5	-8.00496E+0	1.22426E-1	3.78577E-1
2.31500E+11	1.53730E-5	-6.97689E+0	1.43848E-1	-4.24145E-1
2.31587E+11	1.53681E-5	-5.55920E+0	-5.25741E-1	4.02366E-2
2.31675E+11	1.66608E-5	-4.31789E+0	5.11309E-1	3.29500E-1
2.31762E+11	1.46412E-5	-3.25677E+0	1.59380E-1	-6.68590E-1
2.31850E+11	1.50154E-5	-2.25433E+0	-6.57078E-1	4.04127E-1
2.31938E+11	1.31870E-5	-2.00598E+0	6.49357E-1	4.56535E-1
2.32025E+11	1.54418E-5	-9.85528E-1	-2.69828E-1	-8.50983E-1
2.32113E+11	1.77508E-5	-6.72964E-1	-5.51040E-1	7.43511E-1
2.32200E+11	1.87885E-5	-1.27226E+0	8.39456E-1	-2.03406E-1
2.32288E+11	2.00760E-5	-1.55512E+0	-5.81602E-1	-6.00630E-1
2.32375E+11	2.27237E-5	-2.03510E+0	-5.76590E-3	7.91104E-1
2.32462E+11	2.44310E-5	-3.01610E+0	6.19385E-1	-3.40141E-1
2.32550E+11	2.57289E-5	-4.78597E+0	-5.63583E-1	-1.20732E-1
2.32637E+11	2.79309E-5	-6.44633E+0	1.95473E-1	4.34104E-1
2.32725E+11	3.18751E-5	-7.18582E+0	6.38229E-2	-4.32546E-1
2.32812E+11	3.03906E-5	-8.82261E+0	-3.18099E-1	1.73073E-1
2.32900E+11	3.95149E-5	-8.15396E+0	3.89407E-1	3.64890E-2
2.32987E+11	3.16899E-5	-9.42102E+0	-1.80935E-1	-2.85524E-1
2.33075E+11	4.48618E-5	-8.12986E+0	2.34601E-2	3.91497E-1
2.33163E+11	3.45053E-5	-9.71514E+0	2.02003E-1	-2.56853E-1
2.33250E+11	4.52779E-5	-8.60251E+0	-3.40286E-1	1.48877E-1
2.33338E+11	3.77103E-5	-9.92414E+0	2.93823E-1	1.24217E-1
2.33425E+11	5.26289E-5	-8.75361E+0	-1.66462E-1	-3.24856E-1
2.33513E+11	4.65700E-5	-9.78226E+0	-1.21740E-1	3.00534E-1
2.33600E+11	6.02005E-5	-8.96053E+0	3.19169E-1	-1.58660E-1
2.33687E+11	5.65433E-5	-9.74764E+0	-3.06894E-1	-1.08624E-1
2.33775E+11	6.89071E-5	-9.02407E+0	2.14829E-1	2.81150E-1
2.33862E+11	6.25246E-5	-1.00158E+1	2.76830E-3	-3.15642E-1
2.33950E+11	7.73410E-5	-9.30643E+0	-1.93481E-1	2.82632E-1
2.34037E+11	7.31620E-5	-1.00780E+1	3.11311E-1	-3.61287E-2
2.34125E+11	8.43829E-5	-9.37651E+0	-3.05478E-1	-1.48733E-1
2.34213E+11	6.71682E-5	-1.06743E+1	1.13147E-1	2.69846E-1
2.34300E+11	1.03591E-4	-9.09774E+0	5.70295E-2	-3.46177E-1
2.34388E+11	7.82577E-5	-1.05196E+1	-2.44579E-1	1.70014E-1
2.34475E+11	9.83420E-5	-8.74174E+0	3.65481E-1	-5.41745E-3
2.34563E+11	8.14331E-5	-1.02751E+1	-2.25663E-1	-2.07216E-1
2.34650E+11	1.24671E-4	-8.60714E+0	2.75915E-2	3.70203E-1
2.34738E+11	8.68495E-5	-1.01145E+1	2.14035E-1	-2.27125E-1
2.34825E+11	1.31885E-4	-8.51221E+0	-3.64412E-1	8.97835E-2
2.34912E+11	1.08864E-4	-9.66308E+0	3.00982E-1	1.32200E-1
2.35000E+11	1.36680E-4	-8.64898E+0	-1.72230E-1	-3.26844E-1
2.35087E+11	1.21138E-4	-9.10285E+0	-7.72353E-2	3.42025E-1
2.35175E+11	1.37273E-4	-8.60739E+0	2.56945E-1	-2.67923E-1
2.35262E+11	1.32192E-4	-8.90900E+0	-3.55375E-1	4.76125E-2
2.35350E+11	1.42739E-4	-9.02882E+0	3.07004E-1	1.75523E-1
2.35438E+11	1.50316E-4	-8.90037E+0	-4.88861E-2	-3.55562E-1
2.35525E+11	1.43996E-4	-9.18983E+0	-1.96723E-1	2.86022E-1
2.35613E+11	1.52162E-4	-8.89579E+0	3.58981E-1	-9.09685E-3
2.35700E+11	1.35145E-4	-9.42684E+0	-2.74499E-1	-1.96871E-1
2.35788E+11	1.41846E-4	-9.13742E+0	3.72994E-2	3.47247E-1
2.35875E+11	1.43928E-4	-9.16157E+0	1.55340E-1	-3.11712E-1
2.35962E+11	1.40486E-4	-9.09401E+0	-3.29756E-1	1.20239E-1
2.36050E+11	1.26196E-4	-9.41966E+0	3.28236E-1	8.09817E-2
2.36137E+11	1.33784E-4	-9.37673E+0	-1.21334E-1	-3.17349E-1
2.36225E+11	1.30502E-4	-9.70305E+0	-1.08969E-1	3.08549E-1
2.36312E+11	1.48663E-4	-9.39610E+0	3.10080E-1	-1.36999E-1
2.36400E+11	1.35776E-4	-1.02490E+1	-2.96813E-1	-7.95614E-2
2.36488E+11	1.73221E-4	-9.12396E+0	1.68668E-1	3.06433E-1
2.36575E+11	1.40772E-4	-1.04312E+1	6.26974E-2	-2.94309E-1
2.36663E+11	2.00196E-4	-9.00006E+0	-3.15632E-1	1.62073E-1
2.36750E+11	1.49136E-4	-1.05496E+1	2.90734E-1	5.98821E-2
2.36838E+11	2.32672E-4	-8.82911E+0	-1.73451E-1	-3.17584E-1
2.36925E+11	1.69290E-4	-1.08316E+1	-2.59601E-2	2.86182E-1
2.37013E+11	2.95301E-4	-8.99854E+0	2.90018E-1	-2.04511E-1
2.37100E+11	1.30910E-4	-1.10686E+1	-2.79367E-1	1.18890E-2
2.37187E+11	2.08649E-4	-9.12618E+0	2.10561E-1	2.79198E-1
2.37275E+11	1.45724E-4	-1.06894E+1	-1.23597E-2	-2.91837E-1
2.37362E+11	2.21956E-4	-8.76837E+0	-2.95022E-1	2.13895E-1
2.37450E+11	1.51364E-4	-9.86474E+0	3.20320E-1	-2.36389E-2
2.37537E+11	2.12941E-4	-7.54367E+0	-2.95913E-1	-2.97463E-1
2.37625E+11	1.63718E-4	-6.98849E+0	1.03632E-1	4.35105E-1
2.37713E+11	2.38000E-4	-2.93415E+0	4.45776E-1	-5.56892E-1
2.37800E+11	1.65827E-4	-1.94029E+0	-7.84191E-1	1.57280E-1
2.37888E+11	2.64860E-4	1.12011E+0	8.58673E-1	7.46264E-1
2.37975E+11	1.96979E-4	9.51003E-2	-1.93567E-1	-9.92306E-1
2.38063E+11	2.98908E-4	1.90287E+0	-7.56249E-1	9.88902E-1
2.38150E+11	1.98548E-4	1.03290E-1	9.69485E-1	-2.90115E-1
2.38237E+11	2.94134E-4	1.16924E+0	-9.71834E-1	-6.03729E-1
2.38325E+11	1.90551E-4	-1.52761E+0	3.01001E-1	7.82852E-1
2.38412E+11	2.86630E-4	-3.41542E-1	5.57306E-1	-7.83441E-1
2.38500E+11	1.85447E-4	-2.91683E+0	-6.76882E-1	2.29583E-1
2.38587E+11	2.57647E-4	-2.04342E+0	6.47650E-1	4.53024E-1
2.38675E+11	1.72201E-4	-3.89792E+0	-2.89430E-1	-5.69039E-1
2.38762E+11	2.19122E-4	-2.83207E+0	-3.98033E-1	6.02093E-1
2.38850E+11	1.75019E-4	-4.50550E+0	5.33207E-1	-2.64678E-1
2.38938E+11	1.96863E-4	-5.06277E+0	-5.14951E-1	-2.15674E-1
2.39025E+11	1.64889E-4	-6.25511E+0	3.13168E-1	3.72538E-1
2.39113E+11	1.58434E-4	-6.49709E+0	5.49793E-2	-4.70106E-1
2.39200E+11	1.39073E-4	-7.55846E+0	-2.42405E-1	3.41599E-1
2.39288E+11	1.41817E-4	-7.74398E+0	4.07015E-1	-4.95228E-2
2.39375E+11	1.39288E-4	-8.85629E+0	-3.26985E-1	-1.52346E-1
2.39462E+11	1.63728E-4	-8.54784E+0	1.43986E-1	3.44926E-1
2.39550E+11	1.51067E-4	-9.33212E+0	7.60741E-3	-3.41418E-1
2.39637E+11	1.75778E-4	-8.55417E+0	-2.57173E-1	2.70860E-1
2.39725E+11	1.52747E-4	-9.58705E+0	3.08093E-1	-1.22696E-1
2.39812E+11	1.69319E-4	-8.48836E+0	-2.96882E-1	-2.31287E-1
2.39900E+11	9.13434E-5	-9.49538E+0	9.08465E-2	3.22596E-1
2.39988E+11	9.38061E-5	-8.56571E+0	2.24584E-1	-2.97816E-1
2.40075E+11	9.25847E-5	-9.34389E+0	-3.01362E-1	1.59654E-1
2.40163E+11	1.16282E-4	-8.59173E+0	3.41607E-1	1.46990E-1
2.40250E+11	1.13969E-4	-9.21225E+0	-2.29870E-1	-2.58936E-1
2.40338E+11	1.34835E-4	-8.73256E+0	-9.01386E-2	3.54632E-1
2.40425E+11	1.12623E-4	-9.38033E+0	2.43661E-1	-2.36571E-1
2.40512E+11	9.30820E-5	-9.01095E+0	-3.43934E-1	-8.53542E-2
2.40600E+11	8.01433E-5	-9.42375E+0	2.67700E-1	2.06218E-1
2.40687E+11	8.53394E-5	-9.02120E+0	-4.05094E-2	-3.51622E-1
2.40775E+11	7.28219E-5	-9.57201E+0	-8.33785E-2	3.21566E-1
2.40862E+11	8.57164E-5	-8.77401E+0	3.19582E-1	-1.74597E-1
2.40950E+11	6.95296E-5	-9.56606E+0	-3.32227E-1	1.15280E-2
2.41037E+11	8.80283E-5	-8.46896E+0	2.37453E-1	2.93058E-1
2.41125E+11	6.85840E-5	-9.55768E+0	-6.43367E-2	-3.26470E-1
2.41213E+11	8.81787E-5	-8.51685E+0	-2.74051E-1	2.56131E-1
2.41300E+11	6.09276E-5	-9.68226E+0	3.15814E-1	-8.86122E-2
2.41388E+11	8.16288E-5	-8.65937E+0	-2.74776E-1	-2.46298E-1
2.41475E+11	7.22611E-5	-9.68777E+0	1.61482E-1	2.85268E-1
2.41563E+11	9.40300E-5	-8.79991E+0	2.54066E-1	-2.59381E-1
2.41650E+11	7.69868E-5	-9.66480E+0	-3.20985E-1	7.06594E-2
2.41737E+11	9.18106E-5	-8.93867E+0	2.04992E-1	2.92680E-1
2.41825E+11	7.50797E-5	-9.48356E+0	-6.45619E-2	-3.29331E-1
2.41912E+11	8.05354E-5	-9.05132E+0	-2.93209E-1	1.96067E-1
2.42000E+11	7.30142E-5	-9.30617E+0	3.42100E-1	-1.70412E-2
2.42087E+11	8.30451E-5	-8.82329E+0	-1.42644E-1	-3.32826E-1
2.42175E+11	7.09806E-5	-9.00586E+0	-4.12191E-2	3.52170E-1
2.42263E+11	8.03807E-5	-8.50003E+0	3.46581E-1	-1.45376E-1
2.42350E+11	7.34298E-5	-8.78075E+0	-3.63709E-1	-1.12769E-2
2.42438E+11	9.47378E-5	-7.72366E+0	1.90366E-1	3.64229E-1
2.42525E+11	9.12420E-5	-8.03429E+0	-8.43458E-3	-3.96449E-1
2.42613E+11	1.25610E-4	-7.25031E+0	-3.92299E-1	1.85614E-1
2.42700E+11	1.06550E-4	-8.04167E+0	3.96103E-1	-8.84459E-3
2.42788E+11	1.23480E-4	-7.66152E+0	-1.71648E-1	-3.76660E-1
2.42875E+11	1.05928E-4	-8.38234E+0	3.06037E-2	3.79732E-1
2.42962E+11	1.05953E-4	-7.29543E+0	3.79546E-1	-2.05791E-1
2.43050E+11	9.65172E-5	-6.85085E+0	-4.51629E-1	5.02822E-2
2.43137E+11	1.22334E-4	-5.71307E+0	1.41258E-1	4.98388E-1
2.43225E+11	1.23703E-4	-6.77433E+0	1.15253E-1	-4.43717E-1
2.43312E+11	1.42733E-4	-6.40506E+0	-4.76911E-1	-3.70897E-2
2.43400E+11	1.29179E-4	-7.41272E+0	3.41620E-1	2.54428E-1
2.43488E+11	1.37422E-4	-7.82163E+0	1.94427E-1	-3.56837E-1
2.43575E+11	1.09391E-4	-9.16642E+0	-3.21078E-1	1.34420E-1
2.43663E+11	1.26333E-4	-9.31270E+0	1.90994E-1	2.84021E-1
2.43750E+11	9.77742E-5	-1.06741E+1	3.50853E-3	-2.92594E-1
2.43838E+11	1.11872E-4	-9.89882E+0	-3.06880E-1	9.04539E-2
2.43925E+11	8.08210E-5	-1.11582E+1	2.71337E-1	5.44826E-2
2.44012E+11	1.10100E-4	-9.95082E+0	-4.86237E-2	-3.14284E-1
2.44100E+11	8.60050E-5	-1.13205E+1	-7.43779E-2	2.61248E-1
2.44187E+11	1.13423E-4	-9.84280E+0	3.15087E-1	-6.63809E-2
2.44275E+11	7.50803E-5	-1.11706E+1	-2.75964E-1	-1.47304E-2
2.44362E+11	1.07865E-4	-9.74949E+0	1.45692E-1	2.91053E-1
2.44450E+11	9.77296E-5	-1.08847E+1	-6.32274E-2	-2.78517E-1
2.44538E+11	1.54295E-4	-9.56192E+0	-2.62024E-1	2.04834E-1
2.44625E+11	1.46249E-4	-1.04092E+1	2.93084E-1	-7.14879E-2
2.44713E+11	1.95329E-4	-9.55356E+0	-1.74690E-1	-2.83390E-1
2.44800E+11	2.07596E-4	-9.78350E+0	2.75208E-2	3.23039E-1
2.44888E+11	2.38435E-4	-9.18705E+0	3.03431E-1	-1.68863E-1
2.44975E+11	2.16608E-4	-9.43111E+0	-3.37375E-1	1.31822E-2
2.45063E+11	2.35803E-4	-9.02753E+0	1.85170E-1	3.01346E-1
2.45150E+11	2.25325E-4	-9.30377E+0	-1.05613E-2	-3.42456E-1
2.45237E+11	2.61400E-4	-8.75647E+0	-3.10160E-1	1.92236E-1
2.45325E+11	2.42565E-4	-9.45746E+0	3.35827E-1	-2.29512E-2
2.45412E+11	3.05551E-4	-8.47282E+0	-2.16754E-1	-3.08478E-1
2.45500E+11	2.47986E-4	-9.27064E+0	6.13032E-2	3.38421E-1
2.45587E+11	3.03798E-4	-8.32404E+0	2.48620E-1	-2.92032E-1
2.45675E+11	2.14223E-4	-9.35353E+0	-3.03286E-1	1.55139E-1
2.45763E+11	3.09712E-4	-8.36834E+0	3.26891E-1	1.96835E-1
2.45850E+11	2.89993E-4	-9.22400E+0	-2.17488E-1	-2.68818E-1
2.45938E+11	3.65829E-4	-8.43044E+0	-1.53130E-1	3.46534E-1
2.46025E+11	3.34719E-4	-8.91834E+0	2.61522E-1	-2.44721E-1
2.46113E+11	3.54682E-4	-8.49477E+0	-3.31519E-1	-1.77536E-1
2.46200E+11	3.17850E-4	-8.74080E+0	1.90207E-1	3.12180E-1
2.46287E+11	3.39882E-4	-8.57321E+0	1.95948E-1	-3.17013E-1
2.46375E+11	2.87381E-4	-8.80280E+0	-3.11766E-1	1.85857E-1
2.46462E+11	2.98445E-4	-8.62805E+0	3.06961E-1	2.07183E-1
2.46550E+11	2.69295E-4	-9.04742E+0	-1.71243E-1	-3.08547E-1
2.46637E+11	3.33599E-4	-8.71609E+0	-2.06541E-1	3.02883E-1
2.46725E+11	2.93949E-4	-9.19315E+0	3.07392E-1	-1.61018E-1
2.46813E+11	3.51099E-4	-8.51782E+0	-3.06060E-1	-2.16801E-1
2.46900E+11	2.80392E-4	-9.45509E+0	1.62472E-1	2.94909E-1
2.46988E+11	3.62757E-4	-8.62357E+0	1.96784E-1	-3.13954E-1
2.47075E+11	2.65968E-4	-9.85999E+0	-2.48640E-1	2.03604E-1
2.47163E+11	3.31946E-4	-8.73525E+0	3.37563E-1	1.40915E-1
2.47250E+11	2.56827E-4	-9.91781E+0	-2.27247E-1	-2.24209E-1
2.47338E+11	3.40027E-4	-8.86367E+0	-1.64556E-1	3.20669E-1
2.47425E+11	2.77353E-4	-9.73799E+0	2.43507E-1	-2.16618E-1
2.47512E+11	3.47402E-4	-8.88251E+0	-2.95330E-1	-2.05244E-1
2.47600E+11	2.79005E-4	-9.52506E+0	1.80970E-1	2.80724E-1
2.47687E+11	3.09968E-4	-8.81984E+0	2.37866E-1	-2.73212E-1
2.47775E+11	2.46745E-4	-9.42929E+0	-3.02462E-1	1.50202E-1
2.47862E+11	3.01266E-4	-8.95047E+0	2.41279E-1	2.62908E-1
2.47950E+11	2.87700E-4	-9.37502E+0	-1.18740E-1	-3.18400E-1
2.48038E+11	3.51593E-4	-8.63812E+0	-2.68905E-1	2.54013E-1
2.48125E+11	2.99715E-4	-9.27427E+0	3.16814E-1	-1.33479E-1
2.48213E+11	3.63355E-4	-8.31033E+0	-2.91336E-1	-2.50366E-1
2.48300E+11	2.71509E-4	-9.36596E+0	1.76014E-1	2.91098E-1
2.48388E+11	3.49743E-4	-8.07636E+0	2.31348E-1	-3.19695E-1
2.48475E+11	2.64751E-4	-9.36192E+0	-2.68924E-1	2.08582E-1
2.48562E+11	3.37753E-4	-8.14348E+0	3.59381E-1	1.55512E-1
2.48650E+11	2.42745E-4	-9.38401E+0	-2.78889E-1	-1.93545E-1
2.48737E+11	2.99309E-4	-8.27195E+0	-7.30889E-2	3.78850E-1
2.48825E+11	2.25967E-4	-9.25376E+0	1.49752E-1	-3.10357E-1
2.48912E+11	2.46614E-4	-8.36585E+0	-3.78482E-1	-4.93597E-2
2.49000E+11	2.21927E-4	-9.07611E+0	3.29321E-1	1.23504E-1
2.49087E+11	2.60899E-4	-8.48005E+0	5.89453E-3	-3.76656E-1
2.49175E+11	2.29356E-4	-9.13920E+0	-8.52948E-2	3.38594E-1
2.49263E+11	2.51904E-4	-8.73190E+0	3.63657E-1	-4.07797E-2
2.49350E+11	2.28404E-4	-9.11977E+0	-3.48910E-1	-2.70159E-2
2.49438E+11	2.49332E-4	-8.72674E+0	1.32891E-1	3.41186E-1
2.49525E+11	2.07242E-4	-9.52687E+0	-4.90957E-2	-3.30302E-1
2.49613E+11	2.33855E-4	-8.84391E+0	-3.36619E-1	1.31101E-1
2.49700E+11	1.99368E-4	-9.24322E+0	3.44858E-1	1.04275E-2
2.49787E+11	2.31818E-4	-8.26533E+0	-2.26018E-1	-3.13069E-1
2.49875E+11	1.94337E-4	-9.37013E+0	1.95820E-1	2.77961E-1
2.49962E+11	2.27804E-4	-8.89230E+0	1.56150E-1	-3.23529E-1
2.50050E+11	1.78181E-4	-1.02552E+1	-2.01504E-1	2.31712E-1
2.50137E+11	2.10814E-4	-9.52638E+0	2.86274E-1	1.71958E-1
2.50225E+11	1.46390E-4	-1.07172E+1	-1.72124E-1	-2.34842E-1
2.50313E+11	1.45253E-4	-9.54294E+0	-2.48519E-1	2.22118E-1
2.50400E+11	1.35657E-4	-9.82379E+0	2.72077E-1	-1.73537E-1
2.50488E+11	1.42166E-4	-9.86158E+0	-2.35082E-1	-2.19032E-1
2.50575E+11	1.31734E-4	-9.79700E+0	1.16705E-1	3.01936E-1
2.50663E+11	1.28944E-4	-9.59407E+0	2.55907E-1	-2.10498E-1
2.50750E+11	1.71368E-4	-8.29080E+0	-3.43085E-1	1.74691E-1
2.50837E+11	1.34676E-4	-9.81147E+0	3.20425E-1	4.20067E-2
2.50925E+11	1.87306E-4	-8.23516E+0	-3.45630E-1	-1.75145E-1
2.51012E+11	1.29240E-4	-9.42332E+0	9.19575E-2	3.25183E-1
2.51100E+11	1.59977E-4	-8.24139E+0	8.77106E-2	-3.77130E-1
2.51187E+11	1.29064E-4	-9.21691E+0	-2.96226E-1	1.78911E-1
2.51275E+11	1.31590E-4	-8.71412E+0	3.65824E-1	2.51321E-2
2.51362E+11	1.25243E-4	-9.28293E+0	-1.52272E-1	-3.07840E-1
2.51450E+11	1.30128E-4	-8.97553E+0	-4.27883E-2	3.53232E-1
2.51538E+11	1.22876E-4	-9.22202E+0	3.09780E-1	-1.53801E-1
2.51625E+11	1.35848E-4	-8.91907E+0	-3.57982E-1	-1.04662E-2
2.51713E+11	1.31433E-4	-9.20473E+0	1.83854E-1	2.93758E-1
2.51800E+11	1.37728E-4	-8.79683E+0	-3.62091E-2	-3.61401E-1
2.51888E+11	1.17126E-4	-9.56092E+0	-2.77469E-1	1.83440E-1
2.51975E+11	1.27798E-4	-8.93578E+0	3.55306E-1	-3.90553E-2
2.52062E+11	1.07290E-4	-9.72606E+0	-1.66167E-1	-2.80891E-1
2.52150E+11	1.21369E-4	-9.03284E+0	-4.64623E-3	3.53444E-1
2.52237E+11	9.97922E-5	-9.78477E+0	2.99445E-1	-1.24152E-1
2.52325E+11	1.38350E-4	-8.98522E+0	-3.49760E-1	-6.31634E-2
2.52412E+11	1.34646E-4	-9.44696E+0	1.25796E-1	3.12660E-1
2.52500E+11	1.81413E-4	-8.66081E+0	4.66922E-2	-3.65976E-1
2.52588E+11	1.81027E-4	-8.90998E+0	-3.00976E-1	1.94788E-1
2.52675E+11	2.06846E-4	-8.55966E+0	3.72513E-1	-2.36812E-2
2.52763E+11	1.91903E-4	-8.89331E+0	-2.44536E-1	-2.63108E-1
2.52850E+11	1.98167E-4	-8.67627E+0	7.33286E-2	3.60913E-1
2.52938E+11	1.72903E-4	-9.07469E+0	2.24921E-1	-2.70475E-1
2.53025E+11	1.77094E-4	-8.83043E+0	-3.38235E-1	1.28460E-1
2.53113E+11	1.64671E-4	-9.13460E+0	3.02779E-1	1.74285E-1
2.53200E+11	1.81628E-4	-8.79162E+0	-1.87554E-1	-3.11294E-1
2.53287E+11	1.62576E-4	-9.29127E+0	-1.32670E-1	3.16425E-1
2.53375E+11	1.95331E-4	-8.50238E+0	3.06640E-1	-2.17136E-1
2.53462E+11	1.58800E-4	-9.25824E+0	-3.19970E-1	-1.27452E-1
2.53550E+11	2.30193E-4	-8.18659E+0	1.87856E-1	3.41371E-1
2.53637E+11	1.82243E-4	-9.34505E+0	1.31557E-1	-3.14595E-1
2.53725E+11	2.41853E-4	-8.37482E+0	-3.31680E-1	1.88077E-1
2.53813E+11	1.80512E-4	-9.78522E+0	2.98338E-1	1.26745E-1
2.53900E+11	2.38977E-4	-8.73809E+0	-1.54366E-1	-3.31496E-1
2.53988E+11	1.90700E-4	-9.67442E+0	-1.90614E-1	2.67303E-1
2.54075E+11	2.54852E-4	-8.61144E+0	3.71045E-1	-1.03990E-3
2.54163E+11	1.93476E-4	-9.64390E+0	-1.97112E-1	-2.63992E-1
2.54250E+11	2.43889E-4	-8.91359E+0	-5.74888E-2	3.53719E-1
2.54337E+11	2.12274E-4	-9.55654E+0	2.84660E-1	-1.72393E-1
2.54425E+11	2.47723E-4	-8.97873E+0	-3.49701E-1	-6.49620E-2
2.54512E+11	1.92816E-4	-9.86047E+0	1.73778E-1	2.70308E-1
2.54600E+11	2.08503E-4	-9.21142E+0	1.75595E-2	-3.45836E-1
2.54687E+11	1.74582E-4	-9.92579E+0	-2.61366E-1	1.82788E-1
2.54775E+11	2.58289E-4	-8.78157E+0	3.63205E-1	2.16468E-2
2.54863E+11	1.95102E-4	-1.00822E+1	-1.84410E-1	-2.53217E-1
2.54950E+11	2.91480E-4	-8.58282E+0	1.40317E-2	3.72006E-1
2.55038E+11	2.17040E-4	-9.89208E+0	2.26788E-1	-2.26016E-1
2.55125E+11	3.11305E-4	-8.43642E+0	-3.78243E-1	1.64057E-2
2.55213E+11	1.95391E-4	-1.01203E+1	2.09425E-1	2.31105E-1
2.55300E+11	2.88173E-4	-8.46588E+0	1.20971E-2	-3.77123E-1
2.55388E+11	1.94450E-4	-9.88143E+0	-2.31584E-1	2.21668E-1
2.55475E+11	3.07201E-4	-8.30565E+0	3.84191E-1	-1.07804E-2
2.55562E+11	2.08215E-4	-1.00518E+1	-2.38344E-1	-2.04955E-1
2.55650E+11	2.98994E-4	-8.61381E+0	3.47880E-2	3.69310E-1
2.55737E+11	2.46724E-4	-9.47549E+0	2.23323E-1	-2.50926E-1
2.55825E+11	3.57412E-4	-8.08093E+0	-3.94378E-1	-5.39516E-3
2.55912E+11	2.58925E-4	-9.44725E+0	2.15476E-1	2.59120E-1
2.56000E+11	3.28770E-4	-8.24327E+0	2.45188E-2	-3.86335E-1
2.56088E+11	2.56736E-4	-9.23951E+0	-2.69570E-1	2.15568E-1
2.56175E+11	3.72641E-4	-7.42770E+0	4.24575E-1	2.34346E-2
2.56263E+11	2.58791E-4	-8.92161E+0	-2.54289E-1	-2.52037E-1
2.56350E+11	2.57184E-4	-7.02899E+0	3.18341E-1	-3.11221E-1
2.56438E+11	1.94570E-4	-8.84667E+0	-3.61124E-1	2.45732E-3
2.56525E+11	3.13923E-4	-6.69522E+0	3.24728E-1	3.29520E-1
2.56612E+11	1.76371E-4	-8.90221E+0	-6.06230E-2	-3.53672E-1
2.56700E+11	3.18175E-4	-6.57633E+0	-2.76223E-1	3.79041E-1
2.56787E+11	1.99360E-4	-8.84802E+0	3.33667E-1	-1.37993E-1
2.56875E+11	3.56362E-4	-6.38853E+0	-4.27829E-1	-2.15997E-1
2.56962E+11	2.14054E-4	-8.67938E+0	2.04023E-1	3.06452E-1
2.57050E+11	3.58092E-4	-6.62400E+0	1.53312E-1	-4.40529E-1
2.57137E+11	2.33753E-4	-8.55348E+0	-2.79557E-1	2.47736E-1
2.57225E+11	3.69700E-4	-6.58675E+0	4.60050E-1	8.83090E-2
2.57313E+11	2.31251E-4	-8.81835E+0	-2.89443E-1	-2.17928E-1
2.57400E+11	3.75294E-4	-6.84121E+0	3.20279E-2	4.53796E-1
2.57488E+11	2.38819E-4	-9.00016E+0	1.44676E-1	-3.23970E-1
2.57575E+11	4.10743E-4	-6.70622E+0	-4.46166E-1	1.20109E-1
2.57663E+11	2.33897E-4	-9.17037E+0	3.35655E-1	9.15686E-2
2.57750E+11	4.46189E-4	-6.59838E+0	-1.69124E-1	-4.36182E-1
2.57837E+11	2.29129E-4	-9.63400E+0	-5.72010E-2	3.24840E-1
2.57925E+11	4.60929E-4	-6.51444E+0	4.25655E-1	-2.04809E-1
2.58012E+11	2.09184E-4	-9.77228E+0	-3.24556E-1	-6.84955E-3
2.58100E+11	4.38341E-4	-6.60013E+0	2.48488E-1	3.96261E-1
2.58187E+11	1.84806E-4	-1.02465E+1	-3.74245E-2	-3.05091E-1
2.58275E+11	4.03966E-4	-6.76670E+0	-3.76285E-1	2.62579E-1
2.58363E+11	1.70029E-4	-1.03205E+1	3.02117E-1	-4.01481E-2
2.58450E+11	3.59973E-4	-7.03369E+0	-2.45277E-1	-3.71246E-1
2.58538E+11	1.50323E-4	-1.05045E+1	6.01529E-2	2.92256E-1
2.58625E+11	3.11505E-4	-7.25117E+0	3.37100E-1	-2.73272E-1
2.58713E+11	1.50219E-4	-1.02267E+1	-2.97254E-1	8.09546E-2
2.58800E+11	3.04292E-4	-7.22349E+0	2.73868E-1	3.38400E-1
2.58887E+11	1.39320E-4	-1.04376E+1	-5.05233E-2	-2.96414E-1
2.58975E+11	2.74180E-4	-7.20795E+0	-3.61767E-1	2.43562E-1
2.59062E+11	1.25408E-4	-1.02353E+1	3.06863E-1	-2.36773E-2
2.59150E+11	2.69585E-4	-7.01907E+0	-1.97944E-1	-3.99337E-1
2.59237E+11	1.08175E-4	-1.08779E+1	-1.88429E-2	2.85207E-1
2.59325E+11	2.63684E-4	-7.00627E+0	4.19162E-1	-1.53433E-1
2.59412E+11	1.22623E-4	-1.05804E+1	-2.94247E-1	-3.01523E-2
2.59500E+11	3.21367E-4	-6.55140E+0	1.31513E-1	4.51600E-1
2.59588E+11	1.21817E-4	-1.05699E+1	2.53135E-2	-2.95061E-1
2.59675E+11	3.15818E-4	-6.77279E+0	-4.38317E-1	1.34613E-1
2.59763E+11	1.31996E-4	-1.02523E+1	3.07134E-1	-4.99679E-3
2.59850E+11	3.27025E-4	-6.36383E+0	-1.41300E-1	-4.59388E-1
2.59938E+11	1.52829E-4	-9.42119E+0	-1.49879E-2	3.37686E-1
2.60025E+11	3.15904E-4	-6.55912E+0	4.62737E-1	-8.19758E-2
2.60112E+11	1.67471E-4	-9.21255E+0	-3.45974E-1	-1.34670E-2
2.60200E+11	2.96488E-4	-6.81488E+0	1.16514E-1	4.41180E-1
2.60287E+11	1.85139E-4	-9.35688E+0	-2.88651E-2	-3.39305E-1
2.60375E+11	2.79134E-4	-7.30771E+0	-4.01215E-1	1.57814E-1
2.60462E+11	1.65288E-4	-9.57899E+0	3.29245E-1	-4.21611E-2
2.60550E+11	2.96536E-4	-7.26536E+0	-1.15640E-1	-4.17526E-1
2.60638E+11	1.58520E-4	-9.83717E+0	-3.16279E-2	3.20656E-1
2.60725E+11	2.70680E-4	-7.74470E+0	4.09832E-1	-1.10922E-2
2.60813E+11	1.38175E-4	-1.07552E+1	-2.83419E-1	-6.09263E-2
2.60900E+11	2.36906E-4	-8.17057E+0	-1.54103E-2	3.90061E-1
2.60988E+11	1.12497E-4	-1.10438E+1	5.62027E-2	-2.74731E-1
2.61075E+11	1.78548E-4	-8.68068E+0	-3.65283E-1	-4.54549E-2
2.61163E+11	9.36763E-5	-1.15381E+1	2.57350E-1	6.28304E-2
2.61250E+11	1.72035E-4	-9.21763E+0	8.64723E-2	-3.35055E-1
2.61337E+11	1.10340E-4	-1.14203E+1	-8.97539E-2	2.53081E-1
2.61425E+11	1.65148E-4	-9.70955E+0	3.05854E-1	1.15628E-1
2.61512E+11	1.14945E-4	-1.13327E+1	-2.50081E-1	-1.05043E-1
2.61600E+11	1.57868E-4	-9.86249E+0	-1.24733E-1	2.96072E-1
2.61687E+11	1.03564E-4	-1.16435E+1	1.25378E-1	-2.29727E-1
2.61775E+11	1.43877E-4	-1.06867E+1	-2.48228E-1	-1.54133E-1
2.61863E+11	1.01247E-4	-1.22138E+1	1.94958E-1	1.48512E-1
2.61950E+11	1.34913E-4	-1.08089E+1	1.69998E-1	-2.32610E-1
2.62038E+11	1.05475E-4	-1.20796E+1	-1.70658E-1	1.81177E-1
2.62125E+11	1.27614E-4	-1.09697E+1	1.89902E-1	2.09586E-1
2.62213E+11	8.76478E-5	-1.25190E+1	-1.15718E-1	-2.06392E-1
2.62300E+11	1.27411E-4	-1.11098E+1	-2.52222E-1	1.17615E-1
2.62387E+11	9.86264E-5	-1.25013E+1	2.22864E-1	-8.09268E-2
2.62475E+11	1.22797E-4	-1.15589E+1	-8.54266E-2	-2.50085E-1
2.62562E+11	9.16460E-5	-1.28954E+1	8.43213E-2	2.10309E-1
2.62650E+11	1.28913E-4	-1.14478E+1	2.49520E-1	-9.69069E-2
2.62737E+11	1.01175E-4	-1.24381E+1	-2.09071E-1	1.15457E-1
2.62825E+11	1.21827E-4	-1.15125E+1	1.41352E-1	2.24967E-1
2.62913E+11	1.06828E-4	-1.21499E+1	-1.44251E-1	-2.00366E-1
2.63000E+11	1.29335E-4	-1.13047E+1	-2.31151E-1	1.43597E-1
2.63088E+11	1.19644E-4	-1.14444E+1	2.21365E-1	-1.50677E-1
2.63175E+11	1.11070E-4	-1.16724E+1	-1.29942E-1	-2.26174E-1
2.63263E+11	9.89882E-5	-1.19719E+1	1.22413E-1	2.20274E-1
2.63350E+11	1.00377E-4	-1.17809E+1	2.27230E-1	-1.21353E-1
2.63438E+11	1.04680E-4	-1.14268E+1	-2.41460E-1	1.17026E-1
2.63525E+11	1.05266E-4	-1.15980E+1	1.15432E-1	2.36412E-1
2.63612E+11	1.02927E-4	-1.16012E+1	-8.72063E-2	-2.48112E-1
2.63700E+11	1.13246E-4	-1.10763E+1	-2.65870E-1	8.58102E-2
2.63787E+11	1.11173E-4	-1.12334E+1	2.71896E-1	-3.67341E-2
2.63875E+11	1.07994E-4	-1.12495E+1	-2.08471E-2	-2.73064E-1
2.63962E+11	1.03076E-4	-1.14687E+1	1.38426E-2	2.66673E-1
2.64050E+11	1.11074E-4	-1.11802E+1	2.74442E-1	-2.97732E-2
2.64138E+11	1.18021E-4	-1.07988E+1	-2.86067E-1	3.69502E-2
2.64225E+11	1.06752E-4	-1.12908E+1	3.20729E-2	2.70666E-1
2.64313E+11	1.27167E-4	-1.05690E+1	-4.01140E-2	-2.93447E-1
2.64400E+11	1.06903E-4	-1.13243E+1	-2.67550E-1	4.62059E-2
2.64488E+11	1.48150E-4	-1.00325E+1	3.10504E-1	-5.33047E-2
2.64575E+11	1.15033E-4	-1.13155E+1	-7.57805E-2	-2.61008E-1
2.64662E+11	1.70767E-4	-9.40518E+0	7.98182E-2	3.29101E-1
2.64750E+11	1.10837E-4	-1.13420E+1	2.55329E-1	-9.06879E-2
2.64837E+11	1.73651E-4	-9.44269E+0	-3.32927E-1	5.34000E-2
2.64925E+11	1.06823E-4	-1.15155E+1	8.30369E-2	2.52284E-1
2.65012E+11	1.76575E-4	-9.25636E+0	-5.91590E-2	-3.39377E-1
2.65100E+11	1.15202E-4	-1.11244E+1	-2.54037E-1	1.12492E-1
2.65187E+11	1.64260E-4	-9.43524E+0	3.32355E-1	-5.85464E-2
2.65275E+11	1.02502E-4	-1.16413E+1	-8.21087E-2	-2.48569E-1
2.65363E+11	1.64034E-4	-9.44118E+0	2.32171E-2	3.36441E-1
2.65450E+11	1.15012E-4	-1.11317E+1	2.71286E-1	-5.88630E-2
2.65538E+11	1.86958E-4	-9.01655E+0	-3.52920E-1	-2.93473E-2
2.65625E+11	1.02833E-4	-1.16831E+1	4.07867E-2	2.57311E-1
2.65713E+11	1.90218E-4	-9.19523E+0	3.12918E-2	-3.45513E-1
2.65800E+11	1.18619E-4	-1.12678E+1	-2.70460E-1	3.91578E-2
2.65887E+11	2.15982E-4	-8.75008E+0	3.54822E-1	8.63180E-2
2.65975E+11	1.12027E-4	-1.17597E+1	-1.15702E-2	-2.57974E-1
2.66062E+11	2.43722E-4	-8.62952E+0	-1.16838E-1	3.51358E-1
2.66150E+11	1.34451E-4	-1.14512E+1	2.66632E-1	-2.23923E-2
2.66237E+11	2.93467E-4	-7.97667E+0	-3.54960E-1	-1.82610E-1
2.66325E+11	1.26280E-4	-1.15799E+1	-3.94834E-2	2.60663E-1
2.66413E+11	3.09985E-4	-8.15668E+0	2.90441E-1	-2.61759E-1
2.66500E+11	1.47993E-4	-1.12620E+1	-2.52153E-1	-1.05835E-1
2.66588E+11	3.29180E-4	-7.81780E+0	2.03073E-1	3.52195E-1
2.66675E+11	1.47355E-4	-1.10726E+1	1.19807E-1	-2.52513E-1
2.66763E+11	3.42635E-4	-7.76546E+0	-3.55265E-1	2.02658E-1
2.66850E+11	1.54144E-4	-1.07973E+1	2.62060E-1	1.20636E-1
2.66937E+11	3.72635E-4	-7.50028E+0	-1.34707E-1	-3.99588E-1
2.67025E+11	1.61132E-4	-1.08250E+1	-1.75557E-1	2.27770E-1
2.67112E+11	3.87592E-4	-7.32282E+0	4.14691E-1	-1.15170E-1
2.67200E+11	1.66968E-4	-1.06654E+1	-2.60945E-1	-1.33051E-1
2.67287E+11	4.19091E-4	-6.97443E+0	2.08812E-1	3.96361E-1
2.67375E+11	1.62265E-4	-1.10858E+1	7.84578E-2	-2.67813E-1
2.67462E+11	3.99454E-4	-7.34000E+0	-3.55578E-1	2.40968E-1
2.67550E+11	1.50850E-4	-1.10835E+1	2.71962E-1	6.29009E-2
2.67638E+11	3.75759E-4	-7.40310E+0	-2.08330E-1	-3.72074E-1
2.67725E+11	1.60833E-4	-1.07209E+1	-6.06086E-2	2.84662E-1
2.67813E+11	3.89280E-4	-7.22056E+0	3.64115E-1	-2.38886E-1
2.67900E+11	1.76719E-4	-1.04946E+1	-2.98478E-1	1.21196E-2
2.67988E+11	4.16359E-4	-6.93802E+0	2.96596E-1	3.38268E-1
2.68075E+11	1.73941E-4	-1.03440E+1	-3.92701E-2	-3.01399E-1
2.68162E+11	3.76881E-4	-7.18568E+0	-3.15255E-1	3.02968E-1
2.68250E+11	1.72045E-4	-1.05281E+1	2.87456E-1	-7.69424E-2
2.68337E+11	3.50428E-4	-7.63478E+0	-3.20402E-1	-2.64077E-1
2.68425E+11	1.77850E-4	-1.05715E+1	8.75000E-2	2.82867E-1
2.68512E+11	3.71600E-4	-7.55249E+0	2.40986E-1	-3.42954E-1
2.68600E+11	1.69851E-4	-1.08152E+1	-2.58214E-1	1.27321E-1
2.68688E+11	3.81330E-4	-7.65167E+0	3.71831E-1	1.82939E-1
2.68775E+11	1.48795E-4	-1.13409E+1	-1.34046E-1	-2.35516E-1
2.68863E+11	3.55554E-4	-7.50766E+0	-1.85410E-1	3.78336E-1
2.68950E+11	1.50818E-4	-1.13874E+1	2.28197E-1	-1.43455E-1
2.69038E+11	3.80667E-4	-7.54911E+0	-3.64356E-1	-2.07541E-1
2.69125E+11	1.34261E-4	-1.20263E+1	1.41971E-1	2.06299E-1
2.69212E+11	3.75077E-4	-7.97496E+0	1.66080E-1	-3.63074E-1
2.69300E+11	1.55691E-4	-1.19597E+1	-1.86904E-1	1.69559E-1
2.69387E+11	3.54181E-4	-8.43334E+0	3.43592E-1	1.59322E-1
2.69475E+11	1.78867E-4	-1.14209E+1	-1.86866E-1	-1.92814E-1
2.69562E+11	3.80628E-4	-8.41946E+0	-1.40412E-1	3.52395E-1
2.69650E+11	1.75572E-4	-1.13301E+1	1.67091E-1	-2.13774E-1
2.69737E+11	3.55760E-4	-8.46346E+0	-3.60002E-1	-1.13339E-1
2.69825E+11	1.69813E-4	-1.15651E+1	2.12233E-1	1.57158E-1
2.69913E+11	3.43736E-4	-8.49150E+0	7.94333E-2	-3.67724E-1
2.70000E+11	1.61325E-4	-1.16774E+1	-1.23447E-1	2.29611E-1
2.70088E+11	3.80507E-4	-7.99829E+0	3.94215E-1	5.60902E-2
2.70175E+11	1.60925E-4	-1.15314E+1	-2.42279E-1	-1.07637E-1
2.70263E+11	3.42619E-4	-8.11056E+0	-4.40386E-2	3.90597E-1
2.70350E+11	1.57237E-4	-1.14422E+1	6.12592E-2	-2.60748E-1
2.70437E+11	3.30609E-4	-8.10019E+0	-3.90127E-1	5.17306E-2
2.70525E+11	1.57837E-4	-1.14817E+1	2.65458E-1	-2.49961E-2
2.70612E+11	2.96798E-4	-8.46623E+0	-1.35219E-1	-3.52239E-1
2.70700E+11	1.60346E-4	-1.12235E+1	8.93219E-2	2.59750E-1
2.70787E+11	2.97531E-4	-8.51375E+0	3.15602E-1	-2.02984E-1
2.70875E+11	1.61557E-4	-1.10223E+1	-2.26028E-1	1.67145E-1
2.70963E+11	2.79433E-4	-8.57817E+0	3.19813E-1	1.90929E-1
2.71050E+11	1.60026E-4	-1.10574E+1	-2.62385E-1	-9.76909E-2
2.71138E+11	2.55246E-4	-8.93406E+0	-1.41063E-2	3.57239E-1
2.71225E+11	1.61086E-4	-1.07186E+1	4.76551E-2	-2.87190E-1
2.71313E+11	2.42039E-4	-8.98427E+0	-3.54381E-1	-2.76325E-2
2.71400E+11	1.76127E-4	-1.02810E+1	3.00000E-1	6.11051E-2
2.71488E+11	2.58993E-4	-8.71808E+0	1.80569E-2	-3.66074E-1
2.71575E+11	1.70432E-4	-1.04130E+1	-3.00252E-2	3.00045E-1
2.71662E+11	2.32698E-4	-8.87880E+0	3.57571E-1	-3.99812E-2
2.71750E+11	1.73392E-4	-1.02738E+1	-3.04624E-1	3.30757E-2
2.71837E+11	2.44532E-4	-8.80191E+0	6.40211E-2	3.57308E-1
2.71925E+11	1.74079E-4	-1.01450E+1	-2.33828E-2	-3.10113E-1
2.72012E+11	2.25355E-4	-8.96646E+0	-3.50323E-1	6.43601E-2
2.72100E+11	1.77062E-4	-9.89380E+0	3.11652E-1	-7.31340E-2
2.72188E+11	2.16090E-4	-9.07661E+0	-1.35002E-1	-3.24755E-1
2.72275E+11	1.64796E-4	-1.00323E+1	1.35413E-1	2.84469E-1
2.72363E+11	1.92410E-4	-9.29962E+0	3.09055E-1	-1.48274E-1
2.72450E+11	1.71958E-4	-9.62132E+0	-3.09647E-1	1.15021E-1
2.72538E+11	1.90543E-4	-9.44436E+0	9.12229E-2	3.24541E-1
2.72625E+11	1.69930E-4	-9.87918E+0	-8.12326E-2	-3.10197E-1
2.72712E+11	1.71820E-4	-9.86193E+0	-3.00124E-1	1.14697E-1
2.72800E+11	1.61991E-4	-9.81651E+0	3.07667E-1	-9.82677E-2
2.72887E+11	1.73608E-4	-9.70051E+0	-8.16683E-2	-3.16970E-1
2.72975E+11	1.71098E-4	-9.64097E+0	1.41082E-2	3.29271E-1
2.73062E+11	1.62380E-4	-9.93884E+0	3.17308E-1	2.70958E-2
2.73150E+11	1.73083E-4	-9.59148E+0	-3.17931E-1	-9.37188E-2
2.73238E+11	1.62670E-4	-1.00852E+1	-9.20475E-2	2.99308E-1
2.73325E+11	1.56386E-4	-1.01024E+1	1.08567E-1	-2.93057E-1
2.73413E+11	1.51736E-4	-1.04484E+1	-2.88401E-1	-8.37623E-2
2.73500E+11	1.60886E-4	-1.01393E+1	2.87709E-1	1.18606E-1
2.73588E+11	1.59454E-4	-1.04730E+1	1.21013E-1	-2.73930E-1
2.73675E+11	1.73904E-4	-9.86647E+0	-1.57892E-1	2.79629E-1
2.73763E+11	1.74488E-4	-1.01304E+1	2.73777E-1	1.48622E-1
2.73850E+11	2.40422E-4	-8.61596E+0	-3.28628E-1	-1.71860E-1
2.73937E+11	1.70306E-4	-1.01672E+1	-1.15284E-1	2.87982E-1
2.74025E+11	2.51230E-4	-8.46719E+0	1.68380E-1	-3.37599E-1
2.74112E+11	1.61824E-4	-1.03465E+1	-2.75553E-1	-1.28074E-1
2.74200E+11	2.47435E-4	-8.31896E+0	3.14461E-1	2.19956E-1
2.74287E+11	1.50332E-4	-1.06752E+1	1.70659E-1	-2.37647E-1
2.74375E+11	2.32143E-4	-8.52176E+0	-2.90688E-1	2.36745E-1
2.74463E+11	1.55067E-4	-1.05063E+1	1.81781E-1	2.36540E-1
2.74550E+11	2.60970E-4	-8.23121E+0	-1.47403E-1	-3.58531E-1
2.74638E+11	1.54657E-4	-1.04560E+1	-2.67287E-1	1.36345E-1
2.74725E+11	2.37633E-4	-8.53480E+0	3.62463E-1	-9.35267E-2
2.74813E+11	1.42624E-4	-1.08101E+1	-1.17797E-1	-2.62883E-1
2.74900E+11	2.07961E-4	-9.15847E+0	8.74354E-2	3.37249E-1
2.74988E+11	1.42263E-4	-1.09520E+1	2.61099E-1	-1.10196E-1
2.75075E+11	2.18386E-4	-8.96739E+0	-3.31860E-1	1.29270E-1
2.75162E+11	1.32121E-4	-1.09941E+1	1.74439E-1	2.21611E-1
2.75250E+11	2.43199E-4	-8.57834E+0	-2.30185E-1	-2.92820E-1
2.75338E+11	1.27587E-4	-1.13031E+1	-1.73692E-1	2.09544E-1
2.75425E+11	2.59232E-4	-8.12218E+0	2.96199E-1	-2.57601E-1
2.75512E+11	1.18638E-4	-1.12594E+1	-2.06601E-1	-1.79287E-1
2.75600E+11	2.75651E-4	-7.89765E+0	2.34170E-1	3.27770E-1
2.75688E+11	1.16882E-4	-1.15997E+1	1.51008E-1	-2.15370E-1
2.75775E+11	2.84644E-4	-8.02473E+0	-2.70581E-1	2.90475E-1
2.75862E+11	1.24230E-4	-1.13316E+1	2.56813E-1	8.74096E-2
2.75950E+11	3.02144E-4	-7.77978E+0	-2.94872E-1	-2.82460E-1
2.76038E+11	1.25756E-4	-1.12199E+1	-1.59040E-1	2.24092E-1
2.76125E+11	2.87750E-4	-8.11238E+0	3.72983E-1	-1.23793E-1
2.76213E+11	1.61788E-4	-1.05434E+1	-1.94131E-1	-2.24836E-1
2.76300E+11	3.54220E-4	-7.39105E+0	1.16077E-1	4.10940E-1
2.76387E+11	1.67765E-4	-1.05323E+1	1.91084E-1	-2.27930E-1
2.76475E+11	3.71331E-4	-7.35045E+0	-3.94205E-1	1.69295E-1
2.76563E+11	1.64942E-4	-1.06415E+1	2.09794E-1	2.05558E-1
2.76650E+11	4.18527E-4	-6.74938E+0	-1.10966E-1	-4.46168E-1
2.76737E+11	1.58565E-4	-1.05816E+1	-2.13590E-1	2.04561E-1
2.76825E+11	4.51851E-4	-6.16651E+0	4.66449E-1	-1.55452E-1
2.76913E+11	1.67785E-4	-1.02590E+1	-2.72956E-1	-1.40379E-1
2.77000E+11	4.99086E-4	-5.40847E+0	3.21042E-1	4.29852E-1
2.77087E+11	1.64682E-4	-1.02238E+1	7.97996E-2	-2.97675E-1
2.77175E+11	4.77233E-4	-5.48852E+0	-4.59552E-1	2.67201E-1
2.77262E+11	1.57203E-4	-1.01465E+1	2.80836E-1	1.33469E-1
2.77350E+11	4.86144E-4	-4.92639E+0	-2.08214E-1	-5.27522E-1
2.77438E+11	1.53674E-4	-9.95803E+0	-1.26420E-1	2.91529E-1
2.77525E+11	4.61073E-4	-4.89718E+0	5.29248E-1	-2.09048E-1
2.77612E+11	1.72653E-4	-9.13804E+0	-3.23157E-1	-1.32376E-1
2.77700E+11	5.20621E-4	-4.04336E+0	1.68334E-1	6.04828E-1
2.77788E+11	1.67193E-4	-8.60424E+0	1.76749E-1	-3.26594E-1
2.77875E+11	4.74365E-4	-3.90482E+0	-6.19515E-1	1.52083E-1
2.77962E+11	1.90742E-4	-7.24004E+0	4.09331E-1	1.45759E-1
2.78050E+11	5.09310E-4	-1.85471E+0	-3.47170E-1	-7.29312E-1
2.78138E+11	1.86864E-4	-5.61795E+0	-6.22430E-2	5.20012E-1
2.78225E+11	5.39798E-4	-7.56167E-1	8.32058E-1	-3.84553E-1
2.78312E+11	1.99788E-4	-5.14206E+0	-5.37091E-1	-1.32608E-1
2.78400E+11	5.78744E-4	-1.64933E-1	2.49449E-1	9.48952E-1
2.78487E+11	1.96921E-4	-5.21923E+0	1.33462E-1	-5.31835E-1
2.78575E+11	6.11472E-4	-2.18678E-2	-9.60260E-1	2.69960E-1
2.78663E+11	2.00804E-4	-4.95825E+0	5.56823E-1	9.60753E-2
2.78750E+11	5.97331E-4	1.50257E-1	-1.83735E-1	-1.00072E+0
2.78837E+11	2.07771E-4	-4.84502E+0	-1.51641E-1	5.52016E-1
2.78925E+11	5.32790E-4	-2.97691E-1	9.66125E-1	1.88010E-2
2.79013E+11	1.97100E-4	-4.98193E+0	-4.95811E-1	-2.67802E-1
2.79100E+11	4.67598E-4	-1.01267E+0	-2.62424E-1	8.50381E-1
2.79187E+11	2.09898E-4	-4.70431E+0	3.97779E-1	-4.24594E-1
2.79275E+11	4.30546E-4	-1.81010E+0	-6.82734E-1	-4.39355E-1
2.79363E+11	2.04376E-4	-5.55370E+0	3.03028E-1	4.31913E-1
2.79450E+11	4.17803E-4	-2.85731E+0	4.64288E-1	-5.49877E-1
2.79537E+11	1.85706E-4	-6.78140E+0	-3.92556E-1	2.36064E-1
2.79625E+11	3.82972E-4	-3.90183E+0	4.66239E-1	4.35694E-1
2.79712E+11	1.86827E-4	-7.76578E+0	-1.75507E-1	-3.69417E-1
2.79800E+11	4.02143E-4	-4.45807E+0	-4.50075E-1	3.94574E-1
2.79888E+11	1.80583E-4	-8.37546E+0	3.53306E-1	-1.43310E-1
2.79975E+11	3.79577E-4	-5.14742E+0	-3.60225E-1	-4.19418E-1
2.80062E+11	1.99509E-4	-8.29594E+0	1.82205E-1	3.38896E-1
2.80150E+11	3.85155E-4	-5.62009E+0	4.15728E-1	-3.18311E-1
2.80238E+11	2.02412E-4	-8.64852E+0	-3.35821E-1	1.54043E-1
2.80325E+11	3.43166E-4	-6.31088E+0	2.27064E-1	4.26940E-1
2.80412E+11	1.86409E-4	-9.31602E+0	-1.15622E-1	-3.22007E-1
2.80500E+11	3.17223E-4	-7.05129E+0	-3.91802E-1	2.08985E-1
2.80588E+11	1.97211E-4	-9.06990E+0	3.32518E-1	-1.15388E-1
2.80675E+11	2.88567E-4	-7.54866E+0	-1.93679E-1	-3.71934E-1
2.80763E+11	2.03584E-4	-9.05261E+0	1.08524E-1	3.35558E-1
2.80850E+11	2.74783E-4	-7.97642E+0	3.52142E-1	-1.88012E-1
2.80937E+11	2.42376E-4	-8.72609E+0	-3.43440E-1	1.27033E-1
2.81025E+11	3.07390E-4	-7.86451E+0	2.45600E-1	3.21236E-1
2.81113E+11	2.31705E-4	-9.06960E+0	-2.01981E-1	-2.88262E-1
2.81200E+11	3.46255E-4	-7.71869E+0	-2.66825E-1	3.12888E-1
2.81287E+11	2.40641E-4	-9.15533E+0	2.53175E-1	-2.39524E-1
2.81375E+11	3.19681E-4	-7.85197E+0	-2.99441E-1	-2.72617E-1
2.81463E+11	2.06996E-4	-9.46311E+0	2.27060E-1	2.48200E-1
2.81550E+11	2.95710E-4	-8.07446E+0	2.68049E-1	-2.89732E-1
2.81637E+11	2.01579E-4	-9.20812E+0	-2.27744E-1	2.61026E-1
2.81725E+11	2.73122E-4	-8.28662E+0	3.09645E-1	2.29101E-1
2.81813E+11	2.00130E-4	-9.11870E+0	-2.82463E-1	-2.06671E-1
2.81900E+11	2.39392E-4	-8.70820E+0	-2.27595E-1	2.87824E-1
2.81988E+11	1.95534E-4	-9.28443E+0	2.24856E-1	-2.59522E-1
2.82075E+11	2.38376E-4	-8.78821E+0	-2.75130E-1	-2.37671E-1
2.82162E+11	2.15798E-4	-8.88518E+0	2.85343E-1	2.18734E-1
2.82250E+11	2.20367E-4	-8.84732E+0	1.68302E-1	-3.19486E-1
2.82338E+11	2.07715E-4	-8.87539E+0	-1.93407E-1	3.03564E-1
2.82425E+11	2.17246E-4	-8.83647E+0	3.04622E-1	1.94753E-1
2.82512E+11	2.22682E-4	-8.35102E+0	-3.08325E-1	-2.26096E-1
2.82600E+11	2.14692E-4	-8.70775E+0	-1.54790E-1	3.32710E-1
2.82688E+11	2.51732E-4	-8.03350E+0	1.33923E-1	-3.73277E-1
2.82775E+11	1.98215E-4	-9.09456E+0	-3.44747E-1	-6.58069E-2
2.82862E+11	2.26520E-4	-8.45222E+0	3.68822E-1	8.23837E-2
2.82950E+11	1.75872E-4	-9.52394E+0	7.71573E-2	-3.25010E-1
2.83037E+11	2.03037E-4	-8.59250E+0	-1.11439E-1	3.54765E-1
2.83125E+11	1.67976E-4	-9.64067E+0	3.16975E-1	9.02935E-2
2.83213E+11	2.19310E-4	-8.33114E+0	-3.76229E-1	-7.28441E-2
2.83300E+11	1.67483E-4	-9.56529E+0	-3.68083E-4	3.32457E-1
2.83387E+11	2.20053E-4	-8.27099E+0	4.21270E-3	-3.85855E-1
2.83475E+11	1.57886E-4	-9.85936E+0	-3.21349E-1	-5.12074E-3
2.83563E+11	2.31247E-4	-8.06815E+0	3.92844E-1	4.11704E-2
2.83650E+11	1.48712E-4	-9.94832E+0	3.76394E-2	-3.15880E-1
2.83737E+11	2.31548E-4	-7.91405E+0	-1.11234E-1	3.86373E-1
2.83825E+11	1.47506E-4	-1.00531E+1	3.05946E-1	7.19849E-2
2.83913E+11	2.49047E-4	-7.68271E+0	-3.78312E-1	-1.65476E-1
2.84000E+11	1.49277E-4	-9.94099E+0	-6.95888E-2	3.10685E-1
2.84087E+11	2.72161E-4	-7.06983E+0	1.75531E-1	-4.06857E-1
2.84175E+11	1.43581E-4	-9.60363E+0	-3.30992E-1	-4.73221E-4
2.84262E+11	2.36109E-4	-7.22948E+0	4.28957E-1	7.24770E-2
2.84350E+11	1.24786E-4	-1.00682E+1	-3.97333E-2	-3.11227E-1
2.84438E+11	2.26326E-4	-7.63887E+0	-6.66000E-2	4.09629E-1
2.84525E+11	1.37126E-4	-1.01052E+1	3.08369E-1	-5.01638E-2
2.84612E+11	2.60873E-4	-7.43783E+0	-4.23110E-1	-3.70082E-2
2.84700E+11	1.38594E-4	-1.03267E+1	8.28029E-2	2.93083E-1
2.84788E+11	3.22145E-4	-6.86726E+0	-2.25261E-2	-4.53003E-1
2.84875E+11	1.46292E-4	-1.03766E+1	-2.68654E-1	1.39710E-1
2.84962E+11	3.61231E-4	-6.39215E+0	4.66391E-1	-1.09456E-1
2.85050E+11	1.35088E-4	-1.08118E+1	-1.83351E-1	-2.22111E-1
2.85138E+11	3.74007E-4	-6.46556E+0	1.64434E-1	4.45663E-1
2.85225E+11	1.39280E-4	-1.09381E+1	1.86390E-1	-2.14085E-1
2.85313E+11	4.09407E-4	-6.15248E+0	-4.59041E-1	1.78337E-1
2.85400E+11	1.34751E-4	-1.09771E+1	2.29935E-1	1.64261E-1
2.85487E+11	4.15481E-4	-6.23759E+0	-1.93832E-1	-4.47488E-1
2.85575E+11	1.39841E-4	-1.09581E+1	-1.35096E-1	2.48901E-1
2.85663E+11	4.29553E-4	-6.14735E+0	4.30188E-1	-2.40307E-1
2.85750E+11	1.48759E-4	-1.05598E+1	-2.86842E-1	-7.50161E-2
2.85837E+11	4.22701E-4	-6.07455E+0	3.60549E-1	3.41933E-1
2.85925E+11	1.52940E-4	-1.04127E+1	-4.48348E-3	-3.01521E-1
2.86013E+11	4.40684E-4	-5.90743E+0	-3.18833E-1	3.93631E-1
2.86100E+11	1.54827E-4	-1.04686E+1	2.99238E-1	1.51418E-2
2.86187E+11	4.71524E-4	-5.41528E+0	-3.60434E-1	-3.96834E-1
2.86275E+11	1.51100E-4	-1.06106E+1	-5.58647E-2	2.89418E-1
2.86363E+11	5.23851E-4	-4.84735E+0	4.76059E-1	-3.17660E-1
2.86450E+11	1.40030E-4	-1.06841E+1	-2.88994E-1	-4.36881E-2
2.86538E+11	5.21892E-4	-4.62851E+0	3.37182E-1	4.80392E-1
2.86625E+11	1.30726E-4	-1.05915E+1	1.71176E-2	-2.94914E-1
2.86712E+11	5.43890E-4	-4.20847E+0	-5.26413E-1	3.19904E-1
2.86800E+11	1.26436E-4	-1.02831E+1	3.05822E-1	1.27175E-2
2.86888E+11	4.80335E-4	-4.36003E+0	-2.02306E-1	-5.70532E-1
2.86975E+11	1.14523E-4	-1.04798E+1	-8.70132E-2	2.86303E-1
2.87062E+11	3.95477E-4	-4.93924E+0	5.66188E-1	-1.06855E-2
2.87150E+11	1.14987E-4	-1.04348E+1	-2.68460E-1	-1.35654E-1
2.87238E+11	3.71088E-4	-5.18767E+0	-1.49151E-2	5.50119E-1
2.87325E+11	1.08438E-4	-1.06132E+1	1.03644E-1	-2.75843E-1
2.87412E+11	3.28574E-4	-5.50960E+0	-5.23607E-1	8.39724E-2
2.87500E+11	1.08717E-4	-1.04223E+1	2.97114E-1	4.95752E-2
2.87588E+11	3.58347E-4	-5.07710E+0	-1.48893E-1	-5.37116E-1
2.87675E+11	1.19988E-4	-1.02987E+1	-3.39485E-2	3.03645E-1
2.87763E+11	4.17265E-4	-4.88186E+0	5.60410E-1	-1.04348E-1
2.87850E+11	1.44334E-4	-1.00158E+1	-3.13403E-1	-3.76094E-2
2.87937E+11	4.46689E-4	-4.89453E+0	9.83326E-2	5.60654E-1
2.88025E+11	8.15835E-5	-9.96625E+0	-2.69062E-2	-3.16317E-1
2.88113E+11	3.03362E-4	-5.24149E+0	-4.93724E-1	2.35289E-1
2.88200E+11	9.77621E-5	-1.03546E+1	2.82434E-1	-1.11310E-1
2.88287E+11	2.59447E-4	-5.96600E+0	-2.71632E-1	-4.23532E-1
2.88375E+11	9.01718E-5	-1.07498E+1	1.35548E-1	2.56457E-1
2.88463E+11	2.20463E-4	-6.40386E+0	4.06065E-1	-2.52970E-1
2.88550E+11	8.98273E-5	-1.05722E+1	-2.59980E-1	1.41658E-1
2.88637E+11	1.95312E-4	-6.66053E+0	2.41297E-1	3.96892E-1
2.88725E+11	9.21749E-5	-1.02946E+1	-1.61340E-1	-2.59636E-1
2.88812E+11	1.92495E-4	-6.95493E+0	-3.69625E-1	2.54921E-1
2.88900E+11	9.74870E-5	-1.03703E+1	2.51810E-1	-1.68576E-1
2.88988E+11	2.08166E-4	-7.29577E+0	-2.48540E-1	-3.53013E-1
2.89075E+11	1.19231E-4	-1.00608E+1	1.83781E-1	2.54625E-1
2.89162E+11	2.13518E-4	-7.03806E+0	3.47064E-1	-2.78086E-1
2.89250E+11	1.36780E-4	-9.53684E+0	-2.33438E-1	2.38246E-1
2.89338E+11	2.06989E-4	-7.06973E+0	3.41024E-1	2.82933E-1
2.89425E+11	1.28261E-4	-9.60516E+0	-2.74434E-1	-1.84942E-1
2.89512E+11	1.96858E-4	-7.55093E+0	-2.68076E-1	3.22319E-1
2.89600E+11	9.39023E-5	-1.02617E+1	1.89010E-1	-2.41718E-1
2.89688E+11	1.61066E-4	-8.07697E+0	-2.61874E-1	-2.95173E-1
2.89775E+11	9.30496E-5	-9.99667E+0	2.34509E-1	2.12325E-1
2.89862E+11	1.55379E-4	-7.73640E+0	3.18822E-1	-2.58378E-1
2.89950E+11	9.48072E-5	-9.45779E+0	-2.19274E-1	2.55375E-1
2.90037E+11	1.35109E-4	-7.74350E+0	2.31892E-1	3.38169E-1
2.90125E+11	1.07078E-4	-8.48733E+0	-2.47080E-1	-2.83932E-1
2.90213E+11	1.34260E-4	-7.52661E+0	-3.87112E-1	1.63970E-1
2.90300E+11	1.21755E-4	-7.61077E+0	3.70305E-1	-1.90327E-1
2.90387E+11	1.31851E-4	-7.04635E+0	-1.06129E-1	-4.31445E-1
2.90475E+11	1.40803E-4	-6.51619E+0	2.08237E-1	4.23883E-1
2.90563E+11	1.31378E-4	-6.44502E+0	4.50766E-1	-1.53408E-1
2.90650E+11	1.60997E-4	-5.62874E+0	-4.47871E-1	2.70219E-1
2.90737E+11	1.40279E-4	-4.82511E+0	2.09177E-1	5.34291E-1
2.90825E+11	1.58945E-4	-3.35154E+0	-3.03906E-1	-6.08159E-1
2.90913E+11	1.52314E-4	-3.05862E+0	-6.87680E-1	1.46847E-1
2.91000E+11	1.67174E-4	-1.27593E+0	8.14820E-1	-2.85478E-1
2.91088E+11	1.40832E-4	-1.17332E+0	-9.60793E-2	-8.68344E-1
2.91175E+11	1.80730E-4	1.03516E-1	2.65364E-1	9.76577E-1
2.91262E+11	1.27996E-4	-1.47104E+0	8.44200E-1	3.01722E-3
2.91350E+11	1.62948E-4	-5.92060E-1	-9.25660E-1	1.25343E-1
2.91438E+11	1.04703E-4	-2.72367E+0	-1.55262E-1	7.14147E-1
2.91525E+11	1.64618E-4	-6.62753E-1	6.41234E-2	-9.24315E-1
2.91612E+11	9.76757E-5	-2.97078E+0	-6.70031E-1	-2.35857E-1
2.91700E+11	1.92806E-4	-3.16009E-1	9.46155E-1	1.86043E-1
2.91788E+11	9.59551E-5	-3.58831E+0	3.14794E-1	-5.81891E-1
2.91875E+11	1.93437E-4	-6.44027E-1	-4.35642E-1	8.19997E-1
2.91962E+11	9.21932E-5	-4.64511E+0	4.12854E-1	4.15578E-1
2.92050E+11	2.01382E-4	-1.83864E+0	-5.56155E-1	-5.87821E-1
2.92138E+11	9.01470E-5	-5.64435E+0	-4.11547E-1	3.21332E-1
2.92225E+11	2.01265E-4	-2.63143E+0	5.51686E-1	-4.91143E-1
2.92313E+11	9.50466E-5	-6.65126E+0	-3.01193E-1	-3.54248E-1
2.92400E+11	2.14256E-4	-3.68246E+0	3.84749E-1	5.29409E-1
2.92487E+11	9.98516E-5	-7.40544E+0	3.56023E-1	-2.34498E-1
2.92575E+11	2.54254E-4	-3.79998E+0	-5.81457E-1	2.80677E-1
2.92663E+11	9.72185E-5	-8.33847E+0	1.64362E-1	3.45820E-1
2.92750E+11	3.03986E-4	-4.09728E+0	-2.34256E-1	-5.78285E-1
2.92837E+11	9.35332E-5	-9.42384E+0	-3.11055E-1	1.32029E-1
2.92925E+11	3.37398E-4	-4.41240E+0	5.85688E-1	-1.37887E-1
2.93013E+11	9.70885E-5	-1.02785E+1	-7.48503E-2	-2.96960E-1
2.93100E+11	3.72969E-4	-4.53810E+0	-7.67863E-3	5.93006E-1
2.93187E+11	9.43811E-5	-1.10023E+1	2.78108E-1	-4.52456E-2
2.93275E+11	4.16375E-4	-4.71707E+0	-5.80358E-1	-2.64505E-2
2.93362E+11	9.37673E-5	-1.16475E+1	8.68587E-2	2.46751E-1
2.93450E+11	4.33975E-4	-5.01287E+0	9.88229E-3	-5.61421E-1
2.93538E+11	8.30798E-5	-1.19700E+1	-2.39496E-1	7.85808E-2
2.93625E+11	4.15226E-4	-5.16187E+0	5.34841E-1	1.36396E-1
2.93712E+11	9.05258E-5	-1.20905E+1	-5.83834E-2	-2.41633E-1
2.93800E+11	4.28965E-4	-5.32627E+0	-1.48789E-1	5.20772E-1
2.93888E+11	7.76530E-5	-1.24006E+1	2.28576E-1	-7.27233E-2
2.93975E+11	4.26060E-4	-5.58819E+0	-5.14520E-1	-1.06969E-1
2.94062E+11	7.68142E-5	-1.25637E+1	9.67748E-2	2.14592E-1
2.94150E+11	3.50066E-4	-5.63231E+0	1.17240E-1	-5.09545E-1
2.94238E+11	6.93096E-5	-1.25620E+1	-2.20171E-1	8.34396E-2
2.94325E+11	4.47654E-4	-4.78946E+0	5.25852E-1	2.35405E-1
2.94412E+11	7.04451E-5	-1.23306E+1	-5.70137E-2	-2.34989E-1
2.94500E+11	4.29708E-4	-4.65805E+0	-3.70811E-1	4.52364E-1
2.94587E+11	6.28185E-5	-1.25261E+1	2.34968E-1	-2.62108E-2
2.94675E+11	3.97366E-4	-4.64368E+0	-3.91437E-1	-4.35941E-1
2.94763E+11	6.64439E-5	-1.23891E+1	4.07874E-2	2.36696E-1
2.94850E+11	3.84277E-4	-4.90142E+0	4.42108E-1	-3.57811E-1
2.94937E+11	6.36708E-5	-1.23572E+1	-2.40302E-1	1.92217E-2
2.95025E+11	3.48980E-4	-5.06738E+0	2.08273E-1	5.17670E-1
2.95113E+11	6.70985E-5	-1.19073E+1	3.58159E-2	-2.51345E-1
2.95200E+11	3.10416E-4	-5.52353E+0	-5.18110E-1	1.08982E-1
2.95287E+11	7.65098E-5	-1.18608E+1	2.53986E-1	2.53489E-2
2.95375E+11	3.30964E-4	-5.69532E+0	-1.77501E-1	-4.87788E-1
2.95463E+11	7.58620E-5	-1.16556E+1	1.97874E-2	2.60598E-1
2.95550E+11	3.21576E-4	-5.81341E+0	4.82667E-1	-1.71024E-1
2.95638E+11	7.43210E-5	-1.15457E+1	-2.64068E-1	-1.79489E-2
2.95725E+11	2.99718E-4	-5.88671E+0	7.46038E-2	5.02257E-1
2.95812E+11	7.41337E-5	-1.14395E+1	7.80965E-3	-2.67818E-1
2.95900E+11	2.79890E-4	-5.96736E+0	-4.90237E-1	1.12924E-1
2.95988E+11	8.61066E-5	-1.12733E+1	2.72427E-1	-1.92985E-2
2.96075E+11	2.66743E-4	-6.39913E+0	-7.03820E-2	-4.73475E-1
2.96162E+11	8.39991E-5	-1.12764E+1	-3.75198E-2	2.70420E-1
2.96250E+11	2.54368E-4	-6.68981E+0	4.60301E-1	4.92065E-2
2.96338E+11	8.68549E-5	-1.10036E+1	-2.79553E-1	-3.48846E-2
2.96425E+11	2.51328E-4	-6.81916E+0	3.82306E-2	4.54476E-1
2.96512E+11	9.98560E-5	-1.04172E+1	-6.07474E-2	-2.95214E-1
2.96600E+11	2.38510E-4	-6.89053E+0	-4.23529E-1	1.58879E-1
2.96688E+11	9.21739E-5	-1.06113E+1	2.87297E-1	-6.57991E-2
2.96775E+11	2.07642E-4	-7.26367E+0	-5.88909E-2	-4.29307E-1
2.96863E+11	1.09311E-4	-9.53408E+0	4.00278E-3	3.33630E-1
2.96950E+11	2.03671E-4	-7.39042E+0	4.24858E-1	-4.32206E-2
2.97037E+11	1.30777E-4	-9.44987E+0	-3.32916E-1	5.16890E-2
2.97125E+11	2.11630E-4	-7.54467E+0	1.01773E-1	4.07002E-1
2.97213E+11	1.30256E-4	-9.39251E+0	-9.38163E-2	-3.25902E-1
2.97300E+11	1.86918E-4	-7.70433E+0	-3.88154E-1	1.37810E-1
2.97387E+11	1.35690E-4	-9.36273E+0	3.12519E-1	-1.34674E-1
2.97475E+11	1.89780E-4	-7.50880E+0	-1.82876E-1	-3.79505E-1
2.97563E+11	1.34654E-4	-7.95647E+0	2.24156E-1	3.31422E-1
2.97650E+11	1.76150E-4	-5.74711E+0	4.66478E-1	-2.20563E-1
2.97737E+11	1.39268E-4	-6.80527E+0	-4.29994E-1	1.54212E-1
2.97825E+11	1.69233E-4	-5.34267E+0	8.58562E-2	5.33727E-1
2.97913E+11	1.60637E-4	-7.09040E+0	-4.70586E-2	-4.39547E-1
2.98000E+11	1.66964E-4	-7.09785E+0	-4.37299E-1	6.20532E-2
2.98088E+11	1.87043E-4	-5.53784E+0	4.72502E-1	-2.36928E-1
2.98175E+11	1.60212E-4	-4.83024E+0	-2.68530E-1	-5.06680E-1
2.98262E+11	2.14893E-4	-1.86486E+0	4.59208E-1	6.63346E-1
2.98350E+11	1.60434E-4	-1.59071E+0	7.62523E-1	-3.34471E-1
2.98438E+11	2.35396E-4	1.52207E+0	-1.11018E+0	4.32696E-1
2.98525E+11	1.51449E-4	1.70153E+0	3.35031E-1	1.16935E+0
2.98612E+11	2.29728E-4	6.23787E+0	-7.33440E-1	-1.91501E+0
2.98700E+11	1.46824E-4	5.88584E+0	-1.82021E+0	7.51421E-1
2.98788E+11	2.37157E-4	1.02964E+1	3.05487E+0	-1.17221E+0
2.98875E+11	1.33534E-4	1.04397E+1	-8.06353E-1	-3.22727E+0
2.98962E+11	2.25198E-4	1.17409E+1	-3.43359E-2	3.86391E+0
2.99050E+11	1.32248E-4	1.01384E+1	3.19111E+0	3.75105E-1
2.99137E+11	2.56067E-4	1.49184E+1	-5.28474E+0	-1.76219E+0
2.99225E+11	1.19130E-4	1.16935E+1	-1.34921E+0	3.59840E+0
2.99313E+11	2.73086E-4	1.63048E+1	3.10617E+0	-5.74950E+0
2.99400E+11	9.36143E-5	1.15343E+1	-3.21769E+0	-1.97071E+0
2.99487E+11	3.28321E-4	1.58468E+1	4.59134E+0	4.16540E+0
2.99575E+11	9.70161E-5	1.00358E+1	2.15663E+0	-2.33059E+0
2.99663E+11	3.56500E-4	1.38103E+1	-4.25463E+0	2.43795E+0
2.99750E+11	9.07721E-5	5.28314E+0	9.89649E-1	1.54787E+0
2.99837E+11	3.43284E-4	7.37201E+0	-4.50276E-1	-2.29289E+0
2.99925E+11	7.79227E-5	-2.30953E+0	-7.04732E-1	3.01505E-1
3.00013E+11	3.92236E-4	2.65367E+0	1.35598E+0	-6.03578E-2
3.00100E+11	9.36718E-5	-5.41922E+0	-2.17292E-1	-4.89810E-1
3.00187E+11	4.00473E-4	1.66059E-1	-3.56777E-2	1.01868E+0
3.00275E+11	8.91776E-5	-7.91279E+0	3.85944E-1	-1.12922E-1
3.00362E+11	4.32332E-4	-2.02391E+0	-7.62349E-1	-2.15216E-1
3.00450E+11	9.93175E-5	-9.54457E+0	4.97197E-2	3.29521E-1
3.00538E+11	4.50255E-4	-3.11113E+0	1.70241E-1	-6.77897E-1
3.00625E+11	9.26252E-5	-1.06494E+1	-2.78070E-1	9.37486E-2
3.00712E+11	4.36714E-4	-3.86811E+0	6.40543E-1	9.33436E-3
3.00800E+11	9.31977E-5	-1.12451E+1	-1.10099E-1	-2.50904E-1
3.00888E+11	5.07383E-4	-3.54978E+0	-1.30174E-1	6.51650E-1
3.00975E+11	9.48635E-5	-1.11669E+1	2.60007E-1	-9.39871E-2
3.01062E+11	5.33553E-4	-3.37150E+0	-6.53521E-1	-1.81680E-1
3.01150E+11	7.95562E-5	-1.15910E+1	1.37837E-1	2.24339E-1
3.01238E+11	5.28920E-4	-3.72607E+0	-3.82748E-2	-6.50047E-1
3.01325E+11	7.43716E-5	-1.22457E+1	-1.36388E-1	2.02543E-1
3.01413E+11	4.71117E-4	-4.17565E+0	5.86967E-1	-1.94413E-1
3.01500E+11	7.12710E-5	-1.24764E+1	-2.16261E-1	-9.88504E-2
3.01587E+11	4.21319E-4	-4.55781E+0	1.42408E-1	5.74318E-1
3.01675E+11	7.64785E-5	-1.25448E+1	1.18756E-1	-2.03849E-1
3.01763E+11	3.98332E-4	-4.84280E+0	-5.70897E-1	4.42775E-2
3.01850E+11	8.03096E-5	-1.23104E+1	2.02054E-1	1.33855E-1
3.01937E+11	3.75299E-4	-4.96484E+0	3.77753E-3	-5.64610E-1
3.02025E+11	7.79915E-5	-1.22696E+1	-1.39201E-1	1.99802E-1
3.02113E+11	3.96241E-4	-4.94590E+0	5.64613E-1	3.74689E-2
3.02200E+11	7.55650E-5	-1.20603E+1	-2.00258E-1	-1.48737E-1
3.02287E+11	3.53303E-4	-4.79112E+0	-1.34148E-1	5.60190E-1
3.02375E+11	6.86897E-5	-1.17150E+1	1.83325E-1	-1.83760E-1
3.02463E+11	3.35362E-4	-4.46828E+0	-5.35568E-1	-2.65671E-1
3.02550E+11	6.65282E-5	-1.13257E+1	1.69331E-1	2.12181E-1
3.02638E+11	3.22745E-4	-4.17727E+0	3.04155E-1	-5.38214E-1
3.02725E+11	6.99221E-5	-1.04080E+1	-2.08190E-1	2.18379E-1
3.02812E+11	2.82294E-4	-3.45758E+0	6.20220E-1	2.57672E-1
3.02900E+11	7.43184E-5	-9.23343E+0	-2.99158E-1	-1.72652E-1
3.02988E+11	2.78717E-4	-2.63446E+0	-2.16141E-1	7.06032E-1
3.03075E+11	6.94015E-5	-7.99695E+0	1.78750E-1	-3.55878E-1
3.03162E+11	2.35710E-4	-1.54348E+0	-7.54224E-1	-3.63371E-1
3.03250E+11	8.39491E-5	-5.73498E+0	4.27634E-1	2.90040E-1
3.03338E+11	2.38603E-4	1.66790E-1	4.82419E-1	-8.98011E-1
3.03425E+11	9.31156E-5	-3.71586E+0	-2.96898E-1	5.80411E-1
3.03512E+11	2.30788E-4	1.02866E+0	1.05895E+0	3.81954E-1
3.03600E+11	9.25535E-5	-2.46973E+0	-7.11664E-1	-2.44558E-1
3.03687E+11	2.39195E-4	1.52726E+0	-4.44431E-1	1.10631E+0
3.03775E+11	1.00292E-4	-1.60660E+0	4.12285E-1	-7.21667E-1
3.03863E+11	2.06607E-4	2.01983E+0	-9.68052E-1	-8.09333E-1
3.03950E+11	9.94598E-5	-1.34905E+0	6.68335E-1	5.35083E-1
3.04037E+11	1.82523E-4	1.60434E+0	7.49474E-1	-9.40837E-1
3.04125E+11	9.54835E-5	-1.90715E+0	-4.02186E-1	6.94866E-1
3.04213E+11	1.86801E-4	4.22103E-1	8.65761E-1	5.93743E-1
3.04300E+11	1.06512E-4	-2.62990E+0	-6.24397E-1	-3.94841E-1
3.04387E+11	1.70610E-4	-8.50253E-1	-6.50864E-1	6.31325E-1
3.04475E+11	1.09999E-4	-3.42235E+0	4.59958E-1	-4.93133E-1
3.04563E+11	1.55811E-4	-2.53238E+0	-4.04997E-1	-6.27807E-1
3.04650E+11	1.12319E-4	-4.86946E+0	4.23341E-1	3.82962E-1
3.04737E+11	1.37069E-4	-4.26944E+0	4.47976E-1	-4.16505E-1
3.04825E+11	1.01502E-4	-5.46097E+0	-3.15619E-1	4.29845E-1
3.04912E+11	1.15373E-4	-5.39424E+0	3.08810E-1	4.39798E-1
3.05000E+11	9.84096E-5	-6.55907E+0	-2.94948E-1	-3.65859E-1
3.05088E+11	1.18223E-4	-6.76904E+0	-4.24300E-1	1.74339E-1
3.05175E+11	1.50036E-4	-6.49553E+0	4.12561E-1	-2.32155E-1
3.05262E+11	1.21666E-4	-7.85073E+0	-1.73506E-1	-3.65960E-1
3.05350E+11	1.35083E-4	-7.48853E+0	2.59346E-1	3.33223E-1
3.05438E+11	1.11586E-4	-8.86001E+0	3.04218E-1	-1.93566E-1
3.05525E+11	1.49484E-4	-8.15512E+0	-2.88948E-1	2.63510E-1
3.05612E+11	1.08196E-4	-9.70912E+0	1.78404E-1	2.74042E-1
3.05700E+11	1.49241E-4	-8.91270E+0	-2.43245E-1	-2.63213E-1
3.05788E+11	1.11143E-4	-1.01852E+1	-2.49380E-1	1.83397E-1
3.05875E+11	1.66638E-4	-8.58562E+0	2.44398E-1	-2.80652E-1
3.05962E+11	1.04087E-4	-1.07250E+1	-1.90079E-1	-2.20215E-1
3.06050E+11	1.83431E-4	-8.40138E+0	3.19334E-1	2.06213E-1
3.06137E+11	1.00759E-4	-1.11391E+1	1.63492E-1	-2.24054E-1
3.06225E+11	2.00856E-4	-8.15196E+0	-1.38205E-1	3.65977E-1
3.06313E+11	1.04556E-4	-1.13595E+1	2.39403E-1	1.25733E-1
3.06400E+11	2.24941E-4	-7.65787E+0	-3.89834E-1	-1.39675E-1
3.06487E+11	1.07692E-4	-1.13585E+1	-1.24162E-1	2.40256E-1
3.06575E+11	2.60770E-4	-7.19350E+0	1.52920E-1	-4.09203E-1
3.06663E+11	9.49298E-5	-1.14374E+1	-2.54456E-1	-8.41156E-2
3.06750E+11	2.61537E-4	-6.84300E+0	4.49634E-1	6.85642E-2
3.06837E+11	9.31775E-5	-1.14713E+1	1.62531E-2	-2.66458E-1
3.06925E+11	2.69944E-4	-6.55826E+0	-3.29726E-2	4.68830E-1
3.07013E+11	9.03515E-5	-1.14954E+1	2.66172E-1	4.77772E-3
3.07100E+11	2.62059E-4	-6.37743E+0	-4.77172E-1	-5.08688E-2
3.07188E+11	8.20896E-5	-1.14991E+1	1.34989E-2	2.65759E-1
3.07275E+11	2.47037E-4	-6.36985E+0	-2.86521E-2	-4.79439E-1
3.07362E+11	7.47117E-5	-1.18035E+1	-2.54061E-1	3.83358E-2
3.07450E+11	2.47178E-4	-6.30037E+0	4.84110E-1	-6.33760E-3
3.07538E+11	7.06291E-5	-1.19279E+1	-2.33368E-3	-2.53273E-1
3.07625E+11	2.64906E-4	-6.03250E+0	-8.20649E-2	4.92525E-1
3.07712E+11	6.54847E-5	-1.19904E+1	2.51466E-1	-1.18244E-4
3.07800E+11	2.43234E-4	-6.40117E+0	-4.71325E-1	-8.29286E-2
3.07888E+11	7.37277E-5	-1.16555E+1	8.28974E-3	2.61221E-1
3.07975E+11	3.32805E-4	-5.38012E+0	2.67459E-1	-4.67111E-1
3.08062E+11	9.24822E-5	-1.06016E+1	-2.92495E-1	-3.88609E-2
3.08150E+11	4.12472E-4	-3.81033E+0	4.13121E-1	4.95186E-1
3.08238E+11	8.99582E-5	-1.04245E+1	7.25214E-2	-2.92282E-1
3.08325E+11	4.70660E-4	-3.40085E+0	-5.24225E-1	4.26833E-1
3.08413E+11	9.42333E-5	-1.03569E+1	3.03321E-1	-1.03549E-2
3.08500E+11	5.03991E-4	-3.35203E+0	-5.18054E-1	-4.40210E-1
3.08587E+11	9.45102E-5	-1.01108E+1	4.60923E-2	3.08800E-1
3.08675E+11	5.27708E-4	-2.92985E+0	4.79352E-1	-5.28744E-1
3.08763E+11	1.03502E-4	-9.88365E+0	-3.15797E-1	5.46596E-2
3.08850E+11	5.16867E-4	-2.55865E+0	5.92753E-1	4.51045E-1
3.08937E+11	8.94015E-5	-9.69671E+0	-1.48141E-1	-2.92040E-1
3.09025E+11	5.48225E-4	-1.81979E+0	-3.17759E-1	7.46136E-1
3.09113E+11	9.26565E-5	-8.93475E+0	2.79938E-1	-2.22335E-1
3.09200E+11	5.39444E-4	-5.21623E-1	-8.36631E-1	-4.32289E-1
3.09287E+11	9.11606E-5	-6.73591E+0	2.77232E-1	3.67666E-1
3.09375E+11	4.65201E-4	1.15576E+0	5.59708E-1	-9.95803E-1
3.09462E+11	8.28735E-5	-5.35116E+0	-3.56817E-1	4.05396E-1
3.09550E+11	3.89921E-4	3.79903E+0	1.46270E+0	5.08741E-1
3.09638E+11	7.25840E-5	6.40985E-1	-8.70276E-1	-6.33766E-1
3.09725E+11	3.57198E-4	1.14950E+1	-1.97651E+0	3.19415E+0
3.09812E+11	7.58801E-5	9.69750E+0	2.47853E+0	-1.78440E+0
3.09900E+11	2.97945E-4	1.95050E+1	-5.86748E+0	-7.40270E+0
3.09988E+11	6.98294E-5	1.69895E+1	3.14530E+0	6.33284E+0
3.10075E+11	2.79171E-4	2.58653E+1	1.51254E+1	-1.25368E+1
3.10162E+11	6.97294E-5	2.31145E+1	-1.29226E+1	6.15341E+0
3.10250E+11	2.70786E-4	3.02482E+1	1.50322E+1	2.88591E+1
3.10338E+11	6.11747E-5	2.44848E+1	-6.52801E-1	-1.67459E+1
3.10425E+11	2.24646E-4	3.07306E+1	-3.36832E+1	6.97552E+0
3.10512E+11	7.52062E-5	3.03251E+1	3.25045E+1	4.60374E+0
3.10600E+11	2.17522E-4	3.93187E+1	-7.77967E+0	-9.21276E+1
3.10687E+11	1.15726E-4	4.14161E+1	-1.12375E+1	1.17170E+2
3.10775E+11	2.27073E-4	4.54141E+1	1.86221E+2	1.04013E+1
3.10863E+11	1.19667E-4	3.93485E+1	-9.22364E+1	-9.96927E+0
3.10950E+11	2.15736E-4	3.89914E+1	-8.09785E+0	8.86681E+1
3.11037E+11	1.18239E-4	3.63681E+1	-1.51187E+0	-6.58100E+1
3.11125E+11	1.95336E-4	3.91643E+1	-9.08005E+1	2.18318E+0
3.11213E+11	1.10878E-4	3.76578E+1	7.51714E+1	-1.34451E+1
3.11300E+11	1.86189E-4	3.89393E+1	-1.61878E+0	-8.84897E+1
3.11387E+11	1.20025E-4	3.45912E+1	6.63434E+0	5.32367E+1
3.11475E+11	1.63455E-4	3.31180E+1	4.48871E+1	-5.94846E+0
3.11563E+11	1.39789E-4	3.10379E+1	-3.36510E+1	1.17286E+1
3.11650E+11	1.68409E-4	3.06048E+1	9.52496E+0	3.25378E+1
3.11738E+11	1.51624E-4	2.87944E+1	-7.50717E+0	-2.64810E+1
3.11825E+11	1.61993E-4	2.85845E+1	-2.68264E+1	1.48486E+0
3.11912E+11	1.46155E-4	2.50748E+1	1.78649E+1	-1.60273E+0
3.12000E+11	1.51863E-4	2.09883E+1	2.48420E-1	-1.12024E+1
3.12088E+11	1.30800E-4	1.73844E+1	1.39493E+0	7.26712E+0
3.12175E+11	1.44646E-4	1.57618E+1	6.13880E+0	2.89234E-2
3.12262E+11	1.32344E-4	1.46365E+1	-5.38953E+0	-1.92505E-1
3.12350E+11	1.11146E-4	1.25117E+1	-2.10166E+0	3.66247E+0
3.12438E+11	1.21842E-4	1.08212E+1	1.57136E+0	-3.10035E+0
3.12525E+11	1.06595E-4	8.63558E+0	-2.08431E+0	-1.72035E+0
3.12612E+11	1.33309E-4	8.86485E+0	2.65072E+0	8.20711E-1
3.12700E+11	9.60649E-5	8.24008E+0	1.18089E+0	-2.29645E+0
3.12788E+11	1.48635E-4	1.13210E+1	-1.29721E+0	3.44561E+0
3.12875E+11	8.76334E-5	1.04981E+1	2.31790E+0	2.41716E+0
3.12963E+11	1.50874E-4	1.41961E+1	-3.73797E+0	-3.50807E+0
3.13050E+11	8.47085E-5	1.31836E+1	-3.95673E+0	2.27119E+0
3.13137E+11	1.49097E-4	1.60294E+1	4.53627E+0	-4.41630E+0
3.13225E+11	8.90538E-5	1.54417E+1	-4.13021E+0	-4.23674E+0
3.13313E+11	1.77949E-4	2.15116E+1	9.98271E+0	6.47899E+0
3.13400E+11	8.38363E-5	2.25490E+1	8.80841E+0	-1.01123E+1
3.13487E+11	1.58524E-4	2.80869E+1	-1.46605E+1	2.07072E+1
3.13575E+11	8.43737E-5	3.20735E+1	2.99588E+1	2.67283E+1
3.13663E+11	1.81172E-4	4.02822E+1	-7.94357E+1	-6.60401E+1
3.13750E+11	9.13472E-5	4.18994E+1	-7.34075E+1	1.00485E+2
3.13837E+11	2.34289E-4	5.03770E+1	1.97498E+2	-2.64695E+2
3.13925E+11	8.55109E-5	5.00675E+1	-2.12038E+2	-2.37922E+2
3.14012E+11	2.60112E-4	5.69485E+1	3.62551E+2	6.03189E+2
3.14100E+11	7.93038E-5	5.38165E+1	4.21902E+2	-2.50586E+2
3.14188E+11	2.49376E-4	5.88646E+1	-7.56426E+2	4.44704E+2
3.14275E+11	8.16788E-5	5.40921E+1	2.72497E+2	4.26984E+2
3.14362E+11	3.25164E-4	6.39509E+1	-6.85002E+2	-1.41929E+3
3.14450E+11	7.28490E-5	6.12284E+1	-1.03146E+3	5.12836E+2
3.14538E+11	3.95655E-4	6.69710E+1	2.23124E+3	8.10371E+0
3.14625E+11	7.56676E-5	5.96345E+1	7.25480E+1	-9.56048E+2
3.14712E+11	3.85553E-4	7.12915E+1	-9.02920E+2	3.55640E+3
3.14800E+11	7.04227E-5	6.36590E+1	1.46563E+3	4.17289E+2
3.14888E+11	3.52320E-4	7.14820E+1	-3.70033E+3	-6.12013E+2
3.14975E+11	6.35350E-5	6.41070E+1	2.43809E+1	1.60435E+3
3.15062E+11	2.93167E-4	7.02792E+1	2.08614E+3	-2.51236E+3
3.15150E+11	5.70567E-5	6.43569E+1	-1.63559E+3	-2.27772E+2
3.15237E+11	3.02737E-4	7.08573E+1	2.48783E+3	2.44809E+3
3.15325E+11	4.89238E-5	6.10931E+1	8.40806E+1	-1.13099E+3
3.15413E+11	3.53175E-4	6.76166E+1	-1.45217E+3	1.91511E+3
3.15500E+11	4.55569E-5	5.84590E+1	8.26988E+2	1.31831E+2
3.15587E+11	2.89150E-4	6.47069E+1	-8.18611E+2	-1.51188E+3
3.15675E+11	3.87186E-5	5.18515E+1	-1.57900E+2	3.58089E+2
3.15763E+11	2.93785E-4	5.75537E+1	7.22008E+2	-2.19177E+2
3.15850E+11	3.12894E-5	4.66303E+1	-2.04697E+2	-6.42508E+1
3.15937E+11	2.14522E-4	5.59647E+1	1.53836E+2	6.09274E+2
3.16025E+11	1.99260E-5	4.43323E+1	7.40415E+1	-1.47085E+2
3.16113E+11	1.26886E-4	5.09017E+1	-3.40727E+2	-8.35489E+1
3.16200E+11	9.13876E-6	3.59965E+1	4.50648E+1	4.41247E+1
3.16287E+11	3.62248E-5	4.01828E+1	5.49500E+1	-8.60835E+1
3.16375E+11	1.69292E-6	2.35961E+1	-1.22423E+1	8.88864E+0
3.16462E+11	5.78372E-6	2.69527E+1	1.48262E+1	1.66115E+1
3.16550E+11	2.81005E-7	1.18632E+1	-1.52521E+0	-3.60988E+0
3.16638E+11	1.72345E-6	1.79335E+1	-7.11210E+0	3.39919E+0
3.16725E+11	9.49911E-8	1.79660E+0	1.18953E+0	-3.12070E-1
3.16812E+11	2.09324E-7	3.88295E+0	-5.32946E-1	-1.47005E+0
3.16900E+11	4.85294E-9	-1.60601E+1	4.09292E-2	1.51982E-1
3.16988E+11	2.05231E-8	-1.25618E+1	2.33393E-1	-3.10952E-2
3.17075E+11	3.25488E-9	-2.56485E+1	-5.21885E-2	8.84037E-5
3.17162E+11	9.57341E-9	-2.51987E+1	-1.73335E-2	5.21575E-2
3.17250E+11	9.70543E-11	-4.87756E+1	9.90530E-4	-3.50369E-3
3.17338E+11	1.53839E-10	-4.94220E+1	-3.24881E-3	-9.32054E-4
3.17425E+11	6.84865E-12	-6.54049E+1	5.36671E-4	-7.79605E-6
3.17513E+11	3.35050E-11	-6.02381E+1	-2.56663E-4	-9.38492E-4
3.17600E+11	1.75761E-11	-6.48873E+1	1.51843E-4	5.49074E-4
3.17687E+11	5.88019E-11	-5.99736E+1	1.00301E-3	7.50032E-6
3.17775E+11	2.22036E-11	-6.56206E+1	-4.92061E-4	1.78878E-4
3.17863E+11	3.57767E-11	-6.41723E+1	5.54937E-5	6.16072E-4
3.17950E+11	3.04016E-11	-6.56010E+1	-2.37908E-4	-4.67715E-4
3.18037E+11	1.46404E-10	-5.89108E+1	-8.04367E-4	7.98778E-4
3.18125E+11	3.19702E-10	-5.49341E+1	7.90382E-4	-1.60808E-3
3.18213E+11	2.18235E-9	-4.59987E+1	-4.40027E-3	-2.40088E-3
3.18300E+11	6.56114E-9	-3.99104E+1	9.94855E-3	1.76384E-3
3.18387E+11	4.11089E-8	-2.98349E+1	5.47535E-3	-3.17611E-2
3.18475E+11	7.24457E-8	-2.57700E+1	1.00856E-2	5.04655E-2
3.18563E+11	2.14242E-7	-1.80056E+1	1.24029E-1	-2.11052E-2
3.18650E+11	9.53275E-7	-7.62484E+0	-3.80946E-1	1.66340E-1
3.18738E+11	5.88512E-6	4.16022E+0	1.89871E-1	1.60319E+0
3.18825E+11	1.81116E-5	1.26889E+1	-1.10042E+0	-4.16682E+0
3.18912E+11	3.84689E-5	1.99486E+1	-9.87762E+0	1.12124E+0
3.19000E+11	4.93615E-5	2.52812E+1	1.70671E+1	-6.78926E+0
3.19088E+11	7.23874E-5	3.13463E+1	-9.44200E+0	-3.56970E+1
3.19175E+11	9.73362E-5	3.89244E+1	3.25652E+1	8.21320E+1
3.19262E+11	9.33978E-5	4.55995E+1	1.87906E+2	-3.15441E+1
3.19350E+11	1.22184E-4	5.32533E+1	-4.47489E+2	1.06119E+2
3.19438E+11	9.67424E-5	5.96141E+1	2.13704E+2	9.32365E+2
3.19525E+11	1.37416E-4	6.54080E+1	-2.94724E+2	-1.84036E+3
3.19612E+11	9.50689E-5	6.70484E+1	-2.08440E+3	8.50482E+2
3.19700E+11	1.26370E-4	6.83160E+1	2.58979E+3	-2.80671E+2
3.19787E+11	7.88862E-5	6.84843E+1	-3.57038E+2	-2.63182E+3
3.19875E+11	1.04837E-4	7.42382E+1	-1.45000E+3	4.94292E+3
3.19963E+11	5.06606E-5	7.54836E+1	5.53320E+3	2.17523E+3
3.20050E+11	6.30604E-5	7.08042E+1	-3.29206E+3	1.09387E+3
3.20137E+11	2.40104E-5	6.65516E+1	-2.60529E+1	2.12592E+3
3.20225E+11	2.91135E-5	7.19183E+1	1.91411E+3	-3.44816E+3
3.20313E+11	2.20676E-6	5.91004E+1	-2.34913E+2	-8.70470E+2
3.20400E+11	3.85717E-8	4.60986E+1	1.71359E+2	1.06590E+2
3.20487E+11	1.47892E-11	9.91325E+0	1.98484E+0	2.42129E+0
3.20575E+11	7.33668E-13	-2.95345E+0	-7.11433E-1	2.12630E-2
3.20663E+11	1.85350E-12	1.47244E+0	1.01684E+0	6.07979E-1
3.20750E+11	3.92293E-12	7.92072E+0	-2.13052E+0	-1.28698E+0
3.20837E+11	6.20920E-14	-6.29665E+0	2.59450E-1	-4.09011E-1
3.20925E+11	5.83368E-12	2.95006E+0	7.10024E-1	-1.21174E+0
3.21012E+11	1.48597E-12	8.18046E+0	-9.40912E-1	2.38578E+0
3.21100E+11	5.22228E-12	5.50158E+0	1.03734E+0	1.57269E+0
3.21188E+11	2.60834E-13	-1.33952E+1	1.58862E-1	1.43255E-1
3.21275E+11	8.29206E-12	5.29848E+0	1.05370E+0	1.50896E+0
3.21362E+11	2.50033E-12	1.59835E-1	9.76792E-1	2.88731E-1
3.21450E+11	1.37214E-12	9.15566E+0	-5.52509E-1	2.81565E+0
3.21538E+11	8.09461E-13	-5.91729E+0	4.80718E-1	-1.57888E-1
3.21625E+11	1.02643E-12	-4.09965E+0	6.19672E-1	-7.12954E-2
3.21712E+11	2.03784E-12	3.54775E-1	1.04169E+0	-1.22376E-3
3.21800E+11	2.34628E-12	2.22738E+0	-5.96739E-1	1.14629E+0
3.21888E+11	2.27050E-12	1.18759E+1	2.86319E+0	2.68411E+0
3.21975E+11	5.17316E-13	-3.03030E-1	1.20788E-1	-9.58130E-1
3.22063E+11	1.27669E-12	4.34954E+0	1.59294E+0	4.30079E-1
3.22150E+11	2.92375E-13	-1.66326E+0	5.87539E-1	5.80194E-1
3.22237E+11	1.42249E-12	2.61383E+0	-2.37125E-1	-1.33014E+0
3.22325E+11	1.33399E-13	-6.44204E+0	-4.54441E-1	1.42701E-1
3.22413E+11	9.81559E-13	-3.37727E+0	6.68554E-1	-1.11902E-1
3.22500E+11	3.64181E-13	-4.73146E+0	5.52106E-1	1.77700E-1
3.22587E+11	7.70817E-13	1.90475E+0	-1.24159E+0	9.47344E-2
3.22675E+11	1.28401E-13	-1.36046E+1	2.80097E-2	2.06932E-1
3.22763E+11	1.36788E-12	-1.38692E+0	-5.38392E-2	-8.50719E-1
3.22850E+11	4.38282E-13	-3.70854E+0	-5.26192E-1	-3.85829E-1
3.22937E+11	5.25566E-13	7.61599E+0	1.99963E+0	-1.33309E+0
3.23025E+11	6.36545E-13	-3.52279E+0	4.05179E-1	5.29317E-1
3.23113E+11	4.07424E-12	1.88554E+1	7.14637E+0	5.07548E+0
3.23200E+11	4.34235E-13	-1.68998E+0	7.77335E-1	2.70916E-1
3.23288E+11	9.80134E-13	-1.69924E+0	5.79709E-1	-5.83215E-1
3.23375E+11	3.13479E-13	-3.23837E+0	-4.45985E-1	-5.24898E-1
3.23462E+11	2.30651E-13	-9.42613E+0	-2.94001E-1	1.66403E-1
3.23550E+11	1.96129E-12	-4.49860E+0	3.33817E-1	4.93451E-1
3.23638E+11	3.37397E-13	-5.51228E+0	5.30118E-1	4.25102E-3
3.23725E+11	6.48492E-13	-1.11298E+1	2.54306E-1	-1.11457E-1
3.23812E+11	9.44937E-15	-1.91160E+1	6.33228E-2	9.08168E-2
3.23900E+11	5.37872E-14	-2.37743E+1	-5.92461E-3	-6.44850E-2
3.23988E+11	1.70064E-13	-1.15478E+1	-2.31584E-1	-1.28019E-1
3.24075E+11	1.03369E-12	-3.30565E+0	6.79261E-1	7.57003E-2
3.24162E+11	9.32031E-15	-2.75339E+1	1.37593E-2	3.96877E-2
3.24250E+11	2.60927E-12	-7.00625E+0	4.45896E-1	2.03897E-2
3.24338E+11	2.29699E-12	-2.85326E+0	6.15041E-1	3.74347E-1
3.24425E+11	7.36420E-14	-2.19858E+1	7.95466E-2	1.58767E-3
3.24513E+11	2.82150E-13	-1.44578E+1	-1.08112E-2	-1.88973E-1
3.24600E+11	6.26851E-13	-7.03958E+0	4.42621E-1	-4.24555E-2
3.24687E+11	5.00911E-13	-9.83423E+0	-2.83503E-1	1.53352E-1
3.24775E+11	4.17231E-13	-1.14737E+1	2.50560E-1	-9.18914E-2
3.24863E+11	3.99628E-13	-1.08932E+1	2.25146E-1	1.75273E-1
3.24950E+11	2.63079E-13	-1.14645E+1	-7.13688E-4	-2.67161E-1
3.25037E+11	1.22097E-13	1.73639E+0	-1.22103E+0	2.51722E-2
3.25125E+11	6.55161E-13	3.14625E+0	-1.39406E+0	-3.46705E-1
3.25213E+11	8.16221E-14	-1.47513E+1	-1.10144E-1	1.46134E-1
3.25300E+11	3.48029E-13	-1.88623E+0	2.33586E-1	7.70157E-1
3.25387E+11	2.85388E-12	5.06931E+0	1.53706E+0	-9.22280E-1
3.25475E+11	1.70132E-12	-1.61271E+0	5.94191E-1	-5.80298E-1
3.25562E+11	1.29346E-12	-2.66659E+0	5.03075E-1	5.36745E-1
3.25650E+11	1.30570E-13	-1.07159E+1	-2.68606E-1	-1.12487E-1
3.25738E+11	1.30350E-12	-5.30380E+0	-5.32094E-1	-1.08348E-1
3.25825E+11	2.89529E-13	-3.06545E+0	-3.76019E-1	5.93549E-1
3.25912E+11	7.13507E-13	-3.77463E+0	4.62025E-2	6.45893E-1
3.26000E+11	1.93353E-12	-2.14313E+0	-4.38850E-1	6.46461E-1
3.26088E+11	4.24600E-12	1.31913E+1	-4.22899E+0	-1.72244E+0
3.26175E+11	4.46557E-13	-3.16740E+0	5.30927E-1	4.47608E-1
3.26262E+11	4.52177E-13	-5.87496E+0	4.36074E-1	2.61468E-1
3.26350E+11	3.92026E-12	4.17057E+0	-1.20306E+0	-1.07942E+0
3.26438E+11	1.87930E-12	-1.67042E+0	8.18341E-1	-1.04981E-1
3.26525E+11	4.91771E-13	-2.78820E+0	-2.74103E-1	6.71641E-1
3.26612E+11	3.94433E-13	2.20864E+0	7.75512E-1	1.03028E+0
3.26700E+11	1.58602E-13	-4.07461E+0	-5.35277E-2	-6.23267E-1
3.26787E+11	2.67539E-12	1.91739E+0	-1.15741E+0	4.64135E-1
3.26875E+11	2.02949E-13	-8.07337E+0	-3.79343E-1	1.09238E-1
3.26963E+11	1.04105E-14	-1.99369E+1	8.39411E-2	-5.56796E-2
3.27050E+11	2.80364E-12	2.60342E+0	1.31660E+0	-2.96120E-1
3.27137E+11	1.63291E-12	1.24375E+1	-3.28407E+0	-2.59681E+0
3.27225E+11	2.08939E-13	-4.10276E+0	4.58438E-1	4.22650E-1
3.27313E+11	6.45050E-13	2.58359E+0	4.36086E-1	-1.27384E+0
3.27400E+11	3.63049E-13	-1.50785E+0	3.86156E-1	7.46693E-1
3.27487E+11	3.21964E-13	7.72869E+0	2.43418E+0	-4.71018E-2
3.27575E+11	7.46863E-13	-3.46998E+0	6.37302E-1	-2.08873E-1
3.27663E+11	8.76393E-13	-3.63095E+0	5.51841E-1	-3.59010E-1
3.27750E+11	2.01547E-13	-1.12416E+1	-8.15271E-2	2.61701E-1
3.27838E+11	8.02792E-13	-5.48438E+0	-5.13809E-1	-1.37312E-1
3.27925E+11	1.24585E-12	-1.67081E+0	8.21313E-1	-7.80200E-2
3.28012E+11	7.29860E-14	-9.67315E+0	-3.07105E-1	-1.16202E-1
3.28100E+11	5.19846E-13	-5.27723E+0	8.45663E-2	-5.38072E-1
3.28188E+11	1.60219E-12	7.37517E-1	7.71508E-1	7.68028E-1
3.28275E+11	3.35842E-13	-3.50010E+0	-3.37770E-1	5.76702E-1
3.28362E+11	2.80011E-15	-2.58541E+1	-3.06140E-2	4.07491E-2
3.28450E+11	1.26837E-12	3.55739E-1	1.01977E+0	2.13146E-1
3.28538E+11	1.03507E-12	3.89787E+0	8.73587E-1	1.30014E+0
3.28625E+11	1.97939E-13	-5.40459E+0	6.03593E-2	5.33343E-1
3.28712E+11	1.04415E-12	-2.62559E+0	6.20349E-1	-4.01846E-1
3.28800E+11	2.96569E-13	-5.47306E+0	-5.32528E-1	-2.35358E-3
3.28888E+11	3.39107E-13	-6.88312E+0	4.45996E-1	-7.78248E-2
3.28975E+11	7.54360E-13	2.28274E+0	-1.24392E+0	3.79686E-1
3.29063E+11	2.03183E-12	2.45908E+0	1.72132E-1	1.31604E+0
3.29150E+11	2.08944E-12	1.39933E+0	1.16582E+0	-1.45069E-1
3.29237E+11	1.37835E-13	-8.59509E+0	-2.25344E-1	2.95659E-1
3.29325E+11	9.81793E-14	-4.49743E+0	2.88088E-1	-5.21564E-1
3.29413E+11	2.30345E-14	-2.32137E+1	5.36845E-2	4.34651E-2
3.29500E+11	5.90791E-13	5.53369E+0	1.63177E+0	9.55555E-1
3.29587E+11	7.27560E-13	-4.60705E+0	-5.14954E-1	-2.84600E-1
3.29675E+11	1.66541E-13	-9.99063E+0	2.90104E-1	-1.26712E-1
3.29763E+11	4.66730E-14	-1.96530E+1	-1.03897E-1	-6.08899E-3
3.29850E+11	6.84231E-14	-1.28380E+1	3.59153E-2	-2.25240E-1
3.29937E+11	8.14936E-13	-5.79643E+0	3.00366E-1	-4.15961E-1
3.30025E+11	3.61116E-13	4.43089E+0	-1.65252E+0	2.07558E-1
3.30112E+11	1.10301E-13	-8.87930E+0	-1.78807E-1	-3.12200E-1
3.30200E+11	7.34647E-13	-3.45585E+0	3.68262E-1	5.61811E-1
3.30288E+11	3.42625E-13	-2.36875E+0	-7.48171E-1	-1.40839E-1
3.30375E+11	9.85133E-13	-5.83863E-1	-9.23592E-1	-1.45545E-1
3.30462E+11	1.04828E-13	-1.34135E+1	4.56239E-2	-2.08531E-1
3.30550E+11	2.64113E-13	3.41647E+0	5.12877E-1	-1.39034E+0
3.30638E+11	3.52795E-12	-7.54113E-1	1.36086E-1	9.06686E-1
3.30725E+11	5.44022E-13	-1.31262E+0	5.99315E-1	6.16426E-1
3.30812E+11	2.15166E-12	3.66605E+0	-1.44812E+0	-4.78456E-1
3.30900E+11	7.12745E-13	9.23454E+0	-5.36847E-1	2.84532E+0
3.30988E+11	6.27296E-13	-4.14782E+0	6.15969E-1	-7.32553E-2
3.31075E+11	3.97407E-13	1.38052E+1	-4.20737E+0	2.51294E+0
3.31162E+11	9.75798E-13	-2.30795E+0	7.36194E-1	2.13975E-1
3.31250E+11	1.22958E-13	-1.10036E+1	3.18649E-2	2.79912E-1
3.31337E+11	1.50381E-12	-5.12288E+0	-4.73567E-1	-2.88339E-1
3.31425E+11	7.58178E-14	-1.29550E+1	1.67990E-1	-1.49732E-1
3.31513E+11	3.10367E-14	-1.18772E+1	-6.23864E-3	-2.54689E-1
3.31600E+11	1.36070E-13	-7.16771E+0	2.87503E-1	3.30621E-1
3.31687E+11	5.11982E-14	-1.15840E+1	5.59333E-2	-2.57508E-1
3.31775E+11	9.43318E-13	6.60551E-1	1.01975E+0	-3.52672E-1
3.31863E+11	1.45409E-12	6.90913E-1	3.44006E-1	-1.02669E+0
3.31950E+11	2.52023E-13	4.71801E-1	7.15251E-1	7.76642E-1
3.32037E+11	6.45685E-13	-4.60813E+0	-3.29060E-1	-4.87656E-1
3.32125E+11	1.76028E-12	1.76834E+0	-4.39135E-1	1.14443E+0
3.32213E+11	1.47931E-12	-1.10240E+0	8.77717E-1	7.37004E-2
3.32300E+11	8.31101E-13	2.53924E+0	1.15086E+0	-6.85517E-1
3.32387E+11	8.98525E-13	3.42955E+0	1.15364E+0	-9.33713E-1
3.32475E+11	4.99656E-13	-7.78052E+0	3.46496E-1	2.15976E-1
3.32562E+11	4.10896E-13	-6.93454E+0	-3.68701E-1	2.58100E-1
3.32650E+11	3.84387E-13	-5.48250E+0	1.93478E-2	5.31603E-1
3.32738E+11	3.81702E-13	-4.74194E+0	-1.64883E-1	-5.55339E-1
3.32825E+11	4.71023E-12	1.07303E+0	1.10040E+0	2.63421E-1
3.32912E+11	1.27383E-12	-1.29294E+0	2.40948E-1	8.27321E-1
3.33000E+11	2.89602E-13	-1.19984E+1	2.34008E-1	-9.14323E-2
3.33088E+11	1.51362E-12	6.10783E+0	-9.98435E-1	-1.75621E+0
3.33175E+11	1.29912E-12	-5.90644E+0	4.32179E-1	2.64349E-1
3.33262E+11	4.30657E-13	-8.18230E+0	2.57937E-1	2.92306E-1
3.33350E+11	1.79405E-14	-1.66903E+1	-1.37062E-1	5.13951E-2
3.33438E+11	6.40987E-13	-9.41579E+0	3.36003E-1	3.87352E-2
3.33525E+11	1.31633E-13	-1.04093E+1	-2.76320E-1	-1.21051E-1
3.33613E+11	2.35455E-13	-4.03605E+0	-5.38958E-2	-6.26028E-1
3.33700E+11	2.84051E-13	-4.24846E+0	5.57258E-1	-2.55800E-1
3.33787E+11	3.85059E-13	-7.16234E+0	3.65873E-1	-2.41542E-1
3.33875E+11	9.49682E-13	2.31118E+0	-2.84697E-1	1.27341E+0
3.33963E+11	6.10521E-13	-8.24450E-1	6.05829E-1	-6.78281E-1
3.34050E+11	5.01264E-13	-7.61340E-1	8.31934E-1	3.83520E-1
3.34137E+11	4.12741E-13	-1.05362E+1	2.88754E-1	-7.07553E-2
3.34225E+11	1.08707E-13	-8.72927E+0	-2.48941E-1	-2.68362E-1
3.34313E+11	2.35132E-12	1.29187E+1	-5.82528E-1	-4.38671E+0
3.34400E+11	1.06912E-13	-3.21369E+0	-3.19792E-1	-6.12256E-1
3.34487E+11	1.58565E-12	-5.90760E+0	-4.88252E-1	1.34907E-1
3.34575E+11	1.16621E-12	5.24030E+0	-4.47148E-1	1.77264E+0
3.34663E+11	2.16389E-13	-1.03630E+1	1.55469E-1	-2.60405E-1
3.34750E+11	4.42388E-13	7.38669E-1	-1.07756E+0	-1.55797E-1
3.34838E+11	2.54149E-12	-1.42239E+0	5.69428E-1	-6.29653E-1
3.34925E+11	1.03687E-12	-4.59305E-1	7.87651E-1	5.28439E-1
3.35012E+11	1.03037E-12	-2.50231E-1	7.53611E-1	6.13254E-1
3.35100E+11	1.89915E-12	1.01286E+0	1.04907E+0	-4.02626E-1
3.35188E+11	1.56054E-13	-5.68668E+0	-5.11024E-1	-9.39950E-2
3.35275E+11	1.86207E-13	8.87949E+0	1.40130E+0	-2.40047E+0
3.35362E+11	6.66140E-14	-4.90886E+0	4.33060E-1	-3.67958E-1
3.35450E+11	1.57542E-12	9.86199E+0	4.70248E-1	3.07670E+0
3.35538E+11	2.35152E-12	3.86332E+0	1.00983E+0	1.18925E+0
3.35625E+11	4.66970E-13	-7.28397E+0	4.30807E-1	-3.60904E-2
3.35712E+11	2.76629E-13	-6.79439E+0	-3.53959E-1	2.89677E-1
3.35800E+11	1.01134E-12	-6.94696E-1	7.77564E-1	-4.97567E-1
3.35887E+11	1.42879E-12	3.49846E+0	9.00012E-1	1.19495E+0
3.35975E+11	1.32764E-12	1.89316E-1	8.73453E-1	-5.30694E-1
3.36063E+11	4.41537E-13	4.03359E+0	1.50462E+0	-5.17216E-1
3.36150E+11	4.35140E-13	3.59157E+0	6.22911E-1	-1.37783E+0
3.36237E+11	7.80771E-14	-9.98264E+0	-5.79349E-2	-3.11519E-1
3.36325E+11	1.40194E-12	1.64672E+1	4.65294E+0	-4.76262E+0
3.36413E+11	4.03313E-13	-1.41851E+0	-4.32821E-1	7.30767E-1
3.36500E+11	7.18096E-13	2.47300E-1	-1.00559E+0	2.17698E-1
3.36587E+11	1.33023E-13	-7.96454E+0	-3.49198E-1	-1.94550E-1
3.36675E+11	1.76438E-13	-6.31597E+0	-1.45431E-1	-4.60882E-1
3.36763E+11	8.79317E-13	1.37831E+0	4.03152E-1	-1.10044E+0
3.36850E+11	3.36548E-12	5.54357E+0	1.88988E+0	1.10771E-1
3.36937E+11	1.12641E-12	2.69629E+0	6.36276E-1	-1.20650E+0
3.37025E+11	1.86723E-12	-2.15747E+0	9.65018E-2	7.74065E-1
3.37112E+11	5.71887E-13	-3.79357E+0	-4.25176E-1	-4.86531E-1
3.37200E+11	3.28570E-13	-1.04552E+1	2.74503E-1	-1.21230E-1
3.37288E+11	1.01448E-13	-1.65865E+1	-3.33731E-2	1.44332E-1
3.37375E+11	7.80778E-14	-4.52239E+0	5.92310E-2	5.91168E-1
3.37462E+11	2.78504E-13	-9.17701E+0	-2.64621E-1	2.25477E-1
3.37550E+11	9.27290E-13	-2.20621E+0	1.98213E-1	7.49941E-1
3.37638E+11	1.26011E-13	-8.87655E+0	2.10149E-1	2.92164E-1
3.37725E+11	3.72012E-13	-7.86510E+0	2.94926E-1	-2.76601E-1
3.37812E+11	1.35831E-13	-5.49312E+0	-5.24252E-1	8.62814E-2
3.37900E+11	3.15154E-12	-1.67847E+0	6.65751E-1	4.86023E-1
3.37988E+11	4.90003E-13	-1.12376E-1	7.45554E-2	9.84326E-1
3.38075E+11	7.39846E-14	-1.75899E+0	-1.81400E-2	-8.16476E-1
3.38163E+11	4.09816E-13	-9.61095E+0	9.68498E-3	3.30572E-1
3.38250E+11	2.15177E-16	-3.36524E+1	9.52606E-3	-1.84536E-2
3.38337E+11	2.30457E-13	-9.50610E+0	-8.35728E-2	-3.24130E-1
3.38425E+11	1.45600E-12	1.31228E+1	-1.09397E+0	-4.39636E+0
3.38513E+11	6.78236E-13	-5.85908E-1	8.39141E-1	-4.11870E-1
3.38600E+11	1.38533E-12	-4.34518E+0	8.66553E-2	6.00151E-1
3.38687E+11	2.50340E-13	-1.43604E+0	7.35967E-1	-4.20479E-1
3.38775E+11	2.50409E-13	1.65724E-1	3.57257E-1	-9.54602E-1
3.38863E+11	1.44818E-12	-5.68810E+0	2.32817E-1	-4.64423E-1
3.38950E+11	8.95465E-13	-1.24381E+0	5.27552E-1	6.87497E-1
3.39037E+11	6.55650E-13	-3.37349E+0	3.14920E-1	-6.00593E-1
3.39125E+11	7.35610E-13	-7.50571E-1	-8.08152E-1	-4.33791E-1
3.39213E+11	1.27328E-12	8.25720E+0	2.49960E+0	6.68209E-1
3.39300E+11	7.59251E-14	-1.46778E+1	-1.88249E-2	1.83586E-1
3.39388E+11	1.31250E-12	1.33550E-1	-9.70719E-1	-2.98217E-1
3.39475E+11	6.05635E-13	-1.67549E+0	-7.76341E-2	8.20904E-1
3.39562E+11	4.66600E-13	1.81391E+0	1.04232E+0	6.57255E-1
3.39650E+11	1.11021E-12	7.35955E+0	-2.32938E+0	-1.35891E-1
3.39738E+11	1.31860E-12	-4.64887E+0	5.73337E-1	1.18920E-1
3.39825E+11	1.79679E-12	-9.93691E-1	3.71956E-1	8.10636E-1
3.39912E+11	8.38040E-13	2.23384E+0	-1.27292E+0	-2.28596E-1
3.40000E+11	1.50745E-12	4.87321E+0	1.48110E+0	9.36825E-1
