Position	Channel 1	Channel 2	Channel 3	Channel 4
2.00000E+11	1.22401E-12	3.00538E+0	1.02702E+0	9.71065E-1
2.00088E+11	7.98693E-13	-8.43242E+0	2.28459E-1	3.02119E-1
2.00175E+11	4.58407E-13	-5.13985E+0	-3.18203E-1	4.52718E-1
2.00263E+11	8.23699E-15	-1.68011E+1	1.41751E-1	-2.81801E-2
2.00350E+11	2.16126E-14	-1.55504E+1	1.58838E-1	5.12740E-2
2.00437E+11	9.26760E-14	-1.51331E+1	-5.59723E-2	1.65938E-1
2.00525E+11	6.58601E-13	-4.54278E+0	-2.96821E-1	-5.13062E-1
2.00612E+11	3.93157E-13	-1.83702E+0	7.01846E-1	4.03111E-1
2.00700E+11	4.49234E-14	-1.77929E+1	1.26003E-1	-2.73202E-2
2.00787E+11	5.06814E-13	2.88394E+0	-7.52675E-1	1.17308E+0
2.00875E+11	7.82797E-13	-7.35774E-1	5.22944E-1	7.55437E-1
2.00963E+11	2.44909E-12	4.45266E+0	1.39384E+0	-9.19253E-1
2.01050E+11	1.39466E-12	7.63980E+0	-1.20760E+0	2.08544E+0
2.01138E+11	2.39786E-13	-1.01152E+1	2.09484E-1	2.31298E-1
2.01225E+11	2.14718E-12	3.15085E+0	3.06258E-1	-1.40428E+0
2.01313E+11	1.21327E-12	-4.47778E+0	4.47676E-1	-3.95246E-1
2.01400E+11	2.09389E-13	-6.88587E+0	1.87144E-1	4.12088E-1
2.01487E+11	6.59237E-13	3.32683E+0	1.21855E+0	-8.16303E-1
2.01575E+11	5.79334E-14	-5.91631E+0	3.67549E-1	-3.47827E-1
2.01662E+11	2.84090E-13	-5.35764E+0	5.29984E-1	-1.01717E-1
2.01750E+11	5.18157E-13	-3.06144E+0	4.15898E-1	5.66724E-1
2.01837E+11	2.18036E-12	-3.37109E-1	-4.87175E-1	8.29442E-1
2.01925E+11	3.20430E-13	5.40728E-1	-1.96775E-2	-1.06405E+0
2.02013E+11	1.29748E-12	2.02166E+0	-1.10783E+0	6.04591E-1
2.02100E+11	1.89371E-13	-7.32720E+0	-1.44788E-1	-4.05071E-1
2.02188E+11	1.42776E-12	1.30669E+0	6.21642E-1	-9.82142E-1
2.02275E+11	5.14550E-14	-1.42162E+1	1.88107E-1	4.99345E-2
2.02363E+11	7.44292E-13	8.37244E+0	-1.26905E+0	-2.29435E+0
2.02450E+11	1.03243E-12	-2.33400E+0	4.23321E-1	6.36436E-1
2.02538E+11	1.71280E-13	3.08244E+0	2.24017E-1	-1.40830E+0
2.02625E+11	1.01846E-13	-1.76172E+1	1.30639E-1	-1.55771E-2
2.02712E+11	9.24594E-13	-1.70919E-1	-2.76067E-1	9.40848E-1
2.02800E+11	2.40564E-13	-6.34253E+0	-4.18687E-1	-2.38411E-1
2.02887E+11	2.32123E-13	-3.04660E+0	-2.11094E-1	-6.71772E-1
2.02975E+11	1.56413E-12	1.88261E+1	6.12824E+0	-6.22572E+0
2.03062E+11	8.12683E-13	5.11310E+0	-8.49121E-1	1.58893E+0
2.03150E+11	7.86892E-14	-4.08854E+0	-2.72603E-1	5.61926E-1
2.03238E+11	4.36030E-13	-1.88089E+0	3.83883E-1	-7.07909E-1
2.03325E+11	6.76327E-13	2.97244E+0	8.16307E-1	-1.14729E+0
2.03413E+11	2.70379E-13	-9.12518E+0	-3.49128E-1	2.06198E-2
2.03500E+11	2.00524E-13	-9.86860E+0	1.07426E-1	3.02542E-1
2.03588E+11	2.95206E-15	-2.42008E+1	5.68300E-2	2.39068E-2
2.03675E+11	3.01612E-14	-1.13322E+1	-2.63906E-1	-6.27436E-2
2.03762E+11	5.18865E-13	-2.13613E+0	5.14588E-1	-5.88801E-1
2.03850E+11	1.80168E-12	1.43456E+0	9.48242E-1	7.01605E-1
2.03937E+11	2.95774E-13	-4.47799E+0	-5.77574E-1	1.51737E-1
2.04025E+11	2.69809E-13	1.15432E+1	2.74393E+0	2.59569E+0
2.04112E+11	5.37850E-13	5.38180E-1	6.97722E-1	8.03188E-1
2.04200E+11	1.57040E-13	-3.20998E+0	1.27894E-1	-6.79098E-1
2.04287E+11	5.17856E-13	1.18658E+0	-4.65773E-1	1.04749E+0
2.04375E+11	2.00547E-12	2.96404E+0	7.34569E-1	-1.19967E+0
2.04463E+11	4.24353E-13	-5.23679E+0	5.05017E-1	2.10727E-1
2.04550E+11	6.36138E-14	-1.12787E+1	9.35368E-3	2.72778E-1
2.04638E+11	6.94490E-13	3.38083E+0	9.83750E-1	1.10017E+0
2.04725E+11	1.86220E-12	9.88729E+0	2.19646E+0	-2.21797E+0
2.04813E+11	6.70303E-13	-9.01824E-1	-7.89388E-1	-4.35150E-1
2.04900E+11	8.87762E-13	2.15210E+0	1.18537E+0	4.86088E-1
2.04987E+11	3.54038E-13	-2.81003E+0	-1.01408E-1	-7.16459E-1
2.05075E+11	1.80850E-12	-3.28201E+0	6.21697E-1	2.88392E-1
2.05162E+11	3.84331E-13	-3.71013E+0	-3.59025E-1	5.44689E-1
2.05250E+11	7.92577E-13	-2.30572E-2	9.86995E-1	-1.43339E-1
2.05337E+11	4.13410E-13	-3.82230E+0	-9.41205E-2	-6.37084E-1
2.05425E+11	1.98343E-12	6.38225E+0	1.53515E+0	1.41092E+0
2.05513E+11	2.27484E-13	-5.28523E+0	4.61282E-1	2.88697E-1
2.05600E+11	4.15938E-13	-2.67658E+0	7.17250E-1	-1.59650E-1
2.05688E+11	5.29711E-14	-6.25179E+0	-1.92924E-1	4.47013E-1
2.05775E+11	2.74368E-14	-1.67317E+1	-1.01712E-1	1.04302E-1
2.05863E+11	1.87401E-12	-8.73933E-2	2.76027E-1	9.50730E-1
2.05950E+11	2.06507E-12	7.13309E+0	3.39544E-1	-2.24779E+0
2.06037E+11	1.24876E-12	-3.75192E+0	1.27006E-1	-6.36694E-1
2.06125E+11	3.19791E-13	7.42001E+0	-1.54846E+0	1.76721E+0
2.06212E+11	2.01253E-13	-7.00685E+0	-4.40942E-1	-6.91525E-2
2.06300E+11	7.81540E-13	4.05461E+0	1.55973E+0	-3.33027E-1
2.06387E+11	2.11069E-14	-2.00985E+1	4.65399E-2	-8.72345E-2
2.06475E+11	4.94671E-14	-1.29663E+1	1.16693E-1	1.92072E-1
2.06562E+11	1.00646E-12	-1.66864E+0	2.86827E-1	-7.73766E-1
2.06650E+11	9.43196E-14	-5.91649E+0	1.09801E-1	-4.93973E-1
2.06738E+11	6.23099E-13	-2.49748E-1	8.67614E-1	4.37449E-1
2.06825E+11	3.23975E-12	3.07937E+0	-2.20576E-1	1.40834E+0
2.06913E+11	2.66637E-13	-7.45709E+0	3.97764E-1	1.46211E-1
2.07000E+11	7.33245E-13	8.65196E-2	9.13704E-1	-4.30426E-1
2.07088E+11	1.66316E-12	3.05028E+0	-4.91587E-1	-1.33298E+0
2.07175E+11	1.17393E-12	-2.44302E+0	3.21871E-1	6.82764E-1
2.07262E+11	2.18795E-13	-2.04070E+0	-4.12681E-1	-6.74364E-1
2.07350E+11	3.67982E-13	-9.59816E+0	3.31100E-1	-8.19516E-3
2.07437E+11	3.28338E-13	-8.42941E+0	3.35614E-1	-1.75875E-1
2.07525E+11	1.00086E-12	-1.71898E+0	8.19213E-1	-4.50008E-2
2.07612E+11	2.02820E-13	-7.72571E+0	-2.14103E-1	-3.50688E-1
2.07700E+11	3.71211E-13	-5.62047E+0	5.23274E-1	1.76520E-2
2.07788E+11	9.42576E-13	-7.76710E-1	-8.39175E-1	-3.63348E-1
2.07875E+11	4.36623E-14	-8.94220E+0	3.54873E-1	4.05539E-2
2.07963E+11	1.08712E-12	-1.91252E-1	-6.78959E-1	7.04225E-1
2.08050E+11	1.92258E-12	-2.09131E+0	7.22697E-1	3.09093E-1
2.08138E+11	3.51574E-13	-8.12163E+0	-3.88429E-1	5.68778E-2
2.08225E+11	1.68645E-12	1.55613E+1	-1.13760E+0	-5.88994E+0
2.08313E+11	3.51209E-14	-1.62532E+1	-1.53661E-1	-9.18911E-3
2.08400E+11	1.83545E-12	6.42733E+0	-6.81277E-1	-1.98206E+0
2.08487E+11	1.06053E-13	-1.72875E+1	-1.50259E-3	-1.36647E-1
2.08575E+11	1.75097E-13	-6.55126E+0	2.15031E-2	4.69875E-1
2.08662E+11	1.87103E-12	2.92379E+0	-9.40438E-1	1.03737E+0
2.08750E+11	8.06987E-13	-3.68826E+0	5.36495E-1	3.74042E-1
2.08837E+11	3.92613E-14	-1.54901E+1	1.44424E-1	-8.59645E-2
2.08925E+11	1.92971E-13	-5.09448E+0	-5.54474E-1	4.45047E-2
2.09013E+11	3.08238E-13	2.38968E+0	1.29712E+0	2.26186E-1
2.09100E+11	2.27067E-12	1.07699E+0	8.03006E-1	7.97886E-1
2.09188E+11	5.72516E-13	7.73887E+0	1.70295E+0	-1.74394E+0
2.09275E+11	4.81949E-13	1.47560E-1	9.65309E-1	3.20530E-1
2.09363E+11	6.85904E-13	-4.65305E+0	1.90870E-1	-5.53259E-1
2.09450E+11	5.58207E-13	3.53095E+0	1.40686E+0	5.24868E-1
2.09537E+11	8.52785E-13	-5.25686E-1	-9.26728E-1	1.64835E-1
2.09625E+11	2.17632E-13	2.79540E-1	9.39130E-1	-4.29555E-1
2.09712E+11	1.08284E-12	-1.16290E+0	6.80984E-1	-5.48951E-1
2.09800E+11	9.06469E-13	2.51520E+0	1.26272E+0	-4.35955E-1
2.09887E+11	7.68586E-13	-7.12787E-1	4.19589E-1	-8.20110E-1
2.09975E+11	7.96806E-13	-3.74851E+0	4.86059E-1	-4.30799E-1
2.10063E+11	1.68152E-13	-5.42454E+0	-5.21158E-1	-1.23177E-1
2.10150E+11	2.26779E-13	-5.12324E+0	-2.02837E-1	-5.15982E-1
2.10238E+11	1.47078E-12	-2.36311E+0	-6.46751E-1	4.02569E-1
2.10325E+11	7.28397E-13	1.04910E+0	-6.46656E-1	9.24703E-1
2.10413E+11	6.87830E-13	-8.51743E-1	-5.72284E-1	7.03138E-1
2.10500E+11	4.02285E-13	-1.97943E+0	-7.99901E-2	-7.92184E-1
2.10588E+11	1.13365E-12	-1.73763E+0	7.87852E-1	2.22575E-1
2.10675E+11	2.58799E-13	-6.03970E+0	-4.85472E-1	1.14978E-1
2.10762E+11	2.17767E-12	8.16316E+0	1.29376E+0	2.20846E+0
2.10850E+11	4.42071E-13	-1.22936E+1	1.23765E-1	-2.08934E-1
2.10937E+11	2.37184E-13	-7.11776E+0	4.23037E-1	1.23403E-1
2.11025E+11	2.41825E-12	5.17923E+0	4.01053E-1	1.77050E+0
2.11112E+11	1.24883E-12	-4.36663E+0	3.02781E-2	6.04121E-1
2.11200E+11	2.22178E-13	-1.07924E+1	2.78610E-1	-7.54908E-2
2.11288E+11	3.25801E-12	-3.97307E+0	-1.15881E-1	6.22218E-1
2.11375E+11	7.63302E-13	-1.76917E-2	-4.94395E-1	8.66896E-1
2.11463E+11	3.04055E-13	-3.01228E+0	-5.29339E-2	-7.04961E-1
2.11550E+11	2.43080E-14	-2.21507E+1	-7.79514E-2	-4.23723E-3
2.11638E+11	2.22992E-13	-1.24797E+1	1.35154E-1	-1.95528E-1
2.11725E+11	9.90755E-13	-1.07564E+1	2.37738E-2	-2.88876E-1
2.11812E+11	2.01830E-12	1.21424E+1	-3.59573E+0	1.85691E+0
2.11900E+11	3.69754E-13	9.21162E+0	2.43790E+0	1.54809E+0
2.11987E+11	9.20744E-14	-1.28257E+1	1.78968E-1	1.41923E-1
2.12075E+11	1.10256E-13	-1.06621E+1	2.18254E-1	1.95514E-1
2.12162E+11	6.01955E-13	-6.55456E+0	4.60115E-1	9.68045E-2
2.12250E+11	8.42795E-14	-1.20518E+1	2.46365E-1	-4.06512E-2
2.12337E+11	3.83065E-13	-5.75891E+0	4.49959E-1	2.51126E-1
2.12425E+11	4.10361E-13	9.85833E+0	2.42185E+0	1.95287E+0
2.12513E+11	3.08888E-13	-6.75334E+0	-4.50913E-1	8.86799E-2
2.12600E+11	1.06253E-12	1.58706E+0	9.28708E-1	7.60684E-1
2.12688E+11	5.54123E-13	-8.44947E-1	3.42347E-1	8.40237E-1
2.12775E+11	8.00517E-12	1.21141E+1	-1.00445E+0	3.90667E+0
2.12863E+11	1.71098E-8	3.36691E+1	-2.45022E+1	-4.15601E+1
2.12950E+11	7.08722E-8	4.35753E+1	2.02579E+1	-1.49560E+2
2.13037E+11	5.59985E-8	4.66002E+1	-8.48155E+1	1.96257E+2
2.13125E+11	9.46328E-8	4.05583E+1	1.06302E+2	-8.47810E+0
2.13212E+11	3.13646E-8	2.91789E+1	-2.25608E+1	-1.78533E+1
2.13300E+11	6.03319E-8	2.91274E+1	9.72904E+0	2.68947E+1
2.13387E+11	2.41148E-8	2.57945E+1	4.58572E+0	-1.89388E+1
2.13475E+11	2.82458E-8	2.35196E+1	-3.55964E+0	1.45675E+1
2.13563E+11	9.76925E-9	1.94748E+1	3.82572E+0	-8.60083E+0
2.13650E+11	1.97232E-8	1.38425E+1	-2.34142E+0	4.32921E+0
2.13738E+11	8.56059E-9	9.77671E+0	2.87656E+0	-1.10647E+0
2.13825E+11	9.35027E-9	7.52273E+0	-2.33227E+0	4.61989E-1
2.13913E+11	4.10597E-9	2.60206E+1	1.85096E+1	7.57597E+0
2.14000E+11	5.02939E-9	3.73562E+1	3.74229E+1	-6.35593E+1
2.14087E+11	2.01304E-9	3.81418E+1	-7.47607E+1	3.04930E+1
2.14175E+11	1.33390E-9	3.62283E+1	-4.31887E+1	-4.82769E+1
2.14262E+11	8.77113E-10	2.81683E+1	1.68222E+1	-1.93107E+1
2.14350E+11	7.31128E-10	3.84234E+1	-4.20792E+1	7.20065E+1
2.14437E+11	2.35487E-9	3.01676E+1	-2.35264E+1	2.20422E+1
2.14525E+11	1.03583E-9	2.74410E+1	-2.35391E+1	8.10710E-1
2.14612E+11	4.33279E-9	3.79059E+1	4.70309E+0	-7.84358E+1
2.14700E+11	4.76980E-10	2.67269E+1	-2.05330E+1	7.00264E+0
2.14788E+11	1.38675E-9	3.33317E+1	2.19048E+1	-4.09120E+1
2.14875E+11	6.84750E-11	2.05172E+1	8.84811E+0	5.86151E+0
2.14963E+11	7.56441E-13	-2.45161E-1	9.47749E-1	-2.16531E-1
2.15050E+11	3.25208E-13	-5.22464E+0	-1.57247E-1	5.24938E-1
2.15138E+11	2.40769E-12	8.79223E-1	7.41589E-1	8.21245E-1
2.15225E+11	5.43222E-13	-8.84029E+0	3.61379E-1	3.74229E-3
2.15312E+11	1.17282E-13	-5.53383E+0	-4.28143E-1	-3.10395E-1
2.15400E+11	1.00555E-12	-1.01537E+1	1.56713E-1	-2.68261E-1
2.15487E+11	1.55789E-12	5.53296E+0	-1.27401E+0	-1.39716E+0
2.15575E+11	5.96546E-13	-1.16098E+0	-8.29054E-1	2.79450E-1
2.15662E+11	3.92022E-12	6.63414E+0	2.12694E+0	2.88257E-1
2.15750E+11	6.79885E-13	5.72290E+0	-1.22041E+0	1.49853E+0
2.15838E+11	5.86628E-13	-4.30508E+0	-4.56756E-1	4.03081E-1
2.15925E+11	1.82514E-12	1.78260E+1	3.87629E+0	-6.75220E+0
2.16013E+11	5.65227E-13	-1.88855E+0	8.03717E-1	-3.73915E-2
2.16100E+11	8.85571E-13	3.00448E-1	8.22127E-1	-6.29077E-1
2.16188E+11	1.19314E-12	1.16075E+1	3.66634E+0	1.01850E+0
2.16275E+11	4.54790E-13	-5.10710E-1	-8.32573E-1	4.42580E-1
2.16363E+11	2.30223E-12	1.61236E+1	7.98579E-1	-6.35001E+0
2.16450E+11	2.78092E-13	-1.91051E+0	4.99010E-1	-6.28556E-1
2.16537E+11	1.48162E-12	9.46767E+0	-2.76450E+0	1.09724E+0
2.16625E+11	6.54155E-13	-4.49692E+0	-1.52954E-1	5.75908E-1
2.16712E+11	1.55774E-14	-2.37506E+1	-3.59863E-2	-5.40497E-2
2.16800E+11	3.10631E-13	-4.18586E+0	-8.84892E-2	-6.11227E-1
2.16887E+11	3.72404E-13	-5.78579E+0	4.82672E-1	-1.75831E-1
2.16975E+11	1.06185E-13	-1.34866E+1	1.32109E-1	-1.65389E-1
2.17063E+11	6.94799E-13	-6.38960E-1	8.60971E-1	3.49162E-1
2.17150E+11	1.42225E-13	-1.11400E+1	-2.64897E-1	-8.21168E-2
2.17238E+11	3.03176E-14	-1.19345E+1	9.48710E-2	-2.34637E-1
2.17325E+11	1.62125E-12	1.25536E+1	3.85986E+0	-1.76219E+0
2.17413E+11	4.02787E-14	-1.26678E+1	3.79181E-2	-2.29489E-1
2.17500E+11	1.81819E-13	-5.05463E+0	-3.30178E-1	4.50841E-1
2.17587E+11	5.68427E-13	-7.48600E+0	-1.17610E-1	-4.05672E-1
2.17675E+11	8.65905E-13	4.31648E-1	1.03351E+0	-1.90663E-1
2.17762E+11	2.79457E-11	2.52430E+1	-1.13265E+0	-1.82523E+1
2.17850E+11	3.30948E-10	2.30682E+1	-9.30751E-1	1.42062E+1
2.17937E+11	3.09889E-9	3.14493E+1	2.47938E+1	2.79539E+1
2.18025E+11	9.17781E-9	3.56151E+1	-2.91165E+1	5.28741E+1
2.18113E+11	2.36616E-7	5.78443E+1	7.79637E+2	3.00842E+1
2.18200E+11	3.95625E-7	5.55958E+1	-5.43136E+2	-2.60243E+2
2.18288E+11	2.58835E-6	7.17711E+1	3.78995E+3	-8.19429E+2
2.18375E+11	3.09312E-6	6.11173E+1	-1.04320E+3	-4.52910E+2
2.18463E+11	7.17339E-6	7.11896E+1	-9.06385E+0	3.62644E+3
2.18550E+11	3.28444E-6	6.97343E+1	-2.07185E+3	2.26142E+3
2.18638E+11	3.28893E-6	6.43289E+1	-6.35954E+2	1.51826E+3
2.18725E+11	1.59909E-6	5.94064E+1	-2.62428E+2	-8.96319E+2
2.18812E+11	2.05107E-6	6.41527E+1	1.60223E+3	1.86130E+2
2.18900E+11	2.11744E-6	6.25992E+1	-7.66975E+2	1.10956E+3
2.18987E+11	1.93264E-6	6.19605E+1	4.25396E+2	1.17881E+3
2.19075E+11	1.52660E-6	6.65029E+1	-6.34036E+2	-2.01689E+3
2.19162E+11	4.12231E-6	6.68757E+1	2.20550E+3	-7.86930E+1
2.19250E+11	7.06984E-6	7.01667E+1	-2.81599E+3	1.56892E+3
2.19338E+11	1.03268E-5	2.25637E+1	1.06294E+1	-8.21405E+0
2.19425E+11	1.71492E-5	5.63981E+0	-1.53021E+0	1.15008E+0
2.19513E+11	6.27520E-6	-4.53396E+0	5.93283E-1	8.07231E-3
2.19600E+11	2.18722E-5	-7.31950E+0	-3.38979E-1	-2.65458E-1
2.19688E+11	7.42014E-6	-1.12348E+1	-2.67708E-2	2.73012E-1
2.19775E+11	1.25550E-5	-1.02649E+1	2.51536E-1	-1.75535E-1
2.19862E+11	8.98826E-6	-1.25041E+1	-2.11455E-1	-1.07091E-1
2.19950E+11	1.05060E-5	-1.13403E+1	8.36212E-2	2.57787E-1
2.20037E+11	5.37851E-6	-1.28192E+1	1.40583E-1	-1.80238E-1
2.20125E+11	7.88241E-6	-1.27674E+1	-2.28119E-1	2.89494E-2
2.20212E+11	4.06182E-6	-1.29502E+1	1.43318E-1	1.73655E-1
2.20300E+11	5.55002E-6	-1.35079E+1	5.66271E-3	-2.11082E-1
2.20387E+11	6.51061E-6	-1.30093E+1	-1.89554E-1	1.18664E-1
2.20475E+11	2.59030E-6	-1.42036E+1	1.91951E-1	-3.37960E-2
2.20563E+11	9.22830E-6	-1.30138E+1	-1.25648E-1	-1.84856E-1
2.20650E+11	3.29078E-6	-1.41615E+1	3.45805E-2	1.92774E-1
2.20738E+11	4.54287E-6	-1.38811E+1	1.84004E-1	-8.40145E-2
2.20825E+11	4.32013E-6	-1.42246E+1	-1.92931E-1	2.41102E-2
2.20913E+11	3.67255E-6	-1.39984E+1	1.18143E-1	1.60836E-1
2.21000E+11	4.32565E-6	-1.38516E+1	-4.44705E-2	-1.98032E-1
2.21087E+11	5.44210E-6	-1.42774E+1	-1.67506E-1	9.63822E-2
2.21175E+11	1.74763E-6	-1.34470E+1	2.12440E-1	9.26012E-3
2.21262E+11	1.10862E-5	-1.30244E+1	-8.32295E-2	-2.07150E-1
2.21350E+11	3.72628E-6	-1.27783E+1	-3.59676E-2	2.26827E-1
2.21437E+11	8.47254E-6	-1.20458E+1	2.26343E-1	-1.05845E-1
2.21525E+11	5.42517E-6	-1.23068E+1	-2.42284E-1	-9.50141E-3
2.21613E+11	6.61021E-6	-1.04245E+1	1.66755E-1	2.50760E-1
2.21700E+11	6.61063E-6	-1.11050E+1	-3.29424E-2	-2.76495E-1
2.21788E+11	1.34723E-5	-8.79235E+0	-2.77472E-1	2.34664E-1
2.21875E+11	3.79670E-6	-9.58453E+0	3.06378E-1	-1.27167E-1
2.21963E+11	1.66996E-5	-7.62585E+0	-3.33501E-1	-2.48044E-1
2.22050E+11	6.97056E-6	-8.08875E+0	2.76355E-1	2.80912E-1
2.22137E+11	8.45344E-6	-7.26443E+0	1.46536E-1	-4.07759E-1
2.22225E+11	9.45580E-6	-7.35346E+0	-2.70640E-1	3.32693E-1
2.22312E+11	3.36577E-6	-7.66705E+0	4.03358E-1	9.17622E-2
2.22400E+11	1.06767E-5	-5.18978E+0	-4.82223E-1	-2.64892E-1
2.22487E+11	5.48820E-6	-3.29651E+0	5.62573E-2	6.81870E-1
2.22575E+11	6.57971E-6	-2.43615E+0	2.20246E-1	-7.22607E-1
2.22662E+11	6.64406E-6	-2.77550E+0	-7.03429E-1	1.81560E-1
2.22750E+11	1.10996E-5	-2.85769E+0	6.60791E-1	2.85024E-1
2.22838E+11	4.98786E-6	-3.42575E+0	1.72919E-2	-6.73859E-1
2.22925E+11	1.45678E-5	-4.72076E+0	-3.79778E-1	4.39314E-1
2.23013E+11	4.54296E-6	-4.31868E+0	6.05498E-1	5.75598E-2
2.23100E+11	1.32250E-5	-6.20845E+0	-4.11800E-1	-2.64269E-1
2.23188E+11	9.35288E-6	-5.48620E+0	4.92913E-2	5.29439E-1
2.23275E+11	9.99412E-6	-8.00630E+0	9.76175E-2	-3.85656E-1
2.23362E+11	1.15199E-5	-7.68455E+0	-3.98688E-1	1.07133E-1
2.23450E+11	1.48801E-5	-1.01409E+1	3.10430E-1	2.10021E-2
2.23537E+11	1.01497E-5	-9.82551E+0	-1.54837E-1	-2.83064E-1
2.23625E+11	2.64967E-5	-1.07384E+1	5.47244E-2	2.85255E-1
2.23712E+11	1.06370E-5	-1.01477E+1	2.26614E-1	-2.12841E-1
2.23800E+11	2.86058E-5	-1.08155E+1	-2.82519E-1	5.53516E-2
2.23888E+11	1.99144E-5	-1.07268E+1	2.25102E-1	1.84175E-1
2.23975E+11	1.65020E-5	-1.22521E+1	-1.15073E-1	-2.15164E-1
2.24063E+11	2.28104E-5	-1.15363E+1	1.75248E-2	2.64383E-1
2.24150E+11	2.57960E-5	-1.14151E+1	1.21153E-1	-2.39820E-1
2.24238E+11	3.63803E-5	-9.69815E+0	-2.87018E-1	1.57539E-1
2.24325E+11	3.48896E-5	-1.16609E+1	2.51603E-1	7.01083E-2
2.24412E+11	4.25246E-5	-9.83194E+0	-1.58286E-1	-2.80875E-1
2.24500E+11	2.88522E-5	-1.26085E+1	-9.33617E-2	2.14779E-1
2.24587E+11	7.13065E-5	-1.00887E+1	2.78931E-1	-1.42045E-1
2.24675E+11	3.52016E-5	-1.22041E+1	-2.35639E-1	-6.83573E-2
2.24762E+11	8.90202E-5	-9.74776E+0	2.25223E-1	2.35063E-1
2.24850E+11	4.47794E-5	-1.12717E+1	-2.95293E-3	-2.73144E-1
2.24937E+11	9.27993E-5	-9.59827E+0	-1.04448E-1	3.14296E-1
2.25025E+11	5.73723E-5	-1.08967E+1	1.87496E-1	-2.14918E-1
2.25113E+11	9.11784E-5	-9.58008E+0	-2.81992E-1	1.75022E-1
2.25200E+11	6.66479E-5	-8.65649E+0	3.66688E-1	4.23615E-2
2.25288E+11	9.51483E-5	-5.41502E+0	-4.16295E-1	-3.37796E-1
2.25375E+11	7.35464E-5	-2.85464E+0	-2.06952E-1	6.89505E-1
2.25463E+11	1.01684E-4	-2.89759E-1	6.99916E-1	-6.67515E-1
2.25550E+11	7.41597E-5	1.64377E+0	-1.07917E+0	-5.43575E-1
2.25637E+11	9.32522E-5	4.74355E+0	9.11727E-1	1.46619E+0
2.25725E+11	6.65628E-5	7.60471E+0	1.59305E+0	-1.79523E+0
2.25812E+11	9.43708E-5	9.99300E+0	-3.07313E+0	7.34686E-1
2.25900E+11	6.56297E-5	1.23062E+1	2.20228E+0	3.48665E+0
2.25987E+11	8.94473E-5	1.43910E+1	2.42415E-1	-5.23704E+0
2.26075E+11	8.65681E-5	1.31038E+1	-3.98476E+0	2.13466E+0
2.26163E+11	9.69120E-5	1.78476E+1	7.71069E+0	1.21062E+0
2.26250E+11	1.07484E-4	1.72498E+1	-2.58620E+0	-6.81157E+0
2.26338E+11	8.20581E-5	2.16907E+1	-4.12476E+0	1.14272E+1
2.26425E+11	1.08720E-4	2.06127E+1	1.06111E+1	-1.59825E+0
2.26513E+11	7.08156E-5	1.97749E+1	-8.14760E+0	-5.34473E+0
2.26600E+11	1.14887E-4	1.99333E+1	4.07495E-2	9.92341E+0
2.26688E+11	6.13470E-5	2.11740E+1	5.01475E+0	-1.02904E+1
2.26775E+11	1.22606E-4	1.85655E+1	-8.47643E+0	-1.41740E-1
2.26862E+11	6.78921E-5	2.53553E+1	1.60596E+1	9.23463E+0
2.26950E+11	1.28944E-4	2.11895E+1	1.05277E+0	-1.14193E+1
2.27037E+11	7.94638E-5	2.59939E+1	-1.14258E+1	1.63400E+1
2.27125E+11	1.16042E-4	2.09404E+1	1.11079E+1	8.89360E-1
2.27212E+11	9.40042E-5	2.23922E+1	-1.15416E+1	-6.34500E+0
2.27300E+11	9.56114E-5	1.74132E+1	6.30366E-1	7.39754E+0
2.27388E+11	9.26474E-5	2.21314E+1	4.62467E+0	-1.19151E+1
2.27475E+11	8.20613E-5	1.82920E+1	-7.86894E+0	2.35889E+0
2.27563E+11	7.51006E-5	2.28720E+1	1.28532E+1	5.34103E+0
2.27650E+11	7.86612E-5	2.00606E+1	-2.23811E+0	-9.81819E+0
2.27738E+11	4.81604E-5	2.04627E+1	-5.10966E+0	9.22684E+0
2.27825E+11	5.29673E-5	2.02241E+1	1.00703E+1	-1.97108E+0
2.27912E+11	3.45601E-5	1.76610E+1	-7.05407E+0	-2.93228E+0
2.28000E+11	2.16403E-5	1.84209E+1	1.95164E+0	8.10605E+0
2.28087E+11	3.15355E-5	2.15817E+1	1.41260E+0	-1.19138E+1
2.28175E+11	1.54152E-5	2.03178E+1	-9.74342E+0	3.55774E+0
2.28262E+11	3.07601E-5	1.88655E+1	8.36262E+0	2.66043E+0
2.28350E+11	2.17921E-5	1.25250E+1	-4.37015E-1	-4.20649E+0
2.28438E+11	1.86938E-5	7.26366E+0	-9.46782E-1	2.10456E+0
2.28525E+11	1.60673E-5	8.34765E+0	2.61256E+0	-9.97613E-2
2.28613E+11	2.74619E-5	5.20373E+0	-1.53052E+0	-9.85734E-1
2.28700E+11	8.97362E-6	2.63622E+0	-2.24407E-1	1.33588E+0
2.28788E+11	3.70612E-5	-1.82782E-1	8.28268E-1	-5.22262E-1
2.28875E+11	1.17502E-5	-5.10922E+0	-4.51745E-1	-3.22956E-1
2.28963E+11	3.23707E-5	-8.88745E+0	2.76234E-2	3.58378E-1
2.29050E+11	1.87275E-5	-1.08377E+1	1.49658E-1	-2.45073E-1
2.29137E+11	1.90982E-5	-1.20581E+1	-2.14266E-1	1.27858E-1
2.29225E+11	1.86390E-5	-1.14658E+1	2.65806E-1	2.64906E-2
2.29312E+11	1.34378E-5	-1.39224E+1	-1.69994E-1	-1.07846E-1
2.29400E+11	7.06337E-6	-1.36450E+1	9.30937E-2	1.85835E-1
2.29487E+11	9.91077E-6	-1.60468E+1	-2.05646E-3	-1.57625E-1
2.29575E+11	6.43635E-6	-1.40002E+1	-1.17342E-1	1.61369E-1
2.29663E+11	1.20025E-5	-1.41666E+1	1.69357E-1	-9.81370E-2
2.29750E+11	1.69550E-5	-1.15834E+1	-2.60094E-1	-4.24094E-2
2.29838E+11	1.17569E-5	-1.17369E+1	2.00806E-1	1.63443E-1
2.29925E+11	2.17674E-5	-1.05875E+1	-8.74730E-2	-2.82304E-1
2.30013E+11	1.46959E-5	-1.07541E+1	-1.09351E-1	2.68517E-1
2.30100E+11	1.90804E-5	-9.87117E+0	2.72119E-1	-1.70183E-1
2.30187E+11	2.28938E-5	-1.03482E+1	-3.02375E-1	-2.94276E-2
2.30275E+11	1.51192E-5	-9.13735E+0	2.78857E-1	2.10267E-1
2.30362E+11	1.75593E-5	-1.10617E+1	2.37508E-2	-2.78833E-1
2.30450E+11	2.63106E-5	-9.23196E+0	-2.10069E-1	2.74256E-1
2.30537E+11	8.18707E-6	-1.16450E+1	2.61668E-1	-1.30683E-4
2.30625E+11	2.88547E-5	-9.31499E+0	-2.63657E-1	-2.18105E-1
2.30712E+11	9.69751E-6	-1.21633E+1	-1.76836E-2	2.45876E-1
2.30800E+11	2.13139E-5	-9.54103E+0	2.28976E-1	-2.42315E-1
2.30888E+11	1.34277E-5	-1.23576E+1	-2.39860E-1	-2.40003E-2
2.30975E+11	1.32334E-5	-9.93774E+0	1.80475E-1	2.62436E-1
2.31063E+11	1.16890E-5	-1.23550E+1	4.43649E-2	-2.37014E-1
2.31150E+11	2.04642E-5	-1.02697E+1	-2.64316E-1	1.55291E-1
2.31238E+11	8.43113E-6	-1.13617E+1	2.46248E-1	1.11567E-1
2.31325E+11	1.68355E-5	-9.24340E+0	-6.91997E-2	-3.37997E-1
2.31412E+11	1.27847E-5	-9.21741E+0	-2.51127E-1	2.38077E-1
2.31500E+11	1.50218E-5	-7.00514E+0	4.44962E-1	3.60497E-2
2.31587E+11	1.75171E-5	-6.54377E+0	-2.16378E-1	-4.18100E-1
2.31675E+11	1.26095E-5	-4.32522E+0	-1.84456E-1	5.79103E-1
2.31762E+11	1.43696E-5	-4.64245E+0	5.82830E-1	-6.06134E-2
2.31850E+11	1.86493E-5	-1.97047E+0	-5.42281E-1	-5.84118E-1
2.31938E+11	8.91160E-6	-3.22984E+0	-2.02490E-1	6.59052E-1
2.32025E+11	1.94794E-5	-3.64307E-1	8.57514E-1	-4.29193E-1
2.32113E+11	1.53325E-5	-2.74048E+0	-6.84714E-1	-2.51430E-1
2.32200E+11	1.67701E-5	-6.10402E-1	3.17236E-1	8.76494E-1
2.32288E+11	2.52045E-5	-2.94650E+0	3.36487E-1	-6.27834E-1
2.32375E+11	1.88009E-5	-1.56593E+0	-8.33807E-1	4.52243E-2
2.32462E+11	2.60907E-5	-3.98597E+0	4.38547E-1	4.55052E-1
2.32550E+11	2.98248E-5	-4.62956E+0	1.23680E-1	-5.73662E-1
2.32637E+11	2.34826E-5	-6.86710E+0	-3.59313E-1	2.76805E-1
2.32725E+11	2.89394E-5	-7.61545E+0	4.09233E-1	7.54402E-2
2.32812E+11	3.81951E-5	-8.83558E+0	-2.25304E-1	-2.82822E-1
2.32900E+11	2.71948E-5	-8.59887E+0	-2.38777E-2	3.70816E-1
2.32987E+11	4.51848E-5	-9.21591E+0	2.65264E-1	-2.22310E-1
2.33075E+11	3.37652E-5	-8.18402E+0	-3.87004E-1	4.62837E-2
2.33163E+11	3.66903E-5	-9.55596E+0	2.71869E-1	1.91970E-1
2.33250E+11	5.62729E-5	-8.28564E+0	-1.54537E-1	-3.52873E-1
2.33338E+11	3.71360E-5	-1.00172E+1	-1.24626E-1	2.89955E-1
2.33425E+11	5.17068E-5	-8.22162E+0	3.52011E-1	-1.63379E-1
2.33513E+11	5.30343E-5	-1.01923E+1	-2.84832E-1	-1.20582E-1
2.33600E+11	5.73403E-5	-8.24574E+0	1.34716E-1	3.62797E-1
2.33687E+11	5.90508E-5	-9.88046E+0	1.06921E-1	-3.02256E-1
2.33775E+11	7.01583E-5	-8.74648E+0	-3.17361E-1	1.80949E-1
2.33862E+11	6.65659E-5	-9.77113E+0	3.23245E-1	3.03983E-2
2.33950E+11	7.59648E-5	-9.49986E+0	-2.43279E-1	-2.30262E-1
2.34037E+11	8.24929E-5	-9.49383E+0	1.45396E-3	3.35200E-1
2.34125E+11	6.85739E-5	-1.02376E+1	1.78471E-1	-2.50649E-1
2.34213E+11	8.19259E-5	-9.85892E+0	-3.16318E-1	5.69614E-2
2.34300E+11	8.91814E-5	-1.01402E+1	2.94656E-1	1.00009E-1
2.34388E+11	9.10028E-5	-9.57334E+0	-1.12524E-1	-3.12508E-1
2.34475E+11	1.00588E-4	-9.40055E+0	-4.53605E-2	3.35772E-1
2.34563E+11	8.82324E-5	-9.53998E+0	2.92054E-1	-1.60868E-1
2.34650E+11	1.33810E-4	-9.22370E+0	-3.42951E-1	-4.42398E-2
2.34738E+11	8.37084E-5	-9.46537E+0	1.40940E-1	3.05346E-1
2.34825E+11	1.64860E-4	-8.84972E+0	-3.35977E-3	-3.60990E-1
2.34912E+11	9.83335E-5	-9.11790E+0	-2.53431E-1	2.41440E-1
2.35000E+11	1.74521E-4	-8.82008E+0	3.55387E-1	-7.01256E-2
2.35087E+11	9.91773E-5	-8.86425E+0	-2.97047E-1	-2.04090E-1
2.35175E+11	1.56222E-4	-9.28875E+0	1.45286E-1	3.10944E-1
2.35262E+11	1.10601E-4	-8.42061E+0	1.16492E-1	-3.60956E-1
2.35350E+11	1.75625E-4	-9.51436E+0	-2.67467E-1	2.00730E-1
2.35438E+11	1.32026E-4	-8.12756E+0	3.72710E-1	1.22429E-1
2.35525E+11	1.59983E-4	-1.00652E+1	-1.67728E-1	-2.65288E-1
2.35613E+11	1.31543E-4	-8.23920E+0	-1.81410E-1	3.42179E-1
2.35700E+11	1.57638E-4	-9.85567E+0	2.79231E-1	-1.59402E-1
2.35788E+11	1.31677E-4	-8.38128E+0	-3.40607E-1	-1.70750E-1
2.35875E+11	1.67878E-4	-9.39239E+0	2.04702E-1	2.70396E-1
2.35962E+11	1.17246E-4	-9.06304E+0	8.75830E-2	-3.41185E-1
2.36050E+11	1.46916E-4	-9.58666E+0	-2.27260E-1	2.41533E-1
2.36137E+11	1.04805E-4	-9.51870E+0	3.22286E-1	8.86086E-2
2.36225E+11	1.64287E-4	-9.36988E+0	-2.17515E-1	-2.61346E-1
2.36312E+11	1.17624E-4	-9.87199E+0	-7.09052E-2	3.12992E-1
2.36400E+11	1.62831E-4	-9.83880E+0	2.49437E-1	-2.03869E-1
2.36488E+11	1.39885E-4	-9.71398E+0	-3.23669E-1	-4.52332E-2
2.36575E+11	1.59025E-4	-1.00133E+1	1.97853E-1	2.46065E-1
2.36663E+11	1.67574E-4	-9.51631E+0	6.38197E-2	-3.28190E-1
2.36750E+11	1.63430E-4	-1.01739E+1	-2.41065E-1	1.94841E-1
2.36838E+11	2.00731E-4	-9.40105E+0	3.33150E-1	6.16360E-2
2.36925E+11	1.78148E-4	-1.04013E+1	-2.11405E-1	-2.15595E-1
2.37013E+11	2.68907E-4	-9.44716E+0	-3.83182E-2	3.34824E-1
2.37100E+11	1.49935E-4	-1.01968E+1	1.97222E-1	-2.38063E-1
2.37187E+11	1.91240E-4	-9.85659E+0	-3.18623E-1	-4.28583E-2
2.37275E+11	1.68348E-4	-9.67509E+0	2.38266E-1	2.25826E-1
2.37362E+11	1.96635E-4	-9.87129E+0	6.06859E-2	-3.15159E-1
2.37450E+11	1.64407E-4	-8.96799E+0	-2.44446E-1	2.58979E-1
2.37537E+11	1.78015E-4	-8.97634E+0	3.55155E-1	2.11017E-2
2.37625E+11	1.81326E-4	-6.01721E+0	-4.00313E-1	-2.99907E-1
2.37713E+11	1.97497E-4	-4.77615E+0	3.47001E-2	5.75978E-1
2.37800E+11	1.95242E-4	-7.54324E-1	6.17171E-1	-6.77981E-1
2.37888E+11	2.33924E-4	-6.58474E-1	-9.26462E-1	-3.13506E-2
2.37975E+11	2.25319E-4	7.61003E-1	7.71436E-1	7.72272E-1
2.38063E+11	2.47795E-4	1.97683E-1	2.07830E-2	-1.02281E+0
2.38150E+11	2.27921E-4	3.53674E-1	-6.82532E-1	7.86762E-1
2.38237E+11	2.65030E-4	-1.20097E-1	9.84378E-1	-6.10346E-2
2.38325E+11	2.18417E-4	-1.18831E+0	-7.07935E-1	-5.09362E-1
2.38412E+11	2.51651E-4	-1.44583E+0	-3.73813E-2	8.45833E-1
2.38500E+11	2.34979E-4	-2.28382E+0	4.96290E-1	-5.87144E-1
2.38587E+11	2.04969E-4	-3.09945E+0	-6.97409E-1	-5.88393E-2
2.38675E+11	2.37661E-4	-3.27888E+0	5.57841E-1	3.98533E-1
2.38762E+11	1.60681E-4	-4.00087E+0	5.86007E-2	-6.28167E-1
2.38850E+11	2.45517E-4	-4.01110E+0	-3.82420E-1	5.00845E-1
2.38938E+11	1.42389E-4	-6.27628E+0	4.84005E-1	-3.80251E-2
2.39025E+11	2.39744E-4	-5.59042E+0	-4.72789E-1	-2.29134E-1
2.39113E+11	1.23099E-4	-7.13559E+0	1.61371E-1	4.09088E-1
2.39200E+11	1.99757E-4	-6.83410E+0	1.20485E-1	-4.39066E-1
2.39288E+11	1.17336E-4	-7.82642E+0	-3.43699E-1	2.16387E-1
2.39375E+11	2.01228E-4	-8.29463E+0	3.81429E-1	5.10470E-2
2.39462E+11	1.29977E-4	-8.52860E+0	-2.70900E-1	-2.58727E-1
2.39550E+11	1.98411E-4	-9.18117E+0	8.09802E-2	3.37922E-1
2.39637E+11	1.41193E-4	-8.43130E+0	1.41259E-1	-3.51499E-1
2.39725E+11	2.04493E-4	-9.41008E+0	-2.71328E-1	2.02313E-1
2.39812E+11	1.29894E-4	-8.34725E+0	3.59730E-1	1.30019E-1
2.39900E+11	1.24291E-4	-8.97774E+0	-1.69651E-1	-3.12663E-1
2.39988E+11	7.50016E-5	-8.62338E+0	-1.25202E-1	3.48743E-1
2.40075E+11	1.39424E-4	-8.81785E+0	2.97252E-1	-2.07186E-1
2.40163E+11	8.92559E-5	-8.80535E+0	-3.60731E-1	-3.91943E-2
2.40250E+11	1.63573E-4	-8.67505E+0	2.63816E-1	2.57050E-1
2.40338E+11	1.04043E-4	-9.05074E+0	-2.40124E-2	-3.51929E-1
2.40425E+11	1.55622E-4	-8.83818E+0	-2.57047E-1	2.54163E-1
2.40512E+11	7.64090E-5	-8.91240E+0	3.57337E-1	-2.77126E-2
2.40600E+11	1.16103E-4	-8.99952E+0	-2.63064E-1	-2.38125E-1
2.40687E+11	7.76616E-5	-8.49638E+0	1.36789E-1	3.50229E-1
2.40775E+11	9.38755E-5	-9.52554E+0	1.28297E-1	-3.08357E-1
2.40862E+11	8.01567E-5	-8.41725E+0	-2.90429E-1	2.44177E-1
2.40950E+11	7.12349E-5	-1.00240E+1	3.13593E-1	3.32916E-2
2.41037E+11	8.38677E-5	-8.21838E+0	-2.89462E-1	-2.58705E-1
2.41125E+11	7.02484E-5	-9.77681E+0	2.29333E-2	3.23647E-1
2.41213E+11	8.33689E-5	-8.28485E+0	2.45062E-1	-2.97275E-1
2.41300E+11	6.59586E-5	-9.42877E+0	-3.35721E-1	3.67276E-2
2.41388E+11	8.01351E-5	-8.74201E+0	3.02351E-1	2.05381E-1
2.41475E+11	7.44441E-5	-9.27288E+0	-9.53324E-2	-3.30360E-1
2.41563E+11	9.66198E-5	-8.92202E+0	-2.29790E-1	2.74537E-1
2.41650E+11	7.74099E-5	-9.28872E+0	3.41729E-1	3.18908E-2
2.41737E+11	9.25205E-5	-9.33629E+0	-2.16224E-1	-2.64120E-1
2.41825E+11	7.53115E-5	-9.27276E+0	-5.26370E-2	3.39792E-1
2.41912E+11	8.15585E-5	-9.17425E+0	2.72477E-1	-2.16096E-1
2.42000E+11	6.98836E-5	-9.29771E+0	-3.21587E-1	-1.18885E-1
2.42087E+11	1.04874E-4	-8.48137E+0	1.53188E-1	3.44085E-1
2.42175E+11	5.82244E-5	-9.35238E+0	1.71483E-1	-2.94406E-1
2.42263E+11	1.08292E-4	-8.28722E+0	-3.63587E-1	1.27089E-1
2.42350E+11	5.86757E-5	-9.23848E+0	3.10432E-1	1.50990E-1
2.42438E+11	1.21041E-4	-7.66645E+0	-1.57139E-1	-3.82686E-1
2.42525E+11	8.24967E-5	-8.32018E+0	-1.49006E-1	3.53585E-1
2.42613E+11	1.50475E-4	-7.26116E+0	4.15073E-1	-1.24884E-1
2.42700E+11	1.06945E-4	-7.96526E+0	-3.62070E-1	-1.69315E-1
2.42788E+11	1.41604E-4	-7.91553E+0	9.53530E-2	3.90525E-1
2.42875E+11	1.04154E-4	-8.08777E+0	1.61814E-1	-3.59353E-1
2.42962E+11	1.14650E-4	-7.89838E+0	-3.86602E-1	1.13051E-1
2.43050E+11	9.99420E-5	-6.56286E+0	4.19588E-1	2.11189E-1
2.43137E+11	1.11316E-4	-6.93117E+0	-2.33428E-2	-4.49632E-1
2.43225E+11	1.30569E-4	-6.63746E+0	-3.58751E-1	2.96976E-1
2.43312E+11	1.28906E-4	-7.31302E+0	4.17258E-1	1.07457E-1
2.43400E+11	1.31340E-4	-7.44058E+0	-1.06952E-1	-4.10900E-1
2.43488E+11	1.43484E-4	-8.07556E+0	-2.77190E-1	2.80929E-1
2.43575E+11	1.05000E-4	-9.20049E+0	3.32441E-1	9.84656E-2
2.43663E+11	1.31542E-4	-9.42339E+0	-8.19946E-2	-3.27835E-1
2.43750E+11	9.59332E-5	-1.07952E+1	-1.88216E-1	2.18730E-1
2.43838E+11	1.00838E-4	-1.01332E+1	3.08901E-1	3.95024E-2
2.43925E+11	9.35479E-5	-1.09456E+1	-1.80336E-1	-2.18892E-1
2.44012E+11	8.67794E-5	-1.04205E+1	-9.12473E-2	2.87135E-1
2.44100E+11	1.04381E-4	-1.07486E+1	2.41574E-1	-1.60652E-1
2.44187E+11	8.79047E-5	-1.06290E+1	-2.82405E-1	-8.22383E-2
2.44275E+11	9.49957E-5	-1.02995E+1	2.08427E-1	2.23370E-1
2.44362E+11	8.43318E-5	-1.07183E+1	6.83682E-3	-2.91047E-1
2.44450E+11	1.42169E-4	-1.00134E+1	-1.81798E-1	2.58152E-1
2.44538E+11	1.14445E-4	-1.04427E+1	2.94977E-1	-5.74319E-2
2.44625E+11	2.14569E-4	-9.74902E+0	-2.57166E-1	-1.99537E-1
2.44713E+11	1.54730E-4	-9.85256E+0	1.77008E-2	3.21154E-1
2.44800E+11	2.55763E-4	-9.54194E+0	2.51850E-1	-2.18392E-1
2.44888E+11	2.03714E-4	-9.23536E+0	-3.44685E-1	-2.10731E-2
2.44975E+11	2.58513E-4	-9.43159E+0	2.04568E-1	2.68580E-1
2.45063E+11	2.10625E-4	-8.80886E+0	3.39833E-2	-3.61112E-1
2.45150E+11	2.51573E-4	-9.69299E+0	-2.58792E-1	2.00877E-1
2.45237E+11	2.29492E-4	-8.69459E+0	3.63646E-1	5.31602E-2
2.45325E+11	2.87821E-4	-9.41346E+0	-2.18266E-1	-2.58496E-1
2.45412E+11	2.37086E-4	-8.66539E+0	-5.25889E-2	3.64980E-1
2.45500E+11	3.45673E-4	-8.68016E+0	2.56393E-1	-2.64153E-1
2.45587E+11	2.19402E-4	-8.92288E+0	-3.55944E-1	3.80990E-2
2.45675E+11	2.89281E-4	-8.49437E+0	3.19740E-1	1.97998E-1
2.45763E+11	2.56735E-4	-8.99064E+0	-9.13825E-2	-3.43240E-1
2.45850E+11	3.76731E-4	-8.28215E+0	-1.69262E-1	3.46223E-1
2.45938E+11	2.99766E-4	-9.10055E+0	3.22508E-1	-1.37839E-1
2.46025E+11	3.91724E-4	-8.34869E+0	-3.42742E-1	-1.69675E-1
2.46113E+11	3.15941E-4	-8.88081E+0	1.08699E-1	3.42899E-1
2.46200E+11	3.49190E-4	-8.44604E+0	2.40718E-1	-2.91676E-1
2.46287E+11	3.39334E-4	-8.63184E+0	-3.61465E-1	7.98324E-2
2.46375E+11	2.60021E-4	-8.88675E+0	2.68410E-1	2.39112E-1
2.46462E+11	3.28258E-4	-8.66016E+0	-4.16594E-2	-3.66612E-1
2.46550E+11	2.24148E-4	-9.30334E+0	-2.28860E-1	2.54995E-1
2.46637E+11	3.88096E-4	-8.59775E+0	3.71277E-1	-1.62348E-2
2.46725E+11	2.61371E-4	-8.98824E+0	-2.64894E-1	-2.36780E-1
2.46813E+11	3.59689E-4	-8.86239E+0	-1.71122E-2	3.60073E-1
2.46900E+11	2.75474E-4	-8.74859E+0	2.55746E-1	-2.60748E-1
2.46988E+11	3.62922E-4	-9.24239E+0	-3.45049E-1	-4.17921E-4
2.47075E+11	2.80879E-4	-8.70046E+0	2.92297E-1	2.22361E-1
2.47163E+11	3.42911E-4	-9.57353E+0	-5.31764E-2	-3.27857E-1
2.47250E+11	2.70178E-4	-8.77573E+0	-2.17119E-1	2.92274E-1
2.47338E+11	3.42697E-4	-9.70855E+0	3.26208E-1	-2.30098E-2
2.47425E+11	2.63017E-4	-8.82904E+0	-2.49497E-1	-2.62104E-1
2.47512E+11	3.78275E-4	-9.39445E+0	-1.88248E-2	3.38538E-1
2.47600E+11	2.42406E-4	-9.17131E+0	2.88300E-1	-1.94696E-1
2.47687E+11	3.75634E-4	-9.07590E+0	-3.40953E-1	-8.63870E-2
2.47775E+11	1.95371E-4	-9.41115E+0	1.52423E-1	3.02139E-1
2.47862E+11	3.90300E-4	-8.86603E+0	1.37967E-1	-3.32869E-1
2.47950E+11	2.30066E-4	-9.40382E+0	-3.08586E-1	1.39603E-1
2.48038E+11	4.63704E-4	-8.50535E+0	3.30702E-1	1.78090E-1
2.48125E+11	2.63372E-4	-8.95536E+0	-1.59418E-1	-3.19029E-1
2.48213E+11	4.34908E-4	-8.53293E+0	-1.65000E-1	3.36098E-1
2.48300E+11	2.61597E-4	-8.59031E+0	3.16906E-1	-1.94724E-1
2.48388E+11	3.60764E-4	-8.79751E+0	-3.36279E-1	-1.37177E-1
2.48475E+11	2.52461E-4	-8.53201E+0	2.21598E-1	3.01846E-1
2.48562E+11	3.36864E-4	-8.89579E+0	6.17956E-2	-3.53739E-1
2.48650E+11	2.47693E-4	-8.46782E+0	-2.47630E-1	2.84576E-1
2.48737E+11	3.01915E-4	-8.73750E+0	3.65399E-1	-1.48308E-2
2.48825E+11	2.32328E-4	-8.54833E+0	-2.96063E-1	-2.28117E-1
2.48912E+11	2.66205E-4	-8.42581E+0	3.80946E-2	3.77142E-1
2.49000E+11	2.10151E-4	-8.97322E+0	2.05048E-1	-2.90907E-1
2.49087E+11	2.72042E-4	-8.32211E+0	-3.79696E-1	5.46902E-2
2.49175E+11	2.19107E-4	-9.13434E+0	2.99877E-1	1.79254E-1
2.49263E+11	2.95105E-4	-8.15839E+0	-9.49020E-2	-3.79219E-1
2.49350E+11	2.09274E-4	-9.37727E+0	-1.11960E-1	3.20754E-1
2.49438E+11	2.75516E-4	-8.27054E+0	3.56316E-1	-1.48178E-1
2.49525E+11	2.11694E-4	-9.44752E+0	-3.32222E-1	-5.65196E-2
2.49613E+11	2.28866E-4	-8.70538E+0	1.23015E-1	3.45828E-1
2.49700E+11	2.26298E-4	-8.80684E+0	1.20245E-1	-3.42286E-1
2.49787E+11	2.07830E-4	-8.50173E+0	-3.12031E-1	2.09365E-1
2.49875E+11	2.24758E-4	-8.84035E+0	3.48780E-1	-9.46504E-2
2.49962E+11	2.08081E-4	-9.18551E+0	-3.12667E-1	-1.51221E-1
2.50050E+11	2.25192E-4	-9.33110E+0	1.30237E-1	3.15737E-1
2.50137E+11	1.98646E-4	-9.52345E+0	1.67212E-1	-2.89202E-1
2.50225E+11	1.93444E-4	-9.77605E+0	-3.24263E-1	1.20448E-2
2.50313E+11	1.46582E-4	-8.92736E+0	2.28050E-1	2.75698E-1
2.50400E+11	1.59501E-4	-9.60105E+0	3.12642E-3	-3.31076E-1
2.50488E+11	1.53057E-4	-9.14457E+0	-2.55521E-1	2.37655E-1
2.50575E+11	1.40742E-4	-9.92560E+0	3.07988E-1	8.28938E-2
2.50663E+11	1.53601E-4	-8.31480E+0	-1.86342E-1	-3.35685E-1
2.50750E+11	1.39523E-4	-9.31404E+0	1.33401E-2	3.41954E-1
2.50837E+11	1.85695E-4	-8.21459E+0	1.67871E-1	-3.50240E-1
2.50925E+11	1.53279E-4	-9.09402E+0	-2.67342E-1	2.27431E-1
2.51012E+11	1.58487E-4	-8.43791E+0	3.75692E-1	4.62949E-2
2.51100E+11	1.45603E-4	-8.68258E+0	-2.91639E-1	-2.24466E-1
2.51187E+11	1.41143E-4	-8.80330E+0	5.32881E-2	3.59007E-1
2.51275E+11	1.32584E-4	-8.66818E+0	2.10803E-1	-3.02407E-1
2.51362E+11	1.32463E-4	-9.17992E+0	-3.46008E-1	3.25898E-2
2.51450E+11	1.41548E-4	-8.61521E+0	2.74007E-1	2.49953E-1
2.51538E+11	1.33792E-4	-8.91223E+0	-3.78839E-2	-3.56409E-1
2.51625E+11	1.36788E-4	-8.72843E+0	-2.42692E-1	2.74074E-1
2.51713E+11	1.55111E-4	-8.60955E+0	3.64837E-1	-6.80390E-2
2.51800E+11	1.26480E-4	-9.09246E+0	-2.74612E-1	-2.18699E-1
2.51888E+11	1.53298E-4	-8.65805E+0	6.47589E-2	3.63334E-1
2.51975E+11	1.02687E-4	-9.47712E+0	2.15012E-1	-2.58000E-1
2.52062E+11	1.44196E-4	-8.79091E+0	-3.62348E-1	2.83817E-2
2.52150E+11	9.37016E-5	-9.55274E+0	2.33719E-1	2.37113E-1
2.52237E+11	1.48369E-4	-8.75343E+0	5.29288E-2	-3.61172E-1
2.52325E+11	1.19042E-4	-9.08768E+0	-2.83363E-1	2.07561E-1
2.52412E+11	1.74975E-4	-8.81647E+0	3.52044E-1	8.59769E-2
2.52500E+11	1.62246E-4	-8.59367E+0	-2.28252E-1	-2.93497E-1
2.52588E+11	2.08009E-4	-8.71840E+0	-3.15093E-2	3.65148E-1
2.52675E+11	1.87528E-4	-8.36256E+0	2.60718E-1	-2.78966E-1
2.52763E+11	2.21172E-4	-8.74144E+0	-3.63759E-1	3.59774E-2
2.52850E+11	1.87793E-4	-8.34476E+0	3.00156E-1	2.37277E-1
2.52938E+11	2.24825E-4	-8.64031E+0	-7.91229E-2	-3.61252E-1
2.53025E+11	1.49804E-4	-8.80485E+0	-2.04933E-1	2.99468E-1
2.53113E+11	2.35223E-4	-8.38577E+0	3.59561E-1	-1.25436E-1
2.53200E+11	1.36314E-4	-9.33136E+0	-3.06347E-1	-1.50983E-1
2.53287E+11	2.53540E-4	-8.30506E+0	1.59024E-1	3.49928E-1
2.53375E+11	1.26364E-4	-9.58615E+0	1.22307E-1	-3.08284E-1
2.53462E+11	2.67650E-4	-8.04083E+0	-3.68897E-1	1.44640E-1
2.53550E+11	1.44686E-4	-9.37920E+0	3.06846E-1	1.45643E-1
2.53637E+11	3.03930E-4	-8.00300E+0	-1.04995E-1	-3.83870E-1
2.53725E+11	1.65993E-4	-9.36804E+0	-1.37183E-1	3.11198E-1
2.53813E+11	3.01522E-4	-8.49032E+0	3.68669E-1	-7.51803E-2
2.53900E+11	1.72575E-4	-9.46822E+0	-2.85958E-1	-1.76788E-1
2.53988E+11	2.91951E-4	-8.78823E+0	-3.26926E-2	3.62097E-1
2.54075E+11	1.67333E-4	-9.37034E+0	2.83075E-1	-1.88337E-1
2.54163E+11	2.81833E-4	-8.90967E+0	-3.34134E-1	-1.29971E-1
2.54250E+11	1.83705E-4	-9.40306E+0	1.14108E-1	3.18926E-1
2.54337E+11	3.14823E-4	-8.67102E+0	1.68454E-1	-3.27754E-1
2.54425E+11	1.67705E-4	-9.85529E+0	-3.09234E-1	8.81045E-2
2.54512E+11	3.12382E-4	-8.51669E+0	3.34740E-1	1.69296E-1
2.54600E+11	1.52927E-4	-1.00159E+1	-9.94622E-2	-2.99568E-1
2.54687E+11	2.66513E-4	-8.44798E+0	-1.75256E-1	3.35024E-1
2.54775E+11	1.58981E-4	-1.02620E+1	2.91850E-1	-9.47036E-2
2.54863E+11	3.18674E-4	-8.34819E+0	-3.38851E-1	-1.77367E-1
2.54950E+11	1.90270E-4	-9.94726E+0	1.25400E-1	2.92398E-1
2.55038E+11	3.47954E-4	-8.32077E+0	1.67966E-1	-3.44953E-1
2.55125E+11	2.05878E-4	-9.71202E+0	-2.99800E-1	1.30291E-1
2.55213E+11	3.03307E-4	-8.69732E+0	3.16046E-1	1.87335E-1
2.55300E+11	2.17246E-4	-9.31670E+0	-1.06460E-1	-3.25124E-1
2.55388E+11	2.48096E-4	-8.98236E+0	-1.94031E-1	2.97921E-1
2.55475E+11	2.40070E-4	-9.16291E+0	3.27917E-1	-1.17165E-1
2.55562E+11	2.53159E-4	-9.36336E+0	-3.09279E-1	-1.41896E-1
2.55650E+11	2.68196E-4	-8.92698E+0	1.30405E-1	3.33199E-1
2.55737E+11	2.97531E-4	-8.79123E+0	1.59697E-1	-3.26480E-1
2.55825E+11	2.88691E-4	-8.90610E+0	-3.50112E-1	7.78826E-2
2.55912E+11	3.22133E-4	-8.41774E+0	3.00916E-1	2.31094E-1
2.56000E+11	2.82482E-4	-8.92921E+0	-3.61374E-2	-3.55887E-1
2.56088E+11	3.27574E-4	-8.06236E+0	-2.67802E-1	2.90710E-1
2.56175E+11	2.72352E-4	-8.83988E+0	3.59555E-1	-3.66170E-2
2.56263E+11	3.43156E-4	-7.62831E+0	-3.19260E-1	-2.65940E-1
2.56350E+11	1.73853E-4	-8.50573E+0	2.23091E-1	-3.02155E-1
2.56438E+11	2.42095E-4	-7.87012E+0	-4.04057E-1	6.17926E-3
2.56525E+11	2.40762E-4	-8.18540E+0	3.20726E-1	2.21360E-1
2.56612E+11	2.14994E-4	-7.97560E+0	-4.79938E-2	-3.96332E-1
2.56700E+11	2.50895E-4	-7.90271E+0	-1.81849E-1	3.59181E-1
2.56787E+11	2.37152E-4	-8.14592E+0	3.72254E-1	-1.21160E-1
2.56875E+11	2.72100E-4	-7.66892E+0	-3.92778E-1	-1.29497E-1
2.56962E+11	2.65688E-4	-7.91754E+0	1.94408E-1	3.51757E-1
2.57050E+11	2.89536E-4	-7.56019E+0	1.02851E-1	-4.05958E-1
2.57137E+11	2.77144E-4	-7.52548E+0	-3.44021E-1	2.41738E-1
2.57225E+11	2.68550E-4	-7.87999E+0	3.98848E-1	6.20505E-2
2.57313E+11	2.97724E-4	-7.66355E+0	-2.84884E-1	-3.00161E-1
2.57400E+11	2.67216E-4	-8.42451E+0	1.66561E-2	3.78752E-1
2.57488E+11	3.08048E-4	-7.69121E+0	2.45042E-1	-3.31848E-1
2.57575E+11	2.45189E-4	-8.87138E+0	-3.50960E-1	8.06475E-2
2.57663E+11	3.38560E-4	-7.93788E+0	3.42857E-1	2.07898E-1
2.57750E+11	2.49994E-4	-8.91305E+0	-1.16579E-1	-3.38892E-1
2.57837E+11	3.09078E-4	-8.25332E+0	-1.81313E-1	3.41519E-1
2.57925E+11	2.52902E-4	-8.81311E+0	3.31050E-1	-1.47765E-1
2.58012E+11	2.99857E-4	-8.44683E+0	-3.51075E-1	-1.40499E-1
2.58100E+11	2.50363E-4	-8.76928E+0	1.82420E-1	3.15411E-1
2.58187E+11	2.85348E-4	-8.79085E+0	1.00180E-1	-3.49382E-1
2.58275E+11	2.23163E-4	-8.96457E+0	-3.08158E-1	1.78780E-1
2.58363E+11	2.74180E-4	-8.96939E+0	3.40132E-1	1.05324E-1
2.58450E+11	2.05443E-4	-9.15905E+0	-1.51062E-1	-3.13920E-1
2.58538E+11	2.57239E-4	-8.82706E+0	-9.21970E-2	3.50009E-1
2.58625E+11	1.56888E-4	-9.70552E+0	2.86637E-1	-1.57655E-1
2.58713E+11	2.56464E-4	-8.67590E+0	-3.57387E-1	-8.90017E-2
2.58800E+11	1.46061E-4	-9.78096E+0	1.52002E-1	2.86476E-1
2.58887E+11	2.71366E-4	-8.39679E+0	1.36620E-1	-3.54944E-1
2.58975E+11	1.27277E-4	-9.92052E+0	-2.97468E-1	1.15585E-1
2.59062E+11	2.62477E-4	-8.37137E+0	3.26464E-1	1.97286E-1
2.59150E+11	1.21453E-4	-9.88753E+0	-7.80332E-2	-3.10700E-1
2.59237E+11	2.39958E-4	-8.59733E+0	-2.40700E-1	2.83172E-1
2.59325E+11	1.20973E-4	-9.67554E+0	3.25992E-1	-3.85508E-2
2.59412E+11	2.22172E-4	-8.59126E+0	-2.44965E-1	-2.79837E-1
2.59500E+11	1.54365E-4	-9.07569E+0	1.52386E-2	3.51405E-1
2.59588E+11	2.49863E-4	-8.59459E+0	2.80558E-1	-2.43921E-1
2.59675E+11	1.57405E-4	-9.03408E+0	-3.53279E-1	1.01374E-2
2.59763E+11	2.43559E-4	-8.49096E+0	2.56392E-1	2.75339E-1
2.59850E+11	1.50263E-4	-8.93815E+0	1.08905E-2	-3.57183E-1
2.59938E+11	2.87693E-4	-7.56700E+0	-3.24743E-1	2.63908E-1
2.60025E+11	1.63682E-4	-8.77210E+0	3.61998E-1	4.04073E-2
2.60112E+11	3.23404E-4	-7.36395E+0	-2.38892E-1	-3.55552E-1
2.60200E+11	1.58221E-4	-9.03160E+0	-2.02223E-2	3.52946E-1
2.60287E+11	3.36186E-4	-7.53063E+0	3.24803E-1	-2.66611E-1
2.60375E+11	1.61823E-4	-9.10859E+0	-3.49315E-1	2.76147E-2
2.60462E+11	3.23923E-4	-7.69874E+0	2.38947E-1	3.35824E-1
2.60550E+11	1.62147E-4	-9.11426E+0	2.96058E-2	-3.48923E-1
2.60638E+11	3.01958E-4	-8.32989E+0	-3.59562E-1	1.32707E-1
2.60725E+11	1.63195E-4	-9.35859E+0	3.22345E-1	1.09587E-1
2.60813E+11	2.30303E-4	-9.35674E+0	-5.66350E-2	-3.35793E-1
2.60900E+11	1.34505E-4	-9.90173E+0	-1.36913E-1	2.89039E-1
2.60988E+11	1.60550E-4	-1.02626E+1	3.04205E-1	-3.98952E-2
2.61075E+11	1.17596E-4	-1.00685E+1	-2.71729E-1	-1.56838E-1
2.61163E+11	1.35651E-4	-1.05536E+1	2.00035E-2	2.96026E-1
2.61250E+11	9.90822E-5	-1.09129E+1	1.90179E-1	-2.11834E-1
2.61337E+11	1.44701E-4	-1.06988E+1	-2.90677E-1	-2.53693E-2
2.61425E+11	1.12462E-4	-1.11021E+1	1.92164E-1	2.01641E-1
2.61512E+11	1.46208E-4	-1.05297E+1	5.61294E-2	-2.92177E-1
2.61600E+11	1.08680E-4	-1.12741E+1	-2.13828E-1	1.69856E-1
2.61687E+11	1.36056E-4	-1.09741E+1	2.65401E-1	9.73174E-2
2.61775E+11	1.07229E-4	-1.16007E+1	-1.32159E-1	-2.27389E-1
2.61863E+11	1.29296E-4	-1.12715E+1	-1.47375E-1	2.30000E-1
2.61950E+11	1.14776E-4	-1.16595E+1	2.43403E-1	-9.48497E-2
2.62038E+11	1.13287E-4	-1.18102E+1	-1.87338E-1	-1.75554E-1
2.62125E+11	1.13193E-4	-1.14856E+1	3.88362E-2	2.63668E-1
2.62213E+11	1.02795E-4	-1.21382E+1	2.15847E-1	-1.20541E-1
2.62300E+11	1.12496E-4	-1.17199E+1	-2.53236E-1	-5.63087E-2
2.62387E+11	9.22573E-5	-1.26874E+1	6.95168E-2	2.21419E-1
2.62475E+11	1.19882E-4	-1.17942E+1	8.71290E-2	-2.42003E-1
2.62562E+11	1.01285E-4	-1.23506E+1	-2.28882E-1	7.62559E-2
2.62650E+11	1.18055E-4	-1.19634E+1	2.35988E-1	8.91056E-2
2.62737E+11	1.02092E-4	-1.20673E+1	-9.64352E-2	-2.29838E-1
2.62825E+11	1.30617E-4	-1.17698E+1	-4.44780E-2	2.54071E-1
2.62913E+11	1.12196E-4	-1.15280E+1	2.37737E-1	-1.17559E-1
2.63000E+11	1.24594E-4	-1.15885E+1	-2.55796E-1	-6.27304E-2
2.63088E+11	1.19349E-4	-1.10181E+1	1.09150E-1	2.59209E-1
2.63175E+11	1.22938E-4	-1.15011E+1	6.92914E-2	-2.56856E-1
2.63263E+11	1.01676E-4	-1.14482E+1	-2.60612E-1	6.10411E-2
2.63350E+11	1.18496E-4	-1.14802E+1	2.48400E-1	9.70338E-2
2.63438E+11	9.36913E-5	-1.15388E+1	-4.52713E-2	-2.60989E-1
2.63525E+11	1.34385E-4	-1.09052E+1	-1.24720E-1	2.56185E-1
2.63612E+11	9.66540E-5	-1.15550E+1	2.63837E-1	-1.71445E-2
2.63700E+11	1.36179E-4	-1.06754E+1	-2.26531E-1	-1.85151E-1
2.63787E+11	9.91576E-5	-1.12408E+1	-3.43879E-2	2.71965E-1
2.63875E+11	1.44045E-4	-1.03670E+1	2.42428E-1	-1.82005E-1
2.63962E+11	1.19516E-4	-1.08676E+1	-2.76724E-1	-7.29104E-2
2.64050E+11	1.29677E-4	-1.06712E+1	1.59583E-1	2.45386E-1
2.64138E+11	1.27476E-4	-1.04228E+1	7.23832E-2	-2.92377E-1
2.64225E+11	1.29011E-4	-1.06121E+1	-2.46511E-1	1.61512E-1
2.64313E+11	1.42969E-4	-1.00669E+1	3.01882E-1	8.56665E-2
2.64400E+11	1.20240E-4	-1.08259E+1	-1.53671E-1	-2.43036E-1
2.64488E+11	1.63741E-4	-9.84589E+0	-9.01158E-2	3.09017E-1
2.64575E+11	1.28802E-4	-1.05110E+1	2.32967E-1	-1.86078E-1
2.64662E+11	1.72078E-4	-9.72680E+0	-3.16515E-1	-7.94409E-2
2.64750E+11	1.36911E-4	-1.01716E+1	1.90648E-1	2.44497E-1
2.64837E+11	1.69474E-4	-9.72135E+0	1.07558E-1	-3.08314E-1
2.64925E+11	1.32599E-4	-1.01111E+1	-2.62849E-1	1.68477E-1
2.65012E+11	1.78197E-4	-9.95877E+0	2.99682E-1	1.05568E-1
2.65100E+11	1.19706E-4	-1.01640E+1	-1.74244E-1	-2.56775E-1
2.65187E+11	1.81717E-4	-9.79188E+0	-9.89492E-2	3.08412E-1
2.65275E+11	1.12007E-4	-1.01529E+1	2.76719E-1	-1.41305E-1
2.65363E+11	1.79879E-4	-9.73320E+0	-2.91983E-1	-1.45197E-1
2.65450E+11	1.08779E-4	-1.06069E+1	8.03388E-2	2.83732E-1
2.65538E+11	2.08768E-4	-9.29321E+0	1.93494E-1	-2.83256E-1
2.65625E+11	1.04008E-4	-1.07803E+1	-2.82318E-1	6.20524E-2
2.65713E+11	2.19393E-4	-9.38057E+0	2.63686E-1	2.14010E-1
2.65800E+11	1.04116E-4	-1.11651E+1	-4.22465E-2	-2.73284E-1
2.65887E+11	2.48832E-4	-9.17245E+0	-2.49602E-1	2.42261E-1
2.65975E+11	1.16435E-4	-1.08813E+1	2.85152E-1	-1.79620E-2
2.66062E+11	2.76534E-4	-9.17936E+0	-2.03869E-1	-2.81490E-1
2.66150E+11	1.32668E-4	-1.04834E+1	5.13291E-3	2.99067E-1
2.66237E+11	3.09783E-4	-9.03959E+0	3.10762E-1	-1.67861E-1
2.66325E+11	1.44747E-4	-1.01416E+1	-3.00258E-1	-8.14757E-2
2.66413E+11	2.91436E-4	-9.43921E+0	3.77956E-2	3.35194E-1
2.66500E+11	1.54486E-4	-1.01939E+1	1.79811E-1	-2.51596E-1
2.66588E+11	2.91948E-4	-9.40698E+0	-3.38572E-1	1.76489E-4
2.66675E+11	1.58259E-4	-9.88769E+0	2.46716E-1	2.04330E-1
2.66763E+11	3.40814E-4	-8.90810E+0	-2.28228E-3	-3.58580E-1
2.66850E+11	1.52327E-4	-1.00829E+1	-2.16787E-1	2.26082E-1
2.66937E+11	3.76628E-4	-8.54434E+0	3.66514E-1	7.40703E-2
2.67025E+11	1.72112E-4	-9.80375E+0	-1.80944E-1	-2.68108E-1
2.67112E+11	3.70663E-4	-8.38529E+0	-1.13142E-1	3.63639E-1
2.67200E+11	1.74716E-4	-1.00456E+1	2.43086E-1	-1.99660E-1
2.67287E+11	3.86458E-4	-8.35744E+0	-3.79317E-1	-4.56705E-2
2.67375E+11	1.75367E-4	-9.95334E+0	2.47609E-1	1.99424E-1
2.67462E+11	3.16139E-4	-8.95708E+0	2.10967E-2	-3.55946E-1
2.67550E+11	1.81821E-4	-9.95608E+0	-2.04652E-1	2.43175E-1
2.67638E+11	2.60844E-4	-9.38685E+0	3.34908E-1	5.47751E-2
2.67725E+11	1.93835E-4	-9.53272E+0	-2.44205E-1	-2.27428E-1
2.67813E+11	2.56664E-4	-9.32510E+0	-3.65421E-3	3.41759E-1
2.67900E+11	2.21213E-4	-9.30062E+0	1.88052E-1	-2.86548E-1
2.67988E+11	2.61580E-4	-9.11777E+0	-3.44443E-1	6.23155E-2
2.68075E+11	2.11854E-4	-9.13805E+0	2.94649E-1	1.87446E-1
2.68162E+11	2.72711E-4	-8.80658E+0	-7.75342E-2	-3.54422E-1
2.68250E+11	2.16843E-4	-9.37230E+0	-1.59737E-1	3.00057E-1
2.68337E+11	2.56244E-4	-8.77355E+0	3.50068E-1	-1.00418E-1
2.68425E+11	2.07605E-4	-9.53802E+0	-2.93168E-1	-1.58986E-1
2.68512E+11	2.51647E-4	-8.77015E+0	1.02973E-1	3.49473E-1
2.68600E+11	2.17271E-4	-9.83951E+0	1.20378E-1	-2.98787E-1
2.68688E+11	2.53731E-4	-9.10358E+0	-3.26555E-1	1.27620E-1
2.68775E+11	1.99121E-4	-1.02485E+1	2.90415E-1	1.00490E-1
2.68863E+11	1.97934E-4	-9.82181E+0	-1.06682E-1	-3.04643E-1
2.68950E+11	1.95094E-4	-1.02713E+1	-1.05870E-1	2.87639E-1
2.69038E+11	2.01109E-4	-1.01447E+1	2.96079E-1	-9.51837E-2
2.69125E+11	2.09688E-4	-1.04159E+1	-2.85067E-1	-9.80063E-2
2.69212E+11	1.86108E-4	-1.06362E+1	1.17977E-1	2.69174E-1
2.69300E+11	2.31244E-4	-1.06406E+1	7.83015E-2	-2.83115E-1
2.69387E+11	1.97414E-4	-1.04032E+1	-2.75541E-1	1.23330E-1
2.69475E+11	2.51817E-4	-1.03491E+1	2.91901E-1	8.40876E-2
2.69562E+11	2.32338E-4	-9.77703E+0	-1.53505E-1	-2.85840E-1
2.69650E+11	2.74353E-4	-9.95791E+0	-6.48419E-2	3.11078E-1
2.69737E+11	2.40430E-4	-9.53492E+0	2.95865E-1	-1.54166E-1
2.69825E+11	2.55085E-4	-1.04209E+1	-2.94527E-1	-6.33857E-2
2.69913E+11	2.21964E-4	-9.69500E+0	1.59955E-1	2.85814E-1
2.70000E+11	2.30169E-4	-1.06350E+1	2.63927E-2	-2.92747E-1
2.70088E+11	2.25694E-4	-9.52167E+0	-2.90925E-1	1.64335E-1
2.70175E+11	2.38229E-4	-1.04191E+1	3.01275E-1	5.84386E-3
2.70263E+11	1.97310E-4	-1.02221E+1	-1.60088E-1	-2.63411E-1
2.70350E+11	2.32074E-4	-1.00529E+1	4.54103E-2	3.11008E-1
2.70437E+11	1.92198E-4	-1.01968E+1	2.10017E-1	-2.26852E-1
2.70525E+11	2.54275E-4	-9.88782E+0	-2.91609E-1	1.32593E-1
2.70612E+11	1.75293E-4	-1.04725E+1	2.63721E-1	1.41924E-1
2.70700E+11	2.56420E-4	-9.45396E+0	-1.88324E-1	-2.79163E-1
2.70787E+11	2.11138E-4	-9.77658E+0	-9.62527E-2	3.09862E-1
2.70875E+11	2.47565E-4	-9.25228E+0	2.34528E-1	-2.52556E-1
2.70963E+11	2.20072E-4	-9.43683E+0	-3.35070E-1	3.96673E-2
2.71050E+11	2.18024E-4	-9.48705E+0	3.26423E-1	7.73616E-2
2.71138E+11	2.11476E-4	-9.60889E+0	-1.59359E-1	-2.89876E-1
2.71225E+11	1.95503E-4	-9.77711E+0	-2.14275E-2	3.23739E-1
2.71313E+11	2.29870E-4	-9.41566E+0	3.08331E-1	-1.39047E-1
2.71400E+11	1.94670E-4	-9.62403E+0	-3.27923E-1	-3.88458E-2
2.71488E+11	2.28825E-4	-9.35406E+0	1.24391E-1	3.17117E-1
2.71575E+11	1.81265E-4	-9.49377E+0	1.23616E-2	-3.34978E-1
2.71662E+11	1.95677E-4	-9.90732E+0	-2.75367E-1	1.62265E-1
2.71750E+11	1.93545E-4	-9.15874E+0	3.45334E-1	-4.60226E-2
2.71837E+11	2.13584E-4	-9.82723E+0	-1.79069E-1	-2.68315E-1
2.71925E+11	1.96913E-4	-8.76929E+0	2.27970E-2	3.63650E-1
2.72012E+11	2.26681E-4	-9.72540E+0	2.69960E-1	-1.83437E-1
2.72100E+11	2.01455E-4	-8.44940E+0	-3.75858E-1	4.04954E-2
2.72188E+11	2.35310E-4	-9.50185E+0	2.35045E-1	2.38554E-1
2.72275E+11	1.77334E-4	-8.68854E+0	-8.72751E-2	-3.57262E-1
2.72363E+11	2.35137E-4	-9.27002E+0	-2.40888E-1	2.45513E-1
2.72450E+11	1.57893E-4	-8.98949E+0	3.54338E-1	-2.53441E-2
2.72538E+11	2.52195E-4	-9.46729E+0	-1.77579E-1	-2.85510E-1
2.72625E+11	1.39766E-4	-9.54744E+0	-1.47886E-3	3.33138E-1
2.72712E+11	2.30849E-4	-9.60847E+0	2.75907E-1	-1.82510E-1
2.72800E+11	1.29627E-4	-9.65227E+0	-3.28418E-1	2.18496E-2
2.72887E+11	2.38198E-4	-9.66041E+0	1.22905E-1	3.05004E-1
2.72975E+11	1.55459E-4	-9.09467E+0	7.37401E-2	-3.43133E-1
2.73062E+11	2.17904E-4	-9.97377E+0	-3.16749E-1	1.66169E-2
2.73150E+11	1.67369E-4	-8.73298E+0	3.03384E-1	2.04533E-1
2.73238E+11	2.19551E-4	-1.01572E+1	5.71621E-2	-3.05250E-1
2.73325E+11	1.58245E-4	-8.88846E+0	-2.31395E-1	2.74999E-1
2.73413E+11	1.88958E-4	-1.06712E+1	2.87559E-1	5.46833E-2
2.73500E+11	1.56654E-4	-8.71887E+0	-2.47130E-1	-2.70626E-1
2.73588E+11	2.10147E-4	-1.03247E+1	-9.91346E-2	2.88043E-1
2.73675E+11	1.69017E-4	-8.75589E+0	3.18276E-1	-1.78527E-1
2.73763E+11	2.43559E-4	-9.66439E+0	-2.91493E-1	-1.51875E-1
2.73850E+11	1.87814E-4	-8.43057E+0	1.83567E-1	3.31411E-1
2.73937E+11	2.77653E-4	-9.43514E+0	1.34275E-1	-3.09613E-1
2.74025E+11	1.87095E-4	-8.52390E+0	-3.22743E-1	1.90565E-1
2.74112E+11	2.82144E-4	-9.44616E+0	2.91964E-1	1.68399E-1
2.74200E+11	2.08408E-4	-8.26848E+0	-1.47318E-1	-3.56771E-1
2.74287E+11	2.41890E-4	-9.64906E+0	-2.30674E-1	2.34959E-1
2.74375E+11	2.10291E-4	-7.91204E+0	4.01004E-1	-3.04656E-2
2.74463E+11	2.34010E-4	-9.64843E+0	-1.46529E-1	-2.94892E-1
2.74550E+11	2.37054E-4	-7.55424E+0	-1.06533E-1	4.05304E-1
2.74638E+11	2.11544E-4	-9.84558E+0	3.14099E-1	-7.04367E-2
2.74725E+11	2.57286E-4	-7.49746E+0	-3.83214E-1	-1.76292E-1
2.74813E+11	1.81708E-4	-1.03970E+1	5.44794E-2	2.97148E-1
2.74900E+11	2.40437E-4	-7.82809E+0	2.10358E-1	-3.47330E-1
2.74988E+11	1.71947E-4	-1.03437E+1	-3.00449E-1	4.60488E-2
2.75075E+11	2.30017E-4	-8.17573E+0	3.41625E-1	1.88405E-1
2.75162E+11	1.64155E-4	-1.01770E+1	-1.08288E-1	-2.90310E-1
2.75250E+11	2.28244E-4	-8.54442E+0	-9.60612E-2	3.61371E-1
2.75338E+11	1.74242E-4	-1.01253E+1	2.67381E-1	-1.60201E-1
2.75425E+11	2.28877E-4	-8.47260E+0	-3.70302E-1	-7.08797E-2
2.75512E+11	1.61028E-4	-1.00112E+1	1.34016E-1	2.85975E-1
2.75600E+11	2.24310E-4	-8.46688E+0	9.39033E-2	-3.65400E-1
2.75688E+11	1.63858E-4	-1.01913E+1	-2.76434E-1	1.38834E-1
2.75775E+11	2.71404E-4	-8.10962E+0	3.92701E-1	1.80226E-2
2.75862E+11	1.62537E-4	-1.00786E+1	-1.94336E-1	-2.45845E-1
2.75950E+11	3.04856E-4	-7.81442E+0	-3.00082E-2	4.05596E-1
2.76038E+11	1.62413E-4	-1.02566E+1	2.90330E-1	-9.98564E-2
2.76125E+11	3.38873E-4	-7.66870E+0	-3.52025E-1	-2.17098E-1
2.76213E+11	1.73701E-4	-9.99874E+0	2.35656E-2	3.15395E-1
2.76300E+11	3.96791E-4	-7.21073E+0	2.64421E-1	-3.46637E-1
2.76387E+11	1.88619E-4	-9.51566E+0	-3.26383E-1	7.26105E-2
2.76475E+11	3.58852E-4	-7.73452E+0	3.41746E-1	2.27354E-1
2.76563E+11	1.91311E-4	-9.41018E+0	-2.90277E-2	-3.37200E-1
2.76650E+11	3.79288E-4	-7.79423E+0	-2.77008E-1	2.99075E-1
2.76737E+11	2.00548E-4	-9.14713E+0	3.48851E-1	-1.26663E-3
2.76825E+11	3.89833E-4	-7.55291E+0	-3.36383E-1	-2.50042E-1
2.76913E+11	2.19220E-4	-8.54703E+0	9.82502E-2	3.60665E-1
2.77000E+11	4.06654E-4	-7.01250E+0	1.14219E-1	-4.31169E-1
2.77087E+11	2.01681E-4	-8.62160E+0	-3.40224E-1	1.46972E-1
2.77175E+11	3.98062E-4	-6.73852E+0	4.27457E-1	1.70847E-1
2.77262E+11	1.97616E-4	-8.64388E+0	-5.71910E-2	-3.65212E-1
2.77350E+11	4.07268E-4	-6.25282E+0	-2.54149E-1	4.15200E-1
2.77438E+11	1.67704E-4	-8.83385E+0	3.57729E-1	-5.32201E-2
2.77525E+11	3.79592E-4	-5.75742E+0	-4.42362E-1	-2.64450E-1
2.77612E+11	2.01087E-4	-8.10323E+0	7.16609E-2	3.86822E-1
2.77700E+11	4.44490E-4	-4.91152E+0	3.57995E-1	-4.41107E-1
2.77788E+11	2.18612E-4	-7.21206E+0	-4.35647E-1	1.51453E-2
2.77875E+11	3.67596E-4	-4.90729E+0	4.05816E-1	3.97950E-1
2.77962E+11	2.42384E-4	-5.72798E+0	-6.84992E-2	-5.12575E-1
2.78050E+11	3.70852E-4	-3.00987E+0	-3.54713E-1	6.11742E-1
2.78138E+11	2.68764E-4	-3.95657E+0	6.09746E-1	-1.74121E-1
2.78225E+11	3.54162E-4	-2.20249E+0	-6.73315E-1	-3.85825E-1
2.78312E+11	2.83282E-4	-3.26804E+0	6.11956E-2	6.83700E-1
2.78400E+11	3.76276E-4	-1.54385E+0	5.25642E-1	-6.51563E-1
2.78487E+11	2.78605E-4	-3.53111E+0	-6.65951E-1	2.08768E-3
2.78575E+11	3.81880E-4	-1.18655E+0	6.89208E-1	5.34718E-1
2.78663E+11	2.86236E-4	-3.41163E+0	-9.00932E-3	-6.75118E-1
2.78750E+11	3.98818E-4	-8.00908E-1	-6.13216E-1	6.74949E-1
2.78837E+11	2.77972E-4	-3.68933E+0	6.48464E-1	8.43990E-2
2.78925E+11	3.61175E-4	-9.80658E-1	-4.93409E-1	-7.44595E-1
2.79013E+11	2.65743E-4	-3.89929E+0	-2.24554E-1	5.97513E-1
2.79100E+11	3.48708E-4	-1.19551E+0	8.47091E-1	-2.04447E-1
2.79187E+11	3.11542E-4	-3.73941E+0	-5.14846E-1	-3.97063E-1
2.79275E+11	3.04657E-4	-2.07588E+0	-3.20099E-2	7.86768E-1
2.79363E+11	3.07918E-4	-4.39460E+0	4.77830E-1	-3.67706E-1
2.79450E+11	2.79549E-4	-3.30627E+0	-6.67149E-1	-1.48231E-1
2.79537E+11	3.24047E-4	-5.53185E+0	2.71936E-1	4.53685E-1
2.79625E+11	2.52173E-4	-4.71078E+0	1.79831E-1	-5.52869E-1
2.79712E+11	3.12946E-4	-6.49176E+0	-4.40309E-1	1.74428E-1
2.79800E+11	2.37562E-4	-5.32476E+0	4.95054E-1	2.19920E-1
2.79888E+11	2.74248E-4	-7.61997E+0	-1.14705E-1	-3.99782E-1
2.79975E+11	2.62195E-4	-5.40633E+0	-2.36619E-1	4.81658E-1
2.80062E+11	3.18824E-4	-7.69760E+0	3.91896E-1	-1.27812E-1
2.80150E+11	2.71850E-4	-5.54139E+0	-4.67621E-1	-2.45959E-1
2.80238E+11	2.76195E-4	-8.38664E+0	7.73819E-2	3.72829E-1
2.80325E+11	2.66177E-4	-5.99832E+0	3.18909E-1	-3.86760E-1
2.80412E+11	2.59603E-4	-9.01344E+0	-3.50785E-1	4.95344E-2
2.80500E+11	2.34534E-4	-6.78204E+0	3.22859E-1	3.24897E-1
2.80588E+11	2.71644E-4	-8.86539E+0	-3.42318E-2	-3.58725E-1
2.80675E+11	2.48730E-4	-6.72659E+0	-3.38295E-1	3.13125E-1
2.80763E+11	3.08344E-4	-8.81113E+0	3.62149E-1	-1.83505E-2
2.80850E+11	2.37288E-4	-7.21157E+0	-2.74429E-1	-3.38715E-1
2.80937E+11	3.73234E-4	-8.52364E+0	8.59307E-3	3.74717E-1
2.81025E+11	2.41369E-4	-7.35157E+0	2.89885E-1	-3.16191E-1
2.81113E+11	3.92806E-4	-8.45711E+0	-3.68312E-1	8.36786E-2
2.81200E+11	2.58228E-4	-7.26127E+0	3.80003E-1	2.08505E-1
2.81287E+11	3.67674E-4	-8.81089E+0	-1.07497E-1	-3.46323E-1
2.81375E+11	2.60094E-4	-7.23199E+0	-2.29120E-1	3.69664E-1
2.81463E+11	3.11187E-4	-9.13153E+0	3.42355E-1	-7.02122E-2
2.81550E+11	2.68312E-4	-7.08731E+0	-3.68012E-1	-2.45198E-1
2.81637E+11	2.65724E-4	-9.36143E+0	9.78527E-2	3.25982E-1
2.81725E+11	2.59326E-4	-7.02519E+0	2.24378E-1	-3.84743E-1
2.81813E+11	2.58443E-4	-9.17922E+0	-3.28912E-1	1.12338E-1
2.81900E+11	2.53896E-4	-7.26460E+0	3.51715E-1	2.53040E-1
2.81988E+11	2.55638E-4	-9.02243E+0	-7.61296E-2	-3.45613E-1
2.82075E+11	2.35239E-4	-7.39168E+0	-2.81693E-1	3.20886E-1
2.82162E+11	2.54091E-4	-8.77231E+0	3.54606E-1	-8.32071E-2
2.82250E+11	2.40788E-4	-7.51903E+0	-3.54141E-1	-2.27233E-1
2.82338E+11	2.33313E-4	-8.72934E+0	9.34810E-2	3.53906E-1
2.82425E+11	2.39616E-4	-7.63125E+0	2.51760E-1	-3.30380E-1
2.82512E+11	2.31313E-4	-8.74140E+0	-3.62696E-1	4.54753E-2
2.82600E+11	2.53054E-4	-7.10049E+0	3.73996E-1	2.34712E-1
2.82688E+11	2.03093E-4	-8.94470E+0	-1.19105E-1	-3.36630E-1
2.82775E+11	2.84008E-4	-7.00893E+0	-1.43040E-1	4.22677E-1
2.82862E+11	1.83404E-4	-9.46562E+0	3.02258E-1	-1.47424E-1
2.82950E+11	2.82507E-4	-7.30771E+0	-3.96084E-1	-1.70282E-1
2.83037E+11	1.69404E-4	-9.74134E+0	1.09978E-1	3.06662E-1
2.83125E+11	2.86943E-4	-7.05470E+0	2.19165E-1	-3.85999E-1
2.83213E+11	1.71425E-4	-9.18326E+0	-3.12516E-1	1.51738E-1
2.83300E+11	2.75780E-4	-7.17071E+0	4.16079E-1	1.36797E-1
2.83387E+11	1.65689E-4	-9.30406E+0	-1.88465E-1	-2.86113E-1
2.83475E+11	2.66470E-4	-7.53865E+0	-1.50848E-1	3.91787E-1
2.83563E+11	1.68232E-4	-9.01321E+0	3.19383E-1	-1.53312E-1
2.83650E+11	2.58890E-4	-7.67340E+0	-3.59162E-1	-2.04623E-1
2.83737E+11	1.72071E-4	-9.17290E+0	8.27764E-2	3.37827E-1
2.83825E+11	2.59967E-4	-7.72962E+0	2.53128E-1	-3.23413E-1
2.83913E+11	1.74490E-4	-9.01570E+0	-3.52842E-1	3.06661E-2
2.84000E+11	3.00764E-4	-7.22042E+0	3.35783E-1	2.77312E-1
2.84087E+11	1.62558E-4	-8.97578E+0	-4.31155E-2	-3.53182E-1
2.84175E+11	3.10213E-4	-6.70114E+0	-2.32674E-1	3.99503E-1
2.84262E+11	1.52214E-4	-9.16064E+0	3.26760E-1	-1.20619E-1
2.84350E+11	2.68038E-4	-6.96686E+0	-4.03817E-1	-1.94902E-1
2.84438E+11	1.39000E-4	-9.62515E+0	1.17403E-1	3.08595E-1
2.84525E+11	3.24004E-4	-6.82367E+0	2.11163E-1	-4.03985E-1
2.84612E+11	1.51449E-4	-9.45294E+0	-3.07446E-1	1.37481E-1
2.84700E+11	3.50657E-4	-6.83198E+0	4.10501E-1	1.97194E-1
2.84788E+11	1.70094E-4	-9.16410E+0	-1.73334E-1	-3.01959E-1
2.84875E+11	3.27084E-4	-7.19225E+0	-1.39315E-1	4.14099E-1
2.84962E+11	1.78599E-4	-9.15500E+0	2.68373E-1	-2.22385E-1
2.85050E+11	3.01100E-4	-7.70571E+0	-4.08897E-1	-4.90359E-2
2.85138E+11	1.88497E-4	-9.24788E+0	2.47944E-1	2.39650E-1
2.85225E+11	3.18061E-4	-7.53923E+0	-8.42671E-3	-4.19712E-1
2.85313E+11	2.07441E-4	-9.19496E+0	-2.39747E-1	2.50773E-1
2.85400E+11	3.40891E-4	-7.08702E+0	4.41651E-1	-2.26370E-2
2.85487E+11	1.80978E-4	-9.58523E+0	-2.58638E-1	-2.07673E-1
2.85575E+11	3.23392E-4	-7.11553E+0	3.31495E-2	4.39533E-1
2.85663E+11	1.94900E-4	-9.47982E+0	1.86024E-1	-2.79499E-1
2.85750E+11	3.35113E-4	-6.73256E+0	-4.45961E-1	1.15403E-1
2.85837E+11	2.01061E-4	-9.28887E+0	3.30013E-1	9.42498E-2
2.85925E+11	3.27919E-4	-6.61098E+0	-1.99588E-1	-4.22361E-1
2.86013E+11	2.32998E-4	-9.14098E+0	-7.68069E-2	3.40547E-1
2.86100E+11	3.12053E-4	-6.92007E+0	4.29825E-1	-1.35952E-1
2.86187E+11	2.42724E-4	-9.00984E+0	-3.26857E-1	-1.37011E-1
2.86275E+11	2.59178E-4	-7.17531E+0	5.16375E-2	4.34702E-1
2.86363E+11	2.39453E-4	-8.87119E+0	1.87407E-1	-3.07508E-1
2.86450E+11	2.43020E-4	-7.20117E+0	-4.33660E-1	4.93313E-2
2.86538E+11	2.48471E-4	-8.84383E+0	3.19705E-1	1.68198E-1
2.86625E+11	2.36896E-4	-6.88999E+0	-6.74187E-2	-4.47325E-1
2.86712E+11	2.34309E-4	-8.58139E+0	-1.81401E-1	3.25154E-1
2.86800E+11	2.50270E-4	-6.42715E+0	4.75630E-1	-3.78875E-2
2.86888E+11	2.26672E-4	-8.46927E+0	-2.89079E-1	-2.42260E-1
2.86975E+11	2.10157E-4	-6.66724E+0	-1.19991E-1	4.48349E-1
2.87062E+11	2.06330E-4	-9.04368E+0	3.03347E-1	-1.80592E-1
2.87150E+11	1.99105E-4	-6.80156E+0	-3.98717E-1	-2.23338E-1
2.87238E+11	1.70503E-4	-9.46950E+0	1.63255E-1	2.93837E-1
2.87325E+11	1.89481E-4	-7.07225E+0	2.08946E-1	-3.90610E-1
2.87412E+11	1.76894E-4	-9.36317E+0	-2.66877E-1	2.11115E-1
2.87500E+11	1.73457E-4	-7.44005E+0	3.95809E-1	1.53735E-1
2.87588E+11	1.81722E-4	-9.12606E+0	-2.45676E-1	-2.48866E-1
2.87675E+11	1.68784E-4	-7.58257E+0	-1.44459E-1	3.91932E-1
2.87763E+11	2.33087E-4	-8.91388E+0	2.67863E-1	-2.38040E-1
2.87850E+11	1.93919E-4	-7.56749E+0	-3.84127E-1	-1.65928E-1
2.87937E+11	2.80407E-4	-8.53990E+0	2.53856E-1	2.74807E-1
2.88025E+11	1.08240E-4	-7.41913E+0	9.57376E-2	-4.14734E-1
2.88113E+11	2.10476E-4	-8.51640E+0	-2.01235E-1	3.16585E-1
2.88200E+11	1.36205E-4	-7.61520E+0	4.16109E-1	-5.08289E-3
2.88287E+11	1.75908E-4	-8.97005E+0	-3.22064E-1	-1.51784E-1
2.88375E+11	1.30815E-4	-7.92391E+0	5.31138E-3	4.01575E-1
2.88463E+11	1.52540E-4	-9.45441E+0	1.57271E-1	-2.97745E-1
2.88550E+11	1.28180E-4	-7.92525E+0	-4.00907E-1	-2.26762E-2
2.88637E+11	1.48259E-4	-9.32043E+0	3.08450E-1	1.47637E-1
2.88725E+11	1.13186E-4	-8.09832E+0	4.07686E-2	-3.91509E-1
2.88812E+11	1.82254E-4	-9.06238E+0	-1.49277E-1	3.19082E-1
2.88900E+11	1.10748E-4	-8.76178E+0	3.62686E-1	3.80734E-2
2.88988E+11	1.81248E-4	-8.96326E+0	-3.18225E-1	-1.60296E-1
2.89075E+11	1.14423E-4	-8.83993E+0	-3.97678E-2	3.59218E-1
2.89162E+11	2.10136E-4	-8.43800E+0	1.58753E-1	-3.43631E-1
2.89250E+11	1.21764E-4	-8.54617E+0	-3.73515E-1	1.57149E-2
2.89338E+11	2.27376E-4	-7.98136E+0	3.86470E-1	9.90551E-2
2.89425E+11	1.27977E-4	-8.66897E+0	-7.18659E-2	-3.61523E-1
2.89512E+11	1.89621E-4	-8.42628E+0	-1.08962E-1	3.63041E-1
2.89600E+11	1.12562E-4	-8.95836E+0	3.55935E-1	-2.03850E-2
2.89688E+11	1.76382E-4	-8.65117E+0	-3.28671E-1	-1.68513E-1
2.89775E+11	1.06165E-4	-8.68113E+0	-3.62527E-2	3.66292E-1
2.89862E+11	1.55127E-4	-8.36932E+0	1.99470E-1	-3.25239E-1
2.89950E+11	1.02173E-4	-8.39525E+0	-3.73856E-1	-7.02429E-2
2.90037E+11	1.42055E-4	-7.78670E+0	3.31456E-1	2.37918E-1
2.90125E+11	9.73395E-5	-8.19767E+0	1.47553E-1	-3.60091E-1
2.90213E+11	1.65785E-4	-7.09940E+0	-3.40871E-1	2.80745E-1
2.90300E+11	1.01072E-4	-8.00608E+0	3.20745E-1	2.35351E-1
2.90387E+11	1.78439E-4	-6.08880E+0	-2.21422E-1	-4.43933E-1
2.90475E+11	1.05921E-4	-7.10702E+0	-2.84488E-1	3.37248E-1
2.90563E+11	1.88606E-4	-5.17247E+0	4.87812E-1	-2.56816E-1
2.90650E+11	1.19258E-4	-6.38242E+0	-3.88644E-1	-2.81019E-1
2.90737E+11	2.00978E-4	-3.18262E+0	3.12204E-1	6.18933E-1
2.90825E+11	1.21774E-4	-4.18733E+0	3.83579E-1	-4.83908E-1
2.90913E+11	2.14490E-4	-1.23990E+0	-8.42969E-1	2.02592E-1
2.91000E+11	1.57942E-4	-1.74092E+0	5.43549E-1	6.11798E-1
2.91088E+11	2.20675E-4	8.08946E-1	-8.15717E-2	-1.09457E+0
2.91175E+11	1.70191E-4	-2.45772E-1	-8.05144E-1	5.44724E-1
2.91262E+11	1.93869E-4	4.51678E-1	1.04989E+0	8.56272E-2
2.91350E+11	1.41916E-4	-1.13369E+0	-3.17597E-1	-8.18157E-1
2.91438E+11	1.63516E-4	-4.62422E-1	-2.96470E-1	9.00612E-1
2.91525E+11	1.26244E-4	-1.73156E+0	8.14940E-1	-8.40294E-2
2.91612E+11	1.66823E-4	-2.10038E-1	-8.53426E-1	-4.73763E-1
2.91700E+11	1.46975E-4	-1.93027E+0	-4.59864E-2	7.99409E-1
2.91788E+11	1.69452E-4	-5.10639E-1	6.32519E-1	-6.99278E-1
2.91875E+11	1.35365E-4	-2.61617E+0	-6.97455E-1	-2.47094E-1
2.91962E+11	1.65899E-4	-1.40741E+0	3.66613E-1	7.67330E-1
2.92050E+11	1.40542E-4	-4.00421E+0	3.68172E-1	-5.12026E-1
2.92138E+11	1.63071E-4	-2.36748E+0	-7.41555E-1	1.72804E-1
2.92225E+11	1.52192E-4	-4.48991E+0	4.78166E-1	3.56365E-1
2.92313E+11	1.52508E-4	-3.74255E+0	-1.24441E-1	-6.37915E-1
2.92400E+11	1.53788E-4	-5.32279E+0	-3.61398E-1	4.03693E-1
2.92487E+11	1.52738E-4	-4.63288E+0	5.86617E-1	-1.55564E-3
2.92575E+11	2.04697E-4	-5.66027E+0	-3.05611E-1	-4.22172E-1
2.92663E+11	1.58819E-4	-5.60761E+0	-9.16581E-2	5.16275E-1
2.92750E+11	1.81519E-4	-6.55932E+0	4.13290E-1	-2.23666E-1
2.92837E+11	1.56687E-4	-6.35003E+0	-4.67590E-1	-1.14446E-1
2.92925E+11	1.89837E-4	-7.54981E+0	1.30398E-1	3.98493E-1
2.93013E+11	1.82543E-4	-6.93538E+0	1.99663E-1	-4.03302E-1
2.93100E+11	1.79549E-4	-8.27855E+0	-3.83550E-1	3.91501E-2
2.93187E+11	1.77205E-4	-7.37943E+0	3.50620E-1	2.44744E-1
2.93275E+11	1.77257E-4	-9.05241E+0	-4.32149E-2	-3.50021E-1
2.93362E+11	1.77416E-4	-7.80524E+0	-2.04697E-1	3.51934E-1
2.93450E+11	1.58373E-4	-9.47406E+0	3.27123E-1	-7.65789E-2
2.93538E+11	1.72606E-4	-8.20260E+0	-3.12495E-1	-2.31544E-1
2.93625E+11	1.46550E-4	-9.60753E+0	1.48020E-2	3.30513E-1
2.93712E+11	1.69064E-4	-8.83642E+0	2.57674E-1	-2.53631E-1
2.93800E+11	1.30723E-4	-9.61340E+0	-3.30539E-1	7.35128E-3
2.93888E+11	1.64511E-4	-9.13633E+0	2.58251E-1	2.35177E-1
2.93975E+11	1.34228E-4	-9.80206E+0	-2.49359E-2	-3.22554E-1
2.94062E+11	1.55660E-4	-9.61015E+0	-1.97958E-1	2.64961E-1
2.94150E+11	1.26048E-4	-1.00313E+1	3.14822E-1	-1.29637E-2
2.94238E+11	1.54570E-4	-9.25970E+0	-2.54524E-1	-2.31954E-1
2.94325E+11	1.26549E-4	-9.77047E+0	-3.37362E-2	3.22938E-1
2.94412E+11	1.69641E-4	-9.01823E+0	2.78447E-1	-2.18706E-1
2.94500E+11	1.03899E-4	-1.01216E+1	-2.95664E-1	-9.90979E-2
2.94587E+11	1.70844E-4	-8.77754E+0	1.61191E-1	3.26384E-1
2.94675E+11	9.44432E-5	-1.00713E+1	1.20928E-1	-2.89394E-1
2.94763E+11	1.63105E-4	-8.61026E+0	-3.31821E-1	1.66154E-1
2.94850E+11	9.05358E-5	-1.00945E+1	2.89037E-1	1.19604E-1
2.94937E+11	1.76472E-4	-8.47100E+0	-9.70719E-2	-3.64386E-1
2.95025E+11	1.01253E-4	-9.64693E+0	-1.96415E-1	2.64368E-1
2.95113E+11	1.57683E-4	-8.49121E+0	3.76176E-1	5.62440E-3
2.95200E+11	1.01988E-4	-9.59398E+0	-2.20491E-1	-2.47353E-1
2.95287E+11	1.70735E-4	-8.59461E+0	-1.85807E-2	3.71301E-1
2.95375E+11	1.04854E-4	-9.28244E+0	2.28870E-1	-2.56095E-1
2.95463E+11	1.76123E-4	-8.61191E+0	-3.68300E-1	4.48949E-2
2.95550E+11	1.01647E-4	-9.19353E+0	2.51952E-1	2.38592E-1
2.95638E+11	2.03077E-4	-8.36142E+0	2.18493E-2	-3.81256E-1
2.95725E+11	1.07601E-4	-9.25363E+0	-2.85910E-1	1.92370E-1
2.95812E+11	2.10516E-4	-8.02078E+0	3.95807E-1	3.27082E-2
2.95900E+11	1.00518E-4	-9.49793E+0	-2.11039E-1	-2.60226E-1
2.95988E+11	2.22182E-4	-7.88163E+0	-2.12712E-2	4.03009E-1
2.96075E+11	9.16516E-5	-9.60990E+0	2.71865E-1	-1.88381E-1
2.96162E+11	2.43519E-4	-7.73372E+0	-3.87651E-1	-1.35047E-1
2.96250E+11	9.84689E-5	-9.44189E+0	1.14003E-1	3.17359E-1
2.96338E+11	2.54901E-4	-7.73122E+0	1.74208E-1	-3.71832E-1
2.96425E+11	1.19385E-4	-8.97267E+0	-3.10522E-1	1.73963E-1
2.96512E+11	2.49046E-4	-7.55083E+0	4.11982E-1	7.76504E-2
2.96600E+11	1.16884E-4	-8.71902E+0	-2.47511E-1	-2.70269E-1
2.96688E+11	1.95211E-4	-8.10007E+0	-7.11223E-2	3.87067E-1
2.96775E+11	1.17516E-4	-8.77315E+0	3.33268E-1	-1.46887E-1
2.96863E+11	2.41890E-4	-7.52968E+0	-3.85300E-1	-1.67812E-1
2.96950E+11	1.23224E-4	-8.34196E+0	1.26730E-1	3.61149E-1
2.97037E+11	2.66081E-4	-7.19808E+0	1.37619E-1	-4.14357E-1
2.97125E+11	1.26446E-4	-8.64570E+0	-3.34471E-1	1.57235E-1
2.97213E+11	2.87619E-4	-7.01240E+0	4.31193E-1	1.14149E-1
2.97300E+11	1.25558E-4	-8.79387E+0	-1.84873E-1	-3.12784E-1
2.97387E+11	2.95590E-4	-6.91827E+0	-9.43430E-2	4.40926E-1
2.97475E+11	1.29847E-4	-8.49823E+0	3.03646E-1	-2.21609E-1
2.97563E+11	2.80283E-4	-5.38009E+0	-5.35604E-1	-5.34456E-2
2.97650E+11	1.33721E-4	-6.45211E+0	2.67765E-1	3.93264E-1
2.97737E+11	2.70113E-4	-4.61226E+0	2.62134E-1	-5.26351E-1
2.97825E+11	1.44341E-4	-5.36521E+0	-5.17180E-1	1.52473E-1
2.97913E+11	2.41642E-4	-5.76592E+0	3.60639E-1	3.67475E-1
2.98000E+11	1.58003E-4	-6.78812E+0	-9.70784E-2	-4.47301E-1
2.98088E+11	2.58443E-4	-4.68108E+0	-2.61815E-1	5.21322E-1
2.98175E+11	1.75992E-4	-3.94798E+0	5.51946E-1	-3.13465E-1
2.98262E+11	2.37244E-4	-1.42935E+0	-8.05148E-1	-2.67008E-1
2.98350E+11	1.91333E-4	-3.33130E-1	3.56661E-1	8.93843E-1
2.98438E+11	2.49407E-4	1.94022E+0	6.78470E-1	-1.05019E+0
2.98525E+11	2.06910E-4	3.27398E+0	-1.43924E+0	2.31932E-1
2.98612E+11	2.42335E-4	6.85265E+0	1.78790E+0	1.28377E+0
2.98700E+11	2.08800E-4	7.34175E+0	-4.51124E-1	-2.28444E+0
2.98788E+11	2.25558E-4	1.12203E+1	-2.19198E+0	2.90509E+0
2.98875E+11	2.04463E-4	1.12443E+1	3.64888E+0	-5.72822E-2
2.98962E+11	2.10413E-4	1.21097E+1	-1.93948E+0	-3.53452E+0
2.99050E+11	2.06793E-4	1.12521E+1	-1.30742E+0	3.41060E+0
2.99137E+11	2.11571E-4	1.53218E+1	5.80089E+0	-6.36197E-1
2.99225E+11	2.37185E-4	1.33566E+1	-3.61393E+0	-2.93247E+0
2.99313E+11	1.76279E-4	1.55423E+1	-7.81089E-1	5.93454E+0
2.99400E+11	1.99506E-4	1.33865E+1	3.78482E+0	-2.73585E+0
2.99487E+11	1.63091E-4	1.40165E+1	-4.66916E+0	-1.84761E+0
2.99575E+11	2.25972E-4	1.18649E+1	1.29963E+0	3.69789E+0
2.99663E+11	1.58293E-4	1.10569E+1	2.11463E+0	-2.87815E+0
2.99750E+11	2.24458E-4	7.50907E+0	-2.37352E+0	3.96422E-2
2.99837E+11	1.52977E-4	4.26967E+0	9.88675E-1	1.30205E+0
2.99925E+11	2.08645E-4	4.56225E-1	2.16466E-1	-1.03146E+0
3.00013E+11	1.62117E-4	-6.32815E-1	-8.09314E-1	4.57622E-1
3.00100E+11	2.15531E-4	-2.41935E+0	7.27839E-1	2.07683E-1
3.00187E+11	1.72232E-4	-3.07859E+0	-2.83121E-1	-6.41905E-1
3.00275E+11	2.13790E-4	-5.09695E+0	-2.37715E-1	5.02730E-1
3.00362E+11	1.66584E-4	-5.29230E+0	5.37571E-1	-8.16183E-2
3.00450E+11	2.37648E-4	-6.53262E+0	-3.90941E-1	-2.63367E-1
3.00538E+11	1.62347E-4	-6.72373E+0	4.49613E-2	4.58922E-1
3.00625E+11	2.57053E-4	-7.44962E+0	1.94504E-1	-3.76923E-1
3.00712E+11	1.51082E-4	-7.81980E+0	-3.89426E-1	1.16410E-1
3.00800E+11	2.30320E-4	-8.03618E+0	3.61254E-1	1.63310E-1
3.00888E+11	1.62655E-4	-7.93614E+0	-7.38365E-2	-3.94189E-1
3.00975E+11	2.59542E-4	-7.87452E+0	-2.20225E-1	3.38579E-1
3.01062E+11	1.37522E-4	-8.19356E+0	3.83981E-1	-6.43373E-2
3.01150E+11	2.04049E-4	-8.30198E+0	-3.51210E-1	-1.56509E-1
3.01238E+11	1.47726E-4	-8.41473E+0	1.93313E-1	3.26626E-1
3.01325E+11	2.20186E-4	-8.78994E+0	1.98016E-2	-3.62959E-1
3.01413E+11	1.47327E-4	-8.56563E+0	-2.58457E-1	2.68952E-1
3.01500E+11	1.92591E-4	-9.19770E+0	3.46331E-1	-1.85649E-2
3.01587E+11	1.45121E-4	-8.71686E+0	-2.42713E-1	-2.74707E-1
3.01675E+11	1.70132E-4	-9.47423E+0	-2.80247E-2	3.34790E-1
3.01763E+11	1.45056E-4	-8.67705E+0	3.12844E-1	-1.94267E-1
3.01850E+11	1.72284E-4	-9.30201E+0	-3.37103E-1	-6.16174E-2
3.01937E+11	1.39354E-4	-8.79093E+0	1.54454E-1	3.29007E-1
3.02025E+11	1.60667E-4	-9.20727E+0	8.58328E-2	-3.35646E-1
3.02113E+11	1.28903E-4	-8.94637E+0	-3.30539E-1	1.34909E-1
3.02200E+11	1.66469E-4	-8.97198E+0	3.35710E-1	1.18348E-1
3.02287E+11	1.18885E-4	-9.16926E+0	-8.01162E-2	-3.38618E-1
3.02375E+11	1.54014E-4	-8.67632E+0	-1.87314E-1	3.17092E-1
3.02463E+11	1.13626E-4	-8.73066E+0	3.64252E-1	-3.56081E-2
3.02550E+11	1.59456E-4	-8.19988E+0	-2.95577E-1	-2.52971E-1
3.02638E+11	1.17227E-4	-7.80958E+0	1.87112E-2	4.06501E-1
3.02725E+11	1.39758E-4	-7.38309E+0	2.54700E-1	-3.43231E-1
3.02812E+11	1.30671E-4	-6.45574E+0	-4.67441E-1	8.75458E-2
3.02900E+11	1.59676E-4	-6.20025E+0	4.35953E-1	2.23191E-1
3.02988E+11	1.29137E-4	-5.33698E+0	-1.39362E-1	-5.22682E-1
3.03075E+11	1.43459E-4	-5.22562E+0	-2.50296E-1	4.87413E-1
3.03162E+11	1.30600E-4	-3.89041E+0	6.36722E-1	-5.35365E-2
3.03250E+11	1.56341E-4	-3.26773E+0	-5.43786E-1	-4.18951E-1
3.03338E+11	1.24640E-4	-2.16544E+0	-1.66368E-2	7.79164E-1
3.03425E+11	1.67522E-4	-1.31969E+0	4.69177E-1	-7.19604E-1
3.03512E+11	1.35011E-4	-1.06032E+0	-8.73578E-1	1.42242E-1
3.03600E+11	1.55654E-4	-2.04261E-1	8.61145E-1	4.60961E-1
3.03687E+11	1.41450E-4	-5.88114E-1	-1.09306E-1	-9.28118E-1
3.03775E+11	1.74403E-4	5.98320E-1	-7.21491E-1	7.91934E-1
3.03863E+11	1.48010E-4	3.57935E-1	1.03113E+0	1.50589E-1
3.03950E+11	1.65948E-4	8.21421E-1	-6.04964E-1	-9.17730E-1
3.04037E+11	1.52168E-4	3.74874E-1	-1.81519E-1	1.02820E+0
3.04125E+11	1.54511E-4	-3.27086E-3	7.69450E-1	-6.38118E-1
3.04213E+11	1.44184E-4	-3.38440E-1	-9.56794E-1	-9.78525E-2
3.04300E+11	1.40207E-4	-8.32204E-1	5.11259E-1	7.51155E-1
3.04387E+11	1.75435E-4	-1.23750E+0	3.13630E-1	-8.08512E-1
3.04475E+11	1.43830E-4	-1.93961E+0	-7.59426E-1	2.51126E-1
3.04563E+11	1.53231E-4	-2.66480E+0	6.08927E-1	4.13050E-1
3.04650E+11	1.28947E-4	-3.78922E+0	-1.96073E-1	-6.16004E-1
3.04737E+11	1.31294E-4	-4.45968E+0	-2.73438E-1	5.32311E-1
3.04825E+11	1.23686E-4	-4.40342E+0	5.64396E-1	-2.10358E-1
3.04912E+11	1.18250E-4	-5.32151E+0	-4.45086E-1	-3.09129E-1
3.05000E+11	1.10615E-4	-5.65080E+0	3.84786E-2	5.20326E-1
3.05088E+11	1.27668E-4	-6.72500E+0	3.66224E-1	-2.80088E-1
3.05175E+11	1.47713E-4	-5.93281E+0	-4.99114E-1	-7.73997E-2
3.05262E+11	1.50457E-4	-7.11504E+0	2.83275E-1	3.37736E-1
3.05350E+11	1.39684E-4	-6.98885E+0	3.63227E-2	-4.45780E-1
3.05438E+11	1.55854E-4	-7.87472E+0	-2.94783E-1	2.76100E-1
3.05525E+11	1.40975E-4	-7.86167E+0	4.03456E-1	2.90143E-2
3.05612E+11	1.60415E-4	-8.38693E+0	-2.50792E-1	-2.86502E-1
3.05700E+11	1.52787E-4	-8.51073E+0	-3.71114E-2	3.73534E-1
3.05788E+11	1.62115E-4	-8.69653E+0	2.82922E-1	-2.34434E-1
3.05875E+11	1.45295E-4	-8.78532E+0	-3.62412E-1	-3.04902E-2
3.05962E+11	1.60326E-4	-9.03994E+0	2.29004E-1	2.68882E-1
3.06050E+11	1.65998E-4	-8.82143E+0	-1.30696E-2	-3.61948E-1
3.06137E+11	1.52301E-4	-9.50860E+0	-2.17973E-1	2.53905E-1
3.06225E+11	1.58310E-4	-8.89970E+0	3.53264E-1	-6.35497E-2
3.06313E+11	1.54048E-4	-9.60483E+0	-2.73075E-1	-1.86966E-1
3.06400E+11	1.53957E-4	-8.58840E+0	6.99699E-2	3.65393E-1
3.06487E+11	1.47753E-4	-9.57885E+0	1.94409E-1	-2.69051E-1
3.06575E+11	1.73357E-4	-8.37391E+0	-3.78736E-1	4.44317E-2
3.06663E+11	1.60064E-4	-9.20680E+0	3.00779E-1	1.71960E-1
3.06750E+11	1.94407E-4	-8.36431E+0	-1.16608E-1	-3.63510E-1
3.06837E+11	1.60827E-4	-9.12571E+0	-1.12097E-1	3.31263E-1
3.06925E+11	1.75206E-4	-8.59790E+0	3.44926E-1	-1.38316E-1
3.07013E+11	1.61810E-4	-8.96758E+0	-3.32737E-1	-1.26973E-1
3.07100E+11	1.53669E-4	-8.58625E+0	1.23749E-1	3.50945E-1
3.07188E+11	1.50647E-4	-9.00474E+0	1.24160E-1	-3.32174E-1
3.07275E+11	1.41263E-4	-8.86135E+0	-3.23382E-1	1.59377E-1
3.07362E+11	1.10592E-4	-9.41511E+0	3.20592E-1	1.07877E-1
3.07450E+11	1.33675E-4	-8.80215E+0	-1.42130E-1	-3.34005E-1
3.07538E+11	1.12428E-4	-9.76272E+0	-1.56804E-1	2.84654E-1
3.07625E+11	1.32076E-4	-8.83595E+0	3.54842E-1	-6.94707E-2
3.07712E+11	1.10463E-4	-9.94548E+0	-2.70345E-1	-1.67861E-1
3.07800E+11	1.58298E-4	-8.91587E+0	8.90387E-2	3.47026E-1
3.07888E+11	9.91777E-5	-9.82374E+0	1.73265E-1	-2.72252E-1
3.07975E+11	1.76087E-4	-7.94986E+0	-4.00412E-1	6.24033E-5
3.08062E+11	1.39649E-4	-8.29911E+0	2.64095E-1	2.79634E-1
3.08150E+11	2.20956E-4	-7.21647E+0	1.25637E-1	-4.17181E-1
3.08238E+11	1.56744E-4	-7.80771E+0	-3.43602E-1	2.18178E-1
3.08325E+11	2.02904E-4	-7.35526E+0	4.11379E-1	1.20923E-1
3.08413E+11	1.41359E-4	-7.63178E+0	-2.91960E-1	-2.95419E-1
3.08500E+11	2.14451E-4	-7.40309E+0	-2.78401E-2	4.25518E-1
3.08587E+11	1.60338E-4	-7.32084E+0	2.87574E-1	-3.20342E-1
3.08675E+11	2.24974E-4	-7.20999E+0	-4.33552E-1	-4.62701E-2
3.08763E+11	1.59183E-4	-7.08079E+0	3.15832E-1	3.09998E-1
3.08850E+11	2.32174E-4	-6.72052E+0	-1.68081E-2	-4.60984E-1
3.08937E+11	1.49034E-4	-6.93383E+0	-2.23938E-1	3.90438E-1
3.09025E+11	2.12936E-4	-6.21115E+0	4.71221E-1	-1.31221E-1
3.09113E+11	1.39074E-4	-6.20376E+0	-4.57529E-1	-1.74192E-1
3.09200E+11	2.20463E-4	-4.66998E+0	1.47262E-1	5.65251E-1
3.09287E+11	1.39882E-4	-3.91852E+0	2.57269E-1	-5.82631E-1
3.09375E+11	2.09519E-4	-2.95848E+0	-7.00732E-1	1.22376E-1
3.09462E+11	1.55772E-4	-2.18792E+0	7.46427E-1	2.16988E-1
3.09550E+11	1.92469E-4	-2.57093E-1	-3.69568E-1	-8.97742E-1
3.09638E+11	1.19164E-4	4.15232E+0	-3.91789E-1	1.56462E+0
3.09725E+11	1.77115E-4	7.25950E+0	2.27705E+0	-3.68139E-1
3.09812E+11	1.33696E-4	1.41487E+1	-4.04058E+0	-3.10928E+0
3.09900E+11	1.51751E-4	1.46470E+1	-1.11623E+0	5.28279E+0
3.09988E+11	1.22309E-4	2.14786E+1	9.07708E+0	-7.62675E+0
3.10075E+11	1.31276E-4	2.02155E+1	-1.00507E+1	-2.01749E+0
3.10162E+11	1.19554E-4	2.77655E+1	1.40196E+1	2.00311E+1
3.10250E+11	1.33580E-4	2.45463E+1	7.29243E+0	-1.52211E+1
3.10338E+11	1.00006E-4	2.90114E+1	-2.76834E+1	5.48226E+0
3.10425E+11	1.25618E-4	2.53535E+1	1.26055E+1	1.35700E+1
3.10512E+11	1.08893E-4	3.50516E+1	1.74538E+0	-5.65421E+1
3.10600E+11	1.71701E-4	3.48657E+1	-4.47204E+1	3.26512E+1
3.10687E+11	1.52583E-4	4.62374E+1	2.04627E+2	1.32272E+1
3.10775E+11	1.87633E-4	4.07010E+1	-5.37456E+1	-9.41447E+1
3.10863E+11	1.79624E-4	4.34854E+1	-2.75211E+1	1.46816E+2
3.10950E+11	2.03047E-4	3.48095E+1	4.88117E+1	-2.53763E+1
3.11037E+11	1.85168E-4	4.14688E+1	-1.17312E+2	-1.61932E+1
3.11125E+11	2.05258E-4	3.49492E+1	3.05371E+1	4.68294E+1
3.11213E+11	2.10075E-4	4.29138E+1	1.31056E+1	-1.39243E+2
3.11300E+11	1.62265E-4	3.47568E+1	-4.67606E+1	2.83457E+1
3.11387E+11	1.87089E-4	3.91969E+1	8.96501E+1	1.65713E+1
3.11475E+11	1.71348E-4	2.98056E+1	-1.93290E+1	-2.41372E+1
3.11563E+11	1.86634E-4	3.52441E+1	-2.02337E+0	5.78016E+1
3.11650E+11	1.93641E-4	2.78234E+1	1.78561E+1	-1.69404E+1
3.11738E+11	2.11342E-4	3.24305E+1	-4.14460E+1	-5.68029E+0
3.11825E+11	1.91117E-4	2.62103E+1	9.74385E+0	1.79698E+1
3.11912E+11	2.01787E-4	2.80506E+1	9.77097E+0	-2.32998E+1
3.12000E+11	1.86325E-4	1.91951E+1	-8.41046E+0	3.51368E+0
3.12088E+11	2.10517E-4	2.00953E+1	9.57487E+0	3.24644E+0
3.12175E+11	1.72405E-4	1.45626E+1	-1.99297E+0	-4.96198E+0
3.12262E+11	1.69970E-4	1.71816E+1	-4.27132E+0	5.83221E+0
3.12350E+11	1.45335E-4	1.16955E+1	3.78805E+0	6.52895E-1
3.12438E+11	1.93890E-4	1.31526E+1	-1.89957E+0	-4.13012E+0
3.12525E+11	1.34970E-4	8.54652E+0	-9.63906E-1	2.49531E+0
3.12612E+11	1.86704E-4	1.06479E+1	3.00632E+0	-1.60344E+0
3.12700E+11	1.11250E-4	8.14728E+0	-2.51694E+0	-4.38419E-1
3.12788E+11	1.74862E-4	1.26098E+1	1.57840E+0	3.96823E+0
3.12875E+11	1.25006E-4	1.09300E+1	1.65877E+0	-3.10428E+0
3.12963E+11	1.65739E-4	1.54830E+1	-5.93123E+0	-4.04177E-1
3.13050E+11	1.32980E-4	1.44247E+1	3.56762E+0	3.86933E+0
3.13137E+11	1.58685E-4	1.69660E+1	8.77051E-1	-6.99701E+0
3.13225E+11	1.32082E-4	1.66896E+1	-4.18914E+0	5.39566E+0
3.13313E+11	1.68759E-4	2.19664E+1	1.25213E+1	-6.95218E-1
3.13400E+11	1.45882E-4	2.38095E+1	-1.24923E+1	-9.18437E+0
3.13487E+11	1.56483E-4	2.88695E+1	2.66167E-1	2.77624E+1
3.13575E+11	1.26327E-4	3.37820E+1	3.22839E+1	-3.66972E+1
3.13663E+11	1.56271E-4	4.06001E+1	-1.07008E+2	-5.57579E+0
3.13750E+11	1.46008E-4	4.35742E+1	1.16442E+2	9.59913E+1
3.13837E+11	1.68134E-4	4.90671E+1	2.68908E+1	-2.82749E+2
3.13925E+11	1.32387E-4	5.19005E+1	-3.13528E+2	2.37904E+2
3.14012E+11	1.76045E-4	5.50881E+1	4.79141E+2	3.05172E+2
3.14100E+11	1.31750E-4	5.49576E+1	-1.90226E+2	-5.26279E+2
3.14188E+11	1.48372E-4	5.58845E+1	-3.43315E+2	5.19414E+2
3.14275E+11	1.27388E-4	5.71578E+1	6.32307E+2	-3.46293E+2
3.14362E+11	1.74538E-4	6.02722E+1	-9.21333E+2	-4.64567E+2
3.14450E+11	1.47151E-4	6.56207E+1	4.88113E+2	1.84657E+3
3.14538E+11	1.72716E-4	6.47657E+1	1.57514E+3	-7.17721E+2
3.14625E+11	1.31345E-4	6.45278E+1	-1.48862E+3	-7.87708E+2
3.14712E+11	1.55350E-4	6.46895E+1	4.25918E+2	1.66213E+3
3.14800E+11	1.25598E-4	6.55789E+1	8.07021E+2	-1.72101E+3
3.14888E+11	1.44787E-4	6.48229E+1	-1.58624E+3	7.20936E+2
3.14975E+11	1.12353E-4	6.74844E+1	2.19083E+3	8.96435E+2
3.15062E+11	1.23385E-4	6.51015E+1	2.66042E+1	-1.79898E+3
3.15150E+11	9.87060E-5	6.75382E+1	-1.47442E+3	1.87062E+3
3.15237E+11	1.26709E-4	6.29291E+1	1.37544E+3	2.66689E+2
3.15325E+11	8.55523E-5	6.30075E+1	-9.67897E+2	-1.03048E+3
3.15413E+11	1.10560E-4	5.93281E+1	-8.64098E+1	9.21516E+2
3.15500E+11	7.36172E-5	6.15566E+1	9.86712E+2	-6.76359E+2
3.15587E+11	8.92785E-5	5.63251E+1	-5.92929E+2	-2.78370E+2
3.15675E+11	7.03407E-5	5.68176E+1	1.88512E+2	6.67109E+2
3.15763E+11	8.64711E-5	4.83950E+1	1.40121E+2	-2.22418E+2
3.15850E+11	5.76937E-5	5.09578E+1	-3.21527E+2	1.45925E+2
3.15937E+11	6.01527E-5	4.71441E+1	1.97687E+2	1.12824E+2
3.16025E+11	4.12529E-5	4.87019E+1	-6.73201E+1	-2.63879E+2
3.16113E+11	3.43469E-5	4.21736E+1	-1.00161E+2	8.03927E+1
3.16200E+11	1.75786E-5	4.04862E+1	1.03366E+2	2.23639E+1
3.16287E+11	1.07436E-5	3.14252E+1	-1.62268E+1	-3.35426E+1
3.16375E+11	3.13496E-6	2.82062E+1	-1.11851E+1	2.31632E+1
3.16462E+11	1.69708E-6	1.86876E+1	8.45308E+0	-1.57003E+0
3.16550E+11	5.94769E-7	1.63102E+1	-4.86563E+0	-4.36854E+0
3.16638E+11	5.64157E-7	1.06018E+1	-3.46134E-1	3.37142E+0
3.16725E+11	1.76791E-7	5.75426E+0	1.57589E+0	-1.13077E+0
3.16812E+11	6.55508E-8	-3.51723E+0	-6.52795E-1	-1.37019E-1
3.16900E+11	1.06355E-8	-1.19601E+1	1.40561E-1	2.09572E-1
3.16988E+11	8.22730E-9	-1.89472E+1	3.98838E-2	-1.05605E-1
3.17075E+11	8.51660E-9	-2.12439E+1	-8.27098E-2	2.58581E-2
3.17162E+11	3.53198E-9	-3.11433E+1	1.81720E-2	2.09360E-2
3.17250E+11	1.93809E-10	-4.54761E+1	2.29274E-4	-5.31854E-3
3.17338E+11	8.74489E-11	-5.33031E+1	-1.46376E-3	1.59106E-3
3.17425E+11	1.57648E-11	-6.12233E+1	8.42716E-4	-2.10600E-4
3.17513E+11	2.51699E-11	-6.25752E+1	-6.77258E-4	-3.06618E-4
3.17600E+11	2.47652E-11	-6.29033E+1	2.65641E-4	6.64762E-4
3.17687E+11	5.10417E-11	-6.12821E+1	3.17026E-4	-8.02417E-4
3.17775E+11	2.48153E-11	-6.47848E+1	-5.62625E-4	1.25490E-4
3.17863E+11	5.72420E-11	-6.25339E+1	7.30707E-4	1.55043E-4
3.17950E+11	4.18015E-11	-6.37553E+1	-3.89408E-4	-5.19179E-4
3.18037E+11	1.45802E-10	-5.86757E+1	1.82756E-4	1.15028E-3
3.18125E+11	4.39714E-10	-5.36816E+1	1.06403E-3	-1.77532E-3
3.18213E+11	2.71565E-9	-4.50237E+1	-5.40501E-3	1.49555E-3
3.18300E+11	1.09424E-8	-3.73119E+1	1.30672E-2	3.86612E-3
3.18387E+11	5.66053E-8	-2.83265E+1	-2.09901E-2	-3.20865E-2
3.18475E+11	1.01126E-7	-2.42327E+1	2.82020E-3	6.13632E-2
3.18563E+11	2.72051E-7	-1.64965E+1	9.62227E-2	-1.14657E-1
3.18650E+11	1.60017E-6	-5.62305E+0	-5.13145E-1	1.03188E-1
3.18738E+11	8.10652E-6	5.93781E+0	1.41909E+0	1.38226E+0
3.18825E+11	2.89904E-5	1.35635E+1	-2.15034E-2	-4.76620E+0
3.18912E+11	3.98285E-5	2.16201E+1	-9.02444E+0	7.98594E+0
3.19000E+11	8.50586E-5	2.51363E+1	1.80537E+1	-6.09799E-1
3.19088E+11	8.30094E-5	3.39138E+1	-3.67494E+1	-3.33463E+1
3.19175E+11	1.36031E-4	3.76890E+1	9.34821E-1	7.66335E+1
3.19262E+11	1.04934E-4	4.85004E+1	2.03467E+2	-1.71469E+2
3.19350E+11	1.50803E-4	5.17025E+1	-3.71122E+2	-1.01308E+2
3.19438E+11	1.11344E-4	6.41651E+1	7.95320E+2	1.40595E+3
3.19525E+11	1.66983E-4	6.33891E+1	2.12216E+2	-1.46194E+3
3.19612E+11	1.10814E-4	7.03204E+1	-2.43646E+3	2.19759E+3
3.19700E+11	1.57038E-4	6.81675E+1	2.32437E+3	1.07474E+3
3.19787E+11	9.87462E-5	7.53062E+1	-4.44231E+3	-3.76807E+3
3.19875E+11	1.26884E-4	7.32910E+1	-2.00570E+3	4.16084E+3
3.19963E+11	6.11012E-5	7.47228E+1	4.43920E+3	-3.15607E+3
3.20050E+11	7.81156E-5	7.09776E+1	-2.96806E+3	-1.92745E+3
3.20137E+11	2.89887E-5	8.20416E+1	8.08367E+3	9.72974E+3
3.20225E+11	3.36652E-5	6.57538E+1	-1.30845E+2	-1.93508E+3
3.20313E+11	2.46179E-6	8.27213E+1	7.76322E+3	-1.12631E+4
3.20400E+11	2.10726E-8	3.97262E+1	-3.31613E+1	9.10461E+1
3.20487E+11	1.58502E-11	1.31290E+1	3.91479E+0	-2.28663E+0
3.20575E+11	4.07835E-12	2.79543E+0	1.03159E+0	-9.16124E-1
3.20663E+11	2.38711E-12	-1.44846E+0	8.25059E-1	1.88878E-1
3.20750E+11	4.10402E-12	5.54745E+0	1.05692E+0	-1.57163E+0
3.20837E+11	1.38980E-12	-2.53739E+0	6.34516E-1	3.93585E-1
3.20925E+11	3.66632E-12	8.66753E+0	2.49561E+0	-1.06294E+0
3.21012E+11	8.04702E-13	1.59146E+1	1.73942E+0	-6.00082E+0
3.21100E+11	3.85379E-12	6.94444E+0	-5.48346E-1	2.15580E+0
3.21188E+11	9.59032E-13	-2.28183E+0	3.20992E-2	-7.68298E-1
3.21275E+11	1.46609E-13	-1.25751E+1	-1.69597E-1	1.62808E-1
3.21362E+11	2.33863E-12	1.11206E+1	-3.59620E+0	-1.04715E-1
3.21450E+11	2.81126E-12	1.11048E+0	7.83020E-1	-8.23554E-1
3.21538E+11	2.03944E-13	-1.33069E+1	1.65110E-1	1.39421E-1
3.21625E+11	1.13315E-12	1.69663E-1	1.01614E+0	-8.54484E-2
3.21712E+11	1.44817E-12	3.61199E+0	7.84207E-1	-1.29700E+0
3.21800E+11	1.63224E-13	-5.44761E+0	-4.30858E-1	3.15626E-1
3.21888E+11	8.10521E-14	-4.96462E+0	-5.63008E-1	4.28537E-2
3.21975E+11	3.74931E-13	-4.47483E+0	-7.54863E-3	5.97343E-1
3.22063E+11	8.04561E-13	-1.99914E-1	6.14145E-1	7.60156E-1
3.22150E+11	1.10679E-12	-6.87244E+0	4.46604E-1	7.75778E-2
3.22237E+11	2.86441E-12	1.40236E+0	1.11476E+0	-3.72085E-1
3.22325E+11	2.95627E-12	1.09563E+0	1.05553E+0	4.15709E-1
3.22413E+11	5.46187E-12	1.45085E+0	-7.37418E-1	9.23503E-1
3.22500E+11	1.78034E-14	-1.52908E+1	-1.71957E-1	2.34743E-3
3.22587E+11	1.61267E-12	1.12521E+1	2.69941E+0	-2.46063E+0
3.22675E+11	4.97855E-13	8.94911E-1	1.86348E-1	-1.09275E+0
3.22763E+11	3.90060E-12	1.13270E+0	5.12399E-1	1.01756E+0
3.22850E+11	1.73704E-12	-4.88892E+0	-2.25991E-1	-5.22827E-1
3.22937E+11	2.44043E-13	-8.02470E+0	-1.01633E-1	3.83746E-1
3.23025E+11	5.41033E-13	1.11692E+0	-1.13128E+0	-1.16133E-1
3.23113E+11	9.55840E-14	-5.56772E+0	-2.18338E-1	4.79381E-1
3.23200E+11	1.53599E-12	-9.51982E+0	3.34198E-1	1.53443E-3
3.23288E+11	9.77716E-13	-4.33647E-1	9.29363E-1	2.03117E-1
3.23375E+11	4.71290E-13	-5.20853E+0	1.28921E-2	5.48850E-1
3.23462E+11	3.81012E-13	-8.77533E+0	-1.41992E-1	3.35283E-1
3.23550E+11	1.55553E-12	3.11933E+0	-1.36778E+0	-4.24304E-1
3.23638E+11	1.34477E-13	-8.10325E+0	3.58373E-1	-1.62279E-1
3.23725E+11	2.76608E-13	-1.10175E+0	-8.68075E-1	1.49598E-1
3.23812E+11	5.30141E-13	-8.41556E+0	3.69850E-1	8.50760E-2
3.23900E+11	1.50716E-12	-4.34985E+0	-1.81566E-1	-5.78212E-1
3.23988E+11	6.38262E-13	-5.35942E+0	1.39686E-1	-5.21151E-1
3.24075E+11	2.49161E-12	-6.00851E+0	4.03134E-1	-2.96951E-1
3.24162E+11	1.90856E-12	-1.02676E+1	-1.86424E-2	-3.06068E-1
3.24250E+11	4.79188E-13	-1.21601E+1	2.08996E-1	-1.30895E-1
3.24338E+11	1.52217E-13	-1.99220E+1	-9.88115E-2	2.04335E-2
3.24425E+11	8.35450E-13	-9.69851E+0	7.30820E-2	-3.19136E-1
3.24513E+11	2.29721E-12	3.79397E-1	-1.47859E-1	-1.03413E+0
3.24600E+11	2.76501E-13	-7.45452E+0	-3.66785E-1	2.12529E-1
3.24687E+11	2.84002E-12	7.54133E+0	1.76036E+0	1.60571E+0
3.24775E+11	2.45945E-13	-1.22919E+1	-2.39493E-1	4.04693E-2
3.24863E+11	6.60102E-13	-5.84769E+0	1.95942E-1	-4.70915E-1
3.24950E+11	1.69766E-12	5.75148E+0	1.37479E-1	-1.93410E+0
3.25037E+11	2.25904E-13	-4.67715E+0	7.47478E-2	-5.78830E-1
3.25125E+11	1.20631E-13	-1.03334E+1	1.80440E-1	-2.45055E-1
3.25213E+11	7.87959E-13	-4.74211E+0	5.62858E-1	1.36984E-1
3.25300E+11	9.45103E-14	-1.57744E+1	-7.53894E-2	-1.44135E-1
3.25387E+11	8.71041E-13	-7.75054E-1	8.99538E-1	-1.65488E-1
3.25475E+11	5.09972E-13	-1.25021E+1	7.11676E-2	-2.26147E-1
3.25562E+11	4.31039E-13	-7.35465E+0	-4.28160E-1	-2.36445E-2
3.25650E+11	9.89576E-14	-7.43406E+0	-8.17149E-2	4.16979E-1
3.25738E+11	1.25651E-13	-9.74873E+0	2.77601E-1	-1.69982E-1
3.25825E+11	7.74348E-15	-2.61536E+1	2.82156E-2	-4.03544E-2
3.25912E+11	1.36235E-12	3.66746E+0	-3.28007E-1	-1.48968E+0
3.26000E+11	7.19516E-13	-8.16927E+0	-4.31927E-2	3.88027E-1
3.26088E+11	9.19839E-13	-5.59427E+0	6.60999E-2	-5.20977E-1
3.26175E+11	6.05970E-13	-3.99905E+0	2.59056E-1	5.75400E-1
3.26262E+11	3.60543E-13	-8.27264E+0	5.97063E-2	-3.81157E-1
3.26350E+11	5.87882E-13	-5.45119E+0	-2.28679E-1	4.82421E-1
3.26438E+11	3.62316E-13	-1.00815E+1	2.97240E-1	9.89426E-2
3.26525E+11	1.06615E-12	-5.54916E+0	3.83521E-1	-3.62736E-1
3.26612E+11	1.62997E-12	7.62151E+0	1.47793E+0	-1.89702E+0
3.26700E+11	9.34429E-13	-6.22762E+0	4.73341E-1	1.19629E-1
3.26787E+11	1.88833E-12	3.59625E+0	7.01899E-1	1.34023E+0
3.26875E+11	2.65979E-14	-1.53996E+1	1.10829E-1	-1.28687E-1
3.26963E+11	3.91151E-13	-3.00804E+0	7.07080E-1	1.72780E-2
3.27050E+11	1.02667E-12	2.10655E+0	-7.50477E-1	-1.03007E+0
3.27137E+11	6.35258E-14	-1.33649E+1	2.13479E-1	-2.25064E-2
3.27225E+11	1.68622E-14	-2.40686E+1	5.88450E-2	-2.13536E-2
3.27313E+11	4.79351E-13	-1.83560E+0	3.43333E-1	7.33091E-1
3.27400E+11	5.94904E-14	-8.86723E+0	3.30010E-1	-1.44548E-1
3.27487E+11	1.12877E-12	-6.19987E+0	-1.04720E-2	4.89674E-1
3.27575E+11	4.97033E-13	-5.69068E+0	2.45810E-1	-4.57504E-1
3.27663E+11	3.09194E-12	5.45955E+0	5.40925E-1	-1.79517E+0
3.27750E+11	2.81704E-14	-1.36303E+1	-2.87820E-2	2.06202E-1
3.27838E+11	6.37500E-13	-4.96539E+0	1.80665E-1	5.34900E-1
3.27925E+11	8.77360E-13	-4.88329E+0	5.39186E-1	-1.84716E-1
3.28012E+11	3.78075E-13	-5.35714E+0	3.59869E-1	-4.02191E-1
3.28100E+11	2.92874E-14	-7.98302E+0	2.29490E-1	-3.26259E-1
3.28188E+11	4.02367E-13	-4.91250E+0	-3.43846E-1	-4.52143E-1
3.28275E+11	8.57288E-13	1.69238E+0	-6.55244E-1	-1.02331E+0
3.28362E+11	2.33805E-12	1.75311E+1	-5.37026E+0	-5.27243E+0
3.28450E+11	1.38036E-13	-1.19167E+1	-4.54222E-2	2.49507E-1
3.28538E+11	2.00764E-13	-1.37056E+1	2.07184E-2	-2.05362E-1
3.28625E+11	2.99782E-13	-7.76455E+0	5.09986E-2	4.05855E-1
3.28712E+11	6.80748E-13	-4.62707E+0	4.35856E-1	-3.93208E-1
3.28800E+11	3.35934E-13	-2.66406E+0	5.11344E-1	-5.29171E-1
3.28888E+11	1.40972E-12	5.89784E+0	-1.00405E+0	-1.69718E+0
3.28975E+11	9.38340E-14	-1.12973E+1	-1.35860E-1	2.36050E-1
3.29063E+11	1.86249E-13	-5.44562E+0	1.37418E-1	5.16242E-1
3.29150E+11	4.01327E-12	4.17275E+0	1.35818E+0	8.77028E-1
3.29237E+11	9.32222E-16	-3.44620E+1	4.72850E-3	1.83187E-2
3.29325E+11	3.55929E-13	-6.54743E+0	-2.47149E-1	4.00447E-1
3.29413E+11	1.31923E-13	-1.28127E+1	-8.84457E-2	-2.10962E-1
3.29500E+11	3.23542E-13	-1.10065E+1	2.34525E-1	1.55921E-1
3.29587E+11	2.57935E-12	-2.71863E+0	6.50364E-1	-3.34304E-1
3.29675E+11	6.22890E-13	9.26989E-1	4.79867E-1	-1.00383E+0
3.29763E+11	1.65946E-13	-5.82211E+0	-2.67663E-1	-4.35945E-1
3.29850E+11	3.92331E-13	-5.01297E-1	-8.42561E-1	4.25531E-1
3.29937E+11	4.17218E-13	-1.18363E+1	2.59866E-2	-2.54645E-1
3.30025E+11	1.02941E-12	4.88842E+0	-1.40213E+0	-1.05645E+0
3.30112E+11	4.92134E-12	3.73645E+0	1.44426E+0	-5.27350E-1
3.30200E+11	1.23037E-12	8.43313E+0	-2.62374E+0	-2.95409E-1
3.30288E+11	1.13341E-12	9.59416E-1	-9.73345E-1	5.47555E-1
3.30375E+11	1.19898E-12	-1.49829E+0	7.69611E-1	3.40476E-1
3.30462E+11	1.68717E-12	6.02219E+0	1.79588E+0	-8.81063E-1
3.30550E+11	4.02897E-12	4.90584E+0	1.75336E+0	1.42093E-1
3.30638E+11	5.72666E-14	-1.81903E+1	2.17839E-2	1.21223E-1
3.30725E+11	4.42305E-13	3.04019E-1	5.51040E-1	8.76850E-1
3.30812E+11	1.57536E-12	2.85741E+0	-1.03755E+0	9.24283E-1
3.30900E+11	7.54400E-13	-6.77494E+0	1.20397E-1	-4.42316E-1
3.30988E+11	6.57147E-14	-7.29097E+0	4.03657E-1	1.53810E-1
3.31075E+11	1.49595E-12	-1.74809E+0	-5.54139E-1	-6.01305E-1
3.31162E+11	2.15410E-13	-6.23284E+0	-4.58562E-1	-1.66726E-1
3.31250E+11	5.04984E-13	-3.55029E+0	-6.51635E-1	1.30050E-1
3.31337E+11	2.15008E-12	7.59716E+0	-5.99335E-1	2.32195E+0
3.31425E+11	3.14208E-13	5.81404E+0	5.66579E-1	1.86901E+0
3.31513E+11	9.62818E-13	6.69357E+0	1.85936E+0	-1.10146E+0
3.31600E+11	2.87001E-12	-1.17383E+0	2.10673E-1	8.47808E-1
3.31687E+11	3.88755E-13	-5.13923E+0	5.41838E-1	1.12528E-1
3.31775E+11	1.83296E-12	-3.24061E+0	-6.54320E-1	2.14571E-1
3.31863E+11	2.87428E-13	1.67514E+0	1.39605E-1	-1.20465E+0
3.31950E+11	1.80129E-13	-2.44059E+0	-6.56905E-1	3.72241E-1
3.32037E+11	3.79847E-12	6.28028E-1	1.07448E+0	-3.29544E-2
3.32125E+11	2.04488E-13	-5.10850E+0	5.27497E-1	-1.73702E-1
3.32213E+11	1.20588E-12	1.49667E-1	5.72342E-1	8.41123E-1
3.32300E+11	6.15065E-13	-3.21769E+0	1.49387E-3	6.90421E-1
3.32387E+11	2.94661E-13	-1.06017E+1	2.80317E-1	-9.21143E-2
3.32475E+11	5.36371E-13	-5.53562E+0	5.11688E-1	-1.33083E-1
3.32562E+11	3.02899E-13	-3.96124E+0	-2.74056E-1	5.71463E-1
3.32650E+11	3.29039E-13	-3.19570E+0	-5.32742E-1	-4.41916E-1
3.32738E+11	5.41757E-13	-1.07042E-1	4.95507E-1	-8.54474E-1
3.32825E+11	1.73613E-12	4.40942E-1	1.05186E+0	-2.12778E-2
3.32912E+11	1.47913E-13	-2.27789E+0	-4.43476E-1	6.28633E-1
3.33000E+11	1.30514E-12	1.67491E+0	6.36084E-1	1.03247E+0
3.33088E+11	2.61949E-13	-7.72212E+0	-2.96932E-1	2.84241E-1
3.33175E+11	4.49829E-13	-5.18655E+0	-2.53152E-1	4.88719E-1
3.33262E+11	1.67423E-12	-4.04462E+0	8.05897E-2	-6.22530E-1
3.33350E+11	2.69988E-13	-1.09581E+1	1.81651E-1	-2.17270E-1
3.33438E+11	1.82153E-14	-1.83013E+1	-1.01954E-1	-6.62730E-2
3.33525E+11	1.50932E-12	1.22510E+1	1.17105E+0	-3.92690E+0
3.33613E+11	3.54710E-13	-7.10196E+0	-9.27724E-3	-4.41373E-1
3.33700E+11	1.77613E-12	-5.37981E-2	-9.80295E-1	1.63435E-1
3.33787E+11	5.63711E-13	-3.21755E+0	6.86182E-1	7.65090E-2
3.33875E+11	2.67599E-13	8.73031E-1	-5.11127E-1	9.80511E-1
3.33963E+11	9.71235E-13	-4.75000E-1	9.43984E-1	7.27392E-2
3.34050E+11	2.38951E-12	-9.35602E-2	9.27949E-1	-3.42927E-1
3.34137E+11	6.90082E-13	-5.52188E-1	3.58907E-1	8.67059E-1
3.34225E+11	1.54988E-12	-4.65552E-1	-5.49827E-1	7.72036E-1
3.34313E+11	6.05994E-14	-1.98126E+1	9.28628E-2	4.26324E-2
3.34400E+11	6.47827E-13	-4.30194E+0	3.61296E-1	-4.90749E-1
3.34487E+11	1.21455E-13	-7.93463E+0	-2.27894E-1	3.30087E-1
3.34575E+11	8.76789E-13	-4.19936E+0	-3.77776E-1	-4.87372E-1
3.34663E+11	2.48689E-13	-1.35219E+1	-5.68009E-3	2.10741E-1
3.34750E+11	1.38559E-13	-3.65898E+0	1.80031E-1	6.31044E-1
3.34838E+11	7.91005E-13	-2.94620E+0	2.90948E-1	6.50218E-1
3.34925E+11	8.50422E-13	-4.05249E+0	5.96896E-1	1.92458E-1
3.35012E+11	3.77289E-13	-1.01401E+1	3.10726E-1	-1.66157E-2
3.35100E+11	4.66784E-13	-4.32196E+0	5.93764E-1	-1.30791E-1
3.35188E+11	2.90209E-13	-1.25116E+0	-6.70514E-1	5.47819E-1
3.35275E+11	6.76410E-13	4.20952E+0	1.51366E+0	5.87258E-1
3.35362E+11	8.34399E-13	-9.12009E-1	8.38916E-1	-3.26813E-1
3.35450E+11	1.83300E-12	1.40370E+1	-4.40025E+0	-2.44370E+0
3.35538E+11	1.50483E-12	-3.34532E+0	6.04321E-1	3.12531E-1
3.35625E+11	5.31730E-13	-1.49357E+0	8.24579E-1	1.70481E-1
3.35712E+11	1.00131E-12	1.79334E+1	-7.87661E+0	3.07977E-1
3.35800E+11	8.10548E-15	-1.80823E+1	-1.24355E-1	9.34367E-3
3.35887E+11	9.41405E-13	8.58592E+0	1.47320E+0	-2.24735E+0
3.35975E+11	9.27960E-13	-3.12467E+0	-5.83564E-1	3.82697E-1
3.36063E+11	5.47356E-13	-8.95501E+0	3.03914E-1	-1.86654E-1
3.36150E+11	8.75165E-13	1.83830E+0	1.09240E+0	-5.77616E-1
3.36237E+11	9.70557E-14	-1.54060E+1	1.45765E-1	8.69079E-2
3.36325E+11	9.32068E-13	-6.20687E+0	3.38731E-1	3.53221E-1
3.36413E+11	2.09701E-13	-1.05186E+1	2.97836E-1	6.12537E-3
3.36500E+11	4.70877E-13	-6.26713E+0	4.52816E-1	-1.76527E-1
3.36587E+11	3.81286E-12	2.85848E+0	7.61045E-1	1.16280E+0
3.36675E+11	1.87476E-14	-8.91098E+0	5.41909E-3	3.58427E-1
3.36763E+11	1.33515E-12	-7.51977E-2	7.99112E-1	-5.86731E-1
3.36850E+11	1.19509E-12	6.58658E+0	1.86342E+0	1.04137E+0
3.36937E+11	4.30144E-13	3.75314E+0	-1.03056E+0	-1.14501E+0
3.37025E+11	5.08127E-14	-5.34803E+0	8.45938E-2	-5.33591E-1
3.37112E+11	1.83302E-13	-1.12165E+1	1.16980E-1	2.48769E-1
3.37200E+11	2.45356E-14	-4.98794E+0	3.66304E-2	5.61930E-1
3.37288E+11	1.14836E-12	3.31912E+0	-1.45718E+0	-1.55031E-1
3.37375E+11	1.02859E-12	1.00768E-1	2.58899E-2	1.01134E+0
3.37462E+11	9.40451E-14	-3.73166E+0	-5.49874E-2	-6.48427E-1
3.37550E+11	1.52206E-12	9.29954E+0	1.88556E+0	-2.22602E+0
3.37638E+11	6.58811E-13	-4.68360E+0	-1.13245E-1	5.72103E-1
3.37725E+11	5.81783E-13	-1.41822E+0	-7.27906E-1	4.37670E-1
3.37812E+11	8.92216E-13	1.56426E-1	-1.84202E-1	1.00137E+0
3.37900E+11	7.33055E-14	-1.23074E+1	1.66904E-1	1.75860E-1
3.37988E+11	5.22159E-13	1.79370E+0	1.14949E+0	-4.35941E-1
3.38075E+11	2.74598E-13	-3.00042E+0	6.58000E-1	-2.61103E-1
3.38163E+11	8.30219E-13	8.06671E+0	-1.74047E+0	-1.83794E+0
3.38250E+11	2.66341E-13	-9.62052E+0	3.18501E-1	-8.76820E-2
3.38337E+11	3.04556E-13	-6.37404E+0	1.39721E-1	-4.59280E-1
3.38425E+11	5.63854E-13	-6.03241E+0	1.77004E-1	4.66894E-1
3.38513E+11	2.40403E-12	9.64774E-1	9.68732E-1	-5.57059E-1
3.38600E+11	1.63465E-13	-1.24074E+1	-2.18535E-2	-2.38682E-1
3.38687E+11	8.68551E-13	-1.22557E+0	7.96147E-1	-3.46805E-1
3.38775E+11	2.06041E-12	2.35002E+0	1.16939E+0	5.91976E-1
3.38863E+11	5.81838E-13	-7.09992E+0	-1.74901E-1	-4.05460E-1
3.38950E+11	6.66864E-13	5.09035E+0	-1.29928E+0	1.24122E+0
3.39037E+11	1.40024E-13	-1.23934E+1	8.25867E-2	2.25412E-1
3.39125E+11	6.76349E-13	-3.51328E+0	3.53442E-1	5.66037E-1
3.39213E+11	6.48928E-13	-6.29936E+0	4.70665E-1	1.13717E-1
3.39300E+11	6.79548E-13	-5.02645E+0	-5.09335E-1	2.34277E-1
3.39388E+11	7.75952E-14	-9.72680E+0	1.74424E-1	-2.75806E-1
3.39475E+11	5.05080E-13	-2.18289E+0	-6.20730E-1	4.68650E-1
3.39562E+11	5.60479E-13	-3.32634E+0	6.74493E-1	9.98249E-2
3.39650E+11	1.55032E-12	4.09724E-1	-2.82333E-1	-1.00957E+0
3.39738E+11	2.93022E-12	9.92435E+0	9.38883E-1	-2.99096E+0
3.39825E+11	7.62257E-13	-6.55423E-1	9.72950E-2	9.22200E-1
3.39912E+11	5.57921E-13	-1.22190E+1	-8.55917E-2	-2.29494E-1
3.40000E+11	2.47298E-13	-1.27575E+1	2.29134E-1	-2.22326E-2
