Position	Channel 1	Channel 2	Channel 3	Channel 4
2.00000E+11	6.10888E-14	-1.62271E+1	-4.65428E-2	-1.47218E-1
2.00088E+11	1.94706E-13	-4.25285E+0	4.08054E-1	4.57256E-1
2.00175E+11	3.36524E-13	-3.96233E+0	6.19432E-1	-1.33710E-1
2.00263E+11	2.89977E-13	-7.25437E-1	-2.46330E-1	-8.86278E-1
2.00350E+11	1.12847E-12	5.11559E+0	1.32514E+0	-1.22130E+0
2.00437E+11	3.81266E-14	-1.16904E+1	2.46840E-1	8.26340E-2
2.00525E+11	1.16263E-12	-7.03567E-1	-8.00242E-1	4.58314E-1
2.00612E+11	1.52318E-13	-7.02019E+0	-4.44698E-1	-2.90659E-2
2.00700E+11	3.17919E-12	6.46573E+0	9.18055E-1	-1.89444E+0
2.00787E+11	1.59331E-12	9.31117E+0	2.79823E+0	-8.38585E-1
2.00875E+11	8.09545E-13	3.35716E-1	-9.65445E-1	-3.85076E-1
2.00963E+11	1.41034E-13	-1.47571E+1	-1.57236E-2	1.82194E-1
2.01050E+11	1.30344E-15	-3.28615E+1	-2.10399E-2	8.64595E-3
2.01138E+11	3.72500E-15	-1.35273E+1	-3.22696E-2	-2.08199E-1
2.01225E+11	1.09127E-13	-3.68897E+0	5.69660E-1	3.21174E-1
2.01313E+11	1.72533E-13	-1.11469E+1	-1.61730E-1	2.25021E-1
2.01400E+11	5.83253E-13	-7.67733E+0	3.52176E-1	-2.16068E-1
2.01487E+11	9.46493E-13	2.29567E+0	-9.44760E-1	8.96649E-1
2.01575E+11	2.46457E-13	-7.28954E+0	3.80875E-1	-2.03942E-1
2.01662E+11	1.41450E-12	3.62323E+0	1.51719E+0	-3.59347E-2
2.01750E+11	2.40464E-12	-7.16749E-1	-8.41387E-3	-9.20756E-1
2.01837E+11	2.28708E-12	-3.91534E+0	5.39928E-1	3.38262E-1
2.01925E+11	9.63516E-13	-7.15222E+0	3.56789E-1	-2.55648E-1
2.02013E+11	8.00461E-13	-6.18651E-1	7.20223E-1	-5.90347E-1
2.02100E+11	3.61709E-13	1.26262E+0	-9.64477E-1	-6.38111E-1
2.02188E+11	2.94207E-12	1.21690E+1	2.15324E+0	3.44115E+0
2.02275E+11	9.11233E-13	-6.07357E+0	-2.70311E-1	4.17014E-1
2.02363E+11	1.97223E-13	-1.08696E+1	2.64367E-1	-1.09385E-1
2.02450E+11	1.25054E-12	4.41524E-1	8.28534E-1	-6.48494E-1
2.02538E+11	1.65002E-12	-1.40787E+0	8.28937E-1	-1.89702E-1
2.02625E+11	2.10479E-13	-7.10348E+0	-3.19679E-1	-3.04357E-1
2.02712E+11	7.60493E-13	-1.48544E+0	8.30389E-1	1.44142E-1
2.02800E+11	1.91583E-12	2.35843E+0	1.26131E+0	3.61025E-1
2.02887E+11	1.54537E-13	4.30969E+0	9.80047E-1	-1.31797E+0
2.02975E+11	3.60165E-13	3.61171E-1	1.01074E+0	2.55173E-1
2.03062E+11	3.88852E-13	-7.09060E+0	-2.36375E-1	3.73542E-1
2.03150E+11	4.17768E-14	-1.33862E+1	-1.83798E-1	-1.09874E-1
2.03238E+11	1.14469E-13	1.97456E+0	-1.94618E-1	1.24006E+0
2.03325E+11	4.99719E-13	4.27446E+0	-8.61948E-1	1.39025E+0
2.03413E+11	2.74693E-13	6.43042E-1	5.77193E-1	9.09086E-1
2.03500E+11	3.77700E-13	-9.03460E+0	2.69507E-1	2.28604E-1
2.03588E+11	3.71387E-13	-8.51529E+0	2.73947E-1	2.56340E-1
2.03675E+11	3.06476E-14	-1.86388E+1	-1.07915E-1	-4.51153E-2
2.03762E+11	5.58693E-13	2.16262E+0	-7.16858E-1	-1.06371E+0
2.03850E+11	1.20872E-12	1.91642E+1	-8.63647E+0	2.81173E+0
2.03937E+11	8.88794E-14	-9.14965E+0	3.01314E-1	-1.75609E-1
2.04025E+11	9.56773E-13	-2.55365E+0	7.08817E-1	-2.30251E-1
2.04112E+11	8.13841E-14	-1.68198E+1	4.15942E-2	1.38087E-1
2.04200E+11	1.15552E-12	3.34332E+0	1.44103E+0	-2.87807E-1
2.04287E+11	1.49767E-12	-1.02311E+0	2.76685E-1	8.44723E-1
2.04375E+11	7.55969E-14	-1.30919E+1	1.27292E-1	-1.81290E-1
2.04463E+11	3.90191E-13	-1.64757E+0	8.27043E-1	-1.71471E-2
2.04550E+11	1.25202E-12	6.01780E+0	7.03454E-1	-1.87152E+0
2.04638E+11	6.66463E-13	-4.95605E+0	-5.61362E-1	6.57008E-2
2.04725E+11	3.65845E-13	-7.69081E+0	1.98897E-1	-3.61420E-1
2.04813E+11	1.74615E-13	-1.38211E+1	-1.88279E-1	7.76906E-2
2.04900E+11	3.10906E-14	-1.84337E+1	-1.14138E-1	3.62646E-2
2.04987E+11	2.35838E-13	-5.77178E+0	-5.89042E-2	-5.11148E-1
2.05075E+11	4.78722E-13	5.12239E-3	-4.86743E-1	8.74220E-1
2.05162E+11	1.76016E-14	-2.41187E+1	5.89518E-2	1.99596E-2
2.05250E+11	2.20198E-13	-6.21917E+0	-6.39158E-2	4.84501E-1
2.05337E+11	7.71506E-13	-1.89284E+0	6.93738E-1	4.06751E-1
2.05425E+11	1.94262E-12	-1.58073E+0	7.40624E-1	-3.82600E-1
2.05513E+11	7.55494E-13	-5.93363E+0	6.60078E-2	5.00699E-1
2.05600E+11	1.72692E-12	6.48957E+0	2.10561E+0	-1.50115E-1
2.05688E+11	1.69322E-12	5.95492E+0	-1.32096E+0	-1.48156E+0
2.05775E+11	5.36854E-13	5.23648E-1	-3.74014E-1	-9.94112E-1
2.05863E+11	1.58838E-12	1.32638E+0	-1.84758E-1	1.15024E+0
2.05950E+11	6.00647E-13	-5.56510E+0	-1.39670E-1	5.08072E-1
2.06037E+11	1.63652E-13	-7.71889E+0	3.60977E-1	1.96932E-1
2.06125E+11	5.36104E-13	1.35590E+0	8.02615E-1	8.49851E-1
2.06212E+11	9.07041E-13	1.47326E+0	7.57739E-1	-9.10877E-1
2.06300E+11	5.11001E-13	2.20825E+0	1.27842E+0	1.68439E-1
2.06387E+11	1.83657E-12	-2.29949E+0	4.57197E-1	6.16348E-1
2.06475E+11	1.95612E-12	1.17351E+1	-3.34225E+0	-1.93400E+0
2.06562E+11	2.05435E-12	2.82396E-1	-1.61557E-1	-1.02034E+0
2.06650E+11	4.42097E-13	-6.87924E+0	2.37878E-1	3.85443E-1
2.06738E+11	4.31724E-13	2.56385E+0	3.36715E-1	1.30048E+0
2.06825E+11	6.27854E-13	-5.25085E+0	2.58645E-1	4.81230E-1
2.06913E+11	8.76109E-13	2.13211E+0	8.03586E-1	-9.94030E-1
2.07000E+11	1.56400E-12	9.74930E+0	1.28463E-1	3.06962E+0
2.07088E+11	9.97151E-13	6.58936E+0	1.69909E+0	1.29337E+0
2.07175E+11	1.00363E-13	-1.76049E+1	-1.16605E-1	-6.13332E-2
2.07262E+11	2.42706E-12	-5.23500E-1	7.87300E-1	-5.16334E-1
2.07350E+11	1.10524E-12	-5.70776E+0	1.07466E-2	-5.18226E-1
2.07437E+11	1.21462E-12	-4.60810E+0	-9.93730E-2	5.79841E-1
2.07525E+11	9.20728E-13	-1.35994E+0	-6.15709E-2	8.52853E-1
2.07612E+11	1.80485E-12	-2.39385E+0	7.56960E-1	-5.71544E-2
2.07700E+11	7.77371E-14	-3.52073E+0	5.21300E-1	-4.15696E-1
2.07788E+11	1.14895E-12	-1.74192E+0	6.45206E-1	-5.03287E-1
2.07875E+11	4.99179E-13	5.10931E+0	-7.67039E-1	1.62927E+0
2.07963E+11	1.29112E-12	8.70893E+0	2.68222E+0	-4.83800E-1
2.08050E+11	1.57286E-12	8.43689E+0	-1.24987E+0	-2.32704E+0
2.08138E+11	1.96802E-13	-1.25078E+1	2.27520E-1	6.60864E-2
2.08225E+11	1.72351E-13	-1.60995E+1	7.69420E-2	1.36491E-1
2.08313E+11	1.42135E-12	7.86798E+0	-2.16753E+0	-1.19267E+0
2.08400E+11	3.52933E-12	3.06186E-1	1.02273E+0	1.64509E-1
2.08487E+11	1.26227E-12	4.97089E+0	-1.76232E+0	-1.88133E-1
2.08575E+11	1.32623E-12	6.34003E+0	-1.63589E+0	-1.27638E+0
2.08662E+11	3.27913E-12	1.90712E-2	9.99663E-1	7.12389E-2
2.08750E+11	3.37699E-13	-7.77342E-1	8.45395E-1	3.48456E-1
2.08837E+11	8.21824E-15	-2.30241E+1	-7.05093E-2	3.54841E-3
2.08925E+11	4.76961E-13	-6.41541E+0	-3.21468E-1	-3.53460E-1
2.09013E+11	4.84385E-13	-2.33592E+0	-3.13207E-1	-6.97062E-1
2.09100E+11	8.38748E-13	-3.96148E+0	-5.63486E-1	-2.90065E-1
2.09188E+11	2.31752E-12	7.49070E-1	8.25986E-1	-7.11333E-1
2.09275E+11	2.49408E-13	7.03267E+0	-9.84590E-1	2.01997E+0
2.09363E+11	2.13011E-12	9.43129E+0	-2.46457E+0	1.64271E+0
2.09450E+11	9.92765E-13	-2.50162E+0	4.17630E-1	6.22669E-1
2.09537E+11	2.31506E-13	-1.07207E+1	-1.06520E-1	2.70856E-1
2.09625E+11	6.88784E-13	-5.88173E+0	2.03460E-2	-5.07651E-1
2.09712E+11	2.38509E-13	-8.24653E+0	3.85705E-1	-3.12287E-2
2.09800E+11	2.33116E-14	-2.21415E+1	2.18216E-2	-7.50408E-2
2.09887E+11	3.92848E-13	-7.86883E+0	-2.27196E-1	-3.34262E-1
2.09975E+11	1.00499E-14	-1.68387E+1	1.41105E-1	-2.82318E-2
2.10063E+11	6.82163E-13	8.97527E-1	5.88184E-1	-9.40004E-1
2.10150E+11	4.77714E-13	-7.50275E+0	7.01109E-2	-4.15692E-1
2.10238E+11	5.06755E-13	-6.02355E+0	-3.96362E-1	3.04512E-1
2.10325E+11	3.99384E-13	3.49651E+0	-9.56508E-1	-1.14979E+0
2.10413E+11	5.78996E-13	-2.77453E+0	7.25525E-1	-3.88373E-2
2.10500E+11	9.91696E-13	9.47695E+0	-1.99009E+0	2.21470E+0
2.10588E+11	1.54960E-12	1.15211E+1	-9.28659E-1	3.65127E+0
2.10675E+11	1.37862E-12	5.85093E+0	-1.33448E+0	-1.43733E+0
2.10762E+11	3.15539E-12	1.16719E+0	6.50919E-1	9.40552E-1
2.10850E+11	3.77014E-12	4.94777E+0	1.51234E+0	-9.15037E-1
2.10937E+11	9.84202E-13	4.22809E+0	-1.58660E+0	3.60606E-1
2.11025E+11	2.00627E-12	-1.88506E+0	4.05495E-1	6.95307E-1
2.11112E+11	4.62637E-13	-4.53275E+0	3.99130E-1	4.39139E-1
2.11200E+11	7.26958E-14	-8.02999E+0	2.50356E-1	3.07767E-1
2.11288E+11	9.82098E-13	1.05247E+1	3.28357E+0	-7.08725E-1
2.11375E+11	1.24491E-12	4.50063E+0	1.61879E+0	4.45313E-1
2.11463E+11	1.28366E-12	1.75949E+0	-1.07198E+0	5.91914E-1
2.11550E+11	1.73580E-13	-9.48988E+0	2.56370E-1	-2.16190E-1
2.11638E+11	2.92168E-12	1.17014E+1	3.82770E+0	3.80268E-1
2.11725E+11	8.35761E-14	-1.49730E+1	1.78291E-1	-5.66131E-3
2.11812E+11	8.68707E-13	2.69259E+0	1.36313E+0	-2.78624E-2
2.11900E+11	2.59425E-13	-2.82834E+0	6.79178E-1	2.45176E-1
2.11987E+11	9.89749E-13	-3.93314E+0	2.68808E-2	-6.35264E-1
2.12075E+11	4.48551E-13	-5.25160E+0	4.30179E-1	-3.36712E-1
2.12162E+11	7.52375E-13	-3.23020E+0	5.48341E-1	4.17893E-1
2.12250E+11	1.51137E-12	1.89947E+0	-5.55039E-1	-1.11380E+0
2.12337E+11	7.86735E-13	2.59922E-1	-4.48299E-1	9.27742E-1
2.12425E+11	1.87314E-12	7.14438E+0	5.70620E-1	2.20356E+0
2.12513E+11	5.37230E-15	-2.03504E+1	9.48059E-2	1.53829E-2
2.12600E+11	3.95054E-13	-7.03682E+0	6.60021E-2	4.39870E-1
2.12688E+11	2.79991E-13	-9.29556E+0	1.90511E-1	2.85159E-1
2.12775E+11	1.70072E-12	-1.20182E+0	-5.72529E-1	-6.56102E-1
2.12863E+11	2.11915E-8	4.98574E+1	-1.64817E+2	2.63830E+2
2.12950E+11	1.35616E-8	3.69216E+1	8.42840E+0	6.96503E+1
2.13037E+11	3.72432E-8	4.41398E+1	1.46171E+2	6.76377E+1
2.13125E+11	1.94104E-8	3.97317E+1	5.53429E+1	7.96126E+1
2.13212E+11	2.34335E-8	2.68403E+1	-6.06622E-1	-2.19709E+1
2.13300E+11	1.29018E-8	2.42611E+1	-9.07010E+0	1.35825E+1
2.13387E+11	1.52274E-8	2.40575E+1	1.04650E+1	-1.20425E+1
2.13475E+11	7.11016E-9	1.99809E+1	-6.28913E+0	7.74654E+0
2.13563E+11	7.00438E-9	1.60565E+1	5.41549E+0	-3.31729E+0
2.13650E+11	3.44216E-9	8.71378E+0	-2.63218E+0	7.12957E-1
2.13738E+11	4.88127E-9	6.35031E+0	2.06071E+0	2.62655E-1
2.13825E+11	2.30869E-9	2.22564E+0	-1.10266E+0	-6.73462E-1
2.13913E+11	2.72208E-9	2.08950E+1	4.90026E+0	9.94348E+0
2.14000E+11	9.17667E-10	3.36141E+1	-3.64118E+1	-3.11852E+1
2.14087E+11	1.21437E-9	2.81060E+1	-7.14414E+0	-2.44030E+1
2.14175E+11	4.27875E-10	2.43545E+1	3.16127E+0	1.62037E+1
2.14262E+11	4.15137E-10	2.91376E+1	2.80934E+1	5.53676E+0
2.14350E+11	1.93508E-10	3.92782E+1	7.01259E+1	-5.95907E+1
2.14437E+11	6.95215E-10	2.76879E+1	2.11550E+1	-1.18184E+1
2.14525E+11	4.05686E-10	2.45321E+1	1.50958E+1	7.48646E+0
2.14612E+11	7.24135E-10	2.18862E+1	3.92788E+0	1.17882E+1
2.14700E+11	2.32767E-10	2.10577E+1	1.09323E+1	-2.83903E+0
2.14788E+11	2.69794E-10	2.43436E+1	-1.62877E+1	2.56473E+0
2.14875E+11	2.76444E-11	1.17725E+1	-3.86974E+0	-2.55497E-1
2.14963E+11	3.61664E-13	2.68655E+0	-1.36243E+0	-1.10504E-2
2.15050E+11	6.51854E-13	9.17946E+0	2.86243E+0	2.91393E-1
2.15138E+11	4.59281E-14	-8.55453E+0	6.87837E-2	-3.67097E-1
2.15225E+11	1.14250E-12	5.98058E+0	1.25523E+0	-1.54522E+0
2.15312E+11	1.16519E-13	-1.24316E+1	7.91155E-2	-2.25539E-1
2.15400E+11	5.10142E-13	-5.59036E+0	4.36009E-1	2.93139E-1
2.15487E+11	8.57109E-14	-6.88764E+0	1.22044E-1	-4.35730E-1
2.15575E+11	2.04507E-12	2.19356E+0	6.33676E-1	-1.12053E+0
2.15662E+11	2.09677E-13	-1.16363E-1	6.77543E-1	7.17285E-1
2.15750E+11	2.26907E-12	-1.06511E+0	5.15599E-1	-7.18795E-1
2.15838E+11	4.40125E-14	-1.03462E+1	-3.01253E-1	-3.97961E-2
2.15925E+11	1.52426E-12	8.22503E+0	1.56841E-2	2.57777E+0
2.16013E+11	3.59041E-13	-1.04722E+1	-2.93171E-1	-6.12148E-2
2.16100E+11	2.00406E-13	-1.11900E+1	-2.58113E-1	9.70023E-2
2.16188E+11	7.77184E-13	1.38537E+0	-7.76733E-1	8.78879E-1
2.16275E+11	5.90770E-14	-1.59076E+1	9.48333E-2	-1.29096E-1
2.16363E+11	1.06098E-12	2.49298E+0	1.23438E+0	5.01704E-1
2.16450E+11	1.23681E-12	2.32862E+1	-1.13442E+1	9.18839E+0
2.16537E+11	1.08637E-12	9.87919E+0	-1.57108E+0	-2.69395E+0
2.16625E+11	1.35359E-12	-3.42342E+0	3.78566E-2	6.73199E-1
2.16712E+11	1.68397E-12	5.30283E+0	-8.85284E-1	-1.61460E+0
2.16800E+11	1.92451E-12	-1.57502E+0	-2.51529E-1	-7.95333E-1
2.16887E+11	9.45192E-13	-1.20884E+0	7.44715E-1	-4.49927E-1
2.16975E+11	1.09370E-12	7.61278E+0	-1.32391E+0	2.00465E+0
2.17063E+11	3.06221E-12	8.81388E+0	-2.36322E-1	2.74849E+0
2.17150E+11	3.51045E-13	-7.96412E+0	-1.78650E-1	3.57615E-1
2.17238E+11	4.80627E-13	-6.71415E+0	1.29949E-1	-4.42961E-1
2.17325E+11	1.66459E-12	6.80135E-1	-6.71366E-1	-8.47823E-1
2.17413E+11	1.31798E-14	-1.56473E+1	-1.04120E-1	-1.28073E-1
2.17500E+11	2.43688E-12	-2.77425E+0	7.01321E-1	1.89939E-1
2.17587E+11	1.77700E-14	-1.49473E+1	-1.52410E-1	9.37038E-2
2.17675E+11	1.63314E-12	-7.04916E+0	-2.37933E-1	3.75058E-1
2.17762E+11	8.77363E-13	-4.13061E+0	-3.69541E-1	-4.99752E-1
2.17850E+11	2.92650E-10	1.92876E+1	8.53842E+0	3.45929E+0
2.17937E+11	1.39883E-10	1.29705E+1	-1.36370E+0	4.23767E+0
2.18025E+11	2.51970E-9	4.08120E+1	7.96783E+1	-7.55461E+1
2.18113E+11	2.29595E-8	4.86862E+1	-8.97450E+1	2.56596E+2
2.18200E+11	1.59468E-7	4.79854E+1	-1.69828E+2	-1.84505E+2
2.18288E+11	3.25148E-7	5.77325E+1	-6.85867E+2	3.50497E+2
2.18375E+11	1.30670E-6	5.94509E+1	9.24814E+2	1.61066E+2
2.18463E+11	9.43701E-7	5.69846E+1	3.01394E+2	-6.39196E+2
2.18550E+11	1.25352E-6	6.99738E+1	-2.36220E+3	2.08801E+3
2.18638E+11	4.58601E-7	6.14763E+1	-6.62196E+2	-9.83025E+2
2.18725E+11	4.34148E-7	6.06913E+1	7.14192E+2	-8.13929E+2
2.18812E+11	3.75554E-7	5.31049E+1	4.49345E+2	-4.99538E+1
2.18900E+11	5.12348E-7	4.94953E+1	2.74221E+2	1.17610E+2
2.18987E+11	3.87307E-7	5.84182E+1	-7.78008E+2	-2.99066E+2
2.19075E+11	3.66938E-7	4.90367E+1	1.35848E+2	-2.48298E+2
2.19162E+11	7.18173E-7	5.28031E+1	-7.62080E+1	4.29970E+2
2.19250E+11	1.71110E-6	6.88622E+1	2.63382E+3	-8.70776E+2
2.19338E+11	2.34848E-6	1.48179E+1	-3.59585E+0	-4.17063E+0
2.19425E+11	2.05477E-6	-2.36068E+0	5.08795E-1	5.67275E-1
2.19513E+11	2.39572E-6	-1.03323E+1	-1.74003E-2	-3.03862E-1
2.19600E+11	2.50911E-6	-1.51156E+1	-8.50369E-2	1.53496E-1
2.19688E+11	2.31882E-6	-1.69263E+1	1.42206E-1	-8.46765E-3
2.19775E+11	1.90928E-6	-1.84603E+1	-8.40799E-2	-8.47674E-2
2.19862E+11	2.01544E-6	-1.83106E+1	-2.82781E-2	1.18133E-1
2.19950E+11	1.58150E-6	-1.93035E+1	8.93600E-2	-6.12734E-2
2.20037E+11	1.44720E-6	-1.93867E+1	-1.02101E-1	-3.30477E-2
2.20125E+11	1.22887E-6	-2.02701E+1	4.65631E-2	8.50224E-2
2.20212E+11	1.25142E-6	-1.95087E+1	4.35323E-2	-9.64502E-2
2.20300E+11	1.00610E-6	-2.06510E+1	-8.71641E-2	3.17874E-2
2.20387E+11	9.98067E-7	-2.03800E+1	8.74693E-2	3.88766E-2
2.20475E+11	8.95153E-7	-2.09399E+1	-5.14436E-2	-7.35353E-2
2.20563E+11	1.21487E-6	-1.99410E+1	-2.55252E-2	9.73926E-2
2.20650E+11	8.58354E-7	-2.11816E+1	7.05016E-2	-5.14537E-2
2.20738E+11	8.74751E-7	-2.10311E+1	-8.46093E-2	-2.69797E-2
2.20825E+11	8.57339E-7	-2.10353E+1	5.89955E-2	6.63211E-2
2.20913E+11	9.49532E-7	-2.04821E+1	4.86151E-3	-9.44761E-2
2.21000E+11	9.27268E-7	-2.06124E+1	-6.23438E-2	6.92681E-2
2.21087E+11	7.15199E-7	-2.11207E+1	8.70198E-2	1.23737E-2
2.21175E+11	9.11743E-7	-1.99914E+1	-6.45698E-2	-7.64894E-2
2.21262E+11	9.96775E-7	-2.01474E+1	-2.16892E-2	9.58957E-2
2.21350E+11	1.06822E-6	-1.96510E+1	8.09182E-2	-6.54909E-2
2.21437E+11	1.05606E-6	-1.96995E+1	-1.03255E-1	-7.41202E-3
2.21525E+11	1.31093E-6	-1.83850E+1	9.52865E-2	7.36541E-2
2.21613E+11	1.32348E-6	-1.77896E+1	-2.50626E-2	-1.26520E-1
2.21700E+11	1.31530E-6	-1.76020E+1	-5.25109E-2	1.20883E-1
2.21788E+11	1.63225E-6	-1.63393E+1	1.41900E-1	-5.56383E-2
2.21875E+11	1.44887E-6	-1.60932E+1	-1.55587E-1	-1.94424E-2
2.21963E+11	2.01286E-6	-1.45156E+1	1.26434E-1	1.39171E-1
2.22050E+11	1.38221E-6	-1.55328E+1	-6.44065E-2	-1.54348E-1
2.22137E+11	1.81190E-6	-1.35577E+1	-1.00493E-1	1.84336E-1
2.22225E+11	1.12099E-6	-1.48765E+1	1.49034E-1	-1.01608E-1
2.22312E+11	1.48168E-6	-1.34487E+1	-2.00719E-1	-7.00780E-2
2.22400E+11	1.18357E-6	-1.27189E+1	1.80228E-1	1.44872E-1
2.22487E+11	1.44127E-6	-9.56839E+0	2.28790E-2	-3.31550E-1
2.22575E+11	1.21636E-6	-9.96500E+0	-1.27424E-1	2.90813E-1
2.22662E+11	1.60029E-6	-9.27035E+0	3.33188E-1	-8.53261E-2
2.22750E+11	1.49037E-6	-1.00235E+1	-2.89534E-1	-1.25025E-1
2.22838E+11	1.51847E-6	-1.03036E+1	4.29036E-3	3.05335E-1
2.22925E+11	1.62693E-6	-1.11787E+1	1.65880E-1	-2.20713E-1
2.23013E+11	1.82912E-6	-1.11883E+1	-2.74202E-1	2.96028E-2
2.23100E+11	1.82345E-6	-1.24505E+1	2.15791E-1	1.01556E-1
2.23188E+11	2.43813E-6	-1.23173E+1	-8.48454E-2	-2.26829E-1
2.23275E+11	2.07666E-6	-1.44704E+1	-1.77587E-2	1.88172E-1
2.23362E+11	3.18967E-6	-1.41593E+1	1.54717E-1	-1.20166E-1
2.23450E+11	2.14268E-6	-1.73742E+1	-1.31846E-1	3.03670E-2
2.23537E+11	3.89614E-6	-1.58234E+1	1.27812E-1	9.91235E-2
2.23625E+11	3.10087E-6	-1.78508E+1	-7.09395E-2	-1.06632E-1
2.23712E+11	5.10726E-6	-1.61521E+1	-5.01245E-2	1.47452E-1
2.23800E+11	4.16526E-6	-1.78538E+1	9.74364E-2	-8.30523E-2
2.23888E+11	5.74579E-6	-1.67398E+1	-1.40768E-1	-3.70003E-2
2.23975E+11	3.51446E-6	-1.92557E+1	9.85129E-2	4.65262E-2
2.24063E+11	6.00939E-6	-1.75080E+1	-7.25570E-2	-1.11739E-1
2.24150E+11	6.25868E-6	-1.75329E+1	4.24327E-2	1.25889E-1
2.24238E+11	8.46805E-6	-1.65433E+1	7.39738E-2	-1.29202E-1
2.24325E+11	8.25810E-6	-1.71173E+1	-1.15851E-1	7.74565E-2
2.24412E+11	9.07417E-6	-1.72718E+1	1.25562E-1	5.45539E-2
2.24500E+11	9.56420E-6	-1.74465E+1	-5.39894E-2	-1.22835E-1
2.24587E+11	1.19065E-5	-1.72592E+1	-4.81225E-2	1.28377E-1
2.24675E+11	1.17894E-5	-1.75170E+1	1.08045E-1	-7.77160E-2
2.24762E+11	1.47039E-5	-1.68844E+1	-1.43085E-1	4.14900E-3
2.24850E+11	1.23766E-5	-1.73750E+1	1.11200E-1	7.70488E-2
2.24937E+11	1.87839E-5	-1.59356E+1	-8.56529E-2	-1.34750E-1
2.25025E+11	1.60182E-5	-1.67966E+1	5.50807E-2	1.33699E-1
2.25113E+11	2.16833E-5	-1.52632E+1	9.58067E-3	-1.72253E-1
2.25200E+11	1.77547E-5	-1.47443E+1	-8.66074E-2	1.61367E-1
2.25288E+11	2.35180E-5	-1.07482E+1	2.83863E-1	-5.99731E-2
2.25375E+11	2.08096E-5	-8.64471E+0	-3.23316E-1	-1.79141E-1
2.25463E+11	2.25180E-5	-6.05516E+0	6.69779E-2	4.93490E-1
2.25550E+11	2.29421E-5	-3.51846E+0	3.60015E-1	-5.61407E-1
2.25637E+11	2.18489E-5	-8.61033E-1	-9.05482E-1	1.60940E-2
2.25725E+11	2.35092E-5	1.93801E+0	8.83011E-1	8.84717E-1
2.25812E+11	2.22235E-5	4.41358E+0	4.00515E-1	-1.61321E+0
2.25900E+11	2.45751E-5	6.61550E+0	-1.83092E+0	1.11128E+0
2.25987E+11	2.41860E-5	7.82456E+0	2.25381E+0	9.89996E-1
2.26075E+11	2.49155E-5	8.58233E+0	-1.12137E+0	-2.44079E+0
2.26163E+11	2.54483E-5	1.01304E+1	-1.25772E+0	2.95345E+0
2.26250E+11	2.63076E-5	1.24521E+1	3.80903E+0	-1.75473E+0
2.26338E+11	2.94502E-5	1.50924E+1	-5.02357E+0	-2.65830E+0
2.26425E+11	2.64154E-5	1.49863E+1	1.48999E+0	5.41326E+0
2.26513E+11	2.67582E-5	1.47410E+1	3.46264E+0	-4.21928E+0
2.26600E+11	2.60885E-5	1.42317E+1	-5.02844E+0	1.10011E+0
2.26688E+11	2.93924E-5	1.52321E+1	4.67963E+0	3.38522E+0
2.26775E+11	2.52392E-5	1.52886E+1	-1.76167E+0	-5.54006E+0
2.26862E+11	2.74714E-5	1.71695E+1	-4.26723E+0	5.82277E+0
2.26950E+11	2.85815E-5	1.87487E+1	8.36847E+0	-2.22149E+0
2.27037E+11	2.92639E-5	1.86108E+1	-6.93400E+0	-4.95414E+0
2.27125E+11	3.10086E-5	1.79370E+1	2.86569E+0	7.34680E+0
2.27212E+11	2.89486E-5	1.56550E+1	2.75853E+0	-5.40012E+0
2.27300E+11	3.11528E-5	1.53000E+1	-5.02160E+0	2.94415E+0
2.27388E+11	2.72976E-5	1.45597E+1	5.24371E+0	1.03788E+0
2.27475E+11	2.67521E-5	1.56176E+1	-4.09551E+0	-4.43642E+0
2.27563E+11	2.36111E-5	1.58109E+1	-6.82628E-1	6.13584E+0
2.27650E+11	2.17991E-5	1.65528E+1	4.82591E+0	-4.68240E+0
2.27738E+11	1.94125E-5	1.59463E+1	-6.24752E+0	-5.38793E-1
2.27825E+11	1.53488E-5	1.45105E+1	3.72912E+0	3.78756E+0
2.27912E+11	1.32249E-5	1.45686E+1	-9.55483E-3	-5.35093E+0
2.28000E+11	8.13117E-6	1.43545E+1	-2.93946E+0	4.31449E+0
2.28087E+11	7.38700E-6	1.55590E+1	5.86272E+0	-1.26317E+0
2.28175E+11	7.43275E-6	1.73765E+1	-6.80926E+0	-2.87955E+0
2.28262E+11	7.52993E-6	1.40423E+1	4.84996E-1	5.01295E+0
2.28350E+11	6.75303E-6	6.82107E+0	1.24739E+0	-1.80377E+0
2.28438E+11	6.83079E-6	3.77026E+0	-1.53699E+0	1.41830E-1
2.28525E+11	5.78928E-6	2.34394E+0	1.09427E+0	7.19785E-1
2.28613E+11	6.27815E-6	1.00849E+0	1.94047E-2	-1.12295E+0
2.28700E+11	6.33903E-6	-9.15321E-1	-6.44298E-1	6.28370E-1
2.28788E+11	6.38826E-6	-5.28390E+0	5.17774E-1	1.67711E-1
2.28875E+11	7.96227E-6	-9.11448E+0	-8.70704E-2	-3.39170E-1
2.28963E+11	6.98461E-6	-1.38081E+1	-1.28655E-1	1.58294E-1
2.29050E+11	8.64801E-6	-1.47825E+1	1.74208E-1	-5.38403E-2
2.29137E+11	6.74373E-6	-1.65270E+1	-1.48990E-1	-7.10088E-3
2.29225E+11	7.39895E-6	-1.57992E+1	1.16802E-1	1.12539E-1
2.29312E+11	4.19022E-6	-1.81218E+1	-5.93594E-2	-1.09027E-1
2.29400E+11	4.34787E-6	-1.78895E+1	-2.62551E-2	1.24772E-1
2.29487E+11	2.60689E-6	-1.99300E+1	4.11532E-2	-9.20267E-2
2.29575E+11	3.78310E-6	-1.86848E+1	-1.08835E-1	4.11336E-2
2.29663E+11	3.70465E-6	-1.84202E+1	1.19124E-1	-1.40352E-2
2.29750E+11	6.56097E-6	-1.56325E+1	-1.33733E-1	-9.72228E-2
2.29838E+11	5.52861E-6	-1.60854E+1	8.18709E-2	1.33891E-1
2.29925E+11	7.86292E-6	-1.41529E+1	2.16378E-2	-1.94848E-1
2.30013E+11	6.55054E-6	-1.49173E+1	-1.18243E-1	1.35090E-1
2.30100E+11	9.17074E-6	-1.31870E+1	2.16563E-1	-3.32641E-2
2.30187E+11	6.85802E-6	-1.42275E+1	-1.82474E-1	-6.69486E-2
2.30275E+11	9.74206E-6	-1.31699E+1	1.18832E-1	1.84594E-1
2.30362E+11	7.12808E-6	-1.43936E+1	5.43893E-2	-1.82764E-1
2.30450E+11	7.81441E-6	-1.36531E+1	-1.69266E-1	1.20293E-1
2.30537E+11	6.31185E-6	-1.47822E+1	1.79199E-1	3.37208E-2
2.30625E+11	6.81214E-6	-1.41592E+1	-1.21401E-1	-1.53752E-1
2.30712E+11	5.55132E-6	-1.50623E+1	-3.78973E-2	1.72441E-1
2.30800E+11	6.36146E-6	-1.45899E+1	1.42503E-1	-1.20197E-1
2.30888E+11	6.10407E-6	-1.50948E+1	-1.70464E-1	-4.33850E-2
2.30975E+11	5.76317E-6	-1.50081E+1	1.04360E-1	1.43781E-1
2.31063E+11	5.99011E-6	-1.51249E+1	5.07826E-2	-1.67771E-1
2.31150E+11	5.76570E-6	-1.50153E+1	-1.42427E-1	1.05953E-1
2.31238E+11	5.81743E-6	-1.44783E+1	1.64767E-1	9.22552E-2
2.31325E+11	5.72196E-6	-1.33269E+1	-7.90967E-2	-2.00569E-1
2.31412E+11	6.32559E-6	-1.22431E+1	-1.80849E-1	1.64177E-1
2.31500E+11	6.83135E-6	-1.09162E+1	2.83301E-1	-2.68615E-2
2.31587E+11	6.47046E-6	-9.83209E+0	-1.59521E-1	-2.80169E-1
2.31675E+11	8.04013E-6	-8.16232E+0	-5.30598E-2	3.87117E-1
2.31762E+11	6.44481E-6	-7.41914E+0	4.16623E-1	-8.71477E-2
2.31850E+11	7.15146E-6	-6.05933E+0	-4.16929E-1	-2.71939E-1
2.31938E+11	5.63621E-6	-6.31833E+0	-9.57214E-2	4.73575E-1
2.32025E+11	7.79916E-6	-4.73259E+0	4.25839E-1	-3.93665E-1
2.32113E+11	6.63783E-6	-5.48922E+0	-5.23161E-1	-9.40290E-2
2.32200E+11	9.56138E-6	-5.00308E+0	3.58973E-1	4.32599E-1
2.32288E+11	7.69955E-6	-6.23653E+0	1.34016E-1	-4.68950E-1
2.32375E+11	1.21175E-5	-5.35551E+0	-4.84975E-1	2.37005E-1
2.32462E+11	9.86707E-6	-7.44726E+0	3.73637E-1	2.00988E-1
2.32550E+11	1.36298E-5	-7.95054E+0	-1.02053E-1	-3.87156E-1
2.32637E+11	1.13219E-5	-1.04340E+1	-1.61059E-1	2.54066E-1
2.32725E+11	1.65157E-5	-1.03965E+1	2.89183E-1	-8.74543E-2
2.32812E+11	1.27707E-5	-1.25790E+1	-2.10991E-1	-1.03458E-1
2.32900E+11	2.06132E-5	-1.11685E+1	1.07905E-1	2.54493E-1
2.32987E+11	1.39728E-5	-1.29514E+1	7.67628E-2	-2.11636E-1
2.33075E+11	2.39164E-5	-1.09089E+1	-2.37474E-1	1.57238E-1
2.33163E+11	1.57166E-5	-1.31157E+1	2.20827E-1	6.02716E-3
2.33250E+11	2.57909E-5	-1.12282E+1	-2.22681E-1	-1.60562E-1
2.33338E+11	1.69739E-5	-1.33194E+1	4.23283E-2	2.11598E-1
2.33425E+11	3.00515E-5	-1.13818E+1	1.41188E-1	-2.29813E-1
2.33513E+11	1.88294E-5	-1.37093E+1	-2.01590E-1	4.39124E-2
2.33600E+11	3.47481E-5	-1.14677E+1	2.27257E-1	1.40276E-1
2.33687E+11	2.14753E-5	-1.38806E+1	-7.22934E-2	-1.88930E-1
2.33775E+11	4.15417E-5	-1.13421E+1	-9.39562E-2	2.54142E-1
2.33862E+11	2.63395E-5	-1.38279E+1	1.47819E-1	-1.39893E-1
2.33950E+11	4.78802E-5	-1.14212E+1	-2.68274E-1	-1.09600E-2
2.34037E+11	3.33520E-5	-1.34784E+1	1.64300E-1	1.33780E-1
2.34125E+11	5.26702E-5	-1.14900E+1	-1.96199E-2	-2.65655E-1
2.34213E+11	3.08474E-5	-1.40491E+1	-7.30103E-2	1.84479E-1
2.34300E+11	5.90521E-5	-1.15391E+1	2.46841E-1	-9.60700E-2
2.34388E+11	3.63206E-5	-1.37491E+1	-2.02797E-1	-3.24254E-2
2.34475E+11	5.75703E-5	-1.11320E+1	1.59733E-1	2.27023E-1
2.34563E+11	4.06102E-5	-1.33095E+1	-6.26079E-3	-2.15943E-1
2.34650E+11	7.18815E-5	-1.10126E+1	-2.14985E-1	1.81618E-1
2.34738E+11	4.31986E-5	-1.31674E+1	2.19598E-1	-7.53936E-4
2.34825E+11	7.82590E-5	-1.07546E+1	-2.26770E-1	-1.80625E-1
2.34912E+11	5.18328E-5	-1.29682E+1	6.79009E-2	2.14187E-1
2.35000E+11	7.99931E-5	-1.07804E+1	1.11149E-1	-2.66830E-1
2.35087E+11	5.17382E-5	-1.27670E+1	-1.94694E-1	1.22375E-1
2.35175E+11	7.89160E-5	-1.08735E+1	2.85541E-1	1.56842E-2
2.35262E+11	5.89167E-5	-1.24426E+1	-1.93092E-1	-1.40348E-1
2.35350E+11	8.70706E-5	-1.11058E+1	5.14000E-2	2.73642E-1
2.35438E+11	7.45842E-5	-1.19356E+1	1.50370E-1	-2.03535E-1
2.35525E+11	8.53461E-5	-1.13556E+1	-2.68110E-1	3.61195E-2
2.35613E+11	7.68039E-5	-1.19155E+1	1.84834E-1	1.73700E-1
2.35700E+11	7.13953E-5	-1.20850E+1	-2.64891E-2	-2.47328E-1
2.35788E+11	7.41155E-5	-1.19098E+1	-1.61276E-1	1.95986E-1
2.35875E+11	7.59238E-5	-1.19478E+1	2.39419E-1	-8.08523E-2
2.35962E+11	7.62689E-5	-1.18179E+1	-2.33399E-1	-1.06407E-1
2.36050E+11	6.36055E-5	-1.23089E+1	1.39145E-1	1.98500E-1
2.36137E+11	7.51701E-5	-1.20133E+1	1.09761E-1	-2.25511E-1
2.36225E+11	7.31711E-5	-1.22384E+1	-2.09237E-1	1.26275E-1
2.36312E+11	8.28965E-5	-1.20277E+1	2.28365E-1	1.02687E-1
2.36400E+11	7.90259E-5	-1.26114E+1	-1.38148E-1	-1.89012E-1
2.36488E+11	8.47257E-5	-1.22336E+1	-8.00343E-2	2.31055E-1
2.36575E+11	7.95685E-5	-1.28572E+1	1.75041E-1	-1.45448E-1
2.36663E+11	1.02264E-4	-1.18938E+1	-2.41836E-1	-7.85727E-2
2.36750E+11	8.92864E-5	-1.27529E+1	1.49823E-1	1.74948E-1
2.36838E+11	1.24071E-4	-1.16039E+1	6.50893E-2	-2.54724E-1
2.36925E+11	1.02289E-4	-1.30766E+1	-1.52576E-1	1.61129E-1
2.37013E+11	1.61099E-4	-1.15781E+1	2.61050E-1	3.72297E-2
2.37100E+11	7.40277E-5	-1.35673E+1	-1.67211E-1	-1.26579E-1
2.37187E+11	1.19369E-4	-1.15163E+1	-2.53048E-2	2.64366E-1
2.37275E+11	7.61548E-5	-1.36389E+1	1.23133E-1	-1.67633E-1
2.37362E+11	1.29816E-4	-1.11389E+1	-2.75510E-1	-3.20542E-2
2.37450E+11	7.30963E-5	-1.30720E+1	1.89756E-1	1.15273E-1
2.37537E+11	1.24961E-4	-9.85250E+0	-1.65480E-2	-3.21218E-1
2.37625E+11	8.61738E-5	-1.00132E+1	-1.08229E-1	2.96621E-1
2.37713E+11	1.40738E-4	-5.43074E+0	5.28641E-1	-8.31164E-2
2.37800E+11	9.29422E-5	-4.90004E+0	-5.24605E-1	-2.19955E-1
2.37888E+11	1.54358E-4	-1.78199E+0	1.04190E-1	8.07827E-1
2.37975E+11	1.07163E-4	-2.97827E+0	2.85775E-1	-6.49641E-1
2.38063E+11	1.67076E-4	-1.18986E+0	-8.48397E-1	2.01430E-1
2.38150E+11	1.14744E-4	-2.99196E+0	6.70332E-1	2.29721E-1
2.38237E+11	1.66456E-4	-1.80308E+0	-3.00109E-1	-7.55089E-1
2.38325E+11	1.10075E-4	-4.42616E+0	-1.60873E-1	5.78807E-1
2.38412E+11	1.69142E-4	-3.07249E+0	6.62657E-1	-2.31900E-1
2.38500E+11	9.73119E-5	-6.06911E+0	-4.67593E-1	-1.69057E-1
2.38587E+11	1.52538E-4	-4.64065E+0	2.11519E-1	5.46595E-1
2.38675E+11	8.06619E-5	-7.48850E+0	8.96639E-2	-4.12626E-1
2.38762E+11	1.34498E-4	-5.31772E+0	-4.98807E-1	2.12392E-1
2.38850E+11	7.31897E-5	-8.55217E+0	3.67765E-1	6.56952E-2
2.38938E+11	1.22578E-4	-7.43773E+0	-2.50248E-1	-3.43180E-1
2.39025E+11	7.20374E-5	-9.96483E+0	4.08081E-2	3.14878E-1
2.39113E+11	9.71704E-5	-8.76154E+0	2.25487E-1	-2.86625E-1
2.39200E+11	6.67888E-5	-1.07413E+1	-2.68733E-1	1.09960E-1
2.39288E+11	8.94155E-5	-9.97286E+0	2.89193E-1	1.30363E-1
2.39375E+11	7.12944E-5	-1.18132E+1	-1.37404E-1	-2.16770E-1
2.39462E+11	9.81824E-5	-1.08982E+1	-3.61019E-2	2.82866E-1
2.39550E+11	7.61203E-5	-1.23110E+1	1.37797E-1	-1.99368E-1
2.39637E+11	1.03602E-4	-1.09528E+1	-2.69412E-1	8.78495E-2
2.39725E+11	7.93961E-5	-1.23733E+1	2.34783E-1	5.26870E-2
2.39812E+11	1.04002E-4	-1.06190E+1	-1.16110E-1	-2.70621E-1
2.39900E+11	4.26532E-5	-1.25927E+1	-7.79638E-2	2.21287E-1
2.39988E+11	6.11103E-5	-1.05551E+1	2.68725E-1	-1.25653E-1
2.40075E+11	4.16864E-5	-1.27951E+1	-2.26846E-1	-3.28850E-2
2.40163E+11	7.52809E-5	-1.05325E+1	1.85166E-1	2.32754E-1
2.40250E+11	4.55053E-5	-1.31571E+1	-2.82070E-2	-2.18041E-1
2.40338E+11	8.78146E-5	-1.05661E+1	-1.99672E-1	2.18882E-1
2.40425E+11	4.32378E-5	-1.33863E+1	2.08298E-1	-4.96459E-2
2.40512E+11	6.13723E-5	-1.07268E+1	-2.13978E-1	-1.96986E-1
2.40600E+11	3.72726E-5	-1.28411E+1	9.19578E-2	2.08638E-1
2.40687E+11	5.52317E-5	-1.08475E+1	1.12797E-1	-2.63720E-1
2.40775E+11	3.66902E-5	-1.26909E+1	-1.62846E-1	1.65218E-1
2.40862E+11	5.21884E-5	-1.09109E+1	2.84669E-1	6.53794E-3
2.40950E+11	3.50490E-5	-1.25836E+1	-2.04468E-1	-1.15563E-1
2.41037E+11	5.19460E-5	-1.07593E+1	5.89036E-2	2.83708E-1
2.41125E+11	3.54168E-5	-1.24450E+1	8.58399E-2	-2.22671E-1
2.41213E+11	5.37428E-5	-1.06099E+1	-2.80889E-1	8.94339E-2
2.41300E+11	3.14089E-5	-1.25915E+1	2.23538E-1	7.13629E-2
2.41388E+11	5.19721E-5	-1.04642E+1	-1.26633E-1	-2.71712E-1
2.41475E+11	3.71923E-5	-1.26054E+1	-1.69594E-2	2.33661E-1
2.41563E+11	6.28835E-5	-1.05227E+1	2.79540E-1	-1.02554E-1
2.41650E+11	3.67286E-5	-1.29065E+1	-2.10298E-1	-8.35717E-2
2.41737E+11	6.20892E-5	-1.06203E+1	5.14672E-2	2.89898E-1
2.41825E+11	3.71984E-5	-1.27317E+1	8.42763E-2	-2.14964E-1
2.41912E+11	5.40744E-5	-1.07065E+1	-2.88065E-1	4.47829E-2
2.42000E+11	3.66883E-5	-1.23608E+1	2.14425E-1	1.09941E-1
2.42087E+11	5.46564E-5	-1.05817E+1	1.19536E-2	-2.95501E-1
2.42175E+11	4.05984E-5	-1.16362E+1	-1.55706E-1	2.10628E-1
2.42263E+11	4.99644E-5	-1.06108E+1	2.94361E-1	1.52531E-2
2.42350E+11	4.26931E-5	-1.12788E+1	-2.31712E-1	-1.44233E-1
2.42438E+11	5.61820E-5	-1.01277E+1	2.98945E-2	3.10176E-1
2.42525E+11	5.65936E-5	-1.03906E+1	1.47092E-1	-2.64127E-1
2.42613E+11	7.69292E-5	-9.66345E+0	-3.26530E-1	3.78880E-2
2.42700E+11	6.65881E-5	-1.04324E+1	2.61646E-1	1.48540E-1
2.42788E+11	7.90310E-5	-9.78091E+0	-3.74237E-2	-3.22139E-1
2.42875E+11	6.52174E-5	-1.06665E+1	-1.27916E-1	2.63460E-1
2.42962E+11	6.96679E-5	-9.28971E+0	3.36738E-1	-6.61519E-2
2.43050E+11	5.62102E-5	-9.44239E+0	-3.08161E-1	-1.36882E-1
2.43137E+11	8.49947E-5	-7.83678E+0	-2.45901E-2	4.04913E-1
2.43225E+11	7.15423E-5	-9.44278E+0	2.31767E-1	-2.44896E-1
2.43312E+11	9.17286E-5	-8.62579E+0	-3.38649E-1	-1.50126E-1
2.43400E+11	7.42581E-5	-1.01390E+1	1.39890E-1	2.77995E-1
2.43488E+11	8.90650E-5	-9.97657E+0	2.41363E-1	-2.05633E-1
2.43575E+11	6.75879E-5	-1.14138E+1	-2.68326E-1	-1.46257E-2
2.43663E+11	7.37108E-5	-1.17143E+1	5.61102E-2	2.53451E-1
2.43750E+11	6.44618E-5	-1.26514E+1	1.01193E-1	-2.09922E-1
2.43838E+11	5.92410E-5	-1.26566E+1	-2.32422E-1	-1.49243E-2
2.43925E+11	5.40211E-5	-1.28996E+1	1.82416E-1	1.34221E-1
2.44012E+11	5.73227E-5	-1.29069E+1	2.93309E-2	-2.24375E-1
2.44100E+11	5.75216E-5	-1.29595E+1	-1.46383E-1	1.70763E-1
2.44187E+11	5.96148E-5	-1.25474E+1	2.35709E-1	8.08349E-3
2.44275E+11	5.18542E-5	-1.27722E+1	-2.02574E-1	-1.08546E-1
2.44362E+11	6.31729E-5	-1.21804E+1	5.40881E-2	2.40006E-1
2.44450E+11	6.63264E-5	-1.27752E+1	4.81380E-2	-2.24642E-1
2.44538E+11	9.46841E-5	-1.17131E+1	-2.37913E-1	1.03933E-1
2.44625E+11	9.22017E-5	-1.24415E+1	2.34399E-1	4.53153E-2
2.44713E+11	1.15473E-4	-1.17420E+1	-7.33716E-2	-2.48141E-1
2.44800E+11	1.27507E-4	-1.18281E+1	-7.88972E-2	2.43758E-1
2.44888E+11	1.42801E-4	-1.14288E+1	2.61796E-1	-5.85482E-2
2.44975E+11	1.42573E-4	-1.13221E+1	-2.55721E-1	-9.14408E-2
2.45063E+11	1.28396E-4	-1.15746E+1	6.54584E-2	2.55547E-1
2.45150E+11	1.60011E-4	-1.08907E+1	9.47363E-2	-2.69224E-1
2.45237E+11	1.35404E-4	-1.17256E+1	-2.50994E-1	6.49083E-2
2.45325E+11	1.73619E-4	-1.08858E+1	2.72993E-1	8.38027E-2
2.45412E+11	1.33027E-4	-1.19416E+1	-8.75790E-2	-2.37234E-1
2.45500E+11	1.87563E-4	-1.05377E+1	-5.38939E-2	2.92317E-1
2.45587E+11	1.32456E-4	-1.18043E+1	2.00373E-1	-1.60793E-1
2.45675E+11	1.59370E-4	-1.05617E+1	-2.95114E-1	2.78496E-2
2.45763E+11	1.45918E-4	-1.16297E+1	1.97301E-1	1.72579E-1
2.45850E+11	2.15188E-4	-1.06305E+1	-8.14601E-2	-2.82581E-1
2.45938E+11	1.82184E-4	-1.13899E+1	-1.51171E-1	2.23068E-1
2.46025E+11	2.29253E-4	-1.05935E+1	2.75082E-1	-1.07501E-1
2.46113E+11	1.79127E-4	-1.14144E+1	-2.03718E-1	-1.75220E-1
2.46200E+11	2.14110E-4	-1.05281E+1	6.54577E-2	2.90284E-1
2.46287E+11	1.69940E-4	-1.15240E+1	1.89273E-1	-1.85958E-1
2.46375E+11	1.93674E-4	-1.04340E+1	-2.91888E-1	7.27377E-2
2.46462E+11	1.44828E-4	-1.17569E+1	1.67437E-1	1.96706E-1
2.46550E+11	1.93649E-4	-1.04816E+1	-6.47575E-2	-2.92080E-1
2.46637E+11	1.53721E-4	-1.20373E+1	-1.95884E-1	1.55518E-1
2.46725E+11	2.17354E-4	-1.04020E+1	2.95740E-1	-6.08049E-2
2.46813E+11	1.48220E-4	-1.21437E+1	-1.49657E-1	-1.96582E-1
2.46900E+11	2.14537E-4	-1.05993E+1	6.49088E-2	2.87918E-1
2.46988E+11	1.44181E-4	-1.26023E+1	1.75254E-1	-1.55599E-1
2.47075E+11	2.06198E-4	-1.09711E+1	-2.61557E-1	1.07472E-1
2.47163E+11	1.38002E-4	-1.25469E+1	1.87060E-1	1.43662E-1
2.47250E+11	1.96005E-4	-1.12205E+1	-1.25745E-1	-2.44312E-1
2.47338E+11	1.49489E-4	-1.24217E+1	-1.57160E-1	1.80438E-1
2.47425E+11	1.84001E-4	-1.13993E+1	2.46013E-1	-1.09234E-1
2.47512E+11	1.60312E-4	-1.21501E+1	-1.59543E-1	-1.88408E-1
2.47600E+11	1.79097E-4	-1.13920E+1	8.17248E-2	2.56707E-1
2.47687E+11	1.49090E-4	-1.18842E+1	2.13908E-1	-1.38002E-1
2.47775E+11	1.62629E-4	-1.12524E+1	-2.65303E-1	6.75469E-2
2.47862E+11	1.52977E-4	-1.18471E+1	1.11460E-1	2.30072E-1
2.47950E+11	1.97723E-4	-1.09474E+1	-4.73461E-2	-2.79570E-1
2.48038E+11	1.75818E-4	-1.15756E+1	-2.37832E-1	1.14056E-1
2.48125E+11	2.15787E-4	-1.06833E+1	2.85793E-1	-6.13564E-2
2.48213E+11	1.83148E-4	-1.12381E+1	-1.44108E-1	-2.33299E-1
2.48300E+11	2.01754E-4	-1.06896E+1	9.77332E-2	2.75256E-1
2.48388E+11	1.76190E-4	-1.09978E+1	2.25009E-1	-1.69835E-1
2.48475E+11	1.88955E-4	-1.07481E+1	-2.61287E-1	1.26114E-1
2.48562E+11	1.74893E-4	-1.10769E+1	2.19803E-1	1.72411E-1
2.48650E+11	1.66152E-4	-1.10421E+1	-1.88244E-1	-2.07919E-1
2.48737E+11	1.69559E-4	-1.08069E+1	-1.19468E-1	2.62244E-1
2.48825E+11	1.41197E-4	-1.12424E+1	1.74522E-1	-2.11337E-1
2.48912E+11	1.45835E-4	-1.07042E+1	-2.72742E-1	-1.03170E-1
2.49000E+11	1.29792E-4	-1.14405E+1	2.24659E-1	1.45944E-1
2.49087E+11	1.55170E-4	-1.05478E+1	7.29263E-2	-2.87806E-1
2.49175E+11	1.25174E-4	-1.16900E+1	-1.08463E-1	2.36644E-1
2.49263E+11	1.64951E-4	-1.06419E+1	2.91495E-1	3.59216E-2
2.49350E+11	1.31704E-4	-1.15120E+1	-2.59486E-1	-5.71451E-2
2.49438E+11	1.56209E-4	-1.06991E+1	3.51352E-2	2.89651E-1
2.49525E+11	1.22328E-4	-1.17293E+1	2.74548E-3	-2.59125E-1
2.49613E+11	1.37178E-4	-1.10570E+1	-2.78053E-1	3.29190E-2
2.49700E+11	1.23804E-4	-1.12347E+1	2.69013E-1	5.37269E-2
2.49787E+11	1.40143E-4	-1.04192E+1	-1.27842E-1	-2.72863E-1
2.49875E+11	1.19830E-4	-1.13959E+1	1.12474E-1	2.44666E-1
2.49962E+11	1.40155E-4	-1.10232E+1	1.58380E-1	-2.32219E-1
2.50050E+11	1.09188E-4	-1.23512E+1	-1.97948E-1	1.37879E-1
2.50137E+11	1.40119E-4	-1.13063E+1	2.11788E-1	1.70791E-1
2.50225E+11	8.51454E-5	-1.29859E+1	-7.15430E-2	-2.12517E-1
2.50313E+11	9.91601E-5	-1.10956E+1	-2.29699E-1	1.57932E-1
2.50400E+11	7.73479E-5	-1.23311E+1	2.32280E-1	-6.71524E-2
2.50488E+11	1.02157E-4	-1.12379E+1	-1.72583E-1	-2.13106E-1
2.50575E+11	7.10279E-5	-1.23215E+1	1.14752E-2	2.41789E-1
2.50663E+11	9.67017E-5	-1.07628E+1	2.47779E-1	-1.49994E-1
2.50750E+11	8.84671E-5	-1.11145E+1	-2.69930E-1	6.71048E-2
2.50837E+11	9.76176E-5	-1.11240E+1	2.66505E-1	7.85603E-2
2.50925E+11	1.03905E-4	-1.07554E+1	-2.24083E-1	-1.83905E-1
2.51012E+11	8.60912E-5	-1.12104E+1	2.96634E-2	2.73490E-1
2.51100E+11	9.83091E-5	-1.03752E+1	1.31260E-1	-2.72937E-1
2.51187E+11	7.90774E-5	-1.12372E+1	-2.49911E-1	1.12940E-1
2.51275E+11	8.76347E-5	-1.06001E+1	2.78696E-1	9.70709E-2
2.51362E+11	7.78158E-5	-1.13278E+1	-1.00690E-1	-2.52033E-1
2.51450E+11	8.96893E-5	-1.05166E+1	-1.18247E-1	2.73502E-1
2.51538E+11	7.90105E-5	-1.11280E+1	2.52046E-1	-1.16616E-1
2.51625E+11	9.47728E-5	-1.04423E+1	-2.85633E-1	-9.34416E-2
2.51713E+11	8.72579E-5	-1.09171E+1	1.49031E-1	2.42391E-1
2.51800E+11	9.87210E-5	-1.03084E+1	6.10069E-2	-2.99037E-1
2.51888E+11	8.42849E-5	-1.10454E+1	-2.35919E-1	1.51490E-1
2.51975E+11	8.96872E-5	-1.04037E+1	2.97187E-1	5.29387E-2
2.52062E+11	7.68488E-5	-1.12023E+1	-1.30978E-1	-2.42203E-1
2.52150E+11	9.32102E-5	-1.02363E+1	-9.03342E-2	2.94183E-1
2.52237E+11	6.86565E-5	-1.13955E+1	2.54711E-1	-8.74093E-2
2.52325E+11	1.04293E-4	-1.02088E+1	-2.80964E-1	-1.27928E-1
2.52412E+11	8.41917E-5	-1.16515E+1	7.99951E-2	2.48935E-1
2.52500E+11	1.47308E-4	-9.50214E+0	1.20364E-1	-3.12504E-1
2.52588E+11	1.04176E-4	-1.14110E+1	-2.30245E-1	1.38738E-1
2.52675E+11	1.65897E-4	-9.44425E+0	3.33715E-1	4.78067E-2
2.52763E+11	1.01380E-4	-1.16534E+1	-1.78453E-1	-1.91028E-1
2.52850E+11	1.75101E-4	-9.25073E+0	-9.38335E-3	3.44590E-1
2.52938E+11	9.45453E-5	-1.16711E+1	1.57715E-1	-2.07810E-1
2.53025E+11	1.54916E-4	-9.45920E+0	-3.34006E-1	4.12409E-2
2.53113E+11	9.68877E-5	-1.14653E+1	2.38757E-1	1.19824E-1
2.53200E+11	1.58066E-4	-9.49574E+0	-9.04953E-2	-3.22680E-1
2.53287E+11	9.98751E-5	-1.13524E+1	-9.55824E-2	2.53192E-1
2.53375E+11	1.58023E-4	-9.47493E+0	3.13183E-1	-1.21523E-1
2.53462E+11	9.72922E-5	-1.13841E+1	-2.52185E-1	-9.54563E-2
2.53550E+11	1.73015E-4	-9.25356E+0	9.59802E-2	3.30969E-1
2.53637E+11	1.13266E-4	-1.14885E+1	1.05757E-1	-2.44534E-1
2.53725E+11	1.85881E-4	-9.52989E+0	-3.16825E-1	1.05137E-1
2.53813E+11	1.03610E-4	-1.21438E+1	2.22312E-1	1.07785E-1
2.53900E+11	1.89665E-4	-9.75748E+0	-8.26660E-2	-3.14499E-1
2.53988E+11	1.00851E-4	-1.24341E+1	-1.48246E-1	1.87394E-1
2.54075E+11	1.97558E-4	-9.58953E+0	3.29248E-1	3.88356E-2
2.54163E+11	1.01133E-4	-1.25169E+1	-1.35606E-1	-1.93977E-1
2.54250E+11	2.04055E-4	-9.66077E+0	-1.00606E-1	3.13054E-1
2.54337E+11	1.02248E-4	-1.26305E+1	2.02951E-1	-1.15672E-1
2.54425E+11	2.00284E-4	-9.86345E+0	-3.01928E-1	-1.09699E-1
2.54512E+11	1.00506E-4	-1.26779E+1	1.29384E-1	1.92969E-1
2.54600E+11	1.69818E-4	-1.01408E+1	8.33078E-2	-2.99781E-1
2.54687E+11	9.45639E-5	-1.25749E+1	-1.93630E-1	1.33342E-1
2.54775E+11	1.76371E-4	-1.03910E+1	2.92597E-1	7.60053E-2
2.54863E+11	1.16100E-4	-1.23481E+1	-1.44026E-1	-1.93630E-1
2.54950E+11	1.89364E-4	-1.03817E+1	-4.01120E-2	2.99962E-1
2.55038E+11	1.26370E-4	-1.22585E+1	1.80103E-1	-1.64354E-1
2.55125E+11	1.83875E-4	-1.06356E+1	-2.93551E-1	-1.45915E-2
2.55213E+11	1.15270E-4	-1.23498E+1	1.51099E-1	1.88100E-1
2.55300E+11	1.79394E-4	-1.04186E+1	2.32977E-2	-3.00447E-1
2.55388E+11	1.08068E-4	-1.24936E+1	-1.86639E-1	1.46572E-1
2.55475E+11	2.02150E-4	-1.01023E+1	3.12422E-1	-8.09075E-3
2.55562E+11	1.18134E-4	-1.24630E+1	-1.70837E-1	-1.65920E-1
2.55650E+11	2.23274E-4	-9.82612E+0	2.39075E-2	3.21735E-1
2.55737E+11	1.33743E-4	-1.21777E+1	1.76319E-1	-1.71691E-1
2.55825E+11	2.41135E-4	-9.72172E+0	-3.26179E-1	-1.49898E-2
2.55912E+11	1.43261E-4	-1.19155E+1	1.56136E-1	1.99891E-1
2.56000E+11	2.32993E-4	-9.72169E+0	5.06267E-2	-3.22576E-1
2.56088E+11	1.46115E-4	-1.16911E+1	-2.12315E-1	1.50564E-1
2.56175E+11	2.19580E-4	-9.72951E+0	3.23515E-1	4.20031E-2
2.56263E+11	1.61178E-4	-1.09648E+1	-1.91704E-1	-2.08156E-1
2.56350E+11	1.37280E-4	-9.58812E+0	2.45921E-1	-2.22421E-1
2.56438E+11	1.21633E-4	-1.09172E+1	-2.84004E-1	-1.73987E-2
2.56525E+11	1.63592E-4	-9.61675E+0	2.44694E-1	2.22150E-1
2.56612E+11	1.19002E-4	-1.07136E+1	-1.79989E-2	-2.90730E-1
2.56700E+11	1.92626E-4	-9.02333E+0	-1.67943E-1	3.11470E-1
2.56787E+11	1.31002E-4	-1.07145E+1	2.80180E-1	-7.95610E-2
2.56875E+11	2.30852E-4	-8.42127E+0	-3.62004E-1	-1.13098E-1
2.56962E+11	1.32604E-4	-1.06325E+1	1.31464E-1	2.62989E-1
2.57050E+11	2.47058E-4	-8.17484E+0	8.19905E-2	-3.81462E-1
2.57137E+11	1.50138E-4	-1.04925E+1	-2.45154E-1	1.70819E-1
2.57225E+11	2.67993E-4	-8.16528E+0	3.89481E-1	2.95927E-2
2.57313E+11	1.47053E-4	-1.06626E+1	-2.12510E-1	-2.01717E-1
2.57400E+11	2.55242E-4	-8.46476E+0	4.58334E-2	3.74572E-1
2.57488E+11	1.55336E-4	-1.07691E+1	1.47327E-1	-2.49127E-1
2.57575E+11	2.60464E-4	-8.84329E+0	-3.42128E-1	1.16045E-1
2.57663E+11	1.68061E-4	-1.08425E+1	2.66404E-1	1.06748E-1
2.57750E+11	2.60521E-4	-9.05321E+0	-1.55399E-1	-3.16561E-1
2.57837E+11	1.62473E-4	-1.10137E+1	-7.93903E-2	2.69961E-1
2.57925E+11	2.31291E-4	-9.32346E+0	2.79106E-1	-1.97374E-1
2.58012E+11	1.56995E-4	-1.11114E+1	-2.75174E-1	-4.12365E-2
2.58100E+11	2.48182E-4	-8.98608E+0	2.53373E-1	2.49197E-1
2.58187E+11	1.45453E-4	-1.12768E+1	7.76727E-3	-2.72889E-1
2.58275E+11	2.68198E-4	-8.75320E+0	-2.34812E-1	2.79495E-1
2.58363E+11	1.34379E-4	-1.15815E+1	2.63411E-1	9.65856E-3
2.58450E+11	2.53575E-4	-8.55908E+0	-2.73198E-1	-2.54377E-1
2.58538E+11	1.10554E-4	-1.16896E+1	6.59192E-3	2.60245E-1
2.58625E+11	2.18992E-4	-8.76261E+0	2.32015E-1	-2.81309E-1
2.58713E+11	1.04020E-4	-1.16967E+1	-2.58969E-1	2.43936E-2
2.58800E+11	2.14122E-4	-8.71760E+0	2.75849E-1	2.41367E-1
2.58887E+11	1.12153E-4	-1.15987E+1	-6.27743E-4	-2.63066E-1
2.58975E+11	1.72136E-4	-9.11080E+0	-2.63275E-1	2.31101E-1
2.59062E+11	9.20785E-5	-1.17923E+1	2.55756E-1	2.78432E-2
2.59150E+11	1.65726E-4	-9.39029E+0	-2.01271E-1	-2.73061E-1
2.59237E+11	8.38969E-5	-1.19629E+1	-5.78251E-2	2.45547E-1
2.59325E+11	1.46375E-4	-9.44575E+0	2.82079E-1	-1.84509E-1
2.59412E+11	9.02025E-5	-1.18155E+1	-2.44485E-1	-7.78534E-2
2.59500E+11	1.90996E-4	-8.81491E+0	1.94599E-1	3.05786E-1
2.59588E+11	1.07282E-4	-1.13235E+1	8.05711E-2	-2.59305E-1
2.59675E+11	2.02664E-4	-8.40399E+0	-3.14550E-1	2.13235E-1
2.59763E+11	1.03656E-4	-1.14620E+1	2.58155E-1	6.90828E-2
2.59850E+11	2.32165E-4	-7.81503E+0	-2.21285E-1	-3.41201E-1
2.59938E+11	1.17178E-4	-1.07769E+1	-8.39280E-2	2.76723E-1
2.60025E+11	2.45262E-4	-7.60112E+0	3.79685E-1	-1.71973E-1
2.60112E+11	1.21564E-4	-1.08720E+1	-2.71129E-1	-9.10949E-2
2.60200E+11	2.38985E-4	-7.99482E+0	1.77742E-1	3.56492E-1
2.60287E+11	1.08997E-4	-1.12947E+1	4.47602E-2	-2.68735E-1
2.60375E+11	2.17583E-4	-8.55749E+0	-3.16042E-1	1.98780E-1
2.60462E+11	1.00571E-4	-1.17320E+1	2.56919E-1	3.32403E-2
2.60550E+11	1.91647E-4	-8.99839E+0	-1.56831E-1	-3.18345E-1
2.60638E+11	1.01842E-4	-1.20485E+1	-7.42696E-2	2.38493E-1
2.60725E+11	1.89217E-4	-9.38663E+0	3.26225E-1	-9.35241E-2
2.60813E+11	9.18204E-5	-1.26076E+1	-2.14016E-1	-9.51561E-2
2.60900E+11	1.49198E-4	-9.89071E+0	6.81840E-2	3.12889E-1
2.60988E+11	7.15260E-5	-1.28946E+1	9.24055E-2	-2.06909E-1
2.61075E+11	1.33368E-4	-9.99389E+0	-3.10839E-1	5.93273E-2
2.61163E+11	6.31264E-5	-1.35161E+1	1.85361E-1	1.00717E-1
2.61250E+11	1.36531E-4	-1.03189E+1	-9.99192E-3	-3.04664E-1
2.61337E+11	6.23376E-5	-1.39643E+1	-1.14313E-1	1.64535E-1
2.61425E+11	1.34400E-4	-1.04704E+1	2.98780E-1	2.15570E-2
2.61512E+11	5.60531E-5	-1.42767E+1	-1.57496E-1	-1.12019E-1
2.61600E+11	1.31156E-4	-1.06869E+1	-4.74904E-2	2.88299E-1
2.61687E+11	4.99647E-5	-1.50021E+1	1.12019E-1	-1.38056E-1
2.61775E+11	1.24026E-4	-1.13193E+1	-2.58113E-1	-8.47354E-2
2.61863E+11	5.31049E-5	-1.52014E+1	1.25566E-1	1.20095E-1
2.61950E+11	1.07758E-4	-1.18831E+1	1.10802E-1	-2.29218E-1
2.62038E+11	5.20269E-5	-1.50194E+1	-1.31547E-1	1.19069E-1
2.62125E+11	9.99790E-5	-1.19970E+1	2.06112E-1	1.43727E-1
2.62213E+11	5.58600E-5	-1.47109E+1	-8.01166E-2	-1.65470E-1
2.62300E+11	9.43696E-5	-1.24963E+1	-1.88634E-1	1.43873E-1
2.62387E+11	5.60000E-5	-1.49311E+1	1.73641E-1	-4.44667E-2
2.62475E+11	9.51249E-5	-1.26645E+1	-1.31368E-1	-1.92059E-1
2.62562E+11	6.08483E-5	-1.48178E+1	4.85351E-2	1.74992E-1
2.62650E+11	9.78831E-5	-1.25602E+1	1.90737E-1	-1.38129E-1
2.62737E+11	5.35225E-5	-1.50641E+1	-1.63955E-1	6.54069E-2
2.62825E+11	1.02884E-4	-1.22692E+1	1.81536E-1	1.62323E-1
2.62913E+11	5.73451E-5	-1.47605E+1	-9.57005E-2	-1.55746E-1
2.63000E+11	1.05725E-4	-1.20844E+1	-1.76388E-1	1.75409E-1
2.63088E+11	6.53563E-5	-1.41794E+1	1.67328E-1	-1.01003E-1
2.63175E+11	1.00792E-4	-1.20105E+1	-1.70914E-1	-1.83661E-1
2.63263E+11	5.92104E-5	-1.43323E+1	8.99618E-2	1.69663E-1
2.63350E+11	8.16193E-5	-1.26208E+1	1.86799E-1	-1.40704E-1
2.63438E+11	6.03829E-5	-1.38058E+1	-1.82904E-1	9.04263E-2
2.63525E+11	8.55561E-5	-1.24386E+1	1.43124E-1	1.91181E-1
2.63612E+11	7.14307E-5	-1.31868E+1	-7.79110E-2	-2.04788E-1
2.63700E+11	8.02851E-5	-1.25585E+1	-2.10753E-1	1.05190E-1
2.63787E+11	7.30991E-5	-1.30421E+1	2.20560E-1	-3.14407E-2
2.63875E+11	8.40337E-5	-1.24552E+1	-7.22359E-2	-2.27153E-1
2.63962E+11	7.68262E-5	-1.26944E+1	1.21650E-2	2.31571E-1
2.64050E+11	8.44690E-5	-1.25617E+1	2.22969E-1	-7.56711E-2
2.64138E+11	7.73656E-5	-1.27380E+1	-2.29737E-1	2.13692E-2
2.64225E+11	8.62612E-5	-1.22632E+1	9.09123E-2	2.26099E-1
2.64313E+11	8.29335E-5	-1.23423E+1	-3.23671E-2	-2.39302E-1
2.64400E+11	9.39271E-5	-1.21222E+1	-2.29753E-1	9.25127E-2
2.64488E+11	8.98777E-5	-1.22529E+1	2.40500E-1	-4.10547E-2
2.64575E+11	9.47948E-5	-1.19678E+1	-1.18769E-1	-2.22395E-1
2.64662E+11	1.00735E-4	-1.15838E+1	7.14701E-2	2.53640E-1
2.64750E+11	8.92816E-5	-1.21726E+1	2.17148E-1	-1.16120E-1
2.64837E+11	1.10672E-4	-1.13113E+1	-2.64699E-1	6.22273E-2
2.64925E+11	8.78619E-5	-1.23809E+1	1.05860E-1	2.15849E-1
2.65012E+11	1.21507E-4	-1.11254E+1	-6.26063E-2	-2.70652E-1
2.65100E+11	7.59499E-5	-1.30015E+1	-1.91233E-1	1.16324E-1
2.65187E+11	1.09665E-4	-1.11033E+1	2.67344E-1	-7.80607E-2
2.65275E+11	7.21294E-5	-1.29671E+1	-1.13717E-1	-1.93826E-1
2.65363E+11	1.19794E-4	-1.08686E+1	3.63244E-2	2.83820E-1
2.65450E+11	7.06273E-5	-1.34183E+1	1.97960E-1	-7.95548E-2
2.65538E+11	1.25460E-4	-1.08241E+1	-2.87538E-1	6.15917E-3
2.65625E+11	7.25924E-5	-1.31912E+1	9.03533E-2	1.99491E-1
2.65713E+11	1.38984E-4	-1.06380E+1	1.04122E-2	-2.93648E-1
2.65800E+11	7.18162E-5	-1.32660E+1	-2.04809E-1	7.20714E-2
2.65887E+11	1.32802E-4	-1.09064E+1	2.82269E-1	3.85640E-2
2.65975E+11	8.68732E-5	-1.29553E+1	-6.64697E-2	-2.14986E-1
2.66062E+11	1.62656E-4	-1.03098E+1	-6.92855E-2	2.97179E-1
2.66150E+11	9.03343E-5	-1.30653E+1	2.16435E-1	-5.02681E-2
2.66237E+11	1.77181E-4	-1.01860E+1	-2.93756E-1	-9.75389E-2
2.66325E+11	9.21709E-5	-1.31303E+1	5.95181E-3	2.20457E-1
2.66413E+11	2.04927E-4	-9.72811E+0	2.06848E-1	-2.52338E-1
2.66500E+11	8.40630E-5	-1.36397E+1	-1.99471E-1	-5.88718E-2
2.66588E+11	2.21964E-4	-9.74541E+0	2.14894E-1	2.44659E-1
2.66675E+11	8.72709E-5	-1.36729E+1	4.66089E-2	-2.01874E-1
2.66763E+11	2.51724E-4	-9.08782E+0	-2.65249E-1	2.30250E-1
2.66850E+11	7.99422E-5	-1.40096E+1	1.94625E-1	4.29395E-2
2.66937E+11	2.55081E-4	-9.18668E+0	-1.70741E-1	-3.02396E-1
2.67025E+11	8.97342E-5	-1.34620E+1	-6.23541E-2	2.02911E-1
2.67112E+11	2.83260E-4	-8.60157E+0	3.36505E-1	-1.57332E-1
2.67200E+11	1.00833E-4	-1.30233E+1	-2.20864E-1	-3.27098E-2
2.67287E+11	2.54858E-4	-9.07264E+0	2.06587E-1	2.84827E-1
2.67375E+11	1.00092E-4	-1.27747E+1	-1.27096E-2	-2.29404E-1
2.67462E+11	2.65570E-4	-9.11629E+0	-2.51227E-1	2.43826E-1
2.67550E+11	1.03140E-4	-1.27390E+1	2.30551E-1	-8.34605E-3
2.67638E+11	2.20208E-4	-9.59156E+0	-2.10216E-1	-2.56262E-1
2.67725E+11	1.08202E-4	-1.26577E+1	1.10522E-2	2.32608E-1
2.67813E+11	2.53557E-4	-8.92237E+0	2.42350E-1	-2.63495E-1
2.67900E+11	1.08457E-4	-1.26965E+1	-2.22637E-1	6.46471E-2
2.67988E+11	2.73484E-4	-8.71171E+0	3.00289E-1	2.10617E-1
2.68075E+11	1.00807E-4	-1.28429E+1	-8.86405E-2	-2.10018E-1
2.68162E+11	2.85868E-4	-8.50971E+0	-1.99073E-1	3.18290E-1
2.68250E+11	9.81172E-5	-1.29472E+1	1.88885E-1	-1.22698E-1
2.68337E+11	2.61183E-4	-8.86929E+0	-3.15558E-1	-1.73673E-1
2.68425E+11	1.07021E-4	-1.27924E+1	1.38650E-1	1.82617E-1
2.68512E+11	2.75305E-4	-8.82584E+0	1.59881E-1	-3.24779E-1
2.68600E+11	1.13204E-4	-1.25618E+1	-1.60885E-1	1.71919E-1
2.68688E+11	2.38401E-4	-9.55809E+0	3.12952E-1	1.13012E-1
2.68775E+11	1.13764E-4	-1.26825E+1	-1.74821E-1	-1.52831E-1
2.68863E+11	2.12037E-4	-9.80452E+0	-9.73191E-2	3.08436E-1
2.68950E+11	1.03137E-4	-1.29318E+1	1.51399E-1	-1.67302E-1
2.69038E+11	2.19024E-4	-1.01007E+1	-2.96021E-1	-1.00403E-1
2.69125E+11	1.05301E-4	-1.33087E+1	1.67043E-1	1.37028E-1
2.69212E+11	2.23658E-4	-1.00683E+1	5.48444E-2	-3.08920E-1
2.69300E+11	9.90759E-5	-1.36581E+1	-1.15900E-1	1.72159E-1
2.69387E+11	2.12186E-4	-1.04852E+1	2.91651E-1	6.61015E-2
2.69475E+11	1.21439E-4	-1.33250E+1	-1.86260E-1	-1.08683E-1
2.69562E+11	2.65556E-4	-9.90113E+0	-4.15205E-2	3.17141E-1
2.69650E+11	1.14911E-4	-1.35096E+1	8.10944E-2	-1.94919E-1
2.69737E+11	2.30112E-4	-1.01295E+1	-3.08687E-1	-4.21286E-2
2.69825E+11	1.07231E-4	-1.36737E+1	1.97159E-1	6.35982E-2
2.69913E+11	2.24647E-4	-1.02582E+1	1.63673E-2	-3.06529E-1
2.70000E+11	1.09120E-4	-1.34780E+1	-3.53436E-2	2.08916E-1
2.70088E+11	1.90476E-4	-1.06211E+1	2.94405E-1	7.74406E-4
2.70175E+11	1.11405E-4	-1.31468E+1	-2.19284E-1	-1.91570E-2
2.70263E+11	1.82912E-4	-1.07628E+1	2.35145E-2	2.88683E-1
2.70350E+11	1.13625E-4	-1.29018E+1	-1.78185E-2	-2.25716E-1
2.70437E+11	1.71517E-4	-1.09971E+1	-2.66040E-1	9.33179E-2
2.70525E+11	1.10445E-4	-1.28780E+1	2.09294E-1	-8.79938E-2
2.70612E+11	1.63386E-4	-1.11511E+1	-1.57916E-1	-2.27549E-1
2.70700E+11	1.14484E-4	-1.27836E+1	1.29301E-1	1.89634E-1
2.70787E+11	1.48515E-4	-1.14312E+1	1.87868E-1	-1.91393E-1
2.70875E+11	1.08615E-4	-1.26180E+1	-1.41707E-1	1.86133E-1
2.70963E+11	1.36446E-4	-1.13109E+1	2.60779E-1	7.70655E-2
2.71050E+11	9.72172E-5	-1.30453E+1	-2.22007E-1	-1.76418E-2
2.71138E+11	1.25116E-4	-1.19480E+1	4.39531E-2	2.48846E-1
2.71225E+11	1.03454E-4	-1.27474E+1	-3.94367E-2	-2.27080E-1
2.71313E+11	1.15560E-4	-1.20344E+1	-2.48253E-1	3.11114E-2
2.71400E+11	1.08207E-4	-1.24184E+1	2.37230E-1	-3.19720E-2
2.71488E+11	1.13596E-4	-1.22232E+1	-3.99117E-2	-2.41541E-1
2.71575E+11	1.12120E-4	-1.21708E+1	6.27298E-2	2.38174E-1
2.71662E+11	1.06351E-4	-1.23555E+1	2.27065E-1	-8.11065E-2
2.71750E+11	1.18456E-4	-1.19087E+1	-2.29231E-1	1.09038E-1
2.71837E+11	1.00879E-4	-1.26152E+1	9.59722E-2	2.13429E-1
2.71925E+11	1.27273E-4	-1.14640E+1	-1.11842E-1	-2.42644E-1
2.72012E+11	1.00917E-4	-1.26759E+1	-2.06673E-1	1.06248E-1
2.72100E+11	1.23904E-4	-1.13434E+1	2.34524E-1	-1.35617E-1
2.72188E+11	8.19153E-5	-1.31012E+1	-1.48552E-1	-1.64002E-1
2.72275E+11	1.14557E-4	-1.14129E+1	1.83875E-1	1.96006E-1
2.72363E+11	8.84205E-5	-1.26929E+1	1.57779E-1	-1.69989E-1
2.72450E+11	1.11972E-4	-1.16718E+1	-2.11390E-1	1.52847E-1
2.72538E+11	9.21611E-5	-1.27703E+1	1.40774E-1	1.81726E-1
2.72625E+11	1.08043E-4	-1.18296E+1	-1.42514E-1	-2.12860E-1
2.72712E+11	9.09803E-5	-1.27432E+1	-1.71381E-1	1.54272E-1
2.72800E+11	1.03751E-4	-1.19301E+1	2.02879E-1	-1.51525E-1
2.72887E+11	9.06602E-5	-1.25762E+1	-1.32882E-1	-1.93902E-1
2.72975E+11	1.22451E-4	-1.13681E+1	1.11616E-1	2.46006E-1
2.73062E+11	8.97305E-5	-1.25326E+1	2.29088E-1	-5.77300E-2
2.73150E+11	1.25152E-4	-1.10826E+1	-2.78270E-1	2.23977E-2
2.73238E+11	8.73371E-5	-1.28789E+1	3.73884E-3	2.26984E-1
2.73325E+11	1.19430E-4	-1.13913E+1	-3.92624E-3	-2.69395E-1
2.73413E+11	7.71786E-5	-1.32853E+1	-2.16586E-1	4.70920E-3
2.73500E+11	1.29347E-4	-1.13159E+1	2.71171E-1	1.80788E-2
2.73588E+11	7.62174E-5	-1.34913E+1	1.84871E-2	-2.10752E-1
2.73675E+11	1.30929E-4	-1.11564E+1	-6.10674E-2	2.69989E-1
2.73763E+11	8.52415E-5	-1.31125E+1	2.17709E-1	3.79398E-2
2.73850E+11	1.47261E-4	-1.06299E+1	-2.88684E-1	-5.62120E-2
2.73937E+11	8.70691E-5	-1.30047E+1	-8.42934E-3	2.23593E-1
2.74025E+11	1.53769E-4	-1.06859E+1	4.36990E-2	-2.88930E-1
2.74112E+11	8.81610E-5	-1.29471E+1	-2.23892E-1	-2.45949E-2
2.74200E+11	1.50388E-4	-1.07774E+1	2.79535E-1	7.39672E-2
2.74287E+11	8.81541E-5	-1.30584E+1	7.19206E-2	-2.10421E-1
2.74375E+11	1.50414E-4	-1.05471E+1	-1.40124E-1	2.61779E-1
2.74463E+11	9.12835E-5	-1.28577E+1	1.84435E-1	1.33312E-1
2.74550E+11	1.76169E-4	-1.01366E+1	-2.22707E-1	-2.17497E-1
2.74638E+11	8.11790E-5	-1.31943E+1	-1.65120E-1	1.43739E-1
2.74725E+11	1.74425E-4	-1.00391E+1	2.46974E-1	-1.95209E-1
2.74813E+11	7.55610E-5	-1.34379E+1	-1.33962E-1	-1.65426E-1
2.74900E+11	1.65176E-4	-1.03979E+1	1.71917E-1	2.48374E-1
2.74988E+11	6.71638E-5	-1.39448E+1	1.58505E-1	-1.23273E-1
2.75075E+11	1.54126E-4	-1.05053E+1	-2.32194E-1	1.87355E-1
2.75162E+11	6.52642E-5	-1.42874E+1	1.56773E-1	1.12622E-1
2.75250E+11	1.47856E-4	-1.05849E+1	-2.40126E-1	-1.72451E-1
2.75338E+11	6.42702E-5	-1.42773E+1	-6.84658E-2	1.80722E-1
2.75425E+11	1.55766E-4	-1.04950E+1	1.57883E-1	-2.53575E-1
2.75512E+11	5.95237E-5	-1.42492E+1	-1.79669E-1	-7.28671E-2
2.75600E+11	1.46581E-4	-1.06125E+1	2.41822E-1	1.68430E-1
2.75688E+11	6.30621E-5	-1.42462E+1	5.88612E-2	-1.84802E-1
2.75775E+11	1.52142E-4	-1.04586E+1	-1.04499E-1	2.81174E-1
2.75862E+11	7.16443E-5	-1.38725E+1	2.02160E-1	1.13441E-2
2.75950E+11	1.79467E-4	-9.98610E+0	-2.98288E-1	-1.06511E-1
2.76038E+11	6.78048E-5	-1.40834E+1	-6.88419E-2	1.85241E-1
2.76125E+11	1.95243E-4	-9.80351E+0	2.35011E-1	-2.22257E-1
2.76213E+11	7.93333E-5	-1.37104E+1	-1.69848E-1	-1.17079E-1
2.76300E+11	2.45531E-4	-9.10277E+0	2.23701E-1	2.70012E-1
2.76387E+11	7.58823E-5	-1.40337E+1	8.73566E-2	-1.78526E-1
2.76475E+11	2.19126E-4	-9.25917E+0	-2.47295E-1	2.39676E-1
2.76563E+11	6.53407E-5	-1.46319E+1	1.63785E-1	8.71473E-2
2.76650E+11	2.24703E-4	-9.31870E+0	-2.00778E-1	-2.76899E-1
2.76737E+11	6.78628E-5	-1.44123E+1	-8.45469E-2	1.70461E-1
2.76825E+11	2.15604E-4	-9.29171E+0	2.58501E-1	-2.25591E-1
2.76913E+11	7.34337E-5	-1.38833E+1	-2.01618E-1	-1.56545E-2
2.77000E+11	2.24270E-4	-8.96643E+0	3.17231E-1	1.61969E-1
2.77087E+11	7.46113E-5	-1.34315E+1	-3.22348E-2	-2.10569E-1
2.77175E+11	1.89583E-4	-9.39748E+0	-1.72331E-1	2.91863E-1
2.77262E+11	7.48849E-5	-1.30691E+1	2.21166E-1	2.03316E-2
2.77350E+11	1.79796E-4	-9.00099E+0	-2.94906E-1	-1.97216E-1
2.77438E+11	7.02762E-5	-1.29905E+1	-1.35286E-2	2.23710E-1
2.77525E+11	2.08695E-4	-8.37371E+0	1.93757E-1	-3.28451E-1
2.77612E+11	7.85126E-5	-1.23627E+1	-2.40848E-1	-5.68861E-3
2.77700E+11	2.50142E-4	-6.98301E+0	3.69845E-1	2.52038E-1
2.77788E+11	7.39129E-5	-1.20812E+1	3.26161E-2	-2.46704E-1
2.77875E+11	2.30476E-4	-6.61530E+0	-2.94037E-1	3.62697E-1
2.77962E+11	7.39617E-5	-1.09700E+1	2.81784E-1	-2.41091E-2
2.78050E+11	2.91603E-4	-4.08016E+0	-5.58954E-1	-2.79996E-1
2.78138E+11	8.34682E-5	-9.04235E+0	1.21912E-1	3.31374E-1
2.78225E+11	3.04766E-4	-2.99183E+0	3.16007E-1	-6.34248E-1
2.78312E+11	9.19194E-5	-8.08695E+0	-3.80548E-1	1.02619E-1
2.78400E+11	3.30010E-4	-2.53233E+0	6.02938E-1	4.41177E-1
2.78487E+11	1.08084E-4	-7.55857E+0	-9.34891E-2	-4.08296E-1
2.78575E+11	3.37304E-4	-2.22196E+0	-4.17076E-1	6.52356E-1
2.78663E+11	1.13830E-4	-7.18799E+0	4.22273E-1	-1.12958E-1
2.78750E+11	3.84721E-4	-1.66846E+0	-6.82766E-1	-4.63511E-1
2.78837E+11	1.10410E-4	-7.27971E+0	5.60515E-2	4.28881E-1
2.78925E+11	4.05369E-4	-1.49858E+0	6.06263E-1	-5.83629E-1
2.79013E+11	9.92020E-5	-7.51831E+0	-4.18770E-1	-4.13670E-2
2.79100E+11	3.74652E-4	-1.76930E+0	3.42367E-1	7.40382E-1
2.79187E+11	1.06119E-4	-7.61879E+0	1.41637E-1	-3.91112E-1
2.79275E+11	3.77747E-4	-2.20642E+0	-7.70662E-1	8.80339E-2
2.79363E+11	9.03672E-5	-8.72560E+0	3.14776E-1	1.87135E-1
2.79450E+11	3.71434E-4	-3.30685E+0	4.69897E-2	-6.81755E-1
2.79537E+11	9.10071E-5	-9.91336E+0	-1.71976E-1	2.69145E-1
2.79625E+11	3.17899E-4	-4.81282E+0	5.68113E-1	8.60411E-2
2.79712E+11	9.86427E-5	-1.04109E+1	-2.42874E-1	-1.78841E-1
2.79800E+11	2.95653E-4	-5.85522E+0	-1.19456E-1	4.95413E-1
2.79888E+11	1.00479E-4	-1.07238E+1	1.89059E-1	-2.21147E-1
2.79975E+11	2.74495E-4	-6.59456E+0	-4.54204E-1	-1.12910E-1
2.80062E+11	1.20553E-4	-1.06134E+1	2.36127E-1	1.76276E-1
2.80150E+11	3.13911E-4	-6.64060E+0	1.10867E-1	-4.52160E-1
2.80238E+11	1.10921E-4	-1.12008E+1	-1.83700E-1	2.05180E-1
2.80325E+11	3.09910E-4	-6.89495E+0	4.16566E-1	1.75740E-1
2.80412E+11	1.00855E-4	-1.20501E+1	-1.70107E-1	-1.82855E-1
2.80500E+11	2.87998E-4	-7.49563E+0	-1.72338E-1	3.85106E-1
2.80588E+11	1.01656E-4	-1.18982E+1	1.85765E-1	-1.73444E-1
2.80675E+11	2.83019E-4	-7.73258E+0	-3.61770E-1	-1.94108E-1
2.80763E+11	9.56159E-5	-1.23236E+1	1.63453E-1	1.78462E-1
2.80850E+11	2.60885E-4	-8.17110E+0	2.02426E-1	-3.33752E-1
2.80937E+11	1.10885E-4	-1.21585E+1	-1.66755E-1	1.81735E-1
2.81025E+11	2.70254E-4	-8.40407E+0	3.47381E-1	1.54061E-1
2.81113E+11	1.15138E-4	-1.21342E+1	-2.21318E-1	-1.10429E-1
2.81200E+11	2.61637E-4	-8.79724E+0	-6.69400E-2	3.56971E-1
2.81287E+11	1.23519E-4	-1.19705E+1	8.05206E-2	-2.38836E-1
2.81375E+11	2.63651E-4	-8.91350E+0	-3.53794E-1	-5.70500E-2
2.81463E+11	1.23526E-4	-1.18800E+1	2.35825E-1	9.61799E-2
2.81550E+11	2.32118E-4	-9.01072E+0	5.02258E-2	-3.50799E-1
2.81637E+11	1.08256E-4	-1.19103E+1	-7.83311E-2	2.41405E-1
2.81725E+11	2.37034E-4	-8.93856E+0	3.56950E-1	1.65242E-2
2.81813E+11	1.09284E-4	-1.19872E+1	-2.44469E-1	-5.93055E-2
2.81900E+11	2.39307E-4	-8.91574E+0	-3.25766E-2	3.56788E-1
2.81988E+11	9.88762E-5	-1.23457E+1	7.42707E-2	-2.29677E-1
2.82075E+11	2.20602E-4	-9.04597E+0	-3.48081E-1	-5.83689E-2
2.82162E+11	9.45126E-5	-1.23999E+1	2.33141E-1	5.64860E-2
2.82250E+11	2.14400E-4	-9.06628E+0	-3.96184E-3	-3.52094E-1
2.82338E+11	9.01961E-5	-1.26351E+1	-2.45455E-2	2.32185E-1
2.82425E+11	1.78796E-4	-9.62452E+0	3.28703E-1	3.13769E-2
2.82512E+11	8.83701E-5	-1.24114E+1	-2.38388E-1	-2.37366E-2
2.82600E+11	1.67068E-4	-9.83856E+0	1.00382E-2	3.22004E-1
2.82688E+11	1.02232E-4	-1.17601E+1	-5.81033E-2	-2.51600E-1
2.82775E+11	1.56134E-4	-1.01632E+1	-2.94641E-1	9.74628E-2
2.82862E+11	1.03281E-4	-1.17747E+1	2.39306E-1	-9.58543E-2
2.82950E+11	1.46231E-4	-1.03731E+1	-8.25723E-2	-2.91462E-1
2.83037E+11	1.04851E-4	-1.17235E+1	7.21463E-2	2.49074E-1
2.83125E+11	1.32466E-4	-1.04507E+1	2.92519E-1	-6.76450E-2
2.83213E+11	1.06245E-4	-1.13016E+1	-2.48905E-1	1.10225E-1
2.83300E+11	1.38790E-4	-1.02806E+1	1.40521E-1	2.72024E-1
2.83387E+11	1.07302E-4	-1.14878E+1	-1.46353E-1	-2.22654E-1
2.83475E+11	1.25838E-4	-1.05925E+1	-2.63214E-1	1.34034E-1
2.83563E+11	1.12161E-4	-1.13024E+1	2.40116E-1	-1.28195E-1
2.83650E+11	1.22928E-4	-1.07945E+1	-9.21010E-2	-2.73493E-1
2.83737E+11	1.01570E-4	-1.15967E+1	9.04825E-2	2.47079E-1
2.83825E+11	1.12297E-4	-1.10431E+1	2.75221E-1	-5.38576E-2
2.83913E+11	1.10216E-4	-1.10617E+1	-2.67084E-1	8.35363E-2
2.84000E+11	1.07925E-4	-1.12943E+1	5.09959E-2	2.67633E-1
2.84087E+11	1.29223E-4	-1.02289E+1	-1.17026E-1	-2.84903E-1
2.84175E+11	9.93215E-5	-1.12046E+1	-2.51287E-1	1.12394E-1
2.84262E+11	1.28104E-4	-9.95532E+0	2.54933E-1	-1.89851E-1
2.84350E+11	8.34699E-5	-1.16883E+1	-1.34230E-1	-2.23100E-1
2.84438E+11	1.33656E-4	-1.00190E+1	1.89111E-1	2.52588E-1
2.84525E+11	9.04829E-5	-1.19468E+1	2.12288E-1	-1.37141E-1
2.84612E+11	1.47097E-4	-9.96442E+0	-2.44944E-1	2.02052E-1
2.84700E+11	8.72414E-5	-1.22825E+1	1.52280E-1	1.89561E-1
2.84788E+11	1.52783E-4	-9.89412E+0	-2.35582E-1	-2.16724E-1
2.84875E+11	8.90346E-5	-1.25090E+1	-1.47761E-1	1.85159E-1
2.84962E+11	1.52249E-4	-1.01061E+1	1.60601E-1	-2.67945E-1
2.85050E+11	8.21975E-5	-1.29816E+1	-2.00367E-1	-1.00919E-1
2.85138E+11	1.47655E-4	-1.04534E+1	2.80791E-1	1.06033E-1
2.85225E+11	8.09748E-5	-1.30683E+1	7.12033E-2	-2.10397E-1
2.85313E+11	1.56335E-4	-1.02444E+1	-7.44132E-2	2.98313E-1
2.85400E+11	7.82656E-5	-1.34271E+1	2.06360E-1	5.32912E-2
2.85487E+11	1.67988E-4	-9.87115E+0	-3.18561E-1	-3.91139E-2
2.85575E+11	6.91129E-5	-1.38163E+1	-2.80632E-2	2.01850E-1
2.85663E+11	2.02058E-4	-9.23986E+0	1.44153E-3	-3.45146E-1
2.85750E+11	7.08859E-5	-1.36749E+1	-2.05816E-1	2.33466E-2
2.85837E+11	2.19341E-4	-8.71122E+0	3.54173E-1	-9.54456E-2
2.85925E+11	6.82821E-5	-1.38638E+1	-7.82276E-2	-1.86975E-1
2.86013E+11	2.23863E-4	-8.58943E+0	1.02357E-1	3.57628E-1
2.86100E+11	6.52143E-5	-1.42744E+1	1.82586E-1	-6.35264E-2
2.86187E+11	2.21137E-4	-8.70758E+0	-3.64021E-1	4.63630E-2
2.86275E+11	5.58352E-5	-1.47403E+1	4.64080E-2	1.77251E-1
2.86363E+11	2.05138E-4	-8.72037E+0	-2.97706E-3	-3.66410E-1
2.86450E+11	5.19268E-5	-1.48361E+1	-1.71697E-1	5.79542E-2
2.86538E+11	2.10960E-4	-8.60969E+0	3.68680E-1	-4.24950E-2
2.86625E+11	5.49690E-5	-1.44540E+1	-7.79814E-2	-1.72564E-1
2.86712E+11	2.17416E-4	-7.96329E+0	5.65594E-2	3.95772E-1
2.86800E+11	5.04758E-5	-1.43087E+1	1.76664E-1	-7.66106E-2
2.86888E+11	2.23472E-4	-7.64665E+0	-4.14623E-1	-3.40622E-3
2.86975E+11	4.37325E-5	-1.48077E+1	2.91193E-2	1.79462E-1
2.87062E+11	2.18619E-4	-7.58757E+0	1.29668E-1	-3.96818E-1
2.87150E+11	3.87618E-5	-1.51097E+1	-1.75595E-1	-5.52048E-4
2.87238E+11	2.25162E-4	-7.33190E+0	3.97285E-1	1.64349E-1
2.87325E+11	3.52213E-5	-1.56574E+1	-2.07165E-2	-1.63558E-1
2.87412E+11	1.96423E-4	-7.60879E+0	-1.21792E-1	3.98240E-1
2.87500E+11	2.90610E-5	-1.61151E+1	1.46225E-1	-5.54986E-2
2.87588E+11	2.15730E-4	-7.34156E+0	-4.21517E-1	-8.22118E-2
2.87675E+11	3.13884E-5	-1.60327E+1	8.31958E-2	1.34198E-1
2.87763E+11	2.48817E-4	-7.41601E+0	1.05447E-1	-4.12531E-1
2.87850E+11	4.37224E-5	-1.50380E+1	-1.42089E-1	1.05633E-1
2.87937E+11	2.72137E-4	-7.01565E+0	4.34069E-1	1.01942E-1
2.88025E+11	2.87079E-5	-1.43273E+1	-1.45828E-1	-1.25120E-1
2.88113E+11	1.89185E-4	-7.04893E+0	3.79993E-2	4.42546E-1
2.88200E+11	4.07177E-5	-1.40830E+1	8.92117E-2	-1.76346E-1
2.88287E+11	1.99574E-4	-7.12525E+0	-4.28037E-1	1.03142E-1
2.88375E+11	3.72639E-5	-1.42724E+1	1.77810E-1	7.59876E-2
2.88463E+11	1.97046E-4	-7.05509E+0	-8.93643E-2	-4.34771E-1
2.88550E+11	3.57547E-5	-1.43109E+1	-8.08270E-2	1.74721E-1
2.88637E+11	2.03955E-4	-6.55388E+0	4.65558E-1	-6.60850E-2
2.88725E+11	3.73842E-5	-1.42132E+1	-1.80622E-1	-7.26588E-2
2.88812E+11	2.21222E-4	-6.77266E+0	5.66821E-2	4.55012E-1
2.88900E+11	3.66877E-5	-1.47176E+1	6.09468E-2	-1.73301E-1
2.88988E+11	2.14559E-4	-7.10023E+0	-4.40414E-1	3.17745E-2
2.89075E+11	4.04711E-5	-1.45662E+1	1.81058E-1	4.65050E-2
2.89162E+11	2.41362E-4	-6.87796E+0	-5.32817E-2	-4.49859E-1
2.89250E+11	5.14414E-5	-1.36085E+1	-3.79985E-3	2.08691E-1
2.89338E+11	2.33044E-4	-6.83242E+0	4.34200E-1	-1.37283E-1
2.89425E+11	5.00802E-5	-1.32622E+1	-2.14910E-1	3.15615E-2
2.89512E+11	2.23760E-4	-7.12891E+0	1.32182E-1	4.19784E-1
2.89600E+11	4.93713E-5	-1.35161E+1	-4.29861E-3	-2.10915E-1
2.89688E+11	1.85893E-4	-7.37490E+0	-4.23587E-1	5.99943E-2
2.89775E+11	4.67691E-5	-1.30422E+1	2.21233E-1	2.62562E-2
2.89862E+11	1.64746E-4	-6.98930E+0	-2.57733E-2	-4.46491E-1
2.89950E+11	4.10575E-5	-1.30575E+1	-3.16441E-2	2.20132E-1
2.90037E+11	1.76313E-4	-6.72566E+0	4.60227E-1	2.69830E-2
2.90125E+11	4.41914E-5	-1.25200E+1	-2.26534E-1	-6.82547E-2
2.90213E+11	1.49174E-4	-6.64755E+0	-1.35166E-1	4.45111E-1
2.90300E+11	3.96823E-5	-1.23060E+1	1.19508E-1	-2.10999E-1
2.90387E+11	1.49684E-4	-6.25504E+0	-4.22629E-1	-2.41344E-1
2.90475E+11	4.60232E-5	-1.15781E+1	2.32591E-1	1.24234E-1
2.90563E+11	1.71170E-4	-5.76896E+0	2.34483E-1	-4.58182E-1
2.90650E+11	4.85412E-5	-1.04747E+1	-9.66119E-2	2.83393E-1
2.90737E+11	1.58185E-4	-4.34034E+0	5.49359E-1	2.57497E-1
2.90825E+11	5.63340E-5	-7.66657E+0	-3.84553E-1	-1.52499E-1
2.90913E+11	1.43813E-4	-2.66663E+0	-4.26844E-1	5.99148E-1
2.91000E+11	7.00874E-5	-5.15867E+0	2.76016E-1	-4.78224E-1
2.91088E+11	1.52120E-4	-9.05610E-1	-6.68132E-1	-6.04467E-1
2.91175E+11	7.12688E-5	-3.76909E+0	5.16214E-1	3.91625E-1
2.91262E+11	1.30335E-4	-1.49606E+0	6.42165E-1	-5.44254E-1
2.91350E+11	5.78818E-5	-4.85778E+0	-4.13931E-1	3.94229E-1
2.91438E+11	1.02323E-4	-2.78530E+0	3.37585E-1	6.42357E-1
2.91525E+11	5.41593E-5	-5.51634E+0	-2.74558E-1	-4.53209E-1
2.91612E+11	8.85547E-5	-3.23518E+0	-6.50861E-1	2.26161E-1
2.91700E+11	5.15880E-5	-5.69035E+0	4.69999E-1	-2.21028E-1
2.91788E+11	9.17034E-5	-3.87902E+0	-9.92670E-2	-6.32060E-1
2.91875E+11	4.84712E-5	-6.30948E+0	1.10475E-1	4.70858E-1
2.91962E+11	7.39119E-5	-5.32496E+0	5.34222E-1	8.96489E-2
2.92050E+11	5.62952E-5	-7.53357E+0	-4.20067E-1	-1.55743E-3
2.92138E+11	7.38495E-5	-6.67399E+0	-1.38556E-1	4.42586E-1
2.92225E+11	6.12410E-5	-7.90422E+0	-9.31531E-3	-4.02414E-1
2.92313E+11	7.07342E-5	-8.11734E+0	-3.78793E-1	-1.03828E-1
2.92400E+11	7.27578E-5	-8.40874E+0	3.79483E-1	1.56880E-2
2.92487E+11	6.60575E-5	-9.24549E+0	1.27107E-1	-3.20652E-1
2.92575E+11	8.60734E-5	-8.56709E+0	-7.68534E-2	3.64941E-1
2.92663E+11	5.83046E-5	-1.06264E+1	2.56301E-1	1.44496E-1
2.92750E+11	8.59148E-5	-9.45814E+0	-3.22116E-1	-9.76212E-2
2.92837E+11	5.12042E-5	-1.19996E+1	-1.28794E-1	2.15668E-1
2.92925E+11	9.05048E-5	-1.04853E+1	1.20885E-1	-2.73523E-1
2.93013E+11	4.89788E-5	-1.31749E+1	-1.78441E-1	-1.27670E-1
2.93100E+11	8.50094E-5	-1.10731E+1	2.32610E-1	1.54916E-1
2.93187E+11	4.82723E-5	-1.37985E+1	1.28207E-1	-1.58948E-1
2.93275E+11	8.41144E-5	-1.16297E+1	-1.28051E-1	2.28723E-1
2.93362E+11	4.63545E-5	-1.42936E+1	1.69727E-1	9.16573E-2
2.93450E+11	7.73833E-5	-1.21582E+1	-2.30953E-1	-8.66020E-2
2.93538E+11	4.30620E-5	-1.46865E+1	-8.96020E-2	1.61125E-1
2.93625E+11	9.31562E-5	-1.20189E+1	1.20990E-1	-2.19506E-1
2.93712E+11	4.46198E-5	-1.50206E+1	-1.47476E-1	-9.86086E-2
2.93800E+11	9.12451E-5	-1.17409E+1	2.31384E-1	1.15912E-1
2.93888E+11	3.93707E-5	-1.54637E+1	7.93062E-2	-1.48764E-1
2.93975E+11	9.76438E-5	-1.18329E+1	-9.50743E-2	2.37764E-1
2.94062E+11	3.64288E-5	-1.58542E+1	1.51388E-1	5.52983E-2
2.94150E+11	8.79541E-5	-1.17681E+1	-2.37826E-1	-9.99779E-2
2.94238E+11	3.30279E-5	-1.58138E+1	-5.90813E-2	1.50760E-1
2.94325E+11	9.27487E-5	-1.15386E+1	1.25501E-1	-2.33276E-1
2.94412E+11	3.20610E-5	-1.58615E+1	-1.44708E-1	-7.06551E-2
2.94500E+11	8.65636E-5	-1.13639E+1	2.06472E-1	1.74408E-1
2.94587E+11	3.27386E-5	-1.55008E+1	9.20446E-2	-1.40379E-1
2.94675E+11	8.39670E-5	-1.12817E+1	-1.87333E-1	1.98369E-1
2.94763E+11	3.24156E-5	-1.54111E+1	1.46210E-1	8.59602E-2
2.94850E+11	7.94045E-5	-1.13052E+1	-2.00614E-1	-1.83839E-1
2.94937E+11	3.24814E-5	-1.52716E+1	-1.05753E-1	1.36097E-1
2.95025E+11	8.77044E-5	-1.08405E+1	2.35129E-1	-1.64677E-1
2.95113E+11	3.13087E-5	-1.53953E+1	-1.10135E-1	-1.29391E-1
2.95200E+11	9.85099E-5	-1.05304E+1	1.24571E-1	2.70158E-1
2.95287E+11	3.27216E-5	-1.53299E+1	1.26697E-1	-1.15140E-1
2.95375E+11	1.10192E-4	-9.92113E+0	-2.65605E-1	1.76880E-1
2.95463E+11	3.41127E-5	-1.53413E+1	1.38803E-1	9.98324E-2
2.95550E+11	1.25828E-4	-9.70273E+0	-1.70981E-1	-2.79016E-1
2.95638E+11	2.98476E-5	-1.55754E+1	-1.15312E-1	1.20008E-1
2.95725E+11	1.24000E-4	-9.36899E+0	3.16093E-1	-1.25392E-1
2.95812E+11	3.01999E-5	-1.55212E+1	-1.31672E-1	-1.03486E-1
2.95900E+11	1.21015E-4	-9.34341E+0	1.49507E-1	3.06544E-1
2.95988E+11	3.36240E-5	-1.53458E+1	8.88841E-2	-1.45952E-1
2.96075E+11	1.30976E-4	-9.18073E+0	-3.23471E-1	1.26996E-1
2.96162E+11	3.77420E-5	-1.49194E+1	1.31530E-1	1.22126E-1
2.96250E+11	1.35271E-4	-9.04962E+0	-3.36353E-2	-3.51185E-1
2.96338E+11	3.87831E-5	-1.48100E+1	-1.29341E-1	1.27703E-1
2.96425E+11	1.51899E-4	-8.77894E+0	3.53461E-1	-8.67873E-2
2.96512E+11	3.82665E-5	-1.46020E+1	-1.65328E-1	-8.55800E-2
2.96600E+11	1.52925E-4	-8.59241E+0	1.84154E-1	3.23059E-1
2.96688E+11	3.33588E-5	-1.49777E+1	7.21911E-2	-1.63016E-1
2.96775E+11	1.28808E-4	-8.90664E+0	-3.51615E-1	7.06745E-2
2.96863E+11	3.82025E-5	-1.43836E+1	1.55210E-1	1.11152E-1
2.96950E+11	1.57733E-4	-8.39697E+0	-4.89515E-2	-3.77158E-1
2.97037E+11	4.09992E-5	-1.47337E+1	-8.24078E-2	1.63803E-1
2.97125E+11	1.69507E-4	-8.22501E+0	3.76155E-1	-9.48370E-2
2.97213E+11	4.12874E-5	-1.48476E+1	-1.74204E-1	-4.90383E-2
2.97300E+11	1.70723E-4	-8.45945E+0	1.18673E-1	3.58463E-1
2.97387E+11	3.86763E-5	-1.46074E+1	2.31766E-2	-1.84601E-1
2.97475E+11	1.52619E-4	-8.23119E+0	-3.55294E-1	1.55047E-1
2.97563E+11	4.54282E-5	-1.28156E+1	2.27966E-1	-1.80135E-2
2.97650E+11	1.53379E-4	-6.51704E+0	-1.75670E-1	-4.38333E-1
2.97737E+11	4.46258E-5	-1.17487E+1	-5.64322E-2	2.52327E-1
2.97825E+11	1.31629E-4	-6.25817E+0	4.85110E-1	-3.68736E-2
2.97913E+11	4.37746E-5	-1.27977E+1	-2.00475E-1	-1.10987E-1
2.98000E+11	1.23940E-4	-8.08738E+0	3.08953E-2	3.92909E-1
2.98088E+11	4.80268E-5	-1.14813E+1	3.19641E-2	-2.64724E-1
2.98175E+11	1.43909E-4	-5.48496E+0	-4.82073E-1	2.24546E-1
2.98262E+11	4.59668E-5	-8.14947E+0	3.90850E-1	-1.90815E-2
2.98350E+11	1.34530E-4	-2.13236E+0	-2.87064E-1	-7.27744E-1
2.98438E+11	4.51738E-5	-5.25092E+0	-9.48217E-2	5.38037E-1
2.98525E+11	1.30404E-4	1.48317E+0	1.16617E+0	-2.17052E-1
2.98612E+11	4.51462E-5	-8.38370E-1	-9.01973E-1	-1.04362E-1
2.98700E+11	1.37145E-4	5.69892E+0	5.40551E-1	1.84993E+0
2.98788E+11	4.13751E-5	3.20066E+0	7.87902E-2	-1.44340E+0
2.98875E+11	1.24055E-4	9.79333E+0	-3.07026E+0	3.29788E-1
2.98962E+11	4.25033E-5	4.24184E+0	1.51907E+0	5.90061E-1
2.99050E+11	1.09964E-4	9.56603E+0	8.23374E-1	-2.89329E+0
2.99137E+11	4.85437E-5	7.72284E+0	-1.54451E+0	1.87989E+0
2.99225E+11	9.60267E-5	1.09120E+1	2.99206E+0	1.83964E+0
2.99313E+11	4.20950E-5	8.41659E+0	-1.70584E+0	-2.00871E+0
2.99400E+11	8.74826E-5	1.06280E+1	-2.29051E+0	2.51183E+0
2.99487E+11	4.28965E-5	6.97296E+0	1.95482E+0	-1.07677E+0
2.99575E+11	8.99267E-5	9.16380E+0	-1.65809E+0	-2.34507E+0
2.99663E+11	4.45352E-5	4.24090E+0	4.29905E-1	1.57173E+0
2.99750E+11	8.70558E-5	4.70405E+0	1.60679E+0	-6.10065E-1
2.99837E+11	4.15207E-5	-2.49544E+0	-7.50202E-1	1.13600E-2
2.99925E+11	8.15965E-5	-2.67494E+0	1.41815E-1	7.21130E-1
3.00013E+11	4.45793E-5	-7.28586E+0	1.88044E-2	-4.31813E-1
3.00100E+11	8.50068E-5	-5.76772E+0	-5.09352E-1	7.44938E-2
3.00187E+11	4.08805E-5	-9.91252E+0	3.19054E-1	1.54602E-2
3.00275E+11	8.11333E-5	-8.46680E+0	-4.04990E-4	-3.77277E-1
3.00362E+11	5.06382E-5	-1.17913E+1	-5.42421E-2	2.51513E-1
3.00450E+11	7.85556E-5	-1.03008E+1	3.01776E-1	4.73288E-2
3.00538E+11	5.01698E-5	-1.29233E+1	-2.21722E-1	-4.30162E-2
3.00625E+11	7.49388E-5	-1.15528E+1	8.98136E-3	2.64308E-1
3.00712E+11	4.70658E-5	-1.37038E+1	-7.55626E-3	-2.06308E-1
3.00800E+11	6.89842E-5	-1.24510E+1	-2.35539E-1	3.73227E-2
3.00888E+11	5.76814E-5	-1.33939E+1	2.13915E-1	3.64672E-3
3.00975E+11	7.00383E-5	-1.25859E+1	-1.78661E-2	-2.34122E-1
3.01062E+11	5.31092E-5	-1.35881E+1	-2.79575E-3	2.09198E-1
3.01150E+11	5.87694E-5	-1.31168E+1	2.11251E-1	-6.45100E-2
3.01238E+11	5.20664E-5	-1.39319E+1	-1.87560E-1	7.25324E-2
3.01325E+11	5.79523E-5	-1.35581E+1	1.37915E-1	1.58286E-1
3.01413E+11	4.83529E-5	-1.43764E+1	-1.21741E-1	-1.47258E-1
3.01500E+11	5.33344E-5	-1.40186E+1	-1.29013E-1	1.51646E-1
3.01587E+11	4.44689E-5	-1.49381E+1	1.39650E-1	-1.12137E-1
3.01675E+11	4.58452E-5	-1.44251E+1	-1.30631E-1	-1.37965E-1
3.01763E+11	4.13668E-5	-1.48166E+1	1.02330E-1	1.50051E-1
3.01850E+11	4.15232E-5	-1.47313E+1	1.40623E-1	-1.17756E-1
3.01937E+11	4.25114E-5	-1.48019E+1	-1.52273E-1	9.95560E-2
3.02025E+11	4.24214E-5	-1.49425E+1	1.15787E-1	1.36520E-1
3.02113E+11	4.02765E-5	-1.45352E+1	-1.04627E-1	-1.55719E-1
3.02200E+11	3.41211E-5	-1.51030E+1	-1.36629E-1	1.10517E-1
3.02287E+11	3.95750E-5	-1.44058E+1	1.68858E-1	-8.80143E-2
3.02375E+11	3.31307E-5	-1.49788E+1	-9.48887E-2	-1.50911E-1
3.02463E+11	4.05439E-5	-1.38627E+1	6.85795E-2	1.90752E-1
3.02550E+11	2.95611E-5	-1.47616E+1	1.62628E-1	-8.34224E-2
3.02638E+11	3.92273E-5	-1.33052E+1	-2.05299E-1	6.75966E-2
3.02725E+11	3.05333E-5	-1.39325E+1	1.15949E-1	1.64287E-1
3.02812E+11	4.16812E-5	-1.20881E+1	-1.17333E-1	-2.19229E-1
3.02900E+11	2.90586E-5	-1.29535E+1	-1.49729E-1	1.68046E-1
3.02988E+11	3.79694E-5	-1.13710E+1	2.12473E-1	-1.66684E-1
3.03075E+11	2.85831E-5	-1.20581E+1	-1.95345E-1	-1.55235E-1
3.03162E+11	3.65670E-5	-1.00765E+1	1.61878E-1	2.68419E-1
3.03250E+11	2.71688E-5	-1.03343E+1	2.20265E-1	-2.09939E-1
3.03338E+11	3.67618E-5	-8.11396E+0	-3.34416E-1	2.06277E-1
3.03425E+11	2.67804E-5	-8.66365E+0	2.94468E-1	2.22079E-1
3.03512E+11	3.93612E-5	-6.75194E+0	-3.18703E-1	-3.31185E-1
3.03600E+11	2.75584E-5	-7.81765E+0	-1.92672E-1	3.57999E-1
3.03687E+11	4.27694E-5	-5.92617E+0	3.63437E-1	-3.51296E-1
3.03775E+11	2.72344E-5	-7.35922E+0	-3.41425E-1	-2.59067E-1
3.03863E+11	4.26141E-5	-5.07088E+0	2.76039E-1	4.84676E-1
3.03950E+11	2.43432E-5	-7.21687E+0	3.13717E-1	-3.02306E-1
3.04037E+11	3.81051E-5	-5.30305E+0	-4.58796E-1	2.90552E-1
3.04125E+11	2.51917E-5	-7.97312E+0	3.28492E-1	2.27081E-1
3.04213E+11	4.11753E-5	-6.17535E+0	-3.04878E-1	-3.85095E-1
3.04300E+11	2.27890E-5	-8.94279E+0	-2.12875E-1	2.86786E-1
3.04387E+11	3.78703E-5	-7.27720E+0	3.85620E-1	-1.96178E-1
3.04475E+11	2.43821E-5	-1.00445E+1	-2.12079E-1	-2.32385E-1
3.04563E+11	3.54685E-5	-8.88122E+0	1.14120E-1	3.41116E-1
3.04650E+11	2.05377E-5	-1.20816E+1	1.81581E-1	-1.70144E-1
3.04737E+11	3.04642E-5	-1.06301E+1	-2.53631E-1	1.48886E-1
3.04825E+11	1.92292E-5	-1.28285E+1	1.78503E-1	1.42389E-1
3.04912E+11	2.90516E-5	-1.15017E+1	-1.19665E-1	-2.37585E-1
3.05000E+11	1.77884E-5	-1.42371E+1	-1.53187E-1	1.19287E-1
3.05088E+11	2.92845E-5	-1.28553E+1	2.23517E-1	-4.30942E-2
3.05175E+11	2.04804E-5	-1.48985E+1	-9.59234E-2	-1.52214E-1
3.05262E+11	3.74284E-5	-1.28503E+1	6.26609E-2	2.18975E-1
3.05350E+11	1.94407E-5	-1.61958E+1	1.17440E-1	-1.01090E-1
3.05438E+11	3.64954E-5	-1.37466E+1	-1.89153E-1	8.01475E-2
3.05525E+11	1.83524E-5	-1.70030E+1	1.04516E-1	9.49480E-2
3.05612E+11	4.04752E-5	-1.42352E+1	-7.93574E-2	-1.77241E-1
3.05700E+11	2.03907E-5	-1.75925E+1	-8.42123E-2	1.01569E-1
3.05788E+11	3.92014E-5	-1.47502E+1	1.65237E-1	-7.86858E-2
3.05875E+11	2.08318E-5	-1.78656E+1	-1.06021E-1	-7.14608E-2
3.05962E+11	3.95868E-5	-1.52028E+1	8.98291E-2	1.48696E-1
3.06050E+11	1.96628E-5	-1.82862E+1	5.08673E-2	-1.10683E-1
3.06137E+11	3.95345E-5	-1.55212E+1	-1.17295E-1	1.19535E-1
3.06225E+11	1.98816E-5	-1.84131E+1	1.18221E-1	2.08473E-2
3.06313E+11	3.86664E-5	-1.55029E+1	-1.38835E-1	-9.42840E-2
3.06400E+11	1.91920E-5	-1.83716E+1	-1.20318E-2	1.20018E-1
3.06487E+11	4.04266E-5	-1.52938E+1	9.23307E-2	-1.45016E-1
3.06575E+11	1.99503E-5	-1.83003E+1	-1.21429E-1	-6.69247E-3
3.06663E+11	4.48288E-5	-1.47471E+1	1.67551E-1	7.37956E-2
3.06750E+11	1.72984E-5	-1.84315E+1	-2.66613E-2	-1.16787E-1
3.06837E+11	4.47852E-5	-1.47284E+1	-2.68692E-2	1.81497E-1
3.06925E+11	1.83746E-5	-1.84510E+1	1.09694E-1	-4.74642E-2
3.07013E+11	4.55318E-5	-1.44713E+1	-1.87572E-1	-2.31033E-2
3.07100E+11	1.62085E-5	-1.84608E+1	4.95203E-2	1.08633E-1
3.07188E+11	3.61446E-5	-1.46382E+1	1.21316E-2	-1.84994E-1
3.07275E+11	1.42647E-5	-1.86156E+1	-9.51218E-2	6.86017E-2
3.07362E+11	2.95791E-5	-1.52565E+1	1.72275E-1	-1.14313E-2
3.07450E+11	1.38721E-5	-1.90010E+1	-6.40464E-2	-9.21113E-2
3.07538E+11	3.14397E-5	-1.55036E+1	-4.84773E-3	1.67741E-1
3.07625E+11	1.40348E-5	-1.89987E+1	9.78079E-2	-5.50148E-2
3.07712E+11	2.88385E-5	-1.58075E+1	-1.62039E-1	-6.10275E-4
3.07800E+11	1.28102E-5	-1.91091E+1	6.62310E-2	8.88284E-2
3.07888E+11	2.72545E-5	-1.60048E+1	-3.90064E-3	-1.58353E-1
3.07975E+11	1.62866E-5	-1.80140E+1	-1.08576E-1	6.33177E-2
3.08062E+11	3.64552E-5	-1.43818E+1	1.86657E-1	4.02407E-2
3.08150E+11	1.86535E-5	-1.74746E+1	-4.46667E-2	-1.26063E-1
3.08238E+11	4.28716E-5	-1.37898E+1	-6.58167E-2	1.93527E-1
3.08325E+11	1.80637E-5	-1.75005E+1	1.20333E-1	-5.74515E-2
3.08413E+11	4.56398E-5	-1.34847E+1	-2.11279E-1	-1.36837E-2
3.08500E+11	1.79527E-5	-1.74475E+1	9.13297E-2	9.82740E-2
3.08587E+11	4.93777E-5	-1.33066E+1	-8.12336E-3	-2.15956E-1
3.08675E+11	1.86051E-5	-1.73172E+1	-9.64466E-2	9.61533E-2
3.08763E+11	4.85888E-5	-1.32075E+1	2.18127E-1	-1.41566E-2
3.08850E+11	1.66466E-5	-1.72583E+1	-1.14341E-1	-7.56750E-2
3.08937E+11	4.40968E-5	-1.30046E+1	8.72918E-2	2.06024E-1
3.09025E+11	1.69742E-5	-1.69649E+1	3.22894E-2	-1.38101E-1
3.09113E+11	4.50389E-5	-1.22127E+1	-1.99094E-1	1.42972E-1
3.09200E+11	1.55829E-5	-1.53777E+1	1.68835E-1	2.19880E-2
3.09287E+11	4.33536E-5	-9.83551E+0	-1.90920E-1	-2.59634E-1
3.09375E+11	1.59826E-5	-1.35741E+1	-2.17756E-2	2.08420E-1
3.09462E+11	4.29289E-5	-8.40768E+0	2.59133E-1	-2.77739E-1
3.09550E+11	1.36793E-5	-1.05897E+1	-2.89981E-1	5.66930E-2
3.09638E+11	4.00957E-5	-2.27485E+0	6.36218E-1	4.33001E-1
3.09725E+11	1.28280E-5	-2.49832E+0	-3.32476E-2	-7.49302E-1
3.09812E+11	3.84246E-5	6.94192E+0	-1.80676E+0	1.29650E+0
3.09900E+11	1.23282E-5	5.78543E+0	1.88363E+0	4.91002E-1
3.09988E+11	3.79294E-5	1.37019E+1	-2.26305E+0	-4.28150E+0
3.10075E+11	1.09340E-5	1.15759E+1	-7.89153E-1	3.70833E+0
3.10162E+11	3.56602E-5	1.95108E+1	8.29998E+0	-4.52302E+0
3.10250E+11	1.02125E-5	1.58731E+1	-5.75925E+0	-2.34416E+0
3.10338E+11	3.16306E-5	2.05373E+1	1.76987E+0	1.04899E+1
3.10425E+11	9.38324E-6	1.67623E+1	4.35336E+0	-5.33829E+0
3.10512E+11	3.00837E-5	2.59700E+1	-1.98782E+1	4.70671E-1
3.10600E+11	1.34198E-5	2.70695E+1	1.79927E+1	1.36213E+1
3.10687E+11	3.95250E-5	3.64892E+1	1.05712E+0	-6.67432E+1
3.10775E+11	1.68742E-5	3.27652E+1	-2.70423E+1	3.40438E+1
3.10863E+11	4.42259E-5	3.39568E+1	4.97487E+1	3.47448E+0
3.10950E+11	1.49888E-5	2.68845E+1	-1.82397E+1	-1.24637E+1
3.11037E+11	4.54915E-5	3.17785E+1	3.31069E+0	3.86669E+1
3.11125E+11	1.53980E-5	2.73273E+1	9.67088E+0	-2.11399E+1
3.11213E+11	5.14057E-5	3.31697E+1	-4.45821E+1	9.33731E+0
3.11300E+11	1.40886E-5	2.70347E+1	2.08028E+1	8.51138E+0
3.11387E+11	5.12040E-5	3.00412E+1	-7.04932E+0	-3.09813E+1
3.11475E+11	1.52815E-5	2.17293E+1	-3.19087E+0	1.17783E+1
3.11563E+11	5.44921E-5	2.64093E+1	1.88948E+1	-8.96864E+0
3.11650E+11	1.52541E-5	1.90454E+1	-8.92867E+0	-7.38858E-1
3.11738E+11	5.53547E-5	2.37206E+1	5.76353E+0	1.42239E+1
3.11825E+11	1.45522E-5	1.69897E+1	1.83116E+0	-6.82986E+0
3.11912E+11	5.16723E-5	1.98204E+1	-9.57849E+0	2.04953E+0
3.12000E+11	1.36460E-5	9.64139E+0	2.97171E+0	6.13509E-1
3.12088E+11	5.23034E-5	1.23671E+1	-1.38228E+0	-3.91614E+0
3.12175E+11	1.32924E-5	4.86708E+0	-2.69437E-1	1.73042E+0
3.12262E+11	4.67171E-5	9.48697E+0	2.95703E+0	-3.76527E-1
3.12350E+11	1.22292E-5	2.28907E+0	-1.08947E+0	-7.12058E-1
3.12438E+11	4.33904E-5	5.86360E+0	-5.49397E-1	1.88577E+0
3.12525E+11	1.24811E-5	-8.66516E-1	6.25427E-1	-6.54189E-1
3.12612E+11	4.58057E-5	3.68287E+0	-1.51578E+0	-1.93429E-1
3.12700E+11	1.26661E-5	-1.03797E+0	7.89648E-1	4.04808E-1
3.12788E+11	4.66601E-5	5.91435E+0	2.78279E-1	-1.95599E+0
3.12875E+11	1.36688E-5	1.76921E+0	-8.87162E-1	8.46057E-1
3.12963E+11	4.78241E-5	9.22266E+0	2.49364E+0	1.46387E+0
3.13050E+11	1.23583E-5	4.73770E+0	-8.51760E-1	-1.50048E+0
3.13137E+11	4.63835E-5	1.07252E+1	-1.74002E+0	2.96475E+0
3.13225E+11	1.33377E-5	6.64272E+0	1.55596E+0	-1.48158E+0
3.13313E+11	4.87603E-5	1.57690E+1	-5.87704E+0	-1.79137E+0
3.13400E+11	1.38665E-5	1.39053E+1	3.98234E+0	2.95263E+0
3.13487E+11	4.86860E-5	2.26153E+1	3.92332E+0	-1.29313E+1
3.13575E+11	1.28619E-5	2.37688E+1	-9.09536E+0	1.24676E+1
3.13663E+11	4.64279E-5	3.43752E+1	5.04592E+1	1.38724E+1
3.13750E+11	1.69789E-5	3.41688E+1	-4.55054E+1	-2.32533E+1
3.13837E+11	5.23922E-5	4.34915E+1	-3.80020E+1	1.44565E+2
3.13925E+11	1.78040E-5	4.25364E+1	8.61270E+1	-1.02541E+2
3.14012E+11	5.02387E-5	4.94320E+1	-2.45911E+2	-1.65128E+2
3.14100E+11	1.66763E-5	4.55578E+1	1.26184E+2	1.41542E+2
3.14188E+11	4.91342E-5	5.06734E+1	1.96559E+2	-2.79528E+2
3.14275E+11	1.84683E-5	4.72774E+1	-1.62361E+2	1.64510E+2
3.14362E+11	5.26840E-5	5.49384E+1	4.58385E+2	3.18837E+2
3.14450E+11	1.93629E-5	5.25306E+1	-2.41706E+2	-3.47368E+2
3.14538E+11	4.91526E-5	6.01525E+1	-7.97071E+2	6.32779E+2
3.14625E+11	1.78132E-5	5.40308E+1	5.01440E+2	-3.91708E+1
3.14712E+11	4.56057E-5	6.12044E+1	-4.53820E+2	-1.05529E+3
3.14800E+11	1.84131E-5	5.64622E+1	7.45098E+1	6.61261E+2
3.14888E+11	4.21012E-5	6.15330E+1	1.14961E+3	-3.18892E+2
3.14975E+11	1.45402E-5	5.89143E+1	-8.79032E+2	7.81711E+1
3.15062E+11	3.20056E-5	6.28876E+1	1.62246E+2	1.38490E+3
3.15150E+11	1.55310E-5	5.66933E+1	-9.11050E+1	-6.77283E+2
3.15237E+11	3.31130E-5	5.72034E+1	-7.08056E+2	1.54528E+2
3.15325E+11	1.52069E-5	5.45500E+1	5.30770E+2	-5.81847E+1
3.15413E+11	2.60228E-5	5.60682E+1	-9.88404E+1	-6.28202E+2
3.15500E+11	1.52705E-5	5.29798E+1	4.80680E+1	4.43046E+2
3.15587E+11	2.41468E-5	5.27683E+1	4.34775E+2	1.14529E+1
3.15675E+11	1.34427E-5	4.68562E+1	-2.17388E+2	-3.50574E+1
3.15763E+11	2.15046E-5	4.43552E+1	-1.44281E+1	1.64474E+2
3.15850E+11	1.14986E-5	4.22182E+1	3.78309E+0	-1.29040E+2
3.15937E+11	1.48323E-5	4.30407E+1	-1.41865E+2	-3.80517E+0
3.16025E+11	8.29656E-6	3.94801E+1	9.14838E+1	2.24168E+1
3.16113E+11	9.04767E-6	3.81039E+1	2.74863E+1	-7.55436E+1
3.16200E+11	3.50091E-6	3.11744E+1	-1.73459E+1	3.17747E+1
3.16287E+11	2.15277E-6	2.64763E+1	1.80820E+1	1.08303E+1
3.16375E+11	6.77662E-7	1.89270E+1	-7.17241E+0	-5.16379E+0
3.16462E+11	2.76893E-7	1.29913E+1	-2.98255E+0	3.31917E+0
3.16550E+11	1.23631E-7	7.88289E+0	1.86768E+0	-1.62895E+0
3.16638E+11	8.53666E-8	3.70645E+0	-8.70269E-1	-1.26109E+0
3.16725E+11	4.39110E-8	-2.27151E+0	4.16607E-1	6.47424E-1
3.16812E+11	8.04758E-9	-1.13092E+1	2.26185E-1	-1.51044E-1
3.16900E+11	2.54400E-9	-1.97264E+1	-8.81073E-2	5.37348E-2
3.16988E+11	8.79096E-10	-2.76389E+1	2.06527E-2	3.59969E-2
3.17075E+11	1.93922E-9	-2.88944E+1	-1.13014E-2	-3.40911E-2
3.17162E+11	3.33608E-10	-4.07636E+1	-9.14944E-3	4.05135E-4
3.17250E+11	5.97022E-11	-5.16812E+1	2.60551E-3	-3.87842E-5
3.17338E+11	1.28252E-11	-6.10599E+1	-2.35640E-4	-8.53188E-4
3.17425E+11	1.64605E-11	-6.22993E+1	3.74549E-4	6.69812E-4
3.17513E+11	5.06921E-12	-6.90136E+1	3.44698E-4	-8.17459E-5
3.17600E+11	5.22316E-12	-7.04818E+1	-2.97984E-4	-2.65473E-5
3.17687E+11	8.22575E-12	-6.92818E+1	2.71123E-4	2.10892E-4
3.17775E+11	5.97254E-12	-7.12745E+1	-1.76225E-4	-2.08598E-4
3.17863E+11	7.87426E-12	-7.09161E+1	-4.03275E-5	2.81701E-4
3.17950E+11	1.61393E-11	-6.88143E+1	2.08898E-4	-2.96230E-4
3.18037E+11	1.31563E-11	-6.91251E+1	-3.49560E-4	-1.12385E-5
3.18125E+11	1.87094E-10	-5.76384E+1	1.28828E-3	2.50725E-4
3.18213E+11	2.99429E-10	-5.43890E+1	8.62558E-6	-1.90785E-3
3.18300E+11	4.91404E-9	-4.11955E+1	1.04309E-3	8.65154E-3
3.18387E+11	6.28941E-9	-3.79760E+1	1.15055E-2	-5.19551E-3
3.18475E+11	4.73735E-8	-2.75367E+1	-3.75793E-2	1.87376E-2
3.18563E+11	3.74095E-8	-2.56080E+1	3.86508E-2	3.54297E-2
3.18650E+11	9.02785E-7	-8.36084E+0	-2.33521E-1	-3.02194E-1
3.18738E+11	1.28593E-6	-2.39997E+0	-5.21103E-1	5.51267E-1
3.18825E+11	1.47819E-5	1.14430E+1	3.34169E+0	-1.66557E+0
3.18912E+11	7.90700E-6	1.33800E+1	-3.27858E+0	-3.32082E+0
3.19000E+11	3.97306E-5	2.35785E+1	7.61481E+0	1.30373E+1
3.19088E+11	1.87267E-5	2.52118E+1	1.05924E+1	-1.48267E+1
3.19175E+11	6.46598E-5	3.66042E+1	-5.85122E+1	3.39352E+1
3.19262E+11	2.42534E-5	3.94044E+1	6.91700E+1	6.27208E+1
3.19350E+11	7.74857E-5	5.15447E+1	-1.34070E+2	-3.53185E+2
3.19438E+11	2.56170E-5	5.31569E+1	-3.80409E+2	2.49308E+2
3.19525E+11	8.08755E-5	6.42243E+1	1.55112E+3	-4.88905E+2
3.19612E+11	2.37641E-5	6.12177E+1	-1.00505E+3	-5.59921E+2
3.19700E+11	8.30072E-5	7.16616E+1	-6.95881E+2	3.76519E+3
3.19787E+11	2.04295E-5	6.18680E+1	6.38903E+2	-1.06267E+3
3.19875E+11	6.71509E-5	7.90049E+1	-8.12736E+3	3.66991E+3
3.19963E+11	1.44213E-5	6.19811E+1	7.55134E+2	1.00389E+3
3.20050E+11	4.83181E-5	7.55525E+1	-5.51455E+1	-5.99245E+3
3.20137E+11	6.80779E-6	7.03070E+1	8.53250E+2	3.16298E+3
3.20225E+11	2.27757E-5	7.83859E+1	-3.11286E+3	-7.69866E+3
3.20313E+11	5.16375E-7	5.09766E+1	2.64877E+2	-2.34640E+2
3.20400E+11	1.27003E-8	3.80112E+1	-5.92837E+1	5.30223E+1
3.20487E+11	1.96215E-12	-1.43268E+0	8.28436E-1	-1.80832E-1
3.20575E+11	2.92078E-12	3.18694E+0	-3.27560E-1	-1.40561E+0
3.20663E+11	8.92504E-13	-1.98827E+0	-2.82308E-1	-7.43617E-1
3.20750E+11	5.29340E-12	7.02294E+0	2.13299E+0	-6.99118E-1
3.20837E+11	7.98390E-14	-1.08561E+1	1.86700E-1	2.17376E-1
3.20925E+11	1.05401E-12	1.92229E+0	1.37732E-1	-1.24009E+0
3.21012E+11	3.30511E-13	7.65967E+0	2.26628E+0	8.35445E-1
3.21100E+11	1.80516E-12	-3.30097E+0	1.62615E-1	-6.64219E-1
3.21188E+11	1.18180E-12	-8.35225E+0	3.34716E-1	-1.84682E-1
3.21275E+11	2.57798E-13	-1.16183E+1	-2.17946E-2	-2.61568E-1
3.21362E+11	2.12294E-12	8.90461E-1	-6.82966E-1	-8.72426E-1
3.21450E+11	6.03572E-14	-1.18815E+1	-1.17676E-2	2.54367E-1
3.21538E+11	3.61318E-12	7.09214E+0	2.24569E+0	2.76063E-1
3.21625E+11	2.28335E-14	-2.01112E+1	-2.82275E-3	-9.86877E-2
3.21712E+11	9.27453E-13	5.15284E-1	-4.09180E-1	-9.79054E-1
3.21800E+11	2.56735E-13	-8.06217E+0	3.94935E-2	3.93290E-1
3.21888E+11	3.13247E-13	-7.72238E+0	6.57887E-2	-4.05738E-1
3.21975E+11	2.04385E-12	-1.15212E+0	-6.70434E-1	5.63476E-1
3.22063E+11	1.34387E-12	6.72579E+0	-9.44485E-1	1.95273E+0
3.22150E+11	8.07621E-14	-8.57328E+0	-3.69456E-1	-4.89178E-2
3.22237E+11	3.65994E-13	-1.72528E+0	8.09639E-1	-1.29014E-1
3.22325E+11	5.97700E-13	-4.03278E+0	-5.03785E-1	3.75917E-1
3.22413E+11	2.69056E-13	-9.89809E+0	3.19808E-1	9.84583E-3
3.22500E+11	8.92870E-13	-3.05647E+0	-6.47195E-1	2.75412E-1
3.22587E+11	1.22476E-12	-6.67146E-1	-2.57330E-1	-8.89597E-1
3.22675E+11	8.74411E-13	-4.10589E+0	5.62788E-1	2.67933E-1
3.22763E+11	2.04808E-12	1.88683E+1	-5.03893E+0	-7.18818E+0
3.22850E+11	9.60172E-14	-1.28419E+1	1.45242E-1	-1.75733E-1
3.22937E+11	1.69968E-12	8.22317E+0	2.44886E+0	8.03345E-1
3.23025E+11	7.34057E-13	-3.59738E+0	5.91584E-1	-2.94631E-1
3.23113E+11	7.84486E-13	-3.47591E-1	-8.90392E-1	-3.60951E-1
3.23200E+11	1.32655E-12	-6.77467E+0	3.66383E-1	2.75528E-1
3.23288E+11	4.79800E-13	-1.23042E+1	2.35563E-1	-5.77691E-2
3.23375E+11	3.21445E-14	-1.01619E+1	-3.00625E-1	-7.72326E-2
3.23462E+11	4.94587E-13	-6.58794E+0	-1.39240E-1	-4.47210E-1
3.23550E+11	1.17079E-12	-4.16126E+0	4.62031E-1	4.12460E-1
3.23638E+11	8.93445E-13	-1.26505E-1	-1.27151E-1	-9.77304E-1
3.23725E+11	4.79397E-12	8.80969E+0	1.57119E+0	-2.26585E+0
3.23812E+11	6.34764E-13	-1.88470E+0	-6.20624E-1	-5.12599E-1
3.23900E+11	8.33990E-13	-8.21356E+0	1.02341E-1	-3.74714E-1
3.23988E+11	7.47147E-13	-1.02801E+1	2.72096E-1	-1.40424E-1
3.24075E+11	1.40595E-12	-6.47887E+0	3.26830E-1	3.43724E-1
3.24162E+11	5.83743E-13	-1.03497E+1	1.16265E-1	2.80616E-1
3.24250E+11	2.09502E-13	-1.47556E+1	2.76122E-2	1.80807E-1
3.24338E+11	2.92757E-13	-9.44167E-1	1.96227E-1	8.75272E-1
3.24425E+11	1.21176E-12	-9.29819E+0	-2.92355E-1	-1.79074E-1
3.24513E+11	3.04417E-12	-1.42068E+0	-1.44916E-1	8.36656E-1
3.24600E+11	2.69328E-13	-1.15195E+1	2.65467E-1	-2.13232E-3
3.24687E+11	4.96084E-13	-6.91478E+0	-7.29888E-2	4.45143E-1
3.24775E+11	8.42019E-13	-6.27172E+0	9.47941E-2	4.76412E-1
3.24863E+11	5.36588E-13	-4.91954E+0	-2.69656E-2	5.66934E-1
3.24950E+11	1.02023E-12	-4.12242E+0	3.46643E-1	-5.16605E-1
3.25037E+11	7.29054E-13	-2.41907E+0	-7.48061E-1	-1.15427E-1
3.25125E+11	2.34559E-13	-8.45154E+0	2.08329E-1	3.15338E-1
3.25213E+11	8.95700E-13	3.48143E+0	1.28564E+0	7.59148E-1
3.25300E+11	2.65801E-13	2.50450E-1	-1.02631E+0	-7.77671E-2
3.25387E+11	6.95698E-13	-2.53649E+0	7.32591E-1	-1.44732E-1
3.25475E+11	3.07903E-13	-2.53890E+0	-7.42209E-1	8.03302E-2
3.25562E+11	4.05448E-13	-3.25939E+0	6.80601E-1	9.44031E-2
3.25650E+11	1.19940E-13	-4.30190E+0	6.07459E-1	4.86485E-2
3.25738E+11	1.59770E-12	-1.88885E+0	7.30134E-1	-3.37964E-1
3.25825E+11	3.92613E-13	-5.42860E+0	-3.60437E-1	-3.95721E-1
3.25912E+11	5.19026E-14	-5.26389E-1	4.58419E-1	-8.22012E-1
3.26000E+11	2.22240E-12	1.09035E+1	3.50886E+0	-1.93240E-2
3.26088E+11	2.00685E-12	-3.93785E+0	5.36582E-1	-3.40478E-1
3.26175E+11	2.11060E-12	2.66851E+0	-1.04207E-1	1.35565E+0
3.26262E+11	9.69210E-13	6.21546E+0	1.53160E+0	-1.35563E+0
3.26350E+11	8.63605E-14	-9.75664E+0	-2.23356E-1	2.36381E-1
3.26438E+11	2.15913E-12	-1.09191E+0	7.87160E-1	-3.97585E-1
3.26525E+11	1.48441E-13	-5.78169E+0	-4.68437E-1	2.11435E-1
3.26612E+11	4.99955E-12	1.86068E+1	-8.10436E+0	-2.62240E+0
3.26700E+11	1.69042E-14	-1.78739E+1	-6.36210E-2	1.10762E-1
3.26787E+11	1.55360E-12	-6.08088E+0	4.34731E-1	-2.39922E-1
3.26875E+11	3.46979E-13	-3.54956E+0	6.58531E-1	-8.91745E-2
3.26963E+11	1.22493E-12	1.84597E+0	1.06703E+0	6.25392E-1
3.27050E+11	1.16066E-12	2.35621E+0	5.09204E-1	-1.20875E+0
3.27137E+11	1.11247E-14	-2.41727E+1	6.18176E-2	2.10519E-3
3.27225E+11	1.17036E-13	-1.15593E+1	1.34220E-1	-2.27640E-1
3.27313E+11	9.73514E-14	-4.57703E+0	1.55166E-1	5.69648E-1
3.27400E+11	2.82733E-13	-1.43513E+0	-3.62150E-1	-7.66451E-1
3.27487E+11	3.27216E-12	-6.89328E-1	-5.72089E-1	-7.25222E-1
3.27575E+11	2.40136E-13	-7.20882E+0	-7.24481E-2	4.30012E-1
3.27663E+11	5.78966E-13	-7.13333E+0	3.57656E-1	2.56078E-1
3.27750E+11	1.14327E-12	3.87562E+0	1.55206E+0	-1.79125E-1
3.27838E+11	2.63942E-13	-8.23247E+0	-3.19864E-1	2.18896E-1
3.27925E+11	2.30157E-13	-6.81577E+0	5.36980E-2	-4.53088E-1
3.28012E+11	1.49361E-13	-1.07036E+1	-2.91534E-1	-7.21690E-3
3.28100E+11	1.05651E-12	1.05527E+1	-2.48262E+0	-2.27898E+0
3.28188E+11	3.64645E-13	-4.20750E+0	-3.27799E-1	5.21614E-1
3.28275E+11	8.59113E-13	8.23786E-1	-9.96177E-1	-4.65295E-1
3.28362E+11	1.89014E-13	-1.39289E+1	-1.15728E-1	1.64545E-1
3.28450E+11	1.68086E-13	-4.86382E+0	5.62198E-1	1.01164E-1
3.28538E+11	3.98071E-14	-1.19320E+1	5.80437E-2	-2.46419E-1
3.28625E+11	1.17032E-12	6.19880E+0	2.02585E+0	-2.51958E-1
3.28712E+11	1.16063E-13	8.07162E+0	1.45205E+0	-2.07510E+0
3.28800E+11	2.11024E-13	2.79002E+0	-1.12847E+0	-7.92245E-1
3.28888E+11	7.38036E-14	-1.95008E+1	-5.09015E-2	9.28831E-2
3.28975E+11	1.21575E-12	-9.58326E+0	2.03282E-1	2.62197E-1
3.29063E+11	9.87196E-13	-6.51619E+0	3.99996E-1	-2.51082E-1
3.29150E+11	2.47062E-12	3.47731E+0	1.48930E+0	-9.50706E-2
3.29237E+11	6.50065E-13	-2.57723E+0	5.48623E-1	-5.01440E-1
3.29325E+11	1.17469E-12	-5.72725E+0	5.12396E-1	7.01399E-2
3.29413E+11	9.85905E-14	-1.01516E+1	1.75900E-1	-2.56183E-1
3.29500E+11	2.45129E-13	-1.08857E+1	6.32155E-2	2.78488E-1
3.29587E+11	2.29698E-12	1.56188E+0	-7.97049E-1	8.93040E-1
3.29675E+11	2.10934E-12	-1.01332E+0	-2.21083E-1	-8.61985E-1
3.29763E+11	5.87442E-13	-1.37448E-1	9.33417E-1	3.12376E-1
3.29850E+11	8.72629E-13	-2.02314E-1	5.72703E-1	-7.91515E-1
3.29937E+11	1.35619E-13	-7.61886E+0	-2.40928E-1	-3.39088E-1
3.30025E+11	1.65608E-12	1.68370E+0	9.70759E-1	-7.28830E-1
3.30112E+11	2.35885E-12	1.43710E+1	2.13668E+0	-4.77429E+0
3.30200E+11	1.43936E-13	-1.05464E+1	5.65387E-2	2.91514E-1
3.30288E+11	3.60495E-14	-9.74694E+0	1.76403E-1	2.73645E-1
3.30375E+11	1.52678E-12	3.26146E+0	1.44169E+0	-2.01528E-1
3.30462E+11	1.71817E-12	8.21601E-2	1.00946E+0	9.84359E-3
3.30550E+11	7.38042E-13	-2.52627E+0	-5.35514E-1	5.21703E-1
3.30638E+11	2.28686E-12	-2.57816E+0	4.21019E-1	-6.12416E-1
3.30725E+11	1.70165E-12	3.03191E+0	1.28267E+0	6.03940E-1
3.30812E+11	5.92678E-13	-1.10240E+0	5.67260E-1	-6.73821E-1
3.30900E+11	2.97586E-13	-6.78383E+0	4.55642E-1	-4.58222E-2
3.30988E+11	1.12538E-12	1.38460E+0	1.16076E+0	1.67763E-1
3.31075E+11	1.83941E-12	6.68355E+0	-2.15841E+0	-3.02680E-2
3.31162E+11	9.72006E-14	-2.52087E+0	7.47959E-1	1.42514E-2
3.31250E+11	4.22256E-13	-4.58672E+0	1.72357E-1	-5.63997E-1
3.31337E+11	2.49275E-13	8.31917E-1	-3.41852E-2	-1.09998E+0
3.31425E+11	1.60698E-12	1.69216E+0	7.16974E-1	-9.81014E-1
3.31513E+11	1.48668E-12	1.15015E+1	-2.95362E+0	2.32513E+0
3.31600E+11	1.42403E-13	-4.76693E+0	-5.14107E-1	2.63356E-1
3.31687E+11	1.98579E-12	5.55702E+0	1.49805E+0	1.16227E+0
3.31775E+11	5.15390E-13	-4.96779E+0	-4.92476E-1	-2.75771E-1
3.31863E+11	2.48420E-13	-7.18730E-1	-6.42482E-1	-6.59312E-1
3.31950E+11	1.07875E-12	-4.71904E+0	-8.30149E-2	5.74865E-1
3.32037E+11	1.01913E-12	2.42932E+0	-4.60325E-1	1.24003E+0
3.32125E+11	1.77344E-13	-1.13856E+1	-2.68649E-1	-2.26363E-2
3.32213E+11	1.09954E-13	-9.83930E+0	3.90594E-2	3.19756E-1
3.32300E+11	5.86744E-13	-4.99119E+0	4.91201E-1	2.74940E-1
3.32387E+11	8.26203E-13	9.20748E+0	-2.74402E+0	-8.95716E-1
3.32475E+11	1.59643E-13	-6.61432E-1	4.02070E-1	8.34907E-1
3.32562E+11	1.29844E-12	1.29695E+0	1.06051E+0	-4.72582E-1
3.32650E+11	3.50415E-14	-1.70213E+1	1.65664E-2	1.39931E-1
3.32738E+11	2.40804E-14	-1.65562E+1	-1.00060E-1	-1.09944E-1
3.32825E+11	1.33486E-13	-2.02307E+0	4.25039E-1	6.68548E-1
3.32912E+11	9.90958E-13	5.52782E+0	1.20671E+0	-1.45423E+0
3.33000E+11	1.17396E-12	9.60191E-1	5.93441E-1	9.46185E-1
3.33088E+11	6.68589E-13	-5.95702E+0	-1.03370E-1	4.92952E-1
3.33175E+11	1.49196E-13	2.50800E+0	-9.63348E-1	-9.23862E-1
3.33262E+11	1.12538E-12	-3.93349E+0	4.22898E-1	4.74772E-1
3.33350E+11	2.69726E-12	9.03914E+0	2.81220E+0	3.26718E-1
3.33438E+11	7.58880E-13	4.31848E+0	9.03931E-1	-1.37329E+0
3.33525E+11	3.35215E-12	3.70986E+0	1.14222E+0	1.02220E+0
3.33613E+11	9.91999E-13	6.33727E+0	8.47311E-1	1.89331E+0
3.33700E+11	2.67963E-13	-5.41565E+0	-2.35173E-3	-5.36060E-1
3.33787E+11	3.06991E-12	1.97567E+0	-3.00015E-1	-1.21903E+0
3.33875E+11	1.16511E-12	-3.78886E+0	6.46111E-1	2.19168E-2
3.33963E+11	9.39780E-13	-4.97813E+0	-3.66146E-1	4.28673E-1
3.34050E+11	2.21724E-13	-2.06228E+0	4.65809E-1	6.36393E-1
3.34137E+11	8.43443E-14	-4.87750E+0	-4.56152E-1	-3.42344E-1
3.34225E+11	1.09706E-13	-1.48827E+1	-1.16686E-1	1.37379E-1
3.34313E+11	3.41823E-13	-7.98183E+0	3.71451E-1	-1.45525E-1
3.34400E+11	1.24498E-12	2.50049E+0	2.08464E-1	1.31720E+0
3.34487E+11	1.05133E-12	-2.57849E+0	3.92561E-1	-6.31004E-1
3.34575E+11	7.67725E-14	-8.29488E+0	-2.60218E-1	2.83500E-1
3.34663E+11	1.30223E-12	7.37224E+0	-2.29744E+0	-4.26787E-1
3.34750E+11	3.68003E-14	-1.68183E+1	-8.12341E-2	1.19189E-1
3.34838E+11	6.54751E-13	1.14243E+1	4.01035E-1	-3.70410E+0
3.34925E+11	2.06882E-14	-1.96996E+1	4.70567E-2	9.22050E-2
3.35012E+11	1.09060E-12	2.27816E+0	-6.60000E-1	1.11988E+0
3.35100E+11	6.69076E-13	4.02395E+0	1.30024E+0	-9.13865E-1
3.35188E+11	2.91479E-12	3.55477E+0	-1.23301E+0	-8.64185E-1
3.35275E+11	5.10019E-13	-7.65043E+0	3.61140E-1	2.03351E-1
3.35362E+11	1.05246E-12	7.31842E+0	-5.05417E-2	-2.32176E+0
3.35450E+11	3.66153E-13	-6.66423E+0	-4.63368E-1	2.92305E-2
3.35538E+11	4.27527E-13	4.95879E+0	1.49513E+0	-9.47101E-1
3.35625E+11	1.80850E-13	-8.97988E+0	6.46031E-2	3.49719E-1
3.35712E+11	1.89113E-12	5.03874E+0	8.21055E-1	1.58634E+0
3.35800E+11	7.33960E-15	-1.26553E+1	1.83751E-1	-1.43157E-1
3.35887E+11	1.30073E-13	-7.62605E+0	2.36325E-3	4.15614E-1
3.35975E+11	2.16820E-12	-1.96315E+0	3.35309E-3	-7.97698E-1
3.36063E+11	1.41523E-12	1.37120E+0	9.57371E-1	-6.74315E-1
3.36150E+11	8.65542E-14	-8.99637E+0	-1.83376E-1	3.03926E-1
3.36237E+11	1.46601E-13	-1.05653E+1	-7.26208E-3	-2.96214E-1
3.36325E+11	2.31526E-12	9.85993E+0	-1.35218E-1	-3.10875E+0
3.36413E+11	1.96098E-12	7.36799E+0	-2.32677E+0	2.02917E-1
3.36500E+11	3.67686E-13	-2.68882E+0	3.97573E-2	7.32691E-1
3.36587E+11	1.15958E-12	3.35005E+0	-8.21431E-1	-1.21983E+0
3.36675E+11	2.20878E-13	-9.64785E+0	-3.23326E-1	-6.25036E-2
3.36763E+11	1.38083E-12	2.48183E+1	1.56558E+1	7.62673E+0
3.36850E+11	4.81695E-13	-1.37839E+0	1.33209E-1	8.42796E-1
3.36937E+11	1.54575E-13	-6.44736E+0	2.00742E-1	4.31631E-1
3.37025E+11	7.16686E-13	6.62645E-1	-9.30207E-1	-5.47312E-1
3.37112E+11	1.18822E-12	2.06735E-1	-1.00692E+0	-1.86714E-1
3.37200E+11	1.67023E-12	6.00622E+0	1.10259E+0	-1.66465E+0
3.37288E+11	5.80712E-13	-9.02173E+0	3.47326E-1	6.80357E-2
3.37375E+11	1.89695E-13	-2.79966E+0	6.28139E-1	3.60957E-1
3.37462E+11	6.05324E-13	-6.58189E+0	4.04542E-1	-2.36720E-1
3.37550E+11	1.32720E-13	-6.20302E+0	3.21739E-1	3.69054E-1
3.37638E+11	9.54055E-13	-1.69953E+0	5.68128E-1	5.94463E-1
3.37725E+11	1.90607E-12	6.64533E-2	6.50253E-1	7.69799E-1
3.37812E+11	9.42899E-13	2.78353E+0	1.19035E-1	1.37262E+0
3.37900E+11	1.75767E-13	-9.81472E+0	-3.18050E-2	3.21476E-1
3.37988E+11	2.70837E-14	-1.57126E+1	-1.62848E-1	-1.78313E-2
3.38075E+11	4.52109E-13	-3.55059E+0	5.83252E-1	3.18320E-1
3.38163E+11	2.39464E-13	-5.46515E+0	-4.27509E-1	3.18347E-1
3.38250E+11	7.55774E-13	1.62546E+0	-6.77571E-1	-9.97414E-1
3.38337E+11	7.27856E-13	-1.03041E+0	4.56642E-1	-7.61751E-1
3.38425E+11	1.03120E-12	-2.06900E+0	1.91430E-1	-7.64439E-1
3.38513E+11	6.65935E-13	3.25706E+0	-1.29206E-1	-1.44922E+0
3.38600E+11	4.91951E-13	-1.03831E+1	-7.74550E-2	-2.92503E-1
3.38687E+11	1.59504E-13	-4.91636E+0	2.68391E-2	-5.67148E-1
3.38775E+11	5.93964E-13	-4.51651E-1	6.01954E-1	7.34084E-1
3.38863E+11	3.48423E-13	-4.77114E+0	-5.75028E-1	-5.17849E-2
3.38950E+11	3.27595E-13	-6.22971E+0	-4.35796E-1	-2.19840E-1
3.39037E+11	1.66266E-12	4.90220E+0	-4.85591E-1	1.68999E+0
3.39125E+11	4.98662E-13	-1.46424E+0	-4.85235E-2	-8.43472E-1
3.39213E+11	1.94156E-12	7.80878E+0	1.97275E+0	1.46493E+0
3.39300E+11	1.35587E-13	-2.63750E+0	6.72966E-1	3.03204E-1
3.39388E+11	2.27071E-14	-7.72298E+0	-3.41332E-1	2.28956E-1
3.39475E+11	3.66280E-13	1.20732E-1	-4.98400E-1	8.83055E-1
3.39562E+11	2.33981E-15	-1.39257E+1	-1.94513E-1	5.16003E-2
3.39650E+11	1.23547E-12	-6.29735E+0	-3.27014E-1	3.57250E-1
3.39738E+11	7.12626E-13	-4.52013E+0	4.26615E-1	4.13730E-1
3.39825E+11	4.96601E-13	-9.12305E+0	3.24714E-1	1.30141E-1
3.39912E+11	3.74468E-12	4.59420E+0	1.06954E+0	-1.31767E+0
3.40000E+11	9.82586E-13	-3.16050E+0	6.35928E-1	-2.80354E-1
