Position	Channel 1	Channel 2	Channel 3	Channel 4
1.40000E+11	7.89245E-13	-6.86095E+0	-1.09923E-1	-4.40380E-1
1.40075E+11	6.00137E-14	-1.55948E+1	1.62174E-1	-3.57008E-2
1.40150E+11	4.13967E-13	1.32144E+1	-4.46279E+0	-1.02270E+0
1.40225E+11	1.85306E-12	1.12178E+1	7.40070E-1	3.56216E+0
1.40300E+11	1.81084E-12	-2.02581E+0	2.72274E-1	-7.43698E-1
1.40375E+11	7.52991E-13	1.57953E+0	-1.19846E+0	4.82501E-2
1.40450E+11	1.05750E-12	6.52430E+0	-1.08115E+0	-1.82291E+0
1.40525E+11	1.94098E-13	-1.62411E+1	-1.27475E-2	1.53622E-1
1.40600E+11	1.23281E-11	-1.12096E+1	-2.07415E-1	1.80745E-1
1.40675E+11	7.71369E-11	-4.98398E-1	1.76588E-1	9.27576E-1
1.40750E+11	1.60727E-11	-1.76223E+1	9.89339E-2	-8.66081E-2
1.40825E+11	2.84463E-11	-1.32667E+1	1.35074E-1	1.69967E-1
1.40900E+11	3.77767E-10	-3.16778E+0	6.59261E-1	-2.18105E-1
1.40975E+11	2.19004E-9	1.97859E+1	-1.08732E+0	9.69569E+0
1.41050E+11	1.51085E-9	7.19542E+0	-2.22805E+0	-5.27562E-1
1.41125E+11	1.63201E-8	6.13257E+0	1.83284E+0	-8.63235E-1
1.41200E+11	4.53886E-9	-2.45834E+0	-2.85617E-1	-6.97270E-1
1.41275E+11	1.71767E-10	-1.31856E+1	-1.88999E-1	-1.10913E-1
1.41350E+11	3.26463E-11	-2.56294E+1	-4.68288E-2	2.32955E-2
1.41425E+11	5.93057E-11	-1.27123E+1	1.79386E-1	1.46192E-1
1.41500E+11	1.28742E-10	-9.14681E+0	-3.48432E-1	-1.74205E-2
1.41575E+11	2.30615E-11	1.02474E+1	-1.94402E+0	-2.60900E+0
1.41650E+11	2.92074E-11	7.51932E+0	-2.22425E+0	8.37359E-1
1.41725E+11	1.92067E-12	-1.94259E+0	7.41538E-1	-2.99123E-1
1.41800E+11	2.51273E-12	4.40861E+0	9.29100E-1	-1.37712E+0
1.41875E+11	1.41983E-12	9.86502E-1	1.08398E+0	-2.82868E-1
1.41950E+11	4.14924E-13	-3.09061E+0	2.23855E-1	-6.63873E-1
1.42025E+11	1.68821E-12	9.07801E+0	2.65740E+0	-1.01265E+0
1.42100E+11	1.17801E-12	5.80845E+0	1.89638E+0	-4.61567E-1
1.42175E+11	2.80586E-13	-9.18915E+0	2.27860E-1	2.61929E-1
1.42250E+11	1.48175E-12	2.93014E+0	-3.95730E-1	-1.34418E+0
1.42325E+11	1.25547E-12	4.74342E+0	-2.45755E-1	1.70894E+0
1.42400E+11	4.63984E-13	-4.28304E+0	6.01376E-1	1.06470E-1
1.42475E+11	1.88087E-13	-1.87576E+0	2.99494E-1	-7.48044E-1
1.42550E+11	1.68255E-12	-9.24052E-2	-1.19683E-1	9.82153E-1
1.42625E+11	1.93949E-12	-2.07331E+0	-7.47951E-1	-2.46912E-1
1.42700E+11	1.84327E-13	-1.30167E+1	-1.54858E-1	1.61075E-1
1.42775E+11	1.14767E-11	1.30483E+1	1.96914E+0	-4.03709E+0
1.42850E+11	2.54211E-11	2.23207E+1	1.27445E+1	-2.86629E+0
1.42925E+11	6.30093E-11	1.50539E+1	5.47352E+0	-1.43466E+0
1.43000E+11	1.96548E-10	1.89602E+1	-6.38709E+0	-6.15743E+0
1.43075E+11	5.70089E-11	1.91719E+1	1.51864E+0	8.96293E+0
1.43150E+11	9.31054E-12	-7.04148E+0	-3.26060E-1	-3.02182E-1
1.43225E+11	3.98581E-13	-2.07666E+1	8.61718E-2	-3.09229E-2
1.43300E+11	1.23511E-12	-2.37376E+1	6.12371E-2	-2.18876E-2
1.43375E+11	1.06005E-12	-2.40902E+1	-2.13756E-2	-5.86712E-2
1.43450E+11	9.10629E-13	-2.61825E+1	-1.92844E-2	4.51291E-2
1.43525E+11	2.62071E-14	-3.39928E+1	-1.66856E-2	1.09708E-2
1.43600E+11	2.31504E-13	-1.88186E+1	-5.27806E-2	1.01688E-1
1.43675E+11	8.35963E-13	-8.41359E+0	-1.36040E-1	-3.54380E-1
1.43750E+11	1.02073E-12	-7.36609E+0	-3.40571E-1	-2.59630E-1
1.43825E+11	3.92298E-12	3.26454E+0	1.29368E+0	6.68565E-1
1.43900E+11	1.89859E-11	5.84682E+0	-1.37752E+0	-1.39483E+0
1.43975E+11	1.48393E-11	1.44411E+0	-7.03790E-1	9.48237E-1
1.44050E+11	1.74423E-11	-6.57572E+0	-3.53128E-1	-3.08712E-1
1.44125E+11	9.15492E-11	-2.27196E+0	-3.98863E-1	6.58458E-1
1.44200E+11	1.18064E-10	-4.02065E+0	5.78420E-1	2.48291E-1
1.44275E+11	2.74748E-10	-7.61083E+0	2.39755E-1	-3.40389E-1
1.44350E+11	5.53407E-10	-7.85471E+0	-4.03186E-1	-3.63645E-2
1.44425E+11	1.50235E-9	-8.10227E+0	-9.17429E-2	3.82602E-1
1.44500E+11	3.86843E-9	-7.64863E+0	4.14516E-1	-4.63715E-3
1.44575E+11	4.05382E-9	-1.31695E+1	-1.39022E-1	-1.69920E-1
1.44650E+11	2.48709E-9	-1.35480E+1	-4.75139E-4	2.10183E-1
1.44725E+11	3.60893E-9	-1.46870E+1	1.78685E-1	4.53624E-2
1.44800E+11	6.45827E-9	-1.06349E+1	2.52951E-1	-1.49719E-1
1.44875E+11	3.03228E-8	-7.64651E+0	-3.86763E-1	-1.49476E-1
1.44950E+11	5.12221E-8	-3.35696E+0	-4.83793E-1	4.77059E-1
1.45025E+11	1.72611E-7	-2.42603E+0	2.80156E-1	-7.02505E-1
1.45100E+11	1.73965E-7	-4.63932E+0	-5.84501E-1	4.43852E-2
1.45175E+11	4.77047E-7	-3.59195E+0	4.99929E-1	4.32894E-1
1.45250E+11	2.44809E-7	-9.35804E+0	1.09769E-1	-3.22306E-1
1.45325E+11	6.77258E-7	-6.47311E+0	-4.70915E-1	-5.91726E-2
1.45400E+11	1.05907E-6	-7.86162E+0	-2.71636E-2	4.03588E-1
1.45475E+11	2.01965E-6	-5.24048E+0	5.29499E-1	1.37201E-1
1.45550E+11	9.37150E-6	-4.70351E-2	8.18221E-1	-5.65457E-1
1.45625E+11	1.54114E-5	2.99544E-1	-3.07045E-1	-9.88499E-1
1.45700E+11	1.96156E-5	1.18015E+0	-1.00970E+0	5.41066E-1
1.45775E+11	1.06985E-5	-3.06231E+0	2.07183E-1	6.71657E-1
1.45850E+11	9.90782E-6	-4.15604E+0	4.79572E-1	-3.92515E-1
1.45925E+11	5.69758E-7	-1.61892E+1	-1.54681E-1	1.10341E-2
1.46000E+11	6.78025E-7	-1.46723E+1	1.79925E-1	-4.15703E-2
1.46075E+11	2.91381E-7	-2.19767E+1	-7.46694E-2	2.77137E-2
1.46150E+11	1.93685E-7	-2.46893E+1	4.73464E-2	3.39865E-2
1.46225E+11	1.27529E-7	-2.61852E+1	-8.63615E-3	-4.82956E-2
1.46300E+11	6.29909E-8	-2.44266E+1	-5.96038E-2	7.48105E-3
1.46375E+11	5.99248E-8	-2.05624E+1	7.60736E-2	5.47560E-2
1.46450E+11	5.73351E-8	-2.36336E+1	9.62195E-3	-6.51071E-2
1.46525E+11	3.69357E-8	-1.96950E+1	-9.98945E-2	2.73607E-2
1.46600E+11	7.06525E-8	-2.02644E+1	8.11388E-2	5.31593E-2
1.46675E+11	2.33179E-8	-1.85672E+1	1.18252E-2	-1.17340E-1
1.46750E+11	6.15955E-8	-1.74149E+1	-2.13236E-2	1.32965E-1
1.46825E+11	4.69766E-8	-1.59018E+1	1.47166E-1	-6.35237E-2
1.46900E+11	8.33092E-8	-1.31643E+1	-2.01705E-1	-8.70243E-2
1.46975E+11	7.90142E-8	-1.46891E+1	-3.56095E-2	1.80836E-1
1.47050E+11	8.59570E-8	-1.25538E+1	2.35478E-1	-9.61780E-3
1.47125E+11	7.99309E-8	-1.39272E+1	-8.89282E-2	-1.80486E-1
1.47200E+11	9.20174E-8	-1.09055E+1	-2.36241E-1	1.59283E-1
1.47275E+11	5.01610E-8	-1.05068E+1	2.97756E-1	-1.80556E-2
1.47350E+11	5.02930E-8	-9.20364E+0	-5.59909E-2	-3.42039E-1
1.47425E+11	3.91801E-8	-1.13865E+1	-2.26613E-1	1.46001E-1
1.47500E+11	1.98014E-8	-7.64852E+0	2.70082E-1	3.14492E-1
1.47575E+11	6.88839E-8	-9.03478E+0	1.41471E-1	-3.23843E-1
1.47650E+11	1.73561E-8	-1.26282E+1	-1.84801E-1	1.42993E-1
1.47725E+11	5.71511E-8	-1.10695E+1	1.72497E-1	2.20036E-1
1.47800E+11	2.42075E-8	-1.37641E+1	6.88825E-2	-1.93101E-1
1.47875E+11	3.68511E-8	-9.18974E+0	-3.42402E-1	5.71970E-2
1.47950E+11	1.20599E-7	-8.09842E+0	2.22749E-1	3.24532E-1
1.48025E+11	3.00677E-8	-1.03832E+1	2.13510E-1	-2.14402E-1
1.48100E+11	2.37713E-7	-4.14336E+0	-5.72675E-1	-2.39214E-1
1.48175E+11	7.46593E-8	-7.31982E+0	-2.08685E-1	3.76578E-1
1.48250E+11	4.07699E-7	-1.68928E+0	5.94328E-1	5.69674E-1
1.48325E+11	9.11222E-7	-1.05980E-1	7.82330E-1	-6.03201E-1
1.48400E+11	4.90646E-7	-1.51550E-1	-6.52278E-1	-7.35010E-1
1.48475E+11	1.46898E-6	-9.47871E-1	-3.87044E-1	8.08775E-1
1.48550E+11	1.35524E-6	-2.74284E+0	6.00596E-1	4.13577E-1
1.48625E+11	1.97407E-6	-2.63291E+0	-8.50857E-2	-7.33589E-1
1.48700E+11	1.95674E-6	-3.90338E+0	-5.53570E-1	3.17213E-1
1.48775E+11	4.64742E-7	-1.03217E+1	2.91230E-1	-8.96922E-2
1.48850E+11	1.81850E-7	-1.89908E+1	-1.10230E-1	-2.15758E-2
1.48925E+11	1.21332E-7	-2.43433E+1	1.21379E-2	5.94237E-2
1.49000E+11	1.51109E-8	-3.07621E+1	6.10016E-3	-2.83170E-2
1.49075E+11	7.30212E-9	-3.65987E+1	-1.25653E-2	7.80743E-3
1.49150E+11	2.52086E-9	-3.48560E+1	1.69488E-2	-6.29505E-3
1.49225E+11	1.35833E-9	-3.62583E+1	-1.14303E-2	-1.02972E-2
1.49300E+11	1.84342E-9	-3.32764E+1	-5.15883E-3	2.10635E-2
1.49375E+11	5.77831E-10	-3.24088E+1	2.32847E-2	-5.66575E-3
1.49450E+11	2.46920E-9	-2.86493E+1	-3.04643E-2	-2.08982E-2
1.49525E+11	1.17494E-9	-2.78772E+1	-7.76003E-3	3.96250E-2
1.49600E+11	2.55122E-9	-2.44487E+1	5.65123E-2	-1.99172E-2
1.49675E+11	6.73527E-9	-2.15815E+1	-6.86197E-2	-4.73193E-2
1.49750E+11	9.45155E-9	-1.73700E+1	-4.38002E-2	1.28080E-1
1.49825E+11	5.37131E-8	-1.33868E+1	2.01432E-1	-7.26177E-2
1.49900E+11	6.60174E-8	-9.52952E+0	-1.81457E-1	-2.80205E-1
1.49975E+11	5.09507E-7	-4.38549E+0	-1.35276E-1	5.88213E-1
1.50050E+11	4.39069E-7	-3.38398E+0	6.08373E-1	-2.97759E-1
1.50125E+11	1.87528E-6	4.85435E-1	-9.09381E-1	-5.39711E-1
1.50200E+11	6.13480E-7	-3.03968E+0	2.13783E-1	6.71510E-1
1.50275E+11	1.60674E-6	5.10240E+0	9.55965E-2	-1.79683E+0
1.50350E+11	1.27503E-6	3.48963E+0	-9.95797E-1	1.11435E+0
1.50425E+11	3.29430E-6	1.25651E+1	3.54548E+0	2.34113E+0
1.50500E+11	3.27377E-6	1.63936E+1	4.89751E+0	-4.42740E+0
1.50575E+11	4.04684E-6	1.11731E+1	-2.70509E+0	-2.40493E+0
1.50650E+11	4.19096E-6	9.60953E+0	-1.60454E+0	2.56234E+0
1.50725E+11	4.25710E-6	5.98637E+0	1.94771E+0	4.18336E-1
1.50800E+11	7.37770E-6	5.34395E+0	-5.44239E-2	-1.84931E+0
1.50875E+11	5.23381E-6	1.78240E+0	-1.17302E+0	3.62593E-1
1.50950E+11	1.18192E-5	1.22333E+0	4.83782E-1	1.04466E+0
1.51025E+11	7.89343E-6	1.38260E+0	1.14099E+0	-2.70207E-1
1.51100E+11	5.00748E-5	6.99633E+0	-2.11436E-2	-2.23767E+0
1.51175E+11	5.21411E-5	7.84657E+0	-2.39839E+0	5.81610E-1
1.51250E+11	1.09932E-4	5.86084E+0	8.87192E-1	1.75169E+0
1.51325E+11	9.66694E-5	3.95594E+0	1.16633E+0	-1.06123E+0
1.51400E+11	1.09074E-4	7.16145E-1	-9.92562E-1	-4.40562E-1
1.51475E+11	4.16148E-5	-5.75551E+0	1.08746E-1	5.03894E-1
1.51550E+11	9.51238E-6	-1.45011E+1	1.04741E-1	-1.56530E-1
1.51625E+11	9.73332E-7	-2.52021E+1	-5.29592E-2	1.46231E-2
1.51700E+11	4.39060E-8	-3.92180E+1	9.78074E-3	4.90585E-3
1.51775E+11	6.32660E-9	-4.59678E+1	-2.56980E-3	-4.32458E-3
1.51850E+11	1.08176E-10	-6.08696E+1	-1.10242E-4	8.97986E-4
1.51925E+11	2.81404E-11	-6.30501E+1	6.08663E-4	-3.53504E-4
1.52000E+11	1.55966E-12	-6.79904E+1	-2.64782E-4	-2.97879E-4
1.52075E+11	8.65631E-13	-6.13333E+1	-5.51607E-4	6.56793E-4
1.52150E+11	1.03563E-13	-6.58300E+1	-2.22391E-4	4.60169E-4
1.52225E+11	4.26249E-13	-5.61261E+1	-2.00688E-5	-1.56191E-3
1.52300E+11	5.51050E-14	-5.24118E+1	-5.00587E-4	-2.34269E-3
1.52375E+11	1.59533E-12	-4.52173E+1	-4.71201E-4	-5.46419E-3
1.52450E+11	3.82348E-13	-3.42366E+1	-1.11143E-2	1.59206E-2
1.52525E+11	5.97770E-13	-4.93583E+1	3.16275E-3	1.26071E-3
1.52600E+11	4.48287E-13	-3.60549E+1	-4.45467E-3	-1.51060E-2
1.52675E+11	5.99508E-13	-4.18004E+1	-8.11793E-3	4.02732E-4
1.52750E+11	1.28031E-12	-3.35066E+1	2.10976E-2	9.49449E-4
1.52825E+11	1.67337E-13	-3.48802E+1	4.38986E-3	1.74873E-2
1.52900E+11	3.63209E-13	-4.20549E+1	5.78192E-3	5.37334E-3
1.52975E+11	5.45209E-13	-3.20731E+1	2.46018E-2	-3.89535E-3
1.53050E+11	1.23661E-12	-3.73611E+1	-4.53811E-3	1.27677E-2
1.53125E+11	1.34652E-12	-3.59372E+1	-4.82809E-4	-1.59567E-2
1.53200E+11	1.95978E-11	-2.00087E+1	-6.17447E-2	7.85341E-2
1.53275E+11	1.55820E-10	-1.07202E+1	2.76055E-1	9.22606E-2
1.53350E+11	1.85657E-10	8.71592E+0	-8.76532E-1	-2.58303E+0
1.53425E+11	6.42269E-11	7.69764E+0	-1.84704E+0	1.57280E+0
1.53500E+11	6.03254E-10	1.88564E+1	8.76590E+0	8.88495E-2
1.53575E+11	5.02939E-9	2.70907E+1	-2.08834E+1	-8.69749E+0
1.53650E+11	1.32581E-8	3.81071E+1	-1.10072E+1	7.96617E+1
1.53725E+11	5.13617E-9	3.79875E+1	7.47282E+1	-2.65924E+1
1.53800E+11	1.86865E-9	2.52374E+1	1.65075E+1	7.84202E+0
1.53875E+11	6.11253E-10	2.03303E+1	-7.18845E-1	-1.03627E+1
1.53950E+11	1.33629E-10	2.03135E+1	4.79767E+0	-9.19067E+0
1.54025E+11	2.01019E-10	2.03596E+1	3.07582E+0	-9.95854E+0
1.54100E+11	1.28361E-10	1.87703E+1	-1.73318E+0	-8.50507E+0
1.54175E+11	9.21224E-10	3.24524E+1	3.70187E+1	1.97104E+1
1.54250E+11	1.38061E-8	3.17078E+1	3.10278E+1	2.27824E+1
1.54325E+11	5.74722E-8	3.96628E+1	4.05705E+1	-8.72179E+1
1.54400E+11	3.09798E-7	2.69951E+1	-1.67891E+1	-1.47902E+1
1.54475E+11	2.69145E-7	1.26400E+1	-2.73887E+0	3.29608E+0
1.54550E+11	1.20835E-7	-3.11348E+0	4.86579E-1	5.01500E-1
1.54625E+11	2.33768E-9	-3.33133E+1	8.21851E-3	-1.99689E-2
1.54700E+11	1.83442E-11	-5.89167E+1	-1.13150E-3	-5.47814E-5
1.54775E+11	6.78427E-12	-6.92196E+1	2.95396E-4	1.80070E-4
1.54850E+11	2.76332E-13	-8.26310E+1	-5.60252E-5	-4.81401E-5
1.54925E+11	1.45808E-11	-6.96204E+1	9.51625E-5	3.16351E-4
1.55000E+11	1.55886E-11	-6.68972E+1	1.55290E-4	-4.24488E-4
1.55075E+11	5.64898E-12	-7.40623E+1	-1.96497E-4	2.51442E-5
1.55150E+11	4.30724E-12	-7.20689E+1	2.48205E-4	-2.22803E-5
1.55225E+11	3.37227E-12	-7.12445E+1	7.75219E-5	-2.62821E-4
1.55300E+11	2.42485E-12	-7.04790E+1	-2.47557E-4	1.68148E-4
1.55375E+11	3.24604E-13	-7.67196E+1	-1.09878E-4	9.59704E-5
1.55450E+11	5.16568E-14	-8.23207E+1	7.62263E-5	7.06568E-6
1.55525E+11	1.57474E-13	-7.69247E+1	-1.42406E-4	4.69570E-6
1.55600E+11	3.62987E-13	-7.22100E+1	-1.03453E-4	2.22295E-4
1.55675E+11	2.54009E-13	-6.92286E+1	-3.12779E-4	-1.46987E-4
1.55750E+11	2.73719E-13	-7.50371E+1	-1.76531E-4	1.37967E-5
1.55825E+11	1.14371E-13	-6.55459E+1	-5.07098E-4	1.47398E-4
1.55900E+11	3.29485E-12	-6.18495E+1	-5.23079E-6	-8.08197E-4
1.55975E+11	1.21604E-12	-5.29832E+1	-1.74040E-3	-1.41503E-3
1.56050E+11	1.58085E-13	-6.65357E+1	1.37820E-4	-4.50605E-4
1.56125E+11	3.56113E-13	-6.01650E+1	-9.71945E-4	1.34324E-4
1.56200E+11	1.25065E-12	-3.98131E+1	7.96159E-3	-6.40395E-3
1.56275E+11	8.45478E-13	-5.49236E+1	-1.35789E-3	-1.17242E-3
1.56350E+11	3.28227E-13	-4.74372E+1	-1.10824E-3	-4.10043E-3
1.56425E+11	1.93323E-12	-5.73139E+1	9.54385E-4	-9.72268E-4
1.56500E+11	1.38258E-12	-5.83469E+1	-1.19534E-3	-1.85439E-4
1.56575E+11	4.18287E-13	-7.29155E+1	5.08414E-5	2.20270E-4
1.56650E+11	1.51279E-12	-6.73110E+1	-1.23109E-4	4.13018E-4
1.56725E+11	6.39976E-13	-7.73397E+1	3.44337E-5	-1.31399E-4
1.56800E+11	3.18228E-13	-8.04813E+1	9.44676E-5	5.18961E-6
1.56875E+11	5.48965E-13	-8.17901E+1	-8.01915E-5	1.38330E-5
1.56950E+11	4.90932E-11	-6.34654E+1	6.10249E-4	2.79026E-4
1.57025E+11	1.44646E-9	-4.67513E+1	-7.74260E-4	-4.53088E-3
1.57100E+11	2.13052E-7	-2.88516E+1	-2.08460E-2	2.94639E-2
1.57175E+11	1.93596E-6	-2.02046E+1	8.59408E-2	-4.64120E-2
1.57250E+11	8.74365E-6	-1.81195E+1	-9.73796E-2	-7.70461E-2
1.57325E+11	5.64217E-5	-1.23467E+1	-1.12424E-1	2.13578E-1
1.57400E+11	1.50241E-4	-1.06903E+1	2.86032E-1	5.90767E-2
1.57475E+11	1.64307E-4	-1.08872E+1	1.63176E-1	-2.34300E-1
1.57550E+11	2.19451E-4	-8.90891E+0	-3.48414E-1	-8.46695E-2
1.57625E+11	2.65119E-4	-9.06084E+0	1.30832E-1	3.27145E-1
1.57700E+11	2.39407E-4	-1.02755E+1	1.97739E-1	-2.33991E-1
1.57775E+11	3.06933E-4	-9.31648E+0	-3.33873E-1	-7.46569E-2
1.57850E+11	3.02446E-4	-9.72291E+0	1.01289E-1	3.10369E-1
1.57925E+11	3.00532E-4	-1.06566E+1	2.47209E-1	-1.57658E-1
1.58000E+11	3.13208E-4	-9.61613E+0	-2.74327E-1	-1.84353E-1
1.58075E+11	2.64644E-4	-1.10508E+1	-3.89996E-2	2.77466E-1
1.58150E+11	3.23156E-4	-8.67485E+0	3.30988E-1	-1.61638E-1
1.58225E+11	2.77947E-4	-9.54341E+0	-3.00527E-1	-1.44116E-1
1.58300E+11	2.44170E-4	-9.38729E+0	-3.51114E-2	3.37519E-1
1.58375E+11	2.24140E-4	-9.22250E+0	3.08834E-1	-1.55650E-1
1.58450E+11	1.62946E-4	-1.09193E+1	-2.19773E-1	-1.80617E-1
1.58525E+11	1.51231E-4	-1.18237E+1	-1.39377E-2	2.55959E-1
1.58600E+11	6.93311E-5	-1.37880E+1	1.62074E-1	-1.24635E-1
1.58675E+11	7.90052E-5	-1.48367E+1	-1.67949E-1	-6.80265E-2
1.58750E+11	3.14874E-5	-1.65092E+1	2.85319E-2	1.46716E-1
1.58825E+11	5.19310E-5	-1.60326E+1	1.41516E-1	-7.00319E-2
1.58900E+11	4.15971E-5	-1.49320E+1	-1.57894E-1	-8.48019E-2
1.58975E+11	6.08110E-5	-1.33503E+1	3.61872E-2	2.11956E-1
1.59050E+11	6.79645E-5	-1.26623E+1	1.53247E-1	-1.75178E-1
1.59125E+11	6.55257E-5	-1.16532E+1	-2.55704E-1	-5.43719E-2
1.59200E+11	9.74824E-5	-1.10092E+1	8.04200E-2	2.69811E-1
1.59275E+11	7.13492E-5	-1.19967E+1	1.67964E-1	-1.86900E-1
1.59350E+11	1.36140E-4	-1.06618E+1	-1.07295E-1	2.72680E-1
1.59425E+11	8.64362E-5	-1.05656E+1	2.59583E-1	-1.42848E-1
1.59500E+11	7.90256E-5	-1.27283E+1	-1.96231E-1	-1.21853E-1
1.59575E+11	3.55615E-5	-1.32992E+1	-3.03517E-2	2.14151E-1
1.59650E+11	5.14907E-5	-1.53616E+1	1.65447E-1	4.15203E-2
1.59725E+11	4.35615E-5	-1.15236E+1	7.39347E-2	-2.54842E-1
1.59800E+11	1.03474E-4	-1.13997E+1	-2.65887E-1	4.18610E-2
1.59875E+11	4.97078E-5	-9.49908E+0	1.52699E-1	2.98176E-1
1.59950E+11	8.97457E-5	-7.56630E+0	1.28312E-1	-3.98334E-1
1.60025E+11	6.76241E-5	-6.16129E+0	-4.65189E-1	1.60095E-1
1.60100E+11	8.84353E-5	-7.40056E+0	3.82756E-1	1.88266E-1
1.60175E+11	7.29449E-5	-9.49177E+0	4.54165E-2	-3.32193E-1
1.60250E+11	1.06663E-4	-9.45119E+0	-3.16365E-1	1.15687E-1
1.60325E+11	5.71366E-5	-1.13020E+1	2.07016E-1	1.76751E-1
1.60400E+11	6.01289E-5	-1.11949E+1	8.82757E-3	-2.75442E-1
1.60475E+11	3.62872E-5	-1.46022E+1	-1.58799E-1	9.71552E-2
1.60550E+11	3.05583E-5	-1.40308E+1	1.05787E-1	1.68341E-1
1.60625E+11	5.14560E-5	-1.32613E+1	1.35663E-1	-1.69670E-1
1.60700E+11	3.00728E-5	-1.31233E+1	-1.81627E-1	-1.25410E-1
1.60775E+11	7.60671E-5	-9.69787E+0	-1.48284E-2	3.27085E-1
1.60850E+11	4.03110E-5	-9.14059E+0	2.65417E-1	-2.26795E-1
1.60925E+11	8.58441E-5	-8.67851E+0	-3.59944E-1	-7.74938E-2
1.61000E+11	5.27198E-5	-1.04568E+1	7.55651E-2	2.90355E-1
1.61075E+11	7.86921E-5	-1.09971E+1	2.48754E-1	-1.32694E-1
1.61150E+11	6.76090E-5	-1.08678E+1	-2.46050E-1	-1.46107E-1
1.61225E+11	8.64630E-5	-1.14215E+1	4.30679E-3	2.68454E-1
1.61300E+11	7.37360E-5	-1.11546E+1	2.11346E-1	-1.78851E-1
1.61375E+11	8.49134E-5	-1.11498E+1	-2.54281E-1	-1.09910E-1
1.61450E+11	1.03287E-4	-9.90510E+0	-3.00523E-2	3.18286E-1
1.61525E+11	8.40179E-5	-1.01178E+1	2.98808E-1	-8.96505E-2
1.61600E+11	1.13492E-4	-9.63277E+0	-2.34308E-1	-2.32214E-1
1.61675E+11	8.94536E-5	-1.00870E+1	-6.68295E-3	3.13005E-1
1.61750E+11	1.03406E-4	-9.56206E+0	2.66443E-1	-1.99042E-1
1.61825E+11	1.07695E-4	-9.31556E+0	-3.30203E-1	-8.96420E-2
1.61900E+11	9.12470E-5	-1.00512E+1	4.44430E-2	3.11211E-1
1.61975E+11	1.23076E-4	-1.00213E+1	2.57952E-1	-1.81580E-1
1.62050E+11	8.54662E-5	-1.11138E+1	-2.60320E-1	-9.80440E-2
1.62125E+11	1.10493E-4	-1.10552E+1	3.23424E-2	2.78178E-1
1.62200E+11	8.94831E-5	-1.14640E+1	1.97590E-1	-1.79837E-1
1.62275E+11	9.35979E-5	-1.22256E+1	-1.95543E-1	-1.47187E-1
1.62350E+11	1.22888E-4	-1.03152E+1	-1.58971E-1	2.60247E-1
1.62425E+11	1.77799E-4	-9.56319E+0	3.31991E-1	1.90509E-2
1.62500E+11	1.43673E-4	-8.63302E+0	-1.91711E-1	-3.16607E-1
1.62575E+11	2.47478E-4	-7.33688E+0	-3.56867E-2	4.28206E-1
1.62650E+11	1.68828E-4	-6.49311E+0	3.40895E-1	-3.28662E-1
1.62725E+11	2.47448E-4	-6.78951E+0	-4.45205E-1	-1.05958E-1
1.62800E+11	2.05001E-4	-7.35776E+0	-4.30525E-3	4.28637E-1
1.62875E+11	2.48702E-4	-6.69505E+0	4.34595E-1	-1.58641E-1
1.62950E+11	2.66561E-4	-6.17025E+0	-3.94757E-1	-2.92744E-1
1.63025E+11	3.47923E-4	-5.11906E+0	-4.85149E-2	5.52560E-1
1.63100E+11	3.34170E-4	-3.54479E+0	5.33938E-1	-3.96246E-1
1.63175E+11	3.24838E-4	-3.76621E+0	-5.46133E-1	-3.49091E-1
1.63250E+11	2.64481E-4	-4.65312E+0	-1.83074E-1	5.55882E-1
1.63325E+11	2.71610E-4	-4.56876E+0	5.69760E-1	1.56886E-1
1.63400E+11	3.04446E-4	-3.64722E+0	-7.88738E-2	-6.52360E-1
1.63475E+11	2.72156E-4	-3.86996E+0	-5.68573E-1	2.94844E-1
1.63550E+11	3.13376E-4	-2.93842E-1	6.87539E-1	6.79610E-1
1.63625E+11	3.80856E-4	3.82218E-1	2.87378E-1	-1.00469E+0
1.63700E+11	3.04424E-4	1.53779E-1	-1.01489E+0	7.76918E-2
1.63775E+11	4.14114E-4	-3.45584E-1	6.13219E-1	7.39914E-1
1.63850E+11	2.49633E-4	-2.23782E+0	2.10096E-1	-7.43771E-1
1.63925E+11	3.68236E-4	-1.95616E+0	-7.81227E-1	1.64450E-1
1.64000E+11	3.41694E-4	-8.76569E-1	5.42453E-1	7.23168E-1
1.64075E+11	3.91267E-4	-2.92306E-1	5.72969E-1	-7.78856E-1
1.64150E+11	4.00303E-4	2.74030E-1	-9.21481E-1	-4.64761E-1
1.64225E+11	3.76771E-4	-2.03460E+0	-1.54282E-1	7.75982E-1
1.64300E+11	3.71679E-4	-4.24575E+0	6.08523E-1	-7.68458E-2
1.64375E+11	3.76416E-4	-4.24266E+0	-2.84163E-1	-5.43806E-1
1.64450E+11	3.50178E-4	-4.72811E+0	-4.33488E-1	3.85677E-1
1.64525E+11	3.37473E-4	-6.48651E+0	3.76104E-1	2.88296E-1
1.64600E+11	3.67880E-4	-7.78149E+0	4.85490E-2	-4.05352E-1
1.64675E+11	2.39125E-4	-1.03218E+1	-2.83238E-1	1.12406E-1
1.64750E+11	2.76576E-4	-1.08129E+1	2.35197E-1	1.66167E-1
1.64825E+11	1.99081E-4	-1.24331E+1	1.17902E-2	-2.38679E-1
1.64900E+11	2.05125E-4	-1.28667E+1	-1.99245E-1	1.09466E-1
1.64975E+11	1.42756E-4	-1.39402E+1	1.40260E-1	1.43841E-1
1.65050E+11	2.23486E-4	-1.19005E+1	1.10077E-1	-2.29001E-1
1.65125E+11	2.12432E-4	-1.10372E+1	-2.79374E-1	-2.65484E-2
1.65200E+11	3.15327E-4	-8.97031E+0	1.70058E-1	3.12788E-1
1.65275E+11	2.64965E-4	-8.78695E+0	1.06132E-1	-3.47791E-1
1.65350E+11	3.63072E-4	-7.04522E+0	-4.01399E-1	1.90627E-1
1.65425E+11	3.19298E-4	-7.36313E+0	4.20540E-1	8.16540E-2
1.65500E+11	3.18879E-4	-8.95233E+0	-7.47529E-2	-3.48847E-1
1.65575E+11	2.90092E-4	-9.34872E+0	-2.80309E-1	1.93923E-1
1.65650E+11	2.86024E-4	-1.04031E+1	2.63792E-1	1.46796E-1
1.65725E+11	3.17872E-4	-9.92630E+0	-1.91194E-2	-3.18349E-1
1.65800E+11	2.81868E-4	-1.02025E+1	-2.09695E-1	2.26874E-1
1.65875E+11	3.78469E-4	-9.37578E+0	3.33368E-1	6.57512E-2
1.65950E+11	2.61649E-4	-9.59138E+0	-7.52098E-2	-3.22815E-1
1.66025E+11	4.66244E-4	-7.87706E+0	-3.49021E-1	2.03037E-1
1.66100E+11	3.29921E-4	-6.96722E+0	4.05486E-1	1.91361E-1
1.66175E+11	5.01660E-4	-5.82159E+0	-1.29562E-1	-4.94910E-1
1.66250E+11	3.76208E-4	-4.13085E+0	-3.04982E-1	5.41551E-1
1.66325E+11	4.37023E-4	-3.55855E+0	6.61900E-1	5.08929E-2
1.66400E+11	2.98672E-4	-1.63833E+0	-9.93030E-2	-8.22125E-1
1.66475E+11	1.56473E-4	-5.33235E+0	-5.10754E-1	1.79057E-1
1.66550E+11	1.99416E-4	-2.04843E+0	5.47502E-1	5.69387E-1
1.66625E+11	2.37193E-4	1.65589E+0	4.87687E-2	-1.20904E+0
1.66700E+11	2.34147E-4	3.19948E+0	-1.26486E+0	6.99412E-1
1.66775E+11	2.80003E-4	7.35970E+0	2.04491E+0	1.12382E+0
1.66850E+11	2.61643E-4	6.70079E+0	7.07314E-1	-2.04399E+0
1.66925E+11	3.00703E-4	1.01737E+1	-3.21177E+0	-3.04410E-1
1.67000E+11	3.45773E-4	8.14171E+0	1.18988E+0	2.25899E+0
1.67075E+11	3.54214E-4	9.13227E+0	1.68499E+0	-2.31295E+0
1.67150E+11	4.83312E-4	8.70793E+0	-2.72486E+0	-4.21158E-2
1.67225E+11	2.06107E-4	6.63994E+0	5.90633E-1	2.06501E+0
1.67300E+11	2.35535E-4	1.03205E+1	2.43824E+0	-2.19568E+0
1.67375E+11	2.35478E-4	1.12908E+1	-2.49899E+0	-2.68630E+0
1.67450E+11	3.30880E-4	1.23964E+1	-1.60911E+0	3.84372E+0
1.67525E+11	2.78392E-4	1.19466E+1	3.88930E+0	-7.27048E-1
1.67600E+11	3.44077E-4	1.03165E+1	-2.17554E+0	-2.45416E+0
1.67675E+11	3.67219E-4	1.03256E+1	-1.26458E+0	3.02974E+0
1.67750E+11	3.30047E-4	1.03387E+1	2.87396E+0	1.59735E+0
1.67825E+11	5.10843E-4	8.69047E+0	5.65251E-1	-2.66033E+0
1.67900E+11	3.45533E-4	1.03906E+1	-3.30767E+0	-2.23071E-2
1.67975E+11	4.81372E-4	7.75205E+0	1.14414E+0	2.15648E+0
1.68050E+11	2.90550E-4	8.88654E+0	1.46403E+0	-2.36539E+0
1.68125E+11	3.69374E-4	4.23385E+0	-1.42909E+0	-7.80098E-1
1.68200E+11	2.45599E-4	5.82818E+0	-7.26923E-1	1.81610E+0
1.68275E+11	3.47233E-4	4.30534E+0	1.62898E+0	2.03184E-1
1.68350E+11	3.81562E-4	3.05720E+0	-5.10078E-1	-1.32723E+0
1.68425E+11	4.00131E-4	2.44718E+0	-8.72310E-1	9.97926E-1
1.68500E+11	3.84031E-4	3.86538E+0	1.51213E+0	3.85580E-1
1.68575E+11	3.95150E-4	9.85439E-1	-1.58001E-1	-1.10894E+0
1.68650E+11	3.22738E-4	-2.77743E-2	-9.56142E-1	2.81812E-1
1.68725E+11	3.38339E-4	-3.19494E+0	4.39950E-1	5.34446E-1
1.68800E+11	2.92659E-4	-4.86696E+0	2.07519E-1	-5.31978E-1
1.68875E+11	3.74689E-4	-5.87854E+0	-4.54514E-1	2.27443E-1
1.68950E+11	2.21092E-4	-7.86889E+0	3.16342E-1	2.51545E-1
1.69025E+11	3.83756E-4	-7.03422E+0	1.18722E-1	-4.28795E-1
1.69100E+11	2.36918E-4	-9.11358E+0	-3.49665E-1	1.94160E-2
1.69175E+11	2.95306E-4	-8.99910E+0	1.40844E-1	3.25702E-1
1.69250E+11	2.46418E-4	-1.01220E+1	1.19348E-1	-2.88074E-1
1.69325E+11	2.11121E-4	-1.07260E+1	-2.89064E-1	3.23640E-2
1.69400E+11	3.63094E-4	-9.28591E+0	2.33655E-1	2.51549E-1
1.69475E+11	2.22319E-4	-1.02978E+1	1.43633E-1	-2.69709E-1
1.69550E+11	4.53337E-4	-8.28827E+0	-3.82969E-1	-4.05702E-2
1.69625E+11	2.42769E-4	-9.98261E+0	1.41369E-1	2.83577E-1
1.69700E+11	4.39617E-4	-8.65430E+0	1.97493E-1	-3.11961E-1
1.69775E+11	2.94677E-4	-8.86651E+0	-3.49217E-1	8.87108E-2
1.69850E+11	3.91066E-4	-8.61322E+0	2.48380E-1	2.75547E-1
1.69925E+11	2.83614E-4	-8.23145E+0	1.39622E-1	-3.61621E-1
1.70000E+11	3.46060E-4	-7.79764E+0	-4.06226E-1	-3.20798E-2
1.70075E+11	4.39687E-4	-5.82592E+0	1.33015E-1	4.93729E-1
1.70150E+11	3.53022E-4	-5.73299E+0	3.61967E-1	-3.68913E-1
1.70225E+11	4.75514E-4	-4.63236E+0	-5.75082E-1	-1.15947E-1
1.70300E+11	3.19855E-4	-5.36318E+0	2.35143E-1	4.85352E-1
1.70375E+11	4.72987E-4	-4.16507E+0	3.80978E-1	-4.87971E-1
1.70450E+11	3.19913E-4	-3.94173E+0	-6.34081E-1	3.77648E-2
1.70525E+11	3.33985E-4	-4.96155E+0	2.56626E-1	5.03173E-1
1.70600E+11	2.86329E-4	-3.58985E+0	3.03283E-1	-5.87841E-1
1.70675E+11	2.27041E-4	-5.48797E+0	-5.23183E-1	9.43379E-2
1.70750E+11	2.09695E-4	-4.53689E+0	2.91283E-1	5.16688E-1
1.70825E+11	1.74678E-4	-5.84202E+0	2.45525E-1	-4.47450E-1
1.70900E+11	1.51906E-4	-6.54396E+0	-4.53948E-1	-1.24693E-1
1.70975E+11	1.55298E-4	-6.25465E+0	1.59052E-1	4.59985E-1
1.71050E+11	1.27520E-4	-7.91795E+0	2.81668E-1	-2.86663E-1
1.71125E+11	1.23881E-4	-7.40042E+0	-4.25424E-1	-3.10985E-2
1.71200E+11	1.30572E-4	-8.26397E+0	1.95775E-1	3.32889E-1
1.71275E+11	1.32460E-4	-6.40648E+0	2.63359E-1	-3.99233E-1
1.71350E+11	1.27682E-4	-8.05085E+0	-3.89382E-1	-7.08931E-2
1.71425E+11	1.14914E-4	-7.04932E+0	3.20074E-2	4.43000E-1
1.71500E+11	1.21778E-4	-7.17754E+0	3.33956E-1	-2.82856E-1
1.71575E+11	1.49627E-4	-7.48346E+0	-3.93223E-1	-1.54538E-1
1.71650E+11	1.63796E-4	-5.80518E+0	1.25905E-1	4.96852E-1
1.71725E+11	1.95576E-4	-6.85047E+0	3.79071E-1	-2.50642E-1
1.71800E+11	2.64466E-4	-3.54857E+0	-5.28584E-1	-4.02882E-1
1.71875E+11	2.93954E-4	-5.11725E+0	-1.03894E-1	5.44987E-1
1.71950E+11	3.72556E-4	-4.32990E+0	5.90700E-1	-1.41631E-1
1.72025E+11	4.21127E-4	-5.17434E+0	-4.83683E-1	-2.64264E-1
1.72100E+11	3.86255E-4	-5.93539E+0	-3.16684E-2	5.03935E-1
1.72175E+11	5.52082E-4	-5.15098E+0	4.78747E-1	-2.76088E-1
1.72250E+11	4.53146E-4	-6.99472E+0	-3.07471E-1	-3.24393E-1
1.72325E+11	5.28086E-4	-6.70813E+0	-2.45558E-1	3.91277E-1
1.72400E+11	4.90844E-4	-8.31860E+0	3.77289E-1	7.02276E-2
1.72475E+11	4.93879E-4	-8.21583E+0	-8.60172E-2	-3.78690E-1
1.72550E+11	4.89517E-4	-9.56131E+0	-2.27034E-1	2.43073E-1
1.72625E+11	4.32560E-4	-1.00854E+1	2.76327E-1	1.47293E-1
1.72700E+11	3.91878E-4	-1.12265E+1	6.59490E-3	-2.74504E-1
1.72775E+11	3.69689E-4	-1.15531E+1	-2.57660E-1	5.95432E-2
1.72850E+11	4.70456E-4	-1.07654E+1	2.24489E-1	1.82884E-1
1.72925E+11	3.14741E-4	-1.24378E+1	3.12890E-2	-2.36782E-1
1.73000E+11	4.99871E-4	-1.04179E+1	-2.73103E-1	1.27437E-1
1.73075E+11	3.25335E-4	-1.21274E+1	1.83298E-1	1.66354E-1
1.73150E+11	4.44779E-4	-1.08212E+1	1.79562E-1	-2.24784E-1
1.73225E+11	3.55220E-4	-1.12046E+1	-2.71801E-1	-4.36000E-2
1.73300E+11	3.65052E-4	-1.10648E+1	6.19902E-2	2.72789E-1
1.73375E+11	3.76104E-4	-1.03667E+1	1.32257E-1	-2.72783E-1
1.73450E+11	3.12981E-4	-1.14975E+1	-2.62978E-1	4.09631E-2
1.73525E+11	4.16149E-4	-9.81054E+0	1.93841E-1	2.58621E-1
1.73600E+11	3.63676E-4	-1.03788E+1	1.73547E-1	-2.48050E-1
1.73675E+11	4.52984E-4	-8.71556E+0	-3.46666E-1	-1.19317E-1
1.73750E+11	3.57702E-4	-9.57152E+0	6.00420E-2	3.26748E-1
1.73825E+11	4.06621E-4	-8.53321E+0	2.93572E-1	-2.32364E-1
1.73900E+11	3.62635E-4	-9.05536E+0	-3.41365E-1	-8.81353E-2
1.73975E+11	4.08835E-4	-8.77377E+0	7.45071E-3	3.64100E-1
1.74050E+11	4.75749E-4	-7.61091E+0	3.32597E-1	-2.50446E-1
1.74125E+11	3.87185E-4	-9.15437E+0	-3.13953E-1	-1.51427E-1
1.74200E+11	5.37406E-4	-6.93711E+0	1.19576E-1	4.33749E-1
1.74275E+11	4.97867E-4	-8.69698E+0	1.80659E-1	-3.19926E-1
1.74350E+11	6.07854E-4	-7.22300E+0	-4.33805E-1	-3.67808E-2
1.74425E+11	6.37538E-4	-7.97896E+0	1.86732E-1	3.52690E-1
1.74500E+11	5.29553E-4	-8.05931E+0	3.19117E-1	-2.33460E-1
1.74575E+11	7.29083E-4	-7.42076E+0	-3.95516E-1	-1.57065E-1
1.74650E+11	5.09593E-4	-8.88173E+0	4.41696E-3	3.59650E-1
1.74725E+11	7.41341E-4	-7.49997E+0	3.35285E-1	-2.55761E-1
1.74800E+11	5.25750E-4	-9.01337E+0	-3.28723E-1	-1.32086E-1
1.74875E+11	6.53563E-4	-7.78273E+0	-6.39499E-3	4.08141E-1
1.74950E+11	5.15974E-4	-8.88031E+0	3.06973E-1	-1.87558E-1
1.75025E+11	6.51372E-4	-7.82304E+0	-3.39270E-1	-2.23553E-1
1.75100E+11	5.13972E-4	-8.72859E+0	6.29438E-2	3.60624E-1
1.75175E+11	6.38316E-4	-8.30738E+0	3.32079E-1	-1.93347E-1
1.75250E+11	6.64565E-4	-7.36165E+0	-3.85964E-1	-1.86053E-1
1.75325E+11	5.60145E-4	-8.67076E+0	-9.76031E-2	3.55361E-1
1.75400E+11	6.77070E-4	-6.88308E+0	4.52419E-1	1.69569E-2
1.75475E+11	6.32320E-4	-8.31124E+0	-1.93014E-1	-3.32076E-1
1.75550E+11	5.88409E-4	-7.69105E+0	-2.54282E-1	3.24831E-1
1.75625E+11	7.44692E-4	-7.91227E+0	3.92361E-1	-8.81829E-2
1.75700E+11	5.26558E-4	-8.70278E+0	-1.89917E-1	-3.14231E-1
1.75775E+11	8.78303E-4	-7.41336E+0	-2.04872E-1	3.73415E-1
1.75850E+11	4.97418E-4	-9.15579E+0	3.32219E-1	1.05297E-1
1.75925E+11	7.40069E-4	-7.92110E+0	-4.00524E-2	-3.99738E-1
1.76000E+11	5.38624E-4	-9.37209E+0	-2.85362E-1	1.84727E-1
1.76075E+11	6.08300E-4	-8.52540E+0	3.03326E-1	2.20053E-1
1.76150E+11	6.08477E-4	-9.29604E+0	2.31372E-2	-3.42143E-1
1.76225E+11	5.32591E-4	-8.93745E+0	-3.43264E-1	9.94407E-2
1.76300E+11	6.92532E-4	-9.04230E+0	2.83354E-1	2.10672E-1
1.76375E+11	4.86042E-4	-9.29025E+0	7.14742E-2	-3.35627E-1
1.76450E+11	9.54689E-4	-7.94664E+0	-3.43581E-1	2.05914E-1
1.76525E+11	3.86635E-4	-1.01178E+1	2.59768E-1	1.72760E-1
1.76600E+11	8.46796E-4	-8.05209E+0	2.96467E-2	-3.94615E-1
1.76675E+11	3.83660E-4	-9.69708E+0	-3.06135E-1	1.16213E-1
1.76750E+11	6.27550E-4	-8.38024E+0	1.98355E-1	3.25359E-1
1.76825E+11	4.22608E-4	-8.68033E+0	1.91902E-1	-3.14137E-1
1.76900E+11	4.77272E-4	-8.63738E+0	-3.62643E-1	-7.31144E-2
1.76975E+11	4.95006E-4	-7.85847E+0	1.76952E-1	3.63906E-1
1.77050E+11	3.64570E-4	-8.96354E+0	2.11482E-1	-2.86756E-1
1.77125E+11	5.60552E-4	-7.98241E+0	-3.97602E-1	-3.23258E-2
1.77200E+11	2.98540E-4	-9.48547E+0	1.18122E-1	3.14046E-1
1.77275E+11	5.51540E-4	-8.30295E+0	2.56844E-1	-2.86080E-1
1.77350E+11	2.73010E-4	-9.18907E+0	-3.39531E-1	-7.24458E-2
1.77425E+11	5.45840E-4	-8.27042E+0	8.54901E-2	3.76315E-1
1.77500E+11	2.97987E-4	-8.31323E+0	2.57345E-1	-2.85016E-1
1.77575E+11	4.68905E-4	-8.31219E+0	-3.47619E-1	-1.63270E-1
1.77650E+11	3.43964E-4	-7.72587E+0	8.25300E-2	4.02498E-1
1.77725E+11	3.42569E-4	-9.55206E+0	2.76356E-1	-1.85721E-1
1.77800E+11	3.78841E-4	-7.94649E+0	-3.61430E-1	-1.72692E-1
1.77875E+11	3.30355E-4	-9.36699E+0	6.34786E-2	3.34158E-1
1.77950E+11	4.14831E-4	-8.59459E+0	2.97774E-1	-2.22579E-1
1.78025E+11	3.38198E-4	-9.29593E+0	-3.38203E-1	-5.67350E-2
1.78100E+11	4.09823E-4	-9.39335E+0	7.02250E-2	3.31753E-1
1.78175E+11	3.38601E-4	-8.48575E+0	2.72914E-1	-2.59299E-1
1.78250E+11	3.80355E-4	-9.60053E+0	-2.78574E-1	-1.78971E-1
1.78325E+11	3.37865E-4	-8.30235E+0	-6.28730E-2	3.79312E-1
1.78400E+11	3.41717E-4	-9.72144E+0	3.09947E-1	-1.02748E-1
1.78475E+11	3.50230E-4	-8.53195E+0	-3.05280E-1	-2.16847E-1
1.78550E+11	3.44553E-4	-9.24160E+0	4.56684E-2	3.42045E-1
1.78625E+11	4.90525E-4	-8.56084E+0	2.84520E-1	-2.41531E-1
1.78700E+11	3.77521E-4	-9.31991E+0	-3.38879E-1	-4.59745E-2
1.78775E+11	4.95821E-4	-9.74238E+0	6.13069E-2	3.19926E-1
1.78850E+11	4.39025E-4	-9.37412E+0	2.38858E-1	-2.41761E-1
1.78925E+11	5.18995E-4	-1.07762E+1	-2.64274E-1	-1.17444E-1
1.79000E+11	5.32814E-4	-9.24020E+0	-2.71374E-3	3.45125E-1
1.79075E+11	5.83727E-4	-1.05218E+1	2.73818E-1	-1.17060E-1
1.79150E+11	5.42837E-4	-9.65909E+0	-2.03513E-1	-2.58357E-1
1.79225E+11	6.46338E-4	-9.80871E+0	-5.91197E-2	3.17817E-1
1.79300E+11	6.11115E-4	-9.86454E+0	3.05390E-1	-9.95258E-2
1.79375E+11	6.71880E-4	-9.35089E+0	-3.01004E-1	-1.59743E-1
1.79450E+11	6.01310E-4	-1.03086E+1	-4.18745E-2	3.02302E-1
1.79525E+11	6.18595E-4	-9.40281E+0	3.32304E-1	-6.56907E-2
1.79600E+11	6.06594E-4	-1.02918E+1	-1.42772E-1	-2.70403E-1
1.79675E+11	6.12660E-4	-9.36307E+0	-2.26820E-1	2.53670E-1
1.79750E+11	6.51697E-4	-9.96804E+0	3.16005E-1	2.96569E-2
1.79825E+11	6.53811E-4	-9.12880E+0	-1.31192E-1	-3.24041E-1
1.79900E+11	6.84273E-4	-9.17394E+0	-1.95009E-1	2.87961E-1
1.79975E+11	6.21572E-4	-9.24701E+0	2.89964E-1	1.86690E-1
1.80050E+11	8.06429E-4	-8.06514E+0	3.73278E-2	-3.93365E-1
1.80125E+11	6.00352E-4	-9.23960E+0	-3.27524E-1	1.08919E-1
1.80200E+11	7.83718E-4	-7.64973E+0	3.55568E-1	2.13010E-1
1.80275E+11	5.72665E-4	-9.12977E+0	-6.91977E-2	-3.42634E-1
1.80350E+11	6.93208E-4	-8.26865E+0	-3.34603E-1	1.92414E-1
1.80425E+11	6.39722E-4	-8.69374E+0	2.90527E-1	2.25133E-1
1.80500E+11	6.78410E-4	-8.64408E+0	2.35811E-1	-2.84672E-1
1.80575E+11	8.18389E-4	-7.93341E+0	-3.92680E-1	-8.20990E-2
1.80650E+11	6.33309E-4	-8.94383E+0	1.03223E-1	3.41872E-1
1.80725E+11	8.96486E-4	-7.47581E+0	1.77823E-1	-3.83667E-1
1.80800E+11	6.16014E-4	-9.04167E+0	-3.47215E-1	6.42829E-2
1.80875E+11	8.53342E-4	-7.75809E+0	2.32533E-1	3.36892E-1
1.80950E+11	6.20658E-4	-9.12921E+0	1.55903E-1	-3.12884E-1
1.81025E+11	7.47560E-4	-8.28985E+0	-3.81628E-1	-5.11551E-2
1.81100E+11	6.79316E-4	-8.75940E+0	1.99368E-1	3.05477E-1
1.81175E+11	6.75278E-4	-9.03233E+0	2.46394E-1	-2.53474E-1
1.81250E+11	7.37798E-4	-8.42266E+0	-3.50610E-1	-1.44446E-1
1.81325E+11	5.21180E-4	-1.02768E+1	-1.05105E-1	2.87713E-1
1.81400E+11	8.11205E-4	-8.25561E+0	3.85083E-1	3.37888E-2
1.81475E+11	5.37159E-4	-1.00798E+1	-1.60733E-1	-2.68967E-1
1.81550E+11	6.98392E-4	-9.26106E+0	-1.45966E-1	3.11836E-1
1.81625E+11	5.80659E-4	-9.57919E+0	3.02244E-1	-1.37196E-1
1.81700E+11	6.61489E-4	-9.87291E+0	-2.02480E-1	-2.48941E-1
1.81775E+11	5.97940E-4	-9.25215E+0	-1.64518E-1	3.02862E-1
1.81850E+11	5.53022E-4	-1.07236E+1	2.77731E-1	8.67084E-2
1.81925E+11	5.23495E-4	-9.71881E+0	-4.82292E-2	-3.23052E-1
1.82000E+11	4.98328E-4	-1.07606E+1	-2.01651E-1	2.08017E-1
1.82075E+11	5.98598E-4	-9.65991E+0	3.10378E-1	1.08680E-1
1.82150E+11	4.65804E-4	-1.06777E+1	-3.52477E-2	-2.90360E-1
1.82225E+11	6.19733E-4	-9.97218E+0	-2.97333E-1	1.10615E-1
1.82300E+11	4.66260E-4	-1.00624E+1	2.74812E-1	1.51832E-1
1.82375E+11	5.31595E-4	-1.08006E+1	-8.81877E-3	-2.88247E-1
1.82450E+11	4.75401E-4	-9.60334E+0	-2.00745E-1	2.63182E-1
1.82525E+11	4.54258E-4	-1.12558E+1	2.69123E-1	4.96138E-2
1.82600E+11	4.43700E-4	-1.01762E+1	2.64294E-3	-3.09867E-1
1.82675E+11	4.13920E-4	-1.12017E+1	-2.66760E-1	6.83225E-2
1.82750E+11	4.99044E-4	-1.04081E+1	8.66990E-2	2.88989E-1
1.82825E+11	4.25781E-4	-1.02877E+1	1.83219E-1	-2.44993E-1
1.82900E+11	5.55254E-4	-1.02530E+1	-3.06079E-1	-2.56439E-2
1.82975E+11	4.41433E-4	-9.32727E+0	2.29351E-1	2.53283E-1
1.83050E+11	5.23518E-4	-1.07426E+1	1.02542E-1	-2.71604E-1
1.83125E+11	4.21871E-4	-9.57406E+0	-3.31291E-1	2.34800E-2
1.83200E+11	7.03170E-4	-9.63509E+0	1.82762E-1	2.74524E-1
1.83275E+11	5.28457E-4	-9.27107E+0	1.72107E-1	-2.97749E-1
1.83350E+11	6.45863E-4	-9.11332E+0	-3.43179E-1	6.98452E-2
1.83425E+11	7.37676E-4	-8.31920E+0	2.09413E-1	3.21566E-1
1.83500E+11	6.55075E-4	-8.12063E+0	1.83125E-1	-3.47294E-1
1.83575E+11	8.74166E-4	-7.48635E+0	-3.93877E-1	-1.52476E-1
1.83650E+11	7.35578E-4	-6.84731E+0	4.01259E-2	4.52831E-1
1.83725E+11	9.80962E-4	-6.83973E+0	3.29592E-1	-3.13681E-1
1.83800E+11	8.12903E-4	-5.84280E+0	-5.09634E-1	-2.68487E-2
1.83875E+11	1.16157E-3	-5.84027E+0	4.18303E-1	2.92612E-1
1.83950E+11	7.96156E-4	-5.59119E+0	1.70465E-1	-4.96914E-1
1.84025E+11	1.17111E-3	-5.05365E+0	-5.43150E-1	1.31657E-1
1.84100E+11	8.00438E-4	-5.67277E+0	1.17007E-1	5.07105E-1
1.84175E+11	1.00417E-3	-4.66105E+0	4.54261E-1	-3.68163E-1
1.84250E+11	7.66194E-4	-5.75772E+0	-4.89241E-1	-1.61997E-1
1.84325E+11	8.30727E-4	-4.59084E+0	2.07841E-1	5.51608E-1
1.84400E+11	7.89226E-4	-5.64312E+0	2.74149E-1	-4.44459E-1
1.84475E+11	7.82720E-4	-4.61067E+0	-5.75159E-1	-1.22794E-1
1.84550E+11	7.76168E-4	-5.81003E+0	2.18584E-1	4.63294E-1
1.84625E+11	6.51538E-4	-5.03246E+0	4.41558E-1	-3.44818E-1
1.84700E+11	9.48696E-4	-4.59530E+0	-5.88451E-1	-2.89285E-2
1.84775E+11	6.74335E-4	-5.01792E+0	1.43607E-1	5.42497E-1
1.84850E+11	1.19338E-3	-3.66377E+0	4.93560E-1	-4.31917E-1
1.84925E+11	6.93482E-4	-5.09059E+0	-4.05282E-1	-3.81374E-1
1.85000E+11	1.26677E-3	-3.31935E+0	-3.43752E-1	5.89483E-1
1.85075E+11	7.58201E-4	-4.78074E+0	5.75814E-1	3.22710E-2
1.85150E+11	1.13114E-3	-3.71207E+0	-2.73272E-1	-5.92215E-1
1.85225E+11	8.98978E-4	-4.06455E+0	-2.05636E-1	5.91563E-1
1.85300E+11	9.58590E-4	-4.49520E+0	5.93811E-1	5.09401E-2
1.85375E+11	1.04262E-3	-3.92398E+0	-2.00250E-1	-6.04183E-1
1.85450E+11	7.57191E-4	-6.00495E+0	-4.36345E-1	2.45979E-1
1.85525E+11	1.05537E-3	-4.94174E+0	4.50542E-1	3.42798E-1
1.85600E+11	7.81702E-4	-6.39267E+0	5.27355E-2	-4.76122E-1
1.85675E+11	1.22268E-3	-4.98861E+0	-5.40777E-1	1.56903E-1
1.85750E+11	7.78358E-4	-6.73545E+0	2.78087E-1	3.67050E-1
1.85825E+11	1.04387E-3	-6.56090E+0	3.90400E-1	-2.61424E-1
1.85900E+11	8.92960E-4	-7.30317E+0	-3.79246E-1	-2.05536E-1
1.85975E+11	8.52465E-4	-8.20749E+0	2.27781E-2	3.88042E-1
1.86050E+11	1.06614E-3	-7.09135E+0	1.80155E-1	-4.03630E-1
1.86125E+11	7.08969E-4	-9.27591E+0	-3.21604E-1	1.21302E-1
1.86200E+11	1.01432E-3	-7.50837E+0	2.88978E-1	3.06557E-1
1.86275E+11	6.89378E-4	-9.25170E+0	1.55428E-1	-3.07646E-1
1.86350E+11	9.12337E-4	-8.21084E+0	-3.12206E-1	-2.31314E-1
1.86425E+11	7.21630E-4	-8.51330E+0	-4.75038E-2	3.72244E-1
1.86500E+11	7.49167E-4	-8.97758E+0	3.46060E-1	-8.23814E-2
1.86575E+11	7.92381E-4	-8.28204E+0	-3.11541E-1	-2.26861E-1
1.86650E+11	6.01441E-4	-1.01844E+1	-6.80824E-2	3.02006E-1
1.86725E+11	8.05246E-4	-8.81237E+0	3.61596E-1	-2.64440E-2
1.86800E+11	5.90627E-4	-1.01763E+1	-1.58809E-1	-2.66084E-1
1.86875E+11	8.59613E-4	-8.66002E+0	-1.99096E-1	3.10652E-1
1.86950E+11	5.72953E-4	-9.62427E+0	2.96622E-1	-1.45094E-1
1.87025E+11	7.08796E-4	-9.30793E+0	-2.70364E-1	-2.10187E-1
1.87100E+11	5.27995E-4	-8.90114E+0	3.45840E-3	3.58858E-1
1.87175E+11	6.03226E-4	-1.00878E+1	3.12112E-1	2.41695E-2
1.87250E+11	6.73392E-4	-7.93211E+0	-1.12595E-1	-3.85109E-1
1.87325E+11	5.84492E-4	-1.02505E+1	-1.84013E-1	2.46039E-1
1.87400E+11	7.44730E-4	-8.15539E+0	3.86231E-1	-6.11924E-2
1.87475E+11	6.75107E-4	-9.35407E+0	-3.18587E-1	-1.20575E-1
1.87550E+11	7.43035E-4	-9.12089E+0	-4.67676E-2	3.46770E-1
1.87625E+11	7.70179E-4	-8.48629E+0	3.50078E-1	-1.38368E-1
1.87700E+11	7.41157E-4	-9.50993E+0	-1.39824E-1	-3.03965E-1
1.87775E+11	8.02974E-4	-8.05536E+0	-1.68111E-1	3.58079E-1
1.87850E+11	7.91037E-4	-9.79440E+0	3.03145E-1	-1.13801E-1
1.87925E+11	8.57927E-4	-8.33469E+0	-3.01813E-1	-2.35887E-1
1.88000E+11	9.68935E-4	-9.08749E+0	-7.81752E-2	3.42448E-1
1.88075E+11	9.59033E-4	-8.26946E+0	3.69369E-1	1.11897E-1
1.88150E+11	1.07216E-3	-8.31248E+0	-1.16235E-1	-3.66027E-1
1.88225E+11	8.54540E-4	-8.75928E+0	-2.12712E-1	2.96346E-1
1.88300E+11	1.06000E-3	-7.69028E+0	3.37596E-1	-2.37137E-1
1.88375E+11	7.67357E-4	-8.74351E+0	-3.45737E-1	-1.18395E-1
1.88450E+11	1.17042E-3	-6.35681E+0	1.25244E-2	4.80853E-1
1.88525E+11	8.26066E-4	-7.93175E+0	4.00277E-1	-2.78895E-2
1.88600E+11	1.18556E-3	-6.08738E+0	2.43136E-2	-4.95575E-1
1.88675E+11	9.56999E-4	-6.82810E+0	-3.50130E-1	2.91533E-1
1.88750E+11	9.59518E-4	-6.72254E+0	4.41908E-1	1.31933E-1
1.88825E+11	1.07754E-3	-5.68903E+0	-2.81051E-1	-4.36857E-1
1.88900E+11	8.49399E-4	-6.97549E+0	-3.15798E-1	3.17690E-1
1.88975E+11	1.12770E-3	-5.20393E+0	4.53584E-1	3.09812E-1
1.89050E+11	8.74785E-4	-6.71989E+0	4.42945E-2	-4.59192E-1
1.89125E+11	1.09782E-3	-5.33544E+0	-4.49214E-1	3.01545E-1
1.89200E+11	8.90359E-4	-6.05721E+0	4.97843E-1	-7.37571E-3
1.89275E+11	9.99174E-4	-5.34655E+0	-1.15806E-1	-5.27792E-1
1.89350E+11	8.81162E-4	-5.32344E+0	-5.24271E-1	1.36649E-1
1.89425E+11	8.03846E-4	-6.41693E+0	-8.71074E-2	4.69689E-1
1.89500E+11	9.51738E-4	-5.88671E+0	5.01956E-1	-7.65981E-2
1.89575E+11	7.18291E-4	-7.89438E+0	-3.37437E-1	-2.20290E-1
1.89650E+11	9.76397E-4	-6.50476E+0	2.66638E-1	3.90552E-1
1.89725E+11	6.17563E-4	-8.70811E+0	8.60690E-3	-3.66839E-1
1.89800E+11	8.58315E-4	-7.45189E+0	-4.23964E-1	-7.97139E-3
1.89875E+11	6.66693E-4	-8.69669E+0	2.34360E-2	3.66674E-1
1.89950E+11	6.29516E-4	-9.30774E+0	3.41424E-1	2.66485E-2
1.90025E+11	7.88249E-4	-8.44139E+0	-2.59009E-1	-2.75839E-1
1.90100E+11	5.20531E-4	-1.03402E+1	-3.45586E-2	3.02111E-1
1.90175E+11	8.70657E-4	-8.45232E+0	3.34599E-1	-1.75661E-1
1.90250E+11	4.51385E-4	-1.07596E+1	-1.95177E-1	-2.14151E-1
1.90325E+11	8.96732E-4	-9.04885E+0	-2.75398E-1	2.20546E-1
1.90400E+11	4.44378E-4	-1.05029E+1	2.80750E-1	1.01219E-1
1.90475E+11	7.87167E-4	-9.85031E+0	-8.35875E-2	-3.10677E-1
1.90550E+11	5.11419E-4	-9.77440E+0	-1.00226E-1	3.08685E-1
1.90625E+11	6.82232E-4	-1.04423E+1	3.00076E-1	1.64742E-2
1.90700E+11	6.02026E-4	-9.04271E+0	1.46316E-2	-3.52770E-1
1.90775E+11	5.60158E-4	-1.07625E+1	-2.85783E-1	-4.71735E-2
1.90850E+11	7.51029E-4	-8.46023E+0	4.25321E-2	3.75159E-1
1.90925E+11	4.79163E-4	-1.03561E+1	1.40948E-1	-2.68814E-1
1.91000E+11	7.42286E-4	-9.23570E+0	-3.44742E-1	1.98801E-2
1.91075E+11	5.08733E-4	-9.16649E+0	2.60721E-1	2.30613E-1
1.91150E+11	6.36810E-4	-1.01062E+1	2.26002E-1	-2.15654E-1
1.91225E+11	5.57589E-4	-8.18027E+0	-3.55767E-1	-1.59609E-1
1.91300E+11	6.02914E-4	-1.02219E+1	6.57663E-2	3.01154E-1
1.91375E+11	6.09443E-4	-7.88826E+0	1.75759E-1	-3.62944E-1
1.91450E+11	5.82010E-4	-9.76304E+0	-2.82266E-1	1.61040E-1
1.91525E+11	6.28998E-4	-8.61095E+0	2.01192E-1	3.11789E-1
1.91600E+11	5.74058E-4	-8.86578E+0	2.72858E-1	-2.35356E-1
1.91675E+11	6.07539E-4	-9.03636E+0	-1.60070E-1	-3.14993E-1
1.91750E+11	6.16903E-4	-7.78046E+0	-9.62202E-2	3.96798E-1
1.91825E+11	6.70720E-4	-9.39523E+0	2.45844E-1	-2.33457E-1
1.91900E+11	6.87599E-4	-7.53677E+0	-4.01855E-1	1.21824E-1
1.91975E+11	6.76816E-4	-9.83868E+0	2.43706E-1	2.10693E-1
1.92050E+11	5.23186E-4	-8.28513E+0	2.81699E-1	-2.62800E-1
1.92125E+11	5.77808E-4	-9.93149E+0	-2.47798E-1	-2.00465E-1
1.92200E+11	5.23891E-4	-9.39316E+0	-2.31192E-1	2.48086E-1
1.92275E+11	6.32662E-4	-8.44320E+0	3.69436E-1	-8.14276E-2
1.92350E+11	3.66157E-4	-9.58774E+0	2.67663E-1	1.95740E-1
1.92425E+11	5.66930E-4	-7.29023E+0	3.79685E-2	-4.30333E-1
1.92500E+11	3.97046E-4	-9.55323E+0	-3.31728E-1	2.81383E-2
1.92575E+11	5.35866E-4	-7.51719E+0	8.22392E-2	4.12750E-1
1.92650E+11	4.60959E-4	-8.89185E+0	1.55155E-1	-3.24027E-1
1.92725E+11	4.62834E-4	-8.33571E+0	-3.58273E-1	1.35425E-1
1.92800E+11	5.68760E-4	-8.25075E+0	3.85196E-1	3.49526E-2
1.92875E+11	4.03781E-4	-9.64932E+0	-1.35146E-2	-3.28979E-1
1.92950E+11	6.08771E-4	-7.96891E+0	-3.98388E-1	3.02497E-2
1.93025E+11	4.32588E-4	-9.39671E+0	-4.88646E-4	3.38972E-1
1.93100E+11	6.40542E-4	-7.05400E+0	3.95879E-1	-2.00850E-1
1.93175E+11	4.19265E-4	-8.96965E+0	-3.56055E-1	-5.74233E-4
1.93250E+11	6.42282E-4	-7.45698E+0	2.98293E-1	3.01031E-1
1.93325E+11	4.87922E-4	-8.55981E+0	-2.25453E-3	-3.73251E-1
1.93400E+11	4.99962E-4	-8.61804E+0	-3.68671E-1	-3.93453E-2
1.93475E+11	6.21100E-4	-7.35163E+0	1.50926E-1	4.01534E-1
1.93550E+11	4.51507E-4	-9.15866E+0	2.39244E-1	-2.53256E-1
1.93625E+11	8.02975E-4	-6.57631E+0	-4.62138E-1	8.00093E-2
1.93700E+11	4.45616E-4	-9.31160E+0	2.73240E-1	2.06194E-1
1.93775E+11	7.13783E-4	-7.76802E+0	2.62857E-1	-3.13195E-1
1.93850E+11	5.11468E-4	-8.86485E+0	-3.13954E-1	-1.76931E-1
1.93925E+11	5.53844E-4	-8.68838E+0	-2.03441E-1	3.06381E-1
1.94000E+11	6.46152E-4	-7.70123E+0	3.81140E-1	-1.56552E-1
1.94075E+11	5.46741E-4	-9.15409E+0	-3.37778E-1	-8.60838E-2
1.94150E+11	6.94851E-4	-7.39478E+0	2.42149E-1	3.51501E-1
1.94225E+11	5.59777E-4	-9.54098E+0	2.22598E-1	-2.48190E-1
1.94300E+11	7.10342E-4	-7.94086E+0	-2.21872E-1	-3.33819E-1
1.94375E+11	5.08872E-4	-9.93092E+0	-2.24342E-1	2.26437E-1
1.94450E+11	6.41782E-4	-9.03920E+0	3.11947E-1	1.65682E-1
1.94525E+11	5.37335E-4	-9.07870E+0	-1.89872E-1	-2.95940E-1
1.94600E+11	5.97039E-4	-9.43121E+0	-1.92688E-1	2.77245E-1
1.94675E+11	6.44634E-4	-7.82179E+0	3.94053E-1	9.92478E-2
1.94750E+11	5.25536E-4	-9.87844E+0	9.15391E-2	-3.07342E-1
1.94825E+11	6.94558E-4	-7.48304E+0	-4.22520E-1	-4.77952E-4
1.94900E+11	4.80190E-4	-9.57096E+0	2.87967E-1	1.65705E-1
1.94975E+11	6.42600E-4	-8.42279E+0	-9.44550E-2	-3.67241E-1
1.95050E+11	5.10293E-4	-9.10931E+0	-1.65504E-1	3.08823E-1
1.95125E+11	5.91205E-4	-9.74912E+0	2.38183E-1	2.21846E-1
1.95200E+11	5.36095E-4	-8.58949E+0	2.88526E-1	-2.34789E-1
1.95275E+11	6.42212E-4	-9.88074E+0	-2.20699E-1	-2.32543E-1
1.95350E+11	6.18939E-4	-8.18437E+0	-3.60271E-2	3.88077E-1
1.95425E+11	7.08699E-4	-9.43224E+0	1.51879E-1	-3.01495E-1
1.95500E+11	5.95985E-4	-8.68075E+0	-3.62580E-1	6.34903E-2
1.95575E+11	5.70084E-4	-9.41183E+0	1.93310E-1	2.77730E-1
1.95650E+11	5.73015E-4	-9.14396E+0	3.21865E-1	-1.34874E-1
1.95725E+11	5.66872E-4	-8.79073E+0	-2.40330E-1	-2.72670E-1
1.95800E+11	5.99484E-4	-9.32651E+0	-1.22756E-1	3.18913E-1
1.95875E+11	6.59281E-4	-7.72406E+0	3.40087E-1	-2.30710E-1
1.95950E+11	5.56412E-4	-9.87276E+0	-2.94227E-1	-1.28077E-1
1.96025E+11	6.58598E-4	-8.06240E+0	-1.42381E-1	3.68722E-1
1.96100E+11	5.79761E-4	-9.20475E+0	3.41219E-1	6.05354E-2
1.96175E+11	5.64347E-4	-8.84913E+0	-2.07478E-2	-3.60434E-1
1.96250E+11	7.46940E-4	-8.33536E+0	-2.14006E-1	3.17668E-1
1.96325E+11	5.98800E-4	-8.74642E+0	3.57895E-1	-7.33040E-2
1.96400E+11	7.66981E-4	-7.49842E+0	-3.32331E-1	-2.59709E-1
1.96475E+11	5.72107E-4	-9.18920E+0	-1.85929E-1	2.93182E-1
1.96550E+11	6.70690E-4	-7.91820E+0	3.11577E-1	2.53816E-1
1.96625E+11	5.83408E-4	-9.07454E+0	1.15563E-1	-3.32258E-1
1.96700E+11	5.76357E-4	-8.38789E+0	-3.72546E-1	7.84652E-2
1.96775E+11	5.93665E-4	-8.53344E+0	3.34945E-1	1.67278E-1
1.96850E+11	6.11218E-4	-8.23615E+0	2.37596E-2	-3.86700E-1
1.96925E+11	6.76035E-4	-7.85160E+0	-3.90532E-1	1.07159E-1
1.97000E+11	5.43189E-4	-8.99304E+0	1.53981E-1	3.19976E-1
1.97075E+11	6.68246E-4	-7.47436E+0	1.51296E-1	-3.94956E-1
1.97150E+11	5.34102E-4	-9.27237E+0	-2.50952E-1	2.35080E-1
1.97225E+11	5.50104E-4	-8.59666E+0	3.68035E-1	-5.19129E-2
1.97300E+11	5.69129E-4	-9.16938E+0	-2.40402E-1	-2.51563E-1
1.97375E+11	4.84987E-4	-9.16438E+0	-3.03325E-1	1.70910E-1
1.97450E+11	7.08599E-4	-8.45700E+0	1.63103E-1	3.40671E-1
1.97525E+11	5.49094E-4	-9.23266E+0	2.87094E-1	-1.92101E-1
1.97600E+11	8.26653E-4	-7.59213E+0	-4.12703E-1	-6.14135E-2
1.97675E+11	6.14237E-4	-9.11620E+0	2.83331E-1	2.05650E-1
1.97750E+11	7.15309E-4	-8.55476E+0	-3.42069E-2	-3.71906E-1
1.97825E+11	6.40798E-4	-9.21719E+0	-3.03437E-1	1.66366E-1
1.97900E+11	7.19872E-4	-8.85446E+0	1.66353E-1	3.20171E-1
1.97975E+11	7.48043E-4	-8.57705E+0	2.59504E-1	-2.67259E-1
1.98050E+11	7.60831E-4	-8.49449E+0	-3.51627E-1	-1.33385E-1
1.98125E+11	9.04792E-4	-7.71331E+0	1.12484E-1	3.95793E-1
1.98200E+11	7.08063E-4	-8.59692E+0	3.13354E-1	-1.99863E-1
1.98275E+11	9.22538E-4	-7.35537E+0	-2.96319E-1	-3.09911E-1
1.98350E+11	6.71098E-4	-8.25411E+0	-1.51442E-1	3.55735E-1
1.98425E+11	9.88299E-4	-6.82385E+0	4.42418E-1	-1.09778E-1
1.98500E+11	7.63196E-4	-7.36569E+0	-4.07693E-1	-1.31149E-1
1.98575E+11	9.26335E-4	-6.89982E+0	1.97356E-1	4.06488E-1
1.98650E+11	9.63620E-4	-5.86462E+0	3.30433E-1	-3.87242E-1
1.98725E+11	9.11020E-4	-6.05389E+0	-3.77362E-1	-3.25098E-1
1.98800E+11	9.45283E-4	-5.16741E+0	-3.52804E-1	4.24027E-1
1.98875E+11	7.50525E-4	-5.96983E+0	4.86025E-1	1.29303E-1
1.98950E+11	1.02485E-3	-5.34709E+0	-2.11004E-1	-4.97409E-1
1.99025E+11	6.92545E-4	-6.14251E+0	-1.97136E-1	4.51905E-1
1.99100E+11	1.04548E-3	-5.44657E+0	5.28392E-1	-7.82857E-2
1.99175E+11	6.79822E-4	-5.58633E+0	-1.68639E-1	-4.97848E-1
1.99250E+11	1.13895E-3	-4.83978E+0	-4.21463E-1	3.87919E-1
1.99325E+11	8.12120E-4	-5.04600E+0	5.04731E-1	2.41127E-1
1.99400E+11	1.01592E-3	-5.42314E+0	-1.38453E-1	-5.17399E-1
1.99475E+11	9.20127E-4	-5.10946E+0	-4.43565E-1	3.34077E-1
1.99550E+11	8.91304E-4	-5.77810E+0	4.04361E-1	3.17568E-1
1.99625E+11	1.05161E-3	-5.13246E+0	3.39019E-1	-4.37943E-1
1.99700E+11	9.16281E-4	-5.48190E+0	-5.00298E-1	-1.80880E-1
1.99775E+11	1.01333E-3	-5.74330E+0	7.56461E-2	5.10648E-1
1.99850E+11	8.59415E-4	-6.00376E+0	3.68592E-1	-3.39280E-1
1.99925E+11	1.00060E-3	-6.36022E+0	-4.77915E-1	-5.28402E-2
2.00000E+11	9.03479E-4	-5.99563E+0	8.38661E-2	4.94377E-1
2.00075E+11	8.95570E-4	-6.40947E+0	4.28026E-1	-2.13029E-1
2.00150E+11	8.00901E-4	-6.44900E+0	-2.82379E-1	-3.83117E-1
2.00225E+11	8.00165E-4	-6.89721E+0	-2.16937E-1	3.96539E-1
2.00300E+11	9.42368E-4	-7.00870E+0	4.45693E-1	2.20017E-2
2.00375E+11	7.07873E-4	-7.84250E+0	-1.23162E-1	-3.86230E-1
2.00450E+11	1.04270E-3	-7.50142E+0	-3.38891E-1	2.50844E-1
2.00525E+11	7.36105E-4	-7.82975E+0	3.44657E-1	2.14563E-1
2.00600E+11	9.75563E-4	-7.75982E+0	-1.43168E-2	-4.09019E-1
2.00675E+11	8.51215E-4	-7.54873E+0	-3.03990E-1	2.88850E-1
2.00750E+11	8.69806E-4	-8.06607E+0	3.94737E-1	-1.67170E-2
2.00825E+11	8.52517E-4	-7.78572E+0	-2.23375E-1	-3.41480E-1
2.00900E+11	8.87098E-4	-7.90649E+0	-2.10490E-1	3.42976E-1
2.00975E+11	8.41761E-4	-8.38145E+0	3.42331E-1	1.67249E-1
2.01050E+11	8.25655E-4	-8.01504E+0	7.40616E-2	-3.90456E-1
2.01125E+11	8.46908E-4	-8.42215E+0	-3.73096E-1	6.78840E-2
2.01200E+11	8.38089E-4	-7.59535E+0	2.58252E-1	3.27524E-1
2.01275E+11	8.20567E-4	-8.30794E+0	6.06297E-2	-3.79427E-1
2.01350E+11	6.81793E-4	-8.54156E+0	-3.32949E-1	1.70451E-1
2.01425E+11	7.85104E-4	-8.27473E+0	3.46101E-1	1.70259E-1
2.01500E+11	7.31766E-4	-8.68362E+0	1.68417E-4	-3.67975E-1
2.01575E+11	6.73331E-4	-8.50140E+0	-3.40328E-1	1.59326E-1
2.01650E+11	7.88746E-4	-8.62062E+0	2.54806E-1	2.69181E-1
2.01725E+11	7.07925E-4	-8.18260E+0	1.62423E-1	-3.54376E-1
2.01800E+11	7.56427E-4	-8.85150E+0	-3.60915E-1	3.45048E-3
2.01875E+11	7.43976E-4	-8.36604E+0	1.82129E-1	3.35421E-1
2.01950E+11	6.88206E-4	-8.72467E+0	1.87678E-1	-3.14498E-1
2.02025E+11	6.81450E-4	-8.44504E+0	-3.75983E-1	-4.11051E-2
2.02100E+11	7.55901E-4	-8.10727E+0	2.08836E-1	3.33182E-1
2.02175E+11	6.86210E-4	-8.80278E+0	1.52294E-1	-3.29466E-1
2.02250E+11	8.65669E-4	-7.74505E+0	-3.94989E-1	1.09799E-1
2.02325E+11	7.30426E-4	-8.78370E+0	2.81579E-1	2.30292E-1
2.02400E+11	7.96371E-4	-8.33450E+0	1.15473E-1	-3.65249E-1
2.02475E+11	7.50797E-4	-8.68592E+0	-3.65729E-1	3.97117E-2
2.02550E+11	7.10503E-4	-8.95316E+0	1.23792E-1	3.34564E-1
2.02625E+11	7.70495E-4	-8.35105E+0	2.81118E-1	-2.59143E-1
2.02700E+11	7.54477E-4	-8.71136E+0	-3.45591E-1	-1.22927E-1
2.02775E+11	8.48537E-4	-7.88238E+0	1.22277E-1	3.84563E-1
2.02850E+11	7.91047E-4	-8.31236E+0	2.28121E-1	-3.08952E-1
2.02925E+11	8.40982E-4	-8.01685E+0	-3.96973E-1	-1.69837E-2
2.03000E+11	7.82225E-4	-8.21761E+0	2.31918E-1	3.11380E-1
2.03075E+11	9.07118E-4	-7.77506E+0	1.33316E-1	-3.86188E-1
2.03150E+11	7.07288E-4	-8.03422E+0	-3.92888E-1	5.37064E-2
2.03225E+11	9.94072E-4	-7.13266E+0	1.84724E-1	3.99250E-1
2.03300E+11	8.01640E-4	-6.85931E+0	3.37946E-1	-3.03130E-1
2.03375E+11	9.38305E-4	-7.13127E+0	-3.97536E-1	-1.88548E-1
2.03450E+11	8.17854E-4	-7.16326E+0	1.21800E-2	4.38197E-1
2.03525E+11	9.53901E-4	-7.23137E+0	2.68843E-1	-3.41904E-1
2.03600E+11	7.63755E-4	-7.14290E+0	-4.38957E-1	-1.96164E-2
2.03675E+11	8.92442E-4	-6.30891E+0	2.77087E-1	3.96441E-1
2.03750E+11	8.19042E-4	-6.29995E+0	3.10048E-1	-3.71882E-1
2.03825E+11	8.06949E-4	-5.88834E+0	-4.52497E-1	-2.30167E-1
2.03900E+11	9.15453E-4	-6.33076E+0	-8.97432E-2	4.74040E-1
2.03975E+11	8.45607E-4	-6.31877E+0	4.80882E-1	-4.65187E-2
2.04050E+11	9.20819E-4	-6.44558E+0	-2.95464E-1	-3.73358E-1
2.04125E+11	8.32781E-4	-6.62118E+0	-2.32100E-1	4.04773E-1
2.04200E+11	8.90064E-4	-6.25879E+0	4.85865E-1	2.43488E-2
2.04275E+11	9.29055E-4	-6.33440E+0	-1.93087E-1	-4.41917E-1
2.04350E+11	8.03614E-4	-7.00153E+0	-2.28395E-1	3.83786E-1
2.04425E+11	9.61696E-4	-6.91347E+0	4.48385E-1	-4.99256E-2
2.04500E+11	7.82219E-4	-6.79499E+0	-2.50577E-1	-3.82599E-1
2.04575E+11	9.25197E-4	-6.35506E+0	-2.52457E-1	4.09555E-1
2.04650E+11	7.38385E-4	-6.42202E+0	4.28151E-1	2.11223E-1
2.04725E+11	9.48173E-4	-6.51243E+0	7.58474E-2	-4.66347E-1
2.04800E+11	6.88901E-4	-7.83408E+0	-4.05130E-1	2.30549E-2
2.04875E+11	8.30398E-4	-7.70800E+0	2.49195E-1	3.27740E-1
2.04950E+11	7.17820E-4	-8.26341E+0	1.54907E-1	-3.53789E-1
2.05025E+11	8.67254E-4	-7.41994E+0	-4.25039E-1	2.18771E-2
2.05100E+11	8.61350E-4	-7.78829E+0	2.11796E-1	3.48639E-1
2.05175E+11	6.64698E-4	-8.21023E+0	2.07956E-1	-3.28260E-1
2.05250E+11	9.92435E-4	-7.71413E+0	-4.09860E-1	3.58807E-2
2.05325E+11	6.11612E-4	-8.52167E+0	2.27199E-1	2.98214E-1
2.05400E+11	9.22943E-4	-8.05505E+0	2.00043E-1	-3.41285E-1
2.05475E+11	6.18722E-4	-8.42145E+0	-3.56085E-1	-1.30520E-1
2.05550E+11	1.00048E-3	-7.77373E+0	-3.93035E-2	4.06720E-1
2.05625E+11	7.13007E-4	-8.51261E+0	3.62502E-1	-9.71417E-2
2.05700E+11	7.91503E-4	-8.49013E+0	-2.95616E-1	-2.32780E-1
2.05775E+11	8.05266E-4	-8.18855E+0	3.33837E-2	3.88125E-1
2.05850E+11	8.90098E-4	-8.05568E+0	3.03212E-1	-2.54032E-1
2.05925E+11	8.33327E-4	-8.29587E+0	-3.29348E-1	-1.98952E-1
2.06000E+11	7.14633E-4	-8.66045E+0	-1.25457E-1	3.46974E-1
2.06075E+11	9.60151E-4	-8.00234E+0	3.97385E-1	2.21237E-2
2.06150E+11	7.50322E-4	-8.30014E+0	-1.05297E-1	-3.69890E-1
2.06225E+11	1.02483E-3	-8.17803E+0	-3.25893E-1	2.14284E-1
2.06300E+11	8.50007E-4	-8.02737E+0	3.24230E-1	2.28841E-1
2.06375E+11	9.91926E-4	-8.29309E+0	7.62715E-2	-3.77265E-1
2.06450E+11	8.03665E-4	-8.17503E+0	-3.68607E-1	1.27899E-1
2.06525E+11	9.35652E-4	-8.10997E+0	3.55031E-1	1.68759E-1
2.06600E+11	8.13506E-4	-8.08112E+0	-1.44236E-1	-3.67087E-1
2.06675E+11	8.81977E-4	-8.09044E+0	-1.71645E-1	3.54628E-1
2.06750E+11	7.52109E-4	-8.71715E+0	3.62505E-1	5.43551E-2
2.06825E+11	8.09869E-4	-8.01787E+0	1.04112E-2	-3.97153E-1
2.06900E+11	8.35762E-4	-8.34333E+0	-3.73574E-1	8.29740E-2
2.06975E+11	6.66309E-4	-8.31524E+0	1.75487E-1	3.41463E-1
2.07050E+11	1.00969E-3	-7.82448E+0	1.99761E-1	-3.53725E-1
2.07125E+11	6.56460E-4	-8.31096E+0	-3.82390E-1	3.62759E-2
2.07200E+11	9.72202E-4	-8.16428E+0	2.37301E-1	3.10313E-1
2.07275E+11	6.26645E-4	-8.84202E+0	1.83870E-1	-3.11044E-1
2.07350E+11	9.34810E-4	-8.07697E+0	-3.90454E-1	-5.70159E-2
2.07425E+11	7.23875E-4	-8.46328E+0	1.02030E-1	3.63377E-1
2.07500E+11	7.62934E-4	-8.18486E+0	3.04806E-1	-2.42855E-1
2.07575E+11	8.11253E-4	-8.29903E+0	-3.57433E-1	-1.42077E-1
2.07650E+11	6.15401E-4	-8.45128E+0	-1.13763E-2	3.77780E-1
2.07725E+11	9.03157E-4	-8.25720E+0	3.53542E-1	-1.56154E-1
2.07800E+11	5.71470E-4	-8.84203E+0	-2.53152E-1	-2.57818E-1
2.07875E+11	1.18780E-3	-7.67320E+0	-4.43335E-2	4.10987E-1
2.07950E+11	6.08040E-4	-8.79545E+0	3.03074E-1	-2.00275E-1
2.08025E+11	1.14661E-3	-7.69079E+0	-3.53935E-1	-2.11932E-1
2.08100E+11	7.86688E-4	-7.93848E+0	1.22895E-2	4.00748E-1
2.08175E+11	1.04361E-3	-7.91500E+0	3.74382E-1	-1.46493E-1
2.08250E+11	9.36454E-4	-7.41920E+0	-3.16275E-1	-2.84847E-1
2.08325E+11	8.75986E-4	-8.04302E+0	-1.11497E-1	3.80126E-1
2.08400E+11	8.71252E-4	-7.85322E+0	3.94362E-1	-9.17379E-2
2.08475E+11	6.79089E-4	-8.69617E+0	-2.30952E-1	-2.85791E-1
2.08550E+11	9.37218E-4	-7.87416E+0	-2.22525E-1	3.37093E-1
2.08625E+11	7.50075E-4	-8.03926E+0	3.96042E-1	-1.46176E-2
2.08700E+11	8.79082E-4	-8.32688E+0	-2.49008E-1	-2.91536E-1
2.08775E+11	7.48068E-4	-8.33454E+0	-2.69503E-2	3.82116E-1
2.08850E+11	9.43778E-4	-8.10108E+0	3.34703E-1	-2.06922E-1
2.08925E+11	8.83712E-4	-7.85631E+0	-3.40592E-1	-2.18672E-1
2.09000E+11	7.18345E-4	-9.02884E+0	-1.44040E-1	3.22973E-1
2.09075E+11	1.02716E-3	-7.55757E+0	4.08803E-1	9.14697E-2
2.09150E+11	8.48667E-4	-8.25504E+0	-1.23349E-1	-3.66381E-1
2.09225E+11	9.01238E-4	-8.20353E+0	-2.73021E-1	2.76934E-1
2.09300E+11	8.68391E-4	-7.68446E+0	4.10727E-1	4.16686E-2
2.09375E+11	8.97226E-4	-8.07537E+0	-1.31068E-1	-3.72268E-1
2.09450E+11	8.07816E-4	-8.01577E+0	-2.74478E-1	2.87362E-1
2.09525E+11	7.02801E-4	-9.22248E+0	3.27441E-1	1.11303E-1
2.09600E+11	7.99809E-4	-8.10392E+0	-3.30063E-2	-3.91985E-1
2.09675E+11	1.02721E-3	-7.88867E+0	-3.14611E-1	2.52238E-1
2.09750E+11	7.67967E-4	-8.14750E+0	3.16161E-1	2.30736E-1
2.09825E+11	1.15324E-3	-7.39572E+0	1.02105E-1	-4.14396E-1
2.09900E+11	8.32493E-4	-7.82163E+0	-4.02910E-1	5.28954E-2
2.09975E+11	1.02621E-3	-7.50969E+0	2.73839E-1	3.20068E-1
2.10050E+11	7.79057E-4	-8.21944E+0	5.97407E-2	-3.83551E-1
2.10125E+11	9.63180E-4	-7.42221E+0	-3.63440E-1	2.21254E-1
2.10200E+11	8.08975E-4	-8.40460E+0	3.56042E-1	1.32758E-1
2.10275E+11	7.25499E-4	-8.28286E+0	3.65489E-2	-3.83615E-1
2.10350E+11	9.66272E-4	-8.11959E+0	-3.74864E-1	1.16882E-1
2.10425E+11	6.06217E-4	-8.62452E+0	1.86998E-1	3.19833E-1
2.10500E+11	1.10242E-3	-7.87353E+0	2.22947E-1	-3.36849E-1
2.10575E+11	5.81295E-4	-9.11526E+0	-3.38147E-1	-9.08410E-2
2.10650E+11	1.04171E-3	-7.71901E+0	6.58545E-2	4.05889E-1
2.10725E+11	6.65150E-4	-8.51053E+0	2.88394E-1	-2.40293E-1
2.10800E+11	8.57676E-4	-7.86740E+0	-3.55962E-1	-1.91556E-1
2.10875E+11	9.49221E-4	-7.38942E+0	8.96765E-2	4.17579E-1
2.10950E+11	7.20062E-4	-7.80704E+0	2.89539E-1	-2.86107E-1
2.11025E+11	1.14992E-3	-7.04844E+0	-4.34475E-1	-9.24389E-2
2.11100E+11	6.46447E-4	-8.46974E+0	7.54528E-2	3.69524E-1
2.11175E+11	1.10155E-3	-7.66264E+0	3.53003E-1	-2.16057E-1
2.11250E+11	6.21096E-4	-8.18515E+0	-3.22956E-1	-2.18115E-1
2.11325E+11	9.13682E-4	-7.98331E+0	-1.06753E-1	3.84322E-1
2.11400E+11	7.10454E-4	-8.19939E+0	3.74649E-1	-1.04954E-1
2.11475E+11	7.60355E-4	-8.22463E+0	-2.61803E-1	-2.86285E-1
2.11550E+11	8.53863E-4	-7.86173E+0	-1.05419E-1	3.90517E-1
2.11625E+11	6.41790E-4	-8.50816E+0	3.69696E-1	-6.56760E-2
2.11700E+11	1.06368E-3	-7.60482E+0	-2.78030E-1	-3.10301E-1
2.11775E+11	6.19246E-4	-8.39195E+0	-9.21880E-2	3.69206E-1
2.11850E+11	1.19161E-3	-7.56567E+0	4.13215E-1	-6.64251E-2
2.11925E+11	6.80461E-4	-7.86217E+0	-2.33250E-1	-3.30445E-1
2.12000E+11	8.19218E-4	-8.34423E+0	-2.54758E-1	2.85501E-1
2.12075E+11	7.28525E-4	-7.81583E+0	3.82034E-1	1.39301E-1
2.12150E+11	7.79070E-4	-8.07424E+0	-6.93692E-2	-3.88575E-1
2.12225E+11	8.40691E-4	-7.76427E+0	-2.68178E-1	3.08886E-1
2.12300E+11	7.00637E-4	-8.40869E+0	3.76721E-1	-4.83352E-2
2.12375E+11	8.63749E-4	-8.25679E+0	-2.23643E-1	-3.15235E-1
2.12450E+11	7.21062E-4	-7.93343E+0	-1.95481E-1	3.50321E-1
2.12525E+11	9.00284E-4	-8.25323E+0	3.73697E-1	9.93114E-2
2.12600E+11	7.08135E-4	-7.80071E+0	-4.10313E-2	-4.05275E-1
2.12675E+11	9.35002E-4	-7.78371E+0	-3.47336E-1	2.14337E-1
2.12750E+11	6.90582E-4	-7.87319E+0	3.41985E-1	2.15016E-1
2.12825E+11	7.71366E-4	-8.12483E+0	2.19587E-2	-3.91812E-1
2.12900E+11	6.67048E-4	-8.10227E+0	-3.82741E-1	9.11602E-2
2.12975E+11	7.45466E-4	-8.40187E+0	2.44053E-1	2.91410E-1
2.13050E+11	6.45179E-4	-8.79938E+0	1.57294E-1	-3.27266E-1
2.13125E+11	7.85159E-4	-8.08834E+0	-3.89821E-1	5.77697E-2
2.13200E+11	8.13208E-4	-8.11211E+0	2.34248E-1	3.15560E-1
2.13275E+11	7.23598E-4	-8.02531E+0	2.16346E-1	-3.32810E-1
2.13350E+11	7.79507E-4	-8.81396E+0	-3.58876E-1	-5.10932E-2
2.13425E+11	6.53056E-4	-8.50804E+0	4.47385E-2	3.72815E-1
2.13500E+11	9.74106E-4	-8.02207E+0	3.08643E-1	-2.49851E-1
2.13575E+11	6.26300E-4	-8.86220E+0	-3.10826E-1	-1.82588E-1
2.13650E+11	1.01847E-3	-8.01683E+0	-2.62617E-2	3.96468E-1
2.13725E+11	6.97596E-4	-8.37041E+0	3.57787E-1	-1.32366E-1
2.13800E+11	8.72044E-4	-8.08101E+0	-2.74435E-1	-2.83277E-1
2.13875E+11	6.09901E-4	-8.67960E+0	-7.72440E-2	3.59951E-1
2.13950E+11	8.21789E-4	-7.78336E+0	3.90047E-1	-1.20245E-1
2.14025E+11	9.12282E-4	-7.20598E+0	-3.38523E-1	-2.75111E-1
2.14100E+11	7.54981E-4	-7.68210E+0	-1.54066E-1	3.83131E-1
2.14175E+11	9.90222E-4	-7.35359E+0	4.27116E-1	3.86894E-2
2.14250E+11	7.12262E-4	-7.31425E+0	-6.56966E-2	-4.25773E-1
2.14325E+11	1.25499E-3	-6.71698E+0	-3.81201E-1	2.60092E-1
2.14400E+11	6.41136E-4	-7.87666E+0	3.80875E-1	1.34124E-1
2.14475E+11	1.13328E-3	-7.11647E+0	-1.35229E-1	-4.19475E-1
2.14550E+11	7.32135E-4	-7.64692E+0	-1.85967E-1	3.70579E-1
2.14625E+11	8.82007E-4	-7.86635E+0	4.04230E-1	6.38600E-3
2.14700E+11	9.07216E-4	-7.31118E+0	-2.03835E-1	-3.79712E-1
2.14775E+11	7.96591E-4	-7.94095E+0	-2.66528E-1	2.99369E-1
2.14850E+11	1.20376E-3	-6.92017E+0	4.22770E-1	1.56503E-1
2.14925E+11	6.30972E-4	-8.24019E+0	-2.79588E-2	-3.86239E-1
2.15000E+11	1.19101E-3	-7.61734E+0	-3.81016E-1	1.67076E-1
2.15075E+11	5.86999E-4	-8.33588E+0	3.12888E-1	2.20896E-1
2.15150E+11	1.05089E-3	-8.27188E+0	1.03754E-1	-3.71627E-1
2.15225E+11	6.29431E-4	-8.23018E+0	-3.70550E-1	1.14022E-1
2.15300E+11	8.82760E-4	-8.21982E+0	2.82376E-1	2.66329E-1
2.15375E+11	7.66435E-4	-7.81732E+0	1.36227E-1	-3.83067E-1
2.15450E+11	7.33593E-4	-8.32830E+0	-3.82326E-1	-2.78708E-2
2.15525E+11	1.01898E-3	-7.44540E+0	5.95392E-2	4.20158E-1
2.15600E+11	5.99854E-4	-8.38570E+0	3.33814E-1	-1.83272E-1
2.15675E+11	1.05926E-3	-7.81874E+0	-2.97797E-1	-2.76696E-1
2.15750E+11	6.15304E-4	-7.94951E+0	2.95923E-2	3.99333E-1
2.15825E+11	9.72951E-4	-8.29833E+0	2.95450E-1	-2.46327E-1
2.15900E+11	7.29793E-4	-7.42550E+0	-4.10848E-1	-1.10040E-1
2.15975E+11	9.08624E-4	-8.19066E+0	7.60296E-2	3.81970E-1
2.16050E+11	7.80474E-4	-7.84665E+0	3.54204E-1	-1.96786E-1
2.16125E+11	6.69201E-4	-9.10609E+0	-3.13811E-1	-1.56132E-1
2.16200E+11	8.17148E-4	-8.30684E+0	-5.55198E-2	3.80257E-1
2.16275E+11	7.65418E-4	-7.69738E+0	3.56473E-1	-2.07012E-1
2.16350E+11	8.09723E-4	-8.54263E+0	-2.80708E-1	-2.47138E-1
2.16425E+11	8.20119E-4	-7.30308E+0	-1.47616E-1	4.05322E-1
2.16500E+11	9.08355E-4	-8.17495E+0	3.89894E-1	-1.46460E-2
2.16575E+11	8.00809E-4	-7.56094E+0	-1.79598E-1	-3.78278E-1
2.16650E+11	8.01222E-4	-8.53269E+0	-1.55207E-1	3.40742E-1
2.16725E+11	8.48685E-4	-7.77149E+0	4.08622E-1	8.93564E-3
2.16800E+11	9.40546E-4	-7.71343E+0	-2.60708E-1	-3.18326E-1
2.16875E+11	7.56346E-4	-8.58775E+0	-2.07874E-1	3.08572E-1
2.16950E+11	1.00877E-3	-7.32192E+0	4.27947E-1	4.61784E-2
2.17025E+11	7.39630E-4	-8.54473E+0	-9.02573E-2	-3.62850E-1
2.17100E+11	1.01041E-3	-7.06402E+0	-3.57078E-1	2.62873E-1
2.17175E+11	6.39307E-4	-8.91773E+0	3.32842E-1	1.32350E-1
2.17250E+11	7.87985E-4	-7.90602E+0	5.06486E-2	-3.99238E-1
2.17325E+11	7.91204E-4	-7.98336E+0	-3.32223E-1	2.20739E-1
2.17400E+11	6.05236E-4	-8.71280E+0	2.73139E-1	2.44733E-1
2.17475E+11	1.10731E-3	-6.73072E+0	1.30050E-2	-4.60565E-1
2.17550E+11	6.02324E-4	-8.43641E+0	-3.41624E-1	1.63188E-1
2.17625E+11	1.04274E-3	-7.11122E+0	3.29342E-1	2.93283E-1
2.17700E+11	4.92105E-4	-9.09831E+0	9.99279E-2	-3.36287E-1
2.17775E+11	9.23367E-4	-7.45796E+0	-4.19377E-1	-6.06678E-2
2.17850E+11	6.90220E-4	-7.49649E+0	1.79751E-1	3.81656E-1
2.17925E+11	7.61013E-4	-8.05689E+0	3.01839E-1	-2.55578E-1
2.18000E+11	8.77534E-4	-6.86238E+0	-4.51007E-1	-5.04241E-2
2.18075E+11	6.60236E-4	-8.17549E+0	1.58499E-1	3.56498E-1
2.18150E+11	1.17419E-3	-6.45690E+0	2.67519E-1	-3.93114E-1
2.18225E+11	4.81321E-4	-8.96752E+0	-3.52692E-1	-4.94558E-2
2.18300E+11	1.28104E-3	-6.98065E+0	5.77455E-2	4.43940E-1
2.18375E+11	4.85241E-4	-8.74591E+0	2.46600E-1	-2.69567E-1
2.18450E+11	9.14887E-4	-8.06607E+0	-3.46990E-1	-1.88930E-1
2.18525E+11	6.47226E-4	-6.96790E+0	7.30599E-2	4.42344E-1
2.18600E+11	7.38141E-4	-8.04931E+0	3.69460E-1	-1.42124E-1
2.18675E+11	8.15133E-4	-6.66364E+0	-2.74552E-1	-3.74453E-1
2.18750E+11	5.43301E-4	-8.97008E+0	-2.01978E-1	2.93203E-1
2.18825E+11	1.00528E-3	-7.09369E+0	4.36208E-1	7.06416E-2
2.18900E+11	5.12874E-4	-8.49688E+0	-2.68006E-1	-2.63682E-1
2.18975E+11	1.17695E-3	-6.93042E+0	-2.11071E-1	3.97740E-1
2.19050E+11	6.22592E-4	-6.48304E+0	4.73145E-1	-2.97069E-2
2.19125E+11	1.03633E-3	-7.05129E+0	-7.24476E-2	-4.38104E-1
2.19200E+11	6.75915E-4	-6.51465E+0	-4.35979E-1	1.81770E-1
2.19275E+11	7.27351E-4	-8.07444E+0	2.74283E-1	2.83839E-1
2.19350E+11	7.87058E-4	-6.55182E+0	1.25857E-1	-4.53185E-1
2.19425E+11	6.30671E-4	-8.13146E+0	-3.31466E-1	2.09509E-1
2.19500E+11	9.72014E-4	-6.82363E+0	3.14699E-1	3.29789E-1
2.19575E+11	6.63703E-4	-7.02317E+0	4.83845E-2	-4.42858E-1
2.19650E+11	1.08794E-3	-7.33663E+0	-4.27975E-1	3.85009E-2
2.19725E+11	6.95507E-4	-6.19153E+0	3.39473E-1	3.53708E-1
2.19800E+11	9.30136E-4	-7.46051E+0	1.18777E-1	-4.06626E-1
2.19875E+11	7.60726E-4	-6.02286E+0	-4.95108E-1	6.88299E-2
2.19950E+11	6.47404E-4	-8.00869E+0	2.39065E-1	3.17838E-1
2.20025E+11	7.73049E-4	-7.01237E+0	3.76728E-1	-2.38820E-1
2.20100E+11	7.50448E-4	-7.08611E+0	-4.12057E-1	-1.60681E-1
2.20175E+11	8.76900E-4	-7.39689E+0	-4.28656E-2	4.24574E-1
2.20250E+11	7.90306E-4	-5.91352E+0	3.62752E-1	-3.53060E-1
2.20325E+11	1.01427E-3	-6.74382E+0	-4.54142E-1	-7.35139E-2
2.20400E+11	7.78451E-4	-6.05774E+0	1.66338E-1	4.69258E-1
2.20475E+11	7.27231E-4	-8.17344E+0	2.58277E-1	-2.92537E-1
2.20550E+11	8.21029E-4	-6.69965E+0	-3.75275E-1	-2.70152E-1
2.20625E+11	9.96746E-4	-6.59967E+0	4.21172E-2	4.65853E-1
2.20700E+11	8.57547E-4	-6.47892E+0	4.58240E-1	-1.22381E-1
2.20775E+11	9.36406E-4	-5.12936E+0	-4.26964E-1	-3.53056E-1
2.20850E+11	8.92399E-4	-5.87502E+0	-2.96085E-1	4.13347E-1
2.20925E+11	9.79666E-4	-4.95636E+0	5.42077E-1	1.59920E-1
2.21000E+11	8.01160E-4	-7.47182E+0	-1.04397E-1	-4.09984E-1
2.21075E+11	8.84912E-4	-6.06143E+0	-3.89686E-1	3.09525E-1
2.21150E+11	9.22735E-4	-6.62521E+0	4.62887E-1	-5.69734E-2
2.21225E+11	8.28512E-4	-6.54271E+0	-7.69582E-2	-4.64499E-1
2.21300E+11	1.24170E-3	-4.79593E+0	-4.71066E-1	3.30966E-1
2.21375E+11	9.59640E-4	-6.35546E+0	2.12637E-1	4.31549E-1
2.21450E+11	1.36275E-3	-4.81822E+0	3.35093E-1	-4.66323E-1
2.21525E+11	7.57687E-4	-7.80943E+0	-4.05052E-1	3.91306E-2
2.21600E+11	1.07133E-3	-5.54951E+0	3.57836E-1	3.88068E-1
2.21675E+11	8.75428E-4	-6.86065E+0	-5.48570E-2	-4.50580E-1
2.21750E+11	8.95300E-4	-6.65582E+0	-4.62484E-1	4.57215E-2
2.21825E+11	1.15499E-3	-6.11537E+0	2.81511E-1	4.06639E-1
2.21900E+11	9.01747E-4	-7.46451E+0	3.42443E-1	-2.49038E-1
2.21975E+11	1.58639E-3	-5.29724E+0	-5.43398E-1	5.23749E-3
2.22050E+11	6.74680E-4	-8.70220E+0	2.32917E-1	2.83862E-1
2.22125E+11	1.73667E-3	-4.55875E+0	1.94547E-1	-5.58746E-1
2.22200E+11	7.57858E-4	-7.86050E+0	-4.01860E-1	4.65945E-2
2.22275E+11	1.30346E-3	-6.15649E+0	-8.44030E-2	4.84948E-1
2.22350E+11	8.61016E-4	-7.43190E+0	3.76005E-1	-1.98137E-1
2.22425E+11	1.04317E-3	-7.70507E+0	-2.91323E-1	-2.91130E-1
2.22500E+11	1.22290E-3	-5.97379E+0	2.31247E-1	4.46356E-1
2.22575E+11	6.87275E-4	-9.19110E+0	1.98263E-1	-2.84894E-1
2.22650E+11	1.48578E-3	-5.41250E+0	-5.27529E-1	-9.63707E-2
2.22725E+11	6.53710E-4	-9.31781E+0	7.13501E-2	3.34542E-1
2.22800E+11	1.38595E-3	-6.79017E+0	4.56173E-1	-3.61848E-2
2.22875E+11	7.63872E-4	-8.08306E+0	-3.30423E-1	-2.15192E-1
2.22950E+11	1.31884E-3	-7.26609E+0	-1.67706E-1	3.99428E-1
2.23025E+11	9.50737E-4	-6.51180E+0	4.21040E-1	-2.14453E-1
2.23100E+11	8.61328E-4	-8.78374E+0	-1.30077E-1	-3.39706E-1
2.23175E+11	1.18049E-3	-5.38305E+0	-3.84630E-1	3.76286E-1
2.23250E+11	7.91076E-4	-9.08010E+0	3.44291E-1	7.11045E-2
2.23325E+11	1.29975E-3	-6.12128E+0	-1.54160E-1	-4.69581E-1
2.23400E+11	7.19858E-4	-8.60014E+0	-1.52375E-2	3.71216E-1
2.23475E+11	1.17646E-3	-7.38568E+0	4.24922E-1	4.48612E-2
2.23550E+11	8.90323E-4	-6.82018E+0	-2.05737E-1	-4.06981E-1
2.23625E+11	8.09969E-4	-9.14759E+0	-3.48809E-1	4.26713E-3
2.23700E+11	1.03667E-3	-4.90748E+0	3.97808E-1	4.05938E-1
2.23775E+11	6.59087E-4	-9.72963E+0	-3.70000E-2	-3.24121E-1
2.23850E+11	9.59806E-4	-5.98569E+0	-3.68563E-1	3.40850E-1
2.23925E+11	6.82635E-4	-9.05415E+0	3.45976E-1	-6.80680E-2
2.24000E+11	8.78163E-4	-7.49640E+0	7.08259E-2	-4.15884E-1
2.24075E+11	7.98737E-4	-7.05770E+0	-3.97970E-1	1.96247E-1
2.24150E+11	7.19457E-4	-8.93177E+0	1.23574E-1	3.35582E-1
2.24225E+11	9.09453E-4	-5.10756E+0	2.81561E-2	-5.54706E-1
2.24300E+11	5.97594E-4	-9.93986E+0	-2.60698E-1	1.82841E-1
2.24375E+11	8.72605E-4	-5.49276E+0	4.08509E-1	3.39748E-1
2.24450E+11	7.00221E-4	-9.32010E+0	6.99410E-2	-3.34747E-1
2.24525E+11	8.06114E-4	-7.26534E+0	-3.41186E-1	-2.67007E-1
2.24600E+11	7.62430E-4	-8.23288E+0	1.13185E-1	3.70680E-1
2.24675E+11	6.79446E-4	-8.91560E+0	3.20838E-1	-1.59456E-1
2.24750E+11	1.00250E-3	-5.55569E+0	-5.26802E-1	2.69588E-2
2.24825E+11	5.78454E-4	-1.00989E+1	-1.01985E-2	3.12482E-1
2.24900E+11	9.64946E-4	-4.87115E+0	5.49950E-1	1.52661E-1
2.24975E+11	6.65480E-4	-9.82396E+0	5.15004E-3	-3.22661E-1
2.25050E+11	7.67352E-4	-6.80707E+0	-4.55668E-1	-3.09250E-2
2.25125E+11	9.85946E-4	-7.90632E+0	4.00202E-1	4.22253E-2
2.25200E+11	6.13760E-4	-8.53249E+0	3.37340E-3	-3.74419E-1
2.25275E+11	1.46468E-3	-5.28191E+0	-3.61178E-1	4.07312E-1
2.25350E+11	4.20673E-4	-1.06900E+1	1.20327E-1	2.66140E-1
2.25425E+11	1.14778E-3	-4.73439E+0	5.28667E-1	-2.38081E-1
2.25500E+11	5.00296E-4	-9.95318E+0	-2.98109E-1	-1.10521E-1
2.25575E+11	7.83667E-4	-6.40559E+0	8.75021E-2	4.70251E-1
2.25650E+11	6.86118E-4	-8.35024E+0	-1.55492E-2	-3.82057E-1
2.25725E+11	5.87152E-4	-8.34152E+0	-3.75523E-1	-7.40675E-2
2.25800E+11	9.75993E-4	-6.49553E+0	1.83870E-1	4.36228E-1
2.25875E+11	4.12934E-4	-1.00280E+1	3.15131E-1	-7.04794E-3
2.25950E+11	1.29830E-3	-4.44650E+0	-3.59753E-1	-4.79363E-1
2.26025E+11	4.28919E-4	-1.02330E+1	-1.14519E-2	3.07645E-1
2.26100E+11	9.72809E-4	-5.85213E+0	4.79971E-1	-1.71803E-1
2.26175E+11	5.74880E-4	-9.06289E+0	-3.41203E-1	-8.75383E-2
2.26250E+11	6.84051E-4	-8.08857E+0	-2.54563E-1	3.00812E-1
2.26325E+11	9.56824E-4	-6.42394E+0	4.70172E-1	-8.22560E-2
2.26400E+11	4.67303E-4	-9.97899E+0	-4.65580E-2	-3.13556E-1
2.26475E+11	1.38611E-3	-4.22263E+0	-3.20127E-1	5.25102E-1
2.26550E+11	4.61401E-4	-1.03146E+1	3.02499E-1	3.88290E-2
2.26625E+11	1.17459E-3	-5.88617E+0	1.59510E-1	-4.82096E-1
2.26700E+11	5.49822E-4	-9.65065E+0	-3.17345E-1	8.75699E-2
2.26775E+11	7.54618E-4	-8.37999E+0	6.94107E-3	3.81003E-1
2.26850E+11	7.56724E-4	-7.32652E+0	1.03712E-1	-4.17515E-1
2.26925E+11	5.31636E-4	-1.00420E+1	-3.13927E-1	2.20669E-2
2.27000E+11	9.01147E-4	-5.57728E+0	4.07716E-1	3.32619E-1
2.27075E+11	4.75297E-4	-1.06034E+1	1.73312E-1	-2.38727E-1
2.27150E+11	8.67078E-4	-6.25639E+0	-3.61680E-1	-3.25540E-1
2.27225E+11	5.01731E-4	-1.03096E+1	2.28418E-2	3.04298E-1
2.27300E+11	6.77283E-4	-8.46258E+0	3.46166E-1	-1.50484E-1
2.27375E+11	6.43111E-4	-8.24885E+0	-3.65372E-1	1.27147E-1
2.27450E+11	5.65472E-4	-9.61394E+0	1.27250E-1	3.05129E-1
2.27525E+11	7.38061E-4	-6.12759E+0	2.72122E-1	-4.12148E-1
2.27600E+11	5.31119E-4	-1.02611E+1	-2.24564E-1	-2.09134E-1
2.27675E+11	7.10129E-4	-5.49437E+0	-2.34251E-1	4.76792E-1
2.27750E+11	5.58148E-4	-9.69100E+0	2.70735E-1	-1.84599E-1
2.27825E+11	5.53707E-4	-7.33519E+0	-3.77696E-1	-2.05065E-1
2.27900E+11	7.28581E-4	-7.71956E+0	2.80240E-1	3.00876E-1
2.27975E+11	4.24231E-4	-8.72289E+0	3.16312E-1	-1.84754E-1
2.28050E+11	6.22183E-4	-5.72703E+0	-4.46693E-1	-2.60670E-1
2.28125E+11	4.26507E-4	-9.21134E+0	-1.61771E-1	3.06175E-1
2.28200E+11	4.90461E-4	-5.30511E+0	5.41172E-1	-4.36680E-2
2.28275E+11	5.37158E-4	-9.19877E+0	-2.90255E-1	-1.89770E-1
2.28350E+11	3.91758E-4	-7.06741E+0	-1.05681E-1	4.30447E-1
2.28425E+11	6.28226E-4	-8.38582E+0	3.13334E-1	-2.16423E-1
2.28500E+11	3.16745E-4	-8.88752E+0	-1.57719E-1	-3.22987E-1
2.28575E+11	5.03727E-4	-7.50845E+0	-1.79311E-1	3.81221E-1
2.28650E+11	3.19262E-4	-9.43476E+0	3.32960E-1	5.51154E-2
2.28725E+11	4.11794E-4	-6.28861E+0	-3.03028E-1	-3.78434E-1
2.28800E+11	4.00521E-4	-9.32325E+0	-1.31914E-1	3.15375E-1
2.28875E+11	3.88357E-4	-6.24166E+0	4.82572E-1	6.86847E-2
2.28950E+11	5.66387E-4	-8.67507E+0	-2.10703E-1	-3.02121E-1
2.29025E+11	3.25348E-4	-7.69667E+0	-3.11462E-1	2.70085E-1
2.29100E+11	5.32386E-4	-8.06914E+0	3.89462E-1	6.56156E-2
2.29175E+11	2.70207E-4	-9.05068E+0	-8.92889E-2	-3.41262E-1
2.29250E+11	5.02153E-4	-6.28750E+0	-1.74035E-1	4.52560E-1
2.29325E+11	3.33066E-4	-8.89629E+0	3.58956E-1	9.25682E-3
2.29400E+11	3.78800E-4	-6.22229E+0	-7.37466E-2	-4.82925E-1
2.29475E+11	5.11469E-4	-8.15943E+0	-2.84202E-1	2.68339E-1
2.29550E+11	3.14268E-4	-7.41201E+0	4.03210E-1	1.37438E-1
2.29625E+11	5.06882E-4	-8.52154E+0	-1.14308E-1	-3.57055E-1
2.29700E+11	2.49670E-4	-8.33437E+0	-3.03635E-1	2.33561E-1
2.29775E+11	4.43731E-4	-7.72379E+0	3.98579E-1	1.00155E-1
2.29850E+11	2.83187E-4	-8.91051E+0	7.13585E-2	-3.51314E-1
2.29925E+11	4.46587E-4	-6.34416E+0	-4.69311E-1	1.08622E-1
2.30000E+11	3.41645E-4	-8.99741E+0	2.71049E-1	2.29129E-1
2.30075E+11	3.65735E-4	-7.36455E+0	4.89772E-2	-4.25515E-1
2.30150E+11	3.76909E-4	-9.36489E+0	-3.13451E-1	1.32272E-1
2.30225E+11	2.74783E-4	-9.02670E+0	1.79203E-1	3.04971E-1
2.30300E+11	2.81160E-4	-1.03314E+1	1.58481E-1	-2.59881E-1
2.30375E+11	2.74578E-4	-9.55134E+0	-2.75851E-1	-1.86520E-1
2.30450E+11	5.08680E-4	-7.15617E+0	3.54450E-2	4.37290E-1
2.30525E+11	3.08470E-4	-9.58803E+0	2.68120E-1	-1.95095E-1
2.30600E+11	3.89304E-4	-7.96984E+0	-3.66645E-1	-1.58635E-1
2.30675E+11	2.79440E-4	-1.03228E+1	-7.06638E-2	2.96385E-1
2.30750E+11	2.90415E-4	-9.50720E+0	3.34506E-1	1.10249E-2
2.30825E+11	2.06694E-4	-1.13107E+1	-1.68304E-1	-2.13596E-1
2.30900E+11	3.33002E-4	-9.18232E+0	-2.02883E-1	2.82056E-1
2.30975E+11	3.97643E-4	-8.02645E+0	3.75992E-1	-1.27111E-1
2.31050E+11	3.30117E-4	-9.94600E+0	-1.70457E-1	-2.68692E-1
2.31125E+11	2.94694E-4	-9.04267E+0	-2.42056E-1	2.57042E-1
2.31200E+11	2.91355E-4	-1.02857E+1	1.72874E-1	2.52485E-1
2.31275E+11	3.30481E-4	-8.62900E+0	2.44099E-1	-2.78452E-1
2.31350E+11	1.78866E-4	-1.15889E+1	-2.63001E-1	-1.38016E-2
2.31425E+11	2.98173E-4	-9.02552E+0	2.47189E-1	2.53086E-1
2.31500E+11	2.58337E-4	-8.94699E+0	-7.41267E-2	-3.49205E-1
2.31575E+11	2.74458E-4	-9.46187E+0	-3.30569E-1	6.25748E-2
2.31650E+11	2.52820E-4	-8.09862E+0	1.43514E-1	3.66517E-1
2.31725E+11	3.08888E-4	-9.07574E+0	3.27991E-1	-1.27035E-1
2.31800E+11	2.45043E-4	-8.26338E+0	-3.10961E-1	-2.29056E-1
2.31875E+11	1.61187E-4	-1.10515E+1	2.61738E-2	2.78946E-1
2.31950E+11	2.16669E-4	-8.95166E+0	2.37279E-1	-2.66459E-1
2.32025E+11	2.09264E-4	-9.06571E+0	-3.50573E-1	-3.31744E-2
2.32100E+11	1.88343E-4	-9.82757E+0	-1.23617E-1	2.97941E-1
2.32175E+11	1.55306E-4	-9.07848E+0	3.50038E-1	3.33340E-2
2.32250E+11	1.69950E-4	-1.01611E+1	-6.13791E-2	-3.04290E-1
2.32325E+11	1.44926E-4	-8.72054E+0	-2.14452E-1	2.97103E-1
2.32400E+11	1.47863E-4	-1.02053E+1	3.02532E-1	6.21099E-2
2.32475E+11	1.58884E-4	-8.62776E+0	-8.82650E-3	-3.70245E-1
2.32550E+11	1.35198E-4	-9.73765E+0	-2.99630E-1	1.28253E-1
2.32625E+11	1.64245E-4	-9.05569E+0	1.84191E-1	3.00603E-1
2.32700E+11	1.38055E-4	-8.85574E+0	1.27584E-1	-3.37442E-1
2.32775E+11	2.17276E-4	-8.71000E+0	-3.56487E-1	8.66189E-2
2.32850E+11	1.37136E-4	-8.50390E+0	1.82906E-1	3.28135E-1
2.32925E+11	2.38028E-4	-8.84544E+0	2.79037E-1	-2.29329E-1
2.33000E+11	1.30459E-4	-9.74939E+0	-2.66162E-1	-1.87344E-1
2.33075E+11	1.84500E-4	-9.56774E+0	8.35336E-2	3.21695E-1
2.33150E+11	1.44128E-4	-9.57285E+0	2.03437E-1	-2.62581E-1
2.33225E+11	2.03990E-4	-7.76291E+0	-4.05993E-1	5.05188E-2
2.33300E+11	1.61878E-4	-9.55053E+0	1.29221E-1	3.06930E-1
2.33375E+11	1.46816E-4	-8.49985E+0	3.61430E-1	-1.03088E-1
2.33450E+11	1.48812E-4	-1.00767E+1	-1.33678E-1	-2.83514E-1
2.33525E+11	1.26781E-4	-9.09445E+0	-2.05636E-1	2.84425E-1
2.33600E+11	2.04169E-4	-9.17885E+0	2.87435E-1	-1.95435E-1
2.33675E+11	1.26580E-4	-9.79258E+0	-3.10539E-1	-9.19657E-2
2.33750E+11	2.06310E-4	-8.25132E+0	7.00542E-2	3.80356E-1
2.33825E+11	1.22388E-4	-1.05764E+1	2.88434E-1	-6.61512E-2
2.33900E+11	1.32032E-4	-9.69247E+0	-3.54580E-2	-3.25700E-1
2.33975E+11	1.52337E-4	-1.04400E+1	-2.62639E-1	1.46236E-1
2.34050E+11	1.14303E-4	-1.06490E+1	2.55677E-1	1.44043E-1
2.34125E+11	1.80167E-4	-1.01655E+1	-1.35973E-1	-2.78879E-1
2.34200E+11	1.43428E-4	-1.04859E+1	-2.47371E-1	1.67994E-1
2.34275E+11	3.07423E-4	-7.78077E+0	2.79402E-1	2.97707E-1
2.34350E+11	1.97102E-4	-9.82785E+0	2.10647E-1	-2.44277E-1
2.34425E+11	2.29770E-4	-8.53863E+0	-3.45623E-1	-1.43346E-1
2.34500E+11	2.69251E-4	-8.97330E+0	1.75800E-1	3.09457E-1
2.34575E+11	1.80177E-4	-9.66974E+0	1.51903E-1	-2.91250E-1
2.34650E+11	2.62680E-4	-9.92554E+0	-3.18512E-1	-1.67201E-2
2.34725E+11	1.97428E-4	-1.02302E+1	-2.68236E-2	3.06786E-1
2.34800E+11	4.12734E-4	-8.25015E+0	3.80289E-1	-7.07030E-2
2.34875E+11	2.52420E-4	-1.05310E+1	-2.27468E-1	-1.91701E-1
2.34950E+11	2.59542E-4	-1.04433E+1	-1.68524E-2	3.00020E-1
2.35025E+11	3.31936E-4	-1.04480E+1	1.70118E-1	-2.47505E-1
2.35100E+11	2.45583E-4	-1.09590E+1	-2.61650E-1	-1.08288E-1
2.35175E+11	4.94229E-4	-9.55611E+0	-1.01269E-2	3.32654E-1
2.35250E+11	2.13858E-4	-1.22288E+1	2.37684E-1	-5.79976E-2
2.35325E+11	5.89483E-4	-8.74267E+0	-2.94268E-1	-2.16758E-1
2.35400E+11	2.73577E-4	-1.16585E+1	1.19327E-1	2.32418E-1
2.35475E+11	3.10540E-4	-1.07515E+1	2.22262E-1	-1.86308E-1
2.35550E+11	4.21415E-4	-1.02920E+1	-2.91939E-1	-9.09319E-2
2.35625E+11	2.31560E-4	-1.19918E+1	-1.53404E-1	1.99205E-1
2.35700E+11	5.89326E-4	-9.38568E+0	3.30712E-1	7.63162E-2
2.35775E+11	2.18363E-4	-1.24203E+1	-5.72328E-2	-2.32379E-1
2.35850E+11	5.91699E-4	-8.76417E+0	-2.32236E-1	2.81041E-1
2.35925E+11	2.36399E-4	-1.21554E+1	2.46694E-1	4.45207E-3
2.36000E+11	2.66315E-4	-1.07089E+1	3.51745E-2	-2.89313E-1
2.36075E+11	2.96546E-4	-1.11030E+1	-2.36597E-1	1.46943E-1
2.36150E+11	1.56685E-4	-1.24931E+1	1.59405E-1	1.75824E-1
2.36225E+11	3.81510E-4	-1.01778E+1	-1.41646E-2	-3.09496E-1
2.36300E+11	1.36263E-4	-1.26298E+1	-2.06004E-1	1.10185E-1
2.36375E+11	4.84261E-4	-8.47503E+0	2.97838E-1	2.30999E-1
2.36450E+11	1.50819E-4	-1.25321E+1	8.31956E-2	-2.21130E-1
2.36525E+11	2.41211E-4	-1.05876E+1	-2.50185E-1	-1.57333E-1
2.36600E+11	2.50199E-4	-1.14049E+1	1.45560E-1	2.26217E-1
2.36675E+11	1.41933E-4	-1.26836E+1	1.22355E-1	-1.97321E-1
2.36750E+11	4.64015E-4	-9.45708E+0	-2.85006E-1	1.79131E-1
2.36825E+11	1.10213E-4	-1.34042E+1	1.57335E-1	1.44606E-1
2.36900E+11	6.71460E-4	-7.67097E+0	2.20578E-1	-3.49727E-1
2.36975E+11	1.37096E-4	-1.21713E+1	-2.29520E-1	-8.93054E-2
2.37050E+11	4.09105E-4	-7.78257E+0	-1.95604E-1	3.58281E-1
2.37125E+11	1.96666E-4	-1.03786E+1	2.22461E-1	-2.05336E-1
2.37200E+11	1.43145E-4	-1.08711E+1	-2.28518E-1	-1.72059E-1
2.37275E+11	2.86831E-4	-8.62626E+0	1.48117E-1	3.39511E-1
2.37350E+11	1.16638E-4	-1.05892E+1	2.80764E-1	-9.21133E-2
2.37425E+11	4.34412E-4	-6.65116E+0	-3.07332E-1	-3.48943E-1
2.37500E+11	1.15289E-4	-1.00829E+1	-1.82382E-1	2.54651E-1
2.37575E+11	3.70630E-4	-5.69756E+0	5.09110E-1	1.00556E-1
2.37650E+11	1.42204E-4	-9.48191E+0	-2.05766E-1	-2.65199E-1
2.37725E+11	1.66667E-4	-8.28765E+0	-2.69444E-1	2.75195E-1
2.37800E+11	2.44299E-4	-8.00203E+0	3.96440E-1	3.53610E-2
2.37875E+11	1.53360E-4	-8.47793E+0	7.17797E-2	-3.69893E-1
2.37950E+11	5.51217E-4	-6.21791E+0	-4.42871E-1	2.06789E-1
2.38025E+11	1.36618E-4	-9.40226E+0	2.55125E-1	2.22860E-1
2.38100E+11	5.52087E-4	-6.16005E+0	1.24647E-1	-4.75987E-1
2.38175E+11	1.58817E-4	-8.97224E+0	-3.26121E-1	1.42634E-1
2.38250E+11	2.07726E-4	-8.85780E+0	1.79874E-1	3.12615E-1
2.38325E+11	2.13527E-4	-8.50318E+0	1.34035E-1	-3.50977E-1
2.38400E+11	1.42480E-4	-9.59211E+0	-3.29394E-1	-3.67011E-2
2.38475E+11	3.68662E-4	-7.18193E+0	2.17298E-1	3.79634E-1
2.38550E+11	1.17712E-4	-9.76408E+0	1.88652E-1	-2.64561E-1
2.38625E+11	3.49469E-4	-7.24269E+0	-4.01567E-1	-1.65610E-1
2.38700E+11	1.29560E-4	-9.07832E+0	4.50517E-2	3.48731E-1
2.38775E+11	2.07522E-4	-8.69915E+0	3.44419E-1	-1.27665E-1
2.38850E+11	1.37891E-4	-8.99606E+0	-3.35419E-1	-1.16194E-1
2.38925E+11	1.41085E-4	-9.17153E+0	3.63304E-3	3.47856E-1
2.39000E+11	2.17436E-4	-7.21254E+0	2.97123E-1	-3.18927E-1
2.39075E+11	9.82315E-5	-1.01140E+1	-2.60323E-1	-1.72165E-1
2.39150E+11	2.36483E-4	-7.04288E+0	-1.60515E-1	4.14489E-1
2.39225E+11	9.16454E-5	-1.00689E+1	3.09559E-1	-5.09894E-2
2.39300E+11	1.70038E-4	-8.42834E+0	-1.91808E-1	-3.26824E-1
2.39375E+11	1.20059E-4	-9.77828E+0	-5.32170E-2	3.20009E-1
2.39450E+11	1.45965E-4	-9.02322E+0	3.50191E-1	-5.08675E-2
2.39525E+11	1.91541E-4	-8.68658E+0	-3.00260E-1	-2.12503E-1
2.39600E+11	9.80396E-5	-1.08525E+1	-1.68906E-1	2.31620E-1
2.39675E+11	2.36247E-4	-8.37765E+0	3.77722E-1	5.11474E-2
2.39750E+11	8.68341E-5	-1.17982E+1	-8.02601E-2	-2.44245E-1
2.39825E+11	1.30136E-4	-1.06746E+1	-2.05178E-1	2.08601E-1
2.39900E+11	1.02626E-4	-1.15347E+1	2.62657E-1	3.52524E-2
2.39975E+11	1.22501E-4	-1.01083E+1	-6.91695E-2	-3.04555E-1
2.40050E+11	1.23855E-4	-1.16396E+1	-1.98701E-1	1.70510E-1
2.40125E+11	8.78129E-5	-1.09370E+1	2.05549E-1	1.95814E-1
2.40200E+11	1.70433E-4	-1.04767E+1	3.13336E-2	-2.97697E-1
2.40275E+11	6.26838E-5	-1.23220E+1	-2.35170E-1	5.72919E-2
2.40350E+11	9.87188E-5	-1.21616E+1	1.81701E-1	1.66660E-1
2.40425E+11	5.31142E-5	-1.30601E+1	6.67918E-2	-2.12059E-1
2.40500E+11	8.26205E-5	-1.12086E+1	-2.74851E-1	-1.28238E-2
2.40575E+11	6.71041E-5	-1.20296E+1	8.31451E-2	2.36122E-1
2.40650E+11	5.41712E-5	-1.14407E+1	2.15177E-1	-1.59581E-1
2.40725E+11	1.00767E-4	-1.04960E+1	-2.85963E-1	-8.62158E-2
2.40800E+11	4.28616E-5	-1.12140E+1	5.54418E-2	2.69331E-1
2.40875E+11	7.98077E-5	-1.04854E+1	2.51596E-1	-1.61631E-1
2.40950E+11	4.67749E-5	-1.05100E+1	-2.58415E-1	-1.48803E-1
2.41025E+11	5.78209E-5	-1.03010E+1	-6.57390E-2	2.98300E-1
2.41100E+11	6.63999E-5	-9.63153E+0	3.15795E-1	-9.55424E-2
2.41175E+11	5.27658E-5	-9.87943E+0	-2.22994E-1	-2.30410E-1
2.41250E+11	1.18106E-4	-8.60141E+0	-6.00486E-2	3.66590E-1
2.41325E+11	5.14796E-5	-9.57954E+0	3.14890E-1	-1.04927E-1
2.41400E+11	1.30754E-4	-8.59141E+0	-1.95152E-1	-3.16587E-1
2.41475E+11	5.66203E-5	-9.18121E+0	-1.81711E-1	2.96191E-1
2.41550E+11	1.17187E-4	-8.45911E+0	3.67884E-1	8.51557E-2
2.41625E+11	7.49227E-5	-8.62505E+0	-1.04856E-1	-3.55316E-1
2.41700E+11	7.31174E-5	-8.75930E+0	-3.01677E-1	2.05080E-1
2.41775E+11	1.14505E-4	-7.57864E+0	4.03396E-1	1.09126E-1
2.41850E+11	5.45376E-5	-9.31295E+0	-3.35512E-2	-3.40609E-1
2.41925E+11	1.85753E-4	-7.02899E+0	-4.02072E-1	1.91146E-1
2.42000E+11	5.08803E-5	-8.90902E+0	3.08760E-1	1.82278E-1
2.42075E+11	1.61166E-4	-7.60289E+0	1.49499E-1	-3.88992E-1
2.42150E+11	6.30302E-5	-8.02293E+0	-3.88388E-1	8.25191E-2
2.42225E+11	8.29203E-5	-8.69953E+0	1.14873E-1	3.48877E-1
2.42300E+11	1.08312E-4	-6.82522E+0	2.55763E-1	-3.77234E-1
2.42375E+11	7.01085E-5	-8.81938E+0	-3.60985E-1	-3.04685E-2
2.42450E+11	1.83353E-4	-5.89284E+0	2.35560E-1	4.49417E-1
2.42525E+11	7.09193E-5	-8.08830E+0	1.17451E-1	-3.76171E-1
2.42600E+11	1.44869E-4	-7.20868E+0	-4.35183E-1	-2.79528E-2
2.42675E+11	8.34137E-5	-6.84459E+0	1.89138E-1	4.13548E-1
2.42750E+11	1.26754E-4	-6.87683E+0	4.14869E-1	-1.82071E-1
2.42825E+11	1.10191E-4	-6.15386E+0	-4.34899E-1	-2.30886E-1
2.42900E+11	7.63701E-5	-8.54442E+0	-2.55698E-2	3.73045E-1
2.42975E+11	1.83373E-4	-5.41535E+0	4.30650E-1	-3.19259E-1
2.43050E+11	7.67016E-5	-8.46863E+0	-3.68855E-1	-7.88932E-2
2.43125E+11	2.26669E-4	-5.88193E+0	6.91748E-3	5.08000E-1
2.43200E+11	1.20195E-4	-6.67525E+0	3.93058E-1	-2.46015E-1
2.43275E+11	2.16896E-4	-6.41038E+0	-1.65966E-1	-4.48325E-1
2.43350E+11	1.85591E-4	-5.77673E+0	3.95037E-1	3.29220E-1
2.43425E+11	1.25706E-4	-8.77258E+0	1.36913E-1	-3.37514E-1
2.43500E+11	2.87580E-4	-5.12774E+0	-5.31371E-1	1.57184E-1
2.43575E+11	1.13217E-4	-9.85330E+0	2.43111E-1	2.10554E-1
2.43650E+11	2.64352E-4	-7.20021E+0	2.58038E-1	-3.52070E-1
2.43725E+11	1.61720E-4	-8.41674E+0	-3.76818E-1	4.46809E-2
2.43800E+11	2.55738E-4	-8.06407E+0	5.01975E-2	3.91980E-1
2.43875E+11	2.40824E-4	-7.24733E+0	2.87952E-1	-3.24907E-1
2.43950E+11	1.92932E-4	-9.21051E+0	-3.05283E-1	-1.63518E-1
2.44025E+11	3.25121E-4	-6.47451E+0	7.68513E-2	4.68278E-1
2.44100E+11	1.30217E-4	-1.08139E+1	2.51545E-1	-1.40125E-1
2.44175E+11	2.67019E-4	-8.49654E+0	-2.71548E-1	-2.60054E-1
2.44250E+11	1.34984E-4	-1.11059E+1	-1.58638E-2	2.77970E-1
2.44325E+11	2.38714E-4	-9.41187E+0	3.38175E-1	1.18258E-2
2.44400E+11	2.55555E-4	-8.70154E+0	-2.27704E-1	-2.88096E-1
2.44475E+11	1.80574E-4	-1.04132E+1	-2.03593E-1	2.22427E-1
2.44550E+11	3.45387E-4	-7.61257E+0	4.15796E-1	-1.97774E-2
2.44625E+11	1.27525E-4	-1.16779E+1	-1.02388E-1	-2.39730E-1
2.44700E+11	3.03214E-4	-8.97027E+0	-2.59956E-1	2.43270E-1
2.44775E+11	1.19886E-4	-1.17239E+1	2.58718E-1	1.73791E-2
2.44850E+11	1.81769E-4	-1.06013E+1	-3.24197E-3	-2.95057E-1
2.44925E+11	1.75595E-4	-9.88371E+0	-2.55951E-1	1.92881E-1
2.45000E+11	1.19757E-4	-1.13875E+1	1.81370E-1	1.99394E-1
2.45075E+11	2.42713E-4	-8.42226E+0	9.40177E-2	-3.67377E-1
2.45150E+11	9.86160E-5	-1.14226E+1	-2.68297E-1	9.20861E-3
2.45225E+11	2.57606E-4	-9.09093E+0	1.15356E-1	3.31628E-1
2.45300E+11	9.97547E-5	-1.07161E+1	1.35607E-1	-2.57701E-1
2.45375E+11	1.89623E-4	-1.02380E+1	-3.04180E-1	-4.62755E-2
2.45450E+11	1.33144E-4	-1.00561E+1	1.37929E-1	2.82297E-1
2.45525E+11	1.51951E-4	-1.03163E+1	2.32285E-1	-1.97533E-1
2.45600E+11	1.69044E-4	-9.35112E+0	-3.28978E-1	-8.88174E-2
2.45675E+11	1.03923E-4	-1.09420E+1	-2.67704E-2	2.82461E-1
2.45750E+11	2.80376E-4	-8.41219E+0	3.60774E-1	-1.18240E-1
2.45825E+11	9.21875E-5	-1.06974E+1	-2.61934E-1	-1.28665E-1
2.45900E+11	2.30949E-4	-1.00563E+1	-1.12067E-2	3.13984E-1
2.45975E+11	1.06073E-4	-9.54685E+0	2.30654E-1	-2.40409E-1
2.46050E+11	1.77211E-4	-1.04327E+1	-2.83677E-1	-1.00225E-1
2.46125E+11	1.15957E-4	-9.67511E+0	1.03078E-1	3.11677E-1
2.46200E+11	1.24625E-4	-1.04244E+1	2.45824E-1	-1.73954E-1
2.46275E+11	1.68261E-4	-8.16883E+0	-3.01584E-1	-2.47979E-1
2.46350E+11	9.73241E-5	-9.70359E+0	-2.35881E-2	3.26354E-1
2.46425E+11	1.13025E-4	-1.01974E+1	3.07645E-1	-3.01699E-2
2.46500E+11	7.66286E-5	-8.75963E+0	-2.28696E-1	-2.84174E-1
2.46575E+11	1.24767E-4	-9.37399E+0	-1.38848E-1	3.10204E-1
2.46650E+11	6.00326E-5	-8.93418E+0	3.54639E-1	-4.52338E-2
2.46725E+11	7.89614E-5	-9.50025E+0	-2.12393E-1	-2.59008E-1
2.46800E+11	5.47178E-5	-9.35835E+0	-3.73724E-2	3.38416E-1
2.46875E+11	4.79325E-5	-1.01991E+1	2.71083E-1	-1.48434E-1
2.46950E+11	4.85258E-5	-1.02806E+1	-1.65338E-1	-2.57694E-1
2.47025E+11	3.24954E-5	-1.05275E+1	-1.20659E-1	2.72037E-1
2.47100E+11	4.36122E-5	-1.15897E+1	2.59909E-1	-4.23603E-2
2.47175E+11	2.41565E-5	-1.12490E+1	-1.56663E-1	-2.24642E-1
2.47250E+11	3.55982E-5	-1.20909E+1	-1.39663E-1	2.05627E-1
2.47325E+11	2.38101E-5	-1.14721E+1	2.64216E-1	3.79602E-2
2.47400E+11	2.23514E-5	-1.32555E+1	-6.79318E-2	-2.06495E-1
2.47475E+11	1.71415E-5	-1.36035E+1	-1.74144E-1	1.15285E-1
2.47550E+11	1.54774E-5	-1.37377E+1	2.03844E-1	2.71374E-2
2.47625E+11	1.29262E-5	-1.53097E+1	-6.37308E-2	-1.59326E-1
2.47700E+11	1.16294E-5	-1.36370E+1	-1.51561E-1	1.42513E-1
2.47775E+11	2.12388E-5	-1.32909E+1	1.89213E-1	1.05218E-1
2.47850E+11	1.26519E-5	-1.25348E+1	4.28141E-2	-2.32277E-1
2.47925E+11	1.83507E-5	-1.28738E+1	-2.16429E-1	6.89578E-2
2.48000E+11	1.16375E-5	-1.30036E+1	1.52724E-1	1.63561E-1
2.48075E+11	1.54580E-5	-1.31792E+1	-1.58915E-2	-2.18724E-1
2.48150E+11	1.29571E-5	-1.39533E+1	-1.42808E-1	1.40880E-1
2.48225E+11	1.49400E-5	-1.36784E+1	1.99604E-1	5.50341E-2
2.48300E+11	2.75146E-5	-1.30806E+1	-9.35224E-3	-2.21608E-1
2.48375E+11	2.71670E-5	-1.23765E+1	-1.95494E-1	1.40139E-1
2.48450E+11	3.54974E-5	-1.30805E+1	1.88675E-1	1.16617E-1
2.48525E+11	4.63958E-5	-1.10426E+1	2.75438E-2	-2.79103E-1
2.48600E+11	4.03603E-5	-1.26714E+1	-2.16894E-1	8.37534E-2
2.48675E+11	4.25499E-5	-1.24981E+1	1.27322E-1	2.00119E-1
2.48750E+11	5.08497E-5	-1.18461E+1	7.13978E-2	-2.45508E-1
2.48825E+11	5.96676E-5	-1.20059E+1	-2.50456E-1	1.67675E-2
2.48900E+11	6.90743E-5	-1.05657E+1	2.06782E-1	2.12200E-1
2.48975E+11	6.17227E-5	-1.21837E+1	9.55990E-2	-2.26592E-1
2.49050E+11	7.95588E-5	-1.01689E+1	-3.09969E-1	-1.02518E-2
2.49125E+11	5.96774E-5	-1.21949E+1	1.12166E-1	2.18507E-1
2.49200E+11	5.93254E-5	-1.20423E+1	1.87993E-1	-1.64752E-1
2.49275E+11	4.96749E-5	-1.27883E+1	-2.25662E-1	-4.12149E-2
2.49350E+11	5.39231E-5	-1.29772E+1	2.68304E-3	2.24445E-1
2.49425E+11	4.49049E-5	-1.25102E+1	1.79516E-1	-1.54518E-1
2.49500E+11	3.31418E-5	-1.46708E+1	-1.41564E-1	-1.18628E-1
2.49575E+11	4.79989E-5	-1.19765E+1	-1.30430E-2	2.51530E-1
2.49650E+11	2.84118E-5	-1.48744E+1	1.68086E-1	-6.55595E-2
2.49725E+11	8.30362E-5	-1.04338E+1	-1.95415E-1	-2.28708E-1
2.49800E+11	2.75672E-5	-1.41585E+1	-2.72528E-3	1.95898E-1
2.49875E+11	3.78980E-5	-1.37857E+1	1.99943E-1	4.29795E-2
2.49950E+11	3.64016E-5	-1.27143E+1	-1.32023E-1	-1.89990E-1
2.50025E+11	2.66827E-5	-1.54623E+1	-1.43993E-1	8.77239E-2
2.50100E+11	5.97232E-5	-1.04704E+1	2.90898E-1	7.15090E-2
2.50175E+11	3.03121E-5	-1.52606E+1	-4.19740E-2	-1.67390E-1
2.50250E+11	8.32050E-5	-1.00588E+1	-2.71227E-1	1.58399E-1
2.50325E+11	3.77401E-5	-1.34883E+1	2.10770E-1	1.90987E-2
2.50400E+11	5.81102E-5	-1.17094E+1	5.01289E-2	-2.54852E-1
2.50475E+11	4.30376E-5	-1.13124E+1	-1.75429E-1	2.07713E-1
2.50550E+11	3.13130E-5	-1.33055E+1	1.61711E-1	1.43401E-1
2.50625E+11	5.26663E-5	-9.67169E+0	-6.32566E-2	-3.22259E-1
2.50700E+11	2.21159E-5	-1.49187E+1	-1.67256E-1	6.51610E-2
2.50775E+11	7.95495E-5	-7.94947E+0	2.75575E-1	2.90521E-1
2.50850E+11	3.17171E-5	-1.33286E+1	4.93903E-2	-2.09825E-1
2.50925E+11	8.37484E-5	-9.53640E+0	-3.23776E-1	-8.02152E-2
2.51000E+11	4.01523E-5	-1.22175E+1	2.10478E-1	1.25352E-1
2.51075E+11	3.53236E-5	-1.29299E+1	1.40844E-1	-1.76344E-1
2.51150E+11	4.38353E-5	-1.06838E+1	-2.36984E-1	1.71084E-1
2.51225E+11	1.33235E-5	-1.60491E+1	7.58947E-2	1.38117E-1
2.51300E+11	6.85225E-5	-7.48242E+0	2.11408E-1	-3.65863E-1
2.51375E+11	1.35106E-5	-1.54217E+1	-1.69348E-1	-4.21595E-3
2.51450E+11	4.14156E-5	-1.04726E+1	-5.09841E-2	2.95109E-1
2.51525E+11	2.46235E-5	-1.17097E+1	1.26321E-1	-2.26938E-1
2.51600E+11	2.55801E-5	-1.16199E+1	-2.05193E-1	-1.63591E-1
2.51675E+11	3.76995E-5	-9.09107E+0	1.38877E-1	3.22480E-1
2.51750E+11	1.96965E-5	-1.25930E+1	2.04172E-1	-1.15572E-1
2.51825E+11	5.58609E-5	-7.48924E+0	-4.02567E-1	-1.27314E-1
2.51900E+11	1.74499E-5	-1.36848E+1	4.63169E-2	2.01649E-1
2.51975E+11	4.62813E-5	-1.05328E+1	2.73174E-1	-1.17605E-1
2.52050E+11	2.66448E-5	-1.27432E+1	-2.19574E-1	-7.04207E-2
2.52125E+11	4.42442E-5	-1.15644E+1	-8.80814E-2	2.48985E-1
2.52200E+11	3.24229E-5	-1.21680E+1	2.10557E-1	-1.27933E-1
2.52275E+11	2.76485E-5	-1.40819E+1	-1.04200E-1	-1.67957E-1
2.52350E+11	3.68509E-5	-1.11661E+1	-3.95555E-2	2.73655E-1
2.52425E+11	1.35546E-5	-1.64765E+1	1.49803E-1	-8.22838E-3
2.52500E+11	2.14622E-5	-1.49269E+1	-6.94067E-2	-1.65356E-1
2.52575E+11	1.34023E-5	-1.69352E+1	-6.12935E-2	1.28436E-1
2.52650E+11	2.11301E-5	-1.55154E+1	1.64774E-1	3.05487E-2
2.52725E+11	1.75353E-5	-1.54284E+1	-1.09338E-1	-1.29218E-1
2.52800E+11	1.80004E-5	-1.64178E+1	-1.02876E-1	1.10595E-1
2.52875E+11	2.41084E-5	-1.34437E+1	2.02977E-1	6.36481E-2
2.52950E+11	1.40680E-5	-1.71742E+1	-2.24043E-2	-1.36624E-1
2.53025E+11	9.08990E-6	-1.81307E+1	-1.08580E-1	5.99117E-2
2.53100E+11	1.66907E-5	-1.58220E+1	1.54232E-1	4.88099E-2
2.53175E+11	1.74540E-5	-1.54609E+1	-5.35236E-2	-1.59918E-1
2.53250E+11	2.08339E-5	-1.40657E+1	-1.26402E-1	1.52431E-1
2.53325E+11	3.46264E-5	-1.27826E+1	2.29434E-1	-7.15598E-3
2.53400E+11	2.79393E-5	-1.31529E+1	-1.00469E-1	-1.95681E-1
2.53475E+11	3.32732E-5	-1.42168E+1	-1.07984E-1	1.61899E-1
2.53550E+11	8.56304E-6	-1.97807E+1	1.02288E-1	7.41416E-3
2.53625E+11	3.51714E-5	-1.38950E+1	-6.98677E-2	-1.89481E-1
2.53700E+11	2.98968E-5	-1.15908E+1	-1.55279E-1	2.12647E-1
2.53775E+11	1.49742E-5	-1.44924E+1	1.36218E-1	1.30340E-1
2.53850E+11	1.43256E-5	-1.71263E+1	1.98514E-3	-1.39200E-1
2.53925E+11	1.45594E-5	-1.70846E+1	-1.26226E-1	6.02881E-2
2.54000E+11	2.14668E-5	-1.67093E+1	1.36519E-1	5.19286E-2
2.54075E+11	1.21711E-6	-2.84465E+1	-1.82618E-2	-3.31142E-2
2.54150E+11	2.32874E-6	-2.59712E+1	-2.08045E-2	4.57794E-2
2.54225E+11	8.75770E-6	-1.97884E+1	8.77302E-2	-5.29414E-2
2.54300E+11	3.19627E-5	-1.35594E+1	-8.42774E-2	-1.92246E-1
2.54375E+11	4.94969E-5	-1.14607E+1	-5.62111E-2	2.61300E-1
2.54450E+11	1.70579E-5	-1.50542E+1	1.51658E-1	9.07221E-2
2.54525E+11	4.77128E-5	-1.12422E+1	-1.28919E-1	-2.41878E-1
2.54600E+11	1.95644E-6	-2.42777E+1	-1.57342E-2	5.90503E-2
2.54675E+11	2.84924E-5	-1.20234E+1	2.48750E-1	2.96591E-2
2.54750E+11	1.96377E-5	-1.41118E+1	-1.94292E-1	-3.24054E-2
2.54825E+11	2.27941E-5	-1.31911E+1	-1.68193E-1	1.40256E-1
2.54900E+11	5.38199E-5	-1.04372E+1	2.90320E-1	-7.83423E-2
2.54975E+11	1.43472E-5	-1.52264E+1	1.19153E-1	-1.25773E-1
2.55050E+11	5.83518E-5	-1.16283E+1	-2.07138E-1	1.60709E-1
2.55125E+11	3.96953E-6	-2.22520E+1	3.81299E-2	-6.70817E-2
2.55200E+11	4.07840E-5	-1.30997E+1	5.05192E-2	-2.15473E-1
2.55275E+11	1.98675E-5	-1.49480E+1	9.56800E-3	1.78639E-1
2.55350E+11	1.57140E-5	-1.44931E+1	1.56788E-1	1.04668E-1
2.55425E+11	3.30716E-5	-9.40712E+0	-2.32243E-1	-2.46355E-1
2.55500E+11	9.78970E-6	-1.26207E+1	-1.53060E-1	-1.76820E-1
2.55575E+11	3.84625E-5	-8.24438E+0	3.68674E-1	1.17886E-1
2.55650E+11	1.39845E-6	-2.07210E+1	-7.73325E-2	4.98992E-2
2.55725E+11	3.21954E-5	-9.20022E+0	-3.45739E-1	2.61647E-2
2.55800E+11	6.29300E-6	-1.37373E+1	1.59573E-1	-1.29730E-1
2.55875E+11	1.05418E-5	-1.10735E+1	2.51169E-1	-1.22527E-1
2.55950E+11	1.29992E-5	-6.40126E+0	-2.36681E-1	4.15936E-1
2.56025E+11	7.85894E-6	-3.61857E+0	-6.18363E-1	2.28650E-1
2.56100E+11	2.33349E-5	4.40744E+0	1.04976E+0	-1.28723E+0
2.56175E+11	4.44924E-6	6.78938E-1	9.23569E-1	5.62347E-1
2.56250E+11	1.39158E-5	4.46903E+0	-6.23499E-1	1.55229E+0
2.56325E+11	3.40319E-6	3.78438E+0	-9.17330E-1	-1.24448E+0
2.56400E+11	5.50805E-6	6.04152E+0	4.56148E-1	-1.95224E+0
2.56475E+11	5.14142E-6	1.05257E+1	1.95774E+0	2.73020E+0
2.56550E+11	9.30420E-6	1.45745E+1	-1.36365E+0	5.17804E+0
2.56625E+11	7.31394E-6	1.59779E+1	-2.28361E+0	-5.86458E+0
2.56700E+11	5.25823E-6	1.61646E+1	5.77921E+0	-2.81944E+0
2.56775E+11	6.56892E-6	1.66425E+1	3.85624E+0	5.59355E+0
2.56850E+11	1.91282E-6	1.44408E+1	-4.54233E+0	2.67757E+0
2.56925E+11	4.22961E-6	1.63462E+1	-5.78745E+0	-3.10157E+0
2.57000E+11	1.29810E-6	1.41568E+1	4.53997E+0	-2.33046E+0
2.57075E+11	9.18933E-6	2.18179E+1	1.04185E+1	6.59060E+0
2.57150E+11	4.42620E-6	1.98489E+1	-9.10329E+0	3.70294E+0
2.57225E+11	5.42031E-6	2.02348E+1	-6.70584E+0	-7.78373E+0
2.57300E+11	4.50310E-6	1.78063E+1	7.74319E+0	-6.21347E-1
2.57375E+11	2.02666E-6	1.45720E+1	3.35882E+0	4.16810E+0
2.57450E+11	3.18942E-6	1.47497E+1	-4.54608E+0	3.03062E+0
2.57525E+11	1.63707E-6	1.17492E+1	-1.73443E+0	-3.45705E+0
2.57600E+11	5.93322E-6	1.44115E+1	2.53318E+0	-4.60419E+0
2.57675E+11	2.64317E-6	1.10237E+1	-5.13187E-1	3.52064E+0
2.57750E+11	7.78006E-6	1.39312E+1	-3.25798E+0	3.75626E+0
2.57825E+11	2.80038E-6	8.59911E+0	2.39057E-1	-2.68062E+0
2.57900E+11	2.14832E-6	1.14025E+1	2.45258E+0	-2.79224E+0
2.57975E+11	1.53728E-6	2.08487E+1	5.34577E+0	9.64386E+0
2.58050E+11	1.00919E-7	3.57968E+1	-6.16068E+1	1.93447E+0
2.58125E+11	7.48140E-10	2.71588E+1	4.13878E+0	2.24214E+1
2.58200E+11	1.64413E-13	-1.15793E+1	2.44847E-1	-9.77920E-2
2.58275E+11	5.50865E-13	-1.70300E+1	-7.46165E-2	1.19363E-1
2.58350E+11	5.99957E-13	-3.85842E+1	1.14872E-2	-2.56654E-3
2.58425E+11	1.21447E-13	-6.10405E+1	8.84809E-4	6.38472E-5
2.58500E+11	8.26326E-13	-6.27664E+1	7.74041E-5	7.23114E-4
2.58575E+11	1.31105E-12	-6.50251E+1	6.70589E-5	-5.56695E-4
2.58650E+11	2.81076E-12	-6.32564E+1	4.88826E-4	4.83223E-4
2.58725E+11	3.81694E-12	-6.01116E+1	-8.30096E-4	-5.34379E-4
2.58800E+11	1.73975E-10	-4.07538E+1	-9.14036E-3	-7.21191E-4
2.58875E+11	2.60235E-10	-3.38927E+1	2.01056E-2	1.95825E-3
2.58950E+11	2.75278E-9	-1.41591E+1	1.57363E-1	-1.16684E-1
2.59025E+11	6.95144E-9	2.40914E+0	-3.58075E-1	1.27013E+0
2.59100E+11	7.08577E-9	1.62160E+1	-1.77913E+0	6.21899E+0
2.59175E+11	1.81112E-7	3.87906E+1	-8.67477E+1	-6.65527E+0
2.59250E+11	1.25731E-7	4.83954E+1	1.02375E+2	2.42134E+2
2.59325E+11	1.78901E-6	5.86952E+1	4.24071E+2	-7.48764E+2
2.59400E+11	7.34345E-7	5.92598E+1	-6.68296E+2	6.29825E+2
2.59475E+11	1.25004E-6	6.13525E+1	6.02774E+2	1.00102E+3
2.59550E+11	1.00810E-6	5.72359E+1	2.97171E+2	-6.63968E+2
2.59625E+11	2.68882E-7	5.03352E+1	3.06201E+2	-1.19433E+2
2.59700E+11	1.79537E-6	6.28702E+1	-1.04253E+3	-9.21763E+2
2.59775E+11	3.16427E-7	5.74255E+1	6.20189E+2	-4.10054E+2
2.59850E+11	2.21386E-6	7.15920E+1	-3.79240E+3	2.13515E+2
2.59925E+11	4.08510E-7	5.74793E+1	-6.16318E+2	-4.24044E+2
2.60000E+11	1.31308E-6	6.18064E+1	-1.19935E+3	2.78135E+2
