Position	Channel 1	Channel 2	Channel 3	Channel 4
1.40000E+11	4.36040E-13	-5.58176E+0	6.21478E-2	5.22226E-1
1.40075E+11	1.34058E-12	-1.66421E+0	7.83143E-1	-2.61465E-1
1.40150E+11	1.05426E-12	1.90772E+0	-1.16549E+0	4.39559E-1
1.40225E+11	1.78777E-13	-5.57834E+0	-4.83734E-1	2.06884E-1
1.40300E+11	1.28105E-12	1.15718E+1	-3.44826E+0	-1.57169E+0
1.40375E+11	7.24443E-13	-9.37420E-2	-8.26691E-1	5.43349E-1
1.40450E+11	5.12278E-13	7.89248E+0	-2.28928E+0	-9.56280E-1
1.40525E+11	1.21230E-12	-2.23194E+0	-5.69806E-1	-5.22938E-1
1.40600E+11	1.46918E-12	-1.39304E+1	1.47712E-1	-1.36511E-1
1.40675E+11	5.08209E-12	-1.62101E+1	-2.49972E-2	-1.52669E-1
1.40750E+11	1.14955E-11	-1.72796E+1	-1.13646E-1	-7.61130E-2
1.40825E+11	9.60456E-11	-9.79013E+0	2.00529E-1	2.54439E-1
1.40900E+11	3.86775E-11	-1.23427E+1	-1.82840E-1	-1.57725E-1
1.40975E+11	1.19584E-9	9.61039E+0	-2.13619E+0	2.13977E+0
1.41050E+11	6.32662E-11	-8.17524E+0	-3.16704E-1	2.27860E-1
1.41125E+11	4.31292E-9	1.28829E+0	-1.14926E+0	-1.56626E-1
1.41200E+11	1.02248E-9	-9.76616E+0	-2.22565E-1	2.36636E-1
1.41275E+11	4.38535E-11	-2.13069E+1	1.03869E-2	8.54013E-2
1.41350E+11	4.97499E-12	-3.09729E+1	2.78892E-2	4.63548E-3
1.41425E+11	1.17725E-11	-2.30370E+1	1.02460E-2	-6.97447E-2
1.41500E+11	3.54974E-11	-1.26980E+1	1.89751E-1	1.33124E-1
1.41575E+11	1.12579E-11	-2.05719E+0	-7.27468E-1	3.05767E-1
1.41650E+11	2.01113E-11	4.25527E+0	1.63034E+0	7.71701E-2
1.41725E+11	1.13598E-12	-1.79634E+0	-7.02801E-1	-4.09048E-1
1.41800E+11	2.11989E-12	3.02111E+0	-1.41168E+0	-1.10145E-1
1.41875E+11	1.15004E-12	5.67525E-3	-2.57460E-1	-9.66965E-1
1.41950E+11	1.90585E-12	-2.46123E+0	6.99311E-1	-2.79907E-1
1.42025E+11	1.83596E-13	-3.52845E+0	-5.05399E-1	4.33979E-1
1.42100E+11	1.28622E-12	1.51760E+0	1.00766E+0	6.34737E-1
1.42175E+11	1.92923E-12	1.65408E+1	-6.04198E+0	-2.92997E+0
1.42250E+11	7.94464E-13	-2.67805E+0	6.74735E-1	2.90665E-1
1.42325E+11	3.19563E-12	9.23625E+0	1.68375E+0	-2.35634E+0
1.42400E+11	9.16022E-14	-1.58101E+1	1.34926E-1	-8.96462E-2
1.42475E+11	5.90489E-13	-1.45668E+0	-7.28855E-1	4.28735E-1
1.42550E+11	1.96149E-12	9.69485E+0	2.28225E+0	2.02801E+0
1.42625E+11	1.05147E-12	6.51698E+0	-2.01307E+0	-6.57181E-1
1.42700E+11	3.61577E-12	7.06676E+0	2.16126E+0	-6.46889E-1
1.42775E+11	5.34726E-12	2.45240E+0	-1.07770E+0	-7.72954E-1
1.42850E+11	6.26746E-12	1.00331E+1	2.35417E+0	-2.12940E+0
1.42925E+11	2.21845E-11	9.42990E+0	2.92478E+0	-4.64155E-1
1.43000E+11	5.64215E-11	2.04054E+1	-9.98101E+0	-3.18794E+0
1.43075E+11	2.04985E-11	1.52144E+1	2.38341E+0	-5.24811E+0
1.43150E+11	1.70455E-12	-1.11814E+1	2.72870E-1	4.15362E-2
1.43225E+11	4.32455E-13	-2.39338E+1	4.02792E-2	-4.91916E-2
1.43300E+11	6.36743E-13	-2.38750E+1	-4.59370E-2	-4.45766E-2
1.43375E+11	8.30624E-13	-2.75389E+1	-2.89755E-2	-3.03782E-2
1.43450E+11	8.51687E-13	-2.45668E+1	-5.50925E-2	-2.14198E-2
1.43525E+11	4.30783E-13	-2.49093E+1	5.38551E-2	1.81282E-2
1.43600E+11	3.64834E-13	-1.86138E+1	9.20882E-2	7.26633E-2
1.43675E+11	1.52054E-14	-2.37824E+1	4.00165E-2	-5.08360E-2
1.43750E+11	1.87164E-13	-1.51669E+1	-6.55126E-2	1.61675E-1
1.43825E+11	3.51056E-12	-2.82231E+0	-6.88134E-1	2.20431E-1
1.43900E+11	1.02641E-11	-2.00599E+0	4.58182E-1	6.48196E-1
1.43975E+11	5.34580E-12	-5.33825E+0	2.70210E-1	-4.68529E-1
1.44050E+11	6.86926E-13	-1.73889E+1	-8.13445E-2	1.07828E-1
1.44125E+11	3.49141E-11	-5.73907E+0	4.01095E-1	-3.25370E-1
1.44200E+11	3.52098E-11	-9.81668E+0	-1.37316E-1	-2.92328E-1
1.44275E+11	1.48771E-10	-9.67946E+0	-2.28020E-1	2.35938E-1
1.44350E+11	9.85493E-11	-1.57472E+1	1.61360E-1	2.42397E-2
1.44425E+11	6.78534E-10	-1.14541E+1	2.25241E-1	-1.44269E-1
1.44500E+11	6.94967E-10	-1.59772E+1	-1.58657E-1	8.87436E-3
1.44575E+11	1.43492E-9	-1.60458E+1	-2.99323E-2	1.54789E-1
1.44650E+11	1.17056E-9	-1.78981E+1	-6.73249E-2	-1.08132E-1
1.44725E+11	1.19688E-9	-1.82675E+1	-3.00106E-2	-1.18328E-1
1.44800E+11	4.33792E-9	-1.36884E+1	-1.41113E-1	1.51192E-1
1.44875E+11	8.83246E-9	-1.10382E+1	1.24225E-1	2.51607E-1
1.44950E+11	6.43615E-8	-2.88181E+0	4.05088E-1	-5.92383E-1
1.45025E+11	2.39983E-8	-1.02058E+1	-1.86074E-1	2.46471E-1
1.45100E+11	1.27535E-7	-5.95253E+0	4.76321E-1	1.64523E-1
1.45175E+11	1.18702E-7	-9.30497E+0	-2.23200E-1	-2.59880E-1
1.45250E+11	1.26155E-7	-1.18618E+1	-6.96044E-2	2.45541E-1
1.45325E+11	2.47467E-7	-1.17256E+1	2.48599E-1	7.35486E-2
1.45400E+11	2.53902E-7	-1.36374E+1	6.80233E-2	-1.96597E-1
1.45475E+11	1.82301E-6	-6.33307E+0	-4.82143E-1	-1.35175E-2
1.45550E+11	2.06091E-6	-6.79767E+0	-4.16972E-1	1.87553E-1
1.45625E+11	1.14414E-5	-5.03332E-1	2.88896E-1	8.98391E-1
1.45700E+11	2.89283E-6	-7.62782E+0	3.85036E-1	-1.56260E-1
1.45775E+11	5.71821E-6	-5.66410E+0	-1.38581E-2	-5.20764E-1
1.45850E+11	1.74268E-6	-1.13947E+1	-1.47294E-1	2.25471E-1
1.45925E+11	1.52681E-7	-2.23337E+1	7.54957E-2	1.19705E-2
1.46000E+11	2.80267E-7	-1.82431E+1	-9.47746E-2	7.74841E-2
1.46075E+11	6.57802E-8	-2.80090E+1	3.84998E-2	-9.96843E-3
1.46150E+11	1.60910E-7	-2.57621E+1	-5.08380E-2	-8.29652E-3
1.46225E+11	1.91416E-8	-3.38767E+1	-6.79239E-4	2.02265E-2
1.46300E+11	4.09561E-8	-2.65253E+1	4.57703E-2	-1.14367E-2
1.46375E+11	1.34148E-8	-2.82640E+1	-3.39499E-2	-1.84074E-2
1.46450E+11	1.63435E-8	-2.71216E+1	-1.35728E-2	4.19038E-2
1.46525E+11	1.77791E-8	-2.56053E+1	3.10833E-2	-4.22455E-2
1.46600E+11	8.91684E-9	-2.65641E+1	-2.91326E-2	-3.68401E-2
1.46675E+11	2.48020E-8	-2.02840E+1	5.36206E-2	8.05724E-2
1.46750E+11	7.54935E-9	-2.46735E+1	1.11031E-2	-5.73226E-2
1.46825E+11	3.93969E-8	-1.69353E+1	-9.33603E-2	1.07406E-1
1.46900E+11	1.38991E-8	-2.15064E+1	8.12350E-2	2.16764E-2
1.46975E+11	3.83912E-8	-1.73087E+1	3.05774E-2	-1.32848E-1
1.47050E+11	2.93396E-8	-1.83470E+1	-9.51628E-2	7.46723E-2
1.47125E+11	2.00254E-8	-1.94362E+1	2.51560E-2	1.03698E-1
1.47200E+11	3.15032E-8	-1.59384E+1	-1.98396E-3	-1.59605E-1
1.47275E+11	1.49139E-8	-1.73190E+1	-1.33583E-1	-2.63696E-2
1.47350E+11	1.23134E-8	-1.58831E+1	1.42852E-1	7.34655E-2
1.47425E+11	9.62439E-9	-1.42784E+1	1.48759E-1	-1.23329E-1
1.47500E+11	9.31416E-9	-1.39195E+1	-1.92764E-1	-5.82903E-2
1.47575E+11	9.00058E-9	-1.55122E+1	3.19953E-2	1.64563E-1
1.47650E+11	8.52814E-9	-1.72953E+1	1.31651E-1	-3.61799E-2
1.47725E+11	1.08352E-8	-1.72967E+1	-1.36085E-1	1.07737E-2
1.47800E+11	6.81902E-9	-1.95232E+1	-1.06447E-3	1.05638E-1
1.47875E+11	1.73423E-8	-1.46993E+1	1.21676E-1	-1.38148E-1
1.47950E+11	1.50005E-8	-1.49369E+1	-1.27496E-1	-1.25820E-1
1.48025E+11	5.29819E-8	-9.29591E+0	-7.88524E-2	3.33740E-1
1.48100E+11	1.87242E-8	-1.37390E+1	2.05301E-1	-1.13173E-2
1.48175E+11	7.67036E-8	-7.76444E+0	7.80255E-2	-4.01541E-1
1.48250E+11	4.64746E-8	-1.09658E+1	-2.78158E-1	-5.18452E-2
1.48325E+11	2.97698E-7	-4.10037E+0	-3.90917E-1	4.86000E-1
1.48400E+11	2.81677E-7	-5.57024E+0	5.24402E-1	-4.81533E-2
1.48475E+11	3.11834E-7	-6.69170E+0	1.85575E-1	-4.23990E-1
1.48550E+11	6.45947E-7	-5.62300E+0	-4.67384E-1	2.35628E-1
1.48625E+11	3.83570E-7	-9.84126E+0	1.23328E-1	2.97511E-1
1.48700E+11	1.06926E-6	-6.10876E+0	1.71929E-1	-4.64130E-1
1.48775E+11	1.09190E-7	-1.78212E+1	-7.36778E-2	1.05293E-1
1.48850E+11	1.51229E-7	-1.94694E+1	1.05417E-1	-1.36679E-2
1.48925E+11	1.44679E-8	-3.19078E+1	-2.31303E-2	-1.04632E-2
1.49000E+11	8.51342E-9	-3.51317E+1	-3.99221E-3	1.70541E-2
1.49075E+11	1.48861E-9	-4.20331E+1	-1.95005E-4	-7.91067E-3
1.49150E+11	3.13240E-10	-4.60176E+1	-4.91978E-3	9.01780E-4
1.49225E+11	4.42387E-10	-4.10904E+1	8.78926E-3	7.38934E-4
1.49300E+11	3.96030E-11	-4.81621E+1	-4.18252E-4	-3.88501E-3
1.49375E+11	2.68895E-10	-3.76970E+1	-1.13892E-2	6.34253E-3
1.49450E+11	3.84386E-11	-4.44897E+1	5.92683E-3	-6.62109E-4
1.49525E+11	1.28070E-10	-3.81277E+1	1.97237E-3	-1.22477E-2
1.49600E+11	1.05310E-10	-3.88146E+1	-2.65182E-3	1.11513E-2
1.49675E+11	2.64955E-10	-3.44606E+1	1.72183E-2	7.84709E-3
1.49750E+11	1.42446E-9	-2.71523E+1	-3.55978E-2	-2.56770E-2
1.49825E+11	2.43668E-9	-2.52450E+1	-4.20336E-2	3.49568E-2
1.49900E+11	4.05008E-8	-1.33081E+1	2.10193E-1	-5.00525E-2
1.49975E+11	3.73694E-8	-1.44456E+1	-1.02270E-1	-1.59591E-1
1.50050E+11	7.89822E-7	-1.63061E+0	-2.51084E-1	7.89892E-1
1.50125E+11	2.90158E-7	-6.12547E+0	3.82660E-1	-3.12420E-1
1.50200E+11	4.48023E-7	-3.43018E+0	-6.10068E-1	-2.85901E-1
1.50275E+11	4.11057E-7	-2.39238E+0	7.35995E-1	1.86448E-1
1.50350E+11	4.68693E-7	5.28926E-1	3.65632E-1	-9.97913E-1
1.50425E+11	1.49731E-6	9.04373E+0	-1.92521E+0	2.07780E+0
1.50500E+11	7.86599E-7	9.94035E+0	6.22407E-3	3.14063E+0
1.50575E+11	3.50741E-6	1.15109E+1	3.18340E+0	-2.00666E+0
1.50650E+11	9.89239E-7	2.81051E+0	-5.01517E-1	-1.28785E+0
1.50725E+11	3.06566E-6	4.52252E+0	-1.39803E+0	9.37306E-1
1.50800E+11	1.62034E-6	-1.23024E+0	8.14573E-1	2.99641E-1
1.50875E+11	2.76864E-6	-1.83181E+0	4.95614E-1	-6.40499E-1
1.50950E+11	3.36342E-6	-3.09659E+0	-6.59592E-1	2.34738E-1
1.51025E+11	3.04008E-6	-4.21497E+0	-3.44603E-1	5.10029E-1
1.51100E+11	1.90882E-5	4.15167E+0	1.57650E+0	3.40287E-1
1.51175E+11	1.88088E-5	2.02602E+0	4.39558E-1	-1.18373E+0
1.51250E+11	6.20858E-5	4.23780E+0	-1.62463E+0	1.17620E-1
1.51325E+11	2.66964E-5	-2.28800E+0	1.83093E-1	7.46291E-1
1.51400E+11	6.91145E-5	-1.08411E+0	7.49018E-1	-4.66974E-1
1.51475E+11	8.98299E-6	-1.25185E+1	-2.35629E-1	2.17792E-2
1.51550E+11	3.64468E-6	-1.86010E+1	1.74662E-2	1.16171E-1
1.51625E+11	1.86903E-7	-3.26668E+1	-5.73095E-3	-2.25458E-2
1.51700E+11	4.22739E-9	-4.93046E+1	-3.09864E-3	1.46116E-3
1.51775E+11	3.47034E-10	-5.89684E+1	9.81962E-4	-5.51243E-4
1.51850E+11	3.54538E-12	-7.59788E+1	-1.06701E-4	-1.17714E-4
1.51925E+11	4.85001E-13	-7.97985E+1	1.00410E-4	1.98170E-5
1.52000E+11	2.53987E-13	-7.59305E+1	-1.11810E-4	-1.14118E-4
1.52075E+11	1.05903E-13	-7.07349E+1	-1.08656E-4	-2.69492E-4
1.52150E+11	1.67548E-13	-6.29607E+1	-6.41459E-4	3.07049E-4
1.52225E+11	1.17511E-13	-5.92852E+1	3.73672E-4	1.01945E-3
1.52300E+11	4.35949E-14	-5.82181E+1	3.89990E-4	1.16411E-3
1.52375E+11	3.05729E-14	-5.35762E+1	1.75327E-3	1.14679E-3
1.52450E+11	3.50097E-14	-5.30700E+1	1.56853E-3	1.57208E-3
1.52525E+11	1.84968E-12	-3.67749E+1	-1.33952E-2	5.54135E-3
1.52600E+11	6.39407E-13	-4.04825E+1	8.30522E-3	-4.52857E-3
1.52675E+11	3.18441E-13	-4.42416E+1	-1.41788E-3	-5.97047E-3
1.52750E+11	6.77810E-13	-3.58714E+1	-6.50918E-3	1.47094E-2
1.52825E+11	4.22402E-14	-4.45229E+1	4.31054E-3	4.08825E-3
1.52900E+11	2.62412E-13	-3.77093E+1	-1.03551E-2	-7.88889E-3
1.52975E+11	1.28692E-12	-3.25843E+1	1.96979E-2	1.27877E-2
1.53050E+11	5.44475E-13	-3.88487E+1	8.05601E-3	-8.09049E-3
1.53125E+11	2.15685E-12	-3.31258E+1	1.86408E-2	-1.18070E-2
1.53200E+11	4.92792E-13	-3.78158E+1	8.64869E-3	9.51600E-3
1.53275E+11	2.63481E-11	-1.59269E+1	-9.67952E-2	1.27185E-1
1.53350E+11	5.01334E-12	-9.87272E+0	2.80827E-1	-1.55275E-1
1.53425E+11	1.65545E-12	-1.14822E+1	-7.27556E-2	-2.56498E-1
1.53500E+11	2.50249E-11	8.25409E+0	2.20822E+0	1.34666E+0
1.53575E+11	5.91627E-10	1.97528E+1	9.01203E+0	-3.64002E+0
1.53650E+11	2.18493E-9	3.69193E+1	3.25189E+1	-6.21456E+1
1.53725E+11	3.72909E-10	2.87756E+1	-1.26711E+1	-2.43674E+1
1.53800E+11	2.31287E-10	2.46614E+1	-1.20876E+1	-1.20995E+1
1.53875E+11	1.42337E-11	1.38365E+1	-3.03811E+0	3.86788E+0
1.53950E+11	1.23003E-11	1.32216E+1	3.20912E+0	3.27085E+0
1.54025E+11	1.55178E-12	-2.08823E-1	-7.61624E-2	9.73270E-1
1.54100E+11	9.41122E-12	6.65317E+0	2.07836E+0	5.54640E-1
1.54175E+11	5.38390E-11	1.52395E+1	-1.39808E+0	-5.60898E+0
1.54250E+11	5.58019E-10	2.83236E+1	-1.79000E+1	1.89566E+1
1.54325E+11	3.04081E-8	3.16249E+1	3.79577E+1	-3.59831E+0
1.54400E+11	3.79242E-8	1.98204E+1	5.05901E+0	-8.38779E+0
1.54475E+11	1.98858E-7	1.06898E+1	-2.95190E+0	-1.73427E+0
1.54550E+11	6.78458E-9	-1.73300E+1	-5.98064E-2	1.22131E-1
1.54625E+11	1.69371E-10	-4.34587E+1	4.94787E-3	4.54025E-3
1.54700E+11	1.51526E-12	-7.07401E+1	-9.52046E-5	-2.74348E-4
1.54775E+11	8.53323E-13	-7.68325E+1	-2.06315E-5	-1.42518E-4
1.54850E+11	1.39590E-12	-7.68535E+1	1.08526E-4	-9.41236E-5
1.54925E+11	8.11073E-13	-8.05116E+1	-8.46306E-5	4.15504E-5
1.55000E+11	7.24718E-13	-8.19198E+1	3.09163E-5	-7.39690E-5
1.55075E+11	1.03361E-12	-8.02251E+1	6.18328E-5	-7.53107E-5
1.55150E+11	3.27477E-12	-7.37292E+1	-2.94528E-5	2.03726E-4
1.55225E+11	9.02590E-13	-7.71943E+1	-3.50463E-5	-1.33609E-4
1.55300E+11	1.14511E-13	-8.38578E+1	5.72634E-5	2.88881E-5
1.55375E+11	6.23600E-13	-7.42175E+1	-6.39395E-5	1.83788E-4
1.55450E+11	2.11038E-12	-6.68793E+1	3.10975E-4	-3.29310E-4
1.55525E+11	3.99269E-12	-6.25030E+1	-7.41767E-4	-1.08352E-4
1.55600E+11	7.57368E-13	-6.77771E+1	9.06030E-5	-3.98281E-4
1.55675E+11	1.32581E-13	-7.42802E+1	-9.01242E-5	1.70884E-4
1.55750E+11	7.07062E-14	-7.58613E+1	-1.15578E-4	-1.12142E-4
1.55825E+11	9.92737E-13	-6.25427E+1	-6.53151E-4	3.60876E-4
1.55900E+11	1.49684E-12	-5.89648E+1	4.71365E-4	-1.02322E-3
1.55975E+11	3.01430E-14	-7.42503E+1	-1.80970E-4	-6.95039E-5
1.56050E+11	4.28543E-13	-6.15011E+1	-3.33627E-4	7.72310E-4
1.56125E+11	1.79888E-12	-5.18771E+1	-1.23179E-3	-2.23012E-3
1.56200E+11	5.53177E-13	-4.98694E+1	-2.71946E-3	1.70580E-3
1.56275E+11	2.23351E-12	-4.50610E+1	5.53689E-3	-7.24148E-4
1.56350E+11	2.02380E-13	-5.73583E+1	1.34389E-3	1.76706E-4
1.56425E+11	7.40822E-13	-5.82054E+1	-7.78211E-4	-9.51869E-4
1.56500E+11	4.26686E-14	-7.60057E+1	1.04969E-4	-1.18608E-4
1.56575E+11	1.55775E-13	-7.45892E+1	1.23032E-4	-1.40083E-4
1.56650E+11	3.53249E-13	-7.52331E+1	-1.55152E-4	7.67983E-5
1.56725E+11	1.11601E-12	-7.36374E+1	-1.32203E-4	-1.60624E-4
1.56800E+11	1.67318E-12	-7.45627E+1	-1.67855E-4	-8.24466E-5
1.56875E+11	3.55347E-13	-8.36481E+1	3.70793E-5	-5.42419E-5
1.56950E+11	1.79202E-12	-7.74101E+1	-3.99026E-5	1.28696E-4
1.57025E+11	3.96338E-10	-5.35454E+1	1.26234E-3	-1.68134E-3
1.57100E+11	8.43459E-9	-4.16871E+1	-8.10658E-3	1.44665E-3
1.57175E+11	9.75721E-7	-2.43964E+1	4.80491E-2	3.64018E-2
1.57250E+11	2.37552E-6	-2.33623E+1	-2.71358E-2	-6.22443E-2
1.57325E+11	2.00971E-5	-1.71494E+1	-1.38469E-1	-1.02100E-2
1.57400E+11	7.73773E-5	-1.34689E+1	1.60018E-1	1.39227E-1
1.57475E+11	3.86407E-5	-1.73653E+1	1.35408E-1	-2.80206E-3
1.57550E+11	1.76327E-4	-9.78261E+0	-2.20351E-1	-2.37863E-1
1.57625E+11	5.82706E-5	-1.59648E+1	-5.51965E-2	1.49253E-1
1.57700E+11	1.79781E-4	-1.16217E+1	2.62350E-1	-3.32611E-3
1.57775E+11	8.50640E-5	-1.46925E+1	-1.40114E-1	-1.19628E-1
1.57850E+11	1.37447E-4	-1.34525E+1	-1.35783E-1	1.63471E-1
1.57925E+11	1.02629E-4	-1.50538E+1	1.75331E-1	-2.21964E-2
1.58000E+11	1.07825E-4	-1.49061E+1	-1.64782E-2	-1.79003E-1
1.58075E+11	1.20865E-4	-1.39247E+1	-9.68167E-2	1.76448E-1
1.58150E+11	8.16825E-5	-1.50559E+1	1.65435E-1	6.20438E-2
1.58225E+11	1.98334E-4	-1.07711E+1	-1.72535E-1	-2.32299E-1
1.58300E+11	6.29622E-5	-1.53258E+1	-9.70213E-2	1.41152E-1
1.58375E+11	1.49461E-4	-1.10387E+1	2.44249E-1	1.38098E-1
1.58450E+11	5.01712E-5	-1.61645E+1	-8.54750E-2	-1.29920E-1
1.58525E+11	4.49412E-5	-1.66686E+1	-1.10811E-1	9.62070E-2
1.58600E+11	3.11171E-5	-1.80369E+1	1.18255E-1	-4.15993E-2
1.58675E+11	1.88207E-5	-2.00795E+1	-5.10707E-2	-8.49145E-2
1.58750E+11	2.63406E-5	-1.83822E+1	-1.63644E-3	1.20461E-1
1.58825E+11	9.95701E-6	-2.23121E+1	7.63027E-2	7.06897E-3
1.58900E+11	4.79470E-5	-1.50057E+1	-7.44953E-2	-1.61343E-1
1.58975E+11	1.06602E-5	-2.04107E+1	3.56000E-3	9.53150E-2
1.59050E+11	3.95580E-5	-1.52842E+1	1.71742E-1	1.11369E-2
1.59125E+11	2.24401E-5	-1.64253E+1	-1.47712E-1	-3.09318E-2
1.59200E+11	2.56972E-5	-1.66160E+1	-5.28317E-2	1.37863E-1
1.59275E+11	4.93056E-5	-1.40666E+1	1.56684E-1	-1.21059E-1
1.59350E+11	3.12355E-5	-1.59359E+1	-1.06831E-1	1.18656E-1
1.59425E+11	5.91864E-5	-1.32722E+1	2.16818E-1	-7.98862E-3
1.59500E+11	2.27449E-5	-1.67725E+1	-1.04721E-1	-1.00294E-1
1.59575E+11	1.93049E-5	-1.77154E+1	-8.63555E-2	9.72889E-2
1.59650E+11	1.23892E-5	-1.95872E+1	9.67431E-2	4.04711E-2
1.59725E+11	2.00247E-5	-1.71050E+1	9.78159E-2	-9.95401E-2
1.59800E+11	2.98382E-5	-1.47348E+1	-1.81536E-1	2.56706E-2
1.59875E+11	1.65499E-5	-1.54561E+1	1.03232E-2	1.68415E-1
1.59950E+11	4.57299E-5	-9.13794E+0	1.24604E-1	-3.26237E-1
1.60025E+11	1.85388E-5	-1.23006E+1	-2.41406E-1	2.44755E-2
1.60100E+11	5.64010E-5	-8.93913E+0	2.37405E-1	2.67036E-1
1.60175E+11	2.35895E-5	-1.47646E+1	3.49077E-2	-1.79349E-1
1.60250E+11	3.66408E-5	-1.38242E+1	-2.02614E-1	-2.00836E-2
1.60325E+11	2.81595E-5	-1.44270E+1	1.54666E-1	1.10279E-1
1.60400E+11	1.71141E-5	-1.72141E+1	4.10729E-2	-1.31552E-1
1.60475E+11	2.02075E-5	-1.67237E+1	-1.25869E-1	7.36239E-2
1.60550E+11	1.00072E-5	-1.97331E+1	4.90615E-2	9.07014E-2
1.60625E+11	2.39521E-5	-1.55010E+1	1.28997E-1	-1.07411E-1
1.60700E+11	1.10043E-5	-1.83900E+1	-9.55901E-2	-7.31455E-2
1.60775E+11	2.98821E-5	-1.27389E+1	-6.08579E-2	2.22533E-1
1.60850E+11	1.73638E-5	-1.35057E+1	1.56888E-1	-1.41406E-1
1.60925E+11	2.07141E-5	-1.38803E+1	-1.89940E-1	-6.96123E-2
1.61000E+11	2.98879E-5	-1.35788E+1	8.71509E-2	1.90445E-1
1.61075E+11	2.02689E-5	-1.60972E+1	1.47649E-1	-5.25599E-2
1.61150E+11	3.87764E-5	-1.40280E+1	-1.86140E-1	-7.00475E-2
1.61225E+11	2.32924E-5	-1.64970E+1	-6.30249E-3	1.49542E-1
1.61300E+11	3.97304E-5	-1.43766E+1	1.51718E-1	-1.16127E-1
1.61375E+11	2.97160E-5	-1.57743E+1	-1.57502E-1	-4.06479E-2
1.61450E+11	3.80210E-5	-1.41897E+1	-3.33987E-2	1.92337E-1
1.61525E+11	3.84819E-5	-1.38710E+1	1.79733E-1	-9.33105E-2
1.61600E+11	3.15208E-5	-1.49087E+1	-1.33863E-1	-1.19897E-1
1.61675E+11	4.98518E-5	-1.28694E+1	4.48545E-2	2.22793E-1
1.61750E+11	2.78310E-5	-1.52130E+1	1.25817E-1	-1.19496E-1
1.61825E+11	5.82672E-5	-1.19912E+1	-2.50945E-1	-1.58184E-2
1.61900E+11	3.65224E-5	-1.43272E+1	5.84240E-2	1.83051E-1
1.61975E+11	3.39231E-5	-1.52071E+1	1.36323E-1	-1.07547E-1
1.62050E+11	4.58797E-5	-1.42856E+1	-1.92655E-1	-1.26919E-2
1.62125E+11	3.01991E-5	-1.65101E+1	3.91746E-2	1.44224E-1
1.62200E+11	5.13378E-5	-1.43146E+1	8.96510E-2	-1.70268E-1
1.62275E+11	2.72438E-5	-1.74824E+1	-1.15810E-1	-6.66584E-2
1.62350E+11	9.09576E-5	-1.21590E+1	-2.10222E-2	2.45734E-1
1.62425E+11	3.40073E-5	-1.61281E+1	1.55156E-1	-1.77560E-2
1.62500E+11	1.37076E-4	-9.82683E+0	-2.31615E-1	-2.24549E-1
1.62575E+11	5.15053E-5	-1.32503E+1	8.89669E-2	1.98487E-1
1.62650E+11	1.00629E-4	-9.61368E+0	2.47132E-1	-2.19610E-1
1.62725E+11	8.59055E-5	-1.08933E+1	-2.65391E-1	1.04764E-1
1.62800E+11	6.81993E-5	-1.24298E+1	4.33479E-2	2.35099E-1
1.62875E+11	1.24308E-4	-9.56237E+0	2.22692E-1	-2.47003E-1
1.62950E+11	7.79519E-5	-1.17785E+1	-2.45872E-1	-7.70955E-2
1.63025E+11	1.93162E-4	-7.65761E+0	1.74637E-1	3.75489E-1
1.63100E+11	1.03816E-4	-8.72402E+0	2.05828E-1	-3.02964E-1
1.63175E+11	1.64883E-4	-6.88963E+0	-4.44329E-1	-8.50506E-2
1.63250E+11	9.64941E-5	-9.16491E+0	1.01408E-1	3.33044E-1
1.63325E+11	1.04672E-4	-8.80213E+0	3.62534E-1	1.81767E-2
1.63400E+11	1.43223E-4	-7.30547E+0	-3.30880E-1	-2.76574E-1
1.63475E+11	8.26975E-5	-8.89316E+0	-2.53329E-1	2.54661E-1
1.63550E+11	2.07987E-4	-2.70349E+0	7.26130E-1	9.66188E-2
1.63625E+11	9.11575E-5	-5.35377E+0	-1.12466E-1	-5.28054E-1
1.63700E+11	2.19301E-4	-1.86893E+0	-6.49356E-1	4.78150E-1
1.63775E+11	9.21082E-5	-6.31052E+0	4.68517E-1	1.19780E-1
1.63850E+11	1.66645E-4	-4.53779E+0	-6.73960E-2	-5.89234E-1
1.63925E+11	1.07473E-4	-6.72284E+0	-2.22340E-1	4.04029E-1
1.64000E+11	1.41921E-4	-5.03545E+0	4.71562E-1	3.02135E-1
1.64075E+11	1.90739E-4	-3.01641E+0	-1.75389E-1	-6.84497E-1
1.64150E+11	1.17295E-4	-5.37958E+0	-5.35386E-1	5.58968E-2
1.64225E+11	2.24678E-4	-4.53462E+0	3.15435E-1	5.02491E-1
1.64300E+11	1.21772E-4	-9.33506E+0	2.51927E-1	-2.30386E-1
1.64375E+11	1.57081E-4	-8.41317E+0	-3.45512E-1	-1.57250E-1
1.64450E+11	1.53541E-4	-8.50634E+0	-5.57965E-2	3.71395E-1
1.64525E+11	1.21914E-4	-1.11183E+1	2.77083E-1	-2.28896E-2
1.64600E+11	1.55732E-4	-1.12926E+1	-1.75730E-1	-2.08270E-1
1.64675E+11	9.46386E-5	-1.45927E+1	-8.23132E-2	1.67203E-1
1.64750E+11	1.17078E-4	-1.45334E+1	1.84258E-1	-3.54804E-2
1.64825E+11	7.20531E-5	-1.70137E+1	-9.71042E-2	-1.02277E-1
1.64900E+11	8.52555E-5	-1.64537E+1	-5.21938E-2	1.41079E-1
1.64975E+11	4.81600E-5	-1.88627E+1	1.13175E-1	-1.36109E-2
1.65050E+11	8.94306E-5	-1.57161E+1	-4.28750E-2	-1.58042E-1
1.65125E+11	1.00017E-4	-1.45249E+1	-1.14449E-1	1.48929E-1
1.65200E+11	7.93661E-5	-1.47740E+1	1.74146E-1	5.46392E-2
1.65275E+11	1.79099E-4	-1.06697E+1	-1.97947E-1	-2.15699E-1
1.65350E+11	9.87728E-5	-1.25752E+1	-5.84923E-2	2.27701E-1
1.65425E+11	1.58285E-4	-1.07332E+1	2.15517E-1	-1.94982E-1
1.65500E+11	1.19719E-4	-1.30673E+1	-2.05297E-1	-8.48632E-2
1.65575E+11	1.18165E-4	-1.36585E+1	-1.49078E-2	2.06991E-1
1.65650E+11	1.10305E-4	-1.43447E+1	1.72122E-1	-8.45397E-2
1.65725E+11	1.26437E-4	-1.39547E+1	-1.72032E-1	-1.03116E-1
1.65800E+11	1.33361E-4	-1.36666E+1	6.76381E-2	1.95990E-1
1.65875E+11	1.01284E-4	-1.47336E+1	1.39226E-1	-1.19329E-1
1.65950E+11	1.69598E-4	-1.20098E+1	-2.48334E-1	-3.58271E-2
1.66025E+11	1.13207E-4	-1.33186E+1	-9.35253E-3	2.15607E-1
1.66100E+11	2.06701E-4	-9.81355E+0	2.69722E-1	-1.77867E-1
1.66175E+11	1.45192E-4	-1.04653E+1	-2.97153E-1	-3.92499E-2
1.66250E+11	1.89833E-4	-8.00989E+0	1.83126E-1	3.52978E-1
1.66325E+11	1.53735E-4	-7.16489E+0	1.80143E-1	-3.99551E-1
1.66400E+11	1.28240E-4	-6.18601E+0	-4.43188E-1	-2.10337E-1
1.66475E+11	6.99497E-5	-8.13382E+0	4.17031E-2	3.89796E-1
1.66550E+11	5.96484E-5	-7.59439E+0	4.02448E-1	-1.09727E-1
1.66625E+11	1.75681E-4	-9.60185E-2	-9.01230E-1	-4.07330E-1
1.66700E+11	5.74429E-5	-1.72820E+0	2.42677E-1	7.82825E-1
1.66775E+11	1.92447E-4	4.33663E+0	1.49866E+0	-6.84364E-1
1.66850E+11	8.67486E-5	2.70767E+0	-1.25167E+0	-5.46525E-1
1.66925E+11	1.38829E-4	5.28752E+0	-1.09977E+0	1.47283E+0
1.67000E+11	1.31705E-4	4.20071E+0	1.53011E+0	-5.38029E-1
1.67075E+11	1.39046E-4	3.92596E+0	-8.18533E-1	-1.34143E+0
1.67150E+11	2.02710E-4	5.45801E+0	-4.08088E-1	1.82961E+0
1.67225E+11	7.00474E-5	1.50746E+0	1.18927E+0	2.47142E-2
1.67300E+11	1.71611E-4	9.23103E+0	-1.35013E+0	-2.56016E+0
1.67375E+11	6.81019E-5	5.87180E+0	-1.62388E+0	1.10829E+0
1.67450E+11	1.87919E-4	9.79315E+0	2.10307E+0	2.26097E+0
1.67525E+11	9.83019E-5	6.18941E+0	-5.91034E-1	-1.95172E+0
1.67600E+11	1.39689E-4	6.99699E+0	-2.17251E+0	5.37234E-1
1.67675E+11	1.61395E-4	6.85996E+0	1.97746E+0	9.70813E-1
1.67750E+11	1.16964E-4	5.25604E+0	1.12991E+0	-1.44140E+0
1.67825E+11	2.14314E-4	7.25447E+0	-2.06971E+0	-1.01520E+0
1.67900E+11	1.27502E-4	3.88521E+0	-7.29369E-2	1.56238E+0
1.67975E+11	1.66485E-4	5.20074E+0	1.65552E+0	-7.55723E-1
1.68050E+11	1.49986E-4	2.96934E+0	-1.08100E+0	-9.01483E-1
1.68125E+11	1.21960E-4	6.14791E-1	-5.42539E-1	9.26133E-1
1.68200E+11	1.36834E-4	2.39849E+0	1.22235E+0	4.93000E-1
1.68275E+11	1.08924E-4	-2.04458E-1	3.18784E-1	-9.23250E-1
1.68350E+11	2.02471E-4	-2.02753E-1	-8.61211E-1	4.61198E-1
1.68425E+11	1.11994E-4	-2.72637E+0	4.86185E-1	5.45349E-1
1.68500E+11	2.22947E-4	7.32250E-1	1.32928E-1	-1.07981E+0
1.68575E+11	1.16701E-4	-3.63315E+0	-6.56577E-1	4.58531E-2
1.68650E+11	1.39487E-4	-4.41164E+0	1.81762E-1	5.73645E-1
1.68725E+11	1.46246E-4	-6.64646E+0	3.12324E-1	-3.44821E-1
1.68800E+11	1.09168E-4	-9.71069E+0	-3.08827E-1	-1.07304E-1
1.68875E+11	1.49269E-4	-9.39732E+0	1.91620E-1	2.79585E-1
1.68950E+11	1.05390E-4	-1.17836E+1	1.44900E-1	-2.12895E-1
1.69025E+11	1.25096E-4	-1.15905E+1	-2.61142E-1	-3.37560E-2
1.69100E+11	1.06637E-4	-1.29671E+1	1.89921E-2	2.23919E-1
1.69175E+11	1.20454E-4	-1.29105E+1	1.79553E-1	-1.37559E-1
1.69250E+11	9.11858E-5	-1.44687E+1	-1.81163E-1	-5.40167E-2
1.69325E+11	9.67536E-5	-1.44608E+1	5.81584E-2	1.80058E-1
1.69400E+11	1.42704E-4	-1.29581E+1	1.15717E-1	-1.92909E-1
1.69475E+11	8.99757E-5	-1.48490E+1	-1.69222E-1	-6.40767E-2
1.69550E+11	1.58450E-4	-1.22341E+1	5.91264E-2	2.37252E-1
1.69625E+11	1.14061E-4	-1.39071E+1	1.66954E-1	-1.13127E-1
1.69700E+11	1.41257E-4	-1.29758E+1	-2.20020E-1	-4.46048E-2
1.69775E+11	1.34315E-4	-1.29861E+1	9.16147E-2	2.04662E-1
1.69850E+11	1.37229E-4	-1.26140E+1	1.20588E-1	-2.00590E-1
1.69925E+11	1.36979E-4	-1.20799E+1	-2.48873E-1	-2.68863E-3
1.70000E+11	1.19009E-4	-1.20673E+1	2.33817E-2	2.48152E-1
1.70075E+11	2.03191E-4	-9.27410E+0	2.36851E-1	-2.49187E-1
1.70150E+11	1.21738E-4	-1.06053E+1	-2.55270E-1	-1.47742E-1
1.70225E+11	2.58514E-4	-7.07753E+0	8.18302E-2	4.35086E-1
1.70300E+11	1.16681E-4	-1.02437E+1	1.96950E-1	-2.36122E-1
1.70375E+11	2.15851E-4	-6.91859E+0	-4.22496E-1	-1.57477E-1
1.70450E+11	1.16759E-4	-9.06633E+0	1.87243E-1	2.98202E-1
1.70525E+11	1.49704E-4	-7.66507E+0	2.95374E-1	-2.89741E-1
1.70600E+11	1.04532E-4	-8.87454E+0	-3.51134E-1	7.92939E-2
1.70675E+11	8.75892E-5	-9.19952E+0	1.33649E-1	3.19965E-1
1.70750E+11	1.18168E-4	-7.62961E+0	1.24562E-1	-3.96338E-1
1.70825E+11	4.45419E-5	-1.17090E+1	-2.57268E-1	-3.57997E-2
1.70900E+11	1.32726E-4	-7.32960E+0	1.02449E-1	4.17670E-1
1.70975E+11	3.66473E-5	-1.29096E+1	1.27421E-1	-1.86915E-1
1.71050E+11	7.50330E-5	-1.01124E+1	-2.65208E-1	-1.64648E-1
1.71125E+11	3.47366E-5	-1.35141E+1	1.48729E-1	1.49677E-1
1.71200E+11	4.34684E-5	-1.25167E+1	1.66084E-1	-1.68626E-1
1.71275E+11	5.50451E-5	-1.10042E+1	-2.70936E-1	7.71398E-2
1.71350E+11	3.21126E-5	-1.33502E+1	5.99497E-2	2.06499E-1
1.71425E+11	9.22755E-5	-8.46043E+0	2.62666E-1	-2.71207E-1
1.71500E+11	3.33285E-5	-1.30663E+1	-2.16933E-1	-4.79541E-2
1.71575E+11	8.58661E-5	-9.24585E+0	2.97363E-2	3.43627E-1
1.71650E+11	5.19288E-5	-1.20481E+1	1.02912E-1	-2.27619E-1
1.71725E+11	9.34501E-5	-9.45965E+0	-2.77271E-1	-1.90709E-1
1.71800E+11	1.05185E-4	-8.66987E+0	1.24632E-1	3.46846E-1
1.71875E+11	1.00622E-4	-9.38249E+0	3.19434E-1	-1.15071E-1
1.71950E+11	1.90763E-4	-7.42542E+0	-3.84375E-1	-1.82109E-1
1.72025E+11	1.23726E-4	-1.03324E+1	5.53100E-2	2.99288E-1
1.72100E+11	2.40863E-4	-8.06973E+0	2.95626E-1	-2.61859E-1
1.72175E+11	1.73302E-4	-1.01798E+1	-3.02510E-1	-6.65726E-2
1.72250E+11	2.15143E-4	-1.02180E+1	-4.27076E-2	3.05417E-1
1.72325E+11	2.26278E-4	-1.07046E+1	2.75101E-1	-9.66555E-2
1.72400E+11	1.59437E-4	-1.30105E+1	-1.09085E-1	-1.95187E-1
1.72475E+11	2.61475E-4	-1.14807E+1	-1.02551E-1	2.46156E-1
1.72550E+11	1.36431E-4	-1.48386E+1	1.80996E-1	-7.77774E-3
1.72625E+11	2.23220E-4	-1.31730E+1	-9.52839E-2	-1.97693E-1
1.72700E+11	1.50693E-4	-1.53100E+1	-1.12751E-1	1.29350E-1
1.72775E+11	1.58154E-4	-1.53075E+1	1.52463E-1	7.88429E-2
1.72850E+11	1.83562E-4	-1.48163E+1	-4.18216E-2	-1.76749E-1
1.72925E+11	1.21005E-4	-1.66490E+1	-1.09211E-1	9.85148E-2
1.73000E+11	2.17513E-4	-1.39482E+1	1.99573E-1	2.14304E-2
1.73075E+11	1.01857E-4	-1.72329E+1	-1.80799E-2	-1.36324E-1
1.73150E+11	1.97904E-4	-1.42466E+1	-1.77604E-1	7.79114E-2
1.73225E+11	1.25331E-4	-1.58608E+1	1.09802E-1	1.17815E-1
1.73300E+11	1.51684E-4	-1.47244E+1	5.11584E-2	-1.76288E-1
1.73375E+11	1.51415E-4	-1.46485E+1	-1.56585E-1	9.88415E-2
1.73450E+11	1.27387E-4	-1.53324E+1	1.55497E-1	7.15086E-2
1.73525E+11	1.81435E-4	-1.36970E+1	-3.79803E-2	-2.03088E-1
1.73600E+11	1.17847E-4	-1.52217E+1	-1.62901E-1	5.92642E-2
1.73675E+11	1.90783E-4	-1.26732E+1	1.77633E-1	1.49941E-1
1.73750E+11	1.17652E-4	-1.42587E+1	6.42912E-2	-1.82689E-1
1.73825E+11	1.85541E-4	-1.20352E+1	-2.37266E-1	7.93132E-2
1.73900E+11	1.42768E-4	-1.30702E+1	1.57931E-1	1.56118E-1
1.73975E+11	1.56844E-4	-1.26794E+1	8.45147E-2	-2.16370E-1
1.74050E+11	1.95133E-4	-1.17056E+1	-2.52672E-1	6.06495E-2
1.74125E+11	1.36546E-4	-1.33470E+1	1.31227E-1	1.70439E-1
1.74200E+11	2.51795E-4	-1.08737E+1	-3.18032E-3	-2.85947E-1
1.74275E+11	1.68406E-4	-1.30503E+1	-1.83997E-1	1.25246E-1
1.74350E+11	2.76590E-4	-1.11069E+1	2.67770E-1	7.61598E-2
1.74425E+11	1.97761E-4	-1.25944E+1	-1.04310E-2	-2.34341E-1
1.74500E+11	2.84692E-4	-1.10659E+1	-2.58476E-1	1.06897E-1
1.74575E+11	2.21982E-4	-1.23923E+1	1.87004E-1	1.50585E-1
1.74650E+11	2.49827E-4	-1.20426E+1	9.06470E-2	-2.32944E-1
1.74725E+11	2.47801E-4	-1.22045E+1	-2.09406E-1	1.27839E-1
1.74800E+11	1.92596E-4	-1.33837E+1	1.49163E-1	1.53722E-1
1.74875E+11	3.07781E-4	-1.11910E+1	2.11029E-2	-2.74901E-1
1.74950E+11	1.67296E-4	-1.38128E+1	-1.95297E-1	5.85079E-2
1.75025E+11	3.67779E-4	-1.02712E+1	2.21321E-1	2.12044E-1
1.75100E+11	1.76660E-4	-1.36971E+1	2.75929E-3	-2.06588E-1
1.75175E+11	3.13529E-4	-1.12067E+1	-2.64223E-1	7.69838E-2
1.75250E+11	2.27527E-4	-1.24654E+1	2.07979E-1	1.15882E-1
1.75325E+11	2.35248E-4	-1.21411E+1	1.36059E-1	-2.06318E-1
1.75400E+11	3.07546E-4	-1.09166E+1	-2.83993E-1	1.79259E-2
1.75475E+11	2.00704E-4	-1.29207E+1	4.92217E-2	2.20498E-1
1.75550E+11	3.33493E-4	-1.07380E+1	1.65551E-1	-2.38673E-1
1.75625E+11	2.06710E-4	-1.30305E+1	-2.22807E-1	1.11788E-2
1.75700E+11	2.88417E-4	-1.17750E+1	1.26012E-1	2.24882E-1
1.75775E+11	2.54407E-4	-1.23968E+1	1.25714E-1	-2.04406E-1
1.75850E+11	2.26465E-4	-1.29046E+1	-2.11187E-1	-8.14357E-2
1.75925E+11	2.84545E-4	-1.20842E+1	4.08447E-2	2.45388E-1
1.76000E+11	2.03368E-4	-1.36315E+1	1.85980E-1	-9.35305E-2
1.76075E+11	2.79207E-4	-1.23761E+1	-2.13635E-1	-1.10553E-1
1.76150E+11	2.00492E-4	-1.38819E+1	-2.74908E-2	2.00380E-1
1.76225E+11	2.64781E-4	-1.26698E+1	2.10166E-1	-9.95399E-2
1.76300E+11	2.20394E-4	-1.35265E+1	-1.60499E-1	-1.36518E-1
1.76375E+11	2.32833E-4	-1.31933E+1	-2.79922E-2	2.17148E-1
1.76450E+11	2.70794E-4	-1.25538E+1	1.87559E-1	-1.42703E-1
1.76525E+11	1.66312E-4	-1.44654E+1	-1.64948E-1	-9.25076E-2
1.76600E+11	3.03014E-4	-1.17807E+1	3.17720E-2	2.55646E-1
1.76675E+11	1.65016E-4	-1.40972E+1	1.80943E-1	-7.86709E-2
1.76750E+11	1.99986E-4	-1.28667E+1	-1.59628E-1	-1.61864E-1
1.76825E+11	1.90369E-4	-1.28309E+1	-1.01507E-1	2.04462E-1
1.76900E+11	1.69685E-4	-1.31094E+1	2.20887E-1	-8.97417E-3
1.76975E+11	2.08189E-4	-1.19092E+1	-1.44086E-1	-2.08969E-1
1.77050E+11	1.43945E-4	-1.33254E+1	-7.63311E-2	2.01679E-1
1.77125E+11	2.06603E-4	-1.19319E+1	2.50436E-1	-3.70783E-2
1.77200E+11	1.24445E-4	-1.39594E+1	-1.09394E-1	-1.67982E-1
1.77275E+11	1.74000E-4	-1.23015E+1	-9.90339E-2	2.21487E-1
1.77350E+11	1.28530E-4	-1.34238E+1	2.13210E-1	-5.26964E-4
1.77425E+11	1.39108E-4	-1.29636E+1	-1.30687E-1	-1.82924E-1
1.77500E+11	1.76219E-4	-1.17433E+1	-1.33957E-1	2.21343E-1
1.77575E+11	1.13069E-4	-1.36779E+1	2.07059E-1	1.51071E-3
1.77650E+11	1.89705E-4	-1.14144E+1	-1.25693E-1	-2.37497E-1
1.77725E+11	1.13605E-4	-1.39792E+1	-1.08629E-1	1.67932E-1
1.77800E+11	1.62277E-4	-1.23109E+1	2.41035E-1	2.52593E-2
1.77875E+11	1.28434E-4	-1.34059E+1	-1.08371E-1	-1.84128E-1
1.77950E+11	1.44679E-4	-1.31314E+1	-9.39258E-2	1.99506E-1
1.78025E+11	1.56103E-4	-1.30583E+1	2.19974E-1	-3.25824E-2
1.78100E+11	1.11822E-4	-1.43922E+1	-1.29211E-1	-1.40277E-1
1.78175E+11	1.84709E-4	-1.20054E+1	-1.14481E-1	2.23408E-1
1.78250E+11	9.49750E-5	-1.48077E+1	1.81796E-1	-2.23132E-3
1.78325E+11	1.70300E-4	-1.21571E+1	-6.57641E-2	-2.37760E-1
1.78400E+11	1.11284E-4	-1.40069E+1	-1.35285E-1	1.46443E-1
1.78475E+11	1.41172E-4	-1.30620E+1	2.21613E-1	1.71989E-2
1.78550E+11	1.58677E-4	-1.28504E+1	-1.31104E-1	-1.86245E-1
1.78625E+11	1.36699E-4	-1.39348E+1	-4.77176E-2	1.95285E-1
1.78700E+11	2.08808E-4	-1.25341E+1	2.27266E-1	-6.43801E-2
1.78775E+11	1.36872E-4	-1.48477E+1	-1.42503E-1	-1.11553E-1
1.78850E+11	2.23716E-4	-1.32001E+1	-6.04144E-2	2.10266E-1
1.78925E+11	1.58020E-4	-1.52412E+1	1.67645E-1	-4.25382E-2
1.79000E+11	2.42092E-4	-1.36189E+1	-1.21459E-1	-1.69440E-1
1.79075E+11	1.93451E-4	-1.46132E+1	-1.07829E-1	1.51464E-1
1.79150E+11	2.08457E-4	-1.42665E+1	1.91144E-1	3.00956E-2
1.79225E+11	2.63758E-4	-1.34183E+1	-7.74545E-2	-1.98789E-1
1.79300E+11	1.79756E-4	-1.52086E+1	-7.71302E-2	1.55534E-1
1.79375E+11	3.15354E-4	-1.28954E+1	2.25201E-1	-2.49945E-2
1.79450E+11	1.87319E-4	-1.52161E+1	-1.08834E-1	-1.35065E-1
1.79525E+11	2.66869E-4	-1.35879E+1	-1.32767E-1	1.61700E-1
1.79600E+11	2.12573E-4	-1.44931E+1	1.76825E-1	6.53494E-2
1.79675E+11	2.30749E-4	-1.41490E+1	-1.21601E-2	-1.95755E-1
1.79750E+11	2.66237E-4	-1.35418E+1	-1.71728E-1	1.21448E-1
1.79825E+11	2.11644E-4	-1.43583E+1	1.84971E-1	4.94351E-2
1.79900E+11	3.07461E-4	-1.24490E+1	-1.03452E-2	-2.38311E-1
1.79975E+11	1.90949E-4	-1.44247E+1	-1.73583E-1	7.72719E-2
1.80050E+11	3.14059E-4	-1.22070E+1	1.43763E-1	1.98724E-1
1.80125E+11	2.19995E-4	-1.35631E+1	7.11526E-2	-1.97387E-1
1.80200E+11	2.61973E-4	-1.25720E+1	-2.21224E-1	7.98086E-2
1.80275E+11	2.54338E-4	-1.26888E+1	1.98346E-1	1.20418E-1
1.80350E+11	2.21851E-4	-1.33240E+1	1.10132E-2	-2.15394E-1
1.80425E+11	2.96617E-4	-1.21809E+1	-2.43819E-1	3.27661E-2
1.80500E+11	2.06991E-4	-1.39131E+1	7.34711E-2	1.87662E-1
1.80575E+11	3.29371E-4	-1.18841E+1	2.06579E-1	-1.48755E-1
1.80650E+11	2.20076E-4	-1.35673E+1	-2.05726E-1	-4.07227E-2
1.80725E+11	3.05647E-4	-1.21800E+1	1.18304E-1	2.15728E-1
1.80800E+11	2.47441E-4	-1.30115E+1	8.95728E-2	-2.04849E-1
1.80875E+11	2.55611E-4	-1.29795E+1	-2.23663E-1	1.81932E-2
1.80950E+11	2.91797E-4	-1.23851E+1	1.13580E-1	2.11756E-1
1.81025E+11	2.10599E-4	-1.39228E+1	9.77103E-2	-1.76003E-1
1.81100E+11	3.32091E-4	-1.20579E+1	-2.48737E-1	-1.97632E-2
1.81175E+11	2.11396E-4	-1.40457E+1	9.17547E-2	1.75998E-1
1.81250E+11	2.71750E-4	-1.30013E+1	1.86239E-1	-1.24171E-1
1.81325E+11	2.21663E-4	-1.40020E+1	-1.46281E-1	-1.35626E-1
1.81400E+11	2.25583E-4	-1.38530E+1	-1.00909E-1	1.76063E-1
1.81475E+11	2.48237E-4	-1.35183E+1	2.10899E-1	-1.63977E-3
1.81550E+11	1.94967E-4	-1.45719E+1	-1.42052E-1	-1.21326E-1
1.81625E+11	2.83158E-4	-1.30019E+1	-2.99904E-2	2.21804E-1
1.81700E+11	1.73494E-4	-1.52929E+1	1.53281E-1	-7.78815E-2
1.81775E+11	2.63395E-4	-1.35319E+1	-1.14963E-1	-1.76424E-1
1.81850E+11	1.72676E-4	-1.53499E+1	-9.12036E-2	1.44420E-1
1.81925E+11	1.95451E-4	-1.46449E+1	1.81575E-1	3.67048E-2
1.82000E+11	1.95354E-4	-1.45566E+1	-7.74355E-2	-1.70368E-1
1.82075E+11	1.69378E-4	-1.52976E+1	-9.32101E-2	1.44362E-1
1.82150E+11	2.51394E-4	-1.35710E+1	2.01447E-1	5.79922E-2
1.82225E+11	1.34812E-4	-1.61433E+1	-4.03210E-2	-1.50591E-1
1.82300E+11	2.29940E-4	-1.37701E+1	-1.69084E-1	1.15696E-1
1.82375E+11	1.46436E-4	-1.56225E+1	1.65516E-1	2.00801E-3
1.82450E+11	1.78927E-4	-1.47010E+1	-9.89394E-2	-1.55201E-1
1.82525E+11	1.55954E-4	-1.53106E+1	-6.23020E-2	1.59871E-1
1.82600E+11	1.46422E-4	-1.55310E+1	1.65680E-1	2.30897E-2
1.82675E+11	1.86081E-4	-1.45539E+1	1.13842E-2	-1.86853E-1
1.82750E+11	1.35113E-4	-1.58764E+1	-1.53448E-1	4.79370E-2
1.82825E+11	2.14239E-4	-1.38267E+1	1.17718E-1	1.66053E-1
1.82900E+11	1.33240E-4	-1.57992E+1	4.98578E-3	-1.62120E-1
1.82975E+11	1.94020E-4	-1.40340E+1	-1.73504E-1	9.69370E-2
1.83050E+11	1.56082E-4	-1.50113E+1	1.64053E-1	6.80226E-2
1.83125E+11	1.74916E-4	-1.45802E+1	2.67527E-3	-1.86614E-1
1.83200E+11	2.11388E-4	-1.39237E+1	-1.83044E-1	8.37309E-2
1.83275E+11	1.75520E-4	-1.47353E+1	1.62381E-1	8.51041E-2
1.83350E+11	2.80166E-4	-1.25910E+1	-1.11861E-2	-2.34399E-1
1.83425E+11	1.88484E-4	-1.41364E+1	-1.48361E-1	1.28718E-1
1.83500E+11	2.93621E-4	-1.20539E+1	1.98152E-1	1.51834E-1
1.83575E+11	2.39995E-4	-1.26450E+1	5.72836E-2	-2.26066E-1
1.83650E+11	3.01463E-4	-1.15281E+1	-2.64574E-1	1.84022E-2
1.83725E+11	3.09927E-4	-1.12103E+1	1.90623E-1	1.98346E-1
1.83800E+11	3.24844E-4	-1.08674E+1	-3.50019E-2	-2.84025E-1
1.83875E+11	3.40100E-4	-1.03926E+1	-1.86818E-1	2.37602E-1
1.83950E+11	3.48442E-4	-9.90025E+0	3.18410E-1	3.06370E-2
1.84025E+11	3.16706E-4	-1.01415E+1	-7.96081E-2	-3.00761E-1
1.84100E+11	3.36295E-4	-9.64284E+0	-3.04703E-1	1.25410E-1
1.84175E+11	3.08340E-4	-9.89518E+0	2.49825E-1	2.00076E-1
1.84250E+11	2.94187E-4	-9.90933E+0	6.56640E-2	-3.12727E-1
1.84325E+11	3.51329E-4	-8.98148E+0	-2.93308E-1	2.01000E-1
1.84400E+11	2.44074E-4	-1.04481E+1	2.84028E-1	9.75968E-2
1.84475E+11	3.52077E-4	-8.90307E+0	-2.75999E-3	-3.58784E-1
1.84550E+11	2.35810E-4	-1.05121E+1	-2.26689E-1	1.93622E-1
1.84625E+11	2.76600E-4	-9.49778E+0	2.71298E-1	1.96612E-1
1.84700E+11	2.61513E-4	-9.65507E+0	-6.80229E-2	-3.21930E-1
1.84775E+11	2.89487E-4	-9.27813E+0	-2.87933E-1	1.87556E-1
1.84850E+11	3.22806E-4	-8.76068E+0	3.06204E-1	1.98151E-1
1.84925E+11	2.91750E-4	-9.26486E+0	1.43687E-1	-3.12727E-1
1.85000E+11	3.52298E-4	-8.46572E+0	-3.70295E-1	-7.24916E-2
1.85075E+11	3.04314E-4	-9.15681E+0	9.28113E-2	3.35878E-1
1.85150E+11	3.53211E-4	-8.57449E+0	2.49581E-1	-2.76697E-1
1.85225E+11	3.37080E-4	-8.79854E+0	-3.63083E-1	-6.41989E-3
1.85300E+11	3.18074E-4	-9.16860E+0	1.25232E-1	3.24678E-1
1.85375E+11	3.33733E-4	-9.22122E+0	2.67918E-1	-2.18769E-1
1.85450E+11	2.91022E-4	-1.02076E+1	-2.46455E-1	-1.85990E-1
1.85525E+11	2.90934E-4	-1.05276E+1	-6.80860E-2	2.89697E-1
1.85600E+11	3.19580E-4	-1.04137E+1	2.89688E-1	-8.36415E-2
1.85675E+11	2.78132E-4	-1.11185E+1	-1.98694E-1	-1.94462E-1
1.85750E+11	3.47241E-4	-1.04668E+1	-1.60756E-1	2.52918E-1
1.85825E+11	2.64986E-4	-1.22430E+1	2.26224E-1	9.21126E-2
1.85900E+11	3.27748E-4	-1.18880E+1	2.70178E-2	-2.53009E-1
1.85975E+11	2.85957E-4	-1.28716E+1	-1.79739E-1	1.38986E-1
1.86050E+11	3.06837E-4	-1.27792E+1	2.29025E-1	-1.67382E-2
1.86125E+11	3.05790E-4	-1.29110E+1	-1.72679E-1	-1.46074E-1
1.86200E+11	2.40392E-4	-1.38874E+1	-3.14126E-2	1.99673E-1
1.86275E+11	3.10133E-4	-1.28138E+1	2.28339E-1	1.32480E-2
1.86350E+11	1.95890E-4	-1.46368E+1	-2.31226E-2	-1.83974E-1
1.86425E+11	2.94591E-4	-1.27685E+1	-2.17669E-1	7.40441E-2
1.86500E+11	2.10816E-4	-1.42105E+1	1.59330E-1	1.11988E-1
1.86575E+11	2.29733E-4	-1.39758E+1	1.10709E-2	-1.99777E-1
1.86650E+11	2.35816E-4	-1.41617E+1	-1.79080E-1	7.92850E-2
1.86725E+11	2.03842E-4	-1.49649E+1	1.27361E-1	1.25135E-1
1.86800E+11	2.63224E-4	-1.38198E+1	9.77063E-2	-1.78748E-1
1.86875E+11	1.77207E-4	-1.53287E+1	-1.64342E-1	4.80586E-2
1.86950E+11	2.65542E-4	-1.34046E+1	1.77200E-1	1.19417E-1
1.87025E+11	1.51357E-4	-1.54704E+1	-4.63651E-2	-1.61948E-1
1.87100E+11	2.09299E-4	-1.37981E+1	-1.73025E-1	1.08480E-1
1.87175E+11	1.66454E-4	-1.49441E+1	1.24027E-1	1.29032E-1
1.87250E+11	1.93548E-4	-1.43818E+1	9.81419E-2	-1.63794E-1
1.87325E+11	2.43067E-4	-1.34633E+1	-2.11834E-1	1.31702E-2
1.87400E+11	1.68302E-4	-1.51114E+1	1.56776E-1	7.90137E-2
1.87475E+11	2.71757E-4	-1.30779E+1	-5.71558E-2	-2.14385E-1
1.87550E+11	1.71201E-4	-1.53636E+1	-1.03936E-1	1.35206E-1
1.87625E+11	2.70443E-4	-1.34787E+1	1.82617E-1	1.07419E-1
1.87700E+11	2.17860E-4	-1.44431E+1	3.01333E-2	-1.87194E-1
1.87775E+11	2.44007E-4	-1.41168E+1	-1.79341E-1	8.11831E-2
1.87850E+11	2.56262E-4	-1.40871E+1	1.82000E-1	7.67833E-2
1.87925E+11	2.55438E-4	-1.43644E+1	-6.23813E-2	-1.80873E-1
1.88000E+11	3.17865E-4	-1.34103E+1	-1.79499E-1	1.15677E-1
1.88075E+11	2.46660E-4	-1.45377E+1	1.32142E-1	1.33090E-1
1.88150E+11	3.39467E-4	-1.30580E+1	9.31143E-2	-2.01949E-1
1.88225E+11	2.52171E-4	-1.42087E+1	-1.72291E-1	9.08790E-2
1.88300E+11	2.91777E-4	-1.32562E+1	2.16931E-1	1.37327E-2
1.88375E+11	2.48291E-4	-1.36074E+1	-1.37777E-1	-1.56828E-1
1.88450E+11	3.03689E-4	-1.24567E+1	-1.09368E-1	2.11745E-1
1.88525E+11	3.03911E-4	-1.21893E+1	2.13102E-1	1.22442E-1
1.88600E+11	3.12678E-4	-1.19645E+1	1.09176E-1	-2.27365E-1
1.88675E+11	3.06748E-4	-1.19143E+1	-2.52506E-1	2.43674E-2
1.88750E+11	3.08303E-4	-1.16083E+1	2.03726E-1	1.65972E-1
1.88825E+11	2.86241E-4	-1.16438E+1	-1.63179E-2	-2.61194E-1
1.88900E+11	2.90660E-4	-1.13843E+1	-2.53119E-1	9.29301E-2
1.88975E+11	2.80250E-4	-1.15644E+1	1.42517E-1	2.22356E-1
1.89050E+11	2.86528E-4	-1.14065E+1	1.46397E-1	-2.25618E-1
1.89125E+11	2.78272E-4	-1.14164E+1	-2.57736E-1	7.57771E-2
1.89200E+11	3.04790E-4	-1.08283E+1	2.58125E-1	1.26521E-1
1.89275E+11	2.53071E-4	-1.12178E+1	1.09984E-2	-2.74640E-1
1.89350E+11	2.83607E-4	-1.05536E+1	-2.91529E-1	-5.51599E-2
1.89425E+11	2.38406E-4	-1.16093E+1	-1.13142E-1	2.37136E-1
1.89500E+11	2.53893E-4	-1.19217E+1	2.46572E-1	5.86968E-2
1.89575E+11	2.41344E-4	-1.25150E+1	-1.54578E-1	-1.79294E-1
1.89650E+11	2.05608E-4	-1.34407E+1	7.07197E-2	2.00702E-1
1.89725E+11	2.61064E-4	-1.24439E+1	1.02137E-1	-2.15715E-1
1.89800E+11	1.62851E-4	-1.46365E+1	-1.84184E-1	-2.14486E-2
1.89875E+11	2.42507E-4	-1.31793E+1	-8.42776E-2	2.02456E-1
1.89950E+11	1.62593E-4	-1.51805E+1	1.72531E-1	2.38363E-2
1.90025E+11	1.94344E-4	-1.45764E+1	-6.62002E-2	-1.74585E-1
1.90100E+11	1.85229E-4	-1.49098E+1	-4.78206E-2	1.73203E-1
1.90175E+11	1.59702E-4	-1.57112E+1	1.57863E-1	-4.38788E-2
1.90250E+11	2.09268E-4	-1.45956E+1	-8.81174E-2	-1.64146E-1
1.90325E+11	1.35394E-4	-1.65511E+1	-1.20570E-1	8.71113E-2
1.90400E+11	2.13212E-4	-1.46252E+1	1.47480E-1	1.12797E-1
1.90475E+11	1.30984E-4	-1.66636E+1	-4.05686E-2	-1.41117E-1
1.90550E+11	2.01768E-4	-1.49114E+1	-1.01331E-1	1.48347E-1
1.90625E+11	1.50450E-4	-1.61038E+1	1.55802E-1	1.58423E-2
1.90700E+11	1.67043E-4	-1.56283E+1	3.39606E-2	-1.61896E-1
1.90775E+11	1.84673E-4	-1.51126E+1	-1.70289E-1	-4.26006E-2
1.90850E+11	1.45286E-4	-1.60399E+1	2.02768E-2	1.56454E-1
1.90925E+11	2.03031E-4	-1.42411E+1	1.22891E-1	-1.50197E-1
1.91000E+11	1.30908E-4	-1.60902E+1	-1.52492E-1	3.67240E-2
1.91075E+11	1.88109E-4	-1.44571E+1	1.10981E-1	1.53352E-1
1.91150E+11	1.40586E-4	-1.56699E+1	1.03825E-1	-1.27760E-1
1.91225E+11	1.62867E-4	-1.50014E+1	-1.54929E-1	-8.72330E-2
1.91300E+11	1.71673E-4	-1.45812E+1	4.25533E-2	1.81696E-1
1.91375E+11	1.36254E-4	-1.54557E+1	5.10466E-2	-1.60833E-1
1.91450E+11	1.89890E-4	-1.39201E+1	-1.83052E-1	8.39155E-2
1.91525E+11	1.23908E-4	-1.57995E+1	1.19789E-1	1.09345E-1
1.91600E+11	1.91947E-4	-1.38166E+1	1.67722E-1	-1.15747E-1
1.91675E+11	1.34980E-4	-1.52264E+1	-1.15427E-1	-1.29201E-1
1.91750E+11	1.84764E-4	-1.40064E+1	-4.95554E-2	1.93122E-1
1.91825E+11	1.76482E-4	-1.45151E+1	1.14782E-1	-1.48940E-1
1.91900E+11	1.68000E-4	-1.48627E+1	-1.63192E-1	7.75033E-2
1.91975E+11	2.01148E-4	-1.41770E+1	1.58660E-1	1.14229E-1
1.92050E+11	1.15521E-4	-1.58797E+1	7.45072E-2	-1.42383E-1
1.92125E+11	1.75142E-4	-1.44890E+1	-1.44193E-1	-1.21573E-1
1.92200E+11	1.19569E-4	-1.60221E+1	-5.24093E-2	1.49146E-1
1.92275E+11	1.56929E-4	-1.43558E+1	1.85588E-1	-4.72898E-2
1.92350E+11	1.01331E-4	-1.50623E+1	1.68861E-1	5.15580E-2
1.92425E+11	1.14614E-4	-1.47806E+1	-2.32108E-2	-1.80894E-1
1.92500E+11	1.42264E-4	-1.37779E+1	-1.96935E-1	5.58250E-2
1.92575E+11	1.04774E-4	-1.53218E+1	1.03730E-1	1.36397E-1
1.92650E+11	1.52662E-4	-1.35040E+1	7.04774E-2	-1.99148E-1
1.92725E+11	1.03692E-4	-1.52654E+1	-1.08042E-1	1.34444E-1
1.92800E+11	1.42617E-4	-1.40734E+1	1.97568E-1	-1.04961E-2
1.92875E+11	1.12850E-4	-1.53570E+1	-8.15532E-2	-1.49921E-1
1.92950E+11	1.23522E-4	-1.49636E+1	-1.68667E-1	5.86561E-2
1.93025E+11	1.31424E-4	-1.45381E+1	5.95479E-2	1.77835E-1
1.93100E+11	1.11376E-4	-1.49396E+1	1.02905E-1	-1.46547E-1
1.93175E+11	1.57783E-4	-1.35078E+1	-2.01497E-1	6.31456E-2
1.93250E+11	1.17130E-4	-1.48062E+1	1.79453E-1	2.93692E-2
1.93325E+11	1.54141E-4	-1.36990E+1	-4.97639E-2	-2.00478E-1
1.93400E+11	1.10387E-4	-1.50782E+1	-1.56199E-1	8.16100E-2
1.93475E+11	1.43941E-4	-1.41233E+1	1.20721E-1	1.55314E-1
1.93550E+11	1.36970E-4	-1.43133E+1	4.83003E-2	-1.86299E-1
1.93625E+11	1.33791E-4	-1.45596E+1	-1.41820E-1	1.22005E-1
1.93700E+11	1.51891E-4	-1.39716E+1	1.93524E-1	5.11881E-2
1.93775E+11	1.13067E-4	-1.53521E+1	-6.00453E-3	-1.70658E-1
1.93850E+11	1.58025E-4	-1.40234E+1	-1.95873E-1	-3.50734E-2
1.93925E+11	1.17590E-4	-1.53030E+1	2.29228E-2	1.70195E-1
1.94000E+11	1.55222E-4	-1.41708E+1	1.34104E-1	-1.42449E-1
1.94075E+11	1.44230E-4	-1.45189E+1	-1.76089E-1	6.57227E-2
1.94150E+11	1.40805E-4	-1.50035E+1	1.64842E-1	6.65173E-2
1.94225E+11	1.57091E-4	-1.46031E+1	4.09477E-2	-1.81583E-1
1.94300E+11	1.24621E-4	-1.59140E+1	-1.57603E-1	-2.79694E-2
1.94375E+11	1.64229E-4	-1.48255E+1	-5.38974E-2	1.73246E-1
1.94450E+11	1.20775E-4	-1.59055E+1	1.48762E-1	-5.95068E-2
1.94525E+11	1.43104E-4	-1.50571E+1	-1.51958E-1	-9.01008E-2
1.94600E+11	1.36112E-4	-1.54075E+1	3.00212E-2	1.67001E-1
1.94675E+11	1.29687E-4	-1.54485E+1	1.57360E-1	-6.13016E-2
1.94750E+11	1.43065E-4	-1.48617E+1	-6.59318E-2	-1.68223E-1
1.94825E+11	1.12857E-4	-1.58510E+1	-1.01669E-1	1.25135E-1
1.94900E+11	1.51121E-4	-1.45362E+1	1.87298E-1	-1.03047E-2
1.94975E+11	1.12039E-4	-1.58219E+1	-1.52772E-1	-5.32095E-2
1.95050E+11	1.54796E-4	-1.48190E+1	1.41541E-2	1.81020E-1
1.95125E+11	1.18382E-4	-1.60686E+1	1.55024E-1	-2.63187E-2
1.95200E+11	1.24186E-4	-1.60043E+1	2.95883E-2	-1.55623E-1
1.95275E+11	1.50576E-4	-1.52767E+1	-1.72249E-1	-9.04582E-4
1.95350E+11	1.24536E-4	-1.61618E+1	1.13019E-1	1.06897E-1
1.95425E+11	1.71009E-4	-1.46840E+1	-3.82532E-2	-1.80406E-1
1.95500E+11	1.12469E-4	-1.63901E+1	-4.68946E-2	1.44090E-1
1.95575E+11	1.60316E-4	-1.47608E+1	1.76096E-1	4.90208E-2
1.95650E+11	1.17965E-4	-1.60924E+1	1.57402E-2	-1.56020E-1
1.95725E+11	1.29933E-4	-1.56402E+1	-1.63798E-1	-2.14236E-2
1.95800E+11	1.46712E-4	-1.51537E+1	1.02158E-1	1.41728E-1
1.95875E+11	1.23231E-4	-1.60283E+1	8.76111E-3	-1.57731E-1
1.95950E+11	1.75656E-4	-1.44964E+1	-1.67458E-1	8.64208E-2
1.96025E+11	1.10913E-4	-1.62632E+1	1.06771E-1	1.10642E-1
1.96100E+11	1.62413E-4	-1.44652E+1	1.57160E-1	-1.05203E-1
1.96175E+11	1.17623E-4	-1.60335E+1	-1.50180E-1	-4.87035E-2
1.96250E+11	1.45987E-4	-1.51178E+1	3.56407E-2	1.71773E-1
1.96325E+11	1.36690E-4	-1.53788E+1	4.13148E-2	-1.65151E-1
1.96400E+11	1.31362E-4	-1.53558E+1	-1.61228E-1	5.60471E-2
1.96475E+11	1.67974E-4	-1.44207E+1	8.93406E-2	1.67791E-1
1.96550E+11	1.11099E-4	-1.60984E+1	1.35980E-1	-7.78800E-2
1.96625E+11	1.78305E-4	-1.40075E+1	-1.11796E-1	-1.65056E-1
1.96700E+11	1.02553E-4	-1.63019E+1	-1.81571E-2	1.51994E-1
1.96775E+11	1.47979E-4	-1.46048E+1	1.67898E-1	-8.02858E-2
1.96850E+11	1.18775E-4	-1.52861E+1	-1.59682E-1	-6.40958E-2
1.96925E+11	1.14826E-4	-1.56342E+1	-5.27760E-2	1.56656E-1
1.97000E+11	1.36166E-4	-1.48834E+1	1.79532E-1	-1.58667E-2
1.97075E+11	9.90703E-5	-1.61023E+1	-1.21684E-1	-9.86264E-2
1.97150E+11	1.54187E-4	-1.43014E+1	5.06262E-2	1.85952E-1
1.97225E+11	9.80549E-5	-1.63547E+1	1.11043E-2	-1.51742E-1
1.97300E+11	1.42422E-4	-1.48060E+1	-1.78042E-1	3.69988E-2
1.97375E+11	9.89777E-5	-1.65744E+1	4.70108E-2	1.40702E-1
1.97450E+11	1.23628E-4	-1.57386E+1	1.63120E-1	8.30163E-3
1.97525E+11	1.41135E-4	-1.55333E+1	-5.52405E-2	-1.57851E-1
1.97600E+11	1.16868E-4	-1.62009E+1	-6.50925E-2	1.40521E-1
1.97675E+11	1.68519E-4	-1.46252E+1	1.50420E-1	-1.08843E-1
1.97750E+11	1.15051E-4	-1.64152E+1	-1.50952E-1	-6.47518E-3
1.97825E+11	1.66963E-4	-1.49694E+1	1.58371E-2	1.77751E-1
1.97900E+11	1.23520E-4	-1.65285E+1	1.40698E-1	-4.94441E-2
1.97975E+11	1.58798E-4	-1.53959E+1	-6.93284E-2	-1.55116E-1
1.98050E+11	1.46565E-4	-1.56378E+1	-7.64178E-2	1.46506E-1
1.98125E+11	1.46928E-4	-1.55964E+1	1.65917E-1	-6.07093E-3
1.98200E+11	1.84912E-4	-1.45595E+1	-7.23902E-2	-1.72505E-1
1.98275E+11	1.42471E-4	-1.54538E+1	-1.29759E-1	1.07926E-1
1.98350E+11	1.95169E-4	-1.38173E+1	1.62671E-1	1.22718E-1
1.98425E+11	1.44755E-4	-1.49426E+1	-3.36220E-2	-1.75821E-1
1.98500E+11	1.82592E-4	-1.39248E+1	-1.09677E-1	1.68751E-1
1.98575E+11	1.71264E-4	-1.40168E+1	1.84252E-1	-7.55566E-2
1.98650E+11	1.73831E-4	-1.35564E+1	-1.37668E-1	-1.58554E-1
1.98725E+11	1.87088E-4	-1.26029E+1	-1.70848E-1	1.60402E-1
1.98800E+11	1.62229E-4	-1.29574E+1	1.70751E-1	1.46480E-1
1.98875E+11	1.82736E-4	-1.22840E+1	8.37106E-2	-2.28241E-1
1.98950E+11	1.49228E-4	-1.32016E+1	-1.99295E-1	9.01473E-2
1.99025E+11	1.84140E-4	-1.25860E+1	2.07997E-1	1.08942E-1
1.99100E+11	1.62314E-4	-1.29755E+1	-2.19387E-2	-2.23429E-1
1.99175E+11	1.68221E-4	-1.25390E+1	-2.22993E-1	7.74912E-2
1.99250E+11	1.87354E-4	-1.21431E+1	1.52528E-1	1.94386E-1
1.99325E+11	1.69511E-4	-1.26750E+1	7.89108E-2	-2.18600E-1
1.99400E+11	2.01737E-4	-1.20961E+1	-2.42857E-1	5.23005E-2
1.99475E+11	1.61818E-4	-1.30650E+1	1.57152E-1	1.57090E-1
1.99550E+11	1.93756E-4	-1.22652E+1	1.58078E-1	-1.85391E-1
1.99625E+11	1.80229E-4	-1.27524E+1	-2.04004E-1	-1.06964E-1
1.99700E+11	1.82484E-4	-1.25315E+1	-7.80834E-2	2.23004E-1
1.99775E+11	1.96513E-4	-1.27546E+1	2.22930E-1	-5.77429E-2
1.99850E+11	1.73213E-4	-1.35533E+1	-1.67841E-1	-1.26307E-1
1.99925E+11	1.93535E-4	-1.30935E+1	-2.14946E-2	2.20430E-1
2.00000E+11	1.47882E-4	-1.41205E+1	1.82163E-1	-7.44145E-2
2.00075E+11	1.80616E-4	-1.31989E+1	-1.06013E-1	-1.91405E-1
2.00150E+11	1.47764E-4	-1.41357E+1	-1.20375E-1	1.55228E-1
2.00225E+11	1.64119E-4	-1.39265E+1	1.85551E-1	7.78514E-2
2.00300E+11	1.62253E-4	-1.44689E+1	-2.84342E-2	-1.86890E-1
2.00375E+11	1.43565E-4	-1.51859E+1	-1.52029E-1	8.47659E-2
2.00450E+11	1.69297E-4	-1.47335E+1	1.31739E-1	1.27550E-1
2.00525E+11	1.44614E-4	-1.55799E+1	4.75297E-2	-1.59407E-1
2.00600E+11	1.85786E-4	-1.45963E+1	-1.82917E-1	3.52738E-2
2.00675E+11	1.53053E-4	-1.56433E+1	1.48857E-1	7.14905E-2
2.00750E+11	1.79034E-4	-1.50153E+1	-3.66489E-2	-1.73690E-1
2.00825E+11	1.56422E-4	-1.54738E+1	-9.67588E-2	1.37813E-1
2.00900E+11	1.51007E-4	-1.55644E+1	1.58363E-1	5.18674E-2
2.00975E+11	1.71158E-4	-1.52239E+1	2.38869E-2	-1.71648E-1
2.01050E+11	1.40979E-4	-1.59631E+1	-1.57420E-1	2.35003E-2
2.01125E+11	1.67871E-4	-1.51350E+1	7.43236E-2	1.58528E-1
2.01200E+11	1.30961E-4	-1.62002E+1	6.43125E-2	-1.40895E-1
2.01275E+11	1.54221E-4	-1.53029E+1	-1.70672E-1	1.90659E-2
2.01350E+11	1.33107E-4	-1.60019E+1	1.29944E-1	9.06778E-2
2.01425E+11	1.36148E-4	-1.58470E+1	2.07506E-2	-1.59966E-1
2.01500E+11	1.34920E-4	-1.59026E+1	-1.47068E-1	6.37162E-2
2.01575E+11	1.19459E-4	-1.63613E+1	1.14642E-1	9.98556E-2
2.01650E+11	1.44873E-4	-1.55611E+1	6.93948E-2	-1.51574E-1
2.01725E+11	1.06739E-4	-1.67768E+1	-1.43843E-1	1.77212E-2
2.01800E+11	1.43071E-4	-1.57111E+1	6.18004E-2	1.51747E-1
2.01875E+11	1.14266E-4	-1.66324E+1	7.18489E-2	-1.28658E-1
2.01950E+11	1.27946E-4	-1.59608E+1	-1.57619E-1	-2.24338E-2
2.02025E+11	1.27546E-4	-1.59033E+1	7.39387E-2	1.42188E-1
2.02100E+11	1.20963E-4	-1.63460E+1	7.67817E-2	-1.31529E-1
2.02175E+11	1.43782E-4	-1.55676E+1	-1.66241E-1	1.06030E-2
2.02250E+11	1.19582E-4	-1.64372E+1	1.16503E-1	9.56057E-2
2.02325E+11	1.50806E-4	-1.56261E+1	3.87528E-2	-1.60858E-1
2.02400E+11	1.22685E-4	-1.65585E+1	-1.35211E-1	6.16880E-2
2.02475E+11	1.36792E-4	-1.61279E+1	8.94531E-2	1.28015E-1
2.02550E+11	1.29223E-4	-1.62685E+1	8.21572E-2	-1.29858E-1
2.02625E+11	1.31457E-4	-1.63869E+1	-1.46765E-1	-3.79225E-2
2.02700E+11	1.44182E-4	-1.58409E+1	3.88321E-2	1.56679E-1
2.02775E+11	1.23085E-4	-1.65539E+1	8.06574E-2	-1.24922E-1
2.02850E+11	1.60395E-4	-1.53657E+1	-1.70289E-1	-8.41763E-3
2.02925E+11	1.37516E-4	-1.58979E+1	1.10059E-1	1.16633E-1
2.03000E+11	1.52039E-4	-1.54461E+1	5.37660E-2	-1.60141E-1
2.03075E+11	1.42042E-4	-1.57714E+1	-1.48889E-1	6.56412E-2
2.03150E+11	1.32813E-4	-1.57575E+1	1.18226E-1	1.12177E-1
2.03225E+11	1.60278E-4	-1.46287E+1	7.65422E-2	-1.69076E-1
2.03300E+11	1.31409E-4	-1.51757E+1	-1.73969E-1	-1.01805E-2
2.03375E+11	1.67405E-4	-1.44127E+1	3.98040E-2	1.86058E-1
2.03450E+11	1.41467E-4	-1.51595E+1	1.01364E-1	-1.42154E-1
2.03525E+11	1.51165E-4	-1.47766E+1	-1.82412E-1	-4.19463E-3
2.03600E+11	1.52430E-4	-1.46998E+1	1.42439E-1	1.16609E-1
2.03675E+11	1.39516E-4	-1.43253E+1	4.39233E-2	-1.87106E-1
2.03750E+11	1.62340E-4	-1.34113E+1	-2.11706E-1	2.77523E-2
2.03825E+11	1.32844E-4	-1.41692E+1	7.23034E-2	1.81828E-1
2.03900E+11	1.61460E-4	-1.36707E+1	1.75021E-1	-1.10971E-1
2.03975E+11	1.34814E-4	-1.45872E+1	-1.67039E-1	-8.29098E-2
2.04050E+11	1.59013E-4	-1.39541E+1	-2.90485E-2	1.98468E-1
2.04125E+11	1.52209E-4	-1.40685E+1	1.78249E-1	-8.61073E-2
2.04200E+11	1.42852E-4	-1.41809E+1	-1.36034E-1	-1.40291E-1
2.04275E+11	1.55602E-4	-1.41449E+1	-4.82541E-2	1.90200E-1
2.04350E+11	1.38928E-4	-1.49238E+1	1.66169E-1	-6.76033E-2
2.04425E+11	1.64100E-4	-1.43014E+1	-1.64073E-1	-1.01100E-1
2.04500E+11	1.28611E-4	-1.50859E+1	1.58660E-2	1.75362E-1
2.04575E+11	1.60658E-4	-1.37493E+1	1.97878E-1	-5.49619E-2
2.04650E+11	1.34216E-4	-1.41751E+1	-1.16506E-1	-1.57048E-1
2.04725E+11	1.37690E-4	-1.45649E+1	-1.45437E-1	1.17487E-1
2.04800E+11	1.38458E-4	-1.52586E+1	1.58529E-1	6.82880E-2
2.04875E+11	1.11049E-4	-1.63494E+1	-6.15045E-3	-1.52116E-1
2.04950E+11	1.44306E-4	-1.53291E+1	-1.43771E-1	9.29779E-2
2.05025E+11	1.20238E-4	-1.61372E+1	1.42438E-1	6.36340E-2
2.05100E+11	1.43941E-4	-1.52854E+1	1.84705E-2	-1.71086E-1
2.05175E+11	1.21814E-4	-1.61720E+1	-1.26669E-1	8.99902E-2
2.05250E+11	1.27689E-4	-1.59481E+1	1.39765E-1	7.67240E-2
2.05325E+11	1.29029E-4	-1.61077E+1	-3.51248E-2	-1.52544E-1
2.05400E+11	1.19062E-4	-1.63849E+1	-1.32478E-1	7.37434E-2
2.05475E+11	1.32503E-4	-1.58685E+1	1.11021E-1	1.16470E-1
2.05550E+11	1.14604E-4	-1.67684E+1	7.24440E-2	-1.25688E-1
2.05625E+11	1.50344E-4	-1.56732E+1	-1.60746E-1	-3.52544E-2
2.05700E+11	1.19108E-4	-1.65022E+1	8.03058E-2	1.26202E-1
2.05775E+11	1.41137E-4	-1.58087E+1	6.64777E-2	-1.47752E-1
2.05850E+11	1.28273E-4	-1.63845E+1	-1.41610E-1	5.41947E-2
2.05925E+11	1.27822E-4	-1.64036E+1	8.30686E-2	1.26448E-1
2.06000E+11	1.39630E-4	-1.59723E+1	9.94562E-2	-1.24049E-1
2.06075E+11	1.21129E-4	-1.67369E+1	-1.33858E-1	-5.72790E-2
2.06150E+11	1.65308E-4	-1.55474E+1	-2.39922E-2	1.65233E-1
2.06225E+11	1.34208E-4	-1.65264E+1	1.39891E-1	-5.17870E-2
2.06300E+11	1.58962E-4	-1.58865E+1	-7.97003E-2	-1.39398E-1
2.06375E+11	1.37994E-4	-1.64890E+1	-6.14956E-2	1.36610E-1
2.06450E+11	1.39966E-4	-1.63165E+1	1.52814E-1	-1.10157E-3
2.06525E+11	1.48009E-4	-1.58917E+1	-1.21502E-1	-1.04836E-1
2.06600E+11	1.15524E-4	-1.66636E+1	1.46536E-2	1.46098E-1
2.06675E+11	1.42806E-4	-1.58058E+1	1.11452E-1	-1.17670E-1
2.06750E+11	1.22058E-4	-1.67788E+1	-1.37816E-1	-4.47442E-2
2.06825E+11	1.51590E-4	-1.56644E+1	-5.43162E-2	1.55521E-1
2.06900E+11	1.19822E-4	-1.65081E+1	1.49404E-1	-4.86856E-3
2.06975E+11	1.25626E-4	-1.62086E+1	-3.12983E-2	-1.51529E-1
2.07050E+11	1.31052E-4	-1.62655E+1	-9.39123E-2	1.21695E-1
2.07125E+11	1.22336E-4	-1.65153E+1	1.48293E-1	1.78189E-2
2.07200E+11	1.50396E-4	-1.55957E+1	-7.62612E-2	-1.47492E-1
2.07275E+11	1.08949E-4	-1.69811E+1	-8.42144E-2	1.13787E-1
2.07350E+11	1.45668E-4	-1.58523E+1	1.48397E-1	6.29777E-2
2.07425E+11	1.07211E-4	-1.70264E+1	-2.82913E-2	-1.37953E-1
2.07500E+11	1.28262E-4	-1.62350E+1	-1.36332E-1	7.21765E-2
2.07575E+11	1.17861E-4	-1.65025E+1	1.37060E-1	5.99085E-2
2.07650E+11	1.09810E-4	-1.66188E+1	2.30899E-2	-1.45774E-1
2.07725E+11	1.34464E-4	-1.59900E+1	-1.51456E-1	4.73093E-2
2.07800E+11	1.08802E-4	-1.68895E+1	9.96575E-2	1.02641E-1
2.07875E+11	1.52991E-4	-1.56995E+1	3.93259E-2	-1.59285E-1
2.07950E+11	1.19569E-4	-1.68079E+1	-1.23232E-1	7.52902E-2
2.08025E+11	1.49953E-4	-1.58193E+1	1.33976E-1	9.07550E-2
2.08100E+11	1.37410E-4	-1.61689E+1	-2.88904E-3	-1.55410E-1
2.08175E+11	1.49499E-4	-1.59504E+1	-1.51411E-1	4.98178E-2
2.08250E+11	1.68096E-4	-1.54232E+1	1.29447E-1	1.09225E-1
2.08325E+11	1.30182E-4	-1.62706E+1	3.55968E-2	-1.49447E-1
2.08400E+11	1.56939E-4	-1.53302E+1	-1.67492E-1	3.54080E-2
2.08475E+11	1.07076E-4	-1.68919E+1	9.16570E-2	1.09792E-1
2.08550E+11	1.36850E-4	-1.57939E+1	9.01456E-2	-1.34956E-1
2.08625E+11	1.25558E-4	-1.65521E+1	-1.46970E-1	2.28082E-2
2.08700E+11	1.35581E-4	-1.62281E+1	1.04675E-1	1.13476E-1
2.08775E+11	1.42117E-4	-1.61136E+1	-5.84739E-3	-1.56321E-1
2.08850E+11	1.33205E-4	-1.63699E+1	-1.18807E-1	9.46196E-2
2.08925E+11	1.56068E-4	-1.56300E+1	1.43006E-1	8.30770E-2
2.09000E+11	1.31778E-4	-1.65716E+1	3.70915E-2	-1.43684E-1
2.09075E+11	1.55812E-4	-1.57303E+1	-1.61724E-1	-2.39456E-2
2.09150E+11	1.30313E-4	-1.64922E+1	6.81108E-2	1.33373E-1
2.09225E+11	1.50633E-4	-1.59336E+1	9.70588E-2	-1.26829E-1
2.09300E+11	1.42110E-4	-1.59535E+1	-1.58880E-1	1.20992E-2
2.09375E+11	1.28809E-4	-1.64036E+1	7.52790E-2	1.31236E-1
2.09450E+11	1.45423E-4	-1.58409E+1	8.67456E-2	-1.36130E-1
2.09525E+11	1.18029E-4	-1.68109E+1	-1.43509E-1	-1.56821E-2
2.09600E+11	1.54147E-4	-1.57496E+1	4.52525E-2	1.56722E-1
2.09675E+11	1.25403E-4	-1.65612E+1	9.44025E-2	-1.14726E-1
2.09750E+11	1.46200E-4	-1.58821E+1	-1.46814E-1	-6.52349E-2
2.09825E+11	1.52418E-4	-1.57818E+1	1.07721E-2	1.62163E-1
2.09900E+11	1.43117E-4	-1.59437E+1	1.47287E-1	-6.12622E-2
2.09975E+11	1.71685E-4	-1.51641E+1	-1.44161E-1	-9.83245E-2
2.10050E+11	1.44983E-4	-1.59255E+1	2.40975E-2	1.58027E-1
2.10125E+11	1.66003E-4	-1.53297E+1	1.20874E-1	-1.21246E-1
2.10200E+11	1.22795E-4	-1.65677E+1	-1.48461E-1	-3.02424E-4
2.10275E+11	1.34744E-4	-1.59378E+1	3.58763E-2	1.55545E-1
2.10350E+11	1.13787E-4	-1.66845E+1	1.13232E-1	-9.29225E-2
2.10425E+11	1.24393E-4	-1.64867E+1	-1.12029E-1	-9.95266E-2
2.10500E+11	1.37466E-4	-1.61714E+1	-3.54050E-2	1.51306E-1
2.10575E+11	1.18047E-4	-1.67745E+1	1.43551E-1	-2.02298E-2
2.10650E+11	1.49775E-4	-1.56927E+1	-8.32973E-2	-1.41500E-1
2.10725E+11	1.17674E-4	-1.66878E+1	-6.69407E-2	1.30226E-1
2.10800E+11	1.60300E-4	-1.51847E+1	1.73446E-1	1.49255E-2
2.10875E+11	1.35189E-4	-1.58205E+1	-1.03274E-1	-1.24552E-1
2.10950E+11	1.48311E-4	-1.55474E+1	-6.75363E-2	1.52698E-1
2.11025E+11	1.52426E-4	-1.53863E+1	1.63487E-1	-4.69394E-2
2.11100E+11	1.21547E-4	-1.61591E+1	-9.94380E-2	-1.19697E-1
2.11175E+11	1.57327E-4	-1.52427E+1	-9.18176E-2	1.46540E-1
2.11250E+11	1.11765E-4	-1.65288E+1	1.48505E-1	1.36164E-2
2.11325E+11	1.44652E-4	-1.54242E+1	-3.11123E-2	-1.66470E-1
2.11400E+11	1.14869E-4	-1.65239E+1	-9.57456E-2	1.14443E-1
2.11475E+11	1.31424E-4	-1.58820E+1	1.47546E-1	6.35669E-2
2.11550E+11	1.27974E-4	-1.60126E+1	-5.15666E-2	-1.49623E-1
2.11625E+11	1.17016E-4	-1.63790E+1	-1.13612E-1	1.00559E-1
2.11700E+11	1.53243E-4	-1.54047E+1	1.64731E-1	4.09021E-2
2.11775E+11	1.25119E-4	-1.62375E+1	-5.15942E-2	-1.45327E-1
2.11850E+11	1.73829E-4	-1.48765E+1	-1.36870E-1	1.17480E-1
2.11925E+11	1.12602E-4	-1.64638E+1	1.43522E-1	4.44514E-2
2.12000E+11	1.44627E-4	-1.54135E+1	4.26372E-2	-1.64112E-1
2.12075E+11	1.13905E-4	-1.63511E+1	-1.39909E-1	5.99460E-2
2.12150E+11	1.22693E-4	-1.61053E+1	1.09977E-1	1.11454E-1
2.12225E+11	1.52604E-4	-1.53356E+1	-8.28266E-3	-1.70888E-1
2.12300E+11	1.20007E-4	-1.63773E+1	-1.12973E-1	1.01321E-1
2.12375E+11	1.66398E-4	-1.50048E+1	1.69728E-1	5.27296E-2
2.12450E+11	1.08157E-4	-1.68896E+1	-3.38147E-2	-1.39007E-1
2.12525E+11	1.57223E-4	-1.52709E+1	-1.64470E-1	5.15757E-2
2.12600E+11	1.21932E-4	-1.61156E+1	1.30579E-1	8.60708E-2
2.12675E+11	1.30473E-4	-1.56789E+1	5.94771E-2	-1.53326E-1
2.12750E+11	1.30087E-4	-1.54646E+1	-1.60860E-1	5.03825E-2
2.12825E+11	1.09857E-4	-1.63246E+1	9.22978E-2	1.21617E-1
2.12900E+11	1.47234E-4	-1.50498E+1	9.46533E-2	-1.49341E-1
2.12975E+11	1.04317E-4	-1.68189E+1	-1.44078E-1	-6.61422E-3
2.13050E+11	1.50791E-4	-1.51806E+1	4.66443E-2	1.67807E-1
2.13125E+11	1.06931E-4	-1.67781E+1	7.00882E-2	-1.26831E-1
2.13200E+11	1.37881E-4	-1.57205E+1	-1.59132E-1	-3.82806E-2
2.13275E+11	1.38055E-4	-1.59273E+1	6.78363E-2	1.44711E-1
2.13350E+11	1.16692E-4	-1.65675E+1	1.21577E-1	-8.52115E-2
2.13425E+11	1.64013E-4	-1.51411E+1	-1.52476E-1	-8.58053E-2
2.13500E+11	1.16314E-4	-1.67760E+1	-7.99592E-4	1.44942E-1
2.13575E+11	1.78619E-4	-1.49243E+1	1.72230E-1	-5.01549E-2
2.13650E+11	1.15271E-4	-1.67836E+1	-1.21075E-1	-7.94531E-2
2.13725E+11	1.56977E-4	-1.55128E+1	-7.31833E-2	1.50814E-1
2.13800E+11	1.21265E-4	-1.63134E+1	1.45832E-1	-4.58606E-2
2.13875E+11	1.21789E-4	-1.62825E+1	-9.08658E-2	-1.23613E-1
2.13950E+11	1.77052E-4	-1.46354E+1	-3.96864E-2	1.81156E-1
2.14025E+11	1.33797E-4	-1.56826E+1	1.56351E-1	-5.07689E-2
2.14100E+11	2.08281E-4	-1.38699E+1	-1.08667E-1	-1.70918E-1
2.14175E+11	1.32780E-4	-1.55598E+1	-8.94431E-2	1.40706E-1
2.14250E+11	1.70567E-4	-1.44179E+1	1.60389E-1	1.02144E-1
2.14325E+11	1.37125E-4	-1.53149E+1	-3.39103E-2	-1.68110E-1
2.14400E+11	1.46937E-4	-1.51730E+1	-1.41260E-1	1.02145E-1
2.14475E+11	1.81576E-4	-1.44187E+1	1.89958E-1	8.22895E-3
2.14550E+11	1.37045E-4	-1.57144E+1	-8.75750E-2	-1.38409E-1
2.14625E+11	2.19503E-4	-1.37900E+1	-1.01970E-1	1.77160E-1
2.14700E+11	1.30175E-4	-1.60279E+1	1.57541E-1	-1.17813E-2
2.14775E+11	1.87492E-4	-1.45866E+1	-4.11177E-2	-1.81907E-1
2.14850E+11	1.45619E-4	-1.55616E+1	-9.44024E-2	1.37387E-1
2.14925E+11	1.42858E-4	-1.54779E+1	1.50517E-1	7.53165E-2
2.15000E+11	1.64276E-4	-1.49624E+1	-3.05343E-2	-1.75969E-1
2.15075E+11	1.21729E-4	-1.63237E+1	-1.38340E-1	6.46281E-2
2.15150E+11	1.95324E-4	-1.45207E+1	1.49428E-1	1.13948E-1
2.15225E+11	1.15918E-4	-1.66202E+1	-1.97359E-4	-1.47567E-1
2.15300E+11	1.79172E-4	-1.47550E+1	-1.75435E-1	5.17778E-2
2.15375E+11	1.24345E-4	-1.61369E+1	1.33233E-1	8.11665E-2
2.15450E+11	1.54076E-4	-1.52442E+1	8.36058E-2	-1.51340E-1
2.15525E+11	1.52468E-4	-1.51768E+1	-1.74230E-1	-2.36597E-3
2.15600E+11	1.23143E-4	-1.61173E+1	1.14265E-2	1.55945E-1
2.15675E+11	1.91308E-4	-1.42836E+1	1.55614E-1	-1.14362E-1
2.15750E+11	1.17751E-4	-1.63535E+1	-1.48732E-1	-3.21605E-2
2.15825E+11	2.03116E-4	-1.40440E+1	6.38513E-2	1.87970E-1
2.15900E+11	1.21608E-4	-1.62246E+1	5.55174E-2	-1.44121E-1
2.15975E+11	1.55770E-4	-1.51333E+1	-1.71467E-1	-3.55790E-2
2.16050E+11	1.43038E-4	-1.56850E+1	8.43022E-2	1.41072E-1
2.16125E+11	1.26863E-4	-1.62771E+1	1.16580E-1	-9.98768E-2
2.16200E+11	1.81560E-4	-1.45928E+1	-1.82318E-1	-3.86171E-2
2.16275E+11	1.20416E-4	-1.64117E+1	4.30938E-2	1.44879E-1
2.16350E+11	2.17215E-4	-1.39757E+1	1.63917E-1	-1.14741E-1
2.16425E+11	1.32682E-4	-1.60541E+1	-1.48561E-1	-5.23212E-2
2.16500E+11	1.74061E-4	-1.46357E+1	-4.89930E-2	1.78856E-1
2.16575E+11	1.45559E-4	-1.53518E+1	1.46033E-1	-8.85238E-2
2.16650E+11	1.46164E-4	-1.55562E+1	-1.22435E-1	-1.13276E-1
2.16725E+11	2.02888E-4	-1.41012E+1	1.12360E-2	1.96895E-1
2.16800E+11	1.35592E-4	-1.59556E+1	1.39736E-1	-7.64925E-2
2.16875E+11	2.36462E-4	-1.37253E+1	-1.60526E-1	-1.29003E-1
2.16950E+11	1.33298E-4	-1.61623E+1	-1.47428E-2	1.54855E-1
2.17025E+11	1.86854E-4	-1.44689E+1	1.88951E-1	-5.81989E-3
2.17100E+11	1.42640E-4	-1.57384E+1	-1.24044E-1	-1.06262E-1
2.17175E+11	1.44721E-4	-1.54841E+1	-9.05862E-2	1.41708E-1
2.17250E+11	1.78748E-4	-1.44587E+1	1.87413E-1	-2.63993E-2
2.17325E+11	1.25139E-4	-1.59504E+1	-6.48680E-2	-1.45600E-1
2.17400E+11	2.10818E-4	-1.36221E+1	-1.29456E-1	1.63312E-1
2.17475E+11	1.14612E-4	-1.62034E+1	1.54792E-1	-3.02909E-3
2.17550E+11	1.84186E-4	-1.39779E+1	-6.95390E-2	-1.87558E-1
2.17625E+11	1.23879E-4	-1.56884E+1	-6.12018E-2	1.52452E-1
2.17700E+11	1.42340E-4	-1.50715E+1	1.61915E-1	6.99294E-2
2.17775E+11	1.67559E-4	-1.44369E+1	-3.97770E-2	-1.85521E-1
2.17850E+11	1.30769E-4	-1.54363E+1	-1.59103E-1	5.73310E-2
2.17925E+11	2.29237E-4	-1.31235E+1	1.75343E-1	1.34046E-1
2.18000E+11	1.19863E-4	-1.58884E+1	-9.77657E-3	-1.60240E-1
2.18075E+11	2.06306E-4	-1.35032E+1	-1.87991E-1	9.64074E-2
2.18150E+11	1.39439E-4	-1.52349E+1	1.68905E-1	3.78032E-2
2.18225E+11	1.63477E-4	-1.46017E+1	2.54800E-2	-1.84421E-1
2.18300E+11	1.59269E-4	-1.46316E+1	-1.50208E-1	1.08901E-1
2.18375E+11	1.12327E-4	-1.60219E+1	1.13894E-1	1.09638E-1
2.18450E+11	2.15300E-4	-1.33388E+1	2.18709E-2	-2.14193E-1
2.18525E+11	1.15460E-4	-1.56418E+1	-1.55517E-1	5.56143E-2
2.18600E+11	2.06421E-4	-1.30325E+1	1.12576E-1	1.92541E-1
2.18675E+11	1.17990E-4	-1.57645E+1	7.37174E-2	-1.45205E-1
2.18750E+11	1.70962E-4	-1.43961E+1	-1.70948E-1	-8.43617E-2
2.18825E+11	1.50790E-4	-1.46391E+1	8.26900E-2	1.65907E-1
2.18900E+11	1.38867E-4	-1.50848E+1	1.20964E-1	-1.27980E-1
2.18975E+11	2.18082E-4	-1.28212E+1	-2.28495E-1	3.99214E-3
2.19050E+11	1.28524E-4	-1.50200E+1	5.67527E-2	1.68097E-1
2.19125E+11	2.24862E-4	-1.24121E+1	2.13569E-1	-1.08501E-1
2.19200E+11	1.23939E-4	-1.52454E+1	-1.37481E-1	-1.04808E-1
2.19275E+11	1.92159E-4	-1.35087E+1	-1.07158E-1	1.81923E-1
2.19350E+11	1.66743E-4	-1.41341E+1	1.78564E-1	-8.19469E-2
2.19425E+11	1.49277E-4	-1.44948E+1	-1.24737E-1	-1.41297E-1
2.19500E+11	2.22070E-4	-1.26172E+1	-2.85449E-2	2.32210E-1
2.19575E+11	1.31532E-4	-1.51415E+1	1.72219E-1	-3.08224E-2
2.19650E+11	2.44890E-4	-1.23324E+1	-1.34865E-1	-2.00644E-1
2.19725E+11	1.37989E-4	-1.50946E+1	-4.75861E-2	1.69344E-1
2.19800E+11	2.09539E-4	-1.30169E+1	2.21930E-1	-2.59105E-2
2.19875E+11	1.61330E-4	-1.39290E+1	-1.63213E-1	-1.17593E-1
2.19950E+11	1.58673E-4	-1.37725E+1	-1.20404E-1	1.65695E-1
2.20025E+11	2.05977E-4	-1.27223E+1	2.27847E-1	3.89061E-2
2.20100E+11	1.29941E-4	-1.49386E+1	1.24624E-2	-1.78655E-1
2.20175E+11	2.48987E-4	-1.22911E+1	-2.08308E-1	1.24950E-1
2.20250E+11	1.35472E-4	-1.49323E+1	1.76698E-1	2.99582E-2
2.20325E+11	2.41850E-4	-1.22711E+1	-9.12617E-2	-2.25717E-1
2.20400E+11	1.69763E-4	-1.36375E+1	-7.44301E-2	1.94259E-1
2.20475E+11	1.90049E-4	-1.34289E+1	2.04487E-1	5.99194E-2
2.20550E+11	2.23979E-4	-1.28769E+1	-7.09224E-2	-2.15708E-1
2.20625E+11	1.57914E-4	-1.41918E+1	-1.70469E-1	9.50314E-2
2.20700E+11	2.98379E-4	-1.11363E+1	2.44772E-1	1.30632E-1
2.20775E+11	1.47765E-4	-1.37255E+1	1.27886E-2	-2.05534E-1
2.20850E+11	2.76637E-4	-1.08361E+1	-2.86496E-1	2.01786E-2
2.20925E+11	1.69652E-4	-1.31785E+1	1.27206E-1	1.78659E-1
2.21000E+11	2.26243E-4	-1.24759E+1	1.71063E-1	-1.65179E-1
2.21075E+11	2.16306E-4	-1.28173E+1	-2.24264E-1	4.44674E-2
2.21150E+11	1.74877E-4	-1.35860E+1	1.14089E-1	1.75431E-1
2.21225E+11	2.95027E-4	-1.11518E+1	1.10907E-1	-2.53778E-1
2.21300E+11	1.70143E-4	-1.33009E+1	-2.03552E-1	-7.30110E-2
2.21375E+11	3.05871E-4	-1.10563E+1	-7.39439E-2	2.70077E-1
2.21450E+11	1.84030E-4	-1.36696E+1	1.97156E-1	-6.39352E-2
2.21525E+11	2.66025E-4	-1.21043E+1	-1.82699E-1	-1.67987E-1
2.21600E+11	2.40361E-4	-1.24094E+1	7.60715E-2	2.27229E-1
2.21675E+11	1.96864E-4	-1.31713E+1	1.71918E-1	-1.36471E-1
2.21750E+11	3.05845E-4	-1.16179E+1	-2.47214E-1	-8.82309E-2
2.21825E+11	1.76270E-4	-1.43405E+1	-5.05950E-2	1.85064E-1
2.21900E+11	3.58399E-4	-1.16280E+1	2.61589E-1	-1.75999E-2
2.21975E+11	1.92184E-4	-1.44632E+1	-1.51392E-1	-1.13417E-1
2.22050E+11	3.19953E-4	-1.21728E+1	-2.83175E-3	2.46224E-1
2.22125E+11	2.47475E-4	-1.29468E+1	1.44098E-1	-1.73125E-1
2.22200E+11	2.38396E-4	-1.29487E+1	-1.63175E-1	-1.55202E-1
2.22275E+11	3.01292E-4	-1.21564E+1	-1.06714E-1	2.22433E-1
2.22350E+11	1.89846E-4	-1.45547E+1	1.73766E-1	6.95896E-2
2.22425E+11	3.69163E-4	-1.18754E+1	-1.02147E-1	-2.33450E-1
2.22500E+11	1.84096E-4	-1.49221E+1	-3.16916E-2	1.76609E-1
2.22575E+11	3.43937E-4	-1.21389E+1	2.24763E-1	-1.02914E-1
2.22650E+11	2.00216E-4	-1.44266E+1	-1.69272E-1	-8.62129E-2
2.22725E+11	2.54673E-4	-1.33813E+1	-1.18358E-1	1.78599E-1
2.22800E+11	2.47280E-4	-1.36133E+1	2.07974E-1	1.62613E-2
2.22875E+11	2.11864E-4	-1.45409E+1	-3.23708E-2	-1.84664E-1
2.22950E+11	3.31933E-4	-1.23640E+1	-1.34976E-1	1.99512E-1
2.23025E+11	1.91153E-4	-1.46816E+1	1.82859E-1	2.43029E-2
2.23100E+11	3.56133E-4	-1.19136E+1	-3.56615E-3	-2.53674E-1
2.23175E+11	2.07013E-4	-1.42498E+1	-1.72221E-1	8.90248E-2
2.23250E+11	2.83498E-4	-1.30290E+1	1.45539E-1	1.69126E-1
2.23325E+11	2.44519E-4	-1.34829E+1	-6.37160E-2	-2.01953E-1
2.23400E+11	1.99487E-4	-1.41678E+1	-1.35256E-1	1.41449E-1
2.23475E+11	3.08249E-4	-1.22294E+1	2.42904E-1	2.90904E-2
2.23550E+11	1.77514E-4	-1.47936E+1	2.81809E-2	-1.79911E-1
2.23625E+11	3.22872E-4	-1.19300E+1	-2.50083E-1	-3.97406E-2
2.23700E+11	1.73713E-4	-1.45017E+1	9.07165E-2	1.65039E-1
2.23775E+11	2.54320E-4	-1.27207E+1	9.19083E-2	-2.12133E-1
2.23850E+11	2.00124E-4	-1.39257E+1	-1.28698E-1	1.54708E-1
2.23925E+11	1.96528E-4	-1.40052E+1	1.75917E-1	9.38965E-2
2.24000E+11	2.50260E-4	-1.26251E+1	-1.35531E-4	-2.33747E-1
2.24075E+11	1.56064E-4	-1.47372E+1	-1.81504E-1	-2.55216E-2
2.24150E+11	2.93349E-4	-1.16690E+1	9.72416E-2	2.42151E-1
2.24225E+11	1.43510E-4	-1.48117E+1	5.29801E-2	-1.73831E-1
2.24300E+11	2.70705E-4	-1.21447E+1	-2.39672E-1	5.98771E-2
2.24375E+11	1.76809E-4	-1.42631E+1	1.66378E-1	9.89401E-2
2.24450E+11	2.00836E-4	-1.35573E+1	1.40351E-1	-1.56155E-1
2.24525E+11	2.19121E-4	-1.32969E+1	-2.04234E-1	-7.13826E-2
2.24600E+11	1.56439E-4	-1.46875E+1	-4.10040E-2	1.79724E-1
2.24675E+11	2.88341E-4	-1.20975E+1	1.92732E-1	-1.56683E-1
2.24750E+11	1.50305E-4	-1.50902E+1	-1.70591E-1	-4.32593E-2
2.24825E+11	3.03067E-4	-1.19138E+1	-5.01164E-2	2.48695E-1
2.24900E+11	1.75802E-4	-1.44766E+1	1.88867E-1	1.38466E-3
2.24975E+11	2.32832E-4	-1.29772E+1	9.56798E-2	-2.03046E-1
2.25050E+11	2.25187E-4	-1.34380E+1	-1.92636E-1	9.05621E-2
2.25125E+11	1.72133E-4	-1.41489E+1	1.61120E-1	1.11846E-1
2.25200E+11	2.94727E-4	-1.18642E+1	-1.00559E-1	-2.34494E-1
2.25275E+11	1.59714E-4	-1.47771E+1	-1.51320E-1	1.01932E-1
2.25350E+11	3.06931E-4	-1.17333E+1	1.05611E-1	2.36513E-1
2.25425E+11	1.58854E-4	-1.47279E+1	1.39514E-1	-1.19178E-1
2.25500E+11	2.50845E-4	-1.24563E+1	-1.92341E-1	-1.40741E-1
2.25575E+11	1.64067E-4	-1.40279E+1	1.43053E-1	1.38174E-1
2.25650E+11	1.71140E-4	-1.39130E+1	6.81343E-2	-1.89668E-1
2.25725E+11	2.39815E-4	-1.23222E+1	-2.23732E-1	9.23504E-2
2.25800E+11	1.33391E-4	-1.48543E+1	3.01620E-2	1.78304E-1
2.25875E+11	2.81610E-4	-1.15285E+1	2.58223E-1	-6.04321E-2
2.25950E+11	1.31658E-4	-1.49620E+1	-1.39149E-1	-1.11974E-1
2.26025E+11	2.37607E-4	-1.23695E+1	-2.92963E-2	2.38937E-1
2.26100E+11	1.64428E-4	-1.41980E+1	9.49216E-2	-1.70371E-1
2.26175E+11	1.86932E-4	-1.35753E+1	-1.79740E-1	-1.07679E-1
2.26250E+11	2.31323E-4	-1.27765E+1	3.13755E-3	2.29686E-1
2.26325E+11	1.48834E-4	-1.45937E+1	1.86284E-1	4.68372E-3
2.26400E+11	3.03620E-4	-1.15552E+1	-1.47949E-1	-2.19114E-1
2.26475E+11	1.45625E-4	-1.48568E+1	-4.89784E-2	1.74023E-1
2.26550E+11	2.83536E-4	-1.20041E+1	2.50440E-1	1.77935E-2
2.26625E+11	1.61392E-4	-1.46203E+1	-8.17395E-2	-1.66825E-1
2.26700E+11	2.15098E-4	-1.35505E+1	-2.09201E-1	1.96720E-2
2.26775E+11	2.21327E-4	-1.34107E+1	1.61976E-1	1.39140E-1
2.26850E+11	1.54737E-4	-1.48310E+1	6.14029E-2	-1.70608E-1
2.26925E+11	2.88053E-4	-1.21660E+1	-1.90428E-1	1.56418E-1
2.27000E+11	1.26689E-4	-1.54627E+1	1.56312E-1	6.31939E-2
2.27075E+11	2.86997E-4	-1.21238E+1	9.36658E-2	-2.29236E-1
2.27150E+11	1.29918E-4	-1.54886E+1	-1.68026E-1	4.97995E-3
2.27225E+11	2.03600E-4	-1.35790E+1	1.41773E-2	2.08955E-1
2.27300E+11	1.68116E-4	-1.43002E+1	3.83856E-2	-1.88887E-1
2.27375E+11	1.50260E-4	-1.46610E+1	-1.75610E-1	5.78917E-2
2.27450E+11	2.40289E-4	-1.24880E+1	2.20732E-1	8.75633E-2
2.27525E+11	1.20040E-4	-1.54057E+1	5.07682E-2	-1.61941E-1
2.27600E+11	2.66987E-4	-1.18631E+1	-2.42154E-1	-8.04829E-2
2.27675E+11	1.35924E-4	-1.46664E+1	5.66598E-2	1.75890E-1
2.27750E+11	1.94262E-4	-1.26022E+1	1.71907E-1	-1.59292E-1
2.27825E+11	1.47759E-4	-1.37689E+1	-1.73219E-1	1.09460E-1
2.27900E+11	1.42864E-4	-1.35829E+1	1.56569E-1	1.38962E-1
2.27975E+11	1.94163E-4	-1.21240E+1	2.46185E-2	-2.46401E-1
2.28050E+11	1.13349E-4	-1.41748E+1	-1.92758E-1	-3.29328E-2
2.28125E+11	2.23344E-4	-1.11137E+1	2.24365E-2	2.77266E-1
2.28200E+11	1.03920E-4	-1.42265E+1	1.24277E-1	-1.49475E-1
2.28275E+11	1.73490E-4	-1.18822E+1	-2.48587E-1	-5.50944E-2
2.28350E+11	1.17929E-4	-1.39887E+1	1.51654E-1	1.30059E-1
2.28425E+11	1.29226E-4	-1.34649E+1	1.39425E-1	-1.59973E-1
2.28500E+11	1.43809E-4	-1.32216E+1	-2.17976E-1	-1.05681E-2
2.28575E+11	1.01328E-4	-1.44114E+1	-5.31060E-3	1.90223E-1
2.28650E+11	1.79544E-4	-1.17184E+1	2.05615E-1	-1.58256E-1
2.28725E+11	8.50625E-5	-1.49195E+1	-1.76207E-1	-3.41414E-2
2.28800E+11	1.65439E-4	-1.18267E+1	4.21964E-2	2.52753E-1
2.28875E+11	1.06378E-4	-1.36674E+1	1.09040E-1	-1.76322E-1
2.28950E+11	1.37092E-4	-1.26832E+1	-2.03484E-1	-1.11827E-1
2.29025E+11	1.42553E-4	-1.28576E+1	6.32521E-2	2.18607E-1
2.29100E+11	9.93886E-5	-1.40683E+1	1.80032E-1	-8.23275E-2
2.29175E+11	1.54294E-4	-1.20286E+1	-2.36654E-1	-8.17068E-2
2.29250E+11	8.57226E-5	-1.43133E+1	6.80385E-2	1.80030E-1
2.29325E+11	1.60076E-4	-1.18606E+1	1.93212E-1	-1.66804E-1
2.29400E+11	1.04858E-4	-1.36262E+1	-2.03792E-1	-4.31039E-2
2.29475E+11	1.47744E-4	-1.21208E+1	-3.34309E-2	2.45453E-1
2.29550E+11	1.28562E-4	-1.28479E+1	1.46051E-1	-1.74854E-1
2.29625E+11	1.05512E-4	-1.34482E+1	-1.83202E-1	-1.07895E-1
2.29700E+11	1.38587E-4	-1.22967E+1	4.33511E-2	2.38852E-1
2.29775E+11	8.76300E-5	-1.40842E+1	1.67575E-1	-1.04714E-1
2.29850E+11	1.49359E-4	-1.20230E+1	-1.78401E-1	-1.75883E-1
2.29925E+11	8.55214E-5	-1.42061E+1	-3.75284E-2	1.91200E-1
2.30000E+11	1.27725E-4	-1.27796E+1	2.27608E-1	-3.03676E-2
2.30075E+11	1.01251E-4	-1.38898E+1	-1.87047E-1	-7.64639E-2
2.30150E+11	9.77769E-5	-1.42844E+1	-4.46951E-2	1.87855E-1
2.30225E+11	1.22379E-4	-1.33152E+1	2.10966E-1	-4.58596E-2
2.30300E+11	8.52530E-5	-1.48306E+1	-5.20071E-2	-1.73712E-1
2.30375E+11	1.13723E-4	-1.36874E+1	-1.79827E-1	1.02197E-1
2.30450E+11	8.57922E-5	-1.49079E+1	1.68796E-1	6.17116E-2
2.30525E+11	1.11699E-4	-1.38201E+1	-2.83587E-2	-2.01718E-1
2.30600E+11	9.19006E-5	-1.47165E+1	-1.07112E-1	1.49275E-1
2.30675E+11	9.39638E-5	-1.46402E+1	1.54472E-1	1.02434E-1
2.30750E+11	1.16482E-4	-1.38380E+1	5.03495E-2	-1.96949E-1
2.30825E+11	8.40169E-5	-1.50946E+1	-1.75881E-1	2.64181E-3
2.30900E+11	1.06264E-4	-1.42525E+1	1.02869E-1	1.64256E-1
2.30975E+11	8.91100E-5	-1.50947E+1	7.88118E-3	-1.75722E-1
2.31050E+11	8.69928E-5	-1.51652E+1	-1.67951E-1	4.72721E-2
2.31125E+11	8.86560E-5	-1.49374E+1	1.01029E-1	1.47903E-1
2.31200E+11	8.11989E-5	-1.52086E+1	1.62968E-1	-5.98427E-2
2.31275E+11	1.06892E-4	-1.39995E+1	-1.31309E-1	-1.50245E-1
2.31350E+11	7.88679E-5	-1.48870E+1	-4.12296E-2	1.75375E-1
2.31425E+11	9.85866E-5	-1.38300E+1	1.80661E-1	-9.36038E-2
2.31500E+11	7.04960E-5	-1.49520E+1	-1.76271E-1	-3.00500E-2
2.31575E+11	6.47587E-5	-1.52669E+1	-1.01290E-2	1.72149E-1
2.31650E+11	7.20965E-5	-1.44094E+1	1.84424E-1	-4.70862E-2
2.31725E+11	6.83547E-5	-1.46049E+1	-4.34088E-2	-1.80970E-1
2.31800E+11	9.14178E-5	-1.32770E+1	-1.23486E-1	1.78251E-1
2.31875E+11	5.37279E-5	-1.51679E+1	1.72394E-1	-2.65373E-2
2.31950E+11	8.25789E-5	-1.34283E+1	-1.31524E-1	-1.67670E-1
2.32025E+11	5.24610E-5	-1.52475E+1	-5.48757E-2	1.63889E-1
2.32100E+11	4.22113E-5	-1.60281E+1	1.29548E-1	9.04106E-2
2.32175E+11	4.83280E-5	-1.50723E+1	1.07419E-2	-1.76026E-1
2.32250E+11	3.43674E-5	-1.60564E+1	-1.54925E-1	2.81634E-2
2.32325E+11	5.23169E-5	-1.41855E+1	1.64109E-1	1.05896E-1
2.32400E+11	3.45360E-5	-1.57994E+1	2.90341E-2	-1.59572E-1
2.32475E+11	6.21980E-5	-1.32742E+1	-2.16885E-1	3.69615E-3
2.32550E+11	3.80768E-5	-1.51934E+1	6.43033E-2	1.61586E-1
2.32625E+11	4.57061E-5	-1.42545E+1	1.81183E-1	-6.86823E-2
2.32700E+11	4.57463E-5	-1.43249E+1	-1.88559E-1	-3.72400E-2
2.32775E+11	3.24855E-5	-1.59818E+1	1.73202E-2	1.57875E-1
2.32850E+11	5.11591E-5	-1.39715E+1	1.40326E-1	-1.42765E-1
2.32925E+11	3.38640E-5	-1.61191E+1	-1.09933E-1	-1.11148E-1
2.33000E+11	6.88111E-5	-1.32876E+1	-9.79557E-2	1.93162E-1
2.33075E+11	3.42170E-5	-1.62372E+1	1.49569E-1	-3.75906E-2
2.33150E+11	6.15629E-5	-1.35077E+1	-1.50976E-1	-1.47631E-1
2.33225E+11	3.96890E-5	-1.50926E+1	6.88268E-2	1.61920E-1
2.33300E+11	3.60038E-5	-1.55113E+1	1.63570E-1	-3.68150E-2
2.33375E+11	4.46692E-5	-1.45330E+1	-1.17110E-1	-1.46621E-1
2.33450E+11	2.92223E-5	-1.62774E+1	-1.38612E-1	6.59654E-2
2.33525E+11	6.33422E-5	-1.31230E+1	2.06814E-1	7.71208E-2
2.33600E+11	3.01248E-5	-1.65350E+1	-7.10749E-2	-1.30981E-1
2.33675E+11	6.80103E-5	-1.31295E+1	-6.01744E-2	2.12191E-1
2.33750E+11	3.03924E-5	-1.66227E+1	1.28459E-1	-7.25382E-2
2.33825E+11	3.97514E-5	-1.55187E+1	-3.33643E-3	-1.67487E-1
2.33900E+11	3.62845E-5	-1.59666E+1	-1.27276E-1	9.54646E-2
2.33975E+11	3.04527E-5	-1.67555E+1	7.34459E-2	1.25355E-1
2.34050E+11	5.63486E-5	-1.43350E+1	1.38315E-3	-1.91973E-1
2.34125E+11	4.35146E-5	-1.58069E+1	-1.46277E-1	6.97430E-2
2.34200E+11	9.93306E-5	-1.25498E+1	1.75149E-1	1.57848E-1
2.34275E+11	4.43157E-5	-1.60514E+1	8.80058E-2	-1.30684E-1
2.34350E+11	9.02476E-5	-1.32052E+1	-1.56349E-1	-1.52841E-1
2.34425E+11	5.81246E-5	-1.49531E+1	3.80842E-2	1.74687E-1
2.34500E+11	6.36532E-5	-1.47277E+1	1.57980E-1	-9.33333E-2
2.34575E+11	8.32137E-5	-1.38146E+1	-2.02808E-1	2.03870E-2
2.34650E+11	5.98954E-5	-1.54677E+1	7.90877E-3	1.68321E-1
2.34725E+11	1.34440E-4	-1.24715E+1	2.25181E-1	-7.67997E-2
2.34800E+11	5.82471E-5	-1.64018E+1	-7.64742E-2	-1.30579E-1
2.34875E+11	1.50092E-4	-1.28285E+1	-1.24055E-1	1.91697E-1
2.34950E+11	7.35664E-5	-1.62187E+1	1.20946E-1	-9.62164E-2
2.35025E+11	1.09779E-4	-1.48271E+1	-1.49859E-1	-1.02225E-1
2.35100E+11	1.08395E-4	-1.52296E+1	5.61625E-2	1.63830E-1
2.35175E+11	9.42559E-5	-1.60925E+1	1.55636E-1	-1.91610E-2
2.35250E+11	1.73731E-4	-1.36044E+1	-1.57201E-1	-1.37458E-1
2.35325E+11	8.92007E-5	-1.66777E+1	-2.99104E-2	1.43509E-1
2.35400E+11	2.24528E-4	-1.26719E+1	1.77560E-1	-1.50080E-1
2.35475E+11	8.38592E-5	-1.67672E+1	-1.45011E-1	-4.82968E-3
2.35550E+11	1.57607E-4	-1.42327E+1	-4.49984E-2	1.88968E-1
2.35625E+11	1.07940E-4	-1.58518E+1	1.56849E-1	-3.72744E-2
2.35700E+11	1.16553E-4	-1.56118E+1	-6.19085E-3	-1.65617E-1
2.35775E+11	1.53041E-4	-1.43245E+1	-1.00619E-1	1.63769E-1
2.35850E+11	9.02958E-5	-1.64917E+1	1.47059E-1	2.83517E-2
2.35925E+11	2.08361E-4	-1.26544E+1	-1.14106E-1	-2.03102E-1
2.36000E+11	7.42977E-5	-1.69977E+1	-9.86886E-2	1.01114E-1
2.36075E+11	1.61280E-4	-1.34704E+1	1.51366E-1	1.48533E-1
2.36150E+11	6.99527E-5	-1.66097E+1	-1.65360E-2	-1.46817E-1
2.36225E+11	9.02137E-5	-1.55166E+1	-1.59945E-1	4.99403E-2
2.36300E+11	9.47302E-5	-1.50853E+1	1.74394E-1	2.43868E-2
2.36375E+11	6.83553E-5	-1.63154E+1	1.59082E-2	-1.52008E-1
2.36450E+11	1.42753E-4	-1.32906E+1	-2.01631E-1	7.88649E-2
2.36525E+11	6.28395E-5	-1.69911E+1	7.28109E-2	1.21211E-1
2.36600E+11	1.64889E-4	-1.29072E+1	1.23272E-1	-1.89751E-1
2.36675E+11	6.67170E-5	-1.66301E+1	-1.26230E-1	7.61066E-2
2.36750E+11	1.12637E-4	-1.45524E+1	1.48383E-1	1.14184E-1
2.36825E+11	9.91081E-5	-1.49512E+1	-6.16630E-2	-1.67862E-1
2.36900E+11	7.85769E-5	-1.57120E+1	-1.63764E-1	4.72961E-3
2.36975E+11	1.41633E-4	-1.26938E+1	1.11591E-1	2.03291E-1
2.37050E+11	6.17814E-5	-1.60386E+1	1.22680E-1	-9.92283E-2
2.37125E+11	1.68913E-4	-1.13526E+1	-2.62324E-1	-6.65243E-2
2.37200E+11	5.71205E-5	-1.55090E+1	1.08117E-1	1.28205E-1
2.37275E+11	1.09694E-4	-1.23249E+1	1.55105E-1	-1.85717E-1
2.37350E+11	6.59127E-5	-1.38232E+1	-2.03461E-1	8.25043E-3
2.37425E+11	6.83700E-5	-1.32086E+1	-5.17090E-2	2.12355E-1
2.37500E+11	1.01387E-4	-1.12379E+1	2.31088E-1	-1.47638E-1
2.37575E+11	5.36373E-5	-1.38479E+1	-1.48199E-1	-1.38805E-1
2.37650E+11	1.45851E-4	-9.61436E+0	-7.66660E-3	3.30495E-1
2.37725E+11	5.37227E-5	-1.38388E+1	1.77627E-1	-9.88156E-2
2.37800E+11	1.32774E-4	-1.03528E+1	-1.38542E-1	-2.70193E-1
2.37875E+11	7.13313E-5	-1.30754E+1	-7.34599E-2	2.09426E-1
2.37950E+11	9.02047E-5	-1.21674E+1	2.25781E-1	9.86582E-2
2.38025E+11	1.11018E-4	-1.13508E+1	-1.63103E-1	-2.16023E-1
2.38100E+11	6.73647E-5	-1.35092E+1	-1.43684E-1	1.54689E-1
2.38175E+11	1.72410E-4	-9.60969E+0	3.30058E-1	2.15701E-2
2.38250E+11	5.77000E-5	-1.42401E+1	-5.50577E-2	-1.86114E-1
2.38325E+11	1.51238E-4	-1.02567E+1	-2.82411E-1	1.20433E-1
2.38400E+11	6.25352E-5	-1.40169E+1	1.94423E-1	4.30829E-2
2.38475E+11	7.99260E-5	-1.28721E+1	4.97935E-2	-2.21669E-1
2.38550E+11	7.68345E-5	-1.27586E+1	-1.55702E-1	1.69529E-1
2.38625E+11	5.45008E-5	-1.40376E+1	1.37864E-1	1.43041E-1
2.38700E+11	1.15075E-4	-1.05589E+1	4.81142E-2	-2.92591E-1
2.38775E+11	4.82443E-5	-1.43875E+1	-1.86102E-1	4.21723E-2
2.38850E+11	1.14895E-4	-1.03065E+1	1.76269E-1	2.49228E-1
2.38925E+11	4.78003E-5	-1.39298E+1	-1.96281E-2	-2.00185E-1
2.39000E+11	6.68792E-5	-1.23100E+1	-2.41439E-1	2.13534E-2
2.39075E+11	5.66963E-5	-1.28680E+1	1.97622E-1	1.12298E-1
2.39150E+11	3.87564E-5	-1.41792E+1	1.34382E-1	-1.41924E-1
2.39225E+11	8.79290E-5	-1.07703E+1	-2.89203E-1	1.03980E-2
2.39300E+11	3.54101E-5	-1.50109E+1	7.08862E-2	1.62847E-1
2.39375E+11	1.07269E-4	-1.02600E+1	1.82991E-1	-2.46378E-1
2.39450E+11	3.76868E-5	-1.51417E+1	-1.66082E-1	5.49915E-2
2.39525E+11	7.05302E-5	-1.27139E+1	4.79652E-2	2.26343E-1
2.39600E+11	4.91541E-5	-1.42949E+1	6.12794E-2	-1.82872E-1
2.39675E+11	3.79803E-5	-1.55815E+1	-1.42536E-1	-8.56919E-2
2.39750E+11	7.69286E-5	-1.27246E+1	9.97829E-2	2.08431E-1
2.39825E+11	3.00041E-5	-1.68062E+1	1.08699E-1	-9.51181E-2
2.39900E+11	1.03847E-4	-1.15894E+1	-2.45896E-1	-9.42684E-2
2.39975E+11	3.11980E-5	-1.67515E+1	4.47077E-2	1.38306E-1
2.40050E+11	6.99188E-5	-1.35377E+1	2.08088E-1	-3.13296E-2
2.40125E+11	3.47200E-5	-1.60780E+1	-1.46137E-1	-5.75830E-2
2.40200E+11	3.13202E-5	-1.65861E+1	-7.80075E-2	1.25947E-1
2.40275E+11	4.78973E-5	-1.44391E+1	1.55301E-1	-1.08922E-1
2.40350E+11	1.88346E-5	-1.82168E+1	-8.27385E-2	-9.07285E-2
2.40425E+11	5.94447E-5	-1.29843E+1	-5.85448E-2	2.16500E-1
2.40500E+11	1.71062E-5	-1.81770E+1	1.22584E-1	-1.37475E-2
2.40575E+11	4.57478E-5	-1.33387E+1	-1.30889E-2	-2.14913E-1
2.40650E+11	2.13413E-5	-1.62682E+1	-7.43557E-2	1.34484E-1
2.40725E+11	2.63560E-5	-1.53128E+1	1.38020E-1	1.01860E-1
2.40800E+11	3.10273E-5	-1.37157E+1	-1.15556E-1	-1.70736E-1
2.40875E+11	1.42202E-5	-1.68859E+1	-1.19355E-1	7.89815E-2
2.40950E+11	4.43159E-5	-1.12370E+1	2.58914E-1	9.04275E-2
2.41025E+11	1.32628E-5	-1.64621E+1	-5.89830E-3	-1.50162E-1
2.41100E+11	4.73226E-5	-1.10204E+1	-2.76435E-1	5.14192E-2
2.41175E+11	1.99277E-5	-1.48686E+1	1.70437E-1	5.95402E-2
2.41250E+11	3.41225E-5	-1.26535E+1	8.08956E-2	-2.18488E-1
2.41325E+11	3.31134E-5	-1.26589E+1	-1.56511E-1	1.72388E-1
2.41400E+11	2.27714E-5	-1.46471E+1	1.12183E-1	1.47360E-1
2.41475E+11	5.87252E-5	-1.01354E+1	5.23069E-2	-3.06912E-1
2.41550E+11	1.92506E-5	-1.52549E+1	-1.72655E-1	3.21370E-3
2.41625E+11	6.73201E-5	-9.54096E+0	1.09349E-1	3.14947E-1
2.41700E+11	2.40992E-5	-1.41577E+1	6.82738E-2	-1.83657E-1
2.41775E+11	4.87078E-5	-1.08285E+1	-2.70037E-1	-9.85518E-2
2.41850E+11	3.34552E-5	-1.24122E+1	1.63868E-1	1.74726E-1
2.41925E+11	3.02583E-5	-1.28470E+1	1.92449E-1	-1.21982E-1
2.42000E+11	5.88353E-5	-9.96013E+0	-3.17315E-1	-1.52711E-2
2.42075E+11	2.06849E-5	-1.45880E+1	-6.15579E-4	1.86465E-1
2.42150E+11	6.76242E-5	-9.26380E+0	3.10479E-1	-1.48579E-1
2.42225E+11	2.39658E-5	-1.38971E+1	-1.70309E-1	-1.08444E-1
2.42300E+11	6.10818E-5	-9.90778E+0	-1.44120E-1	2.85264E-1
2.42375E+11	3.74326E-5	-1.18634E+1	2.04845E-1	-1.52150E-1
2.42450E+11	3.94564E-5	-1.14388E+1	-1.75240E-1	-2.02708E-1
2.42525E+11	6.10732E-5	-9.60104E+0	8.77023E-2	3.19265E-1
2.42600E+11	2.77968E-5	-1.28608E+1	2.13594E-1	-7.82884E-2
2.42675E+11	8.01216E-5	-8.08109E+0	-2.86480E-1	-2.71084E-1
2.42750E+11	2.87191E-5	-1.29266E+1	-8.98721E-2	2.07114E-1
2.42825E+11	6.93855E-5	-8.56831E+0	3.60613E-1	9.49084E-2
2.42900E+11	3.48685E-5	-1.19752E+1	-1.87557E-1	-1.68166E-1
2.42975E+11	5.05998E-5	-1.04036E+1	-1.72870E-1	2.47471E-1
2.43050E+11	6.12316E-5	-9.92292E+0	2.74138E-1	-1.63214E-1
2.43125E+11	4.34656E-5	-1.16900E+1	-1.17781E-1	-2.32148E-1
2.43200E+11	1.16348E-4	-7.77875E+0	-2.00696E-1	3.55660E-1
2.43275E+11	4.15631E-5	-1.25478E+1	2.21534E-1	8.08775E-2
2.43350E+11	1.33959E-4	-7.87153E+0	-3.86056E-1	-1.19198E-1
2.43425E+11	5.27931E-5	-1.24141E+1	1.42873E-1	1.92211E-1
2.43500E+11	1.06166E-4	-1.00005E+1	2.39993E-1	-2.05894E-1
2.43575E+11	7.75553E-5	-1.16115E+1	-2.57372E-1	5.25270E-2
2.43650E+11	7.28814E-5	-1.22907E+1	-4.74204E-3	2.42875E-1
2.43725E+11	1.27805E-4	-1.00576E+1	2.16340E-1	-2.27771E-1
2.43800E+11	5.61558E-5	-1.38892E+1	-1.63076E-1	-1.19354E-1
2.43875E+11	1.73773E-4	-9.27876E+0	-3.21558E-2	3.42099E-1
2.43950E+11	6.02006E-5	-1.40830E+1	1.63285E-1	-1.11333E-1
2.44025E+11	1.41734E-4	-1.04965E+1	-1.89963E-1	-2.30459E-1
2.44100E+11	7.26448E-5	-1.35173E+1	1.84812E-2	2.10118E-1
2.44175E+11	8.83853E-5	-1.28646E+1	2.26764E-1	1.68581E-2
2.44250E+11	9.92850E-5	-1.27462E+1	-1.73051E-1	-1.52278E-1
2.44325E+11	6.08123E-5	-1.50574E+1	-1.22310E-1	1.27468E-1
2.44400E+11	1.40977E-4	-1.14041E+1	2.67593E-1	2.77319E-2
2.44475E+11	5.84481E-5	-1.53628E+1	-6.21602E-2	-1.58823E-1
2.44550E+11	1.48043E-4	-1.15327E+1	-2.06542E-1	1.66146E-1
2.44625E+11	6.23151E-5	-1.52534E+1	1.72556E-1	-7.41309E-3
2.44700E+11	8.83741E-5	-1.35916E+1	-1.20784E-2	-2.08783E-1
2.44775E+11	7.96912E-5	-1.39646E+1	-1.01024E-1	1.73004E-1
2.44850E+11	5.16129E-5	-1.56277E+1	1.34719E-1	9.60104E-2
2.44925E+11	9.64822E-5	-1.26314E+1	-9.17634E-3	-2.33396E-1
2.45000E+11	3.89537E-5	-1.64149E+1	-1.45480E-1	4.08106E-2
2.45075E+11	1.08115E-4	-1.18829E+1	1.36401E-1	2.14975E-1
2.45150E+11	4.30461E-5	-1.58148E+1	4.78400E-2	-1.54676E-1
2.45225E+11	7.97315E-5	-1.31573E+1	-2.11797E-1	-5.89749E-2
2.45300E+11	5.62862E-5	-1.43771E+1	1.32901E-1	1.37249E-1
2.45375E+11	4.92884E-5	-1.49446E+1	1.26374E-1	-1.26722E-1
2.45450E+11	8.38204E-5	-1.25589E+1	-2.34221E-1	2.48497E-2
2.45525E+11	3.59894E-5	-1.62311E+1	4.53041E-2	1.47528E-1
2.45600E+11	1.06012E-4	-1.15740E+1	2.01429E-1	-1.70366E-1
2.45675E+11	3.88314E-5	-1.58408E+1	-1.52845E-1	-5.19148E-2
2.45750E+11	9.10249E-5	-1.22870E+1	-5.58395E-2	2.36522E-1
2.45825E+11	5.15279E-5	-1.47371E+1	1.18331E-1	-1.39979E-1
2.45900E+11	5.49006E-5	-1.44294E+1	-1.64169E-1	-9.54546E-2
2.45975E+11	8.08366E-5	-1.25588E+1	1.32199E-1	1.94940E-1
2.46050E+11	3.55166E-5	-1.61674E+1	1.01622E-1	-1.17652E-1
2.46125E+11	9.18195E-5	-1.14097E+1	-2.67348E-1	-2.84154E-2
2.46200E+11	3.04048E-5	-1.61953E+1	6.33400E-2	1.41430E-1
2.46275E+11	7.64439E-5	-1.16275E+1	2.29695E-1	-1.26438E-1
2.46350E+11	3.63709E-5	-1.46364E+1	-1.82059E-1	-3.51956E-2
2.46425E+11	4.10308E-5	-1.35051E+1	-6.68083E-2	2.00381E-1
2.46500E+11	5.19889E-5	-1.20980E+1	1.98515E-1	-1.49264E-1
2.46575E+11	2.18258E-5	-1.53479E+1	-1.16730E-1	-1.24749E-1
2.46650E+11	5.78007E-5	-1.05375E+1	-1.52483E-2	2.96861E-1
2.46725E+11	1.33304E-5	-1.65474E+1	1.23909E-1	-8.24052E-2
2.46800E+11	3.71492E-5	-1.15629E+1	-2.34990E-1	-1.20653E-1
2.46875E+11	1.31756E-5	-1.58837E+1	8.80542E-2	1.34340E-1
2.46950E+11	1.76359E-5	-1.40952E+1	1.90878E-1	-5.01277E-2
2.47025E+11	1.99060E-5	-1.37449E+1	-1.96427E-1	-6.02970E-2
2.47100E+11	8.58165E-6	-1.72860E+1	-2.47627E-2	1.34417E-1
2.47175E+11	2.57637E-5	-1.24342E+1	2.06692E-1	-1.19880E-1
2.47250E+11	5.12954E-6	-1.94655E+1	-8.64998E-2	-6.18659E-2
2.47325E+11	1.69698E-5	-1.39884E+1	-8.80756E-2	1.79331E-1
2.47400E+11	4.46307E-6	-1.97901E+1	8.90764E-2	-5.06019E-2
2.47475E+11	7.21508E-6	-1.74396E+1	-5.55031E-2	-1.22275E-1
2.47550E+11	6.67600E-6	-1.78534E+1	1.87777E-2	1.26650E-1
2.47625E+11	3.45403E-6	-2.03336E+1	9.59979E-2	-6.70421E-3
2.47700E+11	1.05384E-5	-1.53967E+1	-1.29859E-1	-1.09539E-1
2.47775E+11	2.69733E-6	-2.09547E+1	-5.01874E-2	7.42141E-2
2.47850E+11	1.11070E-5	-1.43720E+1	1.83925E-1	5.21026E-2
2.47925E+11	2.39883E-6	-2.06566E+1	-4.78331E-2	-7.94289E-2
2.48000E+11	6.31613E-6	-1.62286E+1	-1.31244E-1	8.12772E-2
2.48075E+11	4.19953E-6	-1.86145E+1	1.00561E-1	-6.03774E-2
2.48150E+11	4.10814E-6	-1.90544E+1	-5.93329E-2	-9.44047E-2
2.48225E+11	1.15813E-5	-1.54228E+1	9.49999E-4	1.69377E-1
2.48300E+11	4.55003E-6	-2.01024E+1	9.87573E-2	-3.74022E-3
2.48375E+11	2.19827E-5	-1.39635E+1	-1.17589E-1	-1.62232E-1
2.48450E+11	5.11438E-6	-2.07990E+1	-3.09052E-2	8.58166E-2
2.48525E+11	1.97870E-5	-1.51860E+1	1.69823E-1	3.81729E-2
2.48600E+11	8.97714E-6	-1.88825E+1	-8.33770E-2	-7.73487E-2
2.48675E+11	1.62543E-5	-1.66954E+1	-1.21780E-1	8.10692E-2
2.48750E+11	2.67518E-5	-1.48148E+1	1.81255E-1	-1.21119E-2
2.48825E+11	1.38905E-5	-1.78102E+1	-1.17480E-2	-1.28137E-1
2.48900E+11	4.44491E-5	-1.28717E+1	-1.32599E-1	1.84497E-1
2.48975E+11	1.26400E-5	-1.86163E+1	1.14124E-1	2.69786E-2
2.49050E+11	4.06117E-5	-1.35286E+1	-1.04556E-2	-2.10395E-1
2.49125E+11	1.14876E-5	-1.92550E+1	-7.39599E-2	8.00079E-2
2.49200E+11	2.30206E-5	-1.61613E+1	1.06236E-1	1.13654E-1
2.49275E+11	1.94877E-5	-1.71010E+1	-4.21885E-2	-1.33094E-1
2.49350E+11	1.39587E-5	-1.83335E+1	-1.19061E-1	2.24018E-2
2.49425E+11	2.83627E-5	-1.50956E+1	1.51930E-1	8.86103E-2
2.49500E+11	9.04722E-6	-1.98576E+1	4.83863E-2	-8.93981E-2
2.49575E+11	2.55788E-5	-1.51357E+1	-1.74952E-1	-6.43713E-3
2.49650E+11	7.39847E-6	-2.07116E+1	6.12455E-2	6.88309E-2
2.49725E+11	1.68139E-5	-1.68557E+1	8.89059E-2	-1.12795E-1
2.49800E+11	1.10170E-5	-1.86432E+1	-1.04170E-1	5.30635E-2
2.49875E+11	1.18806E-5	-1.83444E+1	2.59104E-2	1.18192E-1
2.49950E+11	2.43950E-5	-1.53815E+1	9.92662E-2	-1.38238E-1
2.50025E+11	9.38110E-6	-1.91956E+1	-8.73190E-2	-6.64095E-2
2.50100E+11	2.76684E-5	-1.49130E+1	-2.87020E-2	1.77310E-1
2.50175E+11	9.35738E-6	-1.95157E+1	8.77329E-2	-5.90134E-2
2.50250E+11	2.06276E-5	-1.58760E+1	-1.22357E-1	-1.04284E-1
2.50325E+11	1.27994E-5	-1.79898E+1	4.32681E-2	1.18380E-1
2.50400E+11	1.42613E-5	-1.71795E+1	1.30927E-1	-4.47541E-2
2.50475E+11	2.55311E-5	-1.45828E+1	-1.78585E-1	-5.40261E-2
2.50550E+11	1.24992E-5	-1.69926E+1	-1.01947E-2	1.41006E-1
2.50625E+11	3.12556E-5	-1.29140E+1	2.09423E-1	-8.52221E-2
2.50700E+11	1.29715E-5	-1.67061E+1	-1.10338E-1	-9.57874E-2
2.50775E+11	2.18573E-5	-1.44854E+1	-1.05069E-1	1.56720E-1
2.50850E+11	1.26592E-5	-1.66703E+1	1.42972E-1	-3.29497E-2
2.50925E+11	1.56419E-5	-1.58513E+1	-6.42101E-2	-1.47889E-1
2.51000E+11	2.13364E-5	-1.47776E+1	-2.61850E-2	1.80551E-1
2.51075E+11	1.25378E-5	-1.69243E+1	1.39097E-1	-3.09111E-2
2.51150E+11	2.64262E-5	-1.37134E+1	-1.47847E-1	-1.43764E-1
2.51225E+11	1.05344E-5	-1.72466E+1	-4.17598E-2	1.30794E-1
2.51300E+11	1.59723E-5	-1.48507E+1	1.78496E-1	2.94672E-2
2.51375E+11	9.23816E-6	-1.69181E+1	-7.20721E-2	-1.23038E-1
2.51450E+11	1.16206E-5	-1.54657E+1	-1.35521E-1	1.00207E-1
2.51525E+11	1.52418E-5	-1.34909E+1	2.11174E-1	1.29480E-2
2.51600E+11	9.17635E-6	-1.56083E+1	-2.06251E-2	-1.64512E-1
2.51675E+11	2.16932E-5	-1.20589E+1	-1.91427E-1	1.60006E-1
2.51750E+11	9.80347E-6	-1.56673E+1	1.63814E-1	1.68458E-2
2.51825E+11	1.89044E-5	-1.30987E+1	-4.32573E-2	-2.17076E-1
2.51900E+11	1.37524E-5	-1.48105E+1	-8.13595E-2	1.62523E-1
2.51975E+11	1.53901E-5	-1.47190E+1	1.70642E-1	6.79569E-2
2.52050E+11	2.26079E-5	-1.35208E+1	-5.95657E-2	-2.02255E-1
2.52125E+11	1.18418E-5	-1.66058E+1	-1.30866E-1	6.87193E-2
2.52200E+11	2.38089E-5	-1.37767E+1	1.67922E-1	1.17104E-1
2.52275E+11	1.01121E-5	-1.77187E+1	-1.47681E-2	-1.29195E-1
2.52350E+11	1.44382E-5	-1.62076E+1	-1.46468E-1	4.99326E-2
2.52425E+11	1.02817E-5	-1.79222E+1	1.15234E-1	5.34458E-2
2.52500E+11	9.79271E-6	-1.82676E+1	3.90339E-2	-1.15664E-1
2.52575E+11	1.22105E-5	-1.75227E+1	-1.25028E-1	4.53647E-2
2.52650E+11	7.26978E-6	-1.97095E+1	6.79254E-2	7.79612E-2
2.52725E+11	1.53244E-5	-1.65441E+1	4.71773E-2	-1.41192E-1
2.52800E+11	6.30905E-6	-2.03910E+1	-9.21081E-2	2.55957E-2
2.52875E+11	1.07680E-5	-1.79468E+1	5.45983E-2	1.14295E-1
2.52950E+11	6.26559E-6	-2.02071E+1	2.20043E-2	-9.51324E-2
2.53025E+11	8.44797E-6	-1.87027E+1	-1.14957E-1	-1.63136E-2
2.53100E+11	1.18286E-5	-1.71969E+1	9.26403E-2	1.02401E-1
2.53175E+11	8.31857E-6	-1.85672E+1	6.37681E-2	-9.92080E-2
2.53250E+11	1.92083E-5	-1.49371E+1	-1.74093E-1	4.21419E-2
2.53325E+11	9.06826E-6	-1.81265E+1	1.06440E-1	6.37527E-2
2.53400E+11	2.05682E-5	-1.53260E+1	1.97123E-2	-1.70139E-1
2.53475E+11	1.30467E-5	-1.75566E+1	-1.02645E-1	8.37652E-2
2.53550E+11	2.01913E-5	-1.62450E+1	1.14272E-1	1.03357E-1
2.53625E+11	1.89357E-5	-1.61412E+1	5.14768E-3	-1.55849E-1
2.53700E+11	1.50175E-5	-1.47601E+1	-1.82785E-1	2.96515E-3
2.53775E+11	1.27263E-5	-1.55079E+1	7.36254E-2	1.50704E-1
2.53850E+11	5.08350E-6	-2.13667E+1	4.12052E-2	-7.48481E-2
2.53925E+11	1.32723E-5	-1.81491E+1	-1.22187E-1	1.96090E-2
2.54000E+11	8.59275E-6	-2.01410E+1	7.57019E-2	6.28471E-2
2.54075E+11	3.98396E-6	-2.35036E+1	1.37627E-2	-6.53735E-2
2.54150E+11	1.16906E-6	-2.87858E+1	-2.21280E-2	2.88605E-2
2.54225E+11	6.99888E-6	-2.05665E+1	8.83724E-2	3.11024E-2
2.54300E+11	1.70478E-5	-1.65187E+1	-5.12909E-2	-1.40214E-1
2.54375E+11	1.96297E-5	-1.54005E+1	-1.31518E-1	1.07423E-1
2.54450E+11	2.47260E-5	-1.41343E+1	1.92801E-1	3.77676E-2
2.54525E+11	1.56846E-5	-1.54136E+1	-3.28986E-2	-1.66337E-1
2.54600E+11	2.39410E-5	-1.33939E+1	-1.49203E-1	1.53335E-1
2.54675E+11	1.21293E-5	-1.52588E+1	1.69450E-1	3.28669E-2
2.54750E+11	2.20794E-5	-1.36079E+1	-5.69181E-2	-2.00829E-1
2.54825E+11	1.34595E-5	-1.59299E+1	-9.85233E-2	1.25781E-1
2.54900E+11	1.96076E-5	-1.47580E+1	1.71217E-1	6.41860E-2
2.54975E+11	1.70590E-5	-1.57732E+1	-5.78953E-2	-1.52031E-1
2.55050E+11	1.73824E-5	-1.56952E+1	-1.39714E-1	8.61680E-2
2.55125E+11	2.28987E-5	-1.48662E+1	1.67325E-1	6.79315E-2
2.55200E+11	1.57871E-5	-1.63437E+1	1.49194E-2	-1.51609E-1
2.55275E+11	2.64492E-5	-1.37300E+1	-1.56118E-1	1.34133E-1
2.55350E+11	8.43291E-6	-1.72104E+1	1.36534E-1	1.91690E-2
2.55425E+11	1.85819E-5	-1.20115E+1	-3.50546E-2	-2.48394E-1
2.55500E+11	1.05297E-5	-1.36177E+1	-1.05040E-1	1.80112E-1
2.55575E+11	9.96892E-6	-1.34274E+1	1.97643E-1	7.97421E-2
2.55650E+11	1.25044E-5	-1.20723E+1	-1.04760E-1	-2.26007E-1
2.55725E+11	7.24890E-6	-1.43191E+1	-1.66735E-1	9.58663E-2
2.55800E+11	1.40498E-5	-1.07823E+1	2.61612E-1	1.22783E-1
2.55875E+11	2.70095E-6	-1.62570E+1	2.96222E-3	-1.53841E-1
2.55950E+11	8.70536E-6	-8.42134E+0	-3.74233E-1	6.15269E-2
2.56025E+11	4.13422E-6	-7.01233E+0	3.98718E-1	1.99961E-1
2.56100E+11	4.27195E-6	-3.09301E+0	3.80684E-1	-5.87919E-1
2.56175E+11	5.64508E-6	4.97630E-1	-9.40111E-1	4.87440E-1
2.56250E+11	2.71745E-6	-4.82594E-1	4.41298E-1	8.36712E-1
2.56325E+11	5.08603E-6	4.42066E+0	5.22360E-1	-1.57940E+0
2.56400E+11	7.32293E-7	-1.21772E+0	-8.49835E-1	-1.82399E-1
2.56475E+11	4.33023E-6	8.65243E+0	2.62038E-2	2.70770E+0
2.56550E+11	1.12180E-6	5.41891E+0	8.11059E-1	-1.68068E+0
2.56625E+11	1.44352E-6	8.57628E+0	-1.61595E+0	-2.14327E+0
2.56700E+11	1.73297E-6	1.09504E+1	1.53783E+0	3.17513E+0
2.56775E+11	7.93279E-7	8.97049E+0	2.76952E+0	-4.68241E-1
2.56850E+11	2.78483E-6	1.53521E+1	-5.68984E+0	-1.38538E+0
2.56925E+11	6.29754E-8	-5.79747E-1	-3.67138E-1	8.60374E-1
2.57000E+11	2.09115E-6	1.50848E+1	5.66718E+0	-3.59511E-1
2.57075E+11	5.29051E-7	9.60485E+0	-3.01277E+0	2.31378E-1
2.57150E+11	6.59936E-7	1.05593E+1	-3.04215E+0	1.45597E+0
2.57225E+11	9.55382E-7	1.23174E+1	3.30839E+0	-2.47090E+0
2.57300E+11	7.85648E-8	9.79855E-1	1.02793E-1	-1.11469E+0
2.57375E+11	1.09484E-6	1.20022E+1	-1.59405E+0	3.64912E+0
2.57450E+11	2.35343E-9	-1.54430E+1	-1.44775E-1	8.71551E-2
2.57525E+11	7.34496E-7	7.68957E+0	-1.75494E-1	-2.41734E+0
2.57600E+11	2.27778E-7	1.09626E+0	7.42351E-1	8.57937E-1
2.57675E+11	2.03826E-7	-1.26055E+0	2.12375E-1	8.38434E-1
2.57750E+11	3.44967E-7	-3.51882E-1	-8.32504E-1	-4.78654E-1
2.57825E+11	1.92188E-8	-1.27205E+1	-1.39291E-1	-1.84522E-1
2.57900E+11	3.66302E-7	3.76922E+0	1.49964E+0	-3.64670E-1
2.57975E+11	4.92350E-8	7.19655E+0	6.30577E-1	2.20143E+0
2.58050E+11	4.60824E-8	3.23739E+1	-3.98028E+1	1.19635E+1
2.58125E+11	2.56831E-11	1.12447E+1	-3.62968E+0	3.79814E-1
2.58200E+11	6.45199E-13	-3.86390E+0	-4.02212E-1	4.99006E-1
2.58275E+11	6.85179E-13	-1.62718E+1	1.39971E-1	-6.32681E-2
2.58350E+11	1.23545E-12	-3.50571E+1	-8.14574E-3	-1.56762E-2
2.58425E+11	1.06207E-12	-5.19256E+1	-2.33960E-3	-9.72068E-4
2.58500E+11	1.14256E-13	-7.10276E+1	-3.61160E-5	2.78613E-4
2.58575E+11	6.19668E-14	-7.79350E+1	4.29182E-5	-1.19357E-4
2.58650E+11	1.24772E-12	-6.62400E+1	-6.32149E-5	4.83410E-4
2.58725E+11	1.74848E-13	-7.39984E+1	-1.89131E-4	-6.36739E-5
2.58800E+11	5.27997E-12	-5.63339E+1	-7.84023E-4	-1.30818E-3
2.58875E+11	3.84014E-11	-4.22236E+1	7.69577E-3	-8.39617E-4
2.58950E+11	1.27157E-10	-2.79378E+1	3.80728E-2	-1.25779E-2
2.59025E+11	1.39094E-9	-3.94309E+0	-1.17667E-1	6.24109E-1
2.59100E+11	3.62113E-10	3.49082E+0	-8.41283E-1	1.23541E+0
2.59175E+11	3.00954E-8	3.08104E+1	-2.79899E+1	-2.05359E+1
2.59250E+11	1.31488E-8	3.60337E+1	6.27324E+1	-8.76160E+0
2.59325E+11	1.05747E-7	4.95747E+1	-1.34419E+2	2.69449E+2
2.59400E+11	1.07535E-7	4.75063E+1	1.32740E+1	-2.36939E+2
2.59475E+11	9.82986E-8	6.36992E+1	1.52003E+3	1.82456E+2
2.59550E+11	2.73518E-7	5.93485E+1	9.25435E+2	-6.52983E+1
2.59625E+11	1.74438E-8	4.07000E+1	3.03573E+1	1.04054E+2
2.59700E+11	4.65701E-7	6.96999E+1	2.30091E+3	2.00949E+3
2.59775E+11	5.05702E-8	4.93912E+1	2.01404E+2	-2.15306E+2
2.59850E+11	3.06519E-7	5.34933E+1	4.67650E+2	-6.94871E+1
2.59925E+11	1.30144E-7	5.38342E+1	4.81188E+2	-1.01188E+2
2.60000E+11	9.96647E-8	4.57486E+1	-9.22226E+1	-1.70490E+2
