2.00000E+11	2.03540E-12	-2.69597E+1	3.20748E+0	9.60635E-1
2.00700E+11	2.03236E-13	-9.18079E+1	1.60700E+0	1.96998E-1
2.01400E+11	7.91417E-13	3.45968E+1	-1.56224E+0	-1.56618E+0
2.02100E+11	3.48922E-12	-9.23744E+1	-1.11774E+0	8.17607E-1
2.02800E+11	3.37429E-13	1.41098E+2	-2.39228E-1	1.35738E-2
2.03500E+11	1.07352E-12	-3.55717E+1	1.92002E-1	-1.43285E+0
2.04200E+11	2.50879E-14	-1.35223E+2	-4.80137E-1	-5.19482E-1
2.04900E+11	4.68915E-13	-1.03159E+2	-1.99751E-1	-2.02326E-2
2.05600E+11	1.25273E-12	-2.73118E+1	6.03003E+0	-1.00486E+1
2.06300E+11	2.02385E-13	7.22093E+1	1.52768E-1	6.98546E-2
2.07000E+11	2.01372E-12	4.09643E+1	3.99188E-1	4.65589E-1
2.07700E+11	1.07451E-13	-5.85506E+1	3.67173E-1	-2.04970E-1
2.08400E+11	3.94803E-13	-2.73779E+1	8.42371E-1	3.74086E-1
2.09100E+11	1.02151E-12	-7.27700E+1	-6.73377E-1	-4.07827E-1
2.09800E+11	1.73629E-12	6.42227E+1	2.00692E+0	2.57886E+0
2.10500E+11	1.47744E-12	-3.85848E+1	-6.28774E-1	-1.78229E+0
2.11200E+11	4.24069E-13	5.90744E+1	-2.59696E-1	-2.18399E-1
2.11900E+11	3.32080E-13	5.27000E+1	-1.49513E+0	-3.25692E-1
2.12600E+11	3.83646E-13	-8.32896E+1	-2.11293E-1	4.17521E-2
2.13300E+11	5.70758E-8	1.60938E+2	-2.87353E-1	5.83324E-1
2.14000E+11	1.43326E-9	5.92624E+1	1.92321E-1	8.80838E-1
2.14700E+11	4.05022E-10	-1.76892E+2	-2.04476E-1	1.87928E-1
2.15400E+11	7.11070E-13	-1.32063E+2	-8.72828E-1	-1.27361E+0
2.16100E+11	2.44225E-12	-5.16849E+1	3.42463E+0	-2.02107E+0
2.16800E+11	8.07921E-13	8.41324E+1	-2.16763E+0	-1.75523E+0
2.17500E+11	1.78640E-12	5.81600E+1	-9.80881E-1	-3.86214E-1
2.18200E+11	4.73830E-7	-1.36366E+2	-2.54753E+0	-5.12731E-1
2.18900E+11	2.49723E-6	6.06436E+1	-2.05955E+0	-2.19514E-1
2.19600E+11	6.66050E-6	-6.31728E+1	-9.35914E-1	4.22464E-1
2.20300E+11	2.20658E-6	-3.09476E+0	-9.26449E-1	-9.32935E-2
2.21000E+11	1.46446E-6	-1.82823E+1	-9.17609E-1	-1.37043E-1
2.21700E+11	2.98173E-6	-1.57876E+1	-6.87896E-1	-2.42109E-1
2.22400E+11	3.93871E-6	-7.38213E+1	-7.86706E-1	-1.32630E-1
2.23100E+11	5.52155E-6	-7.23464E+1	-6.46686E-1	-3.20301E-1
2.23800E+11	1.00203E-5	-1.17656E+2	-7.60914E-1	-3.81544E-1
2.24500E+11	2.53566E-5	-1.68481E+2	-5.96430E-1	-6.63857E-1
2.25200E+11	6.78582E-5	7.66880E+1	-7.36368E-1	-7.32357E-1
2.25900E+11	9.53680E-5	1.25983E+2	-5.12143E-1	-7.72740E-1
2.26600E+11	9.16089E-5	1.48500E+2	-6.12869E-1	-7.90366E-1
2.27300E+11	7.25682E-5	1.52684E+2	-3.47963E-1	-1.07964E+0
2.28000E+11	1.97468E-5	1.30392E+2	-4.76855E-1	-1.17384E+0
2.28700E+11	1.70853E-5	1.59691E+2	6.36369E-2	-1.06628E+0
2.29400E+11	1.24700E-5	1.16325E+2	1.72505E-1	-1.11782E+0
2.30100E+11	2.21465E-5	3.12723E+1	3.70547E-1	-1.00446E+0
2.30800E+11	1.40465E-5	9.05492E+0	1.74119E-1	-9.41278E-1
2.31500E+11	1.29087E-5	7.03873E+1	5.48027E-1	-8.23179E-1
2.32200E+11	2.16024E-5	1.26753E+2	5.46432E-1	-8.12675E-1
2.32900E+11	3.17822E-5	1.57900E+2	8.55719E-1	-4.97594E-1
2.33600E+11	5.22001E-5	1.25131E+2	7.62119E-1	-5.16689E-1
2.34300E+11	6.31949E-5	8.40803E+1	9.16146E-1	-1.86568E-1
2.35000E+11	7.87197E-5	4.84172E+1	8.04857E-1	-2.65576E-1
2.35700E+11	6.76476E-5	3.59529E+1	7.85320E-1	-1.69148E-1
2.36400E+11	7.62686E-5	1.54353E+1	7.48383E-1	-2.31646E-1
2.37100E+11	7.94819E-5	7.74061E+0	8.00770E-1	-1.47691E-1
2.37800E+11	1.39784E-4	-1.62646E+0	8.45412E-1	-9.59493E-2
2.38500E+11	1.62335E-4	7.00158E-1	9.45591E-1	1.25731E-1
2.39200E+11	1.05429E-4	-3.36661E+1	9.57830E-1	4.11810E-1
2.39900E+11	5.94393E-5	-7.16474E+1	9.54037E-1	5.98677E-1
2.40600E+11	5.72796E-5	-1.01151E+2	9.47891E-1	6.09044E-1
2.41300E+11	4.35369E-5	-1.37680E+2	8.32101E-1	8.30899E-1
2.42000E+11	6.13274E-5	-1.19096E+2	7.26153E-1	8.02884E-1
2.42700E+11	8.11267E-5	-1.10396E+2	5.17698E-1	8.64437E-1
2.43400E+11	1.08847E-4	-6.91195E+1	4.00794E-1	8.84992E-1
2.44100E+11	6.70550E-5	7.53387E+0	2.74787E-1	9.04145E-1
2.44800E+11	1.43097E-4	-8.97669E+0	9.51127E-2	9.97876E-1
2.45500E+11	1.43637E-4	-1.27722E+1	2.04744E-3	9.59426E-1
2.46200E+11	1.89690E-4	-2.61991E+1	-2.02634E-1	1.06957E+0
2.46900E+11	1.76517E-4	-1.21106E+1	-2.72419E-1	9.14864E-1
2.47600E+11	1.89260E-4	-3.93595E+0	-5.24670E-1	9.42644E-1
2.48300E+11	1.83824E-4	6.80768E+0	-5.47705E-1	7.64117E-1
2.49000E+11	1.58701E-4	-1.54217E+1	-8.40458E-1	6.99655E-1
2.49700E+11	1.27006E-4	-2.56584E+1	-8.07002E-1	5.41304E-1
2.50400E+11	1.06437E-4	-5.35206E+1	-1.10069E+0	4.98361E-1
2.51100E+11	9.51640E-5	-1.02792E+2	-1.00126E+0	3.10717E-1
2.51800E+11	1.03999E-4	-1.10119E+2	-1.20762E+0	2.57394E-1
2.52500E+11	1.34594E-4	-8.84938E+1	-1.06265E+0	-1.28280E-2
2.53200E+11	1.67163E-4	-1.21076E+2	-1.19935E+0	-1.38645E-1
2.53900E+11	1.86971E-4	-1.05767E+2	-9.52827E-1	-4.25363E-1
2.54600E+11	2.15163E-4	-7.52266E+1	-1.06266E+0	-4.71174E-1
2.55300E+11	1.78535E-4	-7.11584E+1	-7.34096E-1	-6.04267E-1
2.56000E+11	2.31865E-4	-6.10324E+1	-8.13827E-1	-7.42175E-1
2.56700E+11	1.71562E-4	1.51147E+2	-5.21486E-1	-8.10506E-1
2.57400E+11	2.39891E-4	1.16058E+2	-5.63997E-1	-9.68110E-1
2.58100E+11	2.19485E-4	9.42223E+1	-2.08762E-1	-9.77975E-1
2.58800E+11	1.94132E-4	9.48344E+1	-1.08152E-1	-1.07505E+0
2.59500E+11	1.83692E-4	1.28965E+2	1.93846E-1	-9.73571E-1
2.60200E+11	2.27520E-4	1.34060E+2	1.50667E-1	-9.79856E-1
2.60900E+11	1.17598E-4	1.58369E+2	3.08928E-1	-7.92406E-1
2.61600E+11	9.33230E-5	-1.79305E+2	2.29009E-1	-7.44889E-1
2.62300E+11	5.98379E-5	-1.27061E+2	2.93251E-1	-5.97723E-1
2.63000E+11	8.54063E-5	-1.26204E+2	3.39600E-1	-6.46677E-1
2.63700E+11	7.12416E-5	-1.07807E+2	3.52390E-1	-6.60839E-1
2.64400E+11	1.05172E-4	-9.57190E+1	3.43313E-1	-6.84253E-1
2.65100E+11	1.08800E-4	-9.66268E+1	4.93406E-1	-7.41104E-1
2.65800E+11	1.70950E-4	-7.72021E+1	5.07655E-1	-7.77659E-1
2.66500E+11	1.92246E-4	-3.11074E+1	7.38815E-1	-7.27673E-1
2.67200E+11	2.78965E-4	-2.27545E+1	7.72642E-1	-7.06512E-1
2.67900E+11	1.79903E-4	-4.31657E+1	8.86065E-1	-5.36497E-1
2.68600E+11	1.84858E-4	-5.84506E+1	9.79644E-1	-5.32894E-1
2.69300E+11	1.23618E-4	-6.37896E+1	9.40715E-1	-3.56417E-1
2.70000E+11	1.49247E-4	-7.07531E+1	1.06770E+0	-2.26146E-1
2.70700E+11	1.23054E-4	-1.08124E+2	1.06340E+0	-6.45382E-2
2.71400E+11	1.60891E-4	-1.53990E+2	1.11965E+0	2.55096E-1
2.72100E+11	1.61171E-4	-1.68003E+2	1.04533E+0	4.60188E-1
2.72800E+11	1.76039E-4	-1.61362E+2	9.18189E-1	7.56133E-1
2.73500E+11	1.55440E-4	-1.15242E+2	7.50343E-1	8.17460E-1
2.74200E+11	2.04422E-4	-9.16712E+1	4.63413E-1	1.09416E+0
2.74900E+11	1.25500E-4	-4.61758E+1	3.09198E-1	1.01363E+0
2.75600E+11	1.10547E-4	-5.93640E+1	-2.22824E-2	1.08637E+0
2.76300E+11	1.20258E-4	-4.22607E+1	-8.67190E-2	9.44614E-1
2.77000E+11	1.40817E-4	-6.22640E+1	-3.69508E-1	9.49782E-1
2.77700E+11	1.28771E-4	-4.27851E+1	-3.66571E-1	8.00463E-1
2.78400E+11	1.78039E-4	-4.14051E+1	-5.77413E-1	7.31007E-1
2.79100E+11	1.90286E-4	-1.25056E+1	-5.23773E-1	6.31698E-1
2.79800E+11	2.00141E-4	2.45913E+1	-6.58333E-1	5.66733E-1
2.80500E+11	1.66611E-4	3.59984E+1	-5.03173E-1	4.72249E-1
2.81200E+11	2.48254E-4	2.06651E+1	-4.97946E-1	4.97251E-1
2.81900E+11	1.52155E-4	2.38017E+1	-4.62429E-1	4.02303E-1
2.82600E+11	1.43301E-4	2.59178E+1	-5.18742E-1	4.90475E-1
2.83300E+11	1.09828E-4	5.26547E+0	-4.49984E-1	3.81350E-1
2.84000E+11	1.19006E-4	3.49419E+1	-5.75585E-1	4.44558E-1
2.84700E+11	1.09202E-4	1.38606E+1	-5.49909E-1	3.84733E-1
2.85400E+11	1.47716E-4	-8.88519E+0	-7.30005E-1	3.93147E-1
2.86100E+11	1.64832E-4	-3.26609E+1	-7.58777E-1	2.87888E-1
2.86800E+11	1.60650E-4	-2.07116E+1	-9.31651E-1	2.44574E-1
2.87500E+11	1.18024E-4	-7.34380E+0	-9.35224E-1	1.43672E-1
2.88200E+11	1.04561E-4	-2.89073E+1	-1.18327E+0	2.21421E-2
2.88900E+11	1.11987E-4	-2.76867E+1	-1.15629E+0	-2.19108E-1
2.89600E+11	1.11505E-4	-3.25431E+1	-1.24200E+0	-5.61718E-1
2.90300E+11	8.93062E-5	5.04083E+0	-1.01143E+0	-8.20452E-1
2.91000E+11	1.36443E-4	2.27919E+1	-8.89422E-1	-1.14836E+0
2.91700E+11	1.04977E-4	6.61632E+1	-4.92693E-1	-1.28965E+0
2.92400E+11	1.20126E-4	1.11939E+2	-2.21395E-1	-1.44849E+0
2.93100E+11	1.32904E-4	1.51212E+2	1.98186E-1	-1.33641E+0
2.93800E+11	1.64127E-4	1.60878E+2	5.08961E-1	-1.24967E+0
2.94500E+11	1.51329E-4	1.74763E+2	6.33796E-1	-1.04240E+0
2.95200E+11	1.62370E-4	-1.48181E+2	8.13394E-1	-8.12109E-1
2.95900E+11	1.85578E-4	-1.54831E+2	8.82689E-1	-7.13420E-1
2.96600E+11	1.97412E-4	-1.50033E+2	8.79703E-1	-4.79862E-1
2.97300E+11	2.06609E-4	-1.42274E+2	7.09665E-1	-5.06856E-1
2.98000E+11	2.01378E-4	-1.15513E+2	6.08286E-1	-3.68483E-1
2.98700E+11	1.96398E-4	-1.18318E+2	6.20121E-1	-4.65555E-1
2.99400E+11	1.35132E-4	-4.71592E+1	6.13315E-1	-5.03823E-1
3.00100E+11	1.33666E-4	-3.52846E+0	6.61045E-1	-4.86700E-1
3.00800E+11	1.48382E-4	1.01674E+1	7.98430E-1	-4.25744E-1
3.01500E+11	1.16558E-4	-2.18292E+1	9.20157E-1	-4.56518E-1
3.02200E+11	1.18236E-4	4.69647E+0	1.09287E+0	-3.05967E-1
3.02900E+11	9.75525E-5	7.03532E+0	1.19787E+0	-2.17723E-1
3.03600E+11	1.04196E-4	1.01287E+1	1.14117E+0	1.08703E-1
3.04300E+11	9.44018E-5	2.34864E+1	1.19614E+0	1.47781E-1
3.05000E+11	7.63645E-5	5.46327E+1	1.10505E+0	3.96859E-1
3.05700E+11	9.41702E-5	5.58862E+1	1.08355E+0	6.32264E-1
3.06400E+11	9.56142E-5	4.29142E+1	7.79086E-1	1.00703E+0
3.07100E+11	9.83295E-5	3.10319E+1	5.99251E-1	1.11864E+0
3.07800E+11	6.45229E-5	4.50809E+1	1.88841E-1	1.19153E+0
3.08500E+11	1.10427E-4	5.37948E+1	4.50370E-3	1.06676E+0
3.09200E+11	9.87034E-5	3.86440E+1	-2.62960E-1	1.01739E+0
3.09900E+11	9.01401E-5	5.72651E+1	-3.63832E-1	9.79552E-1
3.10600E+11	9.76901E-5	9.94904E+1	-3.00454E-1	8.75793E-1
3.11300E+11	1.27889E-4	9.52775E+1	-2.84162E-1	5.98362E-1
3.12000E+11	1.34529E-4	1.08070E+2	-2.68835E-1	5.11846E-1
3.12700E+11	1.36346E-4	1.38325E+2	-2.18365E-1	4.77001E-1
3.13400E+11	1.22855E-4	1.69873E+2	-1.87855E-1	5.06353E-1
3.14100E+11	1.41042E-4	-1.50146E+2	-1.20509E-1	5.10755E-1
3.14800E+11	1.07675E-4	-1.05084E+2	-1.53697E-1	8.17726E-1
3.15500E+11	6.76586E-5	-7.53084E+1	-3.60383E-1	7.74246E-1
3.16200E+11	1.20656E-5	-3.09665E+1	-7.15588E-1	9.91553E-1
3.16900E+11	6.95245E-9	1.17057E+1	-1.09136E+0	9.37438E-1
3.17600E+11	1.66328E-11	4.57229E+1	-2.53128E+0	-1.49795E+0
3.18300E+11	5.39548E-9	-2.79909E+1	-1.44160E+0	3.37301E-1
3.19000E+11	3.45251E-5	-5.16363E+1	-1.68826E+0	6.94572E-2
3.19700E+11	6.36980E-5	-4.10770E+1	-1.18303E+0	-1.40958E-1
3.20400E+11	2.08672E-9	-1.44198E+1	-6.44049E-2	1.07340E+0
3.21100E+11	8.99080E-13	-3.75985E+1	3.33235E-1	9.50809E-1
3.21800E+11	5.14080E-13	5.17876E+1	2.80151E-2	5.12822E-1
3.22500E+11	2.40031E-12	-1.24311E+2	7.36853E-1	-1.95992E+0
3.23200E+11	2.08226E-12	-1.17071E+2	3.45622E-1	-3.44493E-1
3.23900E+11	4.02855E-13	1.65170E+2	3.98507E-1	1.74065E-1
3.24600E+11	1.01413E-13	-1.48259E+1	-1.79269E-1	3.68444E-1
3.25300E+11	7.63056E-13	1.60851E+2	-9.50919E-1	2.41738E-1
3.26000E+11	7.49670E-13	3.80430E+1	1.55123E+0	1.59276E+0
3.26700E+11	7.16405E-13	9.88729E+1	-1.27021E+0	1.46306E+0
3.27400E+11	2.15319E-13	-6.28102E+1	-3.31165E-1	4.17047E-1
3.28100E+11	2.34414E-13	-9.06869E+1	-3.26088E-1	4.86319E-1
3.28800E+11	7.87850E-13	-1.47133E+1	-1.44075E-1	2.73617E-1
3.29500E+11	7.15977E-13	-9.08993E+1	2.83544E-1	-1.55945E+0
3.30200E+11	1.63215E-12	1.17424E+2	-2.07033E-1	7.26417E-1
3.30900E+11	7.50138E-14	-6.50846E+1	3.45845E-1	2.57437E-1
3.31600E+11	7.71952E-14	-5.95351E+1	-3.55116E-2	-2.68807E+0
3.32300E+11	7.97764E-13	-1.22490E+2	5.24614E+0	-2.80683E-1
3.33000E+11	2.72530E-13	1.30223E+2	5.95168E+0	1.90498E+0
3.33700E+11	2.37400E-13	1.31546E+2	-7.75147E-1	5.58705E-2
3.34400E+11	1.20186E-12	4.30720E+1	-1.96985E-1	1.55997E+0
3.35100E+11	3.46584E-13	1.37302E+2	-2.82509E-1	-5.48790E-2
3.35800E+11	2.29991E-12	-8.37500E+1	-2.26958E+0	-7.85626E-1
3.36500E+11	7.63800E-13	2.50744E+1	1.86982E-1	3.21155E-1
3.37200E+11	2.20968E-12	-1.45180E+1	-1.19594E+0	-3.40922E+0
3.37900E+11	6.17756E-14	-5.18915E+1	4.45754E+0	1.04998E+0
3.38600E+11	2.57080E-13	1.02357E+2	-3.51226E+0	1.21865E-1
3.39300E+11	7.43094E-13	-1.76857E+1	2.54242E+0	-1.03472E+0
3.40000E+11	8.40131E-13	2.28964E+1	2.75864E-1	-2.19197E-1
