2.00000E+11	6.22363E-13	-3.04137E+1	1.05810E+1	2.48544E+0
2.00700E+11	2.21424E-12	3.59044E+1	-1.87980E+0	1.89951E+0
2.01400E+11	3.42244E-13	-1.38664E+2	1.02449E+0	1.30243E+0
2.02100E+11	1.39451E-14	-1.02128E+2	-6.24712E-2	6.45516E-2
2.02800E+11	2.52547E-12	1.42529E+2	-1.34000E+0	4.24939E-2
2.03500E+11	1.43652E-13	-1.66790E+2	-2.31660E-1	1.53835E-1
2.04200E+11	5.68879E-14	-5.05779E+0	1.93927E-1	-8.73980E-3
2.04900E+11	5.90518E-13	1.49586E+2	7.61500E-2	3.75276E-1
2.05600E+11	1.51991E-12	-9.70628E+1	-6.03740E+0	-7.51341E+0
2.06300E+11	7.91525E-13	6.80089E+1	1.92444E+0	7.14630E-1
2.07000E+11	2.17192E-13	-4.58877E+1	4.01648E-1	-3.07763E-1
2.07700E+11	8.97139E-13	7.46516E+1	-1.39232E-1	5.57177E-1
2.08400E+11	4.26308E-13	-4.11590E+1	1.13891E+0	2.04190E-1
2.09100E+11	1.48941E-12	1.81658E+0	4.07651E-1	-1.44180E+0
2.09800E+11	7.10364E-13	9.63704E+1	9.93294E-2	9.87634E-1
2.10500E+11	5.39947E-13	-1.22723E+1	9.64590E-1	-7.99414E+0
2.11200E+11	1.22451E-12	-7.14285E+1	8.20148E-3	1.06872E+0
2.11900E+11	1.36848E-13	1.37934E+2	7.99441E-1	-6.05363E+0
2.12600E+11	1.59266E-12	-1.52936E+2	-3.57052E-2	2.21050E-1
2.13300E+11	9.11821E-9	1.06305E+1	3.29111E-1	-2.22671E-1
2.14000E+11	6.40873E-10	-1.06439E+2	1.98763E-2	-5.74265E-1
2.14700E+11	2.16748E-10	-1.71847E+2	-8.41511E-2	6.46660E-2
2.15400E+11	6.10410E-13	3.64059E+1	5.03482E+0	4.86983E+0
2.16100E+11	6.25960E-13	-1.46309E+2	-7.97937E-1	-1.13235E+0
2.16800E+11	1.39373E-12	-5.88415E+1	3.54038E-1	1.42260E+0
2.17500E+11	7.21564E-13	3.07259E+1	-2.77727E-1	2.89084E-2
2.18200E+11	1.41155E-7	-6.95419E+1	-3.59847E-2	-1.72298E-1
2.18900E+11	5.67921E-7	5.98501E+1	-9.24946E-1	-8.56470E-2
2.19600E+11	1.83963E-6	8.53803E+1	2.65568E-1	-3.89906E-1
2.20300E+11	7.74116E-7	1.21819E+2	2.85971E-1	-3.32888E-1
2.21000E+11	6.12829E-7	1.04391E+2	3.20756E-1	-3.66815E-1
2.21700E+11	1.01410E-6	9.13711E+1	2.32630E-1	-3.13825E-1
2.22400E+11	8.22019E-7	3.33295E+1	1.79214E-1	-3.56011E-1
2.23100E+11	1.03386E-6	1.99442E+1	1.57387E-1	-2.88193E-1
2.23800E+11	2.19898E-6	-3.04780E+1	1.40148E-1	-3.17627E-1
2.24500E+11	3.63072E-6	-1.02193E+2	1.24533E-1	-2.75176E-1
2.25200E+11	5.86607E-6	1.43605E+2	1.11846E-1	-2.80188E-1
2.25900E+11	5.58544E-6	-1.79438E+2	9.79395E-2	-2.54551E-1
2.26600E+11	5.22169E-6	-1.55761E+2	8.50035E-2	-2.62420E-1
2.27300E+11	4.04966E-6	-1.68857E+2	7.69081E-2	-2.04666E-1
2.28000E+11	8.83462E-7	1.69550E+2	6.21522E-2	-2.02676E-1
2.28700E+11	4.46632E-7	-1.79589E+2	7.12021E-2	-1.58910E-1
2.29400E+11	1.91112E-7	1.37155E+2	8.49310E-2	-1.49491E-1
2.30100E+11	3.07381E-7	3.90578E+1	7.17775E-2	-1.34797E-1
2.30800E+11	1.72192E-7	1.42950E+1	3.22051E-2	-1.14418E-1
2.31500E+11	1.16416E-7	5.83053E+1	3.55843E-2	-9.00069E-2
2.32200E+11	7.44934E-8	1.07143E+2	1.63679E-2	-6.41857E-2
2.32900E+11	4.72376E-8	1.27145E+2	2.20430E-2	-3.96566E-2
2.33600E+11	2.19582E-8	9.98444E+1	1.10725E-2	-1.87393E-2
2.34300E+11	2.44835E-9	1.31720E+2	5.49252E-3	4.00952E-3
2.35000E+11	6.73496E-8	1.59478E+2	-1.29473E-3	2.64756E-2
2.35700E+11	2.93198E-7	1.36789E+2	1.16698E-3	5.06732E-2
2.36400E+11	7.84217E-7	1.14083E+2	1.09715E-2	7.29645E-2
2.37100E+11	1.49170E-6	9.20160E+1	2.92068E-2	1.00697E-1
2.37800E+11	2.53829E-6	8.10736E+1	2.89997E-2	1.18289E-1
2.38500E+11	3.94871E-6	6.95112E+1	3.85804E-2	1.59289E-1
2.39200E+11	3.39257E-6	2.91704E+1	1.29621E-2	1.90202E-1
2.39900E+11	2.75443E-6	-2.11447E+1	2.97228E-2	2.29222E-1
2.40600E+11	3.41370E-6	-5.58045E+1	4.91563E-2	2.32624E-1
2.41300E+11	3.18297E-6	-1.08846E+2	7.52512E-2	2.58898E-1
2.42000E+11	4.46516E-6	-9.52082E+1	8.56353E-2	2.59854E-1
2.42700E+11	7.00689E-6	-1.01327E+2	1.11824E-1	2.78916E-1
2.43400E+11	9.28955E-6	-6.42476E+1	1.00058E-1	2.82665E-1
2.44100E+11	7.77196E-6	7.55761E-1	1.32579E-1	3.02265E-1
2.44800E+11	2.06171E-5	-2.25888E+1	1.17535E-1	3.40249E-1
2.45500E+11	2.81261E-5	-3.54222E+1	1.45952E-1	3.47677E-1
2.46200E+11	3.83375E-5	-5.82374E+1	1.58705E-1	4.06837E-1
2.46900E+11	3.68949E-5	-5.54913E+1	1.89365E-1	3.74899E-1
2.47600E+11	3.85902E-5	-6.02202E+1	2.27921E-1	4.43787E-1
2.48300E+11	4.26899E-5	-5.91682E+1	2.46059E-1	4.20344E-1
2.49000E+11	3.34455E-5	-9.64725E+1	2.73680E-1	4.58610E-1
2.49700E+11	3.43195E-5	-1.15562E+2	2.88687E-1	4.31960E-1
2.50400E+11	2.55065E-5	-1.52222E+2	3.11738E-1	4.78912E-1
2.51100E+11	2.72459E-5	1.54490E+2	2.78271E-1	4.82798E-1
2.51800E+11	2.51241E-5	1.38738E+2	3.17592E-1	4.85791E-1
2.52500E+11	3.58349E-5	1.49462E+2	2.90193E-1	4.76304E-1
2.53200E+11	3.66147E-5	1.11161E+2	3.03375E-1	5.01541E-1
2.53900E+11	5.14055E-5	1.12856E+2	2.69031E-1	5.20805E-1
2.54600E+11	4.57274E-5	1.39309E+2	3.12907E-1	5.09562E-1
2.55300E+11	6.50114E-5	1.31147E+2	2.88643E-1	5.37514E-1
2.56000E+11	7.17515E-5	1.33028E+2	3.46569E-1	5.22092E-1
2.56700E+11	7.11968E-5	-1.94056E+1	2.50590E-1	5.81579E-1
2.57400E+11	9.21548E-5	-5.84550E+1	2.83175E-1	6.14610E-1
2.58100E+11	1.13981E-4	-9.26801E+1	2.31033E-1	6.72794E-1
2.58800E+11	7.69431E-5	-9.88006E+1	2.35422E-1	6.69274E-1
2.59500E+11	8.40422E-5	-7.94138E+1	2.19348E-1	7.12191E-1
2.60200E+11	9.31404E-5	-7.46353E+1	2.39918E-1	6.60838E-1
2.60900E+11	7.47687E-5	-6.20928E+1	2.36821E-1	6.81476E-1
2.61600E+11	5.96453E-5	-4.12094E+1	2.79929E-1	6.05400E-1
2.62300E+11	5.41691E-5	-2.26934E-1	3.01280E-1	5.90462E-1
2.63000E+11	6.43561E-5	-5.88530E+0	3.24277E-1	5.19457E-1
2.63700E+11	5.48778E-5	4.45448E+0	4.03679E-1	4.86756E-1
2.64400E+11	6.46992E-5	1.43812E+1	3.99355E-1	4.24447E-1
2.65100E+11	5.86761E-5	3.26127E-2	5.01271E-1	4.25320E-1
2.65800E+11	6.44465E-5	1.92713E+1	4.78236E-1	3.95771E-1
2.66500E+11	7.03316E-5	4.99156E+1	5.69791E-1	4.20982E-1
2.67200E+11	8.55618E-5	5.59943E+1	5.45477E-1	4.00821E-1
2.67900E+11	8.06808E-5	2.41488E+1	6.03355E-1	4.40303E-1
2.68600E+11	8.06434E-5	4.53873E+0	6.07851E-1	4.16901E-1
2.69300E+11	6.87419E-5	-8.71312E+0	6.01153E-1	4.10476E-1
2.70000E+11	7.47909E-5	-2.55057E+1	5.96969E-1	3.91965E-1
2.70700E+11	6.85540E-5	-7.27726E+1	6.27419E-1	3.90199E-1
2.71400E+11	7.16672E-5	-1.33674E+2	6.34645E-1	4.14531E-1
2.72100E+11	6.34397E-5	-1.58813E+2	6.58472E-1	4.26796E-1
2.72800E+11	5.77084E-5	-1.66287E+2	6.54565E-1	4.50644E-1
2.73500E+11	5.64051E-5	-1.28842E+2	6.65808E-1	4.46584E-1
2.74200E+11	7.57490E-5	-1.22801E+2	6.66175E-1	4.82503E-1
2.74900E+11	6.74957E-5	-8.43725E+1	6.73049E-1	4.68470E-1
2.75600E+11	6.97955E-5	-1.13566E+2	6.80808E-1	5.12516E-1
2.76300E+11	9.93458E-5	-1.00535E+2	6.60915E-1	4.97510E-1
2.77000E+11	1.13692E-4	-1.34612E+2	6.67636E-1	5.38920E-1
2.77700E+11	1.15812E-4	-1.19031E+2	6.49290E-1	5.13874E-1
2.78400E+11	1.44867E-4	-1.29190E+2	6.53527E-1	5.58564E-1
2.79100E+11	1.65066E-4	-1.01909E+2	6.41726E-1	5.43460E-1
2.79800E+11	1.44762E-4	-7.33152E+1	6.44426E-1	5.67532E-1
2.80500E+11	1.76312E-4	-6.02440E+1	6.22687E-1	5.33208E-1
2.81200E+11	2.22898E-4	-7.64484E+1	6.13200E-1	4.77820E-1
2.81900E+11	2.18458E-4	-7.78548E+1	5.98706E-1	4.56438E-1
2.82600E+11	1.60086E-4	-7.93734E+1	6.39156E-1	3.88814E-1
2.83300E+11	1.73884E-4	-1.01907E+2	6.11505E-1	3.90280E-1
2.84000E+11	1.36588E-4	-7.82534E+1	6.54923E-1	3.64881E-1
2.84700E+11	1.37624E-4	-1.02390E+2	6.57506E-1	3.61038E-1
2.85400E+11	1.23217E-4	-1.33916E+2	6.94923E-1	3.48972E-1
2.86100E+11	1.33395E-4	-1.64554E+2	6.98118E-1	3.60782E-1
2.86800E+11	9.07550E-5	-1.60447E+2	7.38733E-1	3.53227E-1
2.87500E+11	6.56049E-5	-1.53661E+2	7.42669E-1	3.45516E-1
2.88200E+11	3.94269E-5	1.75417E+2	7.81265E-1	3.35692E-1
2.88900E+11	4.83795E-5	1.65684E+2	7.79927E-1	3.48887E-1
2.89600E+11	4.12618E-5	1.47904E+2	7.86934E-1	3.63331E-1
2.90300E+11	3.90714E-5	1.72628E+2	7.65619E-1	3.83993E-1
2.91000E+11	5.20364E-5	1.78290E+2	7.67453E-1	4.03598E-1
2.91700E+11	4.53575E-5	-1.53246E+2	7.46361E-1	4.25410E-1
2.92400E+11	4.43695E-5	-1.20059E+2	7.52452E-1	4.22452E-1
2.93100E+11	5.09187E-5	-9.58736E+1	7.30307E-1	4.44903E-1
2.93800E+11	5.39463E-5	-1.00443E+2	7.13098E-1	4.25754E-1
2.94500E+11	5.08057E-5	-9.58293E+1	7.18527E-1	4.26768E-1
2.95200E+11	6.35957E-5	-7.23237E+1	6.98580E-1	4.18141E-1
2.95900E+11	6.46289E-5	-8.41354E+1	6.91998E-1	4.28216E-1
2.96600E+11	9.80192E-5	-9.18284E+1	6.78958E-1	3.85586E-1
2.97300E+11	1.31845E-4	-8.17399E+1	6.78989E-1	3.16598E-1
2.98000E+11	2.07728E-4	-6.19572E+1	6.54584E-1	2.69131E-1
2.98700E+11	2.24669E-4	-6.13082E+1	7.22914E-1	2.64728E-1
2.99400E+11	1.91135E-4	9.44098E+0	7.65045E-1	2.36790E-1
3.00100E+11	1.64316E-4	5.13135E+1	7.68197E-1	2.56726E-1
3.00800E+11	1.40139E-4	5.48141E+1	8.01705E-1	2.38678E-1
3.01500E+11	8.94435E-5	2.03411E+1	8.40703E-1	2.37624E-1
3.02200E+11	6.97226E-5	3.40994E+1	8.52999E-1	2.08923E-1
3.02900E+11	5.10733E-5	2.97031E+1	8.72933E-1	1.91388E-1
3.03600E+11	5.29702E-5	1.67089E+1	8.55998E-1	1.82284E-1
3.04300E+11	4.27670E-5	2.78025E+1	8.55707E-1	1.71907E-1
3.05000E+11	3.21896E-5	4.63271E+1	8.27420E-1	1.67575E-1
3.05700E+11	3.95299E-5	3.95962E+1	8.24212E-1	2.05103E-1
3.06400E+11	4.17654E-5	8.19687E+0	7.86713E-1	2.48888E-1
3.07100E+11	4.17693E-5	-1.20329E+1	7.68657E-1	2.61036E-1
3.07800E+11	3.48480E-5	-1.38111E+1	7.37301E-1	2.99423E-1
3.08500E+11	6.25545E-5	-1.52626E+1	7.10330E-1	2.68422E-1
3.09200E+11	6.10701E-5	-4.49066E+1	7.09518E-1	2.71523E-1
3.09900E+11	5.64245E-5	-3.33200E+1	7.05692E-1	2.53944E-1
3.10600E+11	7.66377E-5	3.99023E+0	7.21787E-1	1.72422E-1
3.11300E+11	1.15301E-4	-8.73374E+0	5.97504E-1	1.20389E-1
3.12000E+11	1.28755E-4	-4.99246E+0	5.86724E-1	4.76945E-2
3.12700E+11	1.32479E-4	2.07574E+1	5.57739E-1	-2.89355E-2
3.13400E+11	1.35790E-4	4.89055E+1	6.13236E-1	-1.14908E-1
3.14100E+11	1.61991E-4	8.74126E+1	6.70902E-1	-2.33187E-1
3.14800E+11	1.19216E-4	1.42540E+2	8.66203E-1	-1.79872E-1
3.15500E+11	6.65588E-5	1.59909E+2	8.65719E-1	-1.49884E-1
3.16200E+11	9.17528E-6	-1.56773E+2	9.64614E-1	1.75649E-4
3.16900E+11	3.20128E-9	-1.27172E+2	8.23318E-1	6.62293E-3
3.17600E+11	2.18510E-12	-1.21302E+2	7.32640E-1	6.97468E-1
3.18300E+11	2.24282E-9	1.67354E+2	8.07064E-1	3.06606E-2
3.19000E+11	1.78732E-5	1.35163E+2	8.96165E-1	6.96426E-2
3.19700E+11	2.98226E-5	1.53243E+2	5.82533E-1	2.24948E-1
3.20400E+11	6.50565E-10	-1.19153E+2	8.68634E-1	-1.73563E-1
3.21100E+11	2.68226E-13	-1.52098E+2	6.46704E-1	-6.20471E-1
3.21800E+11	6.51848E-13	4.25926E+1	1.84505E-1	8.44666E-1
3.22500E+11	7.18881E-14	-1.17549E+2	1.42820E-1	-2.75923E-1
3.23200E+11	5.36844E-13	-1.57925E+2	9.77743E-3	-1.31912E-1
3.23900E+11	7.04907E-13	-2.21539E+1	-7.58729E-1	-2.21452E-1
3.24600E+11	1.83997E-12	-3.27272E+1	-2.10803E-1	1.49157E+0
3.25300E+11	2.37500E-12	7.73947E+1	8.38975E-2	6.18965E-1
3.26000E+11	2.92879E-13	4.47873E+1	4.22045E-1	5.50040E-1
3.26700E+11	1.09362E-12	-4.19434E+1	1.75982E+0	-3.05626E-1
3.27400E+11	6.04338E-12	6.10527E+1	-7.58205E-1	-2.37792E+0
3.28100E+11	3.64478E-13	-7.51827E+1	-5.19177E-1	4.45823E-1
3.28800E+11	4.66188E-13	-2.49062E+1	-9.19439E-2	2.90259E-1
3.29500E+11	7.23956E-14	1.38834E+2	-1.09043E+0	6.28577E-1
3.30200E+11	1.47598E-12	2.68637E+1	5.29136E-1	1.45229E-1
3.30900E+11	8.81440E-13	-1.77325E+2	2.40033E-1	-9.33339E-1
3.31600E+11	2.86795E-13	-1.84026E+1	2.83103E+0	-3.32931E+0
3.32300E+11	2.17791E-12	5.31129E+1	-1.56551E+0	2.04971E-1
3.33000E+11	2.74025E-13	-4.78947E+1	-2.31379E+0	-8.25288E-1
3.33700E+11	1.91132E-12	-2.45301E+1	1.27610E+0	4.59458E-1
3.34400E+11	5.46888E-14	3.41017E+1	9.38564E-3	3.03142E-1
3.35100E+11	1.44149E-12	-5.68200E+1	8.00972E-1	-4.37877E-2
3.35800E+11	1.20070E-12	-2.18109E+1	-2.46628E-1	-1.56291E+0
3.36500E+11	2.86685E-13	1.07783E+2	-8.29987E-1	6.36880E-1
3.37200E+11	9.52506E-13	-1.42147E+2	-4.77833E-1	7.34655E-1
3.37900E+11	1.85622E-13	2.77676E+1	-3.78106E-2	7.42924E-1
3.38600E+11	2.43225E-12	-1.51681E+2	3.08995E-1	-1.24159E+0
3.39300E+11	5.61213E-13	4.53407E+1	3.70504E+0	3.20727E+0
3.40000E+11	5.89467E-13	-1.29009E+1	2.08246E+0	-7.39239E+0
