4.50000E+11	1.18444E-12	-4.47891E+0	5.10549E-1	3.09645E-1
4.50175E+11	1.99602E-13	-2.18564E+1	-6.32678E-2	5.01886E-2
4.50350E+11	1.06815E-13	-2.01112E+1	-8.07360E-2	-5.68235E-2
4.50525E+11	1.07721E-12	-1.39437E+1	1.75288E-1	9.80024E-2
4.50700E+11	2.34312E-12	-1.18660E+1	-4.75343E-2	2.50627E-1
4.50875E+11	1.31594E-12	-9.87195E+0	2.42766E-1	-2.09898E-1
4.51050E+11	6.01389E-13	-1.32215E+1	2.11142E-1	-5.51894E-2
4.51225E+11	6.30972E-13	-1.54847E+1	8.45064E-2	1.45402E-1
4.51400E+11	7.46058E-13	-1.39150E+1	-6.96203E-2	-1.89078E-1
4.51575E+11	1.10828E-12	-6.69987E+0	-4.61711E-1	-2.50104E-2
4.51750E+11	1.29484E-12	-7.81409E+0	-2.63072E-1	-3.10184E-1
4.51925E+11	2.40479E-15	-3.83128E+1	-7.35199E-3	-9.66563E-3
4.52100E+11	1.41673E-12	-1.28335E+1	-8.88539E-2	2.10196E-1
4.52275E+11	3.63885E-12	-1.40714E+1	-1.33520E-1	-1.46062E-1
4.52450E+11	9.52083E-12	-1.47239E+1	3.21727E-2	-1.80730E-1
4.52625E+11	2.23495E-11	-1.52443E+1	1.69917E-1	3.19587E-2
4.52800E+11	5.75682E-11	-1.38019E+1	4.40465E-2	1.99321E-1
4.52975E+11	8.41960E-11	-1.44971E+1	-1.37991E-1	1.28309E-1
4.53150E+11	9.96953E-11	-1.72670E+1	-1.34486E-1	-2.60051E-2
4.53325E+11	9.44021E-11	-1.94529E+1	2.10172E-3	-1.06481E-1
4.53500E+11	9.07566E-11	-2.04411E+1	8.42308E-2	4.40376E-2
4.53675E+11	8.59842E-11	-2.10771E+1	-4.41319E-2	7.65237E-2
4.53850E+11	9.28426E-11	-2.18949E+1	-7.51318E-2	-2.86247E-2
4.54025E+11	9.93265E-11	-2.33627E+1	2.86242E-2	-6.15710E-2
4.54200E+11	7.68478E-11	-2.48234E+1	5.32690E-2	2.13532E-2
4.54375E+11	5.06555E-11	-2.68907E+1	-9.19587E-3	4.42892E-2
4.54550E+11	1.99504E-11	-2.98450E+1	-3.16173E-2	-6.05626E-3
4.54725E+11	6.20063E-12	-3.35795E+1	7.53955E-3	-1.95380E-2
4.54900E+11	3.45756E-12	-3.34993E+1	7.18797E-3	1.98767E-2
4.55075E+11	9.09882E-13	-3.74416E+1	1.28586E-2	3.85886E-3
4.55250E+11	1.27743E-12	-3.42967E+1	1.05050E-3	1.92539E-2
4.55425E+11	2.65225E-12	-2.78905E+1	-4.02521E-2	2.26127E-3
4.55600E+11	4.37308E-12	-2.34682E+1	-5.27782E-2	-4.14025E-2
4.55775E+11	5.20722E-12	-2.04667E+1	9.43891E-2	-8.47205E-3
4.55950E+11	3.42175E-12	-1.62408E+1	-4.73073E-2	1.46718E-1
4.56125E+11	2.46801E-12	-1.18135E+1	-2.48378E-1	-6.45961E-2
4.56300E+11	4.14782E-13	-1.62279E+1	1.50955E-1	3.23631E-2
4.56475E+11	7.38660E-14	-2.42077E+1	-4.96515E-2	-3.64680E-2
4.56650E+11	4.36489E-13	-2.04933E+1	7.26485E-2	-6.04027E-2
4.56825E+11	2.11907E-12	-1.57427E+1	-4.37530E-2	1.57281E-1
4.57000E+11	3.74653E-13	-2.17658E+1	6.83976E-2	4.45085E-2
4.57175E+11	1.60790E-12	-1.54582E+1	1.62221E-1	4.62677E-2
4.57350E+11	2.93062E-13	-2.20897E+1	7.79150E-2	1.04820E-2
4.57525E+11	1.77737E-12	-1.51484E+1	8.20653E-2	1.54356E-1
4.57700E+11	3.90609E-13	-1.67415E+1	-4.15928E-2	1.39449E-1
4.57875E+11	5.22773E-13	-8.09604E+0	-2.21107E-1	-3.25783E-1
4.58050E+11	2.53381E-12	2.44612E+1	1.64468E+1	2.97197E+0
4.58225E+11	2.56676E-13	-1.22412E+1	2.38166E-1	5.44486E-2
4.58400E+11	5.45489E-13	-2.08267E+0	-1.99052E-1	-7.61209E-1
4.58575E+11	6.08292E-13	-2.00329E+0	6.01072E-1	5.18837E-1
4.58750E+11	1.30961E-12	-3.46079E+0	4.07854E-1	-5.33282E-1
4.58925E+11	1.98438E-12	-8.47125E+0	3.68689E-1	-7.91220E-2
4.59100E+11	5.15949E-12	1.54395E+0	7.68007E-1	-9.14916E-1
4.59275E+11	9.45971E-13	1.56354E+0	1.16926E+0	2.57284E-1
4.59450E+11	4.61763E-12	5.19642E+0	-9.34205E-2	-1.81655E+0
4.59625E+11	2.40719E-12	-1.83644E-1	6.14503E-1	-7.62222E-1
4.59800E+11	5.87002E-13	9.89362E-2	8.25536E-1	5.84408E-1
4.59975E+11	3.65833E-13	-1.19596E+1	-2.52268E-1	6.79125E-3
4.60150E+11	2.55031E-12	3.57523E+0	6.48675E-1	-1.36274E+0
4.60325E+11	9.06249E-13	1.84151E+0	8.86662E-1	-8.61353E-1
4.60500E+11	2.30602E-12	1.35940E+0	2.67308E-1	1.13846E+0
4.60675E+11	1.19318E-12	-6.37352E-1	2.39915E-1	-8.97745E-1
4.60850E+11	1.83801E-12	2.75660E+0	-7.20034E-1	1.16964E+0
4.61025E+11	7.86545E-13	-5.69802E+0	2.34512E-2	5.18388E-1
4.61200E+11	2.92271E-12	2.34654E-2	-6.00222E-1	8.03213E-1
4.61375E+11	3.30661E-12	1.83851E+0	1.21942E+0	-2.00132E-1
4.61550E+11	9.97086E-13	4.55026E+0	-1.32677E+0	1.04444E+0
4.61725E+11	1.49689E-12	-2.32292E+0	-7.44998E-1	1.75277E-1
4.61900E+11	6.38054E-13	-1.15775E+1	-4.51014E-2	-2.59824E-1
4.62075E+11	1.23190E-12	-5.05014E+0	5.06257E-1	2.37280E-1
4.62250E+11	3.28703E-12	-3.92762E+0	3.81165E-1	5.09422E-1
4.62425E+11	1.45866E-12	-1.59384E+0	-3.37889E-1	7.60686E-1
4.62600E+11	4.42729E-12	1.04645E+1	1.41987E+0	-3.01874E+0
4.62775E+11	6.77914E-13	-1.40750E+0	6.46591E-1	-5.52364E-1
4.62950E+11	3.68351E-13	-1.34930E+1	2.11347E-1	-8.54363E-3
4.63125E+11	2.48045E-13	-1.33367E+1	-2.14278E-1	-2.15710E-2
4.63300E+11	4.02565E-13	-1.25547E+1	2.03433E-1	-1.18932E-1
4.63475E+11	1.18255E-12	1.69379E+0	1.19000E+0	-2.46793E-1
4.63650E+11	3.96276E-13	-7.20936E+0	-2.31426E-1	3.69564E-1
4.63825E+11	1.32931E-12	3.50241E-2	-6.38554E-1	-7.74820E-1
4.64000E+11	1.42205E-12	-2.11958E-1	9.69629E-1	-1.10391E-1
4.64175E+11	6.29218E-12	3.27091E+0	-1.45727E+0	6.67891E-3
4.64350E+11	6.73927E-12	-7.65126E-2	-3.25409E-1	-9.36294E-1
4.64525E+11	8.51368E-12	-2.32110E-1	-5.07052E-1	8.31177E-1
4.64700E+11	2.11842E-11	4.92547E+0	-1.62577E+0	-6.82156E-1
4.64875E+11	4.49363E-11	1.08976E+1	3.06999E+0	-1.69443E+0
4.65050E+11	3.94419E-11	7.90947E+0	2.42808E-1	2.47396E+0
4.65225E+11	5.25406E-11	3.34921E+0	-1.46965E+0	-4.94311E-2
4.65400E+11	9.92031E-11	6.40487E+0	1.83471E+0	-1.00195E+0
4.65575E+11	1.26042E-10	7.36456E+0	2.34925E-1	2.32283E+0
4.65750E+11	1.84494E-10	7.52638E+0	-2.18197E+0	-9.46939E-1
4.65925E+11	3.47702E-10	5.59893E+0	6.83233E-1	-1.77850E+0
4.66100E+11	4.14244E-10	6.19079E+0	1.79222E+0	9.73556E-1
4.66275E+11	4.08949E-10	6.05858E+0	-1.08070E+0	1.69329E+0
4.66450E+11	4.12773E-10	6.26115E+0	-1.61324E+0	-1.27486E+0
4.66625E+11	4.20473E-10	6.83897E+0	1.71656E+0	-1.37217E+0
4.66800E+11	3.94190E-10	9.08519E+0	8.34384E-1	2.72111E+0
4.66975E+11	4.30441E-10	1.02411E+1	-3.11451E+0	-9.33100E-1
4.67150E+11	4.51848E-10	1.17073E+1	1.54576E+0	-3.52514E+0
4.67325E+11	3.15928E-10	9.46105E+0	2.00935E+0	2.18985E+0
4.67500E+11	3.39458E-10	1.29180E+1	-4.41867E+0	-2.34229E-1
4.67675E+11	2.14270E-10	8.48437E+0	-9.11514E-2	-2.65438E+0
4.67850E+11	1.55438E-10	9.83029E+0	2.75313E+0	1.42726E+0
4.68025E+11	9.36049E-11	8.91143E+0	-1.81205E+0	2.12118E+0
4.68200E+11	5.66656E-11	3.57224E+0	-1.12402E+0	-1.00640E+0
4.68375E+11	6.33413E-11	6.18863E+0	1.56372E+0	-1.30866E+0
4.68550E+11	6.75111E-11	1.96243E+0	3.53500E-1	1.20261E+0
4.68725E+11	4.61868E-11	-3.05059E+0	-7.01312E-1	5.95332E-2
4.68900E+11	4.86105E-11	-2.33571E+0	-1.23714E-2	-7.64113E-1
4.69075E+11	5.50837E-11	-1.77127E+0	8.07225E-1	1.16046E-1
4.69250E+11	1.12970E-10	-2.93920E+0	-5.28835E-1	4.78107E-1
4.69425E+11	1.11069E-10	-1.32862E+0	-2.90203E-1	-8.07604E-1
4.69600E+11	1.24022E-10	-4.97845E+0	5.56104E-1	-9.24621E-2
4.69775E+11	6.59784E-11	-6.09110E+0	1.97918E-1	4.54756E-1
4.69950E+11	5.44968E-11	-5.72771E+0	-4.82137E-1	1.87045E-1
4.70125E+11	6.43097E-11	-6.15899E+0	-1.72396E-1	-4.60911E-1
4.70300E+11	7.57319E-11	-6.32509E+0	4.07416E-1	-2.59007E-1
4.70475E+11	1.20749E-10	-5.78398E+0	2.51591E-1	4.47996E-1
4.70650E+11	8.04809E-11	-9.50432E+0	-3.10837E-1	1.24383E-1
4.70825E+11	1.24609E-10	-8.86968E+0	-2.04299E-1	-2.96630E-1
4.71000E+11	1.57501E-10	-8.04123E+0	2.88939E-1	-2.71120E-1
4.71175E+11	2.53523E-10	-6.28990E+0	4.06635E-1	2.63850E-1
4.71350E+11	2.10515E-10	-7.91253E+0	-5.37029E-2	3.98535E-1
4.71525E+11	2.19981E-10	-7.39011E+0	-4.07483E-1	1.27837E-1
4.71700E+11	4.10355E-10	-5.84663E+0	-2.13460E-1	-4.63306E-1
4.71875E+11	7.11016E-10	-2.76930E+0	6.36376E-1	-3.51505E-1
4.72050E+11	1.13289E-9	5.70268E-1	4.74021E-1	9.56882E-1
4.72225E+11	1.94546E-9	-7.77700E-1	-8.89410E-1	-2.12122E-1
4.72400E+11	3.19458E-9	-1.54917E+0	5.50745E-1	-6.29806E-1
4.72575E+11	4.15417E-9	-3.28671E+0	2.77366E-1	6.26288E-1
4.72750E+11	6.30758E-9	-3.19045E+0	-6.90712E-1	-5.09987E-2
4.72925E+11	9.95924E-9	-4.60453E+0	3.36742E-1	-4.82680E-1
4.73100E+11	1.48511E-8	-6.82068E+0	2.14132E-1	4.02598E-1
4.73275E+11	1.82930E-8	-8.68048E+0	-3.58552E-1	8.33327E-2
4.73450E+11	2.47294E-8	-9.87299E+0	1.43251E-3	-3.20883E-1
4.73625E+11	2.09881E-8	-1.12135E+1	2.72686E-1	3.55533E-2
4.73800E+11	2.35940E-8	-1.22907E+1	-9.16352E-2	2.24974E-1
4.73975E+11	2.15678E-8	-1.21300E+1	-1.87832E-1	-1.61101E-1
4.74150E+11	2.36661E-8	-1.19769E+1	2.16300E-1	-1.29021E-1
4.74325E+11	2.36098E-8	-1.24697E+1	3.56710E-2	2.35278E-1
4.74500E+11	2.20514E-8	-1.22123E+1	-2.39239E-1	-5.33858E-2
4.74675E+11	2.20413E-8	-1.14557E+1	1.27084E-1	-2.35308E-1
4.74850E+11	1.77793E-8	-1.08857E+1	1.92780E-1	2.10682E-1
4.75025E+11	1.55518E-8	-1.09629E+1	-2.69140E-1	8.76197E-2
4.75200E+11	1.59536E-8	-1.13978E+1	-3.02146E-2	-2.67522E-1
4.75375E+11	1.39862E-8	-1.20370E+1	2.39174E-1	7.31837E-2
4.75550E+11	8.41910E-9	-1.32924E+1	-1.38359E-1	1.66470E-1
4.75725E+11	6.68639E-9	-1.28632E+1	-1.27895E-1	-1.88058E-1
4.75900E+11	5.19097E-9	-1.30905E+1	2.08250E-1	-7.56097E-2
4.76075E+11	4.06773E-9	-1.32018E+1	2.84012E-2	2.16879E-1
4.76250E+11	3.29973E-9	-1.33603E+1	-2.14087E-1	-1.71943E-2
4.76425E+11	2.48260E-9	-1.29532E+1	9.33454E-2	-2.04814E-1
4.76600E+11	2.00756E-9	-1.20489E+1	1.73211E-1	1.79963E-1
4.76775E+11	1.84939E-9	-1.11371E+1	-2.30261E-1	1.54741E-1
4.76950E+11	1.72455E-9	-1.02056E+1	-1.68232E-1	-2.58986E-1
4.77125E+11	1.29277E-9	-9.65043E+0	2.75386E-1	-1.80401E-1
4.77300E+11	1.25384E-9	-1.01358E+1	-2.96795E-1	-9.39893E-2
4.77475E+11	1.41367E-9	-9.93037E+0	2.08696E-1	-2.40961E-1
4.77650E+11	1.33230E-9	-6.51354E+0	1.65086E-1	4.42630E-1
4.77825E+11	1.23756E-9	-5.08714E+0	-5.43309E-1	-1.21495E-1
4.78000E+11	1.18831E-9	-4.60985E+0	3.76197E-1	-4.52136E-1
4.78175E+11	9.16669E-10	-4.05050E+0	1.73523E-1	6.02823E-1
4.78350E+11	1.15382E-9	-3.99554E+0	-6.07643E-1	1.71131E-1
4.78525E+11	1.13424E-9	-2.65651E+0	-2.19888E-1	-7.02912E-1
4.78700E+11	1.42395E-9	-2.06546E+0	7.67678E-1	-1.79411E-1
4.78875E+11	1.32978E-9	-2.19826E+0	-1.16782E-1	7.67570E-1
4.79050E+11	1.49330E-9	-4.13511E+0	-5.59917E-1	-2.69082E-1
4.79225E+11	1.86311E-9	-5.76737E+0	3.83005E-1	-3.43973E-1
4.79400E+11	1.79217E-9	-8.26360E+0	2.45628E-1	2.98031E-1
4.79575E+11	1.21671E-9	-7.53815E+0	-1.80025E-1	3.79293E-1
4.79750E+11	1.00983E-9	6.93018E+0	-2.12398E+0	6.48570E-1
4.79925E+11	1.21503E-9	3.16002E+0	1.42162E+0	-2.21715E-1
4.80100E+11	1.20167E-9	2.85337E+0	-8.01925E-1	1.13399E+0
4.80275E+11	1.19987E-9	6.67806E+0	-1.04774E+0	-1.88574E+0
4.80450E+11	1.07342E-9	1.01021E+1	2.96031E+0	-1.21428E+0
4.80625E+11	1.15580E-9	1.13080E+1	-7.03528E-1	3.60826E+0
4.80800E+11	7.96667E-10	9.17794E+0	-9.74468E-1	-2.70664E+0
4.80975E+11	6.92527E-10	8.88485E+0	2.49377E+0	1.23148E+0
4.81150E+11	4.14432E-10	5.61789E+0	-1.42446E+0	1.27149E+0
4.81325E+11	3.37913E-10	4.78121E+0	-5.47256E-1	-1.64542E+0
4.81500E+11	2.73890E-10	4.31899E+0	1.57379E+0	4.75939E-1
4.81675E+11	2.60455E-10	4.45947E+0	-1.14776E+0	1.21443E+0
4.81850E+11	2.70258E-10	3.67621E+0	-6.88591E-1	-1.36282E+0
4.82025E+11	2.87899E-10	2.14270E+0	1.27960E+0	2.12155E-2
4.82200E+11	2.26030E-10	1.35194E+0	-7.29467E-1	9.12727E-1
4.82375E+11	2.26410E-10	7.98837E-1	-6.07332E-1	-9.12738E-1
4.82550E+11	3.00066E-10	1.50026E-1	9.79838E-1	-2.73983E-1
4.82725E+11	3.65733E-10	4.74951E-1	-2.59778E-1	1.02376E+0
4.82900E+11	3.86986E-10	-3.71939E-2	-8.25625E-1	-5.56611E-1
4.83075E+11	6.41854E-10	6.53537E-2	8.70153E-1	-5.07932E-1
4.83250E+11	1.05283E-9	1.29326E+0	3.38063E-1	1.11022E+0
4.83425E+11	1.39530E-9	2.45908E+0	-1.26342E+0	-4.06668E-1
4.83600E+11	1.59947E-9	-6.33717E-2	6.31337E-1	-7.66112E-1
4.83775E+11	1.64630E-9	-2.28202E+0	4.72297E-1	6.06813E-1
4.83950E+11	1.32931E-9	-4.16455E+0	-5.41370E-1	3.00372E-1
4.84125E+11	1.09011E-9	-4.11236E+0	-9.97660E-2	-6.14806E-1
4.84300E+11	7.39425E-10	-5.82787E+0	5.10541E-1	2.63176E-2
4.84475E+11	5.46425E-10	-5.12840E+0	-1.53697E-1	5.32346E-1
4.84650E+11	7.76049E-10	-3.27609E+0	-5.98400E-1	-3.35015E-1
4.84825E+11	1.05053E-9	-1.85502E+0	5.35682E-1	-6.04501E-1
4.85000E+11	7.44921E-10	-2.92127E+0	5.36868E-1	4.71306E-1
4.85175E+11	8.33155E-10	-5.76322E+0	-1.19543E-1	5.00972E-1
4.85350E+11	1.23627E-9	-4.94943E+0	-5.64611E-1	3.38508E-2
4.85525E+11	1.55163E-9	-1.28552E+0	2.36113E-2	-8.62107E-1
4.85700E+11	2.39184E-9	1.92891E+0	1.06883E+0	6.45570E-1
4.85875E+11	2.89473E-9	2.61925E+0	-1.23758E+0	5.44225E-1
4.86050E+11	3.01794E-9	3.70554E+0	3.49257E-1	-1.49172E+0
4.86225E+11	4.13993E-9	4.81368E+0	9.71248E-1	1.44435E+0
4.86400E+11	4.99797E-9	3.17509E+0	-1.41260E+0	-2.86178E-1
4.86575E+11	4.19344E-9	7.26739E-1	7.99776E-1	-7.36554E-1
4.86750E+11	2.87732E-9	-2.79413E+0	2.88166E-1	6.65190E-1
4.86925E+11	4.46682E-9	-2.35287E+0	-6.91726E-1	3.21300E-1
4.87100E+11	3.60238E-9	-3.57383E+0	-2.93085E-1	-5.94353E-1
4.87275E+11	1.03388E-9	-8.20224E+0	3.82820E-1	-6.87512E-2
4.87450E+11	1.10124E-9	-8.93404E+0	5.44956E-2	3.53340E-1
4.87625E+11	3.78087E-9	-3.49912E+0	-6.40408E-1	1.91447E-1
4.87800E+11	9.21121E-9	2.86379E-1	-2.77845E-1	-9.95473E-1
4.87975E+11	1.07054E-8	2.81099E-1	1.01921E+0	-1.67552E-1
4.88150E+11	7.79807E-9	-2.33775E-1	5.38390E-2	9.71955E-1
4.88325E+11	6.61432E-9	-6.65302E-1	-9.22211E-1	-8.65614E-2
4.88500E+11	6.47225E-9	-1.38898E+0	1.57425E-1	-8.37552E-1
4.88675E+11	5.83501E-9	-1.15412E+0	8.23177E-1	2.98350E-1
4.88850E+11	9.26747E-9	1.23874E-1	-7.83824E-1	6.43859E-1
4.89025E+11	1.63959E-8	2.58079E-1	-6.74054E-2	-1.02795E+0
4.89200E+11	2.07876E-8	-1.53851E+0	7.92070E-1	2.72618E-1
4.89375E+11	2.33469E-8	-3.26666E+0	-3.76229E-1	5.74274E-1
4.89550E+11	1.93295E-8	-5.91871E+0	-3.42398E-1	-3.72422E-1
4.89725E+11	1.98700E-8	-8.52390E+0	3.20913E-1	-1.93632E-1
4.89900E+11	2.06895E-8	-1.17824E+1	6.55605E-2	2.49077E-1
4.90075E+11	2.19777E-8	-1.16560E+1	-2.59455E-1	3.13094E-2
4.90250E+11	2.28944E-8	-1.07828E+1	-2.61742E-2	-2.87785E-1
4.90425E+11	2.91565E-8	-8.74054E+0	3.62798E-1	-4.49495E-2
4.90600E+11	3.29175E-8	-7.61134E+0	2.16661E-2	4.15761E-1
4.90775E+11	4.60166E-8	-8.16566E+0	-3.86643E-1	-5.53603E-2
4.90950E+11	6.17391E-8	-1.05191E+1	1.27273E-1	-2.69324E-1
4.91125E+11	7.87678E-8	-1.11603E+1	2.31431E-1	1.51640E-1
4.91300E+11	1.04002E-7	-1.02156E+1	-2.07849E-1	2.27939E-1
4.91475E+11	1.16322E-7	-9.45877E+0	-1.76397E-1	-2.86629E-1
4.91650E+11	1.01547E-7	-9.66827E+0	3.19054E-1	-7.83733E-2
4.91825E+11	7.27176E-8	-1.04033E+1	-1.12833E-2	3.01668E-1
4.92000E+11	5.26798E-8	-1.11258E+1	-2.52483E-1	-1.15834E-1
4.92175E+11	3.68724E-8	-1.25499E+1	1.58542E-1	-1.74518E-1
4.92350E+11	2.27385E-8	-1.39748E+1	1.30536E-1	1.51667E-1
4.92525E+11	1.76681E-8	-1.46852E+1	-1.39012E-1	1.21145E-1
4.92700E+11	1.24402E-8	-1.44505E+1	-1.12424E-1	-1.52475E-1
4.92875E+11	1.16084E-8	-1.41582E+1	1.67616E-1	-1.01446E-1
4.93050E+11	1.18909E-8	-1.39511E+1	8.14919E-2	1.83358E-1
4.93225E+11	1.20195E-8	-1.29015E+1	-2.19766E-1	5.45067E-2
4.93400E+11	1.94093E-8	-1.16481E+1	6.22214E-3	-2.61499E-1
4.93575E+11	2.15719E-8	-1.04575E+1	2.77692E-1	1.13524E-1
4.93750E+11	2.22405E-8	-9.22714E+0	-2.35487E-1	2.53029E-1
4.93925E+11	2.82158E-8	-8.37269E+0	-1.50857E-1	-3.50283E-1
4.94100E+11	5.56150E-8	-7.38934E+0	4.24347E-1	4.84491E-2
4.94275E+11	7.88313E-8	-8.07432E+0	-2.14963E-1	3.31046E-1
4.94450E+11	7.30739E-8	-9.45208E+0	-2.32597E-1	-2.43609E-1
4.94625E+11	6.14016E-8	-1.07939E+1	2.42651E-1	-1.56248E-1
4.94800E+11	5.03462E-8	-1.21122E+1	9.52296E-2	2.28950E-1
4.94975E+11	3.99698E-8	-1.29463E+1	-2.25028E-1	1.02131E-2
4.95150E+11	3.32371E-8	-1.33120E+1	3.28464E-2	-2.13462E-1
4.95325E+11	2.64826E-8	-1.37135E+1	2.05934E-1	1.07923E-2
4.95500E+11	3.04767E-8	-1.38585E+1	-3.68286E-2	1.99431E-1
4.95675E+11	3.56164E-8	-1.34678E+1	-1.80139E-1	-1.12031E-1
4.95850E+11	4.28140E-8	-1.31081E+1	1.68021E-1	-1.43720E-1
4.96025E+11	5.22078E-8	-1.22761E+1	1.21162E-1	2.11021E-1
4.96200E+11	6.79391E-8	-1.09468E+1	-2.79046E-1	5.04501E-2
4.96375E+11	8.39536E-8	-9.62879E+0	9.48451E-2	-3.16114E-1
4.96550E+11	1.03777E-7	-8.53296E+0	2.72868E-1	2.56377E-1
4.96725E+11	8.55530E-8	-8.82021E+0	-3.22267E-1	1.65402E-1
4.96900E+11	5.70512E-8	-9.75708E+0	-6.59091E-2	-3.18447E-1
4.97075E+11	4.54190E-8	-1.07036E+1	2.91096E-1	1.74975E-2
4.97250E+11	3.79923E-8	-1.19998E+1	-6.72852E-2	2.42016E-1
4.97425E+11	2.29632E-8	-1.36902E+1	-1.72804E-1	-1.13546E-1
4.97600E+11	1.72520E-8	-1.43389E+1	1.47628E-1	-1.22591E-1
4.97775E+11	1.42903E-8	-1.48084E+1	9.11784E-2	1.57276E-1
4.97950E+11	1.02267E-8	-1.50178E+1	-1.58295E-1	8.02256E-2
4.98125E+11	9.65223E-9	-1.47572E+1	-8.48580E-2	-1.61989E-1
4.98300E+11	9.83256E-9	-1.45533E+1	1.63082E-1	-9.19386E-2
4.98475E+11	1.14828E-8	-1.33842E+1	5.78334E-2	2.06230E-1
4.98650E+11	1.57614E-8	-1.21780E+1	-2.45835E-1	-1.12663E-2
4.98825E+11	2.08110E-8	-1.11679E+1	9.70889E-2	-2.58831E-1
4.99000E+11	2.59920E-8	-1.01468E+1	2.47661E-1	1.87989E-1
4.99175E+11	3.58373E-8	-9.35048E+0	-2.99276E-1	1.62990E-1
4.99350E+11	3.60901E-8	-8.89748E+0	-1.17664E-1	-3.39198E-1
4.99525E+11	3.05895E-8	-9.90538E+0	3.18622E-1	-2.61237E-2
4.99700E+11	2.05817E-8	-1.14093E+1	-1.31919E-1	2.34278E-1
4.99875E+11	1.92065E-8	-1.22820E+1	-7.06533E-2	-2.32673E-1
5.00050E+11	1.24958E-8	-1.32295E+1	2.03779E-1	7.75462E-2
5.00225E+11	1.39489E-8	-1.38579E+1	-1.28278E-1	1.57097E-1
5.00400E+11	1.81054E-8	-1.42522E+1	-1.42231E-1	-1.31662E-1
5.00575E+11	2.43262E-8	-1.40981E+1	1.43564E-1	-1.35319E-1
5.00750E+11	2.55375E-8	-1.35305E+1	1.13965E-1	1.77109E-1
5.00925E+11	3.57934E-8	-1.27747E+1	-2.19241E-1	6.87080E-2
5.01100E+11	4.18754E-8	-1.21755E+1	3.34019E-2	-2.43887E-1
5.01275E+11	6.44598E-8	-1.07413E+1	2.44710E-1	1.56285E-1
5.01450E+11	6.82979E-8	-9.84387E+0	-2.59238E-1	1.90934E-1
5.01625E+11	8.12357E-8	-8.98269E+0	-1.24394E-1	-3.33049E-1
5.01800E+11	7.96926E-8	-7.66472E+0	4.13775E-1	-5.96802E-5
5.01975E+11	5.31841E-8	-5.43628E+0	-1.64897E-1	5.08737E-1
5.02150E+11	2.62964E-8	-4.57507E+0	-4.24467E-1	-4.10561E-1
5.02325E+11	2.13168E-8	-3.99444E+0	6.05206E-1	-1.79843E-1
5.02500E+11	1.41460E-8	-3.43871E+0	-1.27547E-1	6.60881E-1
5.02675E+11	1.35652E-8	-2.34960E+0	-6.58859E-1	-3.84788E-1
5.02850E+11	1.26162E-8	-5.03000E-1	6.14151E-1	-7.16557E-1
5.03025E+11	1.59261E-8	1.63362E+0	7.26664E-1	9.63656E-1
5.03200E+11	1.57878E-8	3.07380E+0	-1.38119E+0	3.48958E-1
5.03375E+11	1.93021E-8	3.17137E+0	4.10237E-1	-1.38104E+0
5.03550E+11	2.89527E-8	2.87214E+0	1.09563E+0	8.58474E-1
5.03725E+11	2.34689E-8	3.42104E+0	-1.22945E+0	8.28762E-1
5.03900E+11	3.61439E-8	3.67842E+0	-3.70176E-1	-1.48175E+0
5.04075E+11	6.19252E-8	4.31062E+0	1.63858E+0	1.14824E-1
5.04250E+11	8.33110E-8	4.20517E+0	-7.23081E-1	1.45278E+0
5.04425E+11	8.08714E-8	2.73072E+0	-6.91642E-1	-1.18192E+0
5.04600E+11	8.80111E-8	3.63876E-1	1.02413E+0	1.96337E-1
5.04775E+11	7.14586E-8	-2.16213E+0	-6.15179E-1	4.78949E-1
5.04950E+11	5.50501E-8	-4.88196E+0	-5.72011E-2	-5.67159E-1
5.05125E+11	3.98836E-8	-7.14255E+0	4.30864E-1	8.62536E-2
5.05300E+11	3.32964E-8	-8.92593E+0	-1.15373E-1	3.38743E-1
5.05475E+11	2.96259E-8	-9.74873E+0	-3.16862E-1	-7.45305E-2
5.05650E+11	3.10247E-8	-9.11376E+0	8.57699E-2	-3.39531E-1
5.05825E+11	3.13244E-8	-7.84691E+0	3.07064E-1	2.64362E-1
5.06000E+11	3.77999E-8	-8.06014E+0	-3.65174E-1	1.51518E-1
5.06175E+11	4.09686E-8	-8.11932E+0	-7.11003E-2	-3.86185E-1
5.06350E+11	5.62034E-8	-7.61169E+0	4.14478E-1	3.89985E-2
5.06525E+11	7.40241E-8	-7.30607E+0	-1.58707E-1	4.00950E-1
5.06700E+11	9.54684E-8	-6.95333E+0	-3.86845E-1	-2.28107E-1
5.06875E+11	1.25843E-7	-6.94711E+0	2.99177E-1	-3.35357E-1
5.07050E+11	1.41185E-7	-6.57747E+0	2.54939E-1	3.93599E-1
5.07225E+11	1.52180E-7	-6.55180E+0	-4.46195E-1	1.48754E-1
5.07400E+11	1.67536E-7	-6.78070E+0	6.55499E-3	-4.58058E-1
5.07575E+11	1.31755E-7	-7.87678E+0	3.84590E-1	1.23049E-1
5.07750E+11	9.95441E-8	-9.48393E+0	-1.67166E-1	2.90987E-1
5.07925E+11	8.02569E-8	-1.08704E+1	-2.40966E-1	-1.54192E-1
5.08100E+11	6.94117E-8	-1.17974E+1	1.32839E-1	-2.20144E-1
5.08275E+11	6.68565E-8	-1.24783E+1	2.08505E-1	1.14199E-1
5.08450E+11	6.82133E-8	-1.20479E+1	-1.38226E-1	2.08079E-1
5.08625E+11	5.94464E-8	-1.20623E+1	-1.74111E-1	-1.78554E-1
5.08800E+11	5.67838E-8	-1.20105E+1	2.28262E-1	-1.04114E-1
5.08975E+11	6.02662E-8	-1.16190E+1	5.53048E-2	2.56560E-1
5.09150E+11	6.43951E-8	-1.09053E+1	-2.83049E-1	3.26790E-2
5.09325E+11	6.35183E-8	-9.91767E+0	9.23425E-3	-3.19106E-1
5.09500E+11	6.41425E-8	-8.94023E+0	3.50966E-1	6.67831E-2
5.09675E+11	5.16841E-8	-8.65410E+0	-1.58407E-1	3.33522E-1
5.09850E+11	4.74538E-8	-8.13349E+0	-3.06422E-1	-2.44535E-1
5.10025E+11	6.25253E-8	-7.70659E+0	3.48268E-1	-2.19719E-1
5.10200E+11	7.73590E-8	-7.43497E+0	4.99193E-2	4.21923E-1
5.10375E+11	6.47270E-8	-7.86970E+0	-3.84068E-1	-1.25731E-1
5.10550E+11	4.37792E-8	-8.79020E+0	2.13790E-1	-2.93968E-1
5.10725E+11	3.95333E-8	-9.69255E+0	1.95871E-1	2.62622E-1
5.10900E+11	3.32774E-8	-1.04641E+1	-2.70429E-1	1.29358E-1
5.11075E+11	2.90367E-8	-1.10891E+1	-9.11182E-2	-2.63660E-1
5.11250E+11	2.91317E-8	-1.13034E+1	2.61345E-1	-7.59667E-2
5.11425E+11	2.68222E-8	-1.11331E+1	5.15903E-2	2.72715E-1
5.11600E+11	3.32827E-8	-1.06788E+1	-2.89441E-1	4.18732E-2
5.11775E+11	3.10248E-8	-1.02325E+1	-5.78359E-2	-3.02393E-1
5.11950E+11	3.99882E-8	-9.39275E+0	3.33659E-1	-6.06564E-2
5.12125E+11	5.05560E-8	-8.76880E+0	-3.58485E-2	3.62617E-1
5.12300E+11	6.69363E-8	-8.18485E+0	-3.52083E-1	-1.67100E-1
5.12475E+11	7.07532E-8	-8.14730E+0	2.84063E-1	-2.69280E-1
5.12650E+11	7.76921E-8	-7.96653E+0	1.69613E-1	3.61866E-1
5.12825E+11	7.66014E-8	-8.28184E+0	-3.81930E-1	5.15765E-2
5.13000E+11	7.09786E-8	-9.21664E+0	3.89369E-2	-3.43876E-1
5.13175E+11	6.61486E-8	-9.98127E+0	3.09245E-1	6.92807E-2
5.13350E+11	6.59534E-8	-1.06042E+1	-1.07469E-1	2.74706E-1
5.13525E+11	6.11123E-8	-1.08540E+1	-2.48681E-1	-1.42499E-1
5.13700E+11	6.34194E-8	-1.06117E+1	1.69744E-1	-2.40932E-1
5.13875E+11	5.25628E-8	-1.06288E+1	2.24089E-1	1.90539E-1
5.14050E+11	5.38539E-8	-1.05713E+1	-2.03737E-1	2.14860E-1
5.14225E+11	5.62108E-8	-9.51548E+0	-2.30114E-1	-2.42590E-1
5.14400E+11	6.33415E-8	-8.78586E+0	2.89982E-1	-2.19467E-1
5.14575E+11	5.75449E-8	-8.03662E+0	1.57481E-1	3.63811E-1
5.14750E+11	4.83540E-8	-7.39700E+0	-4.22918E-1	5.68860E-2
5.14925E+11	5.37170E-8	-6.76972E+0	3.58383E-2	-4.57282E-1
5.15100E+11	5.42782E-8	-6.23381E+0	4.65057E-1	1.47460E-1
5.15275E+11	6.44717E-8	-6.20247E+0	-2.19067E-1	4.37900E-1
5.15450E+11	4.25481E-8	-6.65989E+0	-3.82687E-1	-2.63307E-1
5.15625E+11	4.83528E-8	-7.19634E+0	2.78846E-1	-3.36083E-1
5.15800E+11	3.92801E-8	-8.02795E+0	2.65559E-1	2.94874E-1
5.15975E+11	3.46337E-8	-8.44270E+0	-3.29208E-1	1.86419E-1
5.16150E+11	3.77173E-8	-8.72731E+0	-1.06385E-1	-3.50333E-1
5.16325E+11	3.71507E-8	-9.03948E+0	3.50923E-1	-4.00757E-2
5.16500E+11	3.92507E-8	-9.21669E+0	-4.06208E-3	3.46047E-1
5.16675E+11	4.57138E-8	-9.47975E+0	-3.34358E-1	-3.05050E-2
5.16850E+11	5.05427E-8	-9.51610E+0	3.08530E-2	-3.32919E-1
5.17025E+11	7.36216E-8	-8.78696E+0	3.50707E-1	9.60570E-2
5.17200E+11	8.74232E-8	-8.39377E+0	-2.13754E-1	3.14739E-1
5.17375E+11	9.87475E-8	-8.08570E+0	-2.36004E-1	-3.15745E-1
5.17550E+11	1.15677E-7	-7.92073E+0	3.80058E-1	-1.30248E-1
5.17725E+11	1.22905E-7	-7.88680E+0	4.71648E-2	4.00562E-1
5.17900E+11	1.55177E-7	-7.49961E+0	-4.20641E-1	-3.00846E-2
5.18075E+11	1.66531E-7	-7.13199E+0	1.12382E-1	-4.25352E-1
5.18250E+11	1.65170E-7	-7.24644E+0	3.76841E-1	2.15662E-1
5.18425E+11	1.83494E-7	-7.50035E+0	-3.05111E-1	2.91068E-1
5.18600E+11	1.65923E-7	-7.57858E+0	-1.83694E-1	-3.75361E-1
5.18775E+11	1.98903E-7	-7.53566E+0	4.12005E-1	-8.13965E-2
5.18950E+11	1.79308E-7	-7.81511E+0	-1.37087E-3	4.06670E-1
5.19125E+11	1.76426E-7	-7.99493E+0	-3.90693E-1	-7.76721E-2
5.19300E+11	1.73527E-7	-8.29110E+0	1.55567E-1	-3.52155E-1
5.19475E+11	1.56553E-7	-8.56848E+0	2.95748E-1	2.27106E-1
5.19650E+11	1.72562E-7	-8.90209E+0	-2.99154E-1	1.98167E-1
5.19825E+11	2.01319E-7	-8.96283E+0	-7.90750E-2	-3.47450E-1
5.20000E+11	1.85637E-7	-8.62369E+0	3.64871E-1	6.44751E-2
5.20175E+11	2.06244E-7	-8.45640E+0	-1.93885E-1	3.24172E-1
5.20350E+11	2.54387E-7	-8.11999E+0	-2.56363E-1	-2.97403E-1
5.20525E+11	2.81189E-7	-7.75814E+0	3.64815E-1	-1.85676E-1
5.20700E+11	2.90297E-7	-7.41501E+0	8.37286E-2	4.17530E-1
5.20875E+11	3.35220E-7	-6.94256E+0	-4.47707E-1	-4.17329E-2
5.21050E+11	2.85539E-7	-6.87555E+0	1.71239E-1	-4.19528E-1
5.21225E+11	2.45368E-7	-7.06563E+0	3.17571E-1	3.09326E-1
5.21400E+11	2.57202E-7	-6.97565E+0	-4.00335E-1	2.00948E-1
5.21575E+11	2.17341E-7	-7.42597E+0	-2.93658E-2	-4.24291E-1
5.21750E+11	2.13585E-7	-7.88167E+0	3.89966E-1	1.03891E-1
5.21925E+11	1.65635E-7	-8.46744E+0	-1.92346E-1	3.24530E-1
5.22100E+11	1.39323E-7	-8.97506E+0	-2.42659E-1	-2.60258E-1
5.22275E+11	1.24316E-7	-9.50767E+0	3.05352E-1	-1.36982E-1
5.22450E+11	9.86845E-8	-9.92500E+0	2.77485E-2	3.17761E-1
5.22625E+11	1.06005E-7	-1.01741E+1	-3.07811E-1	-3.63807E-2
5.22800E+11	1.04365E-7	-9.97853E+0	1.38041E-1	-2.85377E-1
5.22975E+11	1.18133E-7	-9.66218E+0	2.17735E-1	2.46334E-1
5.23150E+11	1.19004E-7	-9.23903E+0	-3.23106E-1	1.21463E-1
5.23325E+11	1.37600E-7	-8.54976E+0	-1.32115E-2	-3.73457E-1
5.23500E+11	1.63391E-7	-7.77549E+0	3.98088E-1	9.17842E-2
5.23675E+11	1.95741E-7	-6.81361E+0	-2.23086E-1	3.98131E-1
5.23850E+11	2.28377E-7	-6.28985E+0	-3.11461E-1	-3.71434E-1
5.24025E+11	2.03512E-7	-6.05009E+0	4.79241E-1	-1.36513E-1
5.24200E+11	1.70088E-7	-6.09929E+0	-2.64058E-2	4.94787E-1
5.24375E+11	1.79525E-7	-6.77948E+0	-4.28158E-1	-1.63095E-1
5.24550E+11	1.26060E-7	-7.47838E+0	2.76767E-1	-3.19556E-1
5.24725E+11	9.82684E-8	-8.43512E+0	2.31761E-1	2.99444E-1
5.24900E+11	9.52079E-8	-9.38170E+0	-2.68765E-1	2.07523E-1
5.25075E+11	8.57588E-8	-1.00343E+1	-2.35239E-1	-2.09468E-1
5.25250E+11	9.27634E-8	-1.06348E+1	2.19562E-1	-1.95435E-1
5.25425E+11	1.07730E-7	-1.10869E+1	1.36547E-1	2.43341E-1
5.25600E+11	1.11873E-7	-1.10977E+1	-2.68056E-1	7.62355E-2
5.25775E+11	1.37094E-7	-1.01043E+1	2.08047E-2	-3.11760E-1
5.25950E+11	1.70050E-7	-9.36681E+0	3.13194E-1	1.32686E-1
5.26125E+11	2.01348E-7	-8.68226E+0	-2.12513E-1	3.00478E-1
5.26300E+11	2.41067E-7	-7.74611E+0	-2.68037E-1	-3.10140E-1
5.26475E+11	2.71990E-7	-7.00424E+0	4.18103E-1	-1.56592E-1
5.26650E+11	2.74593E-7	-6.80224E+0	-8.87959E-2	4.48260E-1
5.26825E+11	2.25117E-7	-7.33281E+0	-2.80525E-1	-3.25750E-1
5.27000E+11	2.07572E-7	-8.37292E+0	3.78528E-1	-4.65300E-2
5.27175E+11	1.65303E-7	-9.21765E+0	-8.79076E-2	3.34681E-1
5.27350E+11	1.20200E-7	-1.00193E+1	-2.72165E-1	-1.59630E-1
5.27525E+11	9.15666E-8	-1.07473E+1	1.97451E-1	-2.12613E-1
5.27700E+11	7.45854E-8	-1.13052E+1	1.60453E-1	2.19766E-1
5.27875E+11	7.42037E-8	-1.14566E+1	-2.47818E-1	1.00458E-1
5.28050E+11	7.71424E-8	-1.12793E+1	-1.99458E-2	-2.72189E-1
5.28225E+11	7.56759E-8	-1.08840E+1	2.76622E-1	7.11574E-2
5.28400E+11	7.87558E-8	-1.02885E+1	-1.44690E-1	2.69515E-1
5.28575E+11	1.18156E-7	-9.42572E+0	-2.79869E-1	-1.89238E-1
5.28750E+11	1.41135E-7	-8.56646E+0	2.29539E-1	-2.93974E-1
5.28925E+11	1.92637E-7	-7.18511E+0	3.11013E-1	3.07362E-1
5.29100E+11	2.85050E-7	-6.43097E+0	-4.15679E-1	2.33817E-1
5.29275E+11	2.78506E-7	-6.34259E+0	-1.61394E-2	-4.81534E-1
5.29450E+11	2.56445E-7	-7.11089E+0	3.77590E-1	2.27864E-1
5.29625E+11	1.68552E-7	-8.70913E+0	-3.22865E-1	1.74273E-1
5.29800E+11	1.14400E-7	-1.04118E+1	-5.69526E-2	-2.96160E-1
5.29975E+11	7.94152E-8	-1.14175E+1	2.67386E-1	-2.56274E-2
5.30150E+11	6.97201E-8	-1.18236E+1	1.24432E-2	2.56041E-1
5.30325E+11	5.47454E-8	-1.23920E+1	-2.40063E-1	-4.43882E-3
5.30500E+11	4.81417E-8	-1.28973E+1	4.13087E-2	-2.22737E-1
5.30675E+11	4.10964E-8	-1.30303E+1	2.04761E-1	8.85608E-2
5.30850E+11	4.84014E-8	-1.27941E+1	-1.43952E-1	1.78411E-1
5.31025E+11	5.96131E-8	-1.20944E+1	-1.47702E-1	-1.99806E-1
5.31200E+11	7.32603E-8	-1.11187E+1	2.51866E-1	-1.17704E-1
5.31375E+11	9.43038E-8	-1.01810E+1	1.03152E-1	2.92025E-1
5.31550E+11	1.36831E-7	-8.94941E+0	-3.52037E-1	5.86283E-2
5.31725E+11	1.47789E-7	-8.11036E+0	8.18012E-2	-3.84475E-1
5.31900E+11	1.65659E-7	-7.87653E+0	3.04036E-1	2.65749E-1
5.32075E+11	1.46476E-7	-8.62243E+0	-3.45207E-1	1.34758E-1
5.32250E+11	1.28015E-7	-9.75987E+0	-1.12586E-2	-3.24897E-1
5.32425E+11	9.45404E-8	-1.07614E+1	2.89111E-1	1.82860E-2
5.32600E+11	9.41427E-8	-1.15507E+1	-2.20829E-2	2.63600E-1
5.32775E+11	8.60322E-8	-1.18155E+1	-2.55740E-1	-2.07495E-2
5.32950E+11	7.42083E-8	-1.21904E+1	2.18804E-2	-2.44767E-1
5.33125E+11	7.72959E-8	-1.23929E+1	2.34506E-1	5.14225E-2
5.33300E+11	7.78144E-8	-1.24500E+1	-8.96051E-2	2.21036E-1
5.33475E+11	9.00511E-8	-1.21829E+1	-2.10379E-1	-1.27413E-1
5.33650E+11	1.13554E-7	-1.15441E+1	1.58439E-1	-2.12076E-1
5.33825E+11	1.34052E-7	-1.07298E+1	2.14917E-1	1.95810E-1
5.34000E+11	1.87652E-7	-9.59362E+0	-2.62439E-1	2.02324E-1
5.34175E+11	1.95756E-7	-8.91469E+0	-1.46596E-1	-3.26955E-1
5.34350E+11	2.23390E-7	-8.38536E+0	3.80138E-1	-2.29563E-2
5.34525E+11	2.11935E-7	-8.91577E+0	-1.38129E-1	3.30573E-1
5.34700E+11	1.59704E-7	-1.01158E+1	-2.06441E-1	-2.33989E-1
5.34875E+11	1.12576E-7	-1.17088E+1	2.35228E-1	-1.10177E-1
5.35050E+11	8.00273E-8	-1.32143E+1	5.65517E-2	2.10969E-1
5.35225E+11	5.55183E-8	-1.41830E+1	-1.90156E-1	4.48229E-2
5.35400E+11	5.56005E-8	-1.49090E+1	-4.16382E-2	-1.74810E-1
5.35575E+11	5.37214E-8	-1.52597E+1	1.69070E-1	-3.46786E-2
5.35750E+11	6.06248E-8	-1.53913E+1	1.99711E-2	1.68818E-1
5.35925E+11	6.23926E-8	-1.51967E+1	-1.73680E-1	-7.61292E-3
5.36100E+11	8.12298E-8	-1.46389E+1	4.98526E-2	-1.78549E-1
5.36275E+11	9.49689E-8	-1.38313E+1	1.71138E-1	1.09998E-1
5.36450E+11	1.19119E-7	-1.25332E+1	-1.86778E-1	1.44640E-1
5.36625E+11	1.87339E-7	-1.09763E+1	-7.49636E-2	-2.72485E-1
5.36800E+11	2.47285E-7	-9.63537E+0	3.21926E-1	7.15667E-2
5.36975E+11	2.45511E-7	-8.99926E+0	-2.34898E-1	2.65964E-1
5.37150E+11	2.39583E-7	-9.14739E+0	-1.41809E-1	-3.18719E-1
5.37325E+11	2.15707E-7	-9.80388E+0	3.23447E-1	1.20482E-3
5.37500E+11	1.36596E-7	-1.09779E+1	-1.02333E-1	2.63374E-1
5.37675E+11	1.00463E-7	-1.22247E+1	-1.89714E-1	-1.54670E-1
5.37850E+11	8.72753E-8	-1.31763E+1	1.78490E-1	-1.27539E-1
5.38025E+11	6.65975E-8	-1.37390E+1	7.31172E-2	1.92174E-1
5.38200E+11	6.69565E-8	-1.39128E+1	-2.00275E-1	2.25283E-2
5.38375E+11	7.19780E-8	-1.38797E+1	8.12938E-3	-2.02145E-1
5.38550E+11	8.18619E-8	-1.35311E+1	2.08004E-1	3.29164E-2
5.38725E+11	9.44792E-8	-1.27980E+1	-6.97597E-2	2.18262E-1
5.38900E+11	1.13015E-7	-1.18412E+1	-2.25729E-1	-1.20381E-1
5.39075E+11	1.56785E-7	-1.05033E+1	2.13994E-1	-2.07999E-1
5.39250E+11	2.46976E-7	-9.01880E+0	1.13443E-1	3.35380E-1
5.39425E+11	3.11888E-7	-7.70887E+0	-4.04281E-1	-7.76849E-2
5.39600E+11	3.40775E-7	-7.33231E+0	2.83071E-1	-3.23573E-1
5.39775E+11	2.57006E-7	-8.33722E+0	1.46580E-1	3.53784E-1
5.39950E+11	1.93139E-7	-9.71745E+0	-3.24645E-1	3.64410E-2
5.40125E+11	1.52446E-7	-1.09156E+1	3.33168E-2	-2.82632E-1
5.40300E+11	1.20999E-7	-1.19067E+1	2.33484E-1	9.97542E-2
5.40475E+11	9.38048E-8	-1.28852E+1	-1.44071E-1	1.75227E-1
5.40650E+11	7.63491E-8	-1.35291E+1	-1.30636E-1	-1.65241E-1
5.40825E+11	7.60756E-8	-1.37832E+1	1.74274E-1	-1.07133E-1
5.41000E+11	7.99204E-8	-1.37756E+1	1.14568E-1	1.69693E-1
5.41175E+11	8.14967E-8	-1.34122E+1	-1.72797E-1	1.25385E-1
5.41350E+11	1.01614E-7	-1.27928E+1	-1.45224E-1	-1.77420E-1
5.41525E+11	1.25522E-7	-1.17133E+1	2.01082E-1	-1.64216E-1
5.41700E+11	1.76368E-7	-1.01730E+1	1.64412E-1	2.62800E-1
5.41875E+11	2.37685E-7	-8.54132E+0	-3.51306E-1	1.28455E-1
5.42050E+11	3.55917E-7	-7.11648E+0	-2.10327E-2	-4.40231E-1
5.42225E+11	3.83785E-7	-6.66040E+0	4.33974E-1	1.65592E-1
5.42400E+11	3.12610E-7	-7.62927E+0	-2.87102E-1	3.00309E-1
5.42575E+11	2.14858E-7	-9.16473E+0	-1.59369E-1	-3.09530E-1
5.42750E+11	1.41587E-7	-1.06854E+1	2.88684E-1	-4.54043E-2
5.42925E+11	1.10186E-7	-1.18431E+1	-5.13840E-2	2.50552E-1
5.43100E+11	9.76140E-8	-1.26889E+1	-1.98599E-1	-1.19994E-1
5.43275E+11	9.32708E-8	-1.33195E+1	1.63249E-1	-1.41117E-1
5.43450E+11	7.14245E-8	-1.37898E+1	8.73408E-2	1.84815E-1
5.43625E+11	7.26765E-8	-1.39960E+1	-1.94334E-1	4.56257E-2
5.43800E+11	7.72119E-8	-1.37617E+1	-1.22860E-2	-2.04707E-1
5.43975E+11	9.91664E-8	-1.31070E+1	2.18903E-1	3.13058E-2
5.44150E+11	1.04312E-7	-1.22808E+1	-1.04960E-1	2.19383E-1
5.44325E+11	1.51731E-7	-1.11627E+1	-2.03682E-1	-1.87152E-1
5.44500E+11	1.88346E-7	-9.96498E+0	2.79358E-1	-1.50894E-1
5.44675E+11	2.54606E-7	-8.97885E+0	3.30159E-2	3.54143E-1
5.44850E+11	2.70124E-7	-8.86911E+0	-3.44956E-1	-1.03681E-1
5.45025E+11	2.11641E-7	-9.90293E+0	1.94995E-1	-2.53451E-1
5.45200E+11	1.53614E-7	-1.14209E+1	1.64286E-1	2.12382E-1
5.45375E+11	1.11544E-7	-1.28164E+1	-2.05701E-1	9.98493E-2
5.45550E+11	8.09333E-8	-1.38576E+1	-6.53597E-2	-1.92005E-1
5.45725E+11	6.47223E-8	-1.44960E+1	1.86274E-1	-2.85705E-2
5.45900E+11	6.00469E-8	-1.48324E+1	-1.62624E-3	1.81285E-1
5.46075E+11	6.01627E-8	-1.49358E+1	-1.76603E-1	-3.00878E-2
5.46250E+11	5.73054E-8	-1.47570E+1	5.50393E-2	-1.74394E-1
5.46425E+11	5.30853E-8	-1.45645E+1	1.68090E-1	8.18769E-2
5.46600E+11	5.57365E-8	-1.39040E+1	-1.20125E-1	1.62082E-1
5.46775E+11	7.42184E-8	-1.27920E+1	-1.48562E-1	-1.74664E-1
5.46950E+11	8.03037E-8	-1.17571E+1	2.44307E-1	-8.39047E-2
5.47125E+11	9.47229E-8	-1.05557E+1	-2.99029E-2	2.95120E-1
5.47300E+11	1.02729E-7	-9.82367E+0	-2.58925E-1	-1.92617E-1
5.47475E+11	1.03110E-7	-9.71909E+0	2.98415E-1	-1.32779E-1
5.47650E+11	8.02732E-8	-1.04817E+1	-7.77746E-3	2.99068E-1
5.47825E+11	5.31870E-8	-1.17908E+1	-2.42266E-1	-8.66963E-2
5.48000E+11	4.13000E-8	-1.31145E+1	1.18009E-1	-1.86785E-1
5.48175E+11	3.25747E-8	-1.42525E+1	1.43491E-1	1.30277E-1
5.48350E+11	2.27990E-8	-1.49193E+1	-1.42584E-1	1.09022E-1
5.48525E+11	2.42612E-8	-1.54041E+1	-8.17387E-2	-1.48768E-1
5.48700E+11	2.31965E-8	-1.57748E+1	1.53682E-1	-5.32678E-2
5.48875E+11	2.34255E-8	-1.57457E+1	3.56745E-2	1.59251E-1
5.49050E+11	2.30537E-8	-1.57383E+1	-1.62563E-1	1.58858E-2
5.49225E+11	2.56919E-8	-1.56139E+1	-9.62774E-3	-1.65414E-1
5.49400E+11	2.87450E-8	-1.50661E+1	1.76128E-1	1.11486E-2
5.49575E+11	3.69038E-8	-1.43942E+1	-4.76404E-2	1.84625E-1
5.49750E+11	4.13057E-8	-1.38199E+1	-1.77476E-1	-9.99922E-2
5.49925E+11	4.97176E-8	-1.33337E+1	1.63159E-1	-1.40682E-1
5.50100E+11	5.23394E-8	-1.33568E+1	7.29368E-2	2.02104E-1
5.50275E+11	4.69670E-8	-1.38515E+1	-2.02957E-1	-1.98832E-3
5.50450E+11	3.71668E-8	-1.45304E+1	5.85988E-2	-1.78327E-1
5.50625E+11	3.83855E-8	-1.52930E+1	1.44540E-1	9.30998E-2
5.50800E+11	2.80286E-8	-1.62662E+1	-1.10191E-1	1.07160E-1
5.50975E+11	2.75599E-8	-1.69045E+1	-7.08315E-2	-1.24013E-1
5.51150E+11	2.54846E-8	-1.74014E+1	1.29143E-1	-3.89019E-2
5.51325E+11	2.48875E-8	-1.77241E+1	1.50285E-2	1.29083E-1
5.51500E+11	2.30803E-8	-1.79212E+1	-1.27023E-1	-2.05276E-3
5.51675E+11	2.21136E-8	-1.78495E+1	1.78371E-2	-1.26845E-1
5.51850E+11	2.18433E-8	-1.77984E+1	1.22938E-1	3.85776E-2
5.52025E+11	2.35602E-8	-1.76981E+1	-6.31279E-2	1.14039E-1
5.52200E+11	2.66859E-8	-1.74102E+1	-1.01174E-1	-8.89832E-2
5.52375E+11	2.43333E-8	-1.74628E+1	1.08021E-1	-7.91651E-2
5.52550E+11	2.49441E-8	-1.75764E+1	5.30675E-2	1.21064E-1
5.52725E+11	2.11776E-8	-1.80752E+1	-1.23113E-1	2.04955E-2
5.52900E+11	2.08459E-8	-1.86668E+1	1.61786E-2	-1.15462E-1
5.53075E+11	1.81264E-8	-1.96054E+1	9.31104E-2	4.77650E-2
5.53250E+11	1.35790E-8	-2.04250E+1	-6.99210E-2	6.46432E-2
5.53425E+11	1.10528E-8	-2.15788E+1	-3.09684E-2	-7.74153E-2
5.53600E+11	8.57093E-9	-2.26851E+1	7.34078E-2	1.78918E-4
5.53775E+11	6.04588E-9	-2.36947E+1	-2.37311E-2	6.08922E-2
5.53950E+11	5.48580E-9	-2.44369E+1	-4.31995E-2	-4.16396E-2
5.54125E+11	4.63972E-9	-2.54317E+1	4.91023E-2	-2.12609E-2
5.54300E+11	3.63402E-9	-2.61545E+1	2.03810E-3	4.91927E-2
5.54475E+11	3.26388E-9	-2.68063E+1	-4.37657E-2	-1.30698E-2
5.54650E+11	2.49881E-9	-2.77411E+1	2.31421E-2	-3.38630E-2
5.54825E+11	1.83562E-9	-2.84602E+1	2.27179E-2	3.01571E-2
5.55000E+11	1.65060E-9	-2.93519E+1	-3.21948E-2	1.11556E-2
5.55175E+11	1.33872E-9	-3.01075E+1	8.29018E-4	-3.12229E-2
5.55350E+11	9.14298E-10	-3.11900E+1	2.48765E-2	1.18947E-2
5.55525E+11	7.90515E-10	-3.21459E+1	-1.87816E-2	1.60426E-2
5.55700E+11	4.90624E-10	-3.37217E+1	-5.96032E-3	-1.97213E-2
5.55875E+11	4.61914E-10	-3.42051E+1	1.94627E-2	-9.71186E-4
5.56050E+11	3.59286E-10	-3.51046E+1	-5.04995E-3	1.68285E-2
5.56225E+11	2.97591E-10	-3.59134E+1	-1.24720E-2	-1.00346E-2
5.56400E+11	3.23750E-10	-3.54918E+1	1.56449E-2	-6.13263E-3
5.56575E+11	2.26952E-10	-3.65721E+1	-1.81443E-3	1.47272E-2
5.56750E+11	1.93272E-10	-3.71251E+1	-9.93071E-3	-9.75918E-3
5.56925E+11	1.75755E-10	-3.77559E+1	1.19529E-2	-4.97795E-3
5.57100E+11	1.98113E-10	-3.69839E+1	-1.39585E-3	1.40827E-2
5.57275E+11	2.16029E-10	-3.67472E+1	-1.30769E-2	-6.36243E-3
5.57450E+11	2.42949E-10	-3.61766E+1	1.18219E-2	-1.00710E-2
5.57625E+11	1.98952E-10	-3.68460E+1	3.06617E-3	1.40473E-2
5.57800E+11	2.29730E-10	-3.60653E+1	-1.48516E-2	-5.18385E-3
5.57975E+11	3.06510E-10	-3.50541E+1	1.13613E-2	-1.35363E-2
5.58150E+11	3.52389E-10	-3.42958E+1	1.06093E-2	1.61039E-2
5.58325E+11	4.83684E-10	-3.34764E+1	-1.94986E-2	8.30218E-3
5.58500E+11	5.49330E-10	-3.30611E+1	-7.12473E-3	-2.10575E-2
5.58675E+11	6.93174E-10	-3.16640E+1	2.54795E-2	-5.70147E-3
5.58850E+11	9.10031E-10	-3.09088E+1	-1.78696E-3	2.84253E-2
5.59025E+11	1.10373E-9	-2.95843E+1	-2.98035E-2	-1.45672E-2
5.59200E+11	1.50337E-9	-2.85053E+1	2.80243E-2	-2.50089E-2
5.59375E+11	1.89972E-9	-2.80021E+1	1.76955E-2	3.56508E-2
5.59550E+11	2.59895E-9	-2.70838E+1	-4.19044E-2	1.41835E-2
5.59725E+11	2.59997E-9	-2.64690E+1	-1.45784E-2	-4.51907E-2
5.59900E+11	3.29118E-9	-2.58450E+1	5.06996E-2	-5.71796E-3
5.60075E+11	4.18391E-9	-2.53399E+1	-7.54029E-3	5.35478E-2
5.60250E+11	5.01898E-9	-2.44848E+1	-5.20703E-2	-2.91424E-2
5.60425E+11	6.09308E-9	-2.39740E+1	4.73823E-2	-4.19508E-2
5.60600E+11	6.93784E-9	-2.29499E+1	3.42809E-2	6.24084E-2
5.60775E+11	7.67635E-9	-2.21185E+1	-7.14649E-2	3.21338E-2
5.60950E+11	1.07899E-8	-2.11098E+1	-3.62930E-2	-8.01735E-2
5.61125E+11	1.25317E-8	-2.00631E+1	9.40823E-2	-3.16890E-2
5.61300E+11	1.63779E-8	-1.90605E+1	9.53055E-3	1.11014E-1
5.61475E+11	2.24888E-8	-1.79944E+1	-1.18239E-1	-4.34626E-2
5.61650E+11	2.52838E-8	-1.71569E+1	9.84645E-2	-9.77219E-2
5.61825E+11	3.01849E-8	-1.65918E+1	7.35126E-2	1.28511E-1
5.62000E+11	3.31840E-8	-1.61985E+1	-1.44532E-1	5.57443E-2
5.62175E+11	3.30500E-8	-1.60430E+1	-4.61547E-2	-1.50802E-1
5.62350E+11	3.20891E-8	-1.62098E+1	1.50996E-1	-3.36815E-2
5.62525E+11	3.27913E-8	-1.62138E+1	2.55971E-3	1.54615E-1
5.62700E+11	3.36937E-8	-1.63632E+1	-1.45745E-1	-4.31500E-2
5.62875E+11	3.32360E-8	-1.63942E+1	8.45846E-2	-1.25638E-1
5.63050E+11	3.23449E-8	-1.62941E+1	1.05900E-1	1.10722E-1
5.63225E+11	3.55760E-8	-1.60960E+1	-1.25157E-1	9.43699E-2
5.63400E+11	3.63530E-8	-1.58500E+1	-9.87915E-2	-1.27443E-1
5.63575E+11	4.36670E-8	-1.54346E+1	1.51712E-1	-7.47970E-2
5.63750E+11	5.16465E-8	-1.49085E+1	1.66439E-2	1.78938E-1
5.63925E+11	5.60964E-8	-1.43253E+1	-1.81119E-1	-6.42936E-2
5.64100E+11	7.09703E-8	-1.34555E+1	1.52754E-1	-1.47629E-1
5.64275E+11	8.00728E-8	-1.27755E+1	8.98979E-2	2.11415E-1
5.64450E+11	9.20836E-8	-1.23360E+1	-2.38360E-1	3.97869E-2
5.64625E+11	9.79293E-8	-1.22756E+1	-2.86158E-3	-2.43327E-1
5.64800E+11	8.56326E-8	-1.26238E+1	2.28129E-1	5.10972E-2
5.64975E+11	7.72542E-8	-1.30703E+1	-1.19501E-1	1.87174E-1
5.65150E+11	5.96979E-8	-1.37225E+1	-1.07270E-1	-1.75871E-1
5.65325E+11	5.01338E-8	-1.41304E+1	1.96150E-1	-1.25924E-2
5.65500E+11	5.25073E-8	-1.42936E+1	-5.58458E-2	1.84633E-1
5.65675E+11	4.86362E-8	-1.41304E+1	-1.72226E-1	-9.47163E-2
5.65850E+11	5.53868E-8	-1.37829E+1	1.26146E-1	-1.61054E-1
5.66025E+11	5.56581E-8	-1.35106E+1	1.34145E-1	1.62985E-1
5.66200E+11	5.71476E-8	-1.30807E+1	-2.05447E-1	8.35940E-2
5.66375E+11	6.92351E-8	-1.22979E+1	5.98473E-3	-2.42646E-1
5.66550E+11	8.49297E-8	-1.15912E+1	2.39059E-1	1.10335E-1
5.66725E+11	9.34231E-8	-1.06169E+1	-2.05179E-1	2.11328E-1
5.66900E+11	1.06274E-7	-9.65600E+0	-1.63041E-1	-2.85763E-1
5.67075E+11	1.29965E-7	-8.89454E+0	3.49035E-1	-8.46235E-2
5.67250E+11	1.36355E-7	-8.48455E+0	-5.19099E-2	3.72911E-1
5.67425E+11	1.46008E-7	-8.63365E+0	-2.91690E-1	-2.27793E-1
5.67600E+11	1.36997E-7	-9.38960E+0	3.18816E-1	-1.15962E-1
5.67775E+11	9.76196E-8	-1.03430E+1	-2.62494E-2	3.02847E-1
5.67950E+11	9.14227E-8	-1.12188E+1	-2.60817E-1	-8.66239E-2
5.68125E+11	7.22976E-8	-1.18567E+1	8.49291E-2	-2.40831E-1
5.68300E+11	6.66451E-8	-1.23339E+1	2.29758E-1	7.50847E-2
5.68475E+11	7.35034E-8	-1.23685E+1	-6.53990E-2	2.31701E-1
5.68650E+11	6.57690E-8	-1.25559E+1	-2.20707E-1	-8.24793E-2
5.68825E+11	7.04100E-8	-1.26230E+1	1.30316E-1	-1.94119E-1
5.69000E+11	7.53320E-8	-1.23939E+1	1.48958E-1	1.88246E-1
5.69175E+11	8.44645E-8	-1.18479E+1	-2.24647E-1	1.21977E-1
5.69350E+11	1.04833E-7	-1.11082E+1	-1.26994E-1	-2.47690E-1
5.69525E+11	1.23465E-7	-1.02851E+1	2.80033E-1	-1.23397E-1
5.69700E+11	1.59533E-7	-9.40630E+0	5.74505E-2	3.33689E-1
5.69875E+11	1.68906E-7	-8.72580E+0	-3.49707E-1	-1.08638E-1
5.70050E+11	2.02847E-7	-8.66457E+0	3.16423E-1	-1.89414E-1
5.70225E+11	1.82357E-7	-8.99808E+0	-7.83781E-2	3.46129E-1
5.70400E+11	1.47685E-7	-9.83655E+0	-2.11323E-1	-2.43265E-1
5.70575E+11	1.19675E-7	-1.05668E+1	2.83202E-1	-8.69519E-2
5.70750E+11	1.01046E-7	-1.13038E+1	9.32550E-3	2.71991E-1
5.70925E+11	1.04585E-7	-1.16737E+1	-2.50224E-1	-7.35345E-2
5.71100E+11	1.00595E-7	-1.19089E+1	1.71620E-1	-1.87029E-1
5.71275E+11	9.85364E-8	-1.19622E+1	5.96262E-2	2.45137E-1
5.71450E+11	9.61195E-8	-1.18012E+1	-2.45269E-1	-7.67704E-2
5.71625E+11	1.07007E-7	-1.12366E+1	1.80878E-1	-2.06164E-1
5.71800E+11	1.19690E-7	-1.03926E+1	1.52717E-1	2.60832E-1
5.71975E+11	1.33917E-7	-9.74787E+0	-3.16114E-1	7.77761E-2
5.72150E+11	1.53763E-7	-8.69678E+0	1.98506E-2	-3.66882E-1
5.72325E+11	2.09441E-7	-7.63813E+0	3.83484E-1	1.58748E-1
5.72500E+11	2.44572E-7	-6.90804E+0	-3.36367E-1	3.01087E-1
5.72675E+11	2.27135E-7	-6.79606E+0	-1.30688E-1	-4.38223E-1
5.72850E+11	2.25811E-7	-7.27582E+0	4.32432E-1	-1.58397E-2
5.73025E+11	1.48847E-7	-8.30199E+0	-6.07171E-2	3.79680E-1
5.73200E+11	1.27821E-7	-9.46784E+0	-3.14153E-1	-1.19765E-1
5.73375E+11	9.02347E-8	-1.07645E+1	1.68597E-1	-2.35446E-1
5.73550E+11	8.08189E-8	-1.15445E+1	1.51294E-1	2.17215E-1
5.73725E+11	7.50713E-8	-1.21815E+1	-2.36748E-1	6.68099E-2
5.73900E+11	7.21985E-8	-1.25228E+1	-1.79971E-2	-2.35829E-1
5.74075E+11	6.88808E-8	-1.25977E+1	2.33925E-1	-1.62144E-2
5.74250E+11	7.28310E-8	-1.20803E+1	5.63337E-2	2.42417E-1
5.74425E+11	1.04065E-7	-1.12083E+1	-2.67495E-1	6.44888E-2
5.74600E+11	1.13422E-7	-1.02405E+1	1.22541E-2	-3.07348E-1
5.74775E+11	1.42648E-7	-9.21219E+0	2.93156E-1	1.84253E-1
5.74950E+11	2.09435E-7	-7.95986E+0	-3.78849E-1	1.28196E-1
5.75125E+11	2.59883E-7	-6.89999E+0	1.38063E-1	-4.30247E-1
5.75300E+11	2.87834E-7	-6.68061E+0	3.02312E-1	3.51226E-1
5.75475E+11	2.21757E-7	-7.55382E+0	-3.91574E-1	1.49357E-1
5.75650E+11	1.49125E-7	-8.85208E+0	-7.06809E-2	-3.53919E-1
5.75825E+11	1.09364E-7	-1.00241E+1	3.15197E-1	-9.91519E-3
5.76000E+11	9.33520E-8	-1.07143E+1	-8.52198E-2	2.78517E-1
5.76175E+11	6.03222E-9	-1.14495E+1	-2.18452E-1	-1.54602E-1
5.76350E+11	2.29505E-9	-1.20258E+1	-8.12768E-2	2.36889E-1
5.76525E+11	5.27407E-9	-1.19095E+1	-2.31693E-1	-1.03650E-1
5.76700E+11	4.80036E-9	-1.14670E+1	1.17388E-1	-2.39906E-1
5.76875E+11	5.12135E-9	-1.09983E+1	2.52044E-1	1.26243E-1
5.77050E+11	8.20599E-9	-1.00430E+1	-1.34732E-1	2.84363E-1
5.77225E+11	1.29689E-8	-8.79054E+0	-2.56912E-1	-2.57118E-1
5.77400E+11	1.62775E-8	-7.22373E+0	4.26307E-1	-8.81457E-2
5.77575E+11	1.56834E-8	-5.85166E+0	-1.23513E-1	4.94632E-1
5.77750E+11	2.20287E-8	-5.35113E+0	-4.64304E-1	-2.75840E-1
5.77925E+11	1.89471E-8	-6.05747E+0	2.84356E-1	-4.08691E-1
5.78100E+11	2.14708E-8	-7.30985E+0	3.33326E-1	2.73277E-1
5.78275E+11	7.50533E-9	-9.04780E+0	-2.63525E-1	2.34668E-1
5.78450E+11	6.71778E-9	-1.05158E+1	-1.16678E-1	-2.74205E-1
5.78625E+11	7.84689E-9	-1.16669E+1	2.60893E-1	7.71129E-3
5.78800E+11	4.16971E-9	-1.21124E+1	-8.53111E-2	2.32820E-1
5.78975E+11	5.38721E-9	-1.25912E+1	-2.07496E-1	-1.09595E-1
5.79150E+11	7.53257E-9	-1.24735E+1	8.98095E-2	-2.20255E-1
5.79325E+11	6.07796E-9	-1.23095E+1	2.35401E-1	5.78098E-2
5.79500E+11	7.19833E-9	-1.16964E+1	-5.99665E-2	2.53117E-1
5.79675E+11	7.13028E-9	-1.03283E+1	-2.62994E-1	-1.53469E-1
5.79850E+11	1.76312E-8	-8.96910E+0	2.86215E-1	-2.11831E-1
5.80025E+11	2.07542E-8	-7.22951E+0	6.65790E-2	4.29910E-1
5.80200E+11	2.60146E-8	-5.97497E+0	-4.94146E-1	-9.19801E-2
5.80375E+11	3.15081E-8	-5.26046E+0	2.64021E-1	-4.77612E-1
5.80550E+11	2.54080E-8	-6.54241E+0	3.10865E-1	3.53637E-1
5.80725E+11	1.06900E-8	-8.17301E+0	-3.68405E-1	1.28753E-1
5.80900E+11	7.00653E-9	-9.57379E+0	4.75852E-2	-3.28705E-1
5.81075E+11	7.03810E-9	-1.09378E+1	2.18288E-1	1.81464E-1
5.81250E+11	4.33801E-9	-1.19067E+1	-2.28662E-1	1.10360E-1
5.81425E+11	3.21246E-9	-1.20559E+1	-8.25890E-2	-2.35516E-1
5.81600E+11	5.15451E-9	-1.20143E+1	2.35394E-1	-8.64727E-2
5.81775E+11	2.49458E-9	-1.15045E+1	9.17366E-2	2.49611E-1
5.81950E+11	6.22513E-9	-1.12666E+1	-2.63681E-1	7.19464E-2
5.82125E+11	6.42466E-9	-1.03852E+1	-3.38826E-3	-3.02490E-1
5.82300E+11	5.74418E-9	-8.97411E+0	3.25780E-1	1.43223E-1
5.82475E+11	1.34991E-8	-7.39888E+0	-3.42007E-1	2.55045E-1
5.82650E+11	1.87287E-8	-5.71767E+0	-9.08964E-2	-5.09704E-1
5.82825E+11	2.73825E-8	-4.40219E+0	5.78764E-1	1.67115E-1
5.83000E+11	2.43795E-8	-4.59552E+0	-4.38894E-1	3.93022E-1
5.83175E+11	2.49330E-8	-6.37438E+0	-8.75035E-2	-4.72002E-1
5.83350E+11	1.14866E-8	-8.81368E+0	3.53669E-1	7.95594E-2
5.83525E+11	6.58467E-9	-1.05378E+1	-1.37487E-1	2.63535E-1
5.83700E+11	5.44300E-9	-1.19347E+1	-2.05745E-1	-1.47379E-1
5.83875E+11	3.68354E-9	-1.27464E+1	1.41871E-1	-1.81672E-1
5.84050E+11	4.31119E-9	-1.29987E+1	1.73227E-1	1.41865E-1
5.84225E+11	3.50152E-9	-1.31895E+1	-1.52199E-1	1.57527E-1
5.84400E+11	3.84958E-9	-1.29888E+1	-1.16065E-1	-1.91775E-1
5.84575E+11	3.49869E-9	-1.19188E+1	2.49403E-1	-4.56564E-2
5.84750E+11	6.14049E-9	-1.09252E+1	-3.86694E-2	2.81633E-1
5.84925E+11	7.21780E-9	-9.25986E+0	-3.28377E-1	-1.03679E-1
5.85100E+11	1.64738E-8	-7.34616E+0	1.67940E-1	-3.95014E-1
5.85275E+11	2.09677E-8	-5.29380E+0	4.32711E-1	3.29094E-1
5.85450E+11	2.22823E-8	-4.38577E+0	-5.67952E-1	2.04207E-1
5.85625E+11	1.22836E-8	-5.91348E+0	1.76586E-1	-4.74405E-1
5.85800E+11	1.20762E-8	-7.91426E+0	2.16097E-1	3.39045E-1
5.85975E+11	1.17772E-8	-9.80132E+0	-3.19143E-1	5.31869E-2
5.86150E+11	5.27128E-9	-1.11472E+1	-1.21172E-2	-2.76838E-1
5.86325E+11	4.21065E-9	-1.18946E+1	2.51736E-1	-3.56949E-2
5.86500E+11	6.46082E-9	-1.25661E+1	5.69544E-2	2.28344E-1
5.86675E+11	6.58339E-9	-1.26156E+1	-2.27646E-1	5.41694E-2
5.86850E+11	4.50324E-9	-1.23214E+1	6.71271E-3	-2.41971E-1
5.87025E+11	4.49331E-9	-1.19744E+1	2.38411E-1	8.14144E-2
5.87200E+11	4.41907E-9	-1.05901E+1	-1.48147E-1	2.55631E-1
5.87375E+11	8.46088E-9	-9.05967E+0	-3.03385E-1	-1.79255E-1
5.87550E+11	1.56033E-8	-7.30711E+0	2.04084E-1	-3.79808E-1
5.87725E+11	2.53932E-8	-5.20719E+0	4.42774E-1	3.24725E-1
5.87900E+11	3.19446E-8	-3.73037E+0	-5.68235E-1	3.17359E-1
5.88075E+11	3.02984E-8	-4.59122E+0	1.81819E-1	-5.60696E-1
5.88250E+11	2.22513E-8	-6.92724E+0	1.75776E-1	4.14729E-1
5.88425E+11	8.76738E-9	-9.37855E+0	-3.33354E-1	-6.52628E-2
5.88600E+11	6.38635E-9	-1.11847E+1	1.18685E-1	-2.49076E-1
5.88775E+11	6.55687E-9	-1.21628E+1	2.25194E-1	1.00308E-1
5.88950E+11	6.83109E-9	-1.26232E+1	-7.62119E-2	2.21027E-1
5.89125E+11	7.48939E-9	-1.30278E+1	-2.03442E-1	-9.17049E-2
5.89300E+11	2.89609E-9	-1.29204E+1	1.54700E-1	-1.64661E-1
5.89475E+11	5.12075E-9	-1.32365E+1	7.29548E-2	2.05281E-1
5.89650E+11	5.28796E-9	-1.22975E+1	-2.41959E-1	-1.93347E-2
5.89825E+11	8.28415E-9	-1.10309E+1	9.11907E-2	-2.65620E-1
5.90000E+11	1.29013E-8	-8.89241E+0	3.24912E-1	1.53240E-1
5.90175E+11	1.67787E-8	-7.24473E+0	-2.60328E-1	3.47596E-1
5.90350E+11	2.87277E-8	-5.39075E+0	-2.57017E-1	-4.72187E-1
5.90525E+11	2.30042E-8	-4.91728E+0	5.42572E-1	1.67105E-1
5.90700E+11	1.16418E-8	-6.97453E+0	-3.89017E-1	2.22183E-1
5.90875E+11	8.07987E-9	-9.18646E+0	-5.69502E-2	-3.42576E-1
5.91050E+11	6.57537E-9	-1.08456E+1	2.78661E-1	-6.82364E-2
5.91225E+11	5.06284E-9	-1.21950E+1	1.38176E-1	2.03057E-1
5.91400E+11	2.89568E-9	-1.32372E+1	-1.20801E-1	1.81277E-1
5.91575E+11	3.01119E-9	-1.31145E+1	-1.91210E-1	-1.10692E-1
5.91750E+11	4.43252E-9	-1.27085E+1	1.88849E-1	-1.33918E-1
5.91925E+11	4.15209E-9	-1.25900E+1	-3.16959E-2	2.32542E-1
5.92100E+11	3.92042E-9	-1.21765E+1	-1.52567E-1	-1.93147E-1
5.92275E+11	6.03286E-9	-1.11005E+1	2.70298E-1	-6.74940E-2
5.92450E+11	8.01195E-9	-9.64125E+0	5.90127E-2	3.24236E-1
5.92625E+11	1.34765E-8	-7.70908E+0	-4.09039E-1	4.64449E-2
5.92800E+11	1.84196E-8	-6.11121E+0	3.81180E-2	-4.93341E-1
5.92975E+11	2.64063E-8	-5.11661E+0	4.44266E-1	3.32381E-1
5.93150E+11	2.18813E-8	-6.02255E+0	-4.96550E-1	5.76715E-2
5.93325E+11	1.34224E-8	-8.18068E+0	2.52198E-1	-2.97367E-1
5.93500E+11	8.23327E-9	-1.01676E+1	9.14456E-2	2.96399E-1
5.93675E+11	6.15087E-9	-1.17683E+1	-2.57977E-1	-8.66559E-4
5.93850E+11	4.28773E-9	-1.29701E+1	2.48390E-2	-2.23266E-1
5.94025E+11	3.22513E-9	-1.38790E+1	1.95723E-1	5.12686E-2
5.94200E+11	2.98779E-9	-1.42421E+1	-8.40310E-2	1.74903E-1
5.94375E+11	3.45336E-9	-1.35197E+1	-1.47557E-1	-1.50642E-1
5.94550E+11	3.41096E-9	-1.32830E+1	1.88034E-1	-1.07706E-1
5.94725E+11	4.33744E-9	-1.25055E+1	1.21348E-1	2.03561E-1
5.94900E+11	4.80754E-9	-1.13245E+1	-2.24160E-1	1.53184E-1
5.95075E+11	7.34786E-9	-9.83805E+0	-1.76698E-1	-2.69402E-1
5.95250E+11	1.52591E-8	-8.04724E+0	3.72328E-1	-1.34710E-1
5.95425E+11	1.62141E-8	-6.43951E+0	-8.85288E-2	4.68161E-1
5.95600E+11	1.72016E-8	-6.79241E+0	-2.63917E-1	-3.73689E-1
5.95775E+11	1.49481E-8	-8.48937E+0	3.75518E-1	2.42165E-2
5.95950E+11	8.85248E-9	-1.02719E+1	-1.46705E-1	2.69091E-1
5.96125E+11	3.98123E-9	-1.18104E+1	-2.01722E-1	-1.58806E-1
5.96300E+11	3.43152E-9	-1.31650E+1	1.52588E-1	-1.58011E-1
5.96475E+11	3.04317E-9	-1.38906E+1	1.29361E-1	1.55216E-1
5.96650E+11	3.44615E-9	-1.41478E+1	-1.64949E-1	1.06165E-1
5.96825E+11	2.63615E-9	-1.36884E+1	-8.35628E-2	-1.89180E-1
5.97000E+11	3.98375E-9	-1.32906E+1	2.09905E-1	-5.30532E-2
5.97175E+11	4.42901E-9	-1.26254E+1	3.93192E-2	2.30408E-1
5.97350E+11	5.76763E-9	-1.13140E+1	-2.70861E-1	2.29556E-2
5.97525E+11	6.79083E-9	-9.60981E+0	1.84980E-2	-3.30240E-1
5.97700E+11	1.25331E-8	-7.60287E+0	3.70235E-1	1.91289E-1
5.97875E+11	2.12856E-8	-6.22319E+0	-4.21183E-1	2.47408E-1
5.98050E+11	2.26653E-8	-5.54566E+0	5.36170E-2	-5.25372E-1
5.98225E+11	2.15249E-8	-6.71533E+0	3.56826E-1	2.92776E-1
5.98400E+11	1.13257E-8	-8.85216E+0	-3.19480E-1	1.67883E-1
5.98575E+11	8.47934E-9	-1.11847E+1	-6.06538E-2	-2.69160E-1
5.98750E+11	5.77288E-9	-1.24490E+1	2.37577E-1	2.13577E-2
5.98925E+11	4.81990E-9	-1.33050E+1	-1.06314E-1	1.88195E-1
5.99100E+11	4.69470E-9	-1.37559E+1	-1.03318E-1	-1.77308E-1
5.99275E+11	4.03304E-9	-1.38039E+1	2.02426E-1	-2.59446E-2
5.99450E+11	3.27058E-9	-1.36069E+1	-1.63390E-2	2.08122E-1
5.99625E+11	4.59723E-9	-1.28643E+1	-2.21213E-1	-5.26687E-2
5.99800E+11	6.44050E-9	-1.19691E+1	8.88631E-2	-2.35902E-1
5.99975E+11	6.64412E-9	-1.09408E+1	2.32964E-1	1.62019E-1
6.00150E+11	9.46279E-9	-9.18383E+0	-3.00515E-1	1.74258E-1
6.00325E+11	1.52202E-8	-7.62064E+0	2.72287E-2	-4.14988E-1
6.00500E+11	2.36758E-8	-6.56892E+0	3.63195E-1	2.97384E-1
6.00675E+11	1.55688E-8	-7.19007E+0	-3.95173E-1	1.86603E-1
6.00850E+11	1.37169E-8	-9.17283E+0	-9.03688E-2	-3.35879E-1
6.01025E+11	5.25690E-9	-1.14181E+1	2.67319E-1	-2.61470E-2
6.01200E+11	3.79288E-9	-1.26243E+1	-3.33445E-2	2.31378E-1
6.01375E+11	3.71890E-9	-1.38728E+1	-1.76453E-1	-9.92903E-2
6.01550E+11	3.02247E-9	-1.44890E+1	1.46457E-1	-1.18836E-1
6.01725E+11	3.90426E-9	-1.41540E+1	6.97495E-2	1.83191E-1
6.01900E+11	2.91938E-9	-1.37695E+1	-1.96893E-1	5.66912E-2
6.02075E+11	5.35293E-9	-1.33612E+1	-8.86083E-2	-1.95620E-1
6.02250E+11	5.93593E-9	-1.23245E+1	2.07927E-1	-1.23772E-1
6.02425E+11	5.78069E-9	-1.10721E+1	1.18231E-1	2.53272E-1
6.02600E+11	1.08848E-8	-9.78811E+0	-3.23893E-1	9.65382E-3
6.02775E+11	1.03161E-8	-8.32568E+0	2.51117E-1	-2.89791E-1
6.02950E+11	1.09986E-8	-6.88666E+0	-3.74321E-2	4.51000E-1
6.03125E+11	1.00446E-8	-6.75057E+0	-2.46471E-1	-3.88038E-1
6.03300E+11	1.29520E-8	-8.10392E+0	3.91499E-1	3.83443E-2
6.03475E+11	6.04190E-9	-9.84577E+0	-1.46146E-1	2.86804E-1
6.03650E+11	4.44256E-9	-1.15081E+1	-2.25870E-1	-1.40160E-1
6.03825E+11	4.25881E-9	-1.28102E+1	1.23941E-1	-1.92343E-1
6.04000E+11	3.48232E-9	-1.33608E+1	1.81324E-1	1.15088E-1
6.04175E+11	3.10316E-9	-1.39741E+1	-9.56947E-2	1.75761E-1
6.04350E+11	2.33610E-9	-1.37219E+1	-1.74404E-1	-1.09667E-1
6.04525E+11	2.79920E-9	-1.36221E+1	1.30221E-1	-1.62704E-1
6.04700E+11	3.32584E-9	-1.24620E+1	1.60136E-1	1.76311E-1
6.04875E+11	5.30750E-9	-1.15747E+1	-2.28144E-1	1.32428E-1
6.05050E+11	5.12460E-9	-1.09465E+1	-9.76056E-2	-2.66253E-1
6.05225E+11	8.47766E-9	-9.54511E+0	3.31205E-1	-3.66879E-2
6.05400E+11	1.35262E-8	-7.94880E+0	-8.96186E-2	3.90304E-1
6.05575E+11	1.72753E-8	-6.98027E+0	-3.49465E-1	-2.79837E-1
6.05750E+11	1.21851E-8	-8.17841E+0	3.49428E-1	-1.73235E-1
6.05925E+11	7.05097E-9	-9.80503E+0	6.45250E-2	3.16904E-1
6.06100E+11	5.30717E-9	-1.14757E+1	-2.65272E-1	2.86674E-2
6.06275E+11	3.52828E-9	-1.24568E+1	-1.48366E-3	-2.38316E-1
6.06450E+11	3.12402E-9	-1.35347E+1	2.09899E-1	1.59637E-2
6.06625E+11	4.40701E-9	-1.41774E+1	-2.07284E-2	1.94390E-1
6.06800E+11	3.03683E-9	-1.41221E+1	-1.88904E-1	-5.49717E-2
6.06975E+11	3.61198E-9	-1.35104E+1	8.90127E-2	-1.91410E-1
6.07150E+11	3.03352E-9	-1.32002E+1	1.82757E-1	1.20251E-1
6.07325E+11	2.39262E-9	-1.23050E+1	-1.49914E-1	1.90637E-1
6.07500E+11	5.29139E-9	-1.13542E+1	-1.87961E-1	-1.94633E-1
6.07675E+11	7.55460E-9	-1.02942E+1	2.34650E-1	-1.95932E-1
6.07850E+11	9.69016E-9	-8.44579E+0	2.01263E-1	3.20189E-1
6.08025E+11	2.03904E-8	-6.72079E+0	-4.37360E-1	1.46599E-1
6.08200E+11	2.12754E-8	-6.42707E+0	-4.09542E-2	-4.75380E-1
6.08375E+11	1.11802E-8	-7.63395E+0	4.11829E-1	5.31355E-2
6.08550E+11	9.63312E-9	-9.47936E+0	-9.99288E-2	3.20547E-1
6.08725E+11	5.44996E-9	-1.12019E+1	-2.50382E-1	-1.14603E-1
6.08900E+11	4.65759E-9	-1.19785E+1	1.34973E-1	-2.12584E-1
6.09075E+11	4.74860E-9	-1.23276E+1	1.79264E-1	1.62407E-1
6.09250E+11	4.37127E-9	-1.28500E+1	-1.65656E-1	1.56327E-1
6.09425E+11	4.21407E-9	-1.25657E+1	-1.60439E-1	-1.72191E-1
6.09600E+11	5.14205E-9	-1.18136E+1	1.95965E-1	-1.65714E-1
6.09775E+11	7.62755E-9	-1.13673E+1	1.47973E-1	2.26041E-1
6.09950E+11	6.17745E-9	-1.09749E+1	-2.66020E-1	9.55346E-2
6.10125E+11	7.95805E-9	-1.06253E+1	-3.02224E-2	-2.92705E-1
6.10300E+11	1.00514E-8	-9.01375E+0	3.38206E-1	1.05410E-1
6.10475E+11	1.49636E-8	-7.11220E+0	-3.18604E-1	3.04843E-1
6.10650E+11	1.65689E-8	-6.19225E+0	-9.50937E-2	-4.80904E-1
6.10825E+11	1.45601E-8	-7.06441E+0	4.24186E-1	1.29055E-1
6.11000E+11	1.10982E-8	-9.03206E+0	-2.18838E-1	2.77626E-1
6.11175E+11	7.16457E-9	-1.07618E+1	-1.55771E-1	-2.44227E-1
6.11350E+11	5.07207E-9	-1.21418E+1	2.41725E-1	-5.13576E-2
6.11525E+11	5.69203E-9	-1.29099E+1	-2.38636E-2	2.24943E-1
6.11700E+11	3.51520E-9	-1.32079E+1	-2.07934E-1	-6.73752E-2
6.11875E+11	4.36643E-9	-1.27119E+1	9.96615E-2	-2.08863E-1
6.12050E+11	5.81150E-9	-1.21280E+1	2.10368E-1	1.30417E-1
6.12225E+11	5.37939E-9	-1.17128E+1	-1.80574E-1	1.86556E-1
6.12400E+11	5.51872E-9	-1.10419E+1	-1.38275E-1	-2.44030E-1
6.12575E+11	6.41689E-9	-1.08614E+1	2.79174E-1	-6.38077E-2
6.12750E+11	8.34920E-9	-9.36697E+0	-1.72065E-3	3.40131E-1
6.12925E+11	1.51951E-8	-7.46439E+0	-4.12932E-1	-9.36962E-2
6.13100E+11	1.26866E-8	-5.90980E+0	2.87478E-1	-4.16913E-1
6.13275E+11	1.33715E-8	-5.62531E+0	2.78341E-1	4.43112E-1
6.13450E+11	1.09028E-8	-7.03292E+0	-4.41806E-1	5.31723E-2
6.13625E+11	8.47684E-9	-8.79709E+0	1.04388E-1	-3.47875E-1
6.13800E+11	3.79940E-9	-1.02215E+1	2.18860E-1	2.17088E-1
6.13975E+11	4.30880E-9	-1.12622E+1	-2.70178E-1	4.22200E-2
6.14150E+11	3.84139E-9	-1.16742E+1	9.74170E-2	-2.41910E-1
6.14325E+11	3.19641E-9	-1.21932E+1	1.90119E-1	1.55579E-1
6.14500E+11	3.20096E-9	-1.16143E+1	-1.71388E-1	1.98952E-1
6.14675E+11	4.53070E-9	-1.08107E+1	-2.22091E-1	-1.83431E-1
6.14850E+11	4.18616E-9	-1.03046E+1	2.17083E-1	-2.14710E-1
6.15025E+11	6.71153E-9	-1.01609E+1	1.69391E-1	2.60136E-1
6.15200E+11	7.23719E-9	-9.61106E+0	-3.05104E-1	1.27596E-1
6.15375E+11	7.90590E-9	-8.26590E+0	-1.04615E-1	-3.71662E-1
6.15550E+11	2.00712E-8	-6.21882E+0	4.84414E-1	-6.47246E-2
6.15725E+11	1.63694E-8	-5.51914E+0	-5.66797E-2	5.26675E-1
6.15900E+11	1.42978E-8	-7.34693E+0	-4.00099E-1	-1.55333E-1
6.16075E+11	6.67343E-9	-8.98504E+0	2.28795E-1	-2.71992E-1
6.16250E+11	7.83854E-9	-1.03640E+1	8.50555E-2	2.91076E-1
6.16425E+11	5.46344E-9	-1.16620E+1	-2.40365E-1	-1.02115E-1
6.16600E+11	3.84508E-9	-1.25569E+1	1.93653E-1	-1.34164E-1
6.16775E+11	4.38820E-9	-1.33341E+1	4.87076E-2	2.09845E-1
6.16950E+11	3.18234E-9	-1.35073E+1	-2.09988E-1	2.23350E-2
6.17125E+11	4.60639E-9	-1.29474E+1	-4.93009E-4	-2.25231E-1
6.17300E+11	5.90337E-9	-1.17113E+1	2.49734E-1	7.11735E-2
6.17475E+11	5.04884E-9	-1.08525E+1	-1.99735E-1	2.05629E-1
6.17650E+11	1.04565E-8	-9.97407E+0	-8.09670E-2	-3.06665E-1
6.17825E+11	1.21127E-8	-8.61804E+0	3.66951E-1	5.30371E-2
6.18000E+11	1.79369E-8	-6.19210E+0	-2.61538E-1	4.14630E-1
6.18175E+11	2.68084E-8	-4.47494E+0	-2.51029E-1	-5.42080E-1
6.18350E+11	1.58393E-8	-5.20309E+0	5.40854E-1	9.62182E-2
6.18525E+11	1.59913E-8	-7.01408E+0	-2.78829E-1	3.48044E-1
6.18700E+11	6.98944E-9	-8.85641E+0	-1.72517E-1	-3.16800E-1
6.18875E+11	6.64007E-9	-9.81622E+0	3.15388E-1	-6.96639E-2
6.19050E+11	6.09837E-9	-1.05676E+1	1.29509E-2	2.95941E-1
6.19225E+11	3.45102E-9	-1.09914E+1	-2.81832E-1	1.26814E-2
6.19400E+11	2.97321E-9	-1.19142E+1	-3.29270E-2	-2.51535E-1
6.19575E+11	3.31706E-9	-1.15518E+1	2.61050E-1	-4.25266E-2
6.19750E+11	5.01153E-9	-1.08770E+1	-3.04677E-2	2.84229E-1
6.19925E+11	4.84906E-9	-9.95485E+0	-2.71419E-1	-1.65459E-1
6.20100E+11	5.86020E-9	-9.07127E+0	3.01178E-1	-1.82030E-1
6.20275E+11	5.91487E-9	-7.80316E+0	8.08083E-2	3.99134E-1
6.20450E+11	1.24537E-8	-5.97107E+0	-4.70314E-1	-1.77968E-1
6.20625E+11	1.85014E-8	-4.33698E+0	5.32830E-1	-2.90649E-1
6.20800E+11	2.21619E-8	-4.71302E+0	-2.08656E-1	5.42487E-1
6.20975E+11	1.38295E-8	-6.85713E+0	-1.76302E-1	-4.18469E-1
6.21150E+11	1.18711E-8	-9.04490E+0	3.39668E-1	9.60395E-2
6.21325E+11	5.30917E-9	-1.09671E+1	-2.06079E-1	1.93826E-1
6.21500E+11	4.90022E-9	-1.24039E+1	-9.11820E-2	-2.21762E-1
6.21675E+11	2.67230E-9	-1.28338E+1	2.25295E-1	-3.62808E-2
6.21850E+11	4.38007E-9	-1.33994E+1	-1.84075E-2	2.13017E-1
6.22025E+11	3.22976E-9	-1.31942E+1	-2.07178E-1	-7.07396E-2
6.22200E+11	4.17009E-9	-1.25100E+1	1.38256E-1	-1.92328E-1
6.22375E+11	5.01077E-9	-1.15079E+1	1.68624E-1	2.05506E-1
6.22550E+11	5.07729E-9	-1.02938E+1	-2.72231E-1	1.39098E-1
6.22725E+11	8.43766E-9	-8.85817E+0	-1.21110E-1	-3.39712E-1
6.22900E+11	1.14156E-8	-6.84143E+0	4.42240E-1	-1.06629E-1
6.23075E+11	1.27409E-8	-5.01315E+0	3.04232E-2	5.60666E-1
6.23250E+11	1.99223E-8	-4.34268E+0	-5.44821E-1	-2.66592E-1
6.23425E+11	1.28225E-8	-5.75317E+0	4.99151E-1	-1.29331E-1
6.23600E+11	6.12302E-9	-7.73053E+0	-1.65796E-1	3.75695E-1
6.23775E+11	6.53780E-9	-9.69026E+0	-2.29832E-1	-2.33601E-1
6.23950E+11	4.78839E-9	-1.10470E+1	2.34305E-1	-1.53877E-1
6.24125E+11	2.42980E-9	-1.21867E+1	1.24717E-1	2.11864E-1
6.24300E+11	4.02758E-9	-1.22699E+1	-2.06726E-1	1.28682E-1
6.24475E+11	2.66101E-9	-1.19457E+1	-1.26561E-1	-2.18797E-1
6.24650E+11	5.32353E-9	-1.11516E+1	2.54436E-1	-1.09407E-1
6.24825E+11	5.76003E-9	-1.03608E+1	9.03504E-2	2.89594E-1
6.25000E+11	5.31583E-9	-9.42633E+0	-3.23677E-1	9.67202E-2
6.25175E+11	1.04506E-8	-8.39231E+0	-1.24117E-1	-3.59715E-1
6.25350E+11	9.17900E-9	-6.39283E+0	4.49312E-1	-1.66084E-1
6.25525E+11	2.37099E-8	-4.28062E+0	6.04173E-2	6.07904E-1
6.25700E+11	1.89259E-8	-3.48712E+0	-5.89507E-1	-3.17005E-1
6.25875E+11	1.15371E-8	-5.28310E+0	4.86314E-1	-2.44480E-1
6.26050E+11	1.16705E-8	-7.07793E+0	5.59647E-2	4.39142E-1
6.26225E+11	7.06459E-9	-9.03920E+0	-3.52730E-1	-1.85268E-2
6.26400E+11	4.42458E-9	-1.11692E+1	5.28738E-2	-2.71295E-1
6.26575E+11	3.23453E-9	-1.26789E+1	2.29175E-1	3.79936E-2
6.26750E+11	2.03461E-9	-1.31622E+1	-6.57763E-2	2.09654E-1
6.26925E+11	3.15817E-9	-1.36236E+1	-1.65765E-1	-1.26240E-1
6.27100E+11	2.89067E-9	-1.31959E+1	1.96340E-1	-9.67418E-2
6.27275E+11	4.08425E-9	-1.25509E+1	-1.40018E-2	2.35336E-1
6.27450E+11	8.14195E-9	-1.13128E+1	-2.29277E-1	-1.46101E-1
6.27625E+11	7.88012E-9	-9.97498E+0	2.75103E-1	-1.57785E-1
6.27800E+11	1.10722E-8	-8.32617E+0	4.95655E-2	3.80218E-1
6.27975E+11	2.68090E-8	-6.02117E+0	-4.84105E-1	-1.24939E-1
6.28150E+11	2.94583E-8	-4.36779E+0	4.56295E-1	-3.96958E-1
6.28325E+11	2.31774E-8	-4.73089E+0	-3.82743E-2	5.78773E-1
6.28500E+11	1.28610E-8	-6.55159E+0	-3.91997E-1	-2.59936E-1
6.28675E+11	9.90062E-9	-8.62452E+0	2.67243E-1	-2.56598E-1
6.28850E+11	4.16028E-9	-9.74564E+0	2.09384E-1	2.49380E-1
6.29025E+11	2.97514E-9	-1.08135E+1	-2.49464E-1	1.43830E-1
6.29200E+11	2.67402E-9	-1.14770E+1	-9.86387E-2	-2.47874E-1
6.29375E+11	3.48290E-9	-1.18108E+1	2.50806E-1	-5.47800E-2
6.29550E+11	2.87751E-9	-1.14143E+1	-1.93490E-2	2.68012E-1
6.29725E+11	3.60079E-9	-1.11034E+1	-2.62843E-1	-9.20707E-2
6.29900E+11	4.12512E-9	-1.02338E+1	1.58222E-1	-2.64055E-1
6.30075E+11	3.12208E-9	-9.03696E+0	2.74446E-1	2.22498E-1
6.30250E+11	4.44304E-9	-7.64787E+0	-2.82065E-1	3.03833E-1
6.30425E+11	1.16629E-8	-5.31057E+0	-2.16438E-1	-4.97552E-1
6.30600E+11	1.60967E-8	-3.52513E+0	6.54053E-1	1.27756E-1
6.30775E+11	1.72845E-8	-3.21786E+0	-5.40712E-1	4.29297E-1
6.30950E+11	1.47809E-8	-4.94163E+0	6.30734E-3	-5.66098E-1
6.31125E+11	1.00233E-8	-7.75159E+0	3.62678E-1	1.90483E-1
6.31300E+11	6.21411E-9	-1.00909E+1	-2.03302E-1	2.37903E-1
6.31475E+11	3.22392E-9	-1.18939E+1	-1.65039E-1	-1.93439E-1
6.31650E+11	2.68068E-9	-1.31286E+1	1.97443E-1	-9.83471E-2
6.31825E+11	2.72504E-9	-1.36312E+1	4.69355E-2	2.02820E-1
6.32000E+11	2.70463E-9	-1.39219E+1	-2.01195E-1	-7.35568E-3
6.32175E+11	3.05151E-9	-1.37488E+1	3.67264E-2	-2.02070E-1
6.32350E+11	3.15962E-9	-1.33402E+1	2.12290E-1	3.57220E-2
6.32525E+11	3.19086E-9	-1.23896E+1	-1.84277E-2	2.39462E-1
6.32700E+11	6.02413E-9	-1.07158E+1	-2.88012E-1	-4.30579E-2
6.32875E+11	8.64875E-9	-8.59766E+0	1.41608E-1	-3.43599E-1
6.33050E+11	1.09609E-8	-6.72342E+0	3.30517E-1	3.21566E-1
6.33225E+11	1.39782E-8	-5.53668E+0	-4.97570E-1	1.78582E-1
6.33400E+11	1.44255E-8	-5.87188E+0	5.99780E-2	-5.05086E-1
6.33575E+11	7.46790E-9	-7.78615E+0	3.58796E-1	1.94304E-1
6.33750E+11	5.46009E-9	-1.00088E+1	-2.10485E-1	2.35569E-1
6.33925E+11	3.12213E-9	-1.14248E+1	-1.55794E-1	-2.18540E-1
6.34100E+11	3.61617E-9	-1.22527E+1	2.23615E-1	-9.76020E-2
6.34275E+11	1.95855E-9	-1.27564E+1	6.32642E-2	2.21377E-1
6.34450E+11	2.55711E-9	-1.28657E+1	-2.19991E-1	5.74184E-2
6.34625E+11	3.06956E-9	-1.25382E+1	-6.45095E-2	-2.27114E-1
6.34800E+11	3.89372E-9	-1.17455E+1	2.29701E-1	-1.18920E-1
6.34975E+11	3.77722E-9	-1.08037E+1	1.58960E-1	2.40495E-1
6.35150E+11	4.39568E-9	-9.35833E+0	-2.99267E-1	1.62363E-1
6.35325E+11	7.18286E-9	-7.24038E+0	-1.41397E-1	-4.10840E-1
6.35500E+11	9.61187E-9	-5.31965E+0	5.41939E-1	-9.49399E-3
6.35675E+11	2.44603E-8	-4.15224E+0	-2.58027E-1	5.63751E-1
6.35850E+11	1.53232E-8	-5.13490E+0	-3.31312E-1	-4.43608E-1
6.36025E+11	7.98405E-9	-6.80966E+0	4.29166E-1	-1.55827E-1
6.36200E+11	5.39534E-9	-8.50645E+0	2.72723E-2	3.74567E-1
6.36375E+11	4.64568E-9	-1.03756E+1	-2.96036E-1	-6.38558E-2
6.36550E+11	2.61262E-9	-1.22302E+1	1.06343E-1	-2.20294E-1
6.36725E+11	2.54651E-9	-1.32767E+1	1.62797E-1	1.43254E-1
6.36900E+11	2.68534E-9	-1.38991E+1	-1.68321E-1	1.11421E-1
6.37075E+11	1.68120E-9	-1.41252E+1	-6.87822E-2	-1.84251E-1
6.37250E+11	2.44275E-9	-1.43418E+1	1.90891E-1	-1.89403E-2
6.37425E+11	2.90218E-9	-1.40470E+1	-1.95294E-2	1.97486E-1
6.37600E+11	6.29330E-9	-1.20715E+1	-2.39368E-1	-6.90488E-2
6.37775E+11	7.76888E-9	-9.94448E+0	2.09382E-1	-2.39679E-1
6.37950E+11	1.29444E-8	-8.06413E+0	8.94670E-2	3.84918E-1
6.38125E+11	1.89568E-8	-6.44174E+0	-4.04571E-1	-2.51432E-1
6.38300E+11	1.93740E-8	-6.25316E+0	4.86419E-1	-1.90078E-2
6.38475E+11	1.10609E-8	-8.20964E+0	-2.66239E-1	2.83085E-1
6.38650E+11	4.97763E-9	-1.04588E+1	-9.68307E-2	-2.83897E-1
6.38825E+11	3.59394E-9	-1.18992E+1	2.53954E-1	-9.18382E-3
6.39000E+11	2.89090E-9	-1.28617E+1	-3.21254E-2	2.25185E-1
6.39175E+11	2.66428E-9	-1.32149E+1	-2.09813E-1	-6.06399E-2
6.39350E+11	3.13480E-9	-1.34292E+1	8.82503E-2	-1.93944E-1
6.39525E+11	2.04491E-9	-1.32795E+1	1.77523E-1	1.24422E-1
6.39700E+11	2.34542E-9	-1.27236E+1	-1.65537E-1	1.61273E-1
6.39875E+11	2.46619E-9	-1.21097E+1	-1.39610E-1	-2.05016E-1
6.40050E+11	3.31705E-9	-1.08301E+1	2.44188E-1	-1.51570E-1
6.40225E+11	4.69656E-9	-9.01962E+0	1.36332E-1	3.26709E-1
6.40400E+11	8.54036E-9	-6.52946E+0	-4.69696E-1	4.17621E-2
6.40575E+11	1.28183E-8	-4.62886E+0	2.34368E-1	-5.38063E-1
6.40750E+11	1.50420E-8	-4.17054E+0	2.08599E-1	5.82463E-1
6.40925E+11	1.26859E-8	-5.90870E+0	-4.57855E-1	-2.16550E-1
6.41100E+11	1.01437E-8	-8.71294E+0	2.96984E-1	-2.15163E-1
6.41275E+11	2.82766E-9	-1.07405E+1	9.51122E-2	2.74367E-1
6.41450E+11	2.18691E-9	-1.26726E+1	-2.12839E-1	9.35028E-2
6.41625E+11	1.46574E-9	-1.38984E+1	-1.14660E-1	-1.66150E-1
6.41800E+11	1.35380E-9	-1.41661E+1	1.57837E-1	-1.15779E-1
6.41975E+11	2.05246E-9	-1.43353E+1	1.07757E-1	1.58873E-1
6.42150E+11	2.30569E-9	-1.41445E+1	-1.71639E-1	9.51221E-2
6.42325E+11	2.25972E-9	-1.39482E+1	-7.39273E-2	-1.86610E-1
6.42500E+11	1.87202E-9	-1.27760E+1	2.24387E-1	-4.92092E-2
6.42675E+11	2.43817E-9	-1.12001E+1	8.00844E-4	2.75420E-1
6.42850E+11	5.39968E-9	-9.33707E+0	-3.29927E-1	-8.74036E-2
6.43025E+11	8.27929E-9	-7.97804E+0	2.06651E-1	-3.41450E-1
6.43200E+11	5.99735E-9	-7.40881E+0	2.97052E-1	3.05551E-1
6.43375E+11	8.05041E-9	-8.24223E+0	-3.44850E-1	1.75983E-1
6.43550E+11	5.75979E-9	-9.97291E+0	-6.23464E-2	-3.11028E-1
6.43725E+11	3.90941E-9	-1.17966E+1	2.57092E-1	-4.96972E-3
6.43900E+11	3.04399E-9	-1.33213E+1	-2.87653E-2	2.13817E-1
6.44075E+11	1.53998E-9	-1.40311E+1	-1.92600E-1	-4.93170E-2
6.44250E+11	1.85702E-9	-1.44700E+1	7.30903E-2	-1.74313E-1
6.44425E+11	1.29267E-9	-1.46435E+1	1.56662E-1	9.89189E-2
6.44600E+11	1.28329E-9	-1.43464E+1	-1.28675E-1	1.42131E-1
6.44775E+11	1.49370E-9	-1.35901E+1	-1.22177E-1	-1.69777E-1
6.44950E+11	2.91681E-9	-1.19928E+1	2.42399E-1	-6.66526E-2
6.45125E+11	4.36976E-9	-1.00204E+1	-4.35379E-2	3.12466E-1
6.45300E+11	7.20245E-9	-7.86899E+0	-3.60338E-1	-1.83030E-1
6.45475E+11	9.00321E-9	-6.25521E+0	3.86835E-1	-2.95316E-1
6.45650E+11	1.21256E-8	-5.24065E+0	9.51773E-2	5.38631E-1
6.45825E+11	5.64789E-9	-6.08737E+0	-4.76751E-1	-1.37455E-1
6.46000E+11	5.10863E-9	-8.16235E+0	2.02033E-1	-3.34450E-1
6.46175E+11	3.17774E-9	-8.90739E+0	2.39337E-1	2.67065E-1
6.46350E+11	3.22375E-9	-1.01771E+1	-2.88037E-1	1.14190E-1
6.46525E+11	3.10199E-9	-1.12718E+1	-5.19983E-2	-2.68161E-1
6.46700E+11	2.67187E-9	-1.23726E+1	2.40579E-1	5.46330E-3
6.46875E+11	1.93517E-9	-1.30921E+1	-3.98782E-2	2.17892E-1
6.47050E+11	1.96596E-9	-1.33392E+1	-2.05179E-1	-6.52317E-2
6.47225E+11	2.26855E-9	-1.30145E+1	8.59013E-2	-2.06330E-1
6.47400E+11	3.02586E-9	-1.30250E+1	1.91533E-1	1.14658E-1
6.47575E+11	3.68628E-9	-1.12613E+1	-1.65494E-1	2.17731E-1
6.47750E+11	4.14992E-9	-9.68127E+0	-2.18555E-1	-2.44640E-1
6.47925E+11	8.03809E-9	-8.20688E+0	3.46721E-1	-1.75787E-1
6.48100E+11	6.71267E-9	-7.16742E+0	1.09500E-2	4.38019E-1
6.48275E+11	8.92029E-9	-7.36682E+0	-3.54658E-1	-2.39965E-1
6.48450E+11	5.99799E-9	-8.73063E+0	3.33146E-1	-1.51532E-1
6.48625E+11	4.99024E-9	-1.05924E+1	-2.02378E-2	2.94686E-1
6.48800E+11	2.04399E-9	-1.27172E+1	-2.04089E-1	-1.08807E-1
6.48975E+11	1.86858E-9	-1.33101E+1	1.59468E-1	-1.45723E-1
6.49150E+11	1.86654E-9	-1.45452E+1	6.89758E-2	1.74229E-1
6.49325E+11	9.14867E-10	-1.57174E+1	-1.62467E-1	2.03017E-2
6.49500E+11	4.62038E-10	-1.60594E+1	-1.78362E-3	-1.57400E-1
6.49675E+11	8.43228E-10	-1.66798E+1	1.46270E-1	9.19936E-3
6.49850E+11	7.54251E-10	-1.62662E+1	-1.87800E-2	1.52554E-1
6.50025E+11	1.01459E-9	-1.55072E+1	-1.65617E-1	-2.66055E-2
6.50200E+11	1.08164E-9	-1.40335E+1	4.34046E-2	-1.93962E-1
6.50375E+11	2.74826E-9	-1.22623E+1	2.36029E-1	6.07240E-2
6.50550E+11	3.00633E-9	-9.85480E+0	-1.14503E-1	3.00481E-1
6.50725E+11	2.34702E-9	-8.14660E+0	-3.04354E-1	-2.46165E-1
6.50900E+11	2.71346E-9	-8.54543E+0	3.45757E-1	-1.42253E-1
6.51075E+11	2.18583E-9	-1.04513E+1	7.54361E-3	3.00121E-1
6.51250E+11	1.34250E-9	-1.27179E+1	-2.23547E-1	-5.92340E-2
6.51425E+11	7.47838E-10	-1.45593E+1	6.42465E-2	-1.75705E-1
6.51600E+11	5.54915E-10	-1.55824E+1	1.47377E-1	7.70320E-2
6.51775E+11	5.68092E-10	-1.68282E+1	-8.99903E-2	1.12514E-1
6.51950E+11	3.28107E-10	-1.73315E+1	-1.07064E-1	-8.38059E-2
6.52125E+11	3.32227E-10	-1.78607E+1	7.89011E-2	-1.00699E-1
6.52300E+11	4.03077E-10	-1.71952E+1	1.07162E-1	8.71334E-2
6.52475E+11	4.29030E-10	-1.59483E+1	-8.83619E-2	1.32710E-1
6.52650E+11	5.89970E-10	-1.49674E+1	-1.53392E-1	-9.12809E-2
6.52825E+11	9.58424E-10	-1.38958E+1	8.05904E-2	-1.85156E-1
6.53000E+11	1.28639E-9	-1.23315E+1	2.11421E-1	1.17303E-1
6.53175E+11	1.98811E-9	-1.13006E+1	-1.94699E-1	1.90297E-1
6.53350E+11	2.02350E-9	-1.04299E+1	-1.36558E-1	-2.68193E-1
6.53525E+11	1.55064E-9	-1.16868E+1	2.58621E-1	-3.04781E-2
6.53700E+11	1.07722E-9	-1.29322E+1	-5.02587E-2	2.19957E-1
6.53875E+11	1.22075E-9	-1.43830E+1	-1.70943E-1	-8.50191E-2
6.54050E+11	6.67580E-10	-1.65489E+1	7.62627E-2	-1.27753E-1
6.54225E+11	6.59454E-10	-1.67390E+1	1.28857E-1	6.77082E-2
6.54400E+11	4.35001E-10	-1.77779E+1	-7.74060E-2	1.03387E-1
6.54575E+11	4.31962E-10	-1.73888E+1	-9.34688E-2	-9.75061E-2
6.54750E+11	6.23577E-10	-1.69949E+1	1.17303E-1	-7.88415E-2
6.54925E+11	7.15323E-10	-1.59750E+1	4.75389E-2	1.51671E-1
6.55100E+11	1.19000E-9	-1.44486E+1	-1.89443E-1	3.94907E-3
6.55275E+11	1.64536E-9	-1.27648E+1	4.54053E-2	-2.25492E-1
6.55450E+11	1.65398E-9	-1.04419E+1	2.60239E-1	1.50337E-1
6.55625E+11	4.97355E-9	-8.63581E+0	-3.36367E-1	1.54149E-1
6.55800E+11	5.25538E-9	-8.44765E+0	1.76723E-1	-3.34269E-1
6.55975E+11	2.09786E-9	-1.04990E+1	4.88033E-2	2.94558E-1
6.56150E+11	1.42603E-9	-1.16463E+1	-2.36955E-1	-1.10915E-1
6.56325E+11	1.32781E-9	-1.36155E+1	1.56008E-1	-1.38410E-1
6.56500E+11	8.33455E-10	-1.48459E+1	1.02214E-1	1.49390E-1
6.56675E+11	6.54216E-10	-1.55050E+1	-1.29754E-1	1.06374E-1
6.56850E+11	5.27850E-10	-1.65360E+1	-1.05540E-1	-1.05185E-1
6.57025E+11	8.64673E-10	-1.60038E+1	1.29183E-1	-9.16979E-2
6.57200E+11	6.95777E-10	-1.57094E+1	3.42769E-2	1.60257E-1
6.57375E+11	1.01257E-9	-1.52926E+1	-1.68202E-1	-3.56446E-2
6.57550E+11	1.45510E-9	-1.39430E+1	1.12329E-1	-1.66490E-1
6.57725E+11	2.33144E-9	-1.24881E+1	1.12899E-1	2.08908E-1
6.57900E+11	4.25190E-9	-1.05006E+1	-2.97839E-1	2.01103E-2
6.58075E+11	7.06560E-9	-8.46096E+0	1.76170E-1	-3.33906E-1
6.58250E+11	5.46877E-9	-9.35691E+0	8.65434E-2	3.29349E-1
6.58425E+11	2.64848E-9	-1.17740E+1	-2.35304E-1	-1.05346E-1
6.58600E+11	9.84156E-10	-1.48365E+1	1.56991E-1	-9.04989E-2
6.58775E+11	5.12640E-10	-1.73151E+1	1.09209E-2	1.35782E-1
6.58950E+11	3.58731E-10	-1.96834E+1	-1.01786E-1	-1.98930E-2
6.59125E+11	2.34126E-10	-2.13828E+1	1.87150E-2	-8.32032E-2
6.59300E+11	2.44023E-10	-2.22499E+1	7.48719E-2	1.87357E-2
6.59475E+11	1.70892E-10	-2.32904E+1	-1.86036E-2	6.58908E-2
6.59650E+11	2.18622E-10	-2.42026E+1	-5.71280E-2	-2.31514E-2
6.59825E+11	2.74145E-10	-2.23259E+1	3.97728E-2	-6.53566E-2
6.60000E+11	2.92625E-10	-2.02038E+1	6.99054E-2	6.82262E-2
6.60175E+11	6.27372E-10	-1.77622E+1	-1.08357E-1	7.07067E-2
6.60350E+11	7.03860E-10	-1.60591E+1	-8.98049E-2	-1.29285E-1
6.60525E+11	2.43583E-9	-1.23208E+1	2.32966E-1	-6.58062E-2
6.60700E+11	1.83762E-9	-1.20249E+1	-9.83792E-2	2.30340E-1
6.60875E+11	1.37802E-9	-1.41304E+1	-8.40154E-2	-1.77693E-1
6.61050E+11	5.33689E-10	-1.64577E+1	1.49993E-1	-1.04200E-2
6.61225E+11	4.04628E-10	-1.77629E+1	-4.44107E-2	1.21515E-1
6.61400E+11	2.50288E-10	-1.82856E+1	-9.89912E-2	-7.09996E-2
6.61575E+11	2.54316E-10	-2.05214E+1	6.00370E-2	-7.25546E-2
6.61750E+11	1.26265E-10	-2.06833E+1	7.18592E-2	5.81412E-2
6.61925E+11	2.36369E-10	-2.05686E+1	-7.16066E-2	6.03758E-2
6.62100E+11	1.74521E-10	-1.97520E+1	-4.55770E-2	-9.22512E-2
6.62275E+11	1.91637E-10	-1.89277E+1	1.12686E-1	-1.01245E-2
6.62450E+11	4.34065E-10	-1.72183E+1	-2.21255E-2	1.35959E-1
6.62625E+11	6.03533E-10	-1.63557E+1	-1.37937E-1	-6.41624E-2
6.62800E+11	1.05533E-9	-1.37013E+1	1.43340E-1	-1.48656E-1
6.62975E+11	1.80621E-9	-1.14676E+1	5.61175E-2	2.61106E-1
6.63150E+11	1.36595E-9	-1.21797E+1	-2.11365E-1	-1.25951E-1
6.63325E+11	1.28174E-9	-1.27946E+1	2.02891E-1	-1.06684E-1
6.63500E+11	7.53242E-10	-1.46683E+1	-6.14532E-3	1.84648E-1
6.63675E+11	4.35056E-10	-1.66398E+1	-1.44677E-1	-2.73266E-2
6.63850E+11	6.83613E-10	-1.73616E+1	7.08662E-3	-1.35309E-1
6.64025E+11	5.73964E-10	-1.83580E+1	1.20760E-1	3.45823E-3
6.64200E+11	4.22124E-10	-1.85836E+1	-1.07439E-2	1.17221E-1
6.64375E+11	4.14596E-10	-1.83226E+1	-1.12419E-1	-4.55686E-2
6.64550E+11	4.97946E-10	-1.74129E+1	9.22295E-2	-9.81660E-2
6.64725E+11	6.32442E-10	-1.73087E+1	8.94158E-2	1.02900E-1
6.64900E+11	9.91373E-10	-1.56315E+1	-1.28127E-1	1.04531E-1
6.65075E+11	9.48744E-10	-1.37757E+1	-1.27291E-1	-1.60368E-1
6.65250E+11	1.85995E-9	-1.11647E+1	2.43165E-1	-1.31710E-1
6.65425E+11	2.51059E-9	-9.04378E+0	-6.05978E-2	3.47790E-1
6.65600E+11	2.68964E-9	-9.82660E+0	-9.78765E-2	-3.07398E-1
6.65775E+11	1.37305E-9	-1.13689E+1	2.06155E-1	1.74540E-1
6.65950E+11	8.41730E-10	-1.33127E+1	-2.11874E-1	4.17923E-2
6.66125E+11	1.45162E-9	-1.41172E+1	1.70254E-2	-1.96115E-1
6.66300E+11	9.72510E-10	-1.49274E+1	1.78474E-1	1.73904E-2
6.66475E+11	5.78801E-10	-1.56266E+1	-2.83902E-3	1.65428E-1
6.66650E+11	8.79830E-10	-1.53435E+1	-1.68229E-1	-3.02808E-2
6.66825E+11	8.32971E-10	-1.53582E+1	9.04305E-2	-1.44712E-1
6.67000E+11	9.86080E-10	-1.48579E+1	7.66201E-2	1.63719E-1
6.67175E+11	1.41383E-9	-1.43479E+1	-1.90778E-1	-1.87044E-2
6.67350E+11	1.24338E-9	-1.36414E+1	6.65743E-2	-1.96990E-1
6.67525E+11	1.14045E-9	-1.24627E+1	2.32548E-1	5.13864E-2
6.67700E+11	3.28180E-9	-1.00300E+1	-5.13040E-2	3.10934E-1
6.67875E+11	4.61548E-9	-8.34193E+0	-3.53461E-1	-1.46816E-1
6.68050E+11	4.54044E-9	-9.15261E+0	3.05876E-1	-1.67287E-1
6.68225E+11	2.07690E-9	-1.12780E+1	-7.57990E-2	2.62225E-1
6.68400E+11	1.46870E-9	-1.37581E+1	-1.09341E-1	-1.73595E-1
6.68575E+11	8.24794E-10	-1.57587E+1	1.58830E-1	-3.64271E-2
6.68750E+11	4.03169E-10	-1.84798E+1	1.63257E-2	1.18003E-1
6.68925E+11	3.85544E-10	-1.92112E+1	-1.06741E-1	2.44563E-2
6.69100E+11	3.24645E-10	-1.97655E+1	-7.83427E-3	-1.02438E-1
6.69275E+11	3.67081E-10	-2.04147E+1	8.91955E-2	3.36678E-2
6.69450E+11	2.66967E-10	-2.00579E+1	-8.33543E-2	5.40329E-2
6.69625E+11	2.44483E-10	-2.03744E+1	3.74985E-3	-9.57077E-2
6.69800E+11	2.42197E-10	-1.95794E+1	1.03096E-1	1.96989E-2
6.69975E+11	3.49976E-10	-1.87116E+1	-2.64179E-3	1.15959E-1
6.70150E+11	3.52119E-10	-1.77665E+1	-1.27816E-1	1.96883E-2
6.70325E+11	2.51733E-10	-1.81545E+1	2.57227E-3	-1.23646E-1
6.70500E+11	4.51486E-10	-1.69171E+1	1.21499E-1	7.46659E-2
6.70675E+11	3.17840E-10	-1.76539E+1	-1.30787E-1	-7.65494E-3
6.70850E+11	1.68111E-10	-1.97307E+1	7.46594E-2	-7.11745E-2
6.71025E+11	9.52892E-11	-2.23892E+1	3.07606E-2	6.94445E-2
6.71200E+11	3.74292E-11	-2.48398E+1	-4.40629E-2	3.66006E-2
6.71375E+11	7.89631E-11	-2.39886E+1	-4.69587E-2	-4.22655E-2
6.71550E+11	8.01276E-11	-2.42294E+1	2.91054E-2	-5.41216E-2
6.71725E+11	4.87528E-11	-2.46239E+1	4.24144E-2	4.06123E-2
6.71900E+11	5.22045E-11	-2.35244E+1	-6.42889E-2	1.75715E-2
6.72075E+11	1.56549E-10	-2.09062E+1	3.38776E-2	-8.34802E-2
6.72250E+11	1.16975E-10	-2.00757E+1	7.13047E-2	6.88677E-2
6.72425E+11	1.90449E-10	-1.83096E+1	-9.59663E-2	7.44909E-2
6.72600E+11	2.48443E-10	-1.67883E+1	-9.27740E-2	-1.11096E-1
6.72775E+11	2.97348E-10	-1.63802E+1	1.46325E-1	-4.00247E-2
6.72950E+11	3.81553E-10	-1.54797E+1	-7.34991E-2	1.51373E-1
6.73125E+11	4.28370E-10	-1.57977E+1	6.97371E-3	-1.62074E-1
6.73300E+11	2.47089E-10	-1.63679E+1	9.29070E-2	1.20194E-1
6.73475E+11	3.60909E-10	-1.80568E+1	-1.20607E-1	3.31221E-2
6.73650E+11	2.96965E-10	-1.86574E+1	-1.96123E-2	-1.15057E-1
6.73825E+11	1.10959E-10	-2.01307E+1	9.47446E-2	-2.69644E-2
6.74000E+11	2.21993E-10	-1.94163E+1	2.22124E-2	1.04619E-1
6.74175E+11	3.63142E-10	-1.74994E+1	-1.33317E-1	-3.46643E-3
6.74350E+11	3.27067E-10	-1.63683E+1	1.07518E-1	-1.07314E-1
6.74525E+11	4.75270E-10	-1.56040E+1	1.86483E-2	1.64832E-1
6.74700E+11	3.88700E-10	-1.55332E+1	-1.60097E-1	-4.83537E-2
6.74875E+11	7.72894E-10	-1.32313E+1	1.02140E-1	-1.92578E-1
6.75050E+11	1.15303E-9	-1.19018E+1	1.88876E-1	1.69896E-1
6.75225E+11	1.22447E-9	-1.13146E+1	-2.53896E-1	9.70552E-2
6.75400E+11	2.35312E-9	-1.00922E+1	1.18106E-1	-2.89741E-1
6.75575E+11	2.08666E-9	-9.57337E+0	5.26816E-2	3.27944E-1
6.75750E+11	1.24636E-9	-1.12045E+1	-2.14027E-1	-1.73123E-1
6.75925E+11	1.23793E-9	-1.30742E+1	1.97681E-1	-1.00955E-1
6.76100E+11	1.02160E-9	-1.46985E+1	7.03300E-2	1.70146E-1
6.76275E+11	8.48651E-10	-1.51318E+1	-1.62769E-1	6.46852E-2
6.76450E+11	6.72616E-10	-1.53658E+1	-2.87846E-2	-1.68047E-1
6.76625E+11	7.33931E-10	-1.49117E+1	1.73697E-1	4.58447E-2
6.76800E+11	9.53968E-10	-1.46628E+1	-1.11907E-1	1.47149E-1
6.76975E+11	1.29594E-9	-1.31789E+1	-1.24415E-1	-1.80602E-1
6.77150E+11	9.97006E-10	-1.26752E+1	2.14245E-1	-9.00541E-2
6.77325E+11	1.22808E-9	-1.26226E+1	8.02209E-2	2.19621E-1
6.77500E+11	9.87761E-10	-1.31324E+1	-2.15491E-1	4.66555E-2
6.77675E+11	1.35825E-9	-1.12307E+1	-1.74179E-2	-2.73897E-1
6.77850E+11	2.25236E-9	-1.00279E+1	2.76518E-1	1.51324E-1
6.78025E+11	2.62240E-9	-9.08689E+0	-3.15169E-1	1.55136E-1
6.78200E+11	1.27434E-9	-1.00404E+1	4.58020E-2	-3.11410E-1
6.78375E+11	9.82065E-10	-1.22390E+1	2.23778E-1	9.81886E-2
6.78550E+11	4.62231E-10	-1.42473E+1	-1.05350E-1	1.62814E-1
6.78725E+11	4.26411E-10	-1.56907E+1	-9.97269E-2	-1.30490E-1
6.78900E+11	2.76282E-10	-1.61170E+1	1.53938E-1	-2.74646E-2
6.79075E+11	1.58985E-10	-1.67640E+1	-3.53466E-2	1.40774E-1
6.79250E+11	2.17982E-10	-1.72391E+1	-1.02554E-1	-9.14700E-2
6.79425E+11	2.46608E-10	-1.67770E+1	1.22919E-1	-7.67757E-2
6.79600E+11	1.34790E-10	-1.79037E+1	5.48988E-2	1.14850E-1
6.79775E+11	1.29515E-10	-1.86212E+1	-9.44531E-2	6.93925E-2
6.79950E+11	1.06794E-10	-1.78155E+1	-5.71714E-2	-1.15188E-1
6.80125E+11	2.45857E-10	-1.53683E+1	1.69327E-1	1.94883E-2
6.80300E+11	3.09515E-10	-1.39146E+1	-1.64935E-1	1.15751E-1
6.80475E+11	2.06658E-10	-1.30014E+1	-1.45202E-2	-2.23366E-1
6.80650E+11	2.19896E-10	-1.30889E+1	2.20677E-1	2.01100E-2
6.80825E+11	1.76187E-10	-1.44344E+1	1.42277E-2	1.89259E-1
6.81000E+11	1.39725E-10	-1.56704E+1	-1.62925E-1	2.35595E-2
6.81175E+11	1.28857E-10	-1.66922E+1	-1.27539E-2	-1.45792E-1
6.81350E+11	8.55936E-11	-1.81730E+1	1.11577E-1	5.27319E-2
6.81525E+11	1.30248E-10	-1.81148E+1	-9.70472E-2	7.75711E-2
6.81700E+11	1.07782E-10	-1.90446E+1	-2.51171E-2	-1.08765E-1
6.81875E+11	1.30643E-10	-1.93443E+1	1.07335E-1	-1.04345E-2
6.82050E+11	8.68352E-11	-2.02548E+1	5.76546E-2	7.81413E-2
6.82225E+11	1.25179E-10	-2.01093E+1	-4.71410E-2	8.67707E-2
6.82400E+11	1.36467E-10	-1.99766E+1	-9.71451E-2	-2.48349E-2
6.82575E+11	2.98400E-10	-1.70285E+1	5.24038E-2	-1.30675E-1
6.82750E+11	3.83554E-10	-1.51130E+1	1.01829E-1	1.42975E-1
6.82925E+11	4.05977E-10	-1.37856E+1	-1.97051E-1	-5.47373E-2
6.83100E+11	3.90824E-10	-1.39033E+1	1.40655E-1	-1.44650E-1
6.83275E+11	2.51691E-10	-1.47785E+1	1.34421E-1	1.23321E-1
6.83450E+11	4.92587E-10	-1.48558E+1	-6.66715E-2	1.68063E-1
6.83625E+11	3.28876E-10	-1.47215E+1	-1.80829E-1	-3.19080E-2
6.83800E+11	3.82263E-10	-1.44810E+1	2.82800E-2	-1.86648E-1
6.83975E+11	4.28089E-10	-1.32088E+1	1.95310E-1	9.80829E-2
6.84150E+11	3.65991E-10	-1.37873E+1	-1.62555E-1	1.24037E-1
6.84325E+11	3.35602E-10	-1.34977E+1	-6.43296E-2	-2.01379E-1
6.84500E+11	4.31273E-10	-1.30118E+1	2.22830E-1	-1.81560E-2
6.84675E+11	4.64204E-10	-1.42341E+1	1.42995E-2	1.93694E-1
6.84850E+11	7.41707E-10	-1.30357E+1	-2.22193E-1	1.84105E-2
6.85025E+11	7.97339E-10	-1.17025E+1	5.69453E-2	-2.53628E-1
6.85200E+11	6.22627E-10	-1.01894E+1	2.46997E-1	1.86345E-1
6.85375E+11	1.36274E-9	-9.61830E+0	-3.22824E-1	7.05091E-2
6.85550E+11	1.00967E-9	-9.72257E+0	1.03653E-1	-3.09601E-1
6.85725E+11	4.66985E-10	-1.07445E+1	2.38412E-1	1.65546E-1
6.85900E+11	5.37656E-10	-1.22214E+1	-1.56592E-1	1.88252E-1
6.86075E+11	6.41996E-10	-1.18760E+1	-1.82993E-1	-1.77305E-1
6.86250E+11	6.24105E-10	-1.15655E+1	2.27484E-1	-1.34114E-1
6.86425E+11	5.47882E-10	-1.01465E+1	-9.33394E-3	3.10798E-1
6.86600E+11	5.22578E-10	-1.03877E+1	-2.43038E-1	-1.79979E-1
6.86775E+11	6.51117E-10	-1.06219E+1	2.71043E-1	-1.14865E-1
6.86950E+11	3.54214E-10	-1.18275E+1	7.89815E-2	2.43750E-1
6.87125E+11	4.28446E-10	-1.16069E+1	-2.33764E-1	1.20118E-1
6.87300E+11	4.38883E-10	-9.39081E+0	-1.88717E-1	-2.81859E-1
6.87475E+11	5.52561E-10	-6.94600E+0	4.43192E-1	-7.48556E-2
6.87650E+11	4.08394E-10	-7.10742E+0	-1.37326E-1	4.19277E-1
6.87825E+11	3.55480E-10	-8.00643E+0	-2.57010E-1	-3.03646E-1
6.88000E+11	3.59789E-10	-8.36394E+0	3.60449E-1	-1.25800E-1
6.88175E+11	2.26945E-10	-9.67737E+0	1.53428E-2	3.27836E-1
6.88350E+11	1.54692E-10	-1.01136E+1	-2.91758E-1	-1.10885E-1
6.88525E+11	1.70366E-10	-1.07786E+1	1.12046E-1	-2.66519E-1
6.88700E+11	1.34479E-10	-1.08407E+1	2.18504E-1	1.86163E-1
6.88875E+11	8.88220E-11	-1.15188E+1	-2.40733E-1	1.11966E-1
6.89050E+11	5.77700E-11	-1.01595E+1	-3.51475E-2	-3.08478E-1
6.89225E+11	6.09117E-11	-1.17458E+1	2.40657E-1	9.47840E-2
6.89400E+11	6.44417E-11	-1.33748E+1	-1.22285E-1	1.76128E-1
6.89575E+11	2.33777E-11	-1.53083E+1	-8.39636E-2	-1.49686E-1
6.89750E+11	5.82280E-11	-1.39570E+1	2.00502E-1	2.33711E-3
6.89925E+11	2.23752E-11	-1.79553E+1	-8.15352E-2	9.67728E-2
6.90100E+11	2.52956E-11	-1.73790E+1	-6.68620E-2	-1.17535E-1
6.90275E+11	8.66427E-12	-2.21734E+1	7.66332E-2	1.37852E-2
6.90450E+11	1.89806E-11	-2.00267E+1	-2.70780E-2	9.59451E-2
6.90625E+11	1.72947E-11	-1.67611E+1	-1.41334E-1	-3.32531E-2
6.90800E+11	1.79730E-11	-1.86642E+1	5.90277E-2	-1.00583E-1
6.90975E+11	1.06656E-11	-2.11018E+1	3.41247E-2	8.12082E-2
6.91150E+11	1.58399E-11	-2.20478E+1	-7.43987E-2	2.65574E-2
6.91325E+11	1.04836E-11	-2.25455E+1	3.61443E-2	-6.52564E-2
6.91500E+11	2.08668E-11	-2.10139E+1	3.76261E-2	8.06364E-2
6.91675E+11	1.17958E-11	-2.17364E+1	-7.61184E-2	3.01737E-2
6.91850E+11	2.16047E-11	-1.80257E+1	2.36538E-2	-1.23272E-1
6.92025E+11	1.81481E-11	-1.97745E+1	9.11311E-2	4.72021E-2
6.92200E+11	9.55276E-12	-2.12219E+1	-5.84094E-2	6.43115E-2
6.92375E+11	2.32489E-11	-1.92718E+1	4.00920E-2	-1.01085E-1
6.92550E+11	7.38635E-12	-2.54500E+1	2.71258E-2	4.59917E-2
6.92725E+11	1.02909E-11	-2.44840E+1	-5.35109E-2	-2.64162E-2
6.92900E+11	9.44301E-12	-2.24986E+1	3.19668E-2	-6.78483E-2
6.93075E+11	7.08500E-12	-2.57703E+1	4.86746E-2	-1.67063E-2
6.93250E+11	3.00620E-12	-3.02915E+1	-4.06169E-3	3.03081E-2
6.93425E+11	1.33757E-11	-2.48471E+1	-5.71758E-2	-2.55780E-3
6.93600E+11	1.89315E-11	-2.22315E+1	6.98024E-2	-3.33125E-2
6.93775E+11	3.37824E-11	-2.28922E+1	-2.86411E-2	6.57075E-2
6.93950E+11	3.70962E-11	-2.11397E+1	-2.56881E-2	-8.38567E-2
6.94125E+11	3.98663E-11	-2.15577E+1	7.91620E-2	2.68213E-2
6.94300E+11	4.50013E-11	-2.09289E+1	-5.92965E-2	6.75150E-2
6.94475E+11	4.05410E-11	-2.04083E+1	-7.89596E-2	-5.35536E-2
6.94650E+11	5.17389E-11	-1.99446E+1	5.14369E-2	-8.65026E-2
6.94825E+11	2.72249E-11	-2.11566E+1	5.55474E-2	6.76488E-2
6.95000E+11	5.11681E-11	-2.01607E+1	-9.66220E-2	-1.73442E-2
6.95175E+11	5.28957E-11	-1.89055E+1	9.39141E-2	-6.36115E-2
6.95350E+11	3.18126E-11	-2.06085E+1	-3.37454E-2	8.69134E-2
6.95525E+11	3.66368E-11	-1.88879E+1	-1.00665E-1	-5.27743E-2
6.95700E+11	3.78459E-11	-1.95257E+1	9.36095E-2	-4.89013E-2
6.95875E+11	4.91759E-11	-1.83075E+1	4.67087E-2	1.12179E-1
6.96050E+11	2.82233E-11	-1.79216E+1	-1.25272E-1	-2.10878E-2
6.96225E+11	3.52080E-11	-1.91794E+1	9.18180E-2	-6.04093E-2
6.96400E+11	4.02507E-11	-1.82791E+1	-3.39638E-2	1.17084E-1
6.96575E+11	4.74902E-11	-1.83835E+1	-6.54959E-2	-1.01093E-1
6.96750E+11	5.88501E-11	-1.67961E+1	1.43650E-1	-1.66264E-2
6.96925E+11	4.72562E-11	-1.75882E+1	-2.33986E-3	1.31984E-1
6.97100E+11	1.66027E-11	-1.98692E+1	-7.77072E-2	-6.53245E-2
6.97275E+11	3.51884E-12	-2.56118E+1	5.21505E-2	-5.20204E-3
6.97450E+11	6.95703E-12	-2.36625E+1	-8.35594E-3	6.50609E-2
6.97625E+11	3.52426E-12	-2.44932E+1	-1.69377E-2	-5.71561E-2
6.97800E+11	4.22633E-12	-2.33391E+1	4.65849E-2	-4.96518E-2
6.97975E+11	5.75092E-13	-3.29745E+1	-1.77102E-3	2.23830E-2
6.98150E+11	6.15225E-12	-2.25344E+1	-5.43151E-2	5.12724E-2
6.98325E+11	2.75146E-12	-2.56483E+1	-4.76660E-2	-2.12534E-2
6.98500E+11	3.88795E-12	-2.35664E+1	5.63359E-2	-3.50044E-2
6.98675E+11	7.91478E-13	-3.04055E+1	-9.33565E-3	2.87004E-2
6.98850E+11	2.76538E-12	-2.34396E+1	-5.81279E-2	-3.39195E-2
6.99025E+11	1.59272E-12	-2.38036E+1	5.22027E-2	-3.79492E-2
6.99200E+11	1.70509E-12	-2.56326E+1	5.22000E-2	2.96174E-3
6.99375E+11	1.04410E-12	-3.17997E+1	2.93462E-3	2.55367E-2
6.99550E+11	2.22305E-13	-3.84581E+1	-7.64879E-3	-9.17157E-3
6.99725E+11	3.11395E-12	-2.81445E+1	2.24948E-2	-3.20471E-2
6.99900E+11	8.21421E-13	-3.11795E+1	1.95419E-2	1.95006E-2
7.00075E+11	3.71783E-12	-2.71456E+1	-3.23102E-2	2.97579E-2
7.00250E+11	5.63103E-12	-2.37784E+1	-1.41083E-2	-6.31701E-2
7.00425E+11	8.71159E-12	-2.28837E+1	7.15137E-2	-5.80467E-3
7.00600E+11	5.10425E-12	-2.56937E+1	4.75225E-2	2.09065E-2
7.00775E+11	1.60592E-12	-2.85103E+1	9.97565E-3	3.61895E-2
7.00950E+11	3.25655E-12	-2.57742E+1	-5.11909E-2	5.04048E-3
7.01125E+11	3.14329E-12	-2.75657E+1	3.36282E-2	-2.49144E-2
7.01300E+11	2.82020E-12	-3.04397E+1	6.45151E-3	2.93615E-2
7.01475E+11	2.80481E-12	-2.98668E+1	-3.21091E-2	-3.78466E-4
7.01650E+11	1.00851E-11	-2.71944E+1	1.51697E-2	-4.09609E-2
7.01825E+11	2.08238E-12	-3.10345E+1	2.65984E-2	-8.97572E-3
7.02000E+11	6.24240E-12	-2.75592E+1	-5.85706E-3	4.14715E-2
7.02175E+11	1.09342E-11	-2.60799E+1	-2.98317E-2	-3.97009E-2
7.02350E+11	4.06407E-12	-3.02735E+1	1.99837E-2	-2.32295E-2
7.02525E+11	3.22981E-12	-2.99003E+1	8.67235E-3	3.07899E-2
7.02700E+11	4.32405E-12	-2.73610E+1	-3.99904E-2	-1.53916E-2
7.02875E+11	4.78646E-12	-2.83380E+1	-8.44428E-5	-3.82914E-2
7.03050E+11	1.15410E-11	-2.44968E+1	5.95267E-2	-2.70376E-3
7.03225E+11	1.27635E-11	-2.38046E+1	-3.13764E-2	5.63894E-2
7.03400E+11	7.89368E-12	-2.67800E+1	-1.94719E-2	-4.14705E-2
7.03575E+11	3.18278E-11	-2.11348E+1	8.53630E-2	-2.03403E-2
7.03750E+11	4.34912E-11	-1.90334E+1	-3.32365E-2	1.06715E-1
7.03925E+11	9.28512E-11	-1.66330E+1	-1.47276E-1	4.64902E-3
7.04100E+11	1.38748E-10	-1.66233E+1	-3.55262E-2	-1.43174E-1
7.04275E+11	1.57134E-10	-1.51990E+1	1.72919E-1	-1.74776E-2
7.04450E+11	1.73940E-10	-1.42376E+1	-6.41238E-2	1.83247E-1
7.04625E+11	2.29095E-10	-1.39217E+1	-8.07582E-2	-1.84425E-1
7.04800E+11	1.77884E-10	-1.48677E+1	1.78237E-1	2.88592E-2
7.04975E+11	1.34751E-10	-1.48516E+1	-9.40664E-2	1.54511E-1
7.05150E+11	1.39162E-10	-1.63229E+1	-1.22972E-1	-9.05369E-2
7.05325E+11	1.51938E-10	-1.54751E+1	1.10774E-1	-1.26788E-1
7.05500E+11	1.27919E-10	-1.51578E+1	9.63008E-2	1.45672E-1
7.05675E+11	1.25407E-10	-1.62390E+1	-1.48447E-1	4.16788E-2
7.05850E+11	7.76795E-11	-1.55970E+1	4.44327E-2	-1.59959E-1
7.06025E+11	1.73477E-10	-1.47825E+1	1.66018E-1	7.53968E-2
7.06200E+11	1.24033E-10	-1.41267E+1	-1.15564E-1	1.59095E-1
7.06375E+11	1.05422E-10	-1.24774E+1	-1.58143E-1	-1.77535E-1
7.06550E+11	1.60158E-10	-1.15155E+1	2.45649E-1	-1.00986E-1
7.06725E+11	1.47201E-10	-9.53375E+0	-1.65439E-1	2.89764E-1
7.06900E+11	1.28828E-10	-1.04616E+1	-7.49857E-2	-2.90335E-1
7.07075E+11	9.13457E-11	-1.10664E+1	2.22737E-1	1.69160E-1
7.07250E+11	6.34632E-11	-1.17834E+1	-2.41116E-1	9.04772E-2
7.07425E+11	3.86303E-11	-1.18827E+1	-6.30310E-2	-2.46677E-1
7.07600E+11	3.33631E-11	-1.33316E+1	2.15415E-1	-5.54314E-3
7.07775E+11	2.77518E-11	-1.60199E+1	3.83447E-2	1.53406E-1
7.07950E+11	1.97776E-11	-1.59019E+1	-1.59782E-1	-1.27338E-2
7.08125E+11	2.26673E-11	-1.77332E+1	9.20092E-2	-9.15827E-2
7.08300E+11	1.49770E-11	-1.57763E+1	-6.31933E-2	1.49845E-1
7.08475E+11	1.33210E-11	-1.51159E+1	-1.68376E-1	-4.93885E-2
7.08650E+11	1.39475E-11	-1.67059E+1	9.37466E-3	-1.45818E-1
7.08825E+11	9.35098E-12	-1.62237E+1	1.29487E-1	-8.42061E-2
7.09000E+11	1.89296E-11	-1.49183E+1	1.43351E-1	1.08047E-1
7.09175E+11	2.13371E-11	-1.56823E+1	-1.57116E-1	4.83730E-2
7.09350E+11	1.11018E-11	-1.81673E+1	4.10842E-2	-1.16456E-1
7.09525E+11	2.09166E-11	-1.67468E+1	3.72640E-3	1.45385E-1
7.09700E+11	9.65390E-12	-1.90162E+1	-1.07827E-1	-3.02637E-2
7.09875E+11	1.27682E-11	-1.92469E+1	2.74279E-2	-1.05552E-1
7.10050E+11	8.19436E-12	-2.05282E+1	9.07693E-2	-2.48141E-2
7.10225E+11	5.86822E-12	-2.09763E+1	3.64801E-2	8.15838E-2
7.10400E+11	8.04773E-12	-2.10768E+1	-5.78779E-2	6.67392E-2
7.10575E+11	4.49351E-12	-2.47695E+1	-4.10408E-2	-4.06235E-2
7.10750E+11	1.22823E-11	-1.97466E+1	1.00876E-1	2.06138E-2
7.10925E+11	7.01796E-12	-2.10070E+1	-7.70441E-2	4.46614E-2
7.11100E+11	1.35627E-11	-2.05867E+1	-2.74155E-3	-9.34281E-2
7.11275E+11	1.87663E-11	-1.80694E+1	1.21013E-1	-3.08767E-2
7.11450E+11	7.99462E-12	-2.17488E+1	-4.60928E-4	8.17622E-2
7.11625E+11	1.56022E-11	-1.91972E+1	-1.03149E-1	3.72916E-2
7.11800E+11	2.24574E-11	-1.73739E+1	3.93662E-2	-1.29448E-1
7.11975E+11	1.52246E-11	-1.77457E+1	4.39977E-2	1.21938E-1
7.12150E+11	1.96835E-11	-1.84068E+1	-9.88037E-2	6.83342E-2
7.12325E+11	2.08671E-11	-1.78642E+1	-3.91390E-2	-1.21739E-1
7.12500E+11	1.98371E-11	-1.92444E+1	1.06582E-1	2.32539E-2
7.12675E+11	2.26408E-11	-1.79969E+1	-7.10069E-2	1.04011E-1
7.12850E+11	1.55921E-11	-2.01506E+1	-4.35043E-2	-8.81277E-2
7.13025E+11	2.58023E-11	-1.52404E+1	1.72672E-1	-1.02060E-2
7.13200E+11	1.08522E-11	-1.91262E+1	-1.21716E-2	1.09911E-1
7.13375E+11	2.64151E-11	-1.66991E+1	-1.40715E-1	-3.97896E-2
7.13550E+11	4.00479E-11	-1.28601E+1	1.12974E-1	-1.97474E-1
7.13725E+11	5.63713E-11	-1.12600E+1	2.64898E-1	6.81598E-2
7.13900E+11	5.39007E-11	-1.07553E+1	-1.87141E-1	2.21392E-1
7.14075E+11	8.19794E-11	-8.23550E+0	-1.39337E-1	-3.61537E-1
7.14250E+11	7.85775E-11	-6.90964E+0	4.36333E-1	1.15475E-1
7.14425E+11	1.28524E-10	-3.60944E+0	-5.48996E-1	3.66295E-1
7.14600E+11	1.48365E-10	-3.14950E+0	-1.27292E-1	-6.84124E-1
7.14775E+11	1.58744E-10	-2.28594E+0	7.59759E-1	1.16277E-1
7.14950E+11	1.58385E-10	-5.95179E-1	-2.83483E-1	8.89701E-1
7.15125E+11	7.48398E-11	-9.01524E-1	-5.75073E-1	-6.94144E-1
7.15300E+11	1.33871E-10	-5.75807E-1	8.70149E-1	-3.44486E-1
7.15475E+11	7.50992E-11	-6.88075E-1	-3.85695E-1	8.39475E-1
7.15650E+11	7.42136E-11	-1.07167E-1	-4.71972E-1	-8.67680E-1
7.15825E+11	8.48356E-11	-6.45817E-1	9.23770E-1	9.20438E-2
7.16000E+11	6.16329E-11	-7.21952E-3	-4.83703E-1	8.74283E-1
7.16175E+11	5.35643E-11	1.55666E+0	-9.28881E-1	-7.53836E-1
7.16350E+11	3.60782E-11	8.00184E-2	9.92965E-1	-1.80601E-1
7.16525E+11	3.79074E-11	3.84406E+0	-4.77847E-2	1.55596E+0
7.16700E+11	4.60585E-12	-7.28954E+0	-1.81606E-1	-3.92017E-1
7.16875E+11	1.82749E-11	-2.70378E+0	6.80918E-1	-2.70027E-1
7.17050E+11	1.12665E-11	-4.04274E+0	-1.68421E-1	6.04850E-1
7.17225E+11	2.34597E-11	3.46738E+0	-1.49059E+0	-1.09970E-2
7.17400E+11	5.01545E-12	-3.58284E+0	3.40219E-1	-5.67886E-1
7.17575E+11	1.47191E-11	-1.74282E+0	4.48963E-1	6.84019E-1
7.17750E+11	9.25971E-12	-3.03140E+0	-5.20454E-1	-4.76135E-1
7.17925E+11	9.22477E-13	-1.02402E+1	2.31092E-1	-2.03017E-1
7.18100E+11	3.70488E-12	-6.69270E+0	4.38891E-1	1.46734E-1
7.18275E+11	1.67322E-12	-9.47636E+0	-2.16941E-1	2.56420E-1
7.18450E+11	4.85753E-12	-4.14077E+0	-3.64202E-1	-5.02760E-1
7.18625E+11	5.58197E-12	-4.17247E+0	2.69945E-1	-5.56540E-1
7.18800E+11	7.76799E-13	-1.36758E+1	8.67495E-2	1.88070E-1
7.18975E+11	4.34983E-12	-7.40964E+0	-2.71507E-1	3.28406E-1
7.19150E+11	3.98094E-13	-1.70725E+1	-1.39045E-1	1.69924E-2
7.19325E+11	2.44842E-12	-1.18394E+1	1.37935E-1	-2.15515E-1
7.19500E+11	6.64810E-12	-8.68013E+0	-2.98199E-2	3.66913E-1
7.19675E+11	1.87379E-12	-1.46008E+1	-6.09680E-2	1.75927E-1
7.19850E+11	9.93543E-13	-1.72186E+1	1.31424E-1	-4.12409E-2
7.20025E+11	7.66244E-13	-1.34467E+1	1.27154E-1	-1.70445E-1
7.20200E+11	5.64057E-13	-1.93052E+1	-9.61902E-2	4.98236E-2
7.20375E+11	3.26542E-12	-1.37570E+1	-1.99463E-1	-4.81311E-2
7.20550E+11	4.51346E-13	-2.05901E+1	2.77748E-2	-8.92079E-2
7.20725E+11	1.59551E-13	-2.43601E+1	6.04316E-2	3.50648E-3
7.20900E+11	1.53582E-13	-2.66604E+1	-3.45136E-2	3.10859E-2
7.21075E+11	1.32349E-12	-1.47298E+1	2.39693E-2	-1.81875E-1
7.21250E+11	4.26309E-13	-2.12081E+1	-2.08709E-2	-8.44750E-2
7.21425E+11	6.65560E-13	-1.74924E+1	8.66237E-2	-1.01539E-1
7.21600E+11	1.45053E-12	-1.18956E+1	-5.11935E-2	2.49017E-1
7.21775E+11	8.42616E-13	-1.41757E+1	-1.94942E-1	1.51661E-2
7.21950E+11	1.14733E-12	-1.10956E+1	1.20118E-1	-2.51545E-1
7.22125E+11	4.53902E-13	-7.34182E+0	1.04655E-1	4.16499E-1
7.22300E+11	5.21052E-12	-3.72026E+0	-6.28778E-1	1.70974E-1
7.22475E+11	3.51255E-12	-3.49337E+0	-2.33037E-1	-6.26945E-1
7.22650E+11	4.90323E-12	-2.05603E-2	9.57973E-1	2.78505E-1
7.22825E+11	3.86319E-13	-1.16348E+1	4.89355E-2	2.57363E-1
7.23000E+11	2.00501E-12	-1.51340E+0	-6.18137E-1	-5.68922E-1
7.23175E+11	9.60777E-13	-7.25344E-1	7.84401E-1	-4.80521E-1
7.23350E+11	2.23878E-12	-6.06311E+0	1.31006E-1	4.80002E-1
7.23525E+11	2.99946E-12	-3.22618E+0	-4.68437E-1	5.06280E-1
7.23700E+11	1.71598E-12	-4.57802E+0	5.28333E-1	-2.63362E-1
7.23875E+11	7.40932E-13	-2.40912E+0	5.06196E-1	-5.63913E-1
7.24050E+11	2.88574E-13	-6.77482E+0	-1.61901E-1	4.28874E-1
7.24225E+11	3.89803E-12	1.62483E+0	-8.27908E-1	-8.76526E-1
7.24400E+11	2.10266E-12	-1.76261E+0	6.54739E-1	4.87569E-1
7.24575E+11	9.62241E-12	6.12417E+1	5.93849E+2	-9.89099E+2
7.24750E+11	9.13384E-12	6.41552E+0	-1.54173E+0	-1.41558E+0
7.24925E+11	4.64268E-12	3.12922E+0	-1.05832E+0	9.67198E-1
7.25100E+11	7.26939E-12	1.06672E+1	-3.18414E+0	-1.23360E+0
7.25275E+11	4.00581E-12	1.69430E+1	-6.19384E+0	3.33194E+0
7.25450E+11	1.94676E-12	3.77234E+0	-1.38978E+0	-6.72388E-1
7.25625E+11	3.12532E-12	-6.55021E-1	9.02247E-1	-2.14359E-1
7.25800E+11	8.35556E-13	-1.63163E+0	2.05663E-1	-8.02816E-1
7.25975E+11	1.12518E-13	-1.01572E+1	-2.26316E-2	3.09730E-1
7.26150E+11	2.64497E-13	9.26932E-2	-1.00983E+0	-4.26560E-2
7.26325E+11	1.09111E-12	-4.18932E+0	5.96882E-1	1.57662E-1
7.26500E+11	9.16020E-13	-6.34898E+0	4.47775E-1	-1.76894E-1
7.26675E+11	4.07438E-13	-8.75478E+0	-2.77122E-1	-2.37506E-1
7.26850E+11	9.35570E-13	-7.11794E-1	-1.64763E-1	-9.06467E-1
7.27025E+11	6.74999E-13	2.38770E+0	8.39106E-1	1.01429E+0
7.27200E+11	7.41336E-12	6.22845E+0	5.17726E-2	2.04778E+0
7.27375E+11	1.31164E-12	4.64620E+0	-6.84763E-1	-1.56396E+0
7.27550E+11	1.89609E-12	-7.31175E+0	4.16769E-1	1.09588E-1
7.27725E+11	3.51715E-13	-1.27839E+1	-2.09989E-1	9.26274E-2
7.27900E+11	1.63594E-12	-5.00530E+0	-4.99004E-1	-2.58529E-1
7.28075E+11	3.40362E-13	-8.88655E+0	3.59380E-1	8.38023E-3
7.28250E+11	1.35564E-12	-5.29544E+0	-3.90640E-1	3.77931E-1
7.28425E+11	1.65604E-13	-1.79749E+1	1.22388E-1	-3.10150E-2
7.28600E+11	2.20966E-13	-8.63698E+0	6.13541E-2	3.64834E-1
7.28775E+11	2.47004E-14	-2.16221E+1	-1.08916E-2	-8.22465E-2
7.28950E+11	9.23525E-13	-9.55287E+0	-1.38348E-1	3.02827E-1
7.29125E+11	2.29852E-12	-4.22048E+0	-3.32669E-1	5.17428E-1
7.29300E+11	2.84828E-12	-4.44754E+0	2.94322E-1	5.22015E-1
7.29475E+11	5.19902E-12	9.19502E-1	-4.62609E-1	-1.01084E+0
7.29650E+11	2.35856E-12	5.72204E+0	-1.38498E+0	-1.34762E+0
7.29825E+11	2.14645E-12	-2.97333E+0	4.40455E-1	5.57022E-1
7.30000E+11	1.97177E-12	-7.69834E-1	-8.16426E-1	-4.13534E-1
