Position	Channel 1	Channel 2	Channel 3	Channel 4
5.00000E+10	3.50029E-14	2.57153E+0	-8.17050E-1	1.06782E+0
5.02000E+10	6.70799E-14	7.89087E+0	-1.77415E+0	-1.73361E+0
5.04000E+10	2.11869E-13	-2.20492E+0	-4.57385E-1	-6.26638E-1
5.06000E+10	2.26692E-13	6.20236E-3	8.73794E-1	-4.87763E-1
5.08000E+10	2.21405E-13	1.12131E+1	7.49811E-1	3.55812E+0
5.10000E+10	2.13289E-13	1.87567E+0	1.00395E+0	7.29556E-1
5.12000E+10	1.81855E-13	3.42816E+0	-3.91524E-1	1.43133E+0
5.14000E+10	3.29712E-14	1.25097E+0	1.81424E-1	-1.14057E+0
5.16000E+10	1.83390E-14	-1.35358E+1	2.00372E-1	6.44389E-2
5.18000E+10	3.42647E-13	1.17362E+1	-3.27516E+0	2.04653E+0
5.20000E+10	1.69115E-13	5.89904E+0	1.23305E+0	-1.53922E+0
5.22000E+10	3.35669E-13	1.83742E+1	3.55094E+0	7.49425E+0
5.24000E+10	9.51771E-14	6.68172E-1	-3.65009E-1	-1.01641E+0
5.26000E+10	1.99442E-13	-1.44779E+0	8.02967E-1	2.67863E-1
5.28000E+10	1.41448E-14	-1.18266E+1	-2.45720E-1	-7.27127E-2
5.30000E+10	3.34356E-16	-2.10054E+1	6.63231E-2	-5.94527E-2
5.32000E+10	8.40929E-14	-2.53492E+0	3.20910E-1	6.74429E-1
5.34000E+10	7.53781E-14	7.02758E+0	1.79584E+0	1.34861E+0
5.36000E+10	2.29505E-14	-7.57473E+0	3.44329E-1	2.37133E-1
5.38000E+10	2.04314E-14	-7.51037E+0	4.29651E-3	4.21171E-1
5.40000E+10	2.84504E-13	9.00270E+0	2.81555E+0	1.44491E-1
5.42000E+10	2.27096E-13	1.35534E+0	-7.73901E-1	-8.75979E-1
5.44000E+10	1.73521E-14	-1.25367E+1	1.78925E-1	1.54102E-1
5.46000E+10	3.97589E-14	-1.71975E+0	5.13822E-1	-6.39533E-1
5.48000E+10	1.00382E-14	-4.85388E+0	-5.57893E-1	1.25711E-1
5.50000E+10	7.79835E-14	1.43399E+0	8.57031E-1	-8.10389E-1
5.52000E+10	5.24905E-14	-1.07928E+1	-1.67645E-1	2.34969E-1
5.54000E+10	1.46800E-13	-1.53755E+0	2.01251E-1	-8.13234E-1
5.56000E+10	2.38933E-13	1.96787E+1	9.00598E+0	-3.42955E+0
5.58000E+10	1.12808E-14	-4.06570E+0	5.99356E-1	1.81390E-1
5.60000E+10	2.54303E-13	-3.17098E+0	3.96663E-1	-5.69647E-1
5.62000E+10	3.33881E-15	-1.52534E+1	-4.09561E-2	-1.67789E-1
5.64000E+10	1.45878E-13	6.27680E+0	2.05296E+0	-1.68532E-1
5.66000E+10	2.31700E-13	1.92091E-1	-3.68038E-1	-9.53819E-1
5.68000E+10	1.09882E-13	-5.67394E+0	2.45826E-1	4.58632E-1
5.70000E+10	4.17657E-14	-1.29723E+1	1.00739E-1	-2.00728E-1
5.72000E+10	7.14442E-14	-1.02686E+1	-2.25293E-1	-2.07959E-1
5.74000E+10	1.22639E-14	-1.53889E+1	2.37967E-2	1.68368E-1
5.76000E+10	1.35649E-13	-1.70042E+0	7.65465E-1	3.00134E-1
5.78000E+10	7.40750E-14	3.53459E+0	1.41049E+0	5.16861E-1
5.80000E+10	4.63625E-14	3.60764E+0	-1.51389E+0	-5.51026E-2
5.82000E+10	1.94814E-14	-4.88809E+0	-4.45345E-1	3.55176E-1
5.84000E+10	4.61267E-14	-2.62322E-1	7.41815E-1	6.25378E-1
5.86000E+10	8.63999E-14	-2.86895E+0	3.86510E-1	6.05931E-1
5.88000E+10	3.36408E-14	-2.17174E+0	1.50698E-1	7.64057E-1
5.90000E+10	7.18443E-15	-1.16507E+1	1.81307E-1	-1.88434E-1
5.92000E+10	1.09772E-13	-3.57827E+0	7.31403E-2	-6.58298E-1
5.94000E+10	3.39981E-15	-2.13468E+1	8.20525E-2	-2.45143E-2
5.96000E+10	4.23597E-14	-1.84873E+0	-7.52440E-1	2.95222E-1
5.98000E+10	1.94997E-13	-1.92979E+0	-2.90176E-1	7.46350E-1
6.00000E+10	1.35535E-14	-9.54883E+0	-2.33706E-1	-2.37337E-1
6.02000E+10	8.82519E-14	-6.14008E+0	-4.77742E-1	1.22388E-1
6.04000E+10	3.02672E-14	9.39690E-1	-7.04996E-1	8.62870E-1
6.06000E+10	1.06410E-13	-1.90337E+0	3.70390E-1	7.12717E-1
6.08000E+10	4.59953E-14	-1.63688E+0	-6.05169E-1	5.65465E-1
6.10000E+10	2.79309E-13	5.08444E+0	3.17506E-1	1.76736E+0
6.12000E+10	2.70279E-13	1.12965E+1	-2.10210E+0	3.00999E+0
6.14000E+10	1.41002E-13	6.19571E+0	9.26310E-1	-1.81839E+0
6.16000E+10	3.97981E-13	3.62253E+0	-5.59806E-1	1.41046E+0
6.18000E+10	3.27612E-13	-2.05558E-1	9.71398E-1	-1.00779E-1
6.20000E+10	7.14875E-14	1.91666E+0	-7.57621E-1	9.90343E-1
6.22000E+10	4.55647E-14	-3.60421E+0	6.30518E-1	-1.96318E-1
6.24000E+10	2.23641E-13	-2.69386E+0	7.02388E-1	2.10813E-1
6.26000E+10	6.08256E-14	-5.68966E+0	-4.39403E-2	-5.17556E-1
6.28000E+10	2.10401E-14	-1.61237E+0	-6.15348E-1	5.57862E-1
6.30000E+10	4.67507E-14	3.16467E+0	9.22205E-1	1.10540E+0
6.32000E+10	1.46431E-13	-5.54958E+0	1.11347E-2	-5.27745E-1
6.34000E+10	1.09233E-13	1.67992E+0	-1.08765E+0	-5.37869E-1
6.36000E+10	6.06035E-11	2.12999E+1	1.14526E+1	1.93109E+0
6.38000E+10	6.59553E-9	3.94853E+1	7.48497E+1	5.72710E+1
6.40000E+10	7.47720E-8	5.65028E+1	5.51134E+2	-3.78450E+2
6.42000E+10	4.02797E-8	5.68189E+1	6.41414E+2	-2.63263E+2
6.44000E+10	1.18378E-7	6.46118E+1	1.19966E+2	1.69631E+3
6.46000E+10	1.02338E-8	4.90349E+1	2.28822E+2	-1.66476E+2
6.48000E+10	1.40854E-8	4.41741E+1	1.46964E+2	6.74404E+1
6.50000E+10	1.77703E-8	4.65474E+1	1.26333E+2	1.70874E+2
6.52000E+10	2.46289E-9	4.00841E+1	-4.94282E+1	-8.80474E+1
6.54000E+10	1.36209E-8	4.22534E+1	8.74163E+1	-9.57062E+1
6.56000E+10	8.52795E-8	5.37167E+1	-6.21465E+0	4.85063E+2
6.58000E+10	2.63539E-7	6.69484E+1	-7.26785E+2	-2.10344E+3
6.60000E+10	9.56408E-6	8.58422E+1	-1.95818E+4	-6.73510E+2
6.62000E+10	4.22545E-6	7.67061E+1	-5.83367E+3	-3.57873E+3
6.64000E+10	1.86891E-6	7.98240E+1	1.16176E+3	9.73026E+3
6.66000E+10	2.22629E-6	6.99935E+1	1.86031E+3	-2.55429E+3
6.68000E+10	5.71584E-7	6.40256E+1	3.58290E+2	-1.54866E+3
6.70000E+10	5.50814E-7	6.63038E+1	-1.90512E+3	8.00036E+2
6.72000E+10	4.88429E-7	6.41207E+1	4.44079E+2	1.54449E+3
6.74000E+10	5.01721E-6	7.31217E+1	2.99339E+3	3.39986E+3
6.76000E+10	8.12885E-8	5.24904E+1	2.53941E+2	-3.36081E+2
6.78000E+10	5.10276E-8	6.23569E+1	1.12713E+3	6.70984E+2
6.80000E+10	1.62571E-8	1.30031E+1	1.82813E+0	4.07733E+0
6.82000E+10	4.31642E-8	9.30620E+0	-3.02753E-1	-2.90377E+0
6.84000E+10	2.28534E-8	6.54380E+0	-1.34484E+0	1.64424E+0
6.86000E+10	2.53640E-7	1.89955E+1	2.27436E+0	8.61263E+0
6.88000E+10	9.48351E-7	3.60935E+1	5.31252E+1	-3.52902E+1
6.90000E+10	4.87987E-6	5.34118E+1	5.03308E+1	-4.65660E+2
6.92000E+10	2.52566E-6	7.72875E+1	-7.36834E+2	7.28049E+3
6.94000E+10	2.64467E-6	6.98882E+1	5.52357E+2	-3.07257E+3
6.96000E+10	2.60123E-6	6.83401E+1	-2.61220E+3	2.65144E+0
6.98000E+10	2.15100E-6	7.43734E+1	1.82241E+3	4.90437E+3
7.00000E+10	2.79803E-6	7.12473E+1	-3.56468E+3	7.87410E+2
7.02000E+10	6.56012E-6	7.55924E+1	6.01319E+3	2.92549E+2
7.04000E+10	5.53346E-6	7.68955E+1	-6.57743E+3	2.38015E+3
7.06000E+10	3.82534E-6	7.33709E+1	2.80556E+3	-3.72298E+3
7.08000E+10	4.99549E-6	8.00312E+1	1.60739E+3	-9.90643E+3
7.10000E+10	2.32219E-6	5.66850E+1	-6.82646E+2	-1.08788E+1
7.12000E+10	1.08167E-6	4.42681E+1	-3.83434E+1	1.58897E+2
7.14000E+10	3.59641E-8	1.63703E+1	4.88460E+0	4.41526E+0
7.16000E+10	2.80868E-7	1.56586E+1	4.86002E+0	-3.63054E+0
7.18000E+10	1.70165E-7	7.38319E+0	-2.32762E+0	2.37402E-1
7.20000E+10	7.17313E-7	1.62189E+1	5.93346E-1	6.44331E+0
7.22000E+10	3.55962E-6	2.20599E+1	9.49828E+0	-8.39490E+0
7.24000E+10	2.80898E-5	3.02605E+1	-1.13872E+1	-3.05310E+1
7.26000E+10	3.38282E-5	3.15452E+1	-2.57570E+1	2.76389E+1
7.28000E+10	5.87609E-5	3.29092E+1	-1.24888E+0	4.41862E+1
7.30000E+10	9.96104E-5	3.22132E+1	3.44766E+1	2.18171E+1
7.32000E+10	5.09886E-5	2.83582E+1	2.61030E+1	-1.95829E+0
7.34000E+10	5.28220E-5	2.89057E+1	1.76615E+1	-2.15717E+1
7.36000E+10	3.49678E-5	2.73028E+1	4.40780E+0	-2.27585E+1
7.38000E+10	6.35917E-5	3.05318E+1	-5.04889E+0	-3.32380E+1
7.40000E+10	3.42932E-5	2.78163E+1	-1.28155E+1	-2.09903E+1
7.42000E+10	3.94835E-5	2.88978E+1	-2.65696E+1	8.36167E+0
7.44000E+10	6.19087E-5	3.10085E+1	3.52598E+1	4.25904E+0
7.46000E+10	2.74845E-5	2.72261E+1	2.11634E+1	-8.94867E+0
7.48000E+10	3.53047E-5	2.90948E+1	-1.24700E+1	-2.56193E+1
7.50000E+10	1.57287E-5	2.76391E+1	-2.21573E+1	9.47122E+0
7.52000E+10	1.82799E-5	2.87615E+1	-2.06074E+1	1.80894E+1
7.54000E+10	1.18191E-5	2.69509E+1	1.08933E+1	1.94136E+1
7.56000E+10	3.00775E-6	2.03291E+1	8.15976E+0	6.42588E+0
7.58000E+10	1.98997E-5	2.91749E+1	2.78987E+1	-6.97405E+0
7.60000E+10	3.78038E-6	2.27590E+1	4.01013E+0	-1.31406E+1
7.62000E+10	1.20929E-5	2.85191E+1	-8.12947E-1	-2.66534E+1
7.64000E+10	1.32860E-5	3.13185E+1	-4.47689E-1	-3.68039E+1
7.66000E+10	1.48728E-5	3.27097E+1	-2.40235E+1	-3.59045E+1
7.68000E+10	1.16116E-5	3.24425E+1	-4.09990E+1	-8.59999E+0
7.70000E+10	5.93595E-6	3.16500E+1	-3.67524E+1	1.05558E+1
7.72000E+10	5.41576E-6	3.08888E+1	-8.00212E+0	3.41039E+1
7.74000E+10	7.09953E-6	2.95187E+1	6.89157E+0	2.91136E+1
7.76000E+10	1.47625E-5	3.11463E+1	3.04096E+1	1.94247E+1
7.78000E+10	1.07541E-5	3.12611E+1	3.62857E+1	4.50393E+0
7.80000E+10	6.79271E-6	3.05053E+1	3.18728E+1	-1.03688E+1
7.82000E+10	2.04925E-5	3.37462E+1	3.09023E+1	-3.76078E+1
7.84000E+10	2.44932E-5	3.16780E+1	1.76589E+1	-3.40557E+1
7.86000E+10	7.20510E-5	3.34662E+1	4.52124E+0	-4.69138E+1
7.88000E+10	1.53846E-4	3.45947E+1	-4.15525E+1	-3.39691E+1
7.90000E+10	9.13795E-5	3.08928E+1	-3.32793E+1	-1.09871E+1
7.92000E+10	2.04039E-4	3.31860E+1	-4.56313E+1	-5.94175E-1
7.94000E+10	1.60510E-4	3.15736E+1	-1.20351E+1	3.59421E+1
7.96000E+10	1.65643E-4	3.14236E+1	1.06483E+1	3.57005E+1
7.98000E+10	3.04795E-4	3.32701E+1	4.24940E+1	1.78207E+1
8.00000E+10	2.28553E-4	3.17115E+1	3.68630E+1	-1.11424E+1
8.02000E+10	4.32732E-4	3.43193E+1	5.26099E+0	-5.17286E+1
8.04000E+10	2.95541E-4	3.28032E+1	-3.39331E+1	-2.74843E+1
8.06000E+10	3.81372E-4	3.38464E+1	-4.38547E+1	-2.23907E+1
8.08000E+10	4.47616E-4	3.44037E+1	-4.74922E+1	2.23842E+1
8.10000E+10	1.95160E-4	3.05051E+1	-1.48637E+1	3.00401E+1
8.12000E+10	2.90076E-4	3.26333E+1	-3.92636E+0	4.26412E+1
8.14000E+10	2.69753E-4	3.23466E+1	1.46972E+1	3.87372E+1
8.16000E+10	1.81642E-4	3.10778E+1	3.10884E+1	1.77539E+1
8.18000E+10	2.13218E-4	3.34157E+1	4.67323E+1	3.43302E+0
8.20000E+10	1.47632E-4	3.24945E+1	3.70965E+1	-1.99966E+1
8.22000E+10	1.46192E-4	3.38625E+1	8.41174E-1	-4.93245E+1
8.24000E+10	1.44485E-4	3.36366E+1	-5.75281E+0	-4.77196E+1
8.26000E+10	2.30454E-4	3.45922E+1	-4.68157E+1	-2.62137E+1
8.28000E+10	3.13987E-4	3.52193E+1	-5.54416E+1	1.58831E+1
8.30000E+10	1.78891E-4	3.24404E+1	-5.11129E+0	4.15681E+1
8.32000E+10	4.55657E-4	3.69236E+1	3.10507E+1	6.29312E+1
8.34000E+10	4.17858E-4	3.60173E+1	6.03813E+1	1.87379E+1
8.36000E+10	2.68177E-4	3.33835E+1	3.50917E+1	-3.07900E+1
8.38000E+10	4.26103E-4	3.55239E+1	3.21154E+1	-5.03621E+1
8.40000E+10	4.27468E-4	3.60198E+1	-4.02184E+1	-4.88035E+1
8.42000E+10	2.32452E-4	3.30389E+1	-4.41790E+1	-7.83743E+0
8.44000E+10	4.33102E-4	3.62628E+1	-5.95333E+1	2.61763E+1
8.46000E+10	3.30938E-4	3.55244E+1	-3.02761E+1	5.14928E+1
8.48000E+10	3.02778E-4	3.61149E+1	-3.66775E+0	6.38305E+1
8.50000E+10	1.82188E-4	3.39944E+1	5.89885E+0	4.97377E+1
8.52000E+10	2.97562E-4	3.60534E+1	3.57408E+1	5.24683E+1
8.54000E+10	2.38561E-4	3.53444E+1	5.04529E+1	2.96265E+1
8.56000E+10	1.22412E-4	3.13941E+1	2.87085E+1	2.35444E+1
8.58000E+10	2.91969E-4	3.43484E+1	5.01312E+1	1.44424E+1
8.60000E+10	1.61416E-4	3.11386E+1	3.54335E+1	6.64986E+0
8.62000E+10	1.18257E-4	2.93122E+1	2.86142E+1	-5.89626E+0
8.64000E+10	2.20334E-4	3.21612E+1	2.74652E+1	-2.98411E+1
8.66000E+10	1.28943E-4	3.02743E+1	1.97837E+1	-2.59578E+1
8.68000E+10	1.32901E-4	3.10722E+1	-2.07472E+1	-2.91474E+1
8.70000E+10	2.65149E-4	3.54700E+1	-5.06160E+1	-3.10123E+1
8.72000E+10	3.63771E-4	3.63281E+1	-6.12437E+1	2.32960E+1
8.74000E+10	2.40297E-4	3.43725E+1	-1.66249E+1	4.96027E+1
8.76000E+10	6.50313E-4	3.81552E+1	1.10831E+1	8.01018E+1
8.78000E+10	4.79054E-4	3.63686E+1	5.70000E+1	3.29351E+1
8.80000E+10	4.06844E-4	3.48735E+1	5.51377E+1	-5.59567E+0
8.82000E+10	6.06626E-4	3.62744E+1	5.94645E+1	-2.65467E+1
8.84000E+10	5.25695E-4	3.56624E+1	3.08541E+1	-5.22622E+1
8.86000E+10	6.25339E-4	3.64946E+1	-4.59887E+0	-6.66343E+1
8.88000E+10	5.15756E-4	3.62187E+1	-1.70505E+1	-6.24180E+1
8.90000E+10	7.57235E-4	3.78311E+1	-4.70944E+1	-6.20569E+1
8.92000E+10	7.28889E-4	3.89059E+1	-8.81466E+1	1.77706E+0
8.94000E+10	3.15260E-4	3.49801E+1	-5.61042E+1	-4.08390E-1
8.96000E+10	7.50328E-4	3.93199E+1	-9.05623E+1	1.86795E+1
8.98000E+10	6.74614E-4	3.89850E+1	-6.42244E+1	6.15722E+1
9.00000E+10	3.35115E-4	3.51666E+1	-2.28926E+1	5.25532E+1
9.02000E+10	8.30159E-4	3.90699E+1	-3.96698E+1	8.06135E+1
9.04000E+10	4.97815E-4	3.65759E+1	5.72260E+0	6.71778E+1
9.06000E+10	3.86760E-4	3.46711E+1	4.08988E+1	3.54816E+1
9.08000E+10	5.10376E-4	3.61216E+1	3.74989E+1	5.18450E+1
9.10000E+10	4.69475E-4	3.48330E+1	5.24707E+1	1.70239E+1
9.12000E+10	3.65649E-4	3.37716E+1	3.24070E+1	-3.65099E+1
9.14000E+10	3.85003E-4	3.43507E+1	3.68098E+1	-3.69886E+1
9.16000E+10	4.80381E-4	3.60366E+1	-1.88406E+1	-6.04965E+1
9.18000E+10	3.15681E-4	3.54488E+1	-5.55345E+1	-2.05531E+1
9.20000E+10	3.12704E-4	3.63730E+1	-6.58075E+1	2.73658E+0
9.22000E+10	3.86053E-4	3.68648E+1	-2.62351E+1	6.45751E+1
9.24000E+10	2.47806E-4	3.54935E+1	1.43812E+1	5.77585E+1
9.26000E+10	2.63890E-4	3.45497E+1	3.67285E+1	3.87538E+1
9.28000E+10	3.07472E-4	3.55522E+1	5.91770E+1	-9.43823E+0
9.30000E+10	1.98688E-4	3.33212E+1	2.20401E+1	-4.07755E+1
9.32000E+10	2.38906E-4	3.24170E+1	2.26692E+1	-3.50819E+1
9.34000E+10	3.12805E-4	3.33895E+1	-5.38392E+0	-4.64060E+1
9.36000E+10	2.45565E-4	3.20488E+1	-2.08635E+1	-3.41690E+1
9.38000E+10	2.69537E-4	3.29465E+1	-3.67963E+1	-2.48371E+1
9.40000E+10	2.59176E-4	3.30741E+1	-4.48394E+1	-4.36296E+0
9.42000E+10	2.53235E-4	3.33162E+1	-4.34778E+1	-1.59883E+1
9.44000E+10	3.39563E-4	3.51949E+1	-5.68186E+1	8.89381E+0
9.46000E+10	1.98909E-4	3.44938E+1	-4.72277E+1	2.41641E+1
9.48000E+10	2.54431E-4	3.42460E+1	-5.15356E+1	1.53151E+0
9.50000E+10	3.46073E-4	3.52846E+1	-2.29815E+1	5.33697E+1
9.52000E+10	1.41227E-4	3.11618E+1	-2.40577E+1	2.69805E+1
9.54000E+10	3.18751E-4	3.43016E+1	-2.55498E+1	4.51635E+1
9.56000E+10	2.58775E-4	3.31520E+1	1.76884E+1	4.18744E+1
9.58000E+10	1.30124E-4	2.92874E+1	3.25236E+0	2.89498E+1
9.60000E+10	5.38164E-4	3.46166E+1	2.52668E+1	4.75041E+1
9.62000E+10	3.29754E-4	3.31036E+1	4.46475E+1	7.07221E+0
9.64000E+10	1.61535E-4	2.89578E+1	2.43733E+1	1.38774E+1
9.66000E+10	3.78939E-4	3.25879E+1	4.01908E+1	1.41180E+1
9.68000E+10	1.88347E-4	2.96699E+1	2.31423E+1	-1.97799E+1
9.70000E+10	9.50455E-5	2.69216E+1	1.37787E+1	-1.73886E+1
9.72000E+10	2.63917E-4	3.17149E+1	2.07337E+1	-3.24702E+1
9.74000E+10	1.81397E-4	3.03064E+1	-1.59478E+1	-2.86143E+1
9.76000E+10	1.03087E-4	2.80759E+1	-1.87108E+1	-1.70875E+1
9.78000E+10	1.69492E-4	3.05752E+1	-3.24748E+1	-9.32771E+0
9.80000E+10	1.49867E-4	3.02335E+1	-3.12208E+1	8.97209E+0
9.82000E+10	1.00107E-4	2.85352E+1	-1.62544E+1	2.12015E+1
9.84000E+10	6.65339E-5	2.67829E+1	-7.42200E-1	2.18219E+1
9.86000E+10	1.49433E-4	2.98468E+1	7.61812E+0	3.01216E+1
9.88000E+10	9.44123E-5	2.76070E+1	2.38537E+1	2.71400E+0
9.90000E+10	2.04037E-5	2.07170E+1	1.08367E+1	7.17421E-1
9.92000E+10	1.72948E-4	2.98024E+1	3.08626E+1	-1.73801E+0
9.94000E+10	1.22128E-4	2.82375E+1	4.57321E+0	-2.54067E+1
9.96000E+10	2.45389E-5	2.16369E+1	1.20672E+1	3.97956E-1
9.98000E+10	3.45670E-4	3.31598E+1	2.95624E+1	-3.45846E+1
1.00000E+11	9.51810E-5	2.79798E+1	-2.05646E+1	-1.43221E+1
1.00200E+11	4.88404E-5	2.48475E+1	4.02167E+0	-1.70042E+1
1.00400E+11	4.96888E-4	3.49035E+1	-3.33642E+1	-4.44929E+1
1.00600E+11	5.81478E-5	2.57482E+1	-1.54207E+1	1.17424E+1
1.00800E+11	2.06085E-5	2.11777E+1	-9.92278E+0	5.71746E+0
1.01000E+11	4.72844E-4	3.45853E+1	-4.83888E+1	2.30823E+1
1.01200E+11	6.30002E-5	2.63067E+1	1.78246E+1	1.04653E+1
1.01400E+11	6.88274E-5	2.69649E+1	3.41571E-1	2.22943E+1
1.01600E+11	1.58057E-4	3.08502E+1	2.12095E+1	2.76841E+1
1.01800E+11	7.16048E-5	2.78327E+1	2.45777E+1	-1.74762E+0
1.02000E+11	4.96176E-6	1.64728E+1	3.22906E+0	5.82774E+0
1.02200E+11	3.52809E-4	3.51644E+1	5.70083E+1	-5.85918E+0
1.02400E+11	6.22382E-5	2.73518E+1	5.61047E+0	-2.26275E+1
1.02600E+11	8.05107E-5	2.95632E+1	1.10390E+1	-2.79725E+1
1.02800E+11	1.53423E-4	3.23113E+1	2.39383E+1	-3.36096E+1
1.03000E+11	1.93541E-4	3.42732E+1	-4.32457E+1	-2.83683E+1
1.03200E+11	9.39814E-6	2.10366E+1	-1.11040E+1	1.91293E+0
1.03400E+11	3.45059E-4	3.63370E+1	-6.46046E+1	-1.13374E+1
1.03600E+11	4.93441E-5	2.71607E+1	-9.27871E+0	2.08323E+1
1.03800E+11	6.13414E-5	2.73418E+1	-1.78531E+1	1.49495E+1
1.04000E+11	1.55422E-4	3.15892E+1	-1.67867E+0	3.79344E+1
1.04200E+11	6.01017E-5	2.66946E+1	1.16257E+1	1.82209E+1
1.04400E+11	6.38822E-5	2.63734E+1	2.06851E+1	2.44467E+0
1.04600E+11	2.65930E-4	3.20054E+1	3.54681E+1	1.81350E+1
1.04800E+11	1.42323E-4	2.88563E+1	2.03796E+1	-1.87922E+1
1.05000E+11	1.17230E-4	2.79482E+1	2.41110E+1	6.49152E+0
1.05200E+11	3.38846E-4	3.21812E+1	2.51649E+1	-3.19241E+1
1.05400E+11	2.11214E-5	2.01934E+1	7.29350E+0	-7.16656E+0
1.05600E+11	3.19612E-4	3.19575E+1	1.78430E+1	-3.53708E+1
1.05800E+11	1.72513E-4	2.91294E+1	-1.56140E+0	-2.85643E+1
1.06000E+11	1.80719E-4	2.93595E+1	8.38790E+0	-2.81516E+1
1.06200E+11	1.06174E-4	2.75524E+1	-1.14491E+1	-2.09306E+1
1.06400E+11	2.45946E-4	3.15072E+1	-3.76124E+1	-4.43116E-1
1.06600E+11	1.25637E-4	2.88628E+1	-9.09344E+0	2.62094E+1
1.06800E+11	4.40853E-4	3.43372E+1	-3.72457E+1	3.64340E+1
1.07000E+11	2.19305E-4	3.12954E+1	1.25467E+1	3.44980E+1
1.07200E+11	3.27768E-5	2.37693E+1	-8.19796E-2	1.54333E+1
1.07400E+11	3.63349E-4	3.42592E+1	4.47017E+1	2.58482E+1
1.07600E+11	3.30609E-5	2.40005E+1	1.47334E+1	-5.84330E+0
1.07800E+11	1.64683E-4	3.11881E+1	3.60026E+1	-4.29675E+0
1.08000E+11	1.00005E-4	2.93611E+1	4.65886E+0	-2.90084E+1
1.08200E+11	9.54592E-5	2.98236E+1	2.19151E+1	-2.19071E+1
1.08400E+11	1.74467E-4	3.28091E+1	-3.06130E+1	-3.11820E+1
1.08600E+11	4.69535E-5	2.68706E+1	-1.20604E+1	-1.84666E+1
1.08800E+11	2.01512E-4	3.34681E+1	-3.89208E+1	-2.65991E+1
1.09000E+11	1.24085E-4	3.11941E+1	-3.52007E+1	8.79573E+0
1.09200E+11	1.14252E-4	3.07309E+1	-2.95413E+1	1.76235E+1
1.09400E+11	1.00409E-4	3.02942E+1	-2.04863E+1	2.55031E+1
1.09600E+11	1.88428E-4	3.36693E+1	-1.57738E+1	4.55950E+1
1.09800E+11	1.85336E-5	2.34200E+1	4.66290E+0	1.40728E+1
1.10000E+11	1.79231E-4	3.32380E+1	3.33223E+0	4.57884E+1
1.10200E+11	6.52363E-5	2.91032E+1	2.83944E+1	2.68214E+0
1.10400E+11	7.36483E-5	2.96376E+1	1.90473E-1	3.03300E+1
1.10600E+11	2.21661E-4	3.43775E+1	4.96871E+1	-1.64683E+1
1.10800E+11	8.77585E-6	2.00791E+1	8.28018E+0	5.76852E+0
1.11000E+11	2.09399E-4	3.32757E+1	4.23906E+1	-1.81398E+1
1.11200E+11	3.29846E-5	2.50769E+1	1.52216E+0	-1.78763E+1
1.11400E+11	2.00815E-4	3.30362E+1	1.40266E+1	-4.26053E+1
1.11600E+11	3.07532E-4	3.44762E+1	-3.90219E+1	-3.57812E+1
1.11800E+11	2.08227E-4	3.27081E+1	-3.09746E+1	-3.01019E+1
1.12000E+11	1.53430E-4	3.24981E+1	-4.20205E+1	3.43122E+0
1.12200E+11	1.47725E-4	3.16385E+1	-2.81003E+1	2.58588E+1
1.12400E+11	3.07701E-4	3.45600E+1	-2.23514E+1	4.85595E+1
1.12600E+11	1.28520E-4	3.07336E+1	-2.58812E+0	3.43122E+1
1.12800E+11	1.31875E-4	3.06552E+1	-1.65314E-1	3.40999E+1
1.13000E+11	1.34694E-4	3.06639E+1	3.18022E+1	1.24015E+1
1.13200E+11	9.14775E-5	2.90112E+1	2.34763E+1	1.56604E+1
1.13400E+11	2.23624E-4	3.25190E+1	4.11936E+1	9.44211E+0
1.13600E+11	4.84792E-5	2.55700E+1	1.84014E+1	-4.68721E+0
1.13800E+11	1.53801E-4	3.07369E+1	3.39172E+1	-5.87879E+0
1.14000E+11	1.14381E-4	2.93659E+1	1.26212E+1	-2.65490E+1
1.14200E+11	6.30271E-5	2.68841E+1	2.19509E+1	-2.47796E+0
1.14400E+11	1.62552E-4	3.10935E+1	-1.35184E+0	-3.58398E+1
1.14600E+11	1.97901E-5	2.19466E+1	-6.62521E+0	-1.06140E+1
1.14800E+11	4.42510E-4	3.54370E+1	-2.54547E+1	-5.33766E+1
1.15000E+11	1.98829E-4	3.19149E+1	-3.82874E+1	9.39160E+0
1.15200E+11	1.28565E-4	2.99397E+1	-3.11114E+1	4.27769E+0
1.15400E+11	4.83447E-4	3.60568E+1	-1.26729E+1	6.22326E+1
1.15600E+11	1.81896E-4	3.18363E+1	2.84636E+1	2.67600E+1
1.15800E+11	5.37580E-4	3.67271E+1	6.48438E+1	2.24023E+1
1.16000E+11	3.54534E-4	3.46096E+1	4.64924E+1	-2.69974E+1
1.16200E+11	2.39499E-4	3.31808E+1	3.91756E+1	-2.33529E+1
1.16400E+11	3.96352E-4	3.54443E+1	3.10369E+1	-5.03949E+1
1.16600E+11	2.19027E-4	3.26550E+1	1.60635E+1	-3.98101E+1
1.16800E+11	4.33626E-4	3.59471E+1	5.67447E+0	-6.24552E+1
1.17000E+11	2.50515E-4	3.31526E+1	-3.88293E+1	-2.36407E+1
1.17200E+11	2.19768E-4	3.24141E+1	-3.22707E+1	-2.64965E+1
1.17400E+11	4.57059E-4	3.51402E+1	-5.45755E+1	-1.69578E+1
1.17600E+11	1.73104E-4	3.11734E+1	-3.41638E+1	-1.19597E+1
1.17800E+11	1.70607E-4	3.12792E+1	-3.30357E+1	-1.58478E+1
1.18000E+11	2.94509E-4	3.35553E+1	-4.76162E+1	3.26398E-1
1.18200E+11	1.98244E-5	2.18834E+1	-1.24058E+1	-6.23888E-1
1.18400E+11	2.09983E-10	-2.77857E+1	-3.98712E-2	-8.68134E-3
1.18600E+11	2.55664E-13	-5.66850E+1	-1.07504E-3	-9.94813E-4
1.18800E+11	9.46368E-15	-6.77589E+1	-1.87202E-5	-4.08884E-4
1.19000E+11	1.46250E-13	-5.89992E+1	-6.67195E-4	-9.02228E-4
1.19200E+11	1.81491E-14	-6.79968E+1	-3.98215E-4	-5.45918E-6
1.19400E+11	1.32694E-14	-7.00377E+1	1.53668E-4	2.74811E-4
1.19600E+11	6.80692E-15	-7.36884E+1	1.58147E-4	1.33273E-4
1.19800E+11	1.97262E-13	-5.90830E+1	1.06081E-3	-3.31330E-4
1.20000E+11	5.01463E-11	-3.54347E+1	1.59911E-2	5.51313E-3
1.20200E+11	3.54862E-5	2.33388E+1	1.40544E+1	-4.26465E+0
1.20400E+11	1.46078E-13	-6.06012E+1	-8.82358E-4	3.03591E-4
1.20600E+11	1.65309E-13	-5.74376E+1	-6.09506E-4	1.19688E-3
1.20800E+11	1.52600E-14	-6.56290E+1	-4.97904E-4	-1.60261E-4
1.21000E+11	8.28439E-15	-6.91249E+1	-5.28241E-5	3.45735E-4
1.21200E+11	3.13221E-14	-5.93745E+1	-1.06458E-3	1.46894E-4
1.21400E+11	5.92854E-14	-4.90202E+1	3.53974E-3	-3.29760E-5
1.21600E+11	2.20362E-12	-4.52590E+1	-3.08692E-3	-4.50143E-3
1.21800E+11	1.45746E-10	-2.61024E+1	-4.91620E-2	-6.03721E-3
1.22000E+11	9.33002E-6	3.03867E+1	-3.08981E+1	1.17660E+1
1.22200E+11	1.86863E-5	3.27127E+1	-4.28520E+1	-5.58804E+0
1.22400E+11	1.89302E-4	3.25834E+1	-3.62385E+1	2.23505E+1
1.22600E+11	1.50443E-4	3.18871E+1	-1.85364E+1	3.46499E+1
1.22800E+11	1.26025E-4	3.96179E+1	1.74201E+1	9.40971E+1
1.23000E+11	4.36050E-5	3.62943E+1	-5.15293E+1	-4.00611E+1
1.23200E+11	6.45336E-14	-5.87971E+1	-8.51694E-4	7.70547E-4
1.23400E+11	2.60633E-13	-5.51319E+1	4.59324E-4	-1.69018E-3
1.23600E+11	9.73334E-14	-5.78543E+1	9.65307E-4	-8.40913E-4
1.23800E+11	2.28410E-12	-4.09565E+1	-5.48949E-3	-7.07793E-3
1.24000E+11	2.32443E-12	-3.27596E+1	-1.81592E-2	1.41406E-2
1.24200E+11	6.93494E-9	-1.02675E+1	-2.87085E-1	-1.07740E-1
1.24400E+11	5.59590E-8	3.15319E+0	3.63784E-1	-1.39088E+0
1.24600E+11	4.10027E-15	-6.63369E+1	2.56593E-4	4.08168E-4
1.24800E+11	2.61336E-13	-3.12125E+1	-1.95304E-3	-2.74332E-2
1.25000E+11	5.50523E-14	-4.83521E+1	-3.76871E-3	6.41439E-4
1.25200E+11	2.93307E-14	-5.81007E+1	1.16490E-3	4.37702E-4
1.25400E+11	3.55840E-13	-4.89056E+1	3.41289E-3	-1.10371E-3
1.25600E+11	5.71185E-14	-5.60449E+1	-1.18343E-3	1.04191E-3
1.25800E+11	7.03380E-14	-1.56194E+1	-1.49263E-1	7.16957E-2
1.26000E+11	5.87554E-14	-2.98435E+1	-1.86044E-2	2.62788E-2
1.26200E+11	2.67586E-14	-5.07089E+1	1.40379E-3	2.55407E-3
1.26400E+11	1.21262E-9	-9.49849E+0	-1.07036E-1	-3.17465E-1
1.26600E+11	2.33107E-14	-6.05017E+1	7.06359E-4	-6.26073E-4
1.26800E+11	1.57075E-13	-4.61418E+1	2.37062E-3	-4.32344E-3
1.27000E+11	3.24339E-16	-3.82131E+1	-9.77997E-3	-7.43318E-3
1.27200E+11	1.68149E-14	-5.47808E+1	1.14097E-4	1.82017E-3
1.27400E+11	5.18303E-14	-4.85872E+1	-1.79797E-3	3.25759E-3
1.27600E+11	1.52128E-15	-5.91145E+1	1.04419E-4	1.10239E-3
1.27800E+11	2.88946E-14	-1.70261E+1	1.40807E-1	-2.52287E-3
1.28000E+11	7.52502E-15	-3.87786E+1	-5.48960E-3	1.01163E-2
1.28200E+11	1.07555E-13	-2.54569E+1	5.04487E-2	-1.73620E-2
1.28400E+11	1.36335E-13	-2.30366E+1	1.15530E-2	6.95439E-2
1.28600E+11	2.24662E-14	-2.27212E+1	-4.04587E-2	-6.08873E-2
1.28800E+11	4.81761E-14	-1.13326E+1	1.78784E-1	2.03994E-1
1.29000E+11	4.74528E-15	-4.22189E+1	4.46146E-3	6.33163E-3
1.29200E+11	4.09338E-14	-8.07714E+0	2.66370E-1	-2.91112E-1
1.29400E+11	4.57267E-15	-8.76878E+0	1.23125E-1	-3.42953E-1
1.29600E+11	2.95058E-14	-5.95420E+0	4.88849E-1	-1.21978E-1
1.29800E+11	1.44126E-14	-9.99915E+0	-2.02770E-1	-2.42701E-1
1.30000E+11	1.19761E-13	-8.94829E+0	3.08206E-1	1.80026E-1
