Position	Channel 1	Channel 2	Channel 3	Channel 4
5.00000E+10	9.06716E-14	-2.90222E+0	2.92314E-1	-6.53568E-1
5.02000E+10	2.27228E-14	-6.96967E+0	2.54923E-1	-3.68699E-1
5.04000E+10	1.35172E-14	-1.32707E+1	-2.69065E-2	2.15329E-1
5.06000E+10	2.44830E-13	8.38957E-1	1.10135E+0	-1.11707E-2
5.08000E+10	5.49475E-14	1.94891E+1	5.77194E+0	7.45568E+0
5.10000E+10	3.73019E-14	2.15966E+1	4.90102E-1	-1.20079E+1
5.12000E+10	2.75854E-13	1.26548E+0	-1.05858E+0	4.66564E-1
5.14000E+10	7.15154E-14	1.08860E+1	2.90295E+0	-1.95858E+0
5.16000E+10	7.14301E-14	1.36116E+1	-3.01671E+0	3.72414E+0
5.18000E+10	2.65998E-13	1.69675E+0	1.19560E+0	2.20307E-1
5.20000E+10	1.17917E-13	-4.05924E+0	-5.09186E-2	-6.24596E-1
5.22000E+10	2.71266E-13	-6.21206E-1	6.77394E-1	6.38638E-1
5.24000E+10	6.47921E-14	-9.31624E-1	4.59716E-1	-7.71748E-1
5.26000E+10	7.93496E-14	1.00118E-1	9.94694E-1	1.84130E-1
5.28000E+10	6.27619E-14	-7.38660E+0	4.12315E-1	1.11931E-1
5.30000E+10	7.78994E-15	-1.34664E+1	2.11341E-1	-1.87052E-2
5.32000E+10	1.05776E-13	3.45035E+0	-1.21578E+0	8.57412E-1
5.34000E+10	8.67928E-14	-3.72959E+0	-3.21096E-1	-5.66198E-1
5.36000E+10	6.56543E-15	-1.58827E+1	7.61319E-2	1.41458E-1
5.38000E+10	1.21492E-13	-2.98654E+0	7.01876E-1	1.00569E-1
5.40000E+10	2.37374E-14	-4.26241E+0	-4.35249E-1	4.30492E-1
5.42000E+10	8.30137E-15	-1.25873E+1	2.25636E-1	-6.48330E-2
5.44000E+10	2.12564E-14	-9.17169E+0	3.47638E-1	1.26785E-2
5.46000E+10	1.31760E-14	-4.85454E+0	-5.65816E-1	8.27680E-2
5.48000E+10	1.75102E-14	7.14380E+0	1.77191E+0	-1.42862E+0
5.50000E+10	1.22215E-14	-7.88903E+0	-1.40092E-2	-4.02983E-1
5.52000E+10	7.02979E-14	4.67201E+0	-1.25196E+0	-1.16827E+0
5.54000E+10	3.63575E-14	-6.68337E+0	3.78244E-1	-2.67485E-1
5.56000E+10	7.08941E-14	-5.41659E+0	-1.27324E-1	-5.20665E-1
5.58000E+10	6.50242E-14	1.40047E+0	1.13726E+0	-2.95239E-1
5.60000E+10	1.44295E-13	-5.60158E+0	4.54664E-1	2.61922E-1
5.62000E+10	5.75798E-14	-2.83622E+0	7.20442E-1	-3.75695E-2
5.64000E+10	3.36630E-13	3.99778E+0	1.21693E+0	1.01473E+0
5.66000E+10	1.89499E-13	-2.10669E+0	-1.43876E-3	-7.84630E-1
5.68000E+10	1.00381E-13	2.81361E+0	-1.32726E+0	-3.87065E-1
5.70000E+10	3.55810E-14	-8.06146E+0	2.10135E-1	3.34822E-1
5.72000E+10	2.09215E-13	-5.17767E+0	-2.77626E-1	-4.75895E-1
5.74000E+10	8.25446E-14	-4.45698E+0	2.77225E-1	-5.30558E-1
5.76000E+10	6.46231E-14	-4.74849E+0	-5.45828E-1	-1.92753E-1
5.78000E+10	2.44824E-13	7.45789E-1	1.08181E+0	-1.30497E-1
5.80000E+10	4.89960E-14	1.77209E+0	-4.88823E-1	1.12469E+0
5.82000E+10	2.30114E-13	1.18535E+0	-2.76628E-1	-1.11234E+0
5.84000E+10	5.19451E-14	4.74003E+0	2.94077E-1	1.70060E+0
5.86000E+10	6.79673E-15	-1.48162E+1	-3.59895E-2	-1.78030E-1
5.88000E+10	1.24270E-13	4.74501E+0	1.55040E-1	-1.71986E+0
5.90000E+10	5.06126E-14	-5.58932E+0	4.50763E-1	-2.70025E-1
5.92000E+10	1.52151E-13	-8.40805E-1	-9.07145E-1	-3.27592E-2
5.94000E+10	1.75910E-13	7.25570E+0	2.10555E+0	9.39396E-1
5.96000E+10	1.56618E-14	-1.41608E+1	1.16689E-1	-1.57312E-1
5.98000E+10	6.28156E-14	-7.21642E+0	-3.48419E-1	2.61593E-1
6.00000E+10	2.34540E-13	4.15935E+0	1.61239E+0	-7.71947E-2
6.02000E+10	1.85565E-14	-8.34251E+0	-3.75530E-2	-3.80867E-1
6.04000E+10	2.60248E-13	7.83652E+0	-8.98082E-1	2.29563E+0
6.06000E+10	1.16113E-13	-2.16325E+0	5.44979E-1	-5.57384E-1
6.08000E+10	1.71884E-13	7.63328E+0	-1.95052E+0	-1.41214E+0
6.10000E+10	2.63363E-14	-1.10662E+1	-2.45596E-2	2.78618E-1
6.12000E+10	1.27420E-12	7.85262E+0	-2.43956E+0	-3.84196E-1
6.14000E+10	1.15473E-13	-2.33763E+0	1.86852E-1	-7.40844E-1
6.16000E+10	2.33042E-13	9.83283E+0	2.83446E+0	1.26025E+0
6.18000E+10	8.57202E-15	-6.07283E+0	4.17980E-1	2.68894E-1
6.20000E+10	3.87015E-13	2.63078E-2	9.97673E-1	-1.03563E-1
6.22000E+10	1.20056E-13	2.65272E+0	-1.03960E+0	-8.72443E-1
6.24000E+10	1.50237E-13	-1.61066E+0	7.12131E-1	-4.27789E-1
6.26000E+10	1.06569E-14	-8.95234E+0	-2.54502E-1	-2.50021E-1
6.28000E+10	7.81876E-14	-3.99233E+0	6.31484E-1	6.20428E-3
6.30000E+10	6.94167E-16	-2.28518E+1	4.73378E-2	5.42680E-2
6.32000E+10	1.61297E-12	2.57055E+1	2.02679E+0	1.91807E+1
6.34000E+10	2.39163E-14	-2.48588E+0	3.83797E-1	-6.45656E-1
6.36000E+10	1.95988E-10	3.23839E+1	-1.28303E+1	-3.95820E+1
6.38000E+10	1.30108E-8	4.70997E+1	-2.25442E+2	-2.14046E+1
6.40000E+10	2.28608E-7	6.04761E+1	1.05432E+3	-6.52757E+1
6.42000E+10	1.77596E-7	7.06428E+1	2.41908E+3	-2.39652E+3
6.44000E+10	8.10630E-8	5.80042E+1	3.75225E+2	7.00558E+2
6.46000E+10	7.73096E-8	5.58516E+1	2.56064E+2	-5.64943E+2
6.48000E+10	3.42417E-8	5.03023E+1	6.17248E+1	3.21557E+2
6.50000E+10	1.06728E-8	6.55700E+1	8.44616E+2	1.70071E+3
6.52000E+10	4.72400E-9	4.51631E+1	1.73711E+2	-5.15548E+1
6.54000E+10	2.02607E-8	4.52416E+1	5.67148E+1	-1.73825E+2
6.56000E+10	1.82813E-7	5.42991E+1	-5.14836E+2	-6.35536E+1
6.58000E+10	1.57169E-6	7.43412E+1	3.00523E+3	4.25916E+3
6.60000E+10	2.04436E-5	9.00124E+1	2.30699E+4	2.16942E+4
6.62000E+10	3.46767E-5	9.66884E+1	-6.70825E+4	-1.28379E+4
6.64000E+10	6.77322E-6	7.56364E+1	-1.94596E+3	-5.72945E+3
6.66000E+10	3.05279E-6	7.47781E+1	5.33379E+3	1.26435E+3
6.68000E+10	1.12674E-6	6.53109E+1	4.98703E+2	1.77434E+3
6.70000E+10	9.88856E-7	6.48361E+1	-1.62847E+3	-6.27091E+2
6.72000E+10	5.21315E-6	7.84032E+1	-8.72289E+2	8.27486E+3
6.74000E+10	6.07601E-6	8.74946E+1	9.69596E+2	-2.36793E+4
6.76000E+10	2.15334E-7	6.24425E+1	-3.39684E+2	1.28044E+3
6.78000E+10	8.43798E-8	5.02253E+1	-2.58472E+2	-1.96255E+2
6.80000E+10	1.89389E-7	1.96107E+1	2.99656E+0	9.08001E+0
6.82000E+10	5.85471E-8	1.06088E+1	-2.08934E+0	-2.67196E+0
6.84000E+10	6.63878E-8	1.31080E+1	-3.94393E+0	2.21368E+0
6.86000E+10	3.48014E-7	2.12437E+1	7.39324E+0	8.85988E+0
6.88000E+10	7.37625E-6	3.91390E+1	8.76283E+1	-2.28685E+1
6.90000E+10	1.11074E-5	5.28777E+1	8.79325E+1	-4.31570E+2
6.92000E+10	3.76011E-6	7.54893E+1	5.01622E+3	-3.19863E+3
6.94000E+10	9.29469E-6	8.18646E+1	5.01726E+3	1.13336E+4
6.96000E+10	9.41034E-6	8.83153E+1	6.24197E+3	-2.52884E+4
6.98000E+10	3.33226E-6	7.94610E+1	9.01811E+3	-2.64616E+3
7.00000E+10	6.42298E-6	8.19575E+1	1.15247E+4	4.91193E+3
7.02000E+10	3.58260E-5	7.69478E+1	6.83151E+3	1.68846E+3
7.04000E+10	1.03247E-5	7.55476E+1	-6.40996E+2	-5.95495E+3
7.06000E+10	9.25061E-6	7.53290E+1	5.61914E+3	1.59265E+3
7.08000E+10	3.08475E-5	7.00505E+1	1.49292E+2	-3.17722E+3
7.10000E+10	5.36328E-6	5.54461E+1	-5.28140E+2	-2.67409E+2
7.12000E+10	7.75777E-7	4.92130E+1	-2.49951E+2	1.44740E+2
7.14000E+10	7.17215E-7	2.33438E+1	6.11460E+0	1.33632E+1
7.16000E+10	2.31788E-7	1.64921E+1	6.59815E+0	-1.02561E+0
7.18000E+10	4.97695E-7	1.39519E+1	-2.67910E+0	-4.20295E+0
7.20000E+10	4.25518E-6	2.03620E+1	-3.97090E+0	9.63973E+0
7.22000E+10	6.25428E-6	2.58646E+1	1.87762E+1	5.77457E+0
7.24000E+10	3.34332E-5	3.26967E+1	1.46802E+1	-4.05606E+1
7.26000E+10	2.64991E-4	3.66481E+1	-6.11603E+1	-2.96843E+1
7.28000E+10	9.58699E-5	3.66221E+1	-4.89185E+1	4.69167E+1
7.30000E+10	1.22706E-4	3.40578E+1	-6.33499E+0	5.00543E+1
7.32000E+10	3.86627E-4	3.42116E+1	3.31014E+1	3.92635E+1
7.34000E+10	5.39575E-5	3.10236E+1	3.38558E+1	1.09347E+1
7.36000E+10	1.28411E-4	3.21736E+1	3.83099E+1	-1.34859E+1
7.38000E+10	1.44176E-4	3.30805E+1	3.60452E+1	-2.70801E+1
7.40000E+10	5.53381E-5	3.17740E+1	2.84512E+1	-2.63637E+1
7.42000E+10	2.59098E-4	3.45572E+1	-3.77936E+1	-3.77808E+1
7.44000E+10	7.08973E-5	3.27368E+1	2.28724E+0	4.32748E+1
7.46000E+10	7.19246E-5	3.22330E+1	2.14115E+1	3.48396E+1
7.48000E+10	1.65108E-4	3.26926E+1	3.52646E+1	-2.48056E+1
7.50000E+10	2.06002E-5	3.14957E+1	-1.32491E+1	-3.51512E+1
7.52000E+10	5.06324E-5	3.12953E+1	-2.86193E+1	-2.29880E+1
7.54000E+10	2.28602E-5	2.99680E+1	-2.98742E+1	1.00100E+1
7.56000E+10	5.11582E-6	2.50341E+1	-7.19096E+0	1.63404E+1
7.58000E+10	5.37069E-5	2.98223E+1	3.85776E+0	3.07411E+1
7.60000E+10	8.77198E-6	2.88359E+1	2.53927E+1	1.09585E+1
7.62000E+10	2.75068E-5	3.18486E+1	3.71964E+1	-1.21256E+1
7.64000E+10	3.34645E-5	3.51809E+1	5.26224E+1	2.29715E+1
7.66000E+10	1.82842E-5	3.59515E+1	5.68836E+1	-2.64780E+1
7.68000E+10	7.34771E-5	3.59789E+1	2.95551E+1	-5.55723E+1
7.70000E+10	6.58865E-6	3.43672E+1	3.96092E+0	-5.21327E+1
7.72000E+10	1.50808E-5	3.46770E+1	-4.05610E+1	-3.59223E+1
7.74000E+10	2.44943E-5	3.47297E+1	-5.44677E+1	-2.17916E+0
7.76000E+10	2.41945E-5	3.55360E+1	-5.41182E+1	2.54732E+1
7.78000E+10	6.66337E-5	3.52957E+1	-3.41152E+1	4.71301E+1
7.80000E+10	1.06738E-5	3.51690E+1	-4.05216E+0	5.71953E+1
7.82000E+10	6.32963E-5	3.61958E+1	1.45396E+1	6.28750E+1
7.84000E+10	6.29332E-5	3.69272E+1	3.89066E+1	5.84366E+1
7.86000E+10	1.02422E-4	3.63899E+1	5.44438E+1	3.72949E+1
7.88000E+10	3.85949E-4	3.70216E+1	7.04926E+1	8.22679E+0
7.90000E+10	1.98970E-4	3.67989E+1	5.48283E+1	-4.21779E+1
7.92000E+10	6.35160E-4	3.61356E+1	4.45234E+1	-4.60976E+1
7.94000E+10	2.71493E-4	3.53268E+1	-9.86022E+0	-5.75519E+1
7.96000E+10	4.58791E-4	3.56927E+1	-5.80614E+1	-1.83848E+1
7.98000E+10	4.19692E-4	3.51841E+1	-5.42861E+1	1.87681E+1
8.00000E+10	6.27950E-4	3.67060E+1	-3.74928E+1	5.72551E+1
8.02000E+10	8.70574E-4	3.71348E+1	3.43465E+1	6.31682E+1
8.04000E+10	5.85991E-4	3.65741E+1	6.69198E+1	8.08924E+0
8.06000E+10	1.23075E-3	3.84658E+1	8.38061E+1	7.12823E-1
8.08000E+10	6.68172E-4	3.66554E+1	4.50772E+1	-5.09663E+1
8.10000E+10	7.82454E-4	3.62220E+1	2.12313E+0	-6.46942E+1
8.12000E+10	4.37468E-4	3.47928E+1	-1.97612E+1	-5.12290E+1
8.14000E+10	4.11176E-4	3.50343E+1	-3.64150E+1	-4.31425E+1
8.16000E+10	5.93480E-4	3.61207E+1	-6.13910E+1	-1.80109E+1
8.18000E+10	2.83530E-4	3.60938E+1	-6.10460E+1	1.84771E+1
8.20000E+10	6.58150E-4	3.73088E+1	-6.03937E+1	4.16384E+1
8.22000E+10	1.86100E-4	3.72627E+1	-4.88657E+0	7.28046E+1
8.24000E+10	7.39023E-4	3.83480E+1	3.89409E+1	7.29351E+1
8.26000E+10	3.47029E-4	3.80271E+1	6.80522E+1	4.14476E+1
8.28000E+10	6.38718E-4	3.77166E+1	7.61733E+1	-1.04192E+1
8.30000E+10	5.92565E-4	3.82996E+1	5.38672E+0	-8.20437E+1
8.32000E+10	4.79627E-4	3.81093E+1	-3.38621E+1	-7.29641E+1
8.34000E+10	7.85221E-4	3.90636E+1	-7.49213E+1	-4.94697E+1
8.36000E+10	5.05435E-4	3.75754E+1	-6.02056E+1	4.57954E+1
8.38000E+10	9.25211E-4	3.83590E+1	-5.24509E+1	6.40480E+1
8.40000E+10	5.06075E-4	3.81844E+1	1.69636E+1	7.93440E+1
8.42000E+10	9.55425E-4	3.84096E+1	6.95624E+1	4.57681E+1
8.44000E+10	4.80192E-4	3.75398E+1	7.45835E+1	-1.06080E+1
8.46000E+10	9.83153E-4	3.94941E+1	9.07084E+1	-2.59303E+1
8.48000E+10	4.39688E-4	3.86947E+1	4.38797E+1	-7.40182E+1
8.50000E+10	5.79809E-4	3.81623E+1	2.85519E+1	-7.57275E+1
8.52000E+10	4.09688E-4	3.81617E+1	1.01593E+1	-8.02851E+1
8.54000E+10	3.87372E-4	3.73678E+1	-1.70125E+1	-7.18706E+1
8.56000E+10	3.25635E-4	3.58125E+1	-2.39290E+1	-5.69232E+1
8.58000E+10	2.93493E-4	3.50196E+1	-1.56755E+1	-5.41374E+1
8.60000E+10	3.68679E-4	3.42396E+1	-2.10786E+1	-4.70112E+1
8.62000E+10	2.32792E-4	3.33475E+1	-3.62066E+1	-2.91647E+1
8.64000E+10	3.91340E-4	3.35520E+1	-4.69352E+1	-7.92148E+0
8.66000E+10	1.92454E-4	3.36011E+1	-4.68365E+1	-9.88811E+0
8.68000E+10	5.42241E-4	3.55850E+1	-2.48425E+1	5.47821E+1
8.70000E+10	2.65830E-4	3.73434E+1	-1.21988E+0	7.36396E+1
8.72000E+10	8.75767E-4	3.88250E+1	5.52956E+1	6.76168E+1
8.74000E+10	5.65841E-4	3.90875E+1	8.95213E+1	9.53304E+0
8.76000E+10	1.04339E-3	3.94289E+1	7.11229E+1	-6.09044E+1
8.78000E+10	7.63758E-4	3.90742E+1	3.84180E+1	-8.12658E+1
8.80000E+10	9.79475E-4	3.85861E+1	-1.78060E+1	-8.30912E+1
8.82000E+10	9.46227E-4	3.85036E+1	-6.15762E+1	-5.73911E+1
8.84000E+10	8.62767E-4	3.79038E+1	-6.86405E+1	-3.82070E+1
8.86000E+10	1.10145E-3	3.90284E+1	-8.93790E+1	-2.62081E+0
8.88000E+10	9.39755E-4	3.92381E+1	-7.92998E+1	4.58536E+1
8.90000E+10	8.83050E-4	3.85399E+1	-6.98929E+1	4.75367E+1
8.92000E+10	9.25806E-4	4.07297E+1	-1.53591E+1	1.07673E+2
8.94000E+10	1.21760E-3	4.06067E+1	4.62795E+0	1.07135E+2
8.96000E+10	7.75621E-4	3.99840E+1	9.92482E+0	9.93218E+1
8.98000E+10	1.24187E-3	4.13083E+1	5.68730E+1	1.01395E+2
9.00000E+10	7.78529E-4	3.94251E+1	6.90973E+1	6.31322E+1
9.02000E+10	1.25884E-3	4.03848E+1	8.89693E+1	5.48718E+1
9.04000E+10	6.96679E-4	3.86047E+1	8.18709E+1	2.34385E+1
9.06000E+10	1.20969E-3	3.91238E+1	8.02448E+1	-4.16383E+1
9.08000E+10	6.84994E-4	3.79467E+1	7.27811E+1	-3.05856E+1
9.10000E+10	1.04358E-3	3.77724E+1	4.29479E+1	-6.43653E+1
9.12000E+10	6.50101E-4	3.68840E+1	-1.49423E+1	-6.82389E+1
9.14000E+10	1.24438E-3	3.86454E+1	-3.48704E+1	-7.81316E+1
9.16000E+10	5.09788E-4	3.71873E+1	-6.90835E+1	-2.14515E+1
9.18000E+10	8.53566E-4	3.90728E+1	-8.09693E+1	3.90061E+1
9.20000E+10	5.78865E-4	4.00262E+1	-2.17320E+1	9.79195E+1
9.22000E+10	7.02892E-4	3.89019E+1	4.12102E+1	7.78951E+1
9.24000E+10	5.89893E-4	3.97794E+1	8.35672E+1	5.02131E+1
9.26000E+10	6.32429E-4	3.84016E+1	7.97638E+1	-2.36361E+1
9.28000E+10	6.06828E-4	3.88098E+1	5.70921E+1	-6.59045E+1
9.30000E+10	5.15124E-4	3.76973E+1	-1.25916E+1	-7.56720E+1
9.32000E+10	6.46081E-4	3.66965E+1	-1.29139E+1	-6.71329E+1
9.34000E+10	5.72807E-4	3.66486E+1	-4.74972E+1	-4.86450E+1
9.36000E+10	7.66807E-4	3.67003E+1	-6.54929E+1	-1.97078E+1
9.38000E+10	6.04924E-4	3.71672E+1	-7.19345E+1	-5.83055E+0
9.40000E+10	9.85781E-4	3.85182E+1	-7.63974E+1	3.56731E+1
9.42000E+10	4.15787E-4	3.72274E+1	-6.85385E+1	2.41610E+1
9.44000E+10	9.46109E-4	3.89734E+1	-8.12210E+1	3.60267E+1
9.46000E+10	4.76397E-4	4.20824E+1	-1.00179E+2	7.82099E+1
9.48000E+10	6.20762E-4	3.73720E+1	-4.89690E+1	5.53367E+1
9.50000E+10	4.76706E-4	3.91186E+1	-5.28624E+1	7.32722E+1
9.52000E+10	9.36618E-4	3.85755E+1	-2.26688E+1	8.17911E+1
9.54000E+10	5.21158E-4	3.81828E+1	-9.99629E+0	8.05045E+1
9.56000E+10	9.82290E-4	3.83125E+1	2.13407E+1	7.95296E+1
9.58000E+10	7.49565E-4	3.76251E+1	3.37953E+1	6.81589E+1
9.60000E+10	1.35998E-3	3.83249E+1	7.17294E+1	4.06776E+1
9.62000E+10	6.09254E-4	3.62560E+1	5.43104E+1	3.56817E+1
9.64000E+10	1.21881E-3	3.74793E+1	7.33118E+1	1.49012E+1
9.66000E+10	5.88893E-4	3.49506E+1	5.58970E+1	-1.43901E+0
9.68000E+10	1.16416E-3	3.72331E+1	6.77766E+1	-2.63538E+1
9.70000E+10	4.89892E-4	3.45768E+1	2.40746E+1	-4.78445E+1
9.72000E+10	9.73502E-4	3.67436E+1	2.84978E+1	-6.25497E+1
9.74000E+10	6.06069E-4	3.62967E+1	-7.09555E+0	-6.49012E+1
9.76000E+10	9.95193E-4	3.69993E+1	-4.59620E+1	-5.38378E+1
9.78000E+10	5.55414E-4	3.63783E+1	-5.65691E+1	-3.38136E+1
9.80000E+10	8.44252E-4	3.67392E+1	-6.86937E+1	-9.72723E-1
9.82000E+10	3.70896E-4	3.49804E+1	-4.96143E+1	2.62009E+1
9.84000E+10	1.09652E-3	3.77523E+1	-2.86984E+1	7.16670E+1
9.86000E+10	3.45591E-4	3.43455E+1	4.74205E+0	5.19362E+1
9.88000E+10	7.66824E-4	3.59303E+1	3.11873E+1	5.42686E+1
9.90000E+10	3.69184E-4	3.42090E+1	4.52616E+1	2.42304E+1
9.92000E+10	5.66602E-4	3.43704E+1	5.18485E+1	6.87220E+0
9.94000E+10	4.21482E-4	3.45024E+1	5.29841E+1	-3.54888E+0
9.96000E+10	1.01600E-3	3.71932E+1	6.52640E+1	-3.13117E+1
9.98000E+10	3.64645E-4	3.42829E+1	4.76674E+1	-2.02186E+1
1.00000E+11	1.27952E-3	3.86122E+1	3.64370E+1	-7.70530E+1
1.00200E+11	5.09709E-4	3.59653E+1	1.09214E+1	-6.18879E+1
1.00400E+11	1.06945E-3	3.75648E+1	-1.36882E+0	-7.55385E+1
1.00600E+11	5.79224E-4	3.65840E+1	-4.52705E+1	-5.00462E+1
1.00800E+11	7.76412E-4	3.63028E+1	-6.45330E+1	-1.02009E+1
1.01000E+11	5.49748E-4	3.61451E+1	-6.18703E+1	-1.69818E+1
1.01200E+11	1.15819E-3	3.82505E+1	-6.71730E+1	4.66053E+1
1.01400E+11	5.07035E-4	3.63734E+1	-2.72400E+1	5.99706E+1
1.01600E+11	1.24920E-3	3.89441E+1	-1.16236E+1	8.77874E+1
1.01800E+11	5.27607E-4	3.74685E+1	2.27588E+1	7.11676E+1
1.02000E+11	1.14307E-3	3.91305E+1	3.98238E+1	8.12383E+1
1.02200E+11	6.53181E-4	3.92359E+1	6.96300E+1	5.94837E+1
1.02400E+11	1.15867E-3	3.92089E+1	8.95944E+1	1.75373E+1
1.02600E+11	6.62680E-4	4.00363E+1	9.92302E+1	-1.54051E+1
1.02800E+11	1.22459E-3	4.02810E+1	8.96082E+1	-5.13683E+1
1.03000E+11	6.35899E-4	4.06829E+1	4.59171E+1	-9.79510E+1
1.03200E+11	9.83300E-4	3.98091E+1	3.59925E+0	-9.77600E+1
1.03400E+11	5.32664E-4	3.96459E+1	-3.07745E+1	-9.09393E+1
1.03600E+11	8.62367E-4	3.84257E+1	-5.81595E+1	-5.98068E+1
1.03800E+11	4.18472E-4	3.67518E+1	-6.79352E+1	-1.08740E+1
1.04000E+11	1.17508E-3	3.91442E+1	-9.05283E+1	4.00659E+0
1.04200E+11	5.22569E-4	3.72709E+1	-5.15066E+1	5.17838E+1
1.04400E+11	8.99376E-4	3.69010E+1	-1.60948E+1	6.81166E+1
1.04600E+11	5.14921E-4	3.58276E+1	-1.76175E+1	5.92937E+1
1.04800E+11	1.12656E-3	3.71491E+1	2.13331E+1	6.87884E+1
1.05000E+11	5.24276E-4	3.53783E+1	2.94941E+1	5.07954E+1
1.05200E+11	1.64931E-3	3.85174E+1	5.52345E+1	6.36944E+1
1.05400E+11	6.95796E-4	3.61506E+1	3.66029E+1	5.27421E+1
1.05600E+11	1.02398E-3	3.64283E+1	6.30390E+1	2.04895E+1
1.05800E+11	9.76936E-4	3.75738E+1	6.81910E+1	3.27066E+1
1.06000E+11	1.67726E-3	3.84995E+1	8.36067E+1	9.40691E+0
1.06200E+11	8.00294E-4	3.70454E+1	6.96200E+1	-1.47495E+1
1.06400E+11	1.93418E-3	3.95020E+1	3.18858E+1	-8.88813E+1
1.06600E+11	1.01266E-3	3.90683E+1	-2.78675E+1	-8.53970E+1
1.06800E+11	1.35475E-3	3.85892E+1	-6.00340E+1	-6.01848E+1
1.07000E+11	7.35470E-4	3.73342E+1	-6.92580E+1	-2.48212E+1
1.07200E+11	1.05890E-3	3.84408E+1	-8.25705E+1	1.28740E+1
1.07400E+11	8.01552E-4	3.86105E+1	-7.68065E+1	3.69133E+1
1.07600E+11	7.15340E-4	3.68764E+1	-3.86491E+1	5.81166E+1
1.07800E+11	3.75036E-4	3.57255E+1	-4.75176E+0	6.09478E+1
1.08000E+11	8.94421E-4	3.83802E+1	2.70418E+1	7.84573E+1
1.08200E+11	4.06521E-4	3.69939E+1	4.48011E+1	5.47517E+1
1.08400E+11	5.77352E-4	3.77734E+1	6.72786E+1	3.82419E+1
1.08600E+11	5.27709E-4	3.81372E+1	7.96037E+1	-1.32399E+1
1.08800E+11	5.59078E-4	3.78377E+1	7.27912E+1	-2.79209E+1
1.09000E+11	6.42358E-4	3.88102E+1	6.12976E+1	-6.20175E+1
1.09200E+11	6.14441E-4	3.78207E+1	2.24972E+1	-7.44865E+1
1.09400E+11	6.31015E-4	3.85617E+1	2.30075E+1	-8.15561E+1
1.09600E+11	6.22462E-4	3.92114E+1	-1.97571E+1	-8.91583E+1
1.09800E+11	2.96652E-4	3.55398E+1	-3.40262E+1	-4.92244E+1
1.10000E+11	4.78411E-4	3.80485E+1	-5.32939E+1	-5.95001E+1
1.10200E+11	6.15885E-4	3.87177E+1	-8.28466E+1	-2.40812E+1
1.10400E+11	3.00014E-4	3.61216E+1	-6.37600E+1	-5.36133E+0
1.10600E+11	6.99138E-4	3.92878E+1	-8.23630E+1	4.12768E+1
1.10800E+11	5.19058E-4	3.83139E+1	-3.71981E+1	7.34766E+1
1.11000E+11	3.32917E-4	3.52908E+1	-3.79110E+0	5.80249E+1
1.11200E+11	5.74067E-4	3.79367E+1	-6.45544E+0	7.85918E+1
1.11400E+11	6.30578E-4	3.80592E+1	4.88660E+1	6.33116E+1
1.11600E+11	3.54422E-4	3.54827E+1	4.66431E+1	3.68568E+1
1.11800E+11	8.26973E-4	3.85934E+1	8.49418E+1	4.27621E+0
1.12000E+11	3.09839E-4	3.57687E+1	5.28484E+1	-3.13318E+1
1.12200E+11	5.74466E-4	3.71449E+1	6.16559E+1	-3.71539E+1
1.12400E+11	5.87662E-4	3.78190E+1	3.12394E+1	-7.12471E+1
1.12600E+11	4.99670E-4	3.64623E+1	1.19818E+1	-6.54575E+1
1.12800E+11	6.40228E-4	3.77331E+1	-1.08318E+1	-7.62641E+1
1.13000E+11	6.95737E-4	3.78088E+1	-4.35619E+1	-6.43443E+1
1.13200E+11	5.39131E-4	3.69829E+1	-5.18031E+1	-4.80478E+1
1.13400E+11	7.13786E-4	3.75112E+1	-6.57426E+1	-3.62742E+1
1.13600E+11	6.03110E-4	3.67258E+1	-6.70216E+1	-1.46040E+1
1.13800E+11	7.96255E-4	3.80189E+1	-7.89787E+1	9.97171E+0
1.14000E+11	9.02881E-4	3.84171E+1	-7.63933E+1	3.33115E+1
1.14200E+11	8.26022E-4	3.83758E+1	-5.64121E+1	6.08075E+1
1.14400E+11	4.31726E-4	3.54776E+1	-3.89448E+0	5.92847E+1
1.14600E+11	9.50008E-4	3.89998E+1	2.60360E+1	8.52348E+1
1.14800E+11	1.11003E-3	3.94370E+1	6.22881E+1	7.00316E+1
1.15000E+11	4.39157E-4	3.54768E+1	5.71006E+1	1.63930E+1
1.15200E+11	1.18028E-3	3.94541E+1	8.19411E+1	-4.58736E+1
1.15400E+11	8.88354E-4	3.89108E+1	4.18703E+1	-7.76451E+1
1.15600E+11	6.19904E-4	3.71122E+1	-1.24427E+1	-7.06271E+1
1.15800E+11	8.97517E-4	3.91188E+1	-8.08689E+1	-4.02960E+1
1.16000E+11	9.09996E-4	3.85848E+1	-8.49096E+1	-3.05698E+0
1.16200E+11	5.61215E-4	3.68308E+1	-6.94046E+1	-1.82997E+0
1.16400E+11	5.28470E-4	3.65582E+1	-6.10851E+1	2.82083E+1
1.16600E+11	4.84155E-4	3.61707E+1	-5.76531E+1	2.85794E+1
1.16800E+11	5.17411E-4	3.67805E+1	-5.49032E+1	4.18386E+1
1.17000E+11	1.36765E-4	3.05246E+1	-4.91254E+0	3.32302E+1
1.17200E+11	3.75756E-4	3.48936E+1	-1.43886E+1	5.36535E+1
1.17400E+11	6.23649E-4	3.63511E+1	-6.05323E+0	6.54187E+1
1.17600E+11	2.78242E-4	3.34048E+1	-2.21513E+1	4.12253E+1
1.17800E+11	3.48409E-4	3.41184E+1	-1.97698E+1	4.68023E+1
1.18000E+11	4.10952E-4	3.55380E+1	-4.93488E+0	5.96238E+1
1.18200E+11	6.24523E-5	2.65806E+1	-9.96206E+0	1.88630E+1
1.18400E+11	2.97786E-9	-1.56601E+1	-7.19283E-2	1.48290E-1
1.18600E+11	1.52903E-12	-4.92824E+1	-1.05344E-3	3.26910E-3
1.18800E+11	9.93188E-14	-5.71019E+1	-1.02598E-3	9.46775E-4
1.19000E+11	1.62243E-14	-6.87548E+1	-2.13491E-4	-2.96018E-4
1.19200E+11	7.00320E-14	-6.17850E+1	6.55763E-4	-4.82649E-4
1.19400E+11	7.16479E-14	-6.29029E+1	-2.95592E-4	6.52035E-4
1.19600E+11	6.22462E-14	-6.40105E+1	5.54807E-4	2.98887E-4
1.19800E+11	1.10123E-13	-6.23055E+1	6.45681E-4	4.13759E-4
1.20000E+11	4.10527E-8	-6.02839E+0	-2.02104E-1	-4.56843E-1
1.20200E+11	2.18999E-5	2.11489E+1	6.06427E+0	-9.67001E+0
1.20400E+11	1.42244E-13	-5.98493E+1	-7.48304E-4	-6.89462E-4
1.20600E+11	7.92425E-16	-8.10885E+1	8.73745E-5	-1.21965E-5
1.20800E+11	1.33018E-13	-5.56685E+1	4.94674E-4	-1.57048E-3
1.21000E+11	1.51487E-15	-7.78937E+1	-1.25660E-4	-2.12410E-5
1.21200E+11	1.50542E-13	-5.06195E+1	1.48354E-3	-2.54357E-3
1.21400E+11	2.06754E-13	-4.67271E+1	3.19994E-3	-3.31768E-3
1.21600E+11	4.33392E-12	-4.09948E+1	-8.42912E-3	2.91168E-3
1.21800E+11	1.95313E-11	-3.60408E+1	1.19140E-2	1.03391E-2
1.22000E+11	2.28119E-7	1.68875E+1	2.39234E+0	6.56613E+0
1.22200E+11	7.66139E-5	3.47606E+1	-1.35624E+1	5.29972E+1
1.22400E+11	4.06924E-5	2.67751E+1	2.88520E-1	2.18130E+1
1.22600E+11	3.43790E-5	2.46774E+1	8.52743E+0	1.48617E+1
1.22800E+11	1.26372E-4	4.38071E+1	1.52774E+2	-2.62209E+1
1.23000E+11	1.19810E-5	2.77925E+1	-2.42037E+1	-3.96168E+0
1.23200E+11	3.21110E-14	-6.01339E+1	9.74319E-4	1.42611E-4
1.23400E+11	8.01146E-14	-6.12098E+1	-8.27150E-4	-2.69622E-4
1.23600E+11	4.59766E-14	-6.05310E+1	6.21125E-4	7.06485E-4
1.23800E+11	1.39867E-12	-4.46159E+1	-2.29153E-3	-5.41255E-3
1.24000E+11	3.02440E-11	-2.19315E+1	5.54955E-2	5.77073E-2
1.24200E+11	1.32501E-8	-8.10490E+0	-1.16440E-1	-3.75698E-1
1.24400E+11	2.57722E-8	1.92354E+0	1.17544E+0	4.19007E-1
1.24600E+11	4.99399E-15	-6.49005E+1	-4.19846E-4	3.83776E-4
1.24800E+11	8.95167E-14	-3.19130E+1	2.60963E-3	2.52373E-2
1.25000E+11	8.35878E-14	-4.69092E+1	3.27198E-3	3.10942E-3
1.25200E+11	1.79733E-14	-5.98932E+1	8.81094E-4	-4.98575E-4
1.25400E+11	1.39947E-13	-5.33798E+1	1.79105E-3	-1.17657E-3
1.25600E+11	5.12503E-15	-6.51084E+1	-2.18655E-4	-5.10511E-4
1.25800E+11	2.06973E-14	-2.88956E+1	-7.43011E-3	-3.51333E-2
1.26000E+11	1.58400E-13	-1.65124E+1	7.42830E-2	-1.29635E-1
1.26200E+11	1.02712E-13	-4.53252E+1	3.35404E-3	-4.25341E-3
1.26400E+11	5.59932E-9	-1.18400E+0	2.26087E-1	-8.42770E-1
1.26600E+11	3.82120E-13	-4.98101E+1	-1.25470E-3	2.97871E-3
1.26800E+11	3.09765E-13	-4.15374E+1	7.99809E-3	2.49374E-3
1.27000E+11	1.08955E-13	-2.19669E+1	7.94107E-2	-7.19264E-3
1.27200E+11	9.15418E-16	-6.53146E+1	4.99439E-4	2.11410E-4
1.27400E+11	2.51324E-14	-5.20417E+1	-1.68223E-3	1.84917E-3
1.27600E+11	9.74324E-14	-3.93363E+1	8.31707E-3	-6.88022E-3
1.27800E+11	1.46066E-13	-9.14038E+0	5.02435E-3	3.49089E-1
1.28000E+11	1.62267E-14	-3.45257E+1	1.77716E-2	6.07347E-3
1.28200E+11	3.36458E-14	-3.08003E+1	-4.62486E-3	-2.84662E-2
1.28400E+11	5.82919E-14	-3.12730E+1	2.41325E-2	-1.27887E-2
1.28600E+11	1.28488E-14	-2.60973E+1	-5.52840E-4	-4.95576E-2
1.28800E+11	1.04349E-13	-1.87198E+0	8.00733E-1	-9.30534E-2
1.29000E+11	1.38872E-13	-2.60295E+1	-4.54138E-2	-2.07960E-2
1.29200E+11	5.30228E-14	-2.25279E+0	5.61001E-1	5.29676E-1
1.29400E+11	1.55456E-13	-4.16222E+0	5.07533E-1	-3.54855E-1
1.29600E+11	1.29215E-14	-5.13761E-1	-4.18016E-1	8.44804E-1
1.29800E+11	2.37016E-14	-3.82297E+0	-5.66120E-1	3.06885E-1
1.30000E+11	4.22156E-14	2.57460E+1	1.41688E+1	-1.32188E+1
