Position	Channel 1	Channel 2	Channel 3	Channel 4
5.00000E+10	4.08359E-14	-6.61321E+0	4.47993E-1	1.31964E-1
5.02000E+10	2.88623E-13	9.21006E+0	5.03820E-2	2.88693E+0
5.04000E+10	6.97199E-14	-2.33858E-1	9.71547E-1	6.06028E-2
5.06000E+10	2.29482E-13	1.38373E+1	2.78172E+0	4.05677E+0
5.08000E+10	4.88256E-14	1.15930E+1	-2.02857E+0	-3.21186E+0
5.10000E+10	6.00503E-14	-6.30581E+0	-2.75868E-1	-3.97500E-1
5.12000E+10	8.38465E-14	-6.81132E+0	1.47159E-1	-4.32122E-1
5.14000E+10	6.42209E-15	-1.60962E+1	1.38430E-1	7.35231E-2
5.16000E+10	4.67059E-13	-2.54154E+0	7.46290E-1	6.29479E-3
5.18000E+10	4.39086E-15	-3.98373E+0	-8.03988E-2	6.27007E-1
5.20000E+10	1.93331E-13	9.06726E+0	2.40192E-1	2.83012E+0
5.22000E+10	1.82952E-13	4.68327E+0	1.32282E+0	1.09088E+0
5.24000E+10	1.23748E-13	4.94527E+0	1.46059E+0	9.94660E-1
5.26000E+10	2.37384E-13	4.84921E+0	1.62728E+0	-6.37437E-1
5.28000E+10	5.68478E-14	-5.36086E+0	-3.94856E-1	-3.67563E-1
5.30000E+10	5.98218E-14	-3.02363E+0	6.95010E-1	-1.24214E-1
5.32000E+10	1.05514E-13	-6.46662E+0	4.28672E-1	-2.04547E-1
5.34000E+10	7.65562E-14	-4.84809E+0	2.70785E-1	5.04143E-1
5.36000E+10	4.88628E-14	-1.04614E+1	1.63653E-1	2.51274E-1
5.38000E+10	2.65303E-14	-5.44743E+0	-2.06909E-1	-4.92401E-1
5.40000E+10	2.75164E-14	-6.00662E+0	4.87837E-1	-1.13232E-1
5.42000E+10	1.96550E-15	-1.56670E+1	1.42952E-1	8.17655E-2
5.44000E+10	7.72497E-14	-8.85120E+0	2.53788E-1	-2.56656E-1
5.46000E+10	5.88164E-14	-6.49330E-1	1.04106E-1	9.22111E-1
5.48000E+10	5.01204E-15	-1.54934E+1	1.18807E-1	1.18792E-1
5.50000E+10	2.26943E-13	6.33256E+0	1.30075E+0	1.61429E+0
5.52000E+10	4.12817E-14	-1.10886E+1	2.48920E-1	1.25970E-1
5.54000E+10	1.02427E-13	-6.98091E+0	3.68544E-1	2.54126E-1
5.56000E+10	2.35462E-14	-4.58312E+0	-2.85752E-2	-5.89297E-1
5.58000E+10	1.44897E-14	-8.73252E+0	-3.37773E-1	1.40711E-1
5.60000E+10	7.37083E-14	5.09984E+0	-1.67770E+0	-6.48960E-1
5.62000E+10	5.18144E-14	-6.64871E+0	3.59889E-1	2.94645E-1
5.64000E+10	3.92541E-14	1.06289E+1	-3.17633E+0	-1.21211E+0
5.66000E+10	1.84290E-13	4.07067E+0	1.08417E+0	-1.17374E+0
5.68000E+10	5.80672E-15	-1.77808E+1	2.53258E-2	1.26602E-1
5.70000E+10	1.82077E-13	-3.70411E+0	-3.55214E-1	5.47722E-1
5.72000E+10	1.75307E-14	-1.85456E+1	3.16466E-2	-1.13914E-1
5.74000E+10	2.68093E-14	-4.88760E+0	-2.02703E-1	5.32382E-1
5.76000E+10	1.20522E-14	-1.43430E+1	1.84826E-1	-5.12511E-2
5.78000E+10	6.78845E-14	-2.30043E+0	-1.63064E-1	7.49797E-1
5.80000E+10	5.41520E-14	-5.35379E+0	1.47348E-1	5.19400E-1
5.82000E+10	1.51069E-14	-9.06536E+0	-1.89024E-1	-2.97123E-1
5.84000E+10	3.34048E-14	2.11873E+0	9.74639E-1	8.23952E-1
5.86000E+10	5.85485E-14	-4.81335E+0	-2.00187E-2	-5.74207E-1
5.88000E+10	9.62249E-14	6.96841E-1	6.19938E-1	-8.88662E-1
5.90000E+10	8.10001E-14	7.98422E-1	7.30826E-1	-8.17142E-1
5.92000E+10	1.47492E-13	-9.45703E-1	8.85931E-1	-1.39452E-1
5.94000E+10	9.11063E-14	-7.26647E-1	-1.83939E-1	9.01165E-1
5.96000E+10	3.86575E-13	5.81257E+0	1.64209E+0	-1.05663E+0
5.98000E+10	3.02707E-13	-9.86312E-2	2.98307E-2	9.88259E-1
6.00000E+10	7.30846E-14	-8.34954E+0	4.60468E-2	-3.79622E-1
6.02000E+10	8.06610E-15	-5.58728E+0	-5.09252E-1	-1.29974E-1
6.04000E+10	2.09537E-14	-7.66266E-1	-9.15521E-1	-8.46579E-3
6.06000E+10	5.48547E-14	-3.78112E+0	4.39950E-1	-4.74477E-1
6.08000E+10	5.69961E-14	-1.93992E+0	-1.47719E-2	-7.99706E-1
6.10000E+10	7.79872E-14	-6.85712E+0	3.98857E-1	2.17055E-1
6.12000E+10	2.22305E-12	1.75258E+1	7.00841E+0	-2.72971E+0
6.14000E+10	2.76995E-13	-2.81576E+0	-6.29557E-1	-3.55758E-1
6.16000E+10	5.05291E-13	3.57609E+0	-1.45955E+0	-3.84719E-1
6.18000E+10	4.33262E-13	4.39280E+0	3.79700E-1	1.61415E+0
6.20000E+10	3.49078E-13	6.69519E+0	3.28952E-1	-2.13634E+0
6.22000E+10	6.59984E-15	-1.61375E+1	-2.80320E-2	1.53460E-1
6.24000E+10	4.62405E-14	1.24396E+0	1.09657E+0	3.59437E-1
6.26000E+10	3.67440E-14	-1.12656E+1	1.58228E-1	2.22899E-1
6.28000E+10	1.36202E-14	5.72378E+0	9.96390E-1	1.65619E+0
6.30000E+10	3.88631E-14	1.71436E+1	7.17090E+0	6.18268E-1
6.32000E+10	1.26332E-12	1.52781E+1	-4.71638E+0	3.38673E+0
6.34000E+10	2.33907E-13	7.28982E+0	-2.08484E+0	1.00559E+0
6.36000E+10	1.97288E-10	3.43932E+1	1.59129E+1	-4.99668E+1
6.38000E+10	1.37994E-8	6.45227E+1	1.68273E+3	3.97400E+1
6.40000E+10	2.34762E-7	6.16780E+1	3.86150E+2	-1.15001E+3
6.42000E+10	1.81155E-7	6.88810E+1	-2.59261E+3	1.00343E+3
6.44000E+10	8.37760E-8	6.31758E+1	1.15838E+3	8.57815E+2
6.46000E+10	7.39908E-8	6.52366E+1	-4.49036E+2	1.77135E+3
6.48000E+10	3.36135E-8	4.83863E+1	2.49959E+2	8.05337E+1
6.50000E+10	1.03829E-8	4.60439E+1	-1.86125E+2	-7.46507E+1
6.52000E+10	4.33025E-9	4.33328E+1	1.14634E+2	9.16545E+1
6.54000E+10	1.99222E-8	4.70074E+1	-7.17390E+1	-2.12269E+2
6.56000E+10	1.75951E-7	5.81114E+1	-6.31254E+2	4.98864E+2
6.58000E+10	1.55813E-6	6.90854E+1	-1.78381E+3	2.21787E+3
6.60000E+10	2.09539E-5	8.02510E+1	-1.00019E+4	2.43173E+3
6.62000E+10	3.39922E-5	9.76501E+1	7.58211E+4	8.50197E+3
6.64000E+10	7.05251E-6	8.29738E+1	-1.11303E+4	-8.62800E+3
6.66000E+10	3.05942E-6	7.28800E+1	3.82455E+2	-4.38892E+3
6.68000E+10	1.12863E-6	6.96122E+1	1.33630E+3	2.71296E+3
6.70000E+10	1.01933E-6	8.02017E+1	2.89838E+3	9.81597E+3
6.72000E+10	5.13071E-6	7.08751E+1	2.49215E+3	-2.45387E+3
6.74000E+10	6.15744E-6	7.30521E+1	4.03535E+3	-1.97721E+3
6.76000E+10	2.11317E-7	6.37464E+1	-9.76016E+2	1.19029E+3
6.78000E+10	8.04956E-8	5.49671E+1	-5.48429E+2	-1.14304E+2
6.80000E+10	1.85035E-7	1.94481E+1	2.90460E+0	8.92355E+0
6.82000E+10	5.58126E-8	1.04295E+1	-2.01482E+0	-2.64197E+0
6.84000E+10	6.50154E-8	1.30737E+1	-3.87606E+0	2.29572E+0
6.86000E+10	3.59134E-7	2.13514E+1	7.31493E+0	9.11005E+0
6.88000E+10	7.24327E-6	3.93845E+1	8.98407E+1	-2.46441E+1
6.90000E+10	1.15752E-5	5.40388E+1	9.17262E+1	-4.95005E+2
6.92000E+10	3.78226E-6	7.24901E+1	-2.74904E+3	3.19143E+3
6.94000E+10	9.27065E-6	7.94364E+1	-2.29703E+3	-9.08588E+3
6.96000E+10	9.61673E-6	7.35020E+1	1.66187E+3	4.43125E+3
6.98000E+10	3.20268E-6	7.27257E+1	-2.61692E+3	3.44716E+3
7.00000E+10	6.41204E-6	7.57280E+1	1.80605E+3	-5.84222E+3
7.02000E+10	3.53219E-5	7.79161E+1	7.02437E+3	3.54215E+3
7.04000E+10	1.01252E-5	7.57919E+1	3.14892E+2	-6.15215E+3
7.06000E+10	9.37063E-6	7.13072E+1	2.89518E+3	-2.26491E+3
7.08000E+10	3.05237E-5	7.03122E+1	1.57630E+2	-3.27421E+3
7.10000E+10	5.34181E-6	5.53461E+1	-5.45798E+2	-2.11095E+2
7.12000E+10	7.92660E-7	5.06397E+1	-3.11253E+2	1.37812E+2
7.14000E+10	6.89614E-7	2.31997E+1	6.08968E+0	1.31084E+1
7.16000E+10	2.34463E-7	1.65667E+1	6.64316E+0	-1.10836E+0
7.18000E+10	5.00715E-7	1.39994E+1	-2.63959E+0	-4.26005E+0
7.20000E+10	4.20362E-6	2.03263E+1	-3.93504E+0	9.60823E+0
7.22000E+10	6.34739E-6	2.59571E+1	1.88747E+1	6.15971E+0
7.24000E+10	3.29266E-5	3.25992E+1	1.56689E+1	-3.96718E+1
7.26000E+10	2.64654E-4	3.66697E+1	-6.03302E+1	-3.17035E+1
7.28000E+10	9.68832E-5	3.66895E+1	-5.13365E+1	4.50622E+1
7.30000E+10	1.21314E-4	3.40146E+1	-8.77692E+0	4.94301E+1
7.32000E+10	3.88675E-4	3.42593E+1	3.08783E+1	4.13879E+1
7.34000E+10	5.38390E-5	3.10285E+1	3.26934E+1	1.40842E+1
7.36000E+10	1.26738E-4	3.21296E+1	3.92859E+1	-9.46104E+0
7.38000E+10	1.44348E-4	3.31308E+1	3.92247E+1	-2.27524E+1
7.40000E+10	5.47029E-5	3.17659E+1	3.11094E+1	-2.31072E+1
7.42000E+10	2.61336E-4	3.46273E+1	-2.89407E+1	-4.54382E+1
7.44000E+10	7.19708E-5	3.28200E+1	-1.20174E+1	4.20694E+1
7.46000E+10	7.05711E-5	3.21869E+1	9.26571E+0	3.96073E+1
7.48000E+10	1.66955E-4	3.27488E+1	3.33288E+1	-2.77906E+1
7.50000E+10	2.06028E-5	3.14990E+1	-1.59041E+1	-3.40479E+1
7.52000E+10	5.11607E-5	3.13143E+1	-3.06262E+1	-2.03826E+1
7.54000E+10	2.31694E-5	3.00773E+1	-2.92137E+1	1.28268E+1
7.56000E+10	5.14017E-6	2.50865E+1	-5.54220E+0	1.70843E+1
7.58000E+10	5.49933E-5	2.99553E+1	6.98136E+0	3.06759E+1
7.60000E+10	9.06930E-6	2.90062E+1	2.68808E+1	8.53751E+0
7.62000E+10	2.80660E-5	3.19664E+1	3.60997E+1	-1.64161E+1
7.64000E+10	3.36652E-5	3.51801E+1	5.28925E+1	2.23287E+1
7.66000E+10	1.83489E-5	3.59621E+1	5.65617E+1	-2.73358E+1
7.68000E+10	7.41531E-5	3.60162E+1	2.88524E+1	-5.62450E+1
7.70000E+10	6.59784E-6	3.44083E+1	2.97465E+0	-5.24466E+1
7.72000E+10	1.51245E-5	3.46578E+1	-4.06667E+1	-3.56218E+1
7.74000E+10	2.42812E-5	3.47119E+1	-5.43718E+1	-1.73907E+0
7.76000E+10	2.40478E-5	3.55636E+1	-5.37668E+1	2.66380E+1
7.78000E+10	6.60578E-5	3.53267E+1	-3.36264E+1	4.77350E+1
7.80000E+10	1.06556E-5	3.51656E+1	-3.56751E+0	5.72052E+1
7.82000E+10	6.30490E-5	3.62223E+1	1.46434E+1	6.30534E+1
7.84000E+10	6.23514E-5	3.69111E+1	3.95533E+1	5.78438E+1
7.86000E+10	1.02173E-4	3.64173E+1	5.50499E+1	3.67707E+1
7.88000E+10	3.84184E-4	3.70171E+1	7.05337E+1	7.52309E+0
7.90000E+10	2.00181E-4	3.68131E+1	5.44674E+1	-4.28264E+1
7.92000E+10	6.34240E-4	3.61526E+1	4.41070E+1	-4.66695E+1
7.94000E+10	2.70646E-4	3.53240E+1	-1.05147E+1	-5.74163E+1
7.96000E+10	4.58236E-4	3.57195E+1	-5.84072E+1	-1.79075E+1
7.98000E+10	4.18592E-4	3.51858E+1	-5.41898E+1	1.90774E+1
8.00000E+10	6.29277E-4	3.67187E+1	-3.69648E+1	5.77163E+1
8.02000E+10	8.72646E-4	3.71582E+1	3.50506E+1	6.30021E+1
8.04000E+10	5.81473E-4	3.65666E+1	6.69524E+1	7.29809E+0
8.06000E+10	1.23294E-3	3.84883E+1	8.40263E+1	-1.88141E-1
8.08000E+10	6.63550E-4	3.66263E+1	4.44082E+1	-5.12501E+1
8.10000E+10	7.84472E-4	3.62560E+1	1.49305E+0	-6.49655E+1
8.12000E+10	4.39161E-4	3.48200E+1	-2.02577E+1	-5.12200E+1
8.14000E+10	4.07725E-4	3.50013E+1	-3.67512E+1	-4.25741E+1
8.16000E+10	5.94363E-4	3.61287E+1	-6.15998E+1	-1.74997E+1
8.18000E+10	2.82399E-4	3.60695E+1	-6.07081E+1	1.89680E+1
8.20000E+10	6.58053E-4	3.73216E+1	-6.00954E+1	4.22562E+1
8.22000E+10	1.86668E-4	3.72925E+1	-4.57462E+0	7.30764E+1
8.24000E+10	7.39988E-4	3.83734E+1	3.91703E+1	7.30878E+1
8.26000E+10	3.46606E-4	3.80205E+1	6.81985E+1	4.10893E+1
8.28000E+10	6.38655E-4	3.77214E+1	7.62014E+1	-1.05297E+1
8.30000E+10	5.89184E-4	3.82959E+1	6.13188E+0	-8.19566E+1
8.32000E+10	4.82042E-4	3.81466E+1	-3.37220E+1	-7.34097E+1
8.34000E+10	7.79796E-4	3.90327E+1	-7.42615E+1	-4.98847E+1
8.36000E+10	5.04687E-4	3.75667E+1	-5.98321E+1	4.61583E+1
8.38000E+10	9.28499E-4	3.83744E+1	-5.11440E+1	6.52834E+1
8.40000E+10	5.04598E-4	3.81915E+1	1.88867E+1	7.89770E+1
8.42000E+10	9.60617E-4	3.84436E+1	7.02823E+1	4.52603E+1
8.44000E+10	4.80516E-4	3.75530E+1	7.43930E+1	-1.25731E+1
8.46000E+10	9.81812E-4	3.95106E+1	9.03667E+1	-2.77144E+1
8.48000E+10	4.43756E-4	3.87694E+1	4.42607E+1	-7.46558E+1
8.50000E+10	5.76810E-4	3.81626E+1	2.83172E+1	-7.58185E+1
8.52000E+10	4.12320E-4	3.82004E+1	7.25059E+0	-8.09632E+1
8.54000E+10	3.86950E-4	3.74093E+1	-1.72176E+1	-7.21859E+1
8.56000E+10	3.25489E-4	3.58592E+1	-1.96364E+1	-5.88939E+1
8.58000E+10	2.96234E-4	3.50879E+1	-1.54262E+1	-5.46713E+1
8.60000E+10	3.70454E-4	3.42830E+1	-2.13057E+1	-4.71921E+1
8.62000E+10	2.32720E-4	3.33559E+1	-3.56461E+1	-2.99168E+1
8.64000E+10	3.95769E-4	3.36130E+1	-4.63484E+1	-1.22306E+1
8.66000E+10	1.92793E-4	3.36091E+1	-4.58755E+1	-1.38251E+1
8.68000E+10	5.43279E-4	3.56071E+1	-2.90936E+1	5.28228E+1
8.70000E+10	2.66403E-4	3.73547E+1	-7.35258E+0	7.33781E+1
8.72000E+10	8.77264E-4	3.88466E+1	4.93685E+1	7.23218E+1
8.74000E+10	5.71896E-4	3.91264E+1	8.87827E+1	1.71906E+1
8.76000E+10	1.04135E-3	3.94201E+1	7.58460E+1	-5.47481E+1
8.78000E+10	7.72809E-4	3.91059E+1	4.52378E+1	-7.80575E+1
8.80000E+10	9.86637E-4	3.86259E+1	-1.01550E+1	-8.47614E+1
8.82000E+10	9.44904E-4	3.84687E+1	-5.66230E+1	-6.18259E+1
8.84000E+10	8.66246E-4	3.79479E+1	-6.59422E+1	-4.34284E+1
8.86000E+10	1.10075E-3	3.90543E+1	-8.93019E+1	-8.26444E+0
8.88000E+10	9.36243E-4	3.92576E+1	-8.21324E+1	4.10244E+1
8.90000E+10	8.86373E-4	3.85829E+1	-7.33154E+1	4.29037E+1
8.92000E+10	9.13339E-4	4.06957E+1	-2.08659E+1	1.06310E+2
8.94000E+10	1.20326E-3	4.05512E+1	-1.22225E+0	1.06544E+2
8.96000E+10	7.64359E-4	3.99388E+1	3.79830E+0	9.92250E+1
8.98000E+10	1.22779E-3	4.12973E+1	5.10445E+1	1.04287E+2
9.00000E+10	7.71276E-4	3.93930E+1	6.48038E+1	6.70526E+1
9.02000E+10	1.24317E-3	4.03536E+1	8.54435E+1	5.95616E+1
9.04000E+10	6.95743E-4	3.86270E+1	8.06538E+1	2.80102E+1
9.06000E+10	1.20568E-3	3.91514E+1	8.24475E+1	-3.77831E+1
9.08000E+10	6.79262E-4	3.79382E+1	7.39198E+1	-2.74995E+1
9.10000E+10	1.04847E-3	3.77986E+1	4.59788E+1	-6.25269E+1
9.12000E+10	6.49863E-4	3.68996E+1	-1.17827E+1	-6.89822E+1
9.14000E+10	1.24851E-3	3.86768E+1	-3.21742E+1	-7.96143E+1
9.16000E+10	5.11966E-4	3.71951E+1	-6.86708E+1	-2.29461E+1
9.18000E+10	8.54768E-4	3.90764E+1	-8.20712E+1	3.67216E+1
9.20000E+10	5.82726E-4	4.00663E+1	-2.47108E+1	9.76896E+1
9.22000E+10	7.08840E-4	3.89409E+1	3.94808E+1	7.92287E+1
9.24000E+10	5.98287E-4	3.98306E+1	8.29931E+1	5.22460E+1
9.26000E+10	6.37103E-4	3.84232E+1	8.02564E+1	-2.26782E+1
9.28000E+10	6.11413E-4	3.88817E+1	5.80989E+1	-6.59881E+1
9.30000E+10	5.18134E-4	3.77391E+1	-1.53470E+1	-7.55392E+1
9.32000E+10	6.47417E-4	3.67170E+1	-1.33148E+1	-6.72194E+1
9.34000E+10	5.73241E-4	3.66753E+1	-4.76124E+1	-4.88251E+1
9.36000E+10	7.68476E-4	3.67256E+1	-6.53979E+1	-2.06903E+1
9.38000E+10	6.05779E-4	3.72113E+1	-7.17985E+1	-1.03331E+1
9.40000E+10	9.88093E-4	3.85550E+1	-7.90742E+1	3.02822E+1
9.42000E+10	4.16457E-4	3.72704E+1	-7.10326E+1	1.69756E+1
9.44000E+10	9.50093E-4	3.89929E+1	-8.47896E+1	2.72219E+1
9.46000E+10	4.78318E-4	4.21727E+1	-1.09538E+2	6.70338E+1
9.48000E+10	6.22886E-4	3.73886E+1	-5.47871E+1	4.97936E+1
9.50000E+10	4.77478E-4	3.91886E+1	-5.93602E+1	6.90811E+1
9.52000E+10	9.40127E-4	3.86236E+1	-2.94215E+1	8.01138E+1
9.54000E+10	5.22075E-4	3.82116E+1	-1.01596E+1	8.07548E+1
9.56000E+10	9.84929E-4	3.83379E+1	2.17862E+1	7.96588E+1
9.58000E+10	7.51760E-4	3.76761E+1	3.42621E+1	6.84267E+1
9.60000E+10	1.36544E-3	3.83587E+1	6.84627E+1	4.65373E+1
9.62000E+10	6.12866E-4	3.62873E+1	5.02948E+1	4.15178E+1
9.64000E+10	1.22568E-3	3.75131E+1	7.25654E+1	1.93549E+1
9.66000E+10	5.94519E-4	3.50020E+1	5.61947E+1	2.43235E+0
9.68000E+10	1.16279E-3	3.72474E+1	7.02047E+1	-1.94169E+1
9.70000E+10	4.88304E-4	3.45702E+1	2.94975E+1	-4.46566E+1
9.72000E+10	9.80402E-4	3.67745E+1	3.55461E+1	-5.91166E+1
9.74000E+10	6.04788E-4	3.62996E+1	-1.35558E+0	-6.52962E+1
9.76000E+10	1.00112E-3	3.70285E+1	-4.08954E+1	-5.80729E+1
9.78000E+10	5.57954E-4	3.64085E+1	-5.20350E+1	-4.08176E+1
9.80000E+10	8.45702E-4	3.67459E+1	-6.79897E+1	-1.02210E+1
9.82000E+10	3.73225E-4	3.50418E+1	-5.29834E+1	1.96366E+1
9.84000E+10	1.09495E-3	3.77453E+1	-3.58685E+1	6.82904E+1
9.86000E+10	3.46206E-4	3.43733E+1	-1.60236E+0	5.22951E+1
9.88000E+10	7.75091E-4	3.59619E+1	2.38944E+1	5.80982E+1
9.90000E+10	3.69657E-4	3.42232E+1	4.31098E+1	2.80337E+1
9.92000E+10	5.67664E-4	3.44093E+1	5.16241E+1	9.75207E+0
9.94000E+10	4.15059E-4	3.44488E+1	5.27486E+1	-1.71723E+0
9.96000E+10	1.01508E-3	3.71926E+1	6.65419E+1	-2.84828E+1
9.98000E+10	3.65951E-4	3.43065E+1	4.86854E+1	-1.80356E+1
1.00000E+11	1.27265E-3	3.85873E+1	3.94239E+1	-7.52922E+1
1.00200E+11	5.11271E-4	3.60090E+1	1.08251E+1	-6.22269E+1
1.00400E+11	1.06584E-3	3.75430E+1	-2.89569E+0	-7.53060E+1
1.00600E+11	5.80117E-4	3.65966E+1	-4.67165E+1	-4.88354E+1
1.00800E+11	7.93821E-4	3.64187E+1	-6.54865E+1	-9.77074E+0
1.01000E+11	5.46554E-4	3.61281E+1	-6.16105E+1	-1.74460E+1
1.01200E+11	1.17769E-3	3.83307E+1	-6.84971E+1	4.60108E+1
1.01400E+11	5.17123E-4	3.64674E+1	-2.87789E+1	6.00433E+1
1.01600E+11	1.24516E-3	3.89298E+1	-1.19498E+1	8.75960E+1
1.01800E+11	5.33109E-4	3.75233E+1	2.24968E+1	7.17461E+1
1.02000E+11	1.14460E-3	3.91413E+1	3.89952E+1	8.17642E+1
1.02200E+11	6.56440E-4	3.92467E+1	6.94641E+1	5.98516E+1
1.02400E+11	1.17091E-3	3.92556E+1	9.00185E+1	1.79295E+1
1.02600E+11	6.57347E-4	3.99917E+1	9.88644E+1	-1.43791E+1
1.02800E+11	1.23722E-3	4.03366E+1	9.02422E+1	-5.15960E+1
1.03000E+11	6.35664E-4	4.07095E+1	4.68991E+1	-9.78535E+1
1.03200E+11	9.68977E-4	3.97250E+1	3.89779E+0	-9.68056E+1
1.03400E+11	5.35233E-4	3.96791E+1	-3.00802E+1	-9.15577E+1
1.03600E+11	8.59407E-4	3.83987E+1	-5.70098E+1	-6.05482E+1
1.03800E+11	4.16959E-4	3.67390E+1	-6.77743E+1	-1.12338E+1
1.04000E+11	1.17825E-3	3.91695E+1	-9.07447E+1	4.98029E+0
1.04200E+11	5.17584E-4	3.72132E+1	-5.13102E+1	5.12962E+1
1.04400E+11	9.13567E-4	3.69662E+1	-1.62906E+1	6.86121E+1
1.04600E+11	5.22539E-4	3.59160E+1	-1.81981E+1	5.97802E+1
1.04800E+11	1.12507E-3	3.71576E+1	2.20169E+1	6.86462E+1
1.05000E+11	5.34122E-4	3.54418E+1	2.97744E+1	5.11314E+1
1.05200E+11	1.64568E-3	3.85093E+1	5.50969E+1	6.37099E+1
1.05400E+11	6.97779E-4	3.61774E+1	3.69805E+1	5.27212E+1
1.05600E+11	1.03275E-3	3.64751E+1	6.33787E+1	2.06026E+1
1.05800E+11	9.62067E-4	3.75109E+1	6.77132E+1	3.24417E+1
1.06000E+11	1.68897E-3	3.85323E+1	8.38677E+1	9.92448E+0
1.06200E+11	7.98909E-4	3.70359E+1	6.96710E+1	-1.41213E+1
1.06400E+11	1.90510E-3	3.94385E+1	3.10448E+1	-8.84499E+1
1.06600E+11	1.01543E-3	3.90792E+1	-2.80221E+1	-8.54643E+1
1.06800E+11	1.32982E-3	3.85194E+1	-5.97214E+1	-5.95359E+1
1.07000E+11	7.27451E-4	3.72864E+1	-6.89739E+1	-2.44144E+1
1.07200E+11	1.04603E-3	3.83769E+1	-8.20297E+1	1.23603E+1
1.07400E+11	7.81935E-4	3.85024E+1	-7.58845E+1	3.64002E+1
1.07600E+11	7.09495E-4	3.68469E+1	-3.87353E+1	5.77740E+1
1.07800E+11	3.71538E-4	3.57014E+1	-4.06667E+0	6.08278E+1
1.08000E+11	9.06091E-4	3.84422E+1	3.25284E+1	7.69916E+1
1.08200E+11	4.10117E-4	3.69966E+1	4.71214E+1	5.27967E+1
1.08400E+11	5.78854E-4	3.77857E+1	6.83242E+1	3.65737E+1
1.08600E+11	5.34581E-4	3.82090E+1	7.99641E+1	-1.50446E+1
1.08800E+11	5.62087E-4	3.78723E+1	7.29255E+1	-2.84361E+1
1.09000E+11	6.45684E-4	3.88376E+1	6.07119E+1	-6.29750E+1
1.09200E+11	6.22972E-4	3.78759E+1	2.21443E+1	-7.51095E+1
1.09400E+11	6.32047E-4	3.85656E+1	2.48514E+1	-8.10536E+1
1.09600E+11	6.28417E-4	3.92431E+1	-2.03416E+1	-8.93695E+1
1.09800E+11	2.99508E-4	3.55859E+1	-3.40606E+1	-4.95871E+1
1.10000E+11	4.77861E-4	3.80342E+1	-5.29781E+1	-5.96053E+1
1.10200E+11	6.25292E-4	3.87693E+1	-8.16845E+1	-2.93254E+1
1.10400E+11	3.01266E-4	3.61236E+1	-6.32327E+1	-9.87845E+0
1.10600E+11	6.98855E-4	3.92534E+1	-8.39996E+1	3.69403E+1
1.10800E+11	5.22959E-4	3.83294E+1	-4.10168E+1	7.15849E+1
1.11000E+11	3.28658E-4	3.52268E+1	-6.69444E+0	5.73322E+1
1.11200E+11	5.78605E-4	3.79871E+1	-8.51381E+0	7.88563E+1
1.11400E+11	6.29768E-4	3.80469E+1	4.84607E+1	6.34795E+1
1.11600E+11	3.51193E-4	3.54644E+1	4.65364E+1	3.67904E+1
1.11800E+11	8.32279E-4	3.86375E+1	8.53550E+1	4.66031E+0
1.12000E+11	3.08263E-4	3.56997E+1	5.25194E+1	-3.09327E+1
1.12200E+11	5.70934E-4	3.71197E+1	6.14722E+1	-3.70554E+1
1.12400E+11	5.86457E-4	3.78195E+1	3.18205E+1	-7.09943E+1
1.12600E+11	4.95570E-4	3.64401E+1	1.21843E+1	-6.52475E+1
1.12800E+11	6.37309E-4	3.77499E+1	-1.07152E+1	-7.64308E+1
1.13000E+11	6.90775E-4	3.77907E+1	-4.08160E+1	-6.59303E+1
1.13200E+11	5.34061E-4	3.69694E+1	-4.88615E+1	-5.08851E+1
1.13400E+11	7.16858E-4	3.75248E+1	-6.34416E+1	-4.03833E+1
1.13600E+11	5.98755E-4	3.67027E+1	-6.64576E+1	-1.62366E+1
1.13800E+11	7.98188E-4	3.80319E+1	-7.90954E+1	1.00001E+1
1.14000E+11	9.02951E-4	3.84272E+1	-7.67725E+1	3.26777E+1
1.14200E+11	8.21044E-4	3.83576E+1	-5.63394E+1	6.06386E+1
1.14400E+11	4.34064E-4	3.55013E+1	-4.04962E+0	5.94373E+1
1.14600E+11	9.43115E-4	3.89737E+1	2.52901E+1	8.51805E+1
1.14800E+11	1.11324E-3	3.94625E+1	6.20131E+1	7.06415E+1
1.15000E+11	4.39343E-4	3.55007E+1	5.69165E+1	1.75855E+1
1.15200E+11	1.17656E-3	3.94416E+1	8.36919E+1	-4.22990E+1
1.15400E+11	8.98200E-4	3.89774E+1	4.62055E+1	-7.59409E+1
1.15600E+11	6.08087E-4	3.70436E+1	-5.61172E+0	-7.09292E+1
1.15800E+11	8.97880E-4	3.91333E+1	-8.19306E+1	-3.84468E+1
1.16000E+11	9.26425E-4	3.86661E+1	-8.57496E+1	-1.57402E+0
1.16200E+11	5.45763E-4	3.67182E+1	-6.80107E+1	-8.45778E+0
1.16400E+11	5.32049E-4	3.65911E+1	-6.28213E+1	2.47999E+1
1.16600E+11	4.85526E-4	3.61972E+1	-5.91411E+1	2.58520E+1
1.16800E+11	5.15051E-4	3.67590E+1	-5.57310E+1	4.04402E+1
1.17000E+11	1.41190E-4	3.06665E+1	-6.51777E+0	3.35168E+1
1.17200E+11	3.74488E-4	3.48928E+1	-1.85630E+1	5.23505E+1
1.17400E+11	6.25687E-4	3.63766E+1	-6.49269E+0	6.55706E+1
1.17600E+11	2.81799E-4	3.34503E+1	-2.28229E+1	4.11383E+1
1.17800E+11	3.44639E-4	3.40654E+1	-2.35896E+1	4.46488E+1
1.18000E+11	4.12104E-4	3.55569E+1	-9.54322E+0	5.91935E+1
1.18200E+11	6.13936E-5	2.65501E+1	-1.14151E+1	1.79321E+1
1.18400E+11	2.87973E-9	-1.57907E+1	-8.26541E-2	1.39741E-1
1.18600E+11	2.19956E-12	-4.76926E+1	-1.89014E-3	3.66590E-3
1.18800E+11	3.98503E-14	-6.10879E+1	-8.81392E-4	-3.94077E-5
1.19000E+11	1.60317E-13	-5.87785E+1	5.96996E-4	9.84072E-4
1.19200E+11	5.21661E-14	-6.30561E+1	-6.58688E-4	-2.46754E-4
1.19400E+11	2.69546E-13	-5.71471E+1	1.33756E-3	3.73815E-4
1.19600E+11	3.41444E-13	-5.66098E+1	1.39092E-3	4.98169E-4
1.19800E+11	8.72105E-14	-6.33198E+1	-6.72334E-4	-1.16530E-4
1.20000E+11	3.94760E-8	-6.19881E+0	-1.73982E-1	-4.57908E-1
1.20200E+11	2.29941E-5	2.13720E+1	6.54788E+0	-9.70958E+0
1.20400E+11	4.41152E-14	-6.49344E+1	5.49434E-4	-1.38420E-4
1.20600E+11	3.04807E-14	-6.52263E+1	-5.46817E-4	-3.40654E-5
1.20800E+11	7.19218E-14	-5.82770E+1	-6.13961E-4	1.05358E-3
1.21000E+11	1.48058E-14	-6.79655E+1	-1.51172E-4	-3.70001E-4
1.21200E+11	9.33088E-14	-5.26978E+1	-1.93301E-3	1.27926E-3
1.21400E+11	2.65888E-14	-5.55780E+1	6.64655E-5	-1.66246E-3
1.21600E+11	4.82601E-12	-4.04780E+1	-8.33543E-3	4.48308E-3
1.21800E+11	2.24833E-11	-3.54081E+1	1.19534E-2	1.20408E-2
1.22000E+11	2.93252E-7	1.80173E+1	2.40639E+0	7.58661E+0
1.22200E+11	8.71570E-5	3.53589E+1	-1.64456E+1	5.62518E+1
1.22400E+11	4.21216E-5	2.69187E+1	-1.02165E+0	2.21551E+1
1.22600E+11	3.34188E-5	2.45755E+1	7.93425E+0	1.49608E+1
1.22800E+11	1.27223E-4	4.38154E+1	1.53865E+2	-1.99759E+1
1.23000E+11	1.18551E-5	2.78146E+1	-2.41694E+1	-4.51912E+0
1.23200E+11	9.40783E-14	-5.54038E+1	-1.69362E-3	-1.14578E-4
1.23400E+11	1.47347E-14	-6.85468E+1	-8.03769E-5	-3.65074E-4
1.23600E+11	9.14337E-15	-6.75390E+1	-3.01736E-4	2.91880E-4
1.23800E+11	1.78177E-12	-4.35305E+1	-6.68173E-4	-6.62644E-3
1.24000E+11	3.10187E-11	-2.16978E+1	6.20154E-2	5.40211E-2
1.24200E+11	1.67863E-8	-7.04379E+0	-1.23014E-1	-4.27074E-1
1.24400E+11	2.36230E-8	1.59134E+0	1.12603E+0	4.17858E-1
1.24600E+11	1.03473E-13	-5.16339E+1	-2.22938E-4	2.61051E-3
1.24800E+11	7.74924E-15	-4.24160E+1	-2.20197E-4	7.56864E-3
1.25000E+11	2.15145E-15	-6.27835E+1	-3.51392E-4	6.35077E-4
1.25200E+11	6.28759E-14	-5.44485E+1	3.86383E-4	1.85503E-3
1.25400E+11	1.41226E-13	-5.33070E+1	1.54947E-3	1.50632E-3
1.25600E+11	3.24840E-16	-7.70938E+1	1.11909E-4	8.36830E-5
1.25800E+11	9.98568E-15	-3.15075E+1	2.37964E-2	-1.18513E-2
1.26000E+11	9.69671E-15	-3.02605E+1	-2.51108E-3	-3.05854E-2
1.26200E+11	8.69818E-15	-5.60633E+1	1.03199E-4	-1.57000E-3
1.26400E+11	7.19477E-9	1.79015E-2	2.47309E-1	-9.71066E-1
1.26600E+11	1.96829E-14	-6.26777E+1	-5.54463E-4	4.82039E-4
1.26800E+11	3.06093E-13	-4.15699E+1	7.49795E-3	-3.66672E-3
1.27000E+11	1.33871E-13	-2.01025E+1	6.66275E-2	7.29892E-2
1.27200E+11	1.10643E-13	-4.43661E+1	1.67371E-3	-5.81302E-3
1.27400E+11	4.45395E-14	-4.94976E+1	-1.71018E-3	2.88126E-3
1.27600E+11	1.62732E-14	-4.68263E+1	4.28163E-3	1.56029E-3
1.27800E+11	3.26875E-14	-1.48031E+1	-3.44899E-2	1.78606E-1
1.28000E+11	9.67663E-15	-3.59788E+1	1.35624E-2	8.27531E-3
1.28200E+11	1.10686E-14	-3.56409E+1	1.63006E-2	2.67009E-3
1.28400E+11	2.06157E-13	-2.50057E+1	-5.61906E-2	8.70475E-4
1.28600E+11	5.15718E-14	-1.92704E+1	-9.61724E-2	5.07951E-2
1.28800E+11	9.79969E-14	1.50510E-1	-9.78790E-1	2.77908E-1
1.29000E+11	3.70925E-13	-2.20951E+1	-7.84211E-2	4.79464E-3
1.29200E+11	1.44017E-13	1.05314E+0	7.12288E-1	8.75826E-1
1.29400E+11	2.17700E-13	-2.30815E+0	2.47415E-1	7.25621E-1
1.29600E+11	2.75420E-14	-3.71187E+0	-3.58297E-1	-5.45013E-1
1.29800E+11	2.64768E-14	5.23410E+0	1.31022E+0	-1.27308E+0
1.30000E+11	1.12867E-18	-3.77926E+1	-9.39269E-3	-8.83276E-3
