Position	Channel 1	Channel 2	Channel 3	Channel 4
5.00000E+10	5.64471E-14	-1.71779E-1	-8.56238E-1	4.77573E-1
5.02000E+10	1.52456E-14	-6.28501E+0	-2.28545E-1	4.27786E-1
5.04000E+10	8.42239E-15	2.29120E+0	-1.29106E+0	-1.67222E-1
5.06000E+10	2.03144E-13	-1.64014E+0	7.80131E-1	-2.77240E-1
5.08000E+10	7.91690E-14	-9.06120E-1	8.43078E-1	-3.17656E-1
5.10000E+10	9.60797E-14	-7.49916E+0	-4.10181E-1	-9.80504E-2
5.12000E+10	1.35061E-13	6.64586E+0	1.91670E-2	-2.14919E+0
5.14000E+10	3.08630E-14	-1.13583E+1	3.87078E-2	2.67663E-1
5.16000E+10	3.46687E-16	-2.66746E+1	-1.43593E-2	4.40943E-2
5.18000E+10	3.31194E-13	1.59573E+0	-1.84978E-1	-1.18735E+0
5.20000E+10	1.66869E-13	8.99996E+0	2.74577E+0	-6.35564E-1
5.22000E+10	2.74445E-13	-1.95089E+0	5.14308E-1	6.11245E-1
5.24000E+10	3.04095E-14	-1.61092E+0	7.36238E-1	3.84771E-1
5.26000E+10	6.60521E-14	-5.15730E+0	2.28944E-1	-5.02557E-1
5.28000E+10	4.46632E-15	-1.78331E+1	7.61594E-2	-1.03294E-1
5.30000E+10	1.34662E-13	4.35117E+0	-1.64472E+0	1.35366E-1
5.32000E+10	4.39650E-15	-1.60653E+1	1.04259E-1	-1.17788E-1
5.34000E+10	1.96853E-14	-7.23676E+0	-3.04442E-1	3.10250E-1
5.36000E+10	1.25468E-14	-7.63968E+0	2.67127E-1	3.17558E-1
5.38000E+10	4.62610E-14	-3.49609E+0	5.39588E-1	3.94882E-1
5.40000E+10	1.28677E-14	-1.26654E+1	1.01751E-1	2.09235E-1
5.42000E+10	1.88849E-13	2.78782E+0	-2.60201E-1	1.35367E+0
5.44000E+10	9.98353E-14	-3.60488E+0	6.27328E-1	-2.06122E-1
5.46000E+10	1.15698E-14	1.02825E+1	3.84300E-1	3.24415E+0
5.48000E+10	6.04390E-14	-3.05501E+0	7.01853E-1	-4.77550E-2
5.50000E+10	3.90000E-14	-9.73225E-1	-8.89257E-1	9.19960E-2
5.52000E+10	9.78436E-14	-5.36711E-1	9.23118E-1	-1.77769E-1
5.54000E+10	1.67060E-13	-5.94131E+0	4.88889E-1	1.24876E-1
5.56000E+10	1.44933E-13	6.21514E+0	-1.95297E-1	-2.03595E+0
5.58000E+10	2.64217E-13	-3.74848E+0	6.36711E-1	1.28229E-1
5.60000E+10	3.46246E-14	7.96864E+0	2.43354E+0	-5.84845E-1
5.62000E+10	2.45503E-14	1.10046E+1	-3.07307E+0	-1.77734E+0
5.64000E+10	4.95700E-13	8.55122E+0	-2.19549E+0	1.53078E+0
5.66000E+10	3.92930E-13	3.24032E+0	1.29750E+0	6.52136E-1
5.68000E+10	4.78777E-14	-7.50684E+0	3.32770E-1	-2.58481E-1
5.70000E+10	1.76016E-13	1.04897E+1	-3.29874E+0	5.58546E-1
5.72000E+10	1.14877E-13	-3.74457E+0	6.45232E-1	7.68085E-2
5.74000E+10	9.18788E-14	-2.98047E+0	-6.36823E-1	-3.12894E-1
5.76000E+10	8.93165E-14	-1.34279E+0	1.58172E-1	8.42036E-1
5.78000E+10	1.51249E-14	-3.98028E+0	-1.08403E-1	6.23031E-1
5.80000E+10	3.28543E-14	-1.05489E+1	2.89810E-1	-6.43270E-2
5.82000E+10	1.49986E-14	-5.26266E+0	-2.94717E-2	-5.44794E-1
5.84000E+10	8.87465E-15	-1.27809E+1	2.29591E-1	3.03908E-4
5.86000E+10	1.15706E-13	-5.73977E-1	-9.35483E-1	3.27106E-2
5.88000E+10	3.07923E-14	-1.28224E+1	-7.02201E-2	2.17438E-1
5.90000E+10	6.14736E-14	1.05175E+1	1.24968E+0	-3.11511E+0
5.92000E+10	1.57643E-13	1.71369E+1	5.29054E+0	4.87169E+0
5.94000E+10	1.80089E-13	1.01995E+0	6.77814E-1	-8.97379E-1
5.96000E+10	3.74376E-13	1.37060E+0	3.54333E-1	-1.11603E+0
5.98000E+10	9.39593E-13	1.58394E+1	5.85154E+0	2.03097E+0
6.00000E+10	1.13746E-13	-3.60434E+0	5.07171E-1	-4.22915E-1
6.02000E+10	3.43353E-14	-9.80102E+0	3.18300E-1	5.80789E-2
6.04000E+10	1.52448E-13	-2.08553E+0	-7.58747E-2	-7.82877E-1
6.06000E+10	1.21904E-13	7.47783E+0	2.21947E+0	8.17772E-1
6.08000E+10	1.05097E-13	2.88684E+0	8.70829E-2	1.39153E+0
6.10000E+10	1.47793E-13	5.68967E+0	-1.84352E+0	-5.54929E-1
6.12000E+10	3.74848E-13	2.46941E+0	-1.31053E+0	2.19810E-1
6.14000E+10	8.71647E-14	4.98733E+0	-2.67499E-1	-1.75542E+0
6.16000E+10	6.12171E-13	1.39399E+0	-9.73134E-1	6.56875E-1
6.18000E+10	8.79234E-14	-5.19386E+0	6.18245E-2	5.46443E-1
6.20000E+10	3.71784E-13	7.52429E+0	-1.14077E+0	-2.08653E+0
6.22000E+10	1.63335E-13	4.48758E+0	1.01184E+0	1.33661E+0
6.24000E+10	1.53926E-13	-3.52209E+0	-5.38888E-1	3.92451E-1
6.26000E+10	1.40021E-13	1.05970E+0	9.45043E-1	-6.19067E-1
6.28000E+10	2.40498E-14	-3.31431E+0	-6.43871E-1	-2.27214E-1
6.30000E+10	8.58975E-15	2.51297E+1	-1.70626E+1	-5.88945E+0
6.32000E+10	7.10738E-13	4.27935E+0	-1.47859E+0	7.01810E-1
6.34000E+10	1.32850E-13	-2.49738E+0	6.03037E-1	4.46124E-1
6.36000E+10	1.99074E-10	2.98814E+1	-6.75762E+0	-3.04531E+1
6.38000E+10	1.27821E-8	6.01697E+1	-5.56711E+2	8.54350E+2
6.40000E+10	2.41151E-7	6.76490E+1	-1.93057E+3	1.44658E+3
6.42000E+10	1.80919E-7	6.62127E+1	1.79250E+3	-9.83778E+2
6.44000E+10	8.01100E-8	6.25039E+1	-3.93546E+2	-1.27476E+3
6.46000E+10	7.44304E-8	6.34009E+1	1.26343E+3	-7.69374E+2
6.48000E+10	3.20733E-8	6.49696E+1	-1.49010E+3	9.59074E+2
6.50000E+10	1.02185E-8	5.01168E+1	9.58624E+1	3.05839E+2
6.52000E+10	4.18195E-9	4.12498E+1	-1.96836E+1	-1.13786E+2
6.54000E+10	1.94957E-8	6.38856E+1	1.54538E+3	2.41639E+2
6.56000E+10	1.81783E-7	6.41135E+1	1.59612E+2	1.59779E+3
6.58000E+10	1.53059E-6	6.69898E+1	2.23504E+3	-6.84574E+1
6.60000E+10	2.09191E-5	8.61078E+1	-1.95447E+4	5.11077E+3
6.62000E+10	3.39779E-5	9.88562E+1	8.54836E+4	-1.94201E+4
6.64000E+10	6.91167E-6	7.95292E+1	-7.25637E+3	6.08867E+3
6.66000E+10	3.13541E-6	8.00251E+1	7.33199E+3	-6.84259E+3
6.68000E+10	1.10903E-6	6.27242E+1	7.90766E+2	-1.11677E+3
6.70000E+10	1.00570E-6	7.71698E+1	-9.01670E+1	7.21867E+3
6.72000E+10	5.08181E-6	8.50225E+1	7.25932E+3	1.62841E+4
6.74000E+10	6.07410E-6	8.70757E+1	-1.41087E+4	1.76335E+4
6.76000E+10	2.07422E-7	7.94212E+1	-7.98562E+3	4.87358E+3
6.78000E+10	7.82599E-8	5.20481E+1	-1.98157E+2	-3.47832E+2
6.80000E+10	1.77715E-7	1.94942E+1	2.91144E+0	8.97381E+0
6.82000E+10	5.48736E-8	1.03948E+1	-1.97031E+0	-2.65887E+0
6.84000E+10	6.25911E-8	1.30412E+1	-3.91661E+0	2.19158E+0
6.86000E+10	3.58681E-7	2.14206E+1	7.45527E+0	9.11658E+0
6.88000E+10	7.15978E-6	3.94215E+1	9.06367E+1	-2.31922E+1
6.90000E+10	1.14234E-5	5.34545E+1	6.83484E+1	-4.65691E+2
6.92000E+10	3.87950E-6	7.47007E+1	-3.47317E+3	4.17778E+3
6.94000E+10	9.12689E-6	7.93331E+1	9.12077E+3	1.60540E+3
6.96000E+10	9.78371E-6	7.54567E+1	4.68425E+3	3.63144E+3
6.98000E+10	3.24625E-6	8.25539E+1	-1.32883E+4	1.86237E+3
7.00000E+10	6.29808E-6	8.20740E+1	1.26357E+4	-1.24546E+3
7.02000E+10	3.61326E-5	7.66462E+1	6.66624E+3	1.32611E+3
7.04000E+10	9.97963E-6	7.69150E+1	5.67234E+3	4.11974E+3
7.06000E+10	9.42870E-6	7.89869E+1	8.82531E+3	1.14308E+3
7.08000E+10	3.07996E-5	7.03704E+1	-2.14499E+2	-3.29305E+3
7.10000E+10	5.22496E-6	5.54944E+1	-5.12948E+2	-3.02057E+2
7.12000E+10	7.90624E-7	5.09236E+1	-3.06073E+2	1.73251E+2
7.14000E+10	6.92132E-7	2.33697E+1	6.11701E+0	1.34103E+1
7.16000E+10	2.26648E-7	1.64861E+1	6.58024E+0	-1.10720E+0
7.18000E+10	4.94584E-7	1.39318E+1	-2.61833E+0	-4.22753E+0
7.20000E+10	4.08006E-6	2.01890E+1	-4.02158E+0	9.39542E+0
7.22000E+10	6.14899E-6	2.58081E+1	1.84893E+1	6.24836E+0
7.24000E+10	3.27677E-5	3.25904E+1	1.72594E+1	-3.89591E+1
7.26000E+10	2.64077E-4	3.66328E+1	-5.86150E+1	-3.42024E+1
7.28000E+10	9.77674E-5	3.67649E+1	-5.34440E+1	4.34912E+1
7.30000E+10	1.21396E-4	3.40475E+1	-1.10840E+1	4.91593E+1
7.32000E+10	3.87485E-4	3.42610E+1	2.82962E+1	4.32061E+1
7.34000E+10	5.50001E-5	3.11405E+1	3.17524E+1	1.70913E+1
7.36000E+10	1.26161E-4	3.21300E+1	4.01472E+1	-4.60901E+0
7.38000E+10	1.46329E-4	3.32198E+1	4.20040E+1	-1.82893E+1
7.40000E+10	5.50884E-5	3.18075E+1	3.37363E+1	-1.94428E+1
7.42000E+10	2.58992E-4	3.46114E+1	-1.77892E+1	-5.07457E+1
7.44000E+10	7.32683E-5	3.28953E+1	-2.69426E+1	3.49550E+1
7.46000E+10	7.01218E-5	3.21891E+1	-6.70242E+0	4.01311E+1
7.48000E+10	1.66974E-4	3.27632E+1	3.96279E+1	-1.78608E+1
7.50000E+10	2.07521E-5	3.15295E+1	-1.92778E+1	-3.24121E+1
7.52000E+10	5.17167E-5	3.14003E+1	-3.29733E+1	-1.71240E+1
7.54000E+10	2.34379E-5	3.01399E+1	-2.77515E+1	1.62046E+1
7.56000E+10	5.25996E-6	2.51806E+1	-3.63641E+0	1.77884E+1
7.58000E+10	5.48474E-5	2.99317E+1	1.05589E+1	2.95449E+1
7.60000E+10	9.38959E-6	2.91976E+1	2.83601E+1	5.19769E+0
7.62000E+10	2.84332E-5	3.20615E+1	3.41466E+1	-2.10118E+1
7.64000E+10	3.31697E-5	3.51893E+1	5.31789E+1	2.17981E+1
7.66000E+10	1.82845E-5	3.60110E+1	5.67020E+1	-2.78580E+1
7.68000E+10	7.40171E-5	3.60340E+1	2.89369E+1	-5.63474E+1
7.70000E+10	6.61293E-6	3.42835E+1	3.35455E+0	-5.16727E+1
7.72000E+10	1.51219E-5	3.47436E+1	-4.07073E+1	-3.63858E+1
7.74000E+10	2.43371E-5	3.48224E+1	-5.50675E+1	-1.77899E+0
7.76000E+10	2.42388E-5	3.55622E+1	-5.41540E+1	2.58201E+1
7.78000E+10	6.64841E-5	3.53211E+1	-3.35860E+1	4.77170E+1
7.80000E+10	1.06610E-5	3.52854E+1	-3.69652E+0	5.79951E+1
7.82000E+10	6.28576E-5	3.62128E+1	1.51010E+1	6.28726E+1
7.84000E+10	6.19750E-5	3.69185E+1	3.97539E+1	5.77781E+1
7.86000E+10	1.01908E-4	3.63844E+1	5.48126E+1	3.66755E+1
7.88000E+10	3.84834E-4	3.70292E+1	7.06230E+1	7.62031E+0
7.90000E+10	1.99079E-4	3.68283E+1	5.46344E+1	-4.28092E+1
7.92000E+10	6.34727E-4	3.61630E+1	4.42470E+1	-4.66428E+1
7.94000E+10	2.69072E-4	3.52850E+1	-1.01233E+1	-5.72216E+1
7.96000E+10	4.54528E-4	3.56917E+1	-5.81723E+1	-1.80072E+1
7.98000E+10	4.16879E-4	3.51806E+1	-5.42001E+1	1.89449E+1
8.00000E+10	6.19758E-4	3.66757E+1	-3.71080E+1	5.72206E+1
8.02000E+10	8.70810E-4	3.71666E+1	3.51811E+1	6.30091E+1
8.04000E+10	5.79596E-4	3.65750E+1	6.69810E+1	7.62723E+0
8.06000E+10	1.22180E-3	3.84691E+1	8.38408E+1	-1.02614E-1
8.08000E+10	6.71711E-4	3.67124E+1	4.47118E+1	-5.18807E+1
8.10000E+10	7.80149E-4	3.62390E+1	1.54292E+0	-6.48374E+1
8.12000E+10	4.37004E-4	3.48188E+1	-2.03572E+1	-5.11725E+1
8.14000E+10	4.13087E-4	3.50738E+1	-3.68683E+1	-4.30957E+1
8.16000E+10	5.95742E-4	3.61347E+1	-6.16576E+1	-1.74599E+1
8.18000E+10	2.84674E-4	3.61117E+1	-6.10012E+1	1.90690E+1
8.20000E+10	6.61953E-4	3.73522E+1	-6.04004E+1	4.22733E+1
8.22000E+10	1.86766E-4	3.73210E+1	-4.80182E+0	7.33025E+1
8.24000E+10	7.42681E-4	3.83962E+1	3.87139E+1	7.35760E+1
8.26000E+10	3.48139E-4	3.80497E+1	6.80095E+1	4.19151E+1
8.28000E+10	6.44324E-4	3.77568E+1	7.65709E+1	-1.01442E+1
8.30000E+10	5.92034E-4	3.83190E+1	8.79785E+0	-8.19335E+1
8.32000E+10	4.80917E-4	3.81367E+1	-3.18512E+1	-7.41404E+1
8.34000E+10	7.84011E-4	3.90648E+1	-7.34298E+1	-5.16801E+1
8.36000E+10	5.07177E-4	3.76172E+1	-5.97857E+1	4.69348E+1
8.38000E+10	9.27609E-4	3.83953E+1	-5.10560E+1	6.56060E+1
8.40000E+10	5.03034E-4	3.81875E+1	1.25929E+1	8.01832E+1
8.42000E+10	9.52736E-4	3.84416E+1	6.68379E+1	5.01756E+1
8.44000E+10	4.82627E-4	3.76243E+1	7.51597E+1	-1.17365E+1
8.46000E+10	9.76448E-4	3.95087E+1	9.21418E+1	-2.09825E+1
8.48000E+10	4.43905E-4	3.87946E+1	4.47468E+1	-7.46600E+1
8.50000E+10	5.84256E-4	3.82629E+1	2.76239E+1	-7.70731E+1
8.52000E+10	4.15887E-4	3.83000E+1	5.20760E+0	-8.20591E+1
8.54000E+10	3.89456E-4	3.74461E+1	-1.80043E+1	-7.23178E+1
8.56000E+10	3.25806E-4	3.58876E+1	-2.29548E+1	-5.79001E+1
8.58000E+10	2.96545E-4	3.51492E+1	-1.61173E+1	-5.48913E+1
8.60000E+10	3.72090E-4	3.43327E+1	-2.01235E+1	-4.80307E+1
8.62000E+10	2.33701E-4	3.33939E+1	-3.63573E+1	-2.93742E+1
8.64000E+10	3.94692E-4	3.36104E+1	-4.73477E+1	-7.38717E+0
8.66000E+10	1.94140E-4	3.36150E+1	-4.70343E+1	-9.30471E+0
8.68000E+10	5.45896E-4	3.56100E+1	-2.45289E+1	5.51134E+1
8.70000E+10	2.69193E-4	3.73896E+1	-1.01157E+0	7.40356E+1
8.72000E+10	8.80696E-4	3.88702E+1	5.59747E+1	6.76476E+1
8.74000E+10	5.70893E-4	3.91306E+1	9.00831E+1	8.41367E+0
8.76000E+10	1.04730E-3	3.94644E+1	7.05902E+1	-6.21037E+1
8.78000E+10	7.69734E-4	3.90814E+1	3.70974E+1	-8.19593E+1
8.80000E+10	9.85198E-4	3.86282E+1	-1.88737E+1	-8.32785E+1
8.82000E+10	9.45237E-4	3.84827E+1	-6.24386E+1	-5.61499E+1
8.84000E+10	8.62769E-4	3.79514E+1	-6.93653E+1	-3.77859E+1
8.86000E+10	1.09922E-3	3.90486E+1	-8.90529E+1	-1.01119E+1
8.88000E+10	9.34125E-4	3.92555E+1	-8.01466E+1	4.47345E+1
8.90000E+10	8.84560E-4	3.86046E+1	-6.99969E+1	4.85016E+1
8.92000E+10	9.15316E-4	4.07343E+1	-1.56178E+1	1.07695E+2
8.94000E+10	1.19709E-3	4.05690E+1	2.73211E+0	1.06735E+2
8.96000E+10	7.64625E-4	3.99787E+1	1.04416E+1	9.92066E+1
8.98000E+10	1.23307E-3	4.13459E+1	6.00584E+1	1.00129E+2
9.00000E+10	7.80317E-4	3.94982E+1	7.16702E+1	6.14177E+1
9.02000E+10	1.25308E-3	4.04187E+1	9.10263E+1	5.22149E+1
9.04000E+10	6.98744E-4	3.86918E+1	8.32158E+1	2.17765E+1
9.06000E+10	1.20577E-3	3.91854E+1	7.97832E+1	-4.38681E+1
9.08000E+10	6.82118E-4	3.79911E+1	7.27712E+1	-3.16387E+1
9.10000E+10	1.04014E-3	3.77937E+1	4.13050E+1	-6.56558E+1
9.12000E+10	6.47199E-4	3.68884E+1	-1.68539E+1	-6.78280E+1
9.14000E+10	1.23630E-3	3.86305E+1	-3.76678E+1	-7.66581E+1
9.16000E+10	5.06842E-4	3.71322E+1	-6.93578E+1	-1.88759E+1
9.18000E+10	8.41008E-4	3.89940E+1	-7.90451E+1	4.10382E+1
9.20000E+10	5.71255E-4	3.99556E+1	-1.82229E+1	9.78075E+1
9.22000E+10	7.03370E-4	3.88934E+1	4.41399E+1	7.61731E+1
9.24000E+10	5.88828E-4	3.97756E+1	8.55942E+1	4.65847E+1
9.26000E+10	6.25590E-4	3.83390E+1	7.80196E+1	-2.71055E+1
9.28000E+10	6.08866E-4	3.88060E+1	5.35033E+1	-6.88019E+1
9.30000E+10	5.12161E-4	3.76913E+1	-1.05449E+1	-7.59304E+1
9.32000E+10	6.49236E-4	3.67412E+1	-1.22475E+1	-6.76163E+1
9.34000E+10	5.80731E-4	3.67382E+1	-4.80181E+1	-4.91215E+1
9.36000E+10	7.72334E-4	3.67657E+1	-6.56766E+1	-2.08628E+1
9.38000E+10	6.09915E-4	3.72722E+1	-7.27410E+1	-6.69132E+0
9.40000E+10	9.96637E-4	3.86267E+1	-7.78300E+1	3.50934E+1
9.42000E+10	4.18450E-4	3.73566E+1	-7.02871E+1	2.23716E+1
9.44000E+10	9.57162E-4	3.90842E+1	-8.33866E+1	3.38442E+1
9.46000E+10	4.80094E-4	4.22752E+1	-1.05870E+2	7.53463E+1
9.48000E+10	6.25482E-4	3.74532E+1	-5.10898E+1	5.43417E+1
9.50000E+10	4.82128E-4	3.92843E+1	-5.61285E+1	7.30087E+1
9.52000E+10	9.42208E-4	3.86840E+1	-2.51998E+1	8.21638E+1
9.54000E+10	5.27076E-4	3.83057E+1	-1.23270E+1	8.13492E+1
9.56000E+10	9.91147E-4	3.84128E+1	1.96681E+1	8.09435E+1
9.58000E+10	7.53299E-4	3.77303E+1	3.29691E+1	6.95899E+1
9.60000E+10	1.37327E-3	3.84225E+1	7.20067E+1	4.20631E+1
9.62000E+10	6.13033E-4	3.63330E+1	5.40733E+1	3.70726E+1
9.64000E+10	1.22804E-3	3.75637E+1	7.38617E+1	1.58405E+1
9.66000E+10	5.96583E-4	3.50390E+1	5.64858E+1	-3.67813E-1
9.68000E+10	1.16521E-3	3.72648E+1	6.83896E+1	-2.54909E+1
9.70000E+10	4.94933E-4	3.46315E+1	2.50538E+1	-4.77212E+1
9.72000E+10	9.78921E-4	3.67909E+1	2.99520E+1	-6.22831E+1
9.74000E+10	6.09917E-4	3.63379E+1	-5.88493E+0	-6.53338E+1
9.76000E+10	1.01439E-3	3.70890E+1	-4.51918E+1	-5.54373E+1
9.78000E+10	5.57714E-4	3.64007E+1	-5.56744E+1	-3.55845E+1
9.80000E+10	8.49364E-4	3.67775E+1	-6.89550E+1	-2.60947E+0
9.82000E+10	3.75445E-4	3.50458E+1	-5.10125E+1	2.43629E+1
9.84000E+10	1.09896E-3	3.77741E+1	-3.13285E+1	7.07696E+1
9.86000E+10	3.50295E-4	3.44090E+1	2.38757E+0	5.24811E+1
9.88000E+10	7.66731E-4	3.59304E+1	2.83006E+1	5.58287E+1
9.90000E+10	3.72161E-4	3.42636E+1	4.49108E+1	2.55355E+1
9.92000E+10	5.66611E-4	3.44243E+1	5.23824E+1	5.07462E+0
9.94000E+10	4.13633E-4	3.44572E+1	5.25514E+1	-5.39388E+0
9.96000E+10	1.01578E-3	3.72233E+1	6.41818E+1	-3.40150E+1
9.98000E+10	3.63291E-4	3.42953E+1	4.70699E+1	-2.17495E+1
1.00000E+11	1.26990E-3	3.86152E+1	3.33784E+1	-7.84583E+1
1.00200E+11	5.11614E-4	3.60413E+1	8.59460E+0	-6.28111E+1
1.00400E+11	1.05430E-3	3.75348E+1	-4.09706E+0	-7.51786E+1
1.00600E+11	5.79357E-4	3.66406E+1	-4.77393E+1	-4.83193E+1
1.00800E+11	7.86066E-4	3.63875E+1	-6.55104E+1	-7.81080E+0
1.01000E+11	5.40192E-4	3.61062E+1	-6.22752E+1	-1.41924E+1
1.01200E+11	1.16863E-3	3.83166E+1	-6.55680E+1	4.98754E+1
1.01400E+11	5.06084E-4	3.63861E+1	-2.51030E+1	6.10001E+1
1.01600E+11	1.24885E-3	3.89547E+1	-7.68346E+0	8.83283E+1
1.01800E+11	5.31567E-4	3.75149E+1	2.56118E+1	7.06174E+1
1.02000E+11	1.13496E-3	3.91067E+1	4.25578E+1	7.95594E+1
1.02200E+11	6.59092E-4	3.92827E+1	7.22764E+1	5.70409E+1
1.02400E+11	1.16582E-3	3.92303E+1	9.03317E+1	1.46995E+1
1.02600E+11	6.59780E-4	4.00087E+1	9.83393E+1	-1.86952E+1
1.02800E+11	1.24053E-3	4.03349E+1	8.82700E+1	-5.48645E+1
1.03000E+11	6.34214E-4	4.06512E+1	4.29264E+1	-9.88689E+1
1.03200E+11	9.79221E-4	3.97685E+1	-4.01545E-2	-9.73703E+1
1.03400E+11	5.35146E-4	3.96729E+1	-3.37226E+1	-9.02071E+1
1.03600E+11	8.53856E-4	3.83390E+1	-5.93906E+1	-5.73990E+1
1.03800E+11	4.20887E-4	3.67495E+1	-6.82760E+1	-8.33074E+0
1.04000E+11	1.17019E-3	3.91319E+1	-9.02276E+1	6.87559E+0
1.04200E+11	5.18667E-4	3.72044E+1	-4.91198E+1	5.32974E+1
1.04400E+11	9.14081E-4	3.69592E+1	-1.27199E+1	6.93053E+1
1.04600E+11	5.13025E-4	3.58395E+1	-1.42581E+1	6.02772E+1
1.04800E+11	1.12842E-3	3.71973E+1	2.64435E+1	6.74208E+1
1.05000E+11	5.27074E-4	3.53925E+1	3.27900E+1	4.88488E+1
1.05200E+11	1.63361E-3	3.84965E+1	5.96537E+1	5.92890E+1
1.05400E+11	6.97732E-4	3.61945E+1	4.02313E+1	5.04468E+1
1.05600E+11	1.02110E-3	3.64395E+1	6.41920E+1	1.68639E+1
1.05800E+11	9.66610E-4	3.75447E+1	6.97648E+1	2.85392E+1
1.06000E+11	1.68357E-3	3.85413E+1	8.43719E+1	5.33505E+0
1.06200E+11	7.99738E-4	3.70357E+1	6.89069E+1	-1.74679E+1
1.06400E+11	1.91177E-3	3.94724E+1	3.05217E+1	-8.90197E+1
1.06600E+11	1.00710E-3	3.90527E+1	-2.82525E+1	-8.51001E+1
1.06800E+11	1.33539E-3	3.85321E+1	-6.02155E+1	-5.92125E+1
1.07000E+11	7.28784E-4	3.73081E+1	-6.93148E+1	-2.39968E+1
1.07200E+11	1.04653E-3	3.83945E+1	-8.20293E+1	1.34427E+1
1.07400E+11	7.87017E-4	3.85493E+1	-7.57967E+1	3.76174E+1
1.07600E+11	7.07035E-4	3.68436E+1	-3.79529E+1	5.82591E+1
1.07800E+11	3.72928E-4	3.57161E+1	-2.91804E+0	6.09973E+1
1.08000E+11	9.12559E-4	3.84834E+1	3.43812E+1	7.66180E+1
1.08200E+11	4.11759E-4	3.70296E+1	4.82897E+1	5.20985E+1
1.08400E+11	5.82775E-4	3.78475E+1	6.97181E+1	3.50898E+1
1.08600E+11	5.36895E-4	3.82119E+1	7.96546E+1	-1.67377E+1
1.08800E+11	5.62434E-4	3.78796E+1	7.20947E+1	-3.06496E+1
1.09000E+11	6.48400E-4	3.88552E+1	5.93527E+1	-6.44991E+1
1.09200E+11	6.24809E-4	3.78732E+1	2.07594E+1	-7.54794E+1
1.09400E+11	6.31356E-4	3.85620E+1	2.16684E+1	-8.19254E+1
1.09600E+11	6.32027E-4	3.92666E+1	-2.15928E+1	-8.93308E+1
1.09800E+11	2.99424E-4	3.55781E+1	-3.44145E+1	-4.92761E+1
1.10000E+11	4.80455E-4	3.80509E+1	-5.40045E+1	-5.88855E+1
1.10200E+11	6.25975E-4	3.87892E+1	-8.36992E+1	-2.36933E+1
1.10400E+11	3.00573E-4	3.61251E+1	-6.37992E+1	-5.20016E+0
1.10600E+11	7.05911E-4	3.93096E+1	-8.20145E+1	4.24720E+1
1.10800E+11	5.23880E-4	3.83255E+1	-3.67943E+1	7.38026E+1
1.11000E+11	3.26786E-4	3.51936E+1	-3.16055E+0	5.74144E+1
1.11200E+11	5.78551E-4	3.79844E+1	-5.51312E+0	7.90987E+1
1.11400E+11	6.31426E-4	3.80474E+1	4.90456E+1	6.30342E+1
1.11600E+11	3.52697E-4	3.54825E+1	4.71032E+1	3.62649E+1
1.11800E+11	8.35384E-4	3.86440E+1	8.54797E+1	3.36183E+0
1.12000E+11	3.09562E-4	3.57321E+1	5.22241E+1	-3.18675E+1
1.12200E+11	5.74318E-4	3.71541E+1	6.10424E+1	-3.82985E+1
1.12400E+11	5.89306E-4	3.78334E+1	3.10207E+1	-7.14826E+1
1.12600E+11	4.92706E-4	3.64294E+1	1.11699E+1	-6.53454E+1
1.12800E+11	6.43088E-4	3.77779E+1	-1.15049E+1	-7.65677E+1
1.13000E+11	6.93878E-4	3.78081E+1	-4.35705E+1	-6.43305E+1
1.13200E+11	5.36010E-4	3.69753E+1	-5.23779E+1	-4.73290E+1
1.13400E+11	7.21322E-4	3.75589E+1	-6.61994E+1	-3.63020E+1
1.13600E+11	5.99757E-4	3.67042E+1	-6.69537E+1	-1.41102E+1
1.13800E+11	8.05994E-4	3.80851E+1	-7.94486E+1	1.10634E+1
1.14000E+11	9.07059E-4	3.84701E+1	-7.68570E+1	3.35243E+1
1.14200E+11	8.22817E-4	3.83546E+1	-5.57670E+1	6.11264E+1
1.14400E+11	4.39152E-4	3.55744E+1	-3.57882E+0	5.99718E+1
1.14600E+11	9.47004E-4	3.89742E+1	2.55204E+1	8.51168E+1
1.14800E+11	1.11552E-3	3.94563E+1	6.22379E+1	7.03542E+1
1.15000E+11	4.48663E-4	3.55927E+1	5.71972E+1	1.87935E+1
1.15200E+11	1.17312E-3	3.94307E+1	8.44421E+1	-4.05080E+1
1.15400E+11	9.05904E-4	3.90089E+1	4.86023E+1	-7.48156E+1
1.15600E+11	6.16834E-4	3.71149E+1	-1.38423E+0	-7.17236E+1
1.15800E+11	8.98242E-4	3.91388E+1	-8.29850E+1	-3.62589E+1
1.16000E+11	9.31582E-4	3.87125E+1	-8.62201E+1	7.33800E-1
1.16200E+11	5.61708E-4	3.68445E+1	-6.58682E+1	-2.22928E+1
1.16400E+11	5.31489E-4	3.66167E+1	-6.35304E+1	2.35025E+1
1.16600E+11	4.85704E-4	3.61856E+1	-5.95099E+1	2.47677E+1
1.16800E+11	5.10826E-4	3.67308E+1	-5.59474E+1	3.97565E+1
1.17000E+11	1.40537E-4	3.06562E+1	-5.94910E+0	3.35816E+1
1.17200E+11	3.70588E-4	3.48407E+1	-1.57601E+1	5.29151E+1
1.17400E+11	6.21163E-4	3.63504E+1	-6.28272E+0	6.53921E+1
1.17600E+11	2.82168E-4	3.34726E+1	-2.28877E+1	4.12407E+1
1.17800E+11	3.38175E-4	3.40209E+1	-1.98697E+1	4.61433E+1
1.18000E+11	4.10443E-4	3.55292E+1	-4.69824E+0	5.95817E+1
1.18200E+11	5.98260E-5	2.64146E+1	-1.06225E+1	1.80318E+1
1.18400E+11	2.64567E-9	-1.61709E+1	-7.57437E-2	1.35692E-1
1.18600E+11	3.05771E-12	-4.62684E+1	-2.76313E-3	3.99730E-3
1.18800E+11	4.23183E-13	-5.08336E+1	-1.79679E-3	2.24168E-3
1.19000E+11	4.74429E-14	-6.40896E+1	-2.27697E-4	5.81488E-4
1.19200E+11	2.12220E-14	-6.69456E+1	-3.99435E-4	2.06131E-4
1.19400E+11	6.53865E-14	-6.33068E+1	-1.08037E-4	6.74784E-4
1.19600E+11	3.61304E-14	-6.63625E+1	2.43020E-4	-4.14748E-4
1.19800E+11	1.49880E-13	-6.09645E+1	1.09765E-4	8.88139E-4
1.20000E+11	3.61407E-8	-6.56817E+0	-2.03191E-1	-4.23200E-1
1.20200E+11	2.22117E-5	2.12286E+1	5.62857E+0	-1.00507E+1
1.20400E+11	1.64018E-14	-6.92286E+1	-1.39766E-4	-3.16074E-4
1.20600E+11	3.59793E-14	-6.44743E+1	5.63531E-4	-1.98379E-4
1.20800E+11	4.67932E-14	-6.01149E+1	-8.78642E-4	-4.49308E-4
1.21000E+11	3.27367E-14	-6.45057E+1	5.82700E-4	1.21701E-4
1.21200E+11	1.14666E-13	-5.17076E+1	-2.03835E-3	1.61062E-3
1.21400E+11	1.32428E-14	-5.85712E+1	7.32207E-4	-9.23818E-4
1.21600E+11	4.00196E-12	-4.12768E+1	-7.59999E-3	4.09481E-3
1.21800E+11	1.57422E-11	-3.69272E+1	1.06830E-2	9.42181E-3
1.22000E+11	2.56214E-7	1.73623E+1	2.58620E+0	6.91305E+0
1.22200E+11	8.85581E-5	3.54799E+1	-1.61078E+1	5.72041E+1
1.22400E+11	4.20141E-5	2.69610E+1	-1.01515E+0	2.22637E+1
1.22600E+11	3.23019E-5	2.44627E+1	7.91398E+0	1.47239E+1
1.22800E+11	1.26896E-4	4.39395E+1	1.55767E+2	-2.25448E+1
1.23000E+11	1.23015E-5	2.80009E+1	-2.48253E+1	-3.84515E+0
1.23200E+11	7.34909E-14	-5.64045E+1	4.89900E-4	-1.43125E-3
1.23400E+11	2.96891E-14	-6.54823E+1	-9.02861E-6	-5.31888E-4
1.23600E+11	2.52868E-14	-6.30307E+1	-6.27030E-4	-3.23240E-4
1.23800E+11	1.50091E-12	-4.41978E+1	8.04818E-5	-6.16702E-3
1.24000E+11	3.67807E-11	-2.08777E+1	6.09645E-2	6.67350E-2
1.24200E+11	1.16936E-8	-8.56520E+0	-1.05483E-1	-3.57802E-1
1.24400E+11	2.31319E-8	1.55690E+0	1.12887E+0	3.96007E-1
1.24600E+11	2.72441E-13	-4.74329E+1	3.94046E-3	-1.59137E-3
1.24800E+11	9.17990E-14	-3.17162E+1	1.41113E-2	-2.17817E-2
1.25000E+11	1.05620E-13	-4.57394E+1	3.88035E-3	-3.40813E-3
1.25200E+11	2.50504E-14	-5.83229E+1	-1.17363E-3	3.06448E-4
1.25400E+11	2.68939E-14	-6.04265E+1	1.99241E-4	9.30999E-4
1.25600E+11	6.33077E-14	-5.41562E+1	-1.49311E-3	-1.26926E-3
1.25800E+11	2.58919E-13	-1.53694E+1	1.03630E-1	-1.35296E-1
1.26000E+11	1.89678E-13	-1.61385E+1	1.53807E-1	-2.59555E-2
1.26200E+11	8.10799E-14	-4.62709E+1	-4.08280E-3	-2.63265E-3
1.26400E+11	7.95281E-9	5.50727E-1	2.71276E-1	-1.03034E+0
1.26600E+11	5.45646E-13	-4.81961E+1	-3.75826E-3	1.01237E-3
1.26800E+11	3.75750E-13	-4.05863E+1	9.34155E-3	-3.27078E-4
1.27000E+11	1.89768E-14	-2.79267E+1	3.95634E-2	6.82744E-3
1.27200E+11	1.63231E-14	-5.25217E+1	4.01313E-4	2.33115E-3
1.27400E+11	1.92004E-14	-5.30564E+1	-1.33505E-3	-1.77900E-3
1.27600E+11	1.84682E-14	-4.61984E+1	-1.92425E-3	-4.50491E-3
1.27800E+11	3.22673E-15	-2.28441E+1	-3.49401E-2	6.30420E-2
1.28000E+11	2.42028E-13	-2.16369E+1	5.54123E-3	8.26381E-2
1.28200E+11	9.08625E-14	-2.60836E+1	8.90919E-3	-4.88326E-2
1.28400E+11	4.14991E-14	-3.18380E+1	9.67210E-3	2.36938E-2
1.28600E+11	3.48908E-14	-2.01949E+1	-9.66942E-2	1.45410E-2
1.28800E+11	8.56155E-14	-3.59117E+0	6.38500E-1	1.72399E-1
1.29000E+11	4.70704E-14	-3.11988E+1	-2.03890E-2	1.85222E-2
1.29200E+11	5.89367E-14	-4.17751E-1	8.53913E-1	-4.23230E-1
1.29400E+11	4.16028E-17	-3.14285E+1	2.54474E-2	-8.49307E-3
1.29600E+11	1.97783E-14	-1.57644E+1	9.06063E-3	-1.62594E-1
1.29800E+11	9.45717E-14	-3.78771E+0	5.98469E-1	-2.44715E-1
1.30000E+11	2.46233E-13	5.55580E+0	9.54507E-1	-1.63797E+0
