Position	Channel 1	Channel 2	Channel 3	Channel 4
5.00000E+10	2.78494E-15	-1.04910E+1	-2.68603E-2	-2.97637E-1
5.02000E+10	1.73895E-13	-3.33379E+0	6.59144E-1	1.72162E-1
5.04000E+10	1.58737E-13	-5.28989E-1	7.86894E-1	-5.15868E-1
5.06000E+10	5.48120E-15	-1.41480E+1	-2.54502E-2	-1.94498E-1
5.08000E+10	1.31197E-13	-7.11785E+0	4.14389E-1	1.49887E-1
5.10000E+10	1.74424E-13	4.06498E+0	-7.72916E-1	1.39727E+0
5.12000E+10	7.71015E-14	3.94956E-1	7.27102E-1	-7.52680E-1
5.14000E+10	2.56822E-13	1.50384E+0	8.73813E-1	8.06373E-1
5.16000E+10	5.77708E-16	-2.40830E+1	-4.75902E-2	4.05073E-2
5.18000E+10	2.53954E-13	2.94805E+0	3.54738E-1	1.35856E+0
5.20000E+10	2.41968E-13	9.87656E+0	1.00360E-1	3.11604E+0
5.22000E+10	1.83441E-13	-3.58448E+0	-7.81805E-2	6.57241E-1
5.24000E+10	2.72729E-13	1.36231E+0	1.02435E+0	-5.64938E-1
5.26000E+10	8.00927E-14	-4.17736E+0	-4.75624E-1	3.94916E-1
5.28000E+10	3.05330E-14	-8.83769E+0	8.50291E-2	-3.51364E-1
5.30000E+10	2.60617E-14	-1.07652E+1	-2.38572E-1	1.64103E-1
5.32000E+10	7.59008E-14	2.96452E+0	-2.17961E-1	1.38979E+0
5.34000E+10	8.40833E-15	-1.41375E+1	1.93333E-1	3.45351E-2
5.36000E+10	1.40691E-14	-5.42461E+0	-3.86361E-1	3.70808E-1
5.38000E+10	1.20889E-13	-5.44335E+0	5.07192E-1	-1.68212E-1
5.40000E+10	8.17799E-14	-5.00261E+0	2.02218E-1	-5.24543E-1
5.42000E+10	6.59796E-14	-8.30283E+0	-3.78382E-1	-6.81277E-2
5.44000E+10	2.49359E-14	-9.40205E+0	-1.82618E-1	2.85328E-1
5.46000E+10	1.43264E-13	7.51647E-1	5.82657E-1	-9.21663E-1
5.48000E+10	1.06202E-13	-3.59086E+0	5.45131E-1	-3.74524E-1
5.50000E+10	4.17764E-14	2.60393E+0	4.16239E-1	1.28378E+0
5.52000E+10	7.85124E-14	-3.73227E+0	6.47153E-1	-6.79266E-2
5.54000E+10	4.88772E-14	-5.07856E+0	4.28759E-1	3.55983E-1
5.56000E+10	1.39681E-13	4.51594E-1	-7.15517E-2	1.05093E+0
5.58000E+10	4.10966E-14	-6.27370E+0	4.82393E-1	-5.60685E-2
5.60000E+10	4.34567E-14	-1.06343E+1	2.93543E-1	-1.55742E-2
5.62000E+10	7.86026E-14	-5.73687E+0	1.22416E-1	5.01889E-1
5.64000E+10	2.26069E-13	1.12589E+0	-1.04777E+0	-4.45108E-1
5.66000E+10	4.02770E-13	5.58815E+0	1.22224E+0	-1.45843E+0
5.68000E+10	3.69626E-14	-8.85039E+0	-1.39019E-1	-3.33134E-1
5.70000E+10	8.09729E-14	1.46082E+1	5.18914E+0	1.40262E+0
5.72000E+10	1.87391E-14	-8.57706E+0	1.45346E-1	-3.42993E-1
5.74000E+10	1.01762E-14	3.82004E+0	-1.92670E-1	-1.54039E+0
5.76000E+10	3.49290E-14	-5.89234E+0	4.35799E-1	2.59947E-1
5.78000E+10	1.21937E-13	-8.71000E+0	2.54449E-1	2.64277E-1
5.80000E+10	6.45034E-15	-3.37206E+0	-3.56821E-1	-5.76816E-1
5.82000E+10	6.00550E-14	-8.00979E+0	3.90851E-1	7.32678E-2
5.84000E+10	2.11448E-14	-1.43854E+1	1.51242E-1	-1.16428E-1
5.86000E+10	1.36852E-14	-9.17252E+0	1.96941E-1	-2.86712E-1
5.88000E+10	1.71594E-15	-1.65574E+1	1.42606E-1	-4.19151E-2
5.90000E+10	3.46683E-13	1.05362E+1	4.65962E-1	3.33121E+0
5.92000E+10	5.66555E-14	-6.32693E+0	1.48456E-1	-4.59276E-1
5.94000E+10	5.95357E-14	-1.09164E+1	2.83116E-1	2.86851E-2
5.96000E+10	1.53245E-14	-8.18883E+0	-3.85064E-1	5.89227E-2
5.98000E+10	3.43125E-14	-6.59219E-1	8.06909E-1	4.56143E-1
6.00000E+10	1.33109E-13	-2.67639E-1	-9.56800E-1	-1.57378E-1
6.02000E+10	4.17669E-14	-1.10471E+1	2.19916E-1	1.73821E-1
6.04000E+10	1.74434E-13	7.22642E-1	1.07476E+0	-1.61041E-1
6.06000E+10	4.84934E-14	-7.19943E+0	4.29222E-1	-7.96215E-2
6.08000E+10	2.05095E-14	-3.75618E+0	6.28739E-1	-1.60574E-1
6.10000E+10	4.76672E-14	-1.08042E+0	7.95318E-1	-3.83697E-1
6.12000E+10	4.50428E-14	-2.17212E+0	5.13691E-1	5.85287E-1
6.14000E+10	1.17240E-13	-6.50249E+0	3.60786E-1	3.05904E-1
6.16000E+10	5.62630E-14	-3.60704E+0	-3.39441E-1	-5.66205E-1
6.18000E+10	3.44014E-14	-8.47209E+0	-1.89609E-1	3.25903E-1
6.20000E+10	2.87730E-14	-4.78638E+0	2.90075E-1	-4.98024E-1
6.22000E+10	7.91702E-14	-2.57255E+0	2.65087E-1	6.94805E-1
6.24000E+10	1.15794E-13	-2.36818E+0	7.21159E-1	-2.44133E-1
6.26000E+10	8.20726E-14	-8.23949E+0	-3.62387E-1	1.36608E-1
6.28000E+10	2.15848E-14	-3.15940E+0	3.83779E-3	6.95062E-1
6.30000E+10	1.42749E-13	5.78979E+0	-9.95775E-1	1.67374E+0
6.32000E+10	5.93637E-13	1.16816E+1	-6.96442E-1	-3.77407E+0
6.34000E+10	1.04551E-13	2.07070E-1	6.35094E-1	8.03424E-1
6.36000E+10	1.27090E-10	2.68329E+1	-1.98897E+1	-9.30985E+0
6.38000E+10	6.31211E-9	6.20317E+1	1.31398E+2	1.25668E+3
6.40000E+10	1.37823E-7	5.97497E+1	-6.95245E+2	6.78705E+2
6.42000E+10	3.84327E-8	5.59016E+1	6.03764E+2	-1.57032E+2
6.44000E+10	1.07449E-7	5.81786E+1	7.86245E+2	-1.98172E+2
6.46000E+10	1.69005E-8	5.06214E+1	2.41678E+2	-2.38692E+2
6.48000E+10	1.24575E-8	5.70759E+1	-1.46633E+2	6.98943E+2
6.50000E+10	1.80304E-8	5.19272E+1	-1.89041E+2	3.46583E+2
6.52000E+10	3.11545E-9	3.89099E+1	8.27821E+0	8.78165E+1
6.54000E+10	1.07420E-8	4.34855E+1	6.95290E+1	-1.32205E+2
6.56000E+10	1.36772E-7	6.06930E+1	8.01173E+2	-7.28790E+2
6.58000E+10	2.33036E-7	6.31783E+1	-1.24144E+3	-7.33288E+2
6.60000E+10	9.23871E-6	7.72362E+1	4.89118E+3	-5.38481E+3
6.62000E+10	4.75505E-6	7.17074E+1	-3.61990E+3	1.30872E+3
6.64000E+10	1.82216E-6	8.35833E+1	-8.18666E+3	1.26958E+4
6.66000E+10	2.67099E-6	6.98986E+1	-3.10030E+3	3.96748E+2
6.68000E+10	6.30831E-7	6.00646E+1	-6.57730E+2	7.63129E+2
6.70000E+10	6.67194E-7	7.10084E+1	-1.94969E+2	-3.54620E+3
6.72000E+10	5.53053E-7	7.49229E+1	-3.09891E+3	4.63282E+3
6.74000E+10	7.54203E-6	7.67879E+1	6.88468E+3	5.75105E+2
6.76000E+10	8.12552E-8	6.10486E+1	-1.12569E+3	-7.70307E+1
6.78000E+10	8.62665E-8	6.17358E+1	1.17958E+3	3.16164E+2
6.80000E+10	1.56393E-8	1.26209E+1	2.82812E+0	3.20728E+0
6.82000E+10	7.69273E-8	1.18349E+1	-2.15009E+0	-3.26111E+0
6.84000E+10	2.35351E-8	6.65236E+0	-8.75638E-1	1.96458E+0
6.86000E+10	3.99358E-7	2.09659E+1	7.17209E+0	8.57134E+0
6.88000E+10	1.01085E-6	3.59762E+1	4.18315E+1	-4.70051E+1
6.90000E+10	5.94433E-6	5.55734E+1	-1.00930E+2	-5.92177E+2
6.92000E+10	2.76029E-6	7.74310E+1	-7.38731E+3	-8.80870E+2
6.94000E+10	2.96304E-6	6.84800E+1	-2.30253E+3	1.32111E+3
6.96000E+10	2.85958E-6	8.03641E+1	-2.58939E+3	-1.01015E+4
6.98000E+10	2.55057E-6	8.55235E+1	1.75634E+4	-6.94769E+3
7.00000E+10	3.14912E-6	7.33286E+1	1.99271E+3	-4.18925E+3
7.02000E+10	8.17534E-6	7.08950E+1	3.50538E+3	2.85058E+1
7.04000E+10	5.94216E-6	7.66763E+1	5.68346E+3	-3.77057E+3
7.06000E+10	4.51809E-6	7.11875E+1	-5.82355E+1	-3.62507E+3
7.08000E+10	4.73583E-6	7.37635E+1	-2.00596E+3	-4.44563E+3
7.10000E+10	2.73504E-6	5.88257E+1	-8.72881E+2	3.41361E+1
7.12000E+10	8.27826E-7	4.27994E+1	2.97964E+1	1.34774E+2
7.14000E+10	3.01167E-8	1.53835E+1	5.25404E+0	2.63388E+0
7.16000E+10	3.90921E-7	1.70925E+1	2.44961E+0	-6.72289E+0
7.18000E+10	1.86497E-7	7.74341E+0	-2.29396E+0	8.27835E-1
7.20000E+10	9.37810E-7	1.73517E+1	2.79672E+0	6.82093E+0
7.22000E+10	3.41683E-6	2.18540E+1	6.76242E+0	-1.03691E+1
7.24000E+10	3.61533E-5	3.13541E+1	-2.31020E+1	-2.88471E+1
7.26000E+10	3.52841E-5	3.17435E+1	-1.80825E+1	3.41614E+1
7.28000E+10	6.78836E-5	3.34953E+1	1.11849E+1	4.59479E+1
7.30000E+10	1.02239E-4	3.23265E+1	3.96538E+1	1.16711E+1
7.32000E+10	5.43645E-5	2.86422E+1	2.53807E+1	-9.34473E+0
7.34000E+10	6.26270E-5	2.96166E+1	1.15214E+1	-2.79777E+1
7.36000E+10	3.78350E-5	2.76418E+1	-2.74147E+0	-2.39476E+1
7.38000E+10	7.65958E-5	3.13025E+1	-1.83251E+1	-3.18421E+1
7.40000E+10	3.68384E-5	2.81268E+1	-1.94497E+1	-1.64732E+1
7.42000E+10	5.27423E-5	3.01242E+1	-2.41289E+1	2.11377E+1
7.44000E+10	6.11112E-5	3.09309E+1	3.42768E+1	-8.00930E+0
7.46000E+10	3.15738E-5	2.78374E+1	1.39515E+1	-2.03255E+1
7.48000E+10	4.80044E-5	3.04017E+1	-1.90964E+1	-2.70599E+1
7.50000E+10	1.66570E-5	2.78716E+1	-2.21231E+1	1.10967E+1
7.52000E+10	2.28544E-5	2.97353E+1	-2.22966E+1	2.10650E+1
7.54000E+10	1.17481E-5	2.69308E+1	1.29805E+1	1.80214E+1
7.56000E+10	3.15357E-6	2.05032E+1	8.53682E+0	6.27747E+0
7.58000E+10	2.11186E-5	2.94078E+1	2.62117E+1	-1.36189E+1
7.60000E+10	3.59102E-6	2.24810E+1	3.44358E+0	-1.28527E+1
7.62000E+10	1.50154E-5	2.94122E+1	-4.87160E+0	-2.91493E+1
7.64000E+10	1.31703E-5	3.12577E+1	-1.01153E+1	-3.51223E+1
7.66000E+10	1.67571E-5	3.32249E+1	-3.28599E+1	-3.19611E+1
7.68000E+10	1.27366E-5	3.27917E+1	-4.35857E+1	1.44906E+0
7.70000E+10	5.79259E-6	3.14922E+1	-3.21483E+1	1.94033E+1
7.72000E+10	5.82191E-6	3.11968E+1	-1.03100E+0	3.62799E+1
7.74000E+10	8.23954E-6	3.01241E+1	1.41768E+1	2.87753E+1
7.76000E+10	1.66929E-5	3.16614E+1	3.66410E+1	1.11118E+1
7.78000E+10	1.17243E-5	3.15872E+1	3.78354E+1	-3.10727E+0
7.80000E+10	7.50286E-6	3.09362E+1	2.98670E+1	-1.86690E+1
7.82000E+10	2.33182E-5	3.42605E+1	2.24444E+1	-4.65126E+1
7.84000E+10	2.44350E-5	3.16327E+1	9.45239E+0	-3.69732E+1
7.86000E+10	8.38469E-5	3.40734E+1	-5.72499E+0	-5.02185E+1
7.88000E+10	1.52359E-4	3.45327E+1	-4.89419E+1	-2.10806E+1
7.90000E+10	9.11421E-5	3.08582E+1	-3.44224E+1	-5.79466E+0
7.92000E+10	2.42970E-4	3.39014E+1	-4.84440E+1	1.04244E+1
7.94000E+10	1.50448E-4	3.12771E+1	-4.57287E+0	3.63451E+1
7.96000E+10	1.78687E-4	3.17566E+1	1.65722E+1	3.49838E+1
7.98000E+10	3.21740E-4	3.34634E+1	4.63914E+1	8.23296E+0
8.00000E+10	2.40431E-4	3.19146E+1	3.51184E+1	-1.79090E+1
8.02000E+10	4.55411E-4	3.45275E+1	-7.43408E+0	-5.27355E+1
8.04000E+10	3.06267E-4	3.29299E+1	-3.86098E+1	-2.17389E+1
8.06000E+10	4.50269E-4	3.45298E+1	-5.10621E+1	-1.51813E+1
8.08000E+10	4.45887E-4	3.43705E+1	-4.22934E+1	3.07711E+1
8.10000E+10	2.12067E-4	3.08535E+1	-9.72525E+0	3.35049E+1
8.12000E+10	3.43919E-4	3.33634E+1	3.82142E+0	4.64201E+1
8.14000E+10	2.72292E-4	3.23707E+1	2.29476E+1	3.46342E+1
8.16000E+10	2.08818E-4	3.16612E+1	3.57900E+1	1.36018E+1
8.18000E+10	2.34791E-4	3.38392E+1	4.90788E+1	-3.43976E+0
8.20000E+10	1.66070E-4	3.29900E+1	3.44874E+1	-2.83072E+1
8.22000E+10	1.69781E-4	3.45035E+1	-7.42473E+0	-5.25886E+1
8.24000E+10	1.69718E-4	3.43252E+1	-1.50185E+1	-4.98160E+1
8.26000E+10	2.77484E-4	3.53777E+1	-5.63201E+1	-1.66636E+1
8.28000E+10	3.43793E-4	3.55820E+1	-5.40307E+1	2.63899E+1
8.30000E+10	2.10042E-4	3.31224E+1	2.87864E+0	4.52109E+1
8.32000E+10	5.58079E-4	3.77810E+1	4.82307E+1	6.06059E+1
8.34000E+10	4.31678E-4	3.61346E+1	6.36250E+1	7.63135E+0
8.36000E+10	3.11401E-4	3.39928E+1	3.13664E+1	-3.90370E+1
8.38000E+10	5.36887E-4	3.65104E+1	2.62794E+1	-6.15377E+1
8.40000E+10	4.44477E-4	3.61485E+1	-4.87439E+1	-4.17561E+1
8.42000E+10	2.69621E-4	3.36611E+1	-4.80762E+1	-3.46728E+0
8.44000E+10	5.34251E-4	3.71445E+1	-5.90276E+1	4.11962E+1
8.46000E+10	3.54020E-4	3.57954E+1	-2.17400E+1	5.76652E+1
8.48000E+10	3.50975E-4	3.67175E+1	7.31542E+0	6.81374E+1
8.50000E+10	1.92403E-4	3.42182E+1	1.33177E+1	4.96381E+1
8.52000E+10	3.45033E-4	3.66586E+1	4.63562E+1	4.98401E+1
8.54000E+10	2.48216E-4	3.54835E+1	5.41875E+1	2.44622E+1
8.56000E+10	1.41724E-4	3.19716E+1	3.41167E+1	2.02640E+1
8.58000E+10	3.16261E-4	3.46573E+1	5.37798E+1	5.48388E+0
8.60000E+10	1.74677E-4	3.14701E+1	3.73837E+1	2.30613E+0
8.62000E+10	1.40572E-4	3.00437E+1	2.94547E+1	-1.19392E+1
8.64000E+10	2.31057E-4	3.23578E+1	2.29739E+1	-3.45426E+1
8.66000E+10	1.37991E-4	3.05430E+1	1.64212E+1	-2.93858E+1
8.68000E+10	1.53557E-4	3.16881E+1	-2.58126E+1	-2.84390E+1
8.70000E+10	3.06255E-4	3.60725E+1	-5.82040E+1	-2.56977E+1
8.72000E+10	3.86312E-4	3.65629E+1	-5.85590E+1	3.32090E+1
8.74000E+10	2.65860E-4	3.47959E+1	-1.37698E+1	5.31739E+1
8.76000E+10	7.26295E-4	3.86033E+1	2.24778E+1	8.21258E+1
8.78000E+10	4.99198E-4	3.65170E+1	6.16309E+1	2.61912E+1
8.80000E+10	4.67159E-4	3.54522E+1	5.79280E+1	-1.23946E+1
8.82000E+10	6.78984E-4	3.67401E+1	5.81513E+1	-3.65948E+1
8.84000E+10	5.67521E-4	3.59727E+1	2.57585E+1	-5.73813E+1
8.86000E+10	6.90915E-4	3.69069E+1	-1.13832E+1	-6.91087E+1
8.88000E+10	5.78952E-4	3.66958E+1	-2.76723E+1	-6.25065E+1
8.90000E+10	8.41409E-4	3.82601E+1	-5.84703E+1	-5.72728E+1
8.92000E+10	7.94206E-4	3.92465E+1	-9.07382E+1	1.31850E+1
8.94000E+10	3.60663E-4	3.55274E+1	-5.95278E+1	5.19567E+0
8.96000E+10	8.48566E-4	3.98037E+1	-9.19212E+1	3.32944E+1
8.98000E+10	7.00687E-4	3.90845E+1	-5.64200E+1	7.01152E+1
9.00000E+10	3.84888E-4	3.57470E+1	-1.85908E+1	5.83963E+1
9.02000E+10	9.41140E-4	3.95630E+1	-2.97595E+1	9.03162E+1
9.04000E+10	5.48134E-4	3.69413E+1	1.45657E+1	6.87928E+1
9.06000E+10	4.22775E-4	3.49850E+1	4.65929E+1	3.13120E+1
9.08000E+10	6.01566E-4	3.67617E+1	4.71834E+1	5.01801E+1
9.10000E+10	5.38781E-4	3.54042E+1	5.83227E+1	8.31628E+0
9.12000E+10	4.03521E-4	3.41926E+1	3.01074E+1	-4.14648E+1
9.14000E+10	4.28736E-4	3.47985E+1	3.42691E+1	-4.29480E+1
9.16000E+10	5.47614E-4	3.65981E+1	-3.23134E+1	-5.93693E+1
9.18000E+10	3.35314E-4	3.56950E+1	-5.93274E+1	-1.38312E+1
9.20000E+10	3.56880E-4	3.69451E+1	-6.96271E+1	1.00518E+1
9.22000E+10	4.60905E-4	3.76363E+1	-1.53002E+1	7.46229E+1
9.24000E+10	2.62112E-4	3.57318E+1	2.12848E+1	5.73551E+1
9.26000E+10	3.03316E-4	3.51364E+1	4.36297E+1	3.68730E+1
9.28000E+10	3.73876E-4	3.63989E+1	6.27518E+1	-2.06463E+1
9.30000E+10	2.08127E-4	3.35010E+1	1.43584E+1	-4.50898E+1
9.32000E+10	2.59032E-4	3.27531E+1	1.64376E+1	-4.01844E+1
9.34000E+10	3.70195E-4	3.40994E+1	-1.53910E+1	-4.83027E+1
9.36000E+10	2.46378E-4	3.20400E+1	-2.67549E+1	-2.97278E+1
9.38000E+10	2.85191E-4	3.31650E+1	-4.19481E+1	-1.76888E+1
9.40000E+10	3.10102E-4	3.38259E+1	-4.91152E+1	9.47738E-1
9.42000E+10	2.71854E-4	3.35633E+1	-4.73525E+1	-5.41423E+0
9.44000E+10	3.54401E-4	3.53355E+1	-5.54269E+1	1.85508E+1
9.46000E+10	2.21463E-4	3.48811E+1	-4.59841E+1	3.10210E+1
9.48000E+10	2.57665E-4	3.43021E+1	-4.90998E+1	1.67934E+1
9.50000E+10	3.54595E-4	3.53272E+1	-1.39538E+1	5.67013E+1
9.52000E+10	1.60549E-4	3.16753E+1	-2.23232E+1	3.11830E+1
9.54000E+10	4.11141E-4	3.53769E+1	-1.36428E+1	5.71214E+1
9.56000E+10	2.58946E-4	3.31316E+1	2.45962E+1	3.81008E+1
9.58000E+10	1.31192E-4	2.93164E+1	6.90295E+0	2.84025E+1
9.60000E+10	7.18269E-4	3.58524E+1	4.33117E+1	4.44086E+1
9.62000E+10	3.03931E-4	3.27184E+1	4.32393E+1	-6.12199E-1
9.64000E+10	1.58556E-4	2.88716E+1	2.56099E+1	1.07389E+1
9.66000E+10	5.53516E-4	3.41957E+1	5.11747E+1	2.97116E+0
9.68000E+10	1.69966E-4	2.92001E+1	1.83509E+1	-2.22492E+1
9.70000E+10	9.94836E-5	2.71126E+1	1.12131E+1	-1.97134E+1
9.72000E+10	3.17095E-4	3.25064E+1	1.24467E+1	-4.03236E+1
9.74000E+10	1.62130E-4	2.98105E+1	-2.07443E+1	-2.29559E+1
9.76000E+10	1.07671E-4	2.82390E+1	-2.21952E+1	-1.31918E+1
9.78000E+10	1.88655E-4	3.10513E+1	-3.56899E+1	-3.56340E-1
9.80000E+10	1.40785E-4	2.99487E+1	-2.63030E+1	1.72167E+1
9.82000E+10	1.05774E-4	2.87664E+1	-1.10098E+1	2.51299E+1
9.84000E+10	7.08331E-5	2.70216E+1	4.74064E+0	2.19365E+1
9.86000E+10	1.55852E-4	3.00090E+1	1.67833E+1	2.68403E+1
9.88000E+10	9.94842E-5	2.78097E+1	2.43923E+1	-2.98658E+0
9.90000E+10	2.24608E-5	2.11117E+1	1.13546E+1	-4.96149E-1
9.92000E+10	1.92376E-4	3.02367E+1	3.04532E+1	-1.13412E+1
9.94000E+10	1.15808E-4	2.79841E+1	-1.22407E-1	-2.50727E+1
9.96000E+10	3.11532E-5	2.26320E+1	1.34323E+1	-1.69958E+0
9.98000E+10	4.06507E-4	3.38612E+1	1.65432E+1	-4.64672E+1
1.00000E+11	8.65046E-5	2.75257E+1	-2.17455E+1	-9.63426E+0
1.00200E+11	6.73059E-5	2.62153E+1	1.31254E+0	-2.04113E+1
1.00400E+11	5.80707E-4	3.55403E+1	-5.17100E+1	-3.01214E+1
1.00600E+11	5.18348E-5	2.52117E+1	-1.31581E+1	1.26049E+1
1.00800E+11	2.98582E-5	2.27819E+1	-1.05384E+1	8.87102E+0
1.01000E+11	5.44926E-4	3.51737E+1	-3.80671E+1	4.29209E+1
1.01200E+11	7.01187E-5	2.67677E+1	2.00550E+1	8.53667E+0
1.01400E+11	8.64622E-5	2.79521E+1	4.70730E+0	2.45332E+1
1.01600E+11	1.95417E-4	3.17511E+1	3.35420E+1	1.92759E+1
1.01800E+11	7.28422E-5	2.78991E+1	2.41906E+1	-5.59363E+0
1.02000E+11	6.36174E-6	1.75390E+1	5.84860E+0	4.74708E+0
1.02200E+11	4.11920E-4	3.58470E+1	5.42669E+1	-2.99731E+1
1.02400E+11	6.27309E-5	2.73698E+1	8.48700E-1	-2.33455E+1
1.02600E+11	1.10483E-4	3.09304E+1	6.52022E+0	-3.45891E+1
1.02800E+11	1.81884E-4	3.30515E+1	6.89971E+0	-4.44012E+1
1.03000E+11	1.91046E-4	3.42196E+1	-4.73247E+1	-2.00632E+1
1.03200E+11	1.46354E-5	2.29368E+1	-1.32923E+1	4.46730E+0
1.03400E+11	3.67947E-4	3.66243E+1	-6.58898E+1	1.59695E+1
1.03600E+11	5.30348E-5	2.74825E+1	-4.72990E+0	2.31887E+1
1.03800E+11	8.16534E-5	2.85790E+1	-1.57929E+1	2.17146E+1
1.04000E+11	1.78181E-4	3.21497E+1	1.15884E+1	3.88096E+1
1.04200E+11	6.08698E-5	2.67127E+1	1.44834E+1	1.61040E+1
1.04400E+11	9.29943E-5	2.79844E+1	2.49743E+1	-2.23040E+0
1.04600E+11	2.77241E-4	3.21745E+1	4.03318E+1	4.81867E+0
1.04800E+11	1.56696E-4	2.92666E+1	1.80206E+1	-2.28007E+1
1.05000E+11	1.58898E-4	2.92639E+1	2.90531E+1	-1.27314E-1
1.05200E+11	3.20212E-4	3.19118E+1	1.44158E+1	-3.66769E+1
1.05400E+11	2.43944E-5	2.08127E+1	6.23901E+0	-9.03617E+0
1.05600E+11	3.90719E-4	3.28035E+1	7.73405E+0	-4.29791E+1
1.05800E+11	1.60802E-4	2.88039E+1	-1.13275E+1	-2.51188E+1
1.06000E+11	2.26260E-4	3.03118E+1	2.09837E+0	-3.27112E+1
1.06200E+11	1.36560E-4	2.86417E+1	-1.98919E+1	-1.83231E+1
1.06400E+11	1.93413E-4	3.04500E+1	-3.23616E+1	7.86680E+0
1.06600E+11	1.54935E-4	2.97642E+1	-2.83692E+0	3.06448E+1
1.06800E+11	5.08255E-4	3.49444E+1	-2.26924E+1	5.10601E+1
1.07000E+11	2.11147E-4	3.11216E+1	2.03846E+1	2.96502E+1
1.07200E+11	4.26797E-5	2.49061E+1	5.23020E+0	1.67960E+1
1.07400E+11	3.49746E-4	3.40942E+1	5.00565E+1	7.83107E+0
1.07600E+11	3.64838E-5	2.44321E+1	1.33824E+1	-9.91867E+0
1.07800E+11	2.24252E-4	3.25398E+1	3.72947E+1	-2.00938E+1
1.08000E+11	9.16559E-5	2.89906E+1	-5.99626E+0	-2.75072E+1
1.08200E+11	1.11426E-4	3.04925E+1	1.86727E+1	-2.77742E+1
1.08400E+11	1.96842E-4	3.33541E+1	-4.16539E+1	-2.07297E+1
1.08600E+11	4.08824E-5	2.62549E+1	-1.37660E+1	-1.52534E+1
1.08800E+11	2.80040E-4	3.48979E+1	-5.27294E+1	-1.75608E+1
1.09000E+11	9.35621E-5	2.99875E+1	-2.38006E+1	2.07521E+1
1.09200E+11	1.04800E-4	3.03276E+1	-2.49710E+1	2.13260E+1
1.09400E+11	1.16505E-4	3.09242E+1	-1.20437E+1	3.30467E+1
1.09600E+11	1.68198E-4	3.31668E+1	-2.49431E+0	4.54662E+1
1.09800E+11	2.63615E-5	2.49387E+1	9.25383E+0	1.50388E+1
1.10000E+11	1.58532E-4	3.27046E+1	2.50628E+1	3.51557E+1
1.10200E+11	6.89212E-5	2.93518E+1	2.89138E+1	-5.03372E+0
1.10400E+11	7.44267E-5	2.96964E+1	1.13594E+1	2.83451E+1
1.10600E+11	1.94315E-4	3.37912E+1	3.76484E+1	-3.12502E+1
1.10800E+11	7.22864E-6	1.92343E+1	7.99314E+0	4.46600E+0
1.11000E+11	2.22560E-4	3.35487E+1	3.10391E+1	-3.60627E+1
1.11200E+11	2.14362E-5	2.32081E+1	-3.68376E+0	-1.39910E+1
1.11400E+11	1.94552E-4	3.29137E+1	2.23583E+0	-4.41703E+1
1.11600E+11	2.55829E-4	3.36811E+1	-4.60685E+1	-1.45507E+1
1.11800E+11	2.02083E-4	3.25790E+1	-3.82745E+1	-1.86002E+1
1.12000E+11	1.49926E-4	3.24184E+1	-3.95761E+1	1.33763E+1
1.12200E+11	1.10995E-4	3.04034E+1	-1.75321E+1	2.81062E+1
1.12400E+11	2.65046E-4	3.38885E+1	-5.70145E+0	4.91500E+1
1.12600E+11	1.46785E-4	3.12943E+1	9.69668E+0	3.54002E+1
1.12800E+11	1.44427E-4	3.10331E+1	9.55055E+0	3.43125E+1
1.13000E+11	1.47395E-4	3.10524E+1	3.54736E+1	3.97898E+0
1.13200E+11	1.14243E-4	2.99712E+1	3.12338E+1	4.22357E+0
1.13400E+11	2.38316E-4	3.27721E+1	4.29172E+1	-7.16663E+0
1.13600E+11	5.47197E-5	2.60765E+1	1.38604E+1	-1.45969E+1
1.13800E+11	1.00012E-4	2.88347E+1	2.02286E+1	-1.88538E+1
1.14000E+11	1.29465E-4	2.98861E+1	-1.17218E+0	-3.11888E+1
1.14200E+11	5.08438E-5	2.59460E+1	1.83852E+1	-7.42746E+0
1.14400E+11	1.05813E-4	2.92150E+1	-1.31558E+1	-2.57208E+1
1.14600E+11	3.05954E-6	1.38291E+1	-4.32244E+0	-2.33803E+0
1.14800E+11	3.13903E-4	3.39317E+1	-4.00500E+1	-2.94737E+1
1.15000E+11	1.20715E-4	2.97291E+1	-2.45348E+1	1.83730E+1
1.15200E+11	1.28557E-4	2.99238E+1	-2.88504E+1	1.22584E+1
1.15400E+11	3.47875E-4	3.46203E+1	1.33100E+1	5.21573E+1
1.15600E+11	1.00082E-4	2.92258E+1	2.61340E+1	1.23988E+1
1.15800E+11	4.47926E-4	3.58984E+1	6.22873E+1	3.04607E+0
1.16000E+11	2.99170E-4	3.38530E+1	3.29933E+1	-3.66024E+1
1.16200E+11	2.06368E-4	3.25294E+1	2.73698E+1	-3.22688E+1
1.16400E+11	3.00772E-4	3.42492E+1	1.05351E+1	-5.04903E+1
1.16600E+11	1.88850E-4	3.20179E+1	-5.57506E-1	-3.98891E+1
1.16800E+11	3.92474E-4	3.55108E+1	-1.68272E+1	-5.72172E+1
1.17000E+11	2.01543E-4	3.21829E+1	-3.86449E+1	-1.26345E+1
1.17200E+11	1.81414E-4	3.15711E+1	-3.53550E+1	-1.36341E+1
1.17400E+11	3.78944E-4	3.42909E+1	-5.16130E+1	4.68892E+0
1.17600E+11	1.55155E-4	3.06926E+1	-3.40510E+1	-3.66205E+0
1.17800E+11	1.40243E-4	3.04168E+1	-3.25511E+1	-6.41560E+0
1.18000E+11	2.45372E-4	3.27562E+1	-3.96531E+1	1.77196E+1
1.18200E+11	1.85375E-5	2.15458E+1	-1.17001E+1	2.42055E+0
1.18400E+11	1.93457E-10	-2.81505E+1	-3.89192E-2	4.02502E-3
1.18600E+11	1.02360E-12	-5.06676E+1	-2.92829E-3	-1.66213E-5
1.18800E+11	7.37805E-14	-5.88618E+1	-1.11967E-3	2.14371E-4
1.19000E+11	6.45357E-14	-6.25670E+1	-1.02165E-4	7.37086E-4
1.19200E+11	8.58647E-15	-7.12431E+1	1.35049E-4	-2.38475E-4
1.19400E+11	2.53321E-14	-6.72645E+1	3.80461E-4	2.07333E-4
1.19600E+11	2.33641E-14	-6.83751E+1	-2.33446E-4	-3.01457E-4
1.19800E+11	2.99698E-14	-6.72601E+1	3.28274E-4	-2.83132E-4
1.20000E+11	2.02113E-10	-2.94105E+1	-1.73860E-2	-2.90362E-2
1.20200E+11	2.98665E-5	2.25516E+1	1.07497E+1	-8.02462E+0
1.20400E+11	1.45637E-13	-6.06524E+1	5.39376E-4	-7.54712E-4
1.20600E+11	1.90724E-14	-6.68491E+1	-2.89892E-4	3.50062E-4
1.20800E+11	7.89483E-14	-5.85267E+1	2.55317E-4	1.15702E-3
1.21000E+11	4.62130E-14	-6.17034E+1	-8.17404E-4	-8.60056E-5
1.21200E+11	1.30081E-13	-5.32341E+1	1.29931E-3	-1.74946E-3
1.21400E+11	3.60851E-13	-4.12151E+1	8.67867E-3	5.24303E-4
1.21600E+11	1.03923E-12	-4.85806E+1	-2.25844E-3	-2.96060E-3
1.21800E+11	1.84614E-10	-2.50896E+1	-5.55486E-2	3.47041E-3
1.22000E+11	4.00120E-6	2.66659E+1	-1.50069E+1	1.54555E+1
1.22200E+11	1.35844E-5	3.12306E+1	-3.60755E+1	5.11368E+0
1.22400E+11	1.63354E-4	3.18826E+1	-1.95959E+1	3.40387E+1
1.22600E+11	1.18635E-4	3.08471E+1	-4.88300E+0	3.45185E+1
1.22800E+11	1.17314E-4	3.92866E+1	5.27810E+1	7.54937E+1
1.23000E+11	3.70152E-5	3.56022E+1	-5.89419E+1	-1.25874E+1
1.23200E+11	1.12398E-14	-6.64577E+1	-2.80621E-4	-3.83817E-4
1.23400E+11	3.22404E-14	-6.42523E+1	3.09988E-4	-5.28724E-4
1.23600E+11	3.38050E-14	-6.24915E+1	6.57157E-4	-3.62754E-4
1.23800E+11	1.26869E-12	-4.34930E+1	-6.37944E-3	2.01085E-3
1.24000E+11	3.93825E-13	-4.07483E+1	-4.02866E-3	8.24266E-3
1.24200E+11	4.27519E-9	-1.23822E+1	-2.30037E-1	6.97341E-2
1.24400E+11	1.06892E-8	-4.07769E+0	-4.74964E-1	-4.06766E-1
1.24600E+11	2.91995E-15	-6.78525E+1	1.68535E-4	3.68184E-4
1.24800E+11	1.30876E-13	-3.41840E+1	-1.86037E-2	-5.95795E-3
1.25000E+11	3.81420E-14	-5.00140E+1	1.62110E-3	2.70923E-3
1.25200E+11	1.30720E-13	-5.17283E+1	-7.08510E-4	2.49298E-3
1.25400E+11	3.30474E-14	-5.92710E+1	-7.41699E-4	7.95393E-4
1.25600E+11	3.22056E-14	-5.85819E+1	7.41055E-4	9.14862E-4
1.25800E+11	1.72620E-13	-1.07030E+1	5.69052E-2	-2.86037E-1
1.26000E+11	8.74483E-14	-2.85452E+1	2.82221E-2	2.45239E-2
1.26200E+11	3.15181E-14	-5.01711E+1	2.61298E-3	1.66915E-3
1.26400E+11	4.44815E-10	-1.39641E+1	-1.71712E-1	-1.03227E-1
1.26600E+11	3.43483E-15	-6.88461E+1	-3.60514E-4	-2.15202E-5
1.26800E+11	4.16912E-15	-6.18991E+1	3.46901E-4	-7.24877E-4
1.27000E+11	2.00980E-13	-7.63121E+0	-3.97570E-1	1.20306E-1
1.27200E+11	3.53542E-13	-4.15495E+1	2.21690E-3	-8.06710E-3
1.27400E+11	6.55034E-14	-4.76427E+1	1.79333E-3	3.74058E-3
1.27600E+11	7.24050E-15	-5.23527E+1	2.34608E-3	-5.59747E-4
1.27800E+11	1.17219E-13	-1.05073E+1	-1.71248E-1	2.44234E-1
1.28000E+11	4.53313E-13	-2.04931E+1	8.43154E-2	4.26330E-2
1.28200E+11	6.92489E-14	-2.71990E+1	3.12799E-2	-3.04541E-2
1.28400E+11	1.22557E-13	-2.26851E+1	4.83302E-2	5.52542E-2
1.28600E+11	1.11618E-14	-2.52129E+1	-3.97930E-2	3.77823E-2
1.28800E+11	3.17313E-13	-9.30512E-1	8.63906E-1	2.46589E-1
1.29000E+11	6.57754E-14	-3.02272E+1	2.88703E-2	-1.07489E-2
1.29200E+11	2.01010E-13	-9.61930E-1	8.35491E-1	-3.21367E-1
1.29400E+11	2.66707E-13	-2.16847E+0	7.50469E-1	2.09159E-1
1.29600E+11	1.13049E-13	6.73337E+0	-1.90152E+0	1.04769E+0
1.29800E+11	3.06228E-14	2.91903E+0	1.15986E+0	-7.83030E-1
1.30000E+11	1.37993E-13	-6.37723E-1	7.16554E-1	5.91592E-1
