Position	Channel 1	Channel 2	Channel 3	Channel 4
5.00000E+10	1.63640E-13	8.04757E+0	-6.44501E-1	2.44207E+0
5.02000E+10	5.89930E-14	-4.04891E+0	-6.03933E-1	-1.70042E-1
5.04000E+10	8.54161E-14	-3.65201E+0	6.34961E-1	1.67762E-1
5.06000E+10	1.32144E-13	6.88198E+0	1.25216E+0	1.81923E+0
5.08000E+10	2.81094E-13	1.38617E+1	4.08234E+0	-2.76876E+0
5.10000E+10	7.03963E-14	-7.02670E+0	3.25964E-1	-3.03399E-1
5.12000E+10	1.36774E-13	8.68148E+0	2.71437E+0	1.17252E-1
5.14000E+10	8.35428E-14	-4.38289E+0	-2.95504E-1	-5.26487E-1
5.16000E+10	2.28049E-13	-5.65332E-1	4.84984E-1	-8.01707E-1
5.18000E+10	3.64732E-14	3.59177E-1	7.62639E-1	-7.10353E-1
5.20000E+10	3.07157E-15	-3.24058E+0	2.89072E-1	6.24993E-1
5.22000E+10	5.81223E-14	-3.77030E+0	3.09099E-1	-5.69375E-1
5.24000E+10	5.47594E-15	-1.76245E+1	1.27568E-1	-3.17299E-2
5.26000E+10	1.08267E-13	-8.16052E+0	-1.55423E-1	3.58583E-1
5.28000E+10	5.20883E-14	-1.10180E+1	2.71984E-1	-7.16143E-2
5.30000E+10	2.37890E-14	-6.10486E+0	4.60754E-1	-1.81390E-1
5.32000E+10	1.56974E-13	-1.08947E+0	8.80386E-1	-5.52490E-2
5.34000E+10	4.56878E-14	-5.92611E+0	3.45571E-1	-3.68890E-1
5.36000E+10	6.69991E-14	4.95465E+0	-1.58903E+0	7.77443E-1
5.38000E+10	1.03920E-13	-2.05708E+0	3.34371E-1	7.14783E-1
5.40000E+10	9.34791E-14	2.24480E+0	-1.15013E+0	5.94968E-1
5.42000E+10	9.66849E-14	-6.38748E+0	-4.78247E-1	-3.20605E-2
5.44000E+10	1.39552E-13	8.96133E+0	-4.21155E-1	2.77407E+0
5.46000E+10	1.29140E-13	-1.93893E+0	-5.83217E-1	5.47495E-1
5.48000E+10	1.43305E-13	6.82480E-1	1.05716E+0	2.29317E-1
5.50000E+10	5.60556E-14	7.65887E+0	-9.05536E-1	2.23896E+0
5.52000E+10	1.52149E-13	1.35550E+0	-2.11089E-1	-1.14968E+0
5.54000E+10	3.59340E-13	8.55841E+0	1.52003E+0	-2.20564E+0
5.56000E+10	6.37383E-14	4.79119E-1	-8.90813E-1	-5.68409E-1
5.58000E+10	1.19150E-14	-1.21851E+1	2.39171E-1	-5.70979E-2
5.60000E+10	2.69902E-14	-9.53950E+0	4.08478E-2	3.30934E-1
5.62000E+10	1.74489E-13	8.25434E+0	1.89471E+0	-1.76074E+0
5.64000E+10	1.02443E-13	2.13901E+0	-1.04936E+0	7.31631E-1
5.66000E+10	3.06071E-15	-1.92366E+1	7.49964E-2	-7.93561E-2
5.68000E+10	6.96886E-14	-3.24846E+0	-3.23443E-1	-6.07210E-1
5.70000E+10	2.76677E-13	2.73248E+0	-1.36905E+0	4.21628E-2
5.72000E+10	1.76286E-13	-3.89789E+0	-4.30067E-1	-4.71826E-1
5.74000E+10	4.99977E-14	-4.60238E+0	3.74355E-1	-4.54319E-1
5.76000E+10	7.16783E-15	-5.58234E+0	4.87492E-1	-1.97222E-1
5.78000E+10	8.25967E-15	2.53473E+0	-1.30669E+0	-2.91767E-1
5.80000E+10	2.54996E-13	7.46940E+0	1.79937E+0	-1.53173E+0
5.82000E+10	4.23419E-14	-2.03241E+0	-5.35074E-1	-5.83062E-1
5.84000E+10	1.69080E-13	1.93806E-1	-7.59735E-1	6.84426E-1
5.86000E+10	2.64916E-15	-1.64335E+1	-6.99454E-2	-1.33568E-1
5.88000E+10	3.29074E-13	1.29179E+1	3.87728E+0	-2.13204E+0
5.90000E+10	6.81498E-14	-2.74940E+0	1.03416E-1	7.21292E-1
5.92000E+10	3.50767E-13	1.47166E+1	4.28065E+0	3.36171E+0
5.94000E+10	3.80005E-15	-1.78422E+1	7.06957E-2	1.06946E-1
5.96000E+10	4.58450E-14	-9.33401E+0	2.29224E-1	-2.53041E-1
5.98000E+10	3.78165E-13	4.81594E+0	-1.73912E+0	8.08332E-2
6.00000E+10	8.36875E-15	-8.17171E+0	-2.37913E-1	-3.09423E-1
6.02000E+10	5.07095E-14	-2.91724E+0	3.54428E-1	6.20654E-1
6.04000E+10	1.47506E-14	7.49446E-1	-1.03508E+0	-3.41999E-1
6.06000E+10	1.66755E-13	-5.80100E-1	-8.50614E-1	3.89126E-1
6.08000E+10	2.28375E-13	1.50173E+1	2.59003E-1	5.62868E+0
6.10000E+10	1.64579E-13	3.27546E+0	8.29807E-1	1.19889E+0
6.12000E+10	1.08449E-12	1.83262E+1	7.82454E+0	2.60660E+0
6.14000E+10	3.94311E-13	1.54105E+1	5.29824E+0	-2.58575E+0
6.16000E+10	1.50393E-13	3.66550E+0	-1.45209E+0	-4.65940E-1
6.18000E+10	2.34021E-13	1.93680E+0	1.21440E+0	-2.95358E-1
6.20000E+10	1.11465E-12	1.41216E+1	4.31593E+0	-2.68415E+0
6.22000E+10	1.59341E-15	-1.22510E+1	-2.29541E-1	8.28469E-2
6.24000E+10	2.19386E-13	-2.76751E+0	6.01837E-1	-4.08094E-1
6.26000E+10	1.77214E-13	2.49870E+0	-1.27220E+0	-3.99065E-1
6.28000E+10	6.38532E-14	-7.94991E-2	9.50283E-1	-2.80757E-1
6.30000E+10	3.60590E-14	-1.16215E+1	2.21110E-1	-1.41251E-1
6.32000E+10	1.31065E-12	2.72480E+0	-1.31253E+0	-3.87311E-1
6.34000E+10	2.84092E-13	4.40512E+0	-1.40010E+0	-8.92857E-1
6.36000E+10	2.00250E-10	3.75869E+1	-6.30042E+1	-4.20418E+1
6.38000E+10	1.35348E-8	4.53578E+1	1.63225E+1	-1.84586E+2
6.40000E+10	2.33803E-7	6.47810E+1	1.29396E+3	1.15431E+3
6.42000E+10	1.79140E-7	6.90019E+1	-2.35075E+3	-1.55587E+3
6.44000E+10	8.50089E-8	5.22035E+1	-2.44800E+2	3.25833E+2
6.46000E+10	7.38468E-8	5.99782E+1	9.96731E+2	-3.89927E+1
6.48000E+10	3.39776E-8	5.63265E+1	6.20029E+2	2.11547E+2
6.50000E+10	1.13138E-8	4.31647E+1	1.31865E+2	5.77556E+1
6.52000E+10	4.39874E-9	5.69611E+1	-6.06112E+2	-3.59650E+2
6.54000E+10	2.06080E-8	4.87011E+1	1.67478E+2	-2.14712E+2
6.56000E+10	1.80710E-7	6.96231E+1	2.15524E+3	2.12688E+3
6.58000E+10	1.57221E-6	6.56529E+1	3.42436E+2	-1.88626E+3
6.60000E+10	2.13849E-5	7.82418E+1	3.39496E+2	8.16046E+3
6.62000E+10	3.33381E-5	7.92337E+1	1.24339E+3	-9.07075E+3
6.64000E+10	6.77018E-6	8.58259E+1	6.89736E+3	-1.83000E+4
6.66000E+10	3.14201E-6	7.79775E+1	7.61833E+3	2.17486E+3
6.68000E+10	1.10926E-6	6.48620E+1	1.74305E+3	-1.58693E+2
6.70000E+10	1.03487E-6	7.26451E+1	4.16081E+3	1.03659E+3
6.72000E+10	5.22468E-6	7.65350E+1	3.62819E+3	5.64503E+3
6.74000E+10	6.05327E-6	6.79077E+1	1.53462E+3	1.95495E+3
6.76000E+10	2.19962E-7	6.16620E+1	-3.74812E+2	-1.15140E+3
6.78000E+10	8.15299E-8	5.63400E+1	-4.70498E+2	-4.57337E+2
6.80000E+10	1.89930E-7	1.94736E+1	2.94118E+0	8.94059E+0
6.82000E+10	5.84090E-8	1.06199E+1	-2.03745E+0	-2.71716E+0
6.84000E+10	6.53951E-8	1.30775E+1	-3.93479E+0	2.19760E+0
6.86000E+10	3.64310E-7	2.15081E+1	7.59093E+0	9.15940E+0
6.88000E+10	7.38480E-6	3.92925E+1	8.94457E+1	-2.22733E+1
6.90000E+10	1.10687E-5	5.30694E+1	8.77596E+1	-4.41632E+2
6.92000E+10	3.80454E-6	8.03584E+1	-6.32953E+3	8.27884E+3
6.94000E+10	9.04936E-6	8.12425E+1	-3.34336E+3	1.10429E+4
6.96000E+10	9.66889E-6	8.08587E+1	-2.02592E+3	1.08516E+4
6.98000E+10	3.27693E-6	6.86108E+1	-1.90094E+3	1.91020E+3
7.00000E+10	6.32186E-6	8.04357E+1	7.78027E+3	-7.07249E+3
7.02000E+10	3.62321E-5	8.46174E+1	1.65831E+4	3.81597E+3
7.04000E+10	1.02197E-5	7.35813E+1	3.50349E+3	-3.24591E+3
7.06000E+10	9.33833E-6	7.58474E+1	3.10965E+3	-5.36338E+3
7.08000E+10	3.12510E-5	7.10243E+1	1.48019E+3	-3.23555E+3
7.10000E+10	5.35925E-6	5.62071E+1	-5.79580E+2	-2.85730E+2
7.12000E+10	8.04349E-7	5.02785E+1	-2.79925E+2	1.68120E+2
7.14000E+10	7.18194E-7	2.34243E+1	6.00205E+0	1.35638E+1
7.16000E+10	2.34402E-7	1.64527E+1	6.56454E+0	-1.04448E+0
7.18000E+10	5.09671E-7	1.40535E+1	-2.66777E+0	-4.27941E+0
7.20000E+10	4.26991E-6	2.03566E+1	-3.98492E+0	9.62688E+0
7.22000E+10	6.39747E-6	2.59152E+1	1.89268E+1	5.67344E+0
7.24000E+10	3.35965E-5	3.26785E+1	1.44475E+1	-4.05481E+1
7.26000E+10	2.63585E-4	3.66147E+1	-6.13933E+1	-2.85881E+1
7.28000E+10	9.62089E-5	3.66276E+1	-4.87557E+1	4.71476E+1
7.30000E+10	1.20740E-4	3.39724E+1	-5.81110E+0	4.96208E+1
7.32000E+10	3.87490E-4	3.42090E+1	3.42028E+1	3.82870E+1
7.34000E+10	5.40259E-5	3.10287E+1	3.42471E+1	9.71668E+0
7.36000E+10	1.28125E-4	3.21411E+1	3.70354E+1	-1.62970E+1
7.38000E+10	1.43924E-4	3.30660E+1	3.33805E+1	-3.01921E+1
7.40000E+10	5.50950E-5	3.17695E+1	2.64283E+1	-2.83641E+1
7.42000E+10	2.58753E-4	3.45194E+1	-4.39518E+1	-2.99877E+1
7.44000E+10	7.15104E-5	3.27509E+1	6.34564E+0	4.29389E+1
7.46000E+10	7.39092E-5	3.23410E+1	3.38906E+1	2.37859E+1
7.48000E+10	1.64833E-4	3.26604E+1	3.68664E+1	-2.20464E+1
7.50000E+10	2.06710E-5	3.14890E+1	-1.05350E+1	-3.60276E+1
7.52000E+10	5.01664E-5	3.12513E+1	-2.62930E+1	-2.53496E+1
7.54000E+10	2.28782E-5	2.99806E+1	-3.06392E+1	7.53595E+0
7.56000E+10	5.04124E-6	2.50010E+1	-8.57907E+0	1.55788E+1
7.58000E+10	5.31237E-5	2.97451E+1	1.15751E+0	3.06863E+1
7.60000E+10	8.56266E-6	2.86896E+1	2.38137E+1	1.31318E+1
7.62000E+10	2.72393E-5	3.17989E+1	3.79724E+1	-8.44328E+0
7.64000E+10	3.37752E-5	3.51591E+1	5.25042E+1	2.28820E+1
7.66000E+10	1.84052E-5	3.60181E+1	5.72405E+1	-2.68560E+1
7.68000E+10	7.40162E-5	3.59883E+1	2.96791E+1	-5.55833E+1
7.70000E+10	6.60952E-6	3.43981E+1	4.08487E+0	-5.23102E+1
7.72000E+10	1.51981E-5	3.47060E+1	-4.03966E+1	-3.63790E+1
7.74000E+10	2.45267E-5	3.47753E+1	-5.47220E+1	-2.88017E+0
7.76000E+10	2.41164E-5	3.55182E+1	-5.39560E+1	2.55295E+1
7.78000E+10	6.69829E-5	3.53411E+1	-3.45455E+1	4.71938E+1
7.80000E+10	1.06336E-5	3.51232E+1	-4.06063E+0	5.68926E+1
7.82000E+10	6.32194E-5	3.61963E+1	1.37681E+1	6.30521E+1
7.84000E+10	6.31421E-5	3.69248E+1	3.87400E+1	5.85243E+1
7.86000E+10	1.01345E-4	3.63396E+1	5.40266E+1	3.72295E+1
7.88000E+10	3.86992E-4	3.70202E+1	7.04242E+1	8.70080E+0
7.90000E+10	2.00039E-4	3.68208E+1	5.52070E+1	-4.19701E+1
7.92000E+10	6.38269E-4	3.61384E+1	4.46124E+1	-4.60403E+1
7.94000E+10	2.73611E-4	3.53239E+1	-9.51492E+0	-5.75902E+1
7.96000E+10	4.58758E-4	3.56947E+1	-5.79705E+1	-1.87148E+1
7.98000E+10	4.24539E-4	3.52272E+1	-5.46163E+1	1.86857E+1
8.00000E+10	6.32895E-4	3.67203E+1	-3.78295E+1	5.71677E+1
8.02000E+10	8.75178E-4	3.71425E+1	3.41610E+1	6.33413E+1
8.04000E+10	5.86370E-4	3.65668E+1	6.68017E+1	8.57985E+0
8.06000E+10	1.22792E-3	3.84366E+1	8.35152E+1	1.46921E+0
8.08000E+10	6.65286E-4	3.66282E+1	4.49984E+1	-5.07521E+1
8.10000E+10	7.80727E-4	3.62104E+1	2.91349E+0	-6.45768E+1
8.12000E+10	4.34447E-4	3.47553E+1	-1.90815E+1	-5.12343E+1
8.14000E+10	4.08194E-4	3.49974E+1	-3.59831E+1	-4.31925E+1
8.16000E+10	5.94090E-4	3.60969E+1	-6.08922E+1	-1.90527E+1
8.18000E+10	2.82018E-4	3.60563E+1	-6.11040E+1	1.73019E+1
8.20000E+10	6.62135E-4	3.73211E+1	-6.10133E+1	4.09123E+1
8.22000E+10	1.86510E-4	3.72722E+1	-6.00526E+0	7.28009E+1
8.24000E+10	7.46763E-4	3.83871E+1	3.81355E+1	7.37800E+1
8.26000E+10	3.51327E-4	3.80650E+1	6.78764E+1	4.23965E+1
8.28000E+10	6.40182E-4	3.77336E+1	7.63754E+1	-1.00480E+1
8.30000E+10	5.91844E-4	3.82746E+1	5.15204E+0	-8.18217E+1
8.32000E+10	4.81149E-4	3.81222E+1	-3.30197E+1	-7.34800E+1
8.34000E+10	7.81503E-4	3.90365E+1	-7.44767E+1	-4.96348E+1
8.36000E+10	5.07123E-4	3.75819E+1	-6.11666E+1	4.45992E+1
8.38000E+10	9.25379E-4	3.83385E+1	-5.40613E+1	6.24368E+1
8.40000E+10	5.02163E-4	3.81498E+1	1.46881E+1	7.94682E+1
8.42000E+10	9.54814E-4	3.83900E+1	6.81176E+1	4.75639E+1
8.44000E+10	4.77956E-4	3.75047E+1	7.45076E+1	-8.84148E+0
8.46000E+10	9.74371E-4	3.94474E+1	9.09239E+1	-2.31939E+1
8.48000E+10	4.42866E-4	3.87160E+1	4.66915E+1	-7.25287E+1
8.50000E+10	5.70993E-4	3.80923E+1	3.03796E+1	-7.43118E+1
8.52000E+10	4.07742E-4	3.81342E+1	1.14417E+1	-7.98540E+1
8.54000E+10	3.84063E-4	3.73045E+1	-1.50345E+1	-7.17628E+1
8.56000E+10	3.23791E-4	3.57572E+1	-2.26610E+1	-5.70180E+1
8.58000E+10	2.95663E-4	3.50439E+1	-1.46986E+1	-5.45740E+1
8.60000E+10	3.69673E-4	3.42323E+1	-2.01010E+1	-4.73904E+1
8.62000E+10	2.31985E-4	3.33229E+1	-3.58866E+1	-2.93496E+1
8.64000E+10	3.95396E-4	3.35944E+1	-4.70408E+1	-8.66497E+0
8.66000E+10	1.91836E-4	3.35786E+1	-4.67094E+1	-9.89221E+0
8.68000E+10	5.38693E-4	3.55410E+1	-2.49720E+1	5.43892E+1
8.70000E+10	2.66125E-4	3.73395E+1	-2.04421E+0	7.35881E+1
8.72000E+10	8.72064E-4	3.88240E+1	5.45549E+1	6.82024E+1
8.74000E+10	5.69248E-4	3.91153E+1	8.97207E+1	1.03519E+1
8.76000E+10	1.04046E-3	3.94151E+1	7.20019E+1	-5.96288E+1
8.78000E+10	7.67877E-4	3.90660E+1	3.92560E+1	-8.07704E+1
8.80000E+10	9.83076E-4	3.86008E+1	-1.65768E+1	-8.34918E+1
8.82000E+10	9.38651E-4	3.84285E+1	-6.03463E+1	-5.76384E+1
8.84000E+10	8.60566E-4	3.78870E+1	-6.79219E+1	-3.91680E+1
8.86000E+10	1.09142E-3	3.89829E+1	-8.88558E+1	-4.08940E+0
8.88000E+10	9.27715E-4	3.91637E+1	-7.89577E+1	4.48789E+1
8.90000E+10	8.78552E-4	3.85047E+1	-7.02854E+1	4.63358E+1
8.92000E+10	9.20904E-4	4.06667E+1	-1.71713E+1	1.06604E+2
8.94000E+10	1.21896E-3	4.05695E+1	3.28843E+0	1.06725E+2
8.96000E+10	7.76347E-4	3.99652E+1	8.42094E+0	9.92431E+1
8.98000E+10	1.23745E-3	4.12829E+1	5.54221E+1	1.01808E+2
9.00000E+10	7.84241E-4	3.94147E+1	6.80078E+1	6.41410E+1
9.02000E+10	1.25748E-3	4.03512E+1	8.78525E+1	5.58956E+1
9.04000E+10	7.01231E-4	3.86183E+1	8.17648E+1	2.42796E+1
9.06000E+10	1.20969E-3	3.91252E+1	8.09983E+1	-4.01846E+1
9.08000E+10	6.81820E-4	3.79150E+1	7.29969E+1	-2.93032E+1
9.10000E+10	1.04452E-3	3.77587E+1	4.39674E+1	-6.35250E+1
9.12000E+10	6.50191E-4	3.68624E+1	-1.36631E+1	-6.83295E+1
9.14000E+10	1.23843E-3	3.86325E+1	-3.38424E+1	-7.84442E+1
9.16000E+10	5.08297E-4	3.71584E+1	-6.85850E+1	-2.22286E+1
9.18000E+10	8.40246E-4	3.90004E+1	-8.09443E+1	3.73095E+1
9.20000E+10	5.76680E-4	3.99944E+1	-2.36804E+1	9.70892E+1
9.22000E+10	7.00510E-4	3.88840E+1	3.94927E+1	7.85767E+1
9.24000E+10	5.89293E-4	3.97650E+1	8.22995E+1	5.19630E+1
9.26000E+10	6.28291E-4	3.83764E+1	8.01435E+1	-2.13988E+1
9.28000E+10	6.05315E-4	3.88137E+1	5.87395E+1	-6.44937E+1
9.30000E+10	5.16110E-4	3.77223E+1	-1.40528E+1	-7.56392E+1
9.32000E+10	6.43566E-4	3.66795E+1	-1.28964E+1	-6.70001E+1
9.34000E+10	5.70463E-4	3.66414E+1	-4.73525E+1	-4.87073E+1
9.36000E+10	7.68649E-4	3.67170E+1	-6.55288E+1	-2.00422E+1
9.38000E+10	6.01745E-4	3.71195E+1	-7.14892E+1	-6.40141E+0
9.40000E+10	9.85173E-4	3.84855E+1	-7.63556E+1	3.50109E+1
9.42000E+10	4.15807E-4	3.72026E+1	-6.85303E+1	2.35548E+1
9.44000E+10	9.40078E-4	3.89114E+1	-8.08320E+1	3.53423E+1
9.46000E+10	4.75980E-4	4.20360E+1	-9.99353E+1	7.74206E+1
9.48000E+10	6.18873E-4	3.73108E+1	-4.90906E+1	5.45328E+1
9.50000E+10	4.74241E-4	3.90906E+1	-5.31145E+1	7.27295E+1
9.52000E+10	9.37717E-4	3.85640E+1	-2.34955E+1	8.14402E+1
9.54000E+10	5.19340E-4	3.81656E+1	-1.05118E+1	8.02761E+1
9.56000E+10	9.82151E-4	3.82819E+1	2.07614E+1	7.93828E+1
9.58000E+10	7.47161E-4	3.76042E+1	3.30180E+1	6.83359E+1
9.60000E+10	1.36187E-3	3.83186E+1	7.12195E+1	4.14442E+1
9.62000E+10	6.10466E-4	3.62344E+1	5.38560E+1	3.60743E+1
9.64000E+10	1.22056E-3	3.74711E+1	7.30715E+1	1.57042E+1
9.66000E+10	5.86950E-4	3.49326E+1	5.57923E+1	-8.90748E-1
9.68000E+10	1.16022E-3	3.71981E+1	6.77722E+1	-2.55474E+1
9.70000E+10	4.87077E-4	3.45500E+1	2.46533E+1	-4.73631E+1
9.72000E+10	9.72560E-4	3.67284E+1	2.94432E+1	-6.19772E+1
9.74000E+10	6.03138E-4	3.62667E+1	-6.35500E+0	-6.47523E+1
9.76000E+10	9.94524E-4	3.69944E+1	-4.53834E+1	-5.42753E+1
9.78000E+10	5.54232E-4	3.63575E+1	-5.59195E+1	-3.45785E+1
9.80000E+10	8.42809E-4	3.67184E+1	-6.85168E+1	-1.62651E+0
9.82000E+10	3.68645E-4	3.49777E+1	-4.99218E+1	2.55711E+1
9.84000E+10	1.08962E-3	3.77173E+1	-2.89166E+1	7.12441E+1
9.86000E+10	3.44701E-4	3.43430E+1	4.42739E+0	5.19490E+1
9.88000E+10	7.67183E-4	3.59140E+1	3.08512E+1	5.43252E+1
9.90000E+10	3.67646E-4	3.41769E+1	4.49944E+1	2.43278E+1
9.92000E+10	5.68513E-4	3.43954E+1	5.17926E+1	8.29675E+0
9.94000E+10	4.18657E-4	3.44663E+1	5.28303E+1	-2.35265E+0
9.96000E+10	1.02199E-3	3.71895E+1	6.58979E+1	-2.98805E+1
9.98000E+10	3.65647E-4	3.42591E+1	4.80142E+1	-1.89988E+1
1.00000E+11	1.27766E-3	3.85844E+1	3.79167E+1	-7.60310E+1
1.00200E+11	5.14340E-4	3.59784E+1	1.25152E+1	-6.16823E+1
1.00400E+11	1.06436E-3	3.75181E+1	6.67780E-1	-7.51431E+1
1.00600E+11	5.81275E-4	3.65775E+1	-4.41209E+1	-5.09966E+1
1.00800E+11	7.80337E-4	3.63059E+1	-6.42062E+1	-1.22135E+1
1.01000E+11	5.45442E-4	3.60918E+1	-6.11159E+1	-1.81915E+1
1.01200E+11	1.16947E-3	3.82725E+1	-6.84449E+1	4.50932E+1
1.01400E+11	5.03863E-4	3.63511E+1	-2.92491E+1	5.88282E+1
1.01600E+11	1.25309E-3	3.89403E+1	-1.34605E+1	8.74852E+1
1.01800E+11	5.31456E-4	3.75006E+1	2.07815E+1	7.20576E+1
1.02000E+11	1.13341E-3	3.90909E+1	3.76556E+1	8.18134E+1
1.02200E+11	6.63223E-4	3.92868E+1	6.87243E+1	6.13390E+1
1.02400E+11	1.15898E-3	3.92015E+1	8.90001E+1	1.99865E+1
1.02600E+11	6.61359E-4	4.00176E+1	9.92808E+1	-1.35642E+1
1.02800E+11	1.24111E-3	4.03485E+1	9.13778E+1	-4.98553E+1
1.03000E+11	6.35613E-4	4.06721E+1	4.82625E+1	-9.66665E+1
1.03200E+11	9.79106E-4	3.97970E+1	5.01058E+0	-9.75611E+1
1.03400E+11	5.37328E-4	3.96985E+1	-2.86647E+1	-9.22369E+1
1.03600E+11	8.53710E-4	3.83843E+1	-5.65467E+1	-6.07935E+1
1.03800E+11	4.22435E-4	3.67919E+1	-6.80225E+1	-1.22592E+1
1.04000E+11	1.17262E-3	3.91362E+1	-9.05213E+1	1.49311E+0
1.04200E+11	5.19610E-4	3.72440E+1	-5.25178E+1	5.04319E+1
1.04400E+11	9.10951E-4	3.69498E+1	-1.81958E+1	6.79937E+1
1.04600E+11	5.13745E-4	3.58321E+1	-1.99913E+1	5.85703E+1
1.04800E+11	1.13035E-3	3.71706E+1	1.93211E+1	6.95658E+1
1.05000E+11	5.29341E-4	3.53966E+1	2.74128E+1	5.20884E+1
1.05200E+11	1.64128E-3	3.84773E+1	5.28355E+1	6.51988E+1
1.05400E+11	6.99588E-4	3.61784E+1	3.50084E+1	5.40590E+1
1.05600E+11	1.01930E-3	3.64012E+1	6.20316E+1	2.27688E+1
1.05800E+11	9.71524E-4	3.75384E+1	6.71504E+1	3.41192E+1
1.06000E+11	1.68791E-3	3.85259E+1	8.35647E+1	1.17782E+1
1.06200E+11	7.90959E-4	3.69919E+1	6.95802E+1	-1.26953E+1
1.06400E+11	1.94348E-3	3.95053E+1	3.18270E+1	-8.89400E+1
1.06600E+11	1.02339E-3	3.91086E+1	-2.74264E+1	-8.59776E+1
1.06800E+11	1.34516E-3	3.85487E+1	-5.95640E+1	-6.00953E+1
1.07000E+11	7.44755E-4	3.73629E+1	-6.94250E+1	-2.50766E+1
1.07200E+11	1.06318E-3	3.84331E+1	-8.26859E+1	1.15860E+1
1.07400E+11	7.99639E-4	3.85879E+1	-7.67375E+1	3.65446E+1
1.07600E+11	7.26710E-4	3.69325E+1	-3.93135E+1	5.82156E+1
1.07800E+11	3.72120E-4	3.56948E+1	-5.58801E+0	6.06600E+1
1.08000E+11	8.97719E-4	3.83839E+1	2.62656E+1	7.87577E+1
1.08200E+11	4.09170E-4	3.69813E+1	4.33815E+1	5.57532E+1
1.08400E+11	5.76577E-4	3.77457E+1	6.60292E+1	3.98851E+1
1.08600E+11	5.31593E-4	3.81584E+1	7.99369E+1	-1.24086E+1
1.08800E+11	5.57840E-4	3.78289E+1	7.33203E+1	-2.62683E+1
1.09000E+11	6.43227E-4	3.88182E+1	6.22410E+1	-6.11854E+1
1.09200E+11	6.23859E-4	3.78711E+1	2.41089E+1	-7.44565E+1
1.09400E+11	6.27891E-4	3.85539E+1	2.48677E+1	-8.09286E+1
1.09600E+11	6.24495E-4	3.92429E+1	-1.86894E+1	-8.97268E+1
1.09800E+11	3.01172E-4	3.56024E+1	-3.27596E+1	-5.05922E+1
1.10000E+11	4.75085E-4	3.80081E+1	-5.18291E+1	-6.02912E+1
1.10200E+11	6.22851E-4	3.87444E+1	-8.27392E+1	-2.53691E+1
1.10400E+11	3.01517E-4	3.61570E+1	-6.38512E+1	-7.11533E+0
1.10600E+11	6.91417E-4	3.92270E+1	-8.23354E+1	3.98800E+1
1.10800E+11	5.24979E-4	3.83574E+1	-3.85519E+1	7.32425E+1
1.11000E+11	3.23101E-4	3.51485E+1	-5.17187E+0	5.69695E+1
1.11200E+11	5.69646E-4	3.79409E+1	-7.64468E+0	7.85232E+1
1.11400E+11	6.31502E-4	3.80436E+1	4.73675E+1	6.42611E+1
1.11600E+11	3.51719E-4	3.54408E+1	4.56600E+1	3.76202E+1
1.11800E+11	8.33300E-4	3.86189E+1	8.51256E+1	5.44158E+0
1.12000E+11	3.07034E-4	3.57105E+1	5.31537E+1	-2.99836E+1
1.12200E+11	5.67599E-4	3.70851E+1	6.17010E+1	-3.61122E+1
1.12400E+11	5.92515E-4	3.78307E+1	3.25312E+1	-7.07821E+1
1.12600E+11	4.90240E-4	3.63746E+1	1.31503E+1	-6.45506E+1
1.12800E+11	6.34580E-4	3.77041E+1	-1.00433E+1	-7.61123E+1
1.13000E+11	6.91509E-4	3.77786E+1	-4.19064E+1	-6.51136E+1
1.13200E+11	5.25585E-4	3.68639E+1	-5.04797E+1	-4.80529E+1
1.13400E+11	7.16574E-4	3.75000E+1	-6.51565E+1	-3.71214E+1
1.13600E+11	5.97190E-4	3.66812E+1	-6.64148E+1	-1.56904E+1
1.13800E+11	7.82668E-4	3.79535E+1	-7.84259E+1	9.58024E+0
1.14000E+11	9.09277E-4	3.84367E+1	-7.71223E+1	3.20800E+1
1.14200E+11	8.14383E-4	3.83223E+1	-5.68374E+1	5.97092E+1
1.14400E+11	4.33910E-4	3.54865E+1	-3.59696E+0	5.93649E+1
1.14600E+11	9.49165E-4	3.89847E+1	2.48900E+1	8.54152E+1
1.14800E+11	1.09857E-3	3.93771E+1	6.16599E+1	6.97267E+1
1.15000E+11	4.38195E-4	3.54847E+1	5.72505E+1	1.60627E+1
1.15200E+11	1.17312E-3	3.94293E+1	8.15924E+1	-4.59479E+1
1.15400E+11	8.84094E-4	3.89036E+1	4.06447E+1	-7.82113E+1
1.15600E+11	6.10879E-4	3.70660E+1	-1.32427E+1	-7.00948E+1
1.15800E+11	8.89582E-4	3.90898E+1	-7.97151E+1	-4.18886E+1
1.16000E+11	9.19612E-4	3.86297E+1	-8.52684E+1	-4.83416E+0
1.16200E+11	5.64532E-4	3.68452E+1	-6.95135E+1	-2.05159E+0
1.16400E+11	5.25224E-4	3.65411E+1	-6.11124E+1	2.78315E+1
1.16600E+11	4.87462E-4	3.61974E+1	-5.83377E+1	2.76211E+1
1.16800E+11	5.16693E-4	3.67506E+1	-5.53797E+1	4.08079E+1
1.17000E+11	1.40445E-4	3.06510E+1	-5.49325E+0	3.36383E+1
1.17200E+11	3.74254E-4	3.48947E+1	-1.57719E+1	5.32706E+1
1.17400E+11	6.21981E-4	3.63213E+1	-7.15936E+0	6.50806E+1
1.17600E+11	2.82308E-4	3.34502E+1	-2.54319E+1	3.95779E+1
1.17800E+11	3.45324E-4	3.40750E+1	-2.38448E+1	4.45767E+1
1.18000E+11	4.12391E-4	3.55288E+1	-9.54684E+0	5.89968E+1
1.18200E+11	6.27514E-5	2.65975E+1	-1.13909E+1	1.80852E+1
1.18400E+11	2.98482E-9	-1.56612E+1	-7.89253E-2	1.44664E-1
1.18600E+11	2.16713E-12	-4.77719E+1	-2.87272E-3	2.90707E-3
1.18800E+11	1.21397E-13	-5.62467E+1	-3.67271E-4	1.49608E-3
1.19000E+11	6.49389E-14	-6.27362E+1	-4.05621E-4	6.06669E-4
1.19200E+11	2.96164E-14	-6.55236E+1	-3.23890E-4	4.18817E-4
1.19400E+11	2.93138E-14	-6.67847E+1	-4.30947E-4	-1.54768E-4
1.19600E+11	4.35769E-14	-6.55576E+1	2.13624E-4	4.82170E-4
1.19800E+11	5.08195E-14	-6.56870E+1	-3.61170E-4	3.73519E-4
1.20000E+11	4.26875E-8	-5.87657E+0	-1.77599E-1	-4.76329E-1
1.20200E+11	2.26650E-5	2.12890E+1	6.38729E+0	-9.68288E+0
1.20400E+11	7.23669E-14	-6.27919E+1	3.63225E-4	-6.27579E-4
1.20600E+11	1.55949E-13	-5.81436E+1	-1.15636E-3	4.42892E-4
1.20800E+11	1.35175E-13	-5.55844E+1	-1.53349E-3	-6.42306E-4
1.21000E+11	1.06132E-15	-7.94431E+1	-9.69471E-5	-4.43788E-5
1.21200E+11	2.19304E-13	-4.89601E+1	5.35525E-4	3.52402E-3
1.21400E+11	1.89551E-13	-4.71414E+1	-7.22052E-4	-4.33497E-3
1.21600E+11	4.73665E-12	-4.06148E+1	-8.68309E-3	3.37690E-3
1.21800E+11	2.06754E-11	-3.58064E+1	1.09104E-2	1.19835E-2
1.22000E+11	1.80571E-7	1.58587E+1	2.13138E+0	5.83038E+0
1.22200E+11	7.17462E-5	3.44110E+1	-1.34616E+1	5.07937E+1
1.22400E+11	3.88474E-5	2.65449E+1	-3.18728E-1	2.12421E+1
1.22600E+11	3.31290E-5	2.45141E+1	8.25581E+0	1.46491E+1
1.22800E+11	1.23899E-4	4.36293E+1	1.50615E+2	-1.94631E+1
1.23000E+11	1.14625E-5	2.75522E+1	-2.34455E+1	-4.41001E+0
1.23200E+11	9.25877E-14	-5.55746E+1	5.21975E-4	1.58049E-3
1.23400E+11	2.58182E-13	-5.61700E+1	4.34838E-4	-1.49210E-3
1.23600E+11	1.22120E-13	-5.63014E+1	1.15960E-3	-9.99409E-4
1.23800E+11	1.49444E-12	-4.43599E+1	-1.23742E-3	-5.92565E-3
1.24000E+11	2.15715E-11	-2.34787E+1	4.65519E-2	4.81846E-2
1.24200E+11	1.03257E-8	-9.17861E+0	-9.40674E-2	-3.34621E-1
1.24400E+11	2.21986E-8	1.26297E+0	1.08805E+0	3.91990E-1
1.24600E+11	2.46544E-13	-4.80111E+1	3.12634E-3	-2.45652E-3
1.24800E+11	7.49977E-14	-3.26126E+1	1.71354E-2	1.59477E-2
1.25000E+11	3.68930E-14	-5.04957E+1	-1.87827E-3	2.32240E-3
1.25200E+11	7.49386E-14	-5.37513E+1	1.88228E-3	-8.20191E-4
1.25400E+11	4.25719E-14	-5.86002E+1	6.09233E-4	-1.00456E-3
1.25600E+11	5.98880E-14	-5.44433E+1	1.74845E-3	7.33251E-4
1.25800E+11	2.20652E-14	-2.70458E+1	3.20336E-2	-3.07925E-2
1.26000E+11	1.12169E-13	-1.74447E+1	1.24462E-1	-5.01988E-2
1.26200E+11	1.06690E-13	-4.53215E+1	1.70188E-3	-5.14493E-3
1.26400E+11	5.66474E-9	-1.16850E+0	2.22951E-1	-8.45218E-1
1.26600E+11	4.16184E-14	-5.94840E+1	1.16804E-4	1.05475E-3
1.26800E+11	3.16818E-13	-4.14855E+1	6.29457E-3	5.60444E-3
1.27000E+11	8.75912E-14	-2.23529E+1	7.52402E-2	1.24916E-2
1.27200E+11	2.26430E-13	-4.14250E+1	1.42300E-3	-8.36677E-3
1.27400E+11	1.69951E-13	-4.37910E+1	1.93297E-3	-6.16745E-3
1.27600E+11	1.17919E-14	-4.84276E+1	3.97328E-4	3.76894E-3
1.27800E+11	3.94921E-13	6.27337E+0	-1.26841E+0	1.62199E+0
1.28000E+11	1.54771E-13	-2.37256E+1	-4.89666E-2	4.29296E-2
1.28200E+11	1.15044E-13	-2.52958E+1	-3.97821E-2	3.70333E-2
1.28400E+11	2.02958E-14	-3.56161E+1	4.29508E-3	-1.59987E-2
1.28600E+11	1.62806E-13	-1.57928E+1	-8.22055E-2	1.39959E-1
1.28800E+11	2.02211E-15	-1.20556E+1	-1.42051E-1	-2.05217E-1
1.29000E+11	1.47637E-13	-2.69848E+1	-3.12990E-2	3.19786E-2
1.29200E+11	2.22316E-13	1.03233E+1	-2.00801E+0	2.59631E+0
1.29400E+11	1.54575E-13	-5.43088E-2	-1.65454E-1	9.79897E-1
1.29600E+11	6.64499E-15	3.64242E+0	8.66882E-1	1.24975E+0
1.29800E+11	8.41703E-15	-1.56128E+1	1.28329E-1	1.04845E-1
1.30000E+11	1.10520E-13	2.76861E+0	-4.94246E-1	-1.28353E+0
