Position	Channel 1	Channel 2	Channel 3	Channel 4
4.50000E+11	6.51757E-13	-1.09870E+1	2.81798E-1	-1.61452E-2
4.50175E+11	1.50516E-12	-1.31097E+1	1.04948E-1	-1.94563E-1
4.50350E+11	6.40264E-14	-2.57915E+1	-4.03463E-2	3.17428E-2
4.50525E+11	9.38806E-13	-1.58646E+1	-8.04441E-2	1.39437E-1
4.50700E+11	2.82640E-12	-6.51284E+0	4.38647E-2	-4.70412E-1
4.50875E+11	7.93015E-13	-1.11773E+1	-2.72789E-1	4.29188E-2
4.51050E+11	5.86361E-13	-1.51029E+1	5.81777E-2	-1.65824E-1
4.51225E+11	3.62028E-12	-8.96006E+0	4.84287E-2	3.53144E-1
4.51400E+11	4.16311E-13	-1.90689E+1	-2.81524E-2	1.07696E-1
4.51575E+11	1.59168E-12	-3.05771E+0	6.45525E-1	-2.79049E-1
4.51750E+11	1.25791E-12	-1.35693E+1	1.97289E-1	7.09790E-2
4.51925E+11	5.30744E-13	-1.74727E+0	6.99849E-1	-4.23054E-1
4.52100E+11	1.28027E-12	-1.21715E+1	-1.38081E-1	-2.03928E-1
4.52275E+11	1.93650E-12	-1.72726E+1	-1.12965E-1	-7.73161E-2
4.52450E+11	7.84582E-13	-2.45513E+1	-4.34267E-2	-4.02561E-2
4.52625E+11	1.79286E-12	-2.72453E+1	-2.38865E-3	4.33588E-2
4.52800E+11	7.61259E-12	-2.40898E+1	-5.83204E-2	2.23228E-2
4.52975E+11	5.62892E-12	-2.68739E+1	-4.15756E-2	-1.80417E-2
4.53150E+11	6.88528E-12	-2.95911E+1	-1.09392E-2	-3.12899E-2
4.53325E+11	1.71974E-11	-2.79621E+1	2.58151E-2	-3.05347E-2
4.53500E+11	1.18036E-11	-2.96218E+1	1.37439E-2	3.00347E-2
4.53675E+11	1.93653E-12	-3.83070E+1	-1.13320E-2	4.38836E-3
4.53850E+11	9.27246E-12	-3.19006E+1	-4.74046E-3	-2.49617E-2
4.54025E+11	1.85965E-11	-3.08144E+1	2.55977E-2	-1.31819E-2
4.54200E+11	3.05835E-11	-2.88673E+1	1.82020E-2	3.10915E-2
4.54375E+11	5.31602E-12	-3.65929E+1	-1.41554E-2	4.33070E-3
4.54550E+11	4.98552E-12	-3.61873E+1	-1.02697E-2	-1.16239E-2
4.54725E+11	1.09402E-12	-4.10597E+1	-4.84538E-4	-8.83818E-3
4.54900E+11	3.08812E-12	-3.47491E+1	1.24108E-2	1.34538E-2
4.55075E+11	5.56565E-12	-3.04097E+1	-2.05610E-2	2.20731E-2
4.55250E+11	6.89804E-13	-3.77586E+1	-1.03422E-2	7.78388E-3
4.55425E+11	8.04086E-13	-3.41985E+1	3.50048E-3	-1.91851E-2
4.55600E+11	1.63412E-13	-3.86268E+1	1.17015E-2	-5.12769E-4
4.55775E+11	2.73489E-13	-3.39308E+1	1.02634E-2	1.72962E-2
4.55950E+11	1.03120E-12	-2.13789E+1	-4.36388E-2	-7.33167E-2
4.56125E+11	5.32526E-14	-2.75587E+1	-3.76608E-2	-1.83322E-2
4.56300E+11	8.47551E-13	-1.12968E+1	2.68239E-1	4.72571E-2
4.56475E+11	1.25432E-12	-1.28637E+1	2.14801E-1	7.46767E-2
4.56650E+11	1.41765E-12	-1.62820E+1	1.17183E-1	9.90332E-2
4.56825E+11	3.90565E-12	-1.38467E+1	7.29917E-2	-1.89508E-1
4.57000E+11	2.05458E-13	-2.71296E+1	-3.39803E-3	-4.38756E-2
4.57175E+11	4.82013E-13	-2.15099E+1	-7.65732E-2	3.46403E-2
4.57350E+11	1.06168E-12	-1.87086E+1	8.24939E-2	-8.15940E-2
4.57525E+11	2.90569E-13	-2.28803E+1	7.10388E-2	1.02685E-2
4.57700E+11	6.79447E-13	-1.53713E+1	1.33926E-1	-1.05337E-1
4.57875E+11	1.15190E-12	-4.54930E+0	5.87108E-1	7.81832E-2
4.58050E+11	3.82316E-13	-5.33751E+0	-3.82560E-1	-3.82402E-1
4.58225E+11	2.30715E-13	-7.79834E+0	1.43786E-1	-3.81245E-1
4.58400E+11	1.71197E-12	2.36225E+1	-9.24814E+0	1.20312E+1
4.58575E+11	2.66981E-13	-1.14935E+1	2.64740E-1	-2.85180E-2
4.58750E+11	3.85956E-13	-8.63036E+0	9.77547E-2	3.57101E-1
4.58925E+11	1.71516E-14	-2.69164E+1	-2.96065E-2	3.40222E-2
4.59100E+11	1.42684E-12	-8.23463E+0	1.42986E-1	3.60151E-1
4.59275E+11	1.73891E-13	-1.24090E+1	-8.21619E-2	2.25109E-1
4.59450E+11	5.74786E-14	-1.64036E+1	6.15447E-3	1.51169E-1
4.59625E+11	1.36672E-12	-3.47847E+0	4.05307E-1	-5.33506E-1
4.59800E+11	4.06001E-13	-7.90249E+0	-3.99361E-1	5.09760E-2
4.59975E+11	3.63465E-13	-9.28682E+0	3.02383E-1	1.62516E-1
4.60150E+11	1.28778E-12	-5.23670E+0	-2.02511E-1	-5.08373E-1
4.60325E+11	2.99023E-12	2.58077E+1	5.03490E+0	-1.88551E+1
4.60500E+11	9.64490E-13	1.11272E+1	3.59124E+0	2.57856E-1
4.60675E+11	1.98019E-12	-1.70085E+0	6.49878E-1	5.03597E-1
4.60850E+11	3.26357E-12	5.48864E+0	1.33908E+0	-1.32126E+0
4.61025E+11	4.77683E-13	-6.11667E+0	8.45935E-3	4.94428E-1
4.61200E+11	8.62119E-13	-1.80383E+0	-7.31147E-1	-3.54308E-1
4.61375E+11	2.67790E-14	-1.69145E+1	1.26953E-1	6.50568E-2
4.61550E+11	1.83192E-12	3.34059E+0	-1.34371E+0	-5.93711E-1
4.61725E+11	1.26434E-12	4.79770E+0	1.69790E+0	-3.68078E-1
4.61900E+11	4.76933E-13	-1.16425E+1	-1.72720E-1	1.96665E-1
4.62075E+11	2.89589E-12	3.69361E+0	-1.16040E+0	9.97128E-1
4.62250E+11	1.41317E-13	-1.88347E+1	-1.13552E-1	1.35538E-2
4.62425E+11	5.83617E-13	-6.46764E+0	2.15737E-1	4.23088E-1
4.62600E+11	5.65053E-14	-1.46940E+1	-1.39614E-1	-1.20162E-1
4.62775E+11	1.67926E-12	3.52358E+0	-1.42684E+0	4.63718E-1
4.62950E+11	2.19517E-12	-1.25260E+0	7.97210E-1	-3.37493E-1
4.63125E+11	2.00696E-13	-1.29713E+1	2.20109E-1	-4.47536E-2
4.63300E+11	1.90005E-12	3.26969E+0	1.15508E+0	-8.88186E-1
4.63475E+11	1.58313E-12	-2.37161E+0	-3.01738E-1	-6.98690E-1
4.63650E+11	1.60551E-12	2.02611E+0	-8.27000E-1	-9.54212E-1
4.63825E+11	6.51651E-13	1.56489E-1	3.45815E-1	-9.57654E-1
4.64000E+11	1.91864E-12	-2.76373E+0	-5.27324E-1	5.01136E-1
4.64175E+11	9.20196E-13	4.70637E-1	7.66405E-1	-7.26003E-1
4.64350E+11	4.94252E-12	1.13991E-1	-5.47330E-1	-8.52657E-1
4.64525E+11	3.92834E-13	-1.21618E+1	-1.67853E-1	-1.80591E-1
4.64700E+11	1.39593E-12	-6.14928E+0	3.69714E-1	-3.25596E-1
4.64875E+11	4.93185E-12	-2.56865E+0	-4.14535E-1	6.17805E-1
4.65050E+11	6.03786E-12	-2.20258E+0	-6.03373E-1	-4.87998E-1
4.65225E+11	1.12336E-11	-4.72433E+0	5.78061E-1	-5.28866E-2
4.65400E+11	5.60565E-12	-6.63928E+0	-3.06305E-1	3.50690E-1
4.65575E+11	1.64181E-11	-1.37258E+0	-6.27163E-1	-5.79388E-1
4.65750E+11	4.22572E-11	-6.65777E-1	9.09708E-1	1.74078E-1
4.65925E+11	8.06152E-11	2.24601E-1	-4.24687E-1	9.34194E-1
4.66100E+11	8.71307E-11	-5.38165E-1	-7.02209E-1	-6.24784E-1
4.66275E+11	8.84248E-11	-5.25171E-1	4.68970E-1	-8.16191E-1
4.66450E+11	8.32441E-11	-5.12760E-1	4.81158E-1	8.10631E-1
4.66625E+11	7.66938E-11	-1.70769E+0	-7.65171E-1	2.99001E-1
4.66800E+11	7.14724E-11	-2.91589E-1	-3.46739E-1	-9.02682E-1
4.66975E+11	6.83676E-11	-6.94303E-1	9.21203E-1	6.03373E-2
4.67150E+11	7.75343E-11	8.37537E-1	-5.00638E-1	9.80848E-1
4.67325E+11	7.99000E-11	3.40491E+0	-7.23207E-1	-1.29120E+0
4.67500E+11	7.94467E-11	3.31268E+0	1.31275E+0	-6.48772E-1
4.67675E+11	5.08126E-11	4.92733E+0	-6.84393E-2	1.76213E+0
4.67850E+11	2.70989E-11	1.49766E+0	-1.18358E+0	-1.04525E-1
4.68025E+11	2.20922E-11	4.60767E+0	4.73423E-1	-1.63248E+0
4.68200E+11	2.43541E-11	2.06747E+0	1.25939E+0	1.53783E-1
4.68375E+11	2.48236E-11	-1.10449E+0	1.04475E-1	8.74374E-1
4.68550E+11	1.89232E-11	-2.10356E+0	-6.85933E-1	-3.81557E-1
4.68725E+11	2.25449E-11	-5.44941E+0	3.58124E-1	-3.96091E-1
4.68900E+11	1.55990E-11	-6.55464E+0	2.75835E-1	3.80773E-1
4.69075E+11	1.41229E-11	-7.06039E+0	-2.13295E-1	3.88943E-1
4.69250E+11	1.89537E-11	-8.81520E+0	1.49109E-1	-3.30350E-1
4.69425E+11	1.48152E-11	-1.01935E+1	2.87801E-1	1.13197E-1
4.69600E+11	2.31686E-11	-1.13570E+1	-1.62167E-1	2.16486E-1
4.69775E+11	1.46375E-11	-1.31318E+1	-2.01442E-1	-8.96751E-2
4.69950E+11	1.33799E-11	-1.37027E+1	-7.76494E-3	-2.06328E-1
4.70125E+11	1.99358E-11	-1.23812E+1	2.37349E-1	3.81909E-2
4.70300E+11	3.72769E-11	-1.08121E+1	-1.01872E-1	2.69382E-1
4.70475E+11	2.96274E-11	-1.30642E+1	-2.14853E-1	-5.67603E-2
4.70650E+11	4.57285E-11	-1.30839E+1	1.12512E-1	-1.91053E-1
4.70825E+11	3.85901E-11	-1.47889E+1	1.60530E-1	8.61885E-2
4.71000E+11	3.71869E-11	-1.49449E+1	-2.37893E-2	1.77371E-1
4.71175E+11	9.44076E-11	-1.13081E+1	-2.46610E-1	1.14787E-1
4.71350E+11	1.07453E-10	-1.04442E+1	-1.92210E-1	-2.30941E-1
4.71525E+11	7.07362E-11	-1.23348E+1	8.98834E-2	-2.24355E-1
4.71700E+11	2.59033E-10	-8.08704E+0	3.77765E-1	1.12419E-1
4.71875E+11	3.86528E-10	-5.82115E+0	-2.46522E-2	5.11020E-1
4.72050E+11	5.85222E-10	-3.16236E+0	-6.90552E-1	-7.70341E-2
4.72225E+11	8.48004E-10	-4.22214E+0	3.68486E-1	-4.92416E-1
4.72400E+11	1.09820E-9	-5.87176E+0	2.39113E-1	4.48934E-1
4.72575E+11	1.57888E-9	-7.53039E+0	-4.13502E-1	7.48625E-2
4.72750E+11	2.42491E-9	-7.10017E+0	6.95353E-2	-4.36052E-1
4.72925E+11	4.14737E-9	-8.00033E+0	3.31042E-1	2.21107E-1
4.73100E+11	7.93536E-9	-8.89327E+0	-3.19306E-1	1.64524E-1
4.73275E+11	1.18514E-8	-1.03657E+1	-3.33288E-2	-3.01352E-1
4.73450E+11	1.31660E-8	-1.16353E+1	2.54991E-1	6.00230E-2
4.73625E+11	1.19828E-8	-1.35183E+1	-7.78400E-2	1.96014E-1
4.73800E+11	1.19872E-8	-1.51698E+1	-1.40388E-1	-1.03447E-1
4.73975E+11	1.00558E-8	-1.56890E+1	1.32820E-1	-9.66576E-2
4.74150E+11	9.33286E-9	-1.60695E+1	6.24424E-2	1.44296E-1
4.74325E+11	8.85119E-9	-1.66341E+1	-1.46656E-1	1.40883E-2
4.74500E+11	1.12326E-8	-1.55953E+1	3.97865E-2	-1.61211E-1
4.74675E+11	1.04017E-8	-1.48699E+1	1.56718E-1	8.95752E-2
4.74850E+11	8.66819E-9	-1.44990E+1	-1.38260E-1	1.27961E-1
4.75025E+11	5.64403E-9	-1.50106E+1	-6.26415E-2	-1.66197E-1
4.75200E+11	5.75094E-9	-1.56052E+1	1.62343E-1	-3.39682E-2
4.75375E+11	4.57195E-9	-1.61888E+1	-2.44977E-2	1.53134E-1
4.75550E+11	2.77729E-9	-1.78770E+1	-1.16269E-1	-5.27802E-2
4.75725E+11	2.46404E-9	-1.68487E+1	7.37264E-2	-1.23388E-1
4.75900E+11	2.76487E-9	-1.53341E+1	1.34176E-1	1.06200E-1
4.76075E+11	2.93545E-9	-1.42420E+1	-1.59693E-1	1.10231E-1
4.76250E+11	2.80930E-9	-1.38427E+1	-3.76856E-2	-1.99647E-1
4.76425E+11	1.84491E-9	-1.39682E+1	1.95875E-1	4.16651E-2
4.76600E+11	1.33911E-9	-1.37724E+1	-1.18463E-1	1.67091E-1
4.76775E+11	1.14366E-9	-1.32773E+1	-1.51545E-1	-1.55090E-1
4.76950E+11	9.27580E-10	-1.28470E+1	1.63827E-1	-1.58355E-1
4.77125E+11	7.15856E-10	-1.25651E+1	1.69792E-1	1.62999E-1
4.77300E+11	7.37905E-10	-1.34267E+1	4.95034E-4	-2.13140E-1
4.77475E+11	6.31331E-10	-1.32556E+1	2.06594E-1	6.76250E-2
4.77650E+11	5.93356E-10	-9.87474E+0	-2.51517E-1	1.99161E-1
4.77825E+11	5.67279E-10	-8.45010E+0	-9.53158E-2	-3.65788E-1
4.78000E+11	4.76458E-10	-8.26285E+0	3.77165E-1	8.32329E-2
4.78175E+11	3.62628E-10	-8.45288E+0	-2.22735E-1	3.05260E-1
4.78350E+11	4.96686E-10	-7.23022E+0	-3.59633E-1	-2.44722E-1
4.78525E+11	5.55942E-10	-6.40294E+0	2.28700E-1	-4.20271E-1
4.78700E+11	1.10055E-9	-4.04342E+0	5.82697E-1	2.33690E-1
4.78875E+11	1.58064E-9	-3.10245E+0	-4.89226E-1	5.00160E-1
4.79050E+11	2.29859E-9	-3.10798E+0	-1.60332E-1	-6.80568E-1
4.79225E+11	2.25793E-9	-5.48855E+0	5.14089E-1	1.35256E-1
4.79400E+11	2.31702E-9	-8.49946E+0	-1.59784E-1	3.40206E-1
4.79575E+11	1.14750E-9	-9.37929E+0	-3.39641E-1	-2.87591E-3
4.79750E+11	6.34803E-10	3.46001E+0	-1.18049E+0	-9.08106E-1
4.79925E+11	5.08030E-10	3.93976E-1	8.01361E-1	6.72888E-1
4.80100E+11	4.41594E-10	-1.42985E+0	-8.47907E-1	2.29895E-2
4.80275E+11	4.61411E-10	1.80052E+0	4.01616E-1	-1.16295E+0
4.80450E+11	4.43398E-10	6.13911E+0	1.64430E+0	1.18614E+0
4.80625E+11	5.24461E-10	7.58461E+0	-2.24052E+0	8.45053E-1
4.80800E+11	4.79428E-10	6.86285E+0	5.31151E-1	-2.13868E+0
4.80975E+11	4.51433E-10	3.61460E+0	9.36787E-1	1.19206E+0
4.81150E+11	3.93962E-10	5.05559E+0	-1.74212E+0	4.09916E-1
4.81325E+11	2.52427E-10	3.71749E+0	1.30805E-1	-1.52859E+0
4.81500E+11	2.25672E-10	3.03755E+0	1.28140E+0	6.08772E-1
4.81675E+11	2.22610E-10	3.72958E+0	-1.45958E+0	4.79447E-1
4.81850E+11	3.22743E-10	3.81845E+0	3.98801E-2	-1.55160E+0
4.82025E+11	3.32916E-10	2.62266E+0	1.17272E+0	6.73765E-1
4.82200E+11	2.65098E-10	2.26742E+0	-1.21016E+0	4.70180E-1
4.82375E+11	1.59267E-10	-7.55882E-1	-5.23549E-2	-9.15159E-1
4.82550E+11	1.72149E-10	-2.19472E+0	6.78890E-1	3.77361E-1
4.82725E+11	1.53736E-10	-3.35922E+0	-5.40915E-1	4.10867E-1
4.82900E+11	2.10730E-10	-2.73760E+0	-2.80333E-1	-6.73659E-1
4.83075E+11	2.24389E-10	-4.13249E+0	6.09722E-1	-1.19934E-1
4.83250E+11	3.68211E-10	-2.79493E+0	3.19160E-2	7.24156E-1
4.83425E+11	6.92770E-10	-5.93861E-1	-8.90781E-1	-2.80544E-1
4.83600E+11	8.27364E-10	-2.81819E+0	4.85852E-1	-5.35315E-1
4.83775E+11	8.40453E-10	-4.65036E+0	3.08985E-1	4.97260E-1
4.83950E+11	7.12829E-10	-5.73872E+0	-4.74995E-1	2.02840E-1
4.84125E+11	5.70501E-10	-6.11743E+0	-4.85719E-2	-4.92065E-1
4.84300E+11	4.71791E-10	-7.27724E+0	4.29027E-1	5.58879E-2
4.84475E+11	3.71790E-10	-6.31644E+0	-1.24614E-1	4.66914E-1
4.84650E+11	5.77774E-10	-4.13630E+0	-4.96401E-1	-3.73354E-1
4.84825E+11	1.03368E-9	-1.37068E+0	6.31785E-1	-5.74622E-1
4.85000E+11	8.29881E-10	-2.20834E+0	3.76334E-1	6.78068E-1
4.85175E+11	7.41659E-10	-6.68087E+0	-2.40109E-1	3.96343E-1
4.85350E+11	8.93602E-10	-5.62737E+0	-4.84073E-1	-1.98409E-1
4.85525E+11	1.17801E-9	-3.25699E+0	2.63665E-1	-6.34722E-1
4.85700E+11	1.32481E-9	-1.45940E+0	6.17968E-1	5.76811E-1
4.85875E+11	1.36777E-9	-2.08429E+0	-7.29600E-1	2.94132E-1
4.86050E+11	1.52404E-9	-2.63417E-1	6.97023E-2	-9.67621E-1
4.86225E+11	2.47003E-9	2.00362E+0	9.78110E-1	7.93421E-1
4.86400E+11	3.28908E-9	1.19381E+0	-1.14390E+0	8.87545E-2
4.86575E+11	3.01540E-9	-7.38086E-1	4.33589E-1	-8.09758E-1
4.86750E+11	2.69196E-9	-3.61772E+0	4.52665E-1	4.79408E-1
4.86925E+11	4.25611E-9	-3.11660E+0	-5.61981E-1	4.14834E-1
4.87100E+11	2.99402E-9	-4.39701E+0	-4.01365E-1	-4.49705E-1
4.87275E+11	8.46559E-10	-8.85492E+0	3.19530E-1	-1.67540E-1
4.87450E+11	7.32475E-10	-1.03130E+1	1.67834E-1	2.54711E-1
4.87625E+11	3.61867E-9	-3.81522E+0	-5.10633E-1	3.93274E-1
4.87800E+11	1.23671E-8	9.02488E-1	-5.64661E-1	-9.55056E-1
4.87975E+11	1.36064E-8	1.06879E+0	1.07731E+0	-3.44138E-1
4.88150E+11	9.78521E-9	-4.53945E-2	1.62771E-1	9.81380E-1
4.88325E+11	6.41433E-9	-1.38410E+0	-8.49054E-1	-7.87345E-2
4.88500E+11	4.27666E-9	-3.78874E+0	7.27745E-2	-6.42382E-1
4.88675E+11	2.94327E-9	-5.02746E+0	5.51979E-1	9.77434E-2
4.88850E+11	4.32319E-9	-4.46776E+0	-3.01492E-1	5.16294E-1
4.89025E+11	8.00762E-9	-3.78726E+0	-3.95156E-1	-5.11807E-1
4.89200E+11	1.52981E-8	-3.76594E+0	6.17722E-1	-1.96396E-1
4.89375E+11	1.85319E-8	-4.56738E+0	1.30908E-2	5.90914E-1
4.89550E+11	2.11004E-8	-6.92836E+0	-4.40199E-1	-9.52350E-2
4.89725E+11	1.84676E-8	-9.41658E+0	1.60816E-1	-2.97517E-1
4.89900E+11	1.48298E-8	-1.30664E+1	1.62178E-1	1.51844E-1
4.90075E+11	1.71670E-8	-1.30368E+1	-1.63416E-1	1.51627E-1
4.90250E+11	1.72846E-8	-1.21369E+1	-1.68463E-1	-1.80994E-1
4.90425E+11	2.62724E-8	-9.74374E+0	2.10876E-1	-2.48213E-1
4.90600E+11	3.51024E-8	-7.42587E+0	3.01110E-1	3.00370E-1
4.90775E+11	4.36334E-8	-7.64437E+0	-3.65290E-1	1.96410E-1
4.90950E+11	5.18886E-8	-1.04459E+1	-3.05951E-2	-2.98842E-1
4.91125E+11	5.86711E-8	-1.17610E+1	2.56590E-1	2.87709E-2
4.91300E+11	6.02986E-8	-1.21681E+1	-5.95356E-2	2.39072E-1
4.91475E+11	4.56682E-8	-1.27753E+1	-2.10661E-1	-9.16657E-2
4.91650E+11	3.27443E-8	-1.38030E+1	1.01695E-1	-1.76964E-1
4.91825E+11	2.85204E-8	-1.42883E+1	1.68463E-1	9.42019E-2
4.92000E+11	3.43825E-8	-1.24319E+1	-1.63806E-1	1.74041E-1
4.92175E+11	3.26443E-8	-1.22124E+1	-9.38661E-2	-2.26436E-1
4.92350E+11	2.85099E-8	-1.31824E+1	2.16640E-1	-3.35323E-2
4.92525E+11	1.92996E-8	-1.39299E+1	5.76537E-3	2.01061E-1
4.92700E+11	1.54702E-8	-1.42864E+1	-1.92614E-1	-1.30244E-2
4.92875E+11	1.11650E-8	-1.46301E+1	3.41015E-2	-1.82403E-1
4.93050E+11	1.01981E-8	-1.44779E+1	1.79128E-1	5.97949E-2
4.93225E+11	1.10690E-8	-1.41672E+1	-8.46914E-2	1.76450E-1
4.93400E+11	1.64390E-8	-1.30464E+1	-1.78254E-1	-1.33459E-1
4.93575E+11	2.13222E-8	-1.14120E+1	2.31998E-1	-1.35720E-1
4.93750E+11	1.96331E-8	-1.06660E+1	3.67686E-2	2.90571E-1
4.93925E+11	1.94714E-8	-1.05060E+1	-2.88135E-1	-7.73321E-2
4.94100E+11	3.00743E-8	-1.08419E+1	1.74031E-1	-2.28234E-1
4.94275E+11	3.71739E-8	-1.17363E+1	1.56175E-1	2.06531E-1
4.94450E+11	3.79497E-8	-1.26532E+1	-1.94696E-1	1.27978E-1
4.94625E+11	4.05945E-8	-1.32906E+1	-1.05975E-1	-1.88798E-1
4.94800E+11	4.08787E-8	-1.30288E+1	1.99385E-1	-1.00166E-1
4.94975E+11	5.87663E-8	-1.18004E+1	9.28521E-3	2.56859E-1
4.95150E+11	5.34675E-8	-1.14196E+1	-2.51585E-1	-9.39245E-2
4.95325E+11	5.14226E-8	-1.18466E+1	8.67874E-2	-2.40483E-1
4.95500E+11	5.02867E-8	-1.21091E+1	2.04041E-1	1.41058E-1
4.95675E+11	4.84279E-8	-1.24269E+1	-2.06213E-1	1.21100E-1
4.95850E+11	5.22407E-8	-1.30665E+1	-2.80277E-2	-2.20391E-1
4.96025E+11	5.12331E-8	-1.35617E+1	2.08659E-1	2.23610E-2
4.96200E+11	4.42216E-8	-1.42481E+1	-5.79561E-2	1.85044E-1
4.96375E+11	5.36179E-8	-1.29501E+1	-1.88282E-1	-1.23480E-1
4.96550E+11	5.87862E-8	-1.16912E+1	2.15475E-1	-1.45999E-1
4.96725E+11	4.47948E-8	-1.19361E+1	9.80157E-2	2.33289E-1
4.96900E+11	3.11744E-8	-1.25598E+1	-2.30816E-1	4.67830E-2
4.97075E+11	2.78398E-8	-1.32713E+1	-7.94082E-3	-2.16843E-1
4.97250E+11	2.07041E-8	-1.41489E+1	1.95531E-1	1.53790E-2
4.97425E+11	1.70460E-8	-1.48488E+1	-5.93502E-2	1.70940E-1
4.97600E+11	1.26784E-8	-1.52330E+1	-1.45669E-1	-9.35503E-2
4.97775E+11	1.42544E-8	-1.44741E+1	1.25689E-1	-1.41053E-1
4.97950E+11	1.51896E-8	-1.30929E+1	1.48668E-1	1.64181E-1
4.98125E+11	1.46121E-8	-1.25666E+1	-1.94075E-1	1.33089E-1
4.98300E+11	1.42975E-8	-1.21471E+1	-1.00581E-1	-2.25562E-1
4.98475E+11	1.45113E-8	-1.19957E+1	2.50313E-1	-2.23945E-2
4.98650E+11	1.34673E-8	-1.23870E+1	-6.83376E-2	2.30318E-1
4.98825E+11	1.20783E-8	-1.27425E+1	-1.90325E-1	-1.30215E-1
4.99000E+11	1.13367E-8	-1.34748E+1	1.48354E-1	-1.51391E-1
4.99175E+11	1.35290E-8	-1.32615E+1	1.31071E-1	1.73233E-1
4.99350E+11	1.59540E-8	-1.18913E+1	-2.07905E-1	1.46526E-1
4.99525E+11	1.88177E-8	-1.18791E+1	-1.10224E-1	-2.29625E-1
4.99700E+11	1.69968E-8	-1.27540E+1	2.29639E-1	1.74583E-2
4.99875E+11	1.51613E-8	-1.34464E+1	-1.49351E-1	1.51384E-1
5.00050E+11	1.10858E-8	-1.39507E+1	-2.67789E-2	-1.98868E-1
5.00225E+11	1.44723E-8	-1.38547E+1	1.97326E-1	4.72018E-2
5.00400E+11	2.03710E-8	-1.44183E+1	-6.11688E-2	1.80038E-1
5.00575E+11	2.24433E-8	-1.48658E+1	-1.72015E-1	-5.50104E-2
5.00750E+11	3.08121E-8	-1.30394E+1	8.97439E-2	-2.03990E-1
5.00925E+11	5.09676E-8	-1.13113E+1	1.91080E-1	1.93460E-1
5.01100E+11	6.82951E-8	-1.06212E+1	-2.89140E-1	5.54207E-2
5.01275E+11	7.68122E-8	-1.02809E+1	1.04003E-1	-2.87959E-1
5.01450E+11	6.44293E-8	-1.05996E+1	2.14276E-1	2.02955E-1
5.01625E+11	5.02083E-8	-1.10235E+1	-2.33242E-1	1.56850E-1
5.01800E+11	3.82152E-8	-1.10085E+1	-9.76963E-2	-2.64071E-1
5.01975E+11	2.23475E-8	-9.55893E+0	3.21951E-1	-8.38866E-2
5.02150E+11	1.49512E-8	-7.79227E+0	3.60020E-2	4.06151E-1
5.02325E+11	1.62953E-8	-5.62097E+0	-4.90707E-1	-1.82491E-1
5.02500E+11	1.61623E-8	-3.59155E+0	4.99874E-1	-4.33004E-1
5.02675E+11	1.86369E-8	-1.70070E+0	2.36522E-1	7.87420E-1
5.02850E+11	1.73192E-8	8.06981E-2	-1.00926E+0	1.19388E-2
5.03025E+11	2.05543E-8	1.77454E+0	3.14317E-1	-1.18571E+0
5.03200E+11	1.59872E-8	2.87683E+0	1.11085E+0	8.39924E-1
5.03375E+11	1.78982E-8	2.61968E+0	-1.21820E+0	5.86477E-1
5.03550E+11	2.88881E-8	2.75835E+0	-1.97585E-1	-1.35950E+0
5.03725E+11	3.42482E-8	4.34342E+0	1.61681E+0	3.23288E-1
5.03900E+11	3.99277E-8	4.35683E+0	-9.97576E-1	1.31599E+0
5.04075E+11	5.47965E-8	3.83812E+0	-8.06121E-1	-1.33047E+0
5.04250E+11	6.44423E-8	2.59738E+0	1.32670E+0	-2.41811E-1
5.04425E+11	4.72455E-8	4.34692E-1	-3.26814E-1	9.99232E-1
5.04600E+11	4.01745E-8	-2.37260E+0	-4.79965E-1	-5.90522E-1
5.04775E+11	2.94129E-8	-5.14734E+0	5.49799E-1	-5.83154E-2
5.04950E+11	2.61222E-8	-7.53297E+0	-1.11567E-1	4.05014E-1
5.05125E+11	3.07853E-8	-7.97927E+0	-3.72698E-1	-1.42633E-1
5.05300E+11	3.92681E-8	-7.50907E+0	2.25093E-1	-3.56076E-1
5.05475E+11	4.45456E-8	-7.44768E+0	3.29555E-1	2.67164E-1
5.05650E+11	4.40018E-8	-7.42185E+0	-3.06957E-1	2.94676E-1
5.05825E+11	4.07242E-8	-6.86121E+0	-1.27491E-1	-4.35605E-1
5.06000E+11	4.58752E-8	-7.24459E+0	4.22960E-1	9.85101E-2
5.06175E+11	5.06462E-8	-7.77514E+0	-1.89984E-1	3.61687E-1
5.06350E+11	4.79618E-8	-8.06274E+0	-2.91478E-1	-2.66939E-1
5.06525E+11	6.79256E-8	-7.94410E+0	3.31588E-1	-2.24926E-1
5.06700E+11	9.63908E-8	-7.83482E+0	1.62819E-1	3.71649E-1
5.06875E+11	1.03622E-7	-8.42601E+0	-3.70208E-1	8.14081E-2
5.07050E+11	1.01139E-7	-8.91436E+0	-2.91387E-3	-3.58317E-1
5.07225E+11	8.61446E-8	-9.33815E+0	3.36884E-1	5.45083E-2
5.07400E+11	9.75451E-8	-9.89332E+0	-1.08337E-1	3.01247E-1
5.07575E+11	8.32362E-8	-1.05735E+1	-2.63916E-1	-1.34080E-1
5.07750E+11	6.63840E-8	-1.17846E+1	1.32001E-1	-2.21088E-1
5.07925E+11	7.59310E-8	-1.18752E+1	2.30794E-1	1.08027E-1
5.08100E+11	9.72928E-8	-1.07643E+1	-1.10445E-1	2.67704E-1
5.08275E+11	9.64457E-8	-1.03227E+1	-2.62310E-1	-1.55023E-1
5.08450E+11	1.07105E-7	-1.01595E+1	2.01022E-1	-2.36610E-1
5.08625E+11	1.04674E-7	-1.02908E+1	1.66313E-1	2.56639E-1
5.08800E+11	8.51770E-8	-1.03983E+1	-2.97871E-1	5.01002E-2
5.08975E+11	7.57919E-8	-1.06043E+1	4.04877E-2	-2.92183E-1
5.09150E+11	5.61815E-8	-1.10107E+1	2.68901E-1	8.32404E-2
5.09325E+11	4.37308E-8	-1.13936E+1	-9.96329E-2	2.50246E-1
5.09500E+11	3.75070E-8	-1.09606E+1	-2.57345E-1	-1.18026E-1
5.09675E+11	3.12982E-8	-1.07432E+1	1.71064E-1	-2.34539E-1
5.09850E+11	2.84241E-8	-1.05636E+1	2.05449E-1	2.13587E-1
5.10025E+11	3.22395E-8	-1.02959E+1	-2.59807E-1	1.60977E-1
5.10200E+11	4.78341E-8	-9.84713E+0	-8.35536E-2	-3.10808E-1
5.10375E+11	4.43659E-8	-9.66014E+0	3.27888E-1	2.50942E-2
5.10550E+11	3.44363E-8	-1.00824E+1	-9.81207E-2	2.97477E-1
5.10725E+11	3.16613E-8	-1.06603E+1	-2.52321E-1	-1.49093E-1
5.10900E+11	3.75910E-8	-1.00347E+1	1.92129E-1	-2.49579E-1
5.11075E+11	5.40211E-8	-9.19997E+0	2.31160E-1	2.58442E-1
5.11250E+11	4.56831E-8	-9.09728E+0	-3.03343E-1	1.76315E-1
5.11425E+11	4.96004E-8	-9.04818E+0	-1.19454E-1	-3.32016E-1
5.11600E+11	4.43684E-8	-9.25972E+0	3.39698E-1	-5.64783E-2
5.11775E+11	3.64966E-8	-9.52779E+0	3.75912E-2	3.31773E-1
5.11950E+11	3.07983E-8	-1.04581E+1	-2.98867E-1	2.58280E-2
5.12125E+11	2.78477E-8	-1.15385E+1	2.57773E-2	-2.63638E-1
5.12300E+11	2.98233E-8	-1.13599E+1	2.63764E-1	5.95302E-2
5.12475E+11	3.47424E-8	-1.06476E+1	-1.22559E-1	2.66694E-1
5.12650E+11	4.97692E-8	-1.00573E+1	-2.37505E-1	-2.05624E-1
5.12825E+11	5.80531E-8	-9.94833E+0	2.50380E-1	-1.96231E-1
5.13000E+11	6.00486E-8	-1.01492E+1	1.33939E-1	2.80505E-1
5.13175E+11	6.76415E-8	-1.03419E+1	-2.84574E-1	1.06992E-1
5.13350E+11	6.32172E-8	-1.07317E+1	-6.23844E-2	-2.83908E-1
5.13525E+11	7.19766E-8	-1.08696E+1	2.85448E-1	-1.93160E-2
5.13700E+11	6.54782E-8	-1.06543E+1	6.60316E-3	2.93207E-1
5.13875E+11	7.41940E-8	-9.76820E+0	-3.24753E-1	-4.22455E-3
5.14050E+11	9.36526E-8	-8.77224E+0	6.59183E-2	-3.58226E-1
5.14225E+11	8.53179E-8	-8.49279E+0	3.49103E-1	1.40056E-1
5.14400E+11	6.16676E-8	-8.61135E+0	-1.94996E-1	3.15681E-1
5.14575E+11	4.76197E-8	-8.93505E+0	-2.52693E-1	-2.52855E-1
5.14750E+11	3.33971E-8	-9.27987E+0	2.95963E-1	-1.74474E-1
5.14925E+11	2.56676E-8	-9.70576E+0	1.29854E-1	3.00246E-1
5.15100E+11	2.84379E-8	-9.58329E+0	-3.11488E-1	1.14217E-1
5.15275E+11	3.17376E-8	-8.95196E+0	-1.36386E-1	-3.29684E-1
5.15450E+11	3.84169E-8	-7.93107E+0	3.77052E-1	-1.37319E-1
5.15625E+11	4.52587E-8	-7.63287E+0	1.09631E-1	4.00563E-1
5.15800E+11	3.69642E-8	-7.84194E+0	-4.03458E-1	3.98157E-2
5.15975E+11	3.43570E-8	-7.97532E+0	5.42423E-2	-3.95538E-1
5.16150E+11	3.79254E-8	-8.29503E+0	3.56505E-1	1.44859E-1
5.16325E+11	3.66344E-8	-8.93594E+0	-2.08519E-1	2.90315E-1
5.16500E+11	3.47729E-8	-9.77778E+0	-2.43910E-1	-2.13912E-1
5.16675E+11	4.46250E-8	-9.89666E+0	1.97647E-1	-2.51681E-1
5.16850E+11	5.92091E-8	-8.88523E+0	2.77529E-1	2.28563E-1
5.17025E+11	8.15107E-8	-8.26506E+0	-3.21766E-1	2.13477E-1
5.17200E+11	8.97807E-8	-8.49306E+0	-7.89456E-2	-3.67760E-1
5.17375E+11	8.06778E-8	-8.96623E+0	3.54018E-1	3.93236E-2
5.17550E+11	8.32744E-8	-9.28204E+0	-1.34220E-1	3.16167E-1
5.17725E+11	8.27429E-8	-9.79548E+0	-2.73224E-1	-1.73697E-1
5.17900E+11	8.08689E-8	-9.97134E+0	1.97604E-1	-2.48224E-1
5.18075E+11	9.46562E-8	-9.80117E+0	2.42076E-1	2.14672E-1
5.18250E+11	1.21556E-7	-9.09442E+0	-2.63719E-1	2.31597E-1
5.18425E+11	1.54210E-7	-8.16576E+0	-1.63053E-1	-3.54919E-1
5.18600E+11	1.81168E-7	-7.95968E+0	3.97163E-1	-4.72164E-2
5.18775E+11	1.70464E-7	-7.93776E+0	-5.84052E-2	3.96694E-1
5.18950E+11	1.91115E-7	-8.01929E+0	-3.77841E-1	-1.22569E-1
5.19125E+11	1.52791E-7	-8.55767E+0	1.72069E-1	-3.31335E-1
5.19300E+11	1.47153E-7	-9.02879E+0	2.75287E-1	2.21986E-1
5.19475E+11	1.52878E-7	-9.16503E+0	-2.58970E-1	2.32665E-1
5.19650E+11	1.76245E-7	-8.72427E+0	-1.55251E-1	-3.31725E-1
5.19825E+11	2.20731E-7	-8.08118E+0	3.94355E-1	6.18572E-3
5.20000E+11	2.55029E-7	-8.03729E+0	-1.89685E-1	3.48071E-1
5.20175E+11	2.28296E-7	-8.31782E+0	-2.30404E-1	-3.06951E-1
5.20350E+11	2.37908E-7	-8.52945E+0	3.56908E-1	-1.13648E-1
5.20525E+11	2.23641E-7	-8.94107E+0	1.81853E-2	3.56766E-1
5.20700E+11	1.97621E-7	-9.35278E+0	-3.33492E-1	-6.96687E-2
5.20875E+11	1.65075E-7	-9.97475E+0	1.20374E-1	-2.93417E-1
5.21050E+11	1.57254E-7	-9.97529E+0	2.84378E-1	1.40355E-1
5.21225E+11	2.10656E-7	-8.81110E+0	-2.38191E-1	2.73412E-1
5.21400E+11	2.20453E-7	-8.08889E+0	-2.02321E-1	-3.38149E-1
5.21575E+11	1.73066E-7	-8.18911E+0	3.83305E-1	-6.93790E-2
5.21750E+11	1.71155E-7	-8.26058E+0	-5.11022E-2	3.82947E-1
5.21925E+11	1.67663E-7	-8.52092E+0	-3.45716E-1	-1.45105E-1
5.22100E+11	1.39148E-7	-8.97278E+0	2.28252E-1	-2.73102E-1
5.22275E+11	1.14399E-7	-9.30047E+0	1.82218E-1	2.90299E-1
5.22450E+11	1.27770E-7	-9.57959E+0	-3.22228E-1	7.95844E-2
5.22625E+11	1.28392E-7	-9.19075E+0	2.90088E-3	-3.47094E-1
5.22800E+11	1.68657E-7	-8.81254E+0	3.32942E-1	1.43509E-1
5.22975E+11	1.50756E-7	-8.75915E+0	-2.81907E-1	2.31517E-1
5.23150E+11	1.51126E-7	-8.81556E+0	-9.65325E-2	-3.49336E-1
5.23325E+11	1.19542E-7	-9.10558E+0	3.49582E-1	2.57246E-2
5.23500E+11	1.12127E-7	-9.31637E+0	-1.04621E-1	3.25734E-1
5.23675E+11	1.14522E-7	-9.64749E+0	-2.90972E-1	-1.54242E-1
5.23850E+11	9.92326E-8	-9.65244E+0	1.88822E-1	-2.69589E-1
5.24025E+11	9.48188E-8	-8.56047E+0	2.51831E-1	2.75466E-1
5.24200E+11	1.41089E-7	-7.52095E+0	-3.76823E-1	1.87019E-1
5.24375E+11	1.46606E-7	-7.65299E+0	-7.40711E-2	-4.07659E-1
5.24550E+11	1.17958E-7	-8.10681E+0	3.90190E-1	4.88985E-2
5.24725E+11	1.12268E-7	-8.70195E+0	-1.12574E-1	3.49518E-1
5.24900E+11	1.12472E-7	-9.15571E+0	-3.29355E-1	-1.13948E-1
5.25075E+11	9.39561E-8	-9.62349E+0	7.26655E-2	-3.22143E-1
5.25250E+11	9.58807E-8	-1.05711E+1	2.76700E-1	1.05428E-1
5.25425E+11	1.10819E-7	-1.09851E+1	-1.48647E-1	2.40022E-1
5.25600E+11	1.33821E-7	-1.04408E+1	-1.91893E-1	-2.31358E-1
5.25775E+11	1.56742E-7	-1.00685E+1	3.00543E-1	-9.00465E-2
5.25950E+11	1.60778E-7	-9.88282E+0	-2.24236E-2	3.19737E-1
5.26125E+11	1.58496E-7	-9.85559E+0	-3.06444E-1	-9.73298E-2
5.26300E+11	1.52447E-7	-1.00811E+1	1.51681E-1	-2.74124E-1
5.26475E+11	1.32656E-7	-1.01608E+1	2.22735E-1	2.16226E-1
5.26650E+11	1.21094E-7	-1.06338E+1	-2.67677E-1	1.21531E-1
5.26825E+11	1.22871E-7	-1.06824E+1	-5.09246E-4	-2.92333E-1
5.27000E+11	1.55147E-7	-9.96314E+0	2.83912E-1	1.42289E-1
5.27175E+11	1.56750E-7	-9.65313E+0	-2.52290E-1	2.11339E-1
5.27350E+11	1.37336E-7	-1.00813E+1	-1.09657E-1	-2.93462E-1
5.27525E+11	1.08567E-7	-1.04519E+1	2.98194E-1	-3.46074E-2
5.27700E+11	9.71717E-8	-1.09096E+1	-4.00455E-2	2.81958E-1
5.27875E+11	8.38512E-8	-1.12439E+1	-2.46277E-1	-1.20179E-1
5.28050E+11	6.93963E-8	-1.16699E+1	1.89336E-1	-1.79529E-1
5.28225E+11	6.81601E-8	-1.19402E+1	1.14574E-1	2.25484E-1
5.28400E+11	7.91686E-8	-1.10293E+1	-2.69833E-1	7.80354E-2
5.28575E+11	8.70390E-8	-1.01387E+1	-4.30307E-2	-3.08227E-1
5.28750E+11	9.59229E-8	-9.70013E+0	3.27270E-1	-6.57017E-3
5.28925E+11	1.27853E-7	-9.45660E+0	-3.31349E-2	3.35009E-1
5.29100E+11	1.24937E-7	-9.61764E+0	-3.17254E-1	-9.24833E-2
5.29275E+11	1.17599E-7	-9.89285E+0	1.79583E-1	-2.65043E-1
5.29450E+11	1.04978E-7	-1.03077E+1	1.64402E-1	2.57161E-1
5.29625E+11	9.06262E-8	-1.11185E+1	-2.73855E-1	4.79447E-2
5.29800E+11	8.60301E-8	-1.15532E+1	9.22879E-3	-2.64286E-1
5.29975E+11	9.05811E-8	-1.10612E+1	2.75321E-1	5.01917E-2
5.30150E+11	8.54352E-8	-1.10314E+1	-9.51786E-2	2.64199E-1
5.30325E+11	6.66217E-8	-1.16081E+1	-2.30871E-1	-1.25512E-1
5.30500E+11	5.21470E-8	-1.22946E+1	1.58090E-1	-1.84295E-1
5.30675E+11	5.38246E-8	-1.28105E+1	1.23685E-1	1.92499E-1
5.30850E+11	4.36282E-8	-1.30379E+1	-2.15219E-1	5.79998E-2
5.31025E+11	4.49216E-8	-1.32881E+1	4.32137E-4	-2.16568E-1
5.31200E+11	4.75953E-8	-1.30436E+1	2.21140E-1	2.67345E-2
5.31375E+11	6.83802E-8	-1.20010E+1	-4.01298E-2	2.47933E-1
5.31550E+11	8.09616E-8	-1.12302E+1	-2.60589E-1	-8.61712E-2
5.31725E+11	8.79477E-8	-1.08781E+1	1.61120E-1	-2.36080E-1
5.31900E+11	1.03980E-7	-1.08243E+1	1.65177E-1	2.35435E-1
5.32075E+11	9.72272E-8	-1.09270E+1	-2.75390E-1	7.02851E-2
5.32250E+11	9.34800E-8	-1.11868E+1	1.19670E-3	-2.75839E-1
5.32425E+11	8.44207E-8	-1.16929E+1	2.58894E-1	2.63201E-2
5.32600E+11	8.39102E-8	-1.24139E+1	-1.86107E-2	2.38775E-1
5.32775E+11	9.33671E-8	-1.17627E+1	-2.58125E-1	-3.34039E-3
5.32950E+11	1.09027E-7	-1.08993E+1	2.28518E-2	-2.84207E-1
5.33125E+11	1.20072E-7	-1.08305E+1	2.73219E-1	8.91422E-2
5.33300E+11	1.16230E-7	-1.10524E+1	-1.55466E-1	2.33045E-1
5.33475E+11	1.05671E-7	-1.14357E+1	-1.82257E-1	-1.96554E-1
5.33650E+11	1.11957E-7	-1.15125E+1	2.17756E-1	-1.52228E-1
5.33825E+11	9.81339E-8	-1.18129E+1	1.20287E-1	2.26726E-1
5.34000E+11	9.20916E-8	-1.22400E+1	-2.28384E-1	8.68568E-2
5.34175E+11	9.18591E-8	-1.24706E+1	-6.92402E-2	-2.27645E-1
5.34350E+11	1.11329E-7	-1.20425E+1	2.47060E-1	-3.79818E-2
5.34525E+11	1.15469E-7	-1.18082E+1	-3.75413E-2	2.54038E-1
5.34700E+11	1.17890E-7	-1.21102E+1	-2.21578E-1	-1.11433E-1
5.34875E+11	1.01602E-7	-1.27118E+1	1.49874E-1	-1.76340E-1
5.35050E+11	8.44856E-8	-1.34191E+1	1.42478E-1	1.58772E-1
5.35225E+11	6.82960E-8	-1.39324E+1	-1.57368E-1	1.25182E-1
5.35400E+11	6.84995E-8	-1.44468E+1	-1.14949E-1	-1.50682E-1
5.35575E+11	6.55613E-8	-1.47121E+1	1.46981E-1	-1.10394E-1
5.35750E+11	8.01143E-8	-1.40845E+1	1.00885E-1	1.69900E-1
5.35925E+11	1.03469E-7	-1.36190E+1	-2.01737E-1	5.25643E-2
5.36100E+11	1.02759E-7	-1.34922E+1	1.61273E-2	-2.10922E-1
5.36275E+11	8.63954E-8	-1.35881E+1	1.87265E-1	9.32900E-2
5.36450E+11	1.01453E-7	-1.36755E+1	-1.57509E-1	1.34500E-1
5.36625E+11	9.44942E-8	-1.38454E+1	-6.61575E-2	-1.92032E-1
5.36800E+11	8.20593E-8	-1.42001E+1	1.94892E-1	5.92556E-3
5.36975E+11	7.44696E-8	-1.46943E+1	-5.59617E-2	1.75492E-1
5.37150E+11	7.01256E-8	-1.48322E+1	-1.63383E-1	-7.85775E-2
5.37325E+11	7.20895E-8	-1.40982E+1	1.19582E-1	-1.56910E-1
5.37500E+11	8.46024E-8	-1.37849E+1	1.22490E-1	1.63794E-1
5.37675E+11	8.47688E-8	-1.37419E+1	-1.94596E-1	6.61863E-2
5.37850E+11	7.44062E-8	-1.37868E+1	1.81887E-4	-2.04483E-1
5.38025E+11	7.23742E-8	-1.40439E+1	1.86774E-1	6.72711E-2
5.38200E+11	6.99096E-8	-1.40184E+1	-1.20007E-1	1.58874E-1
5.38375E+11	6.30489E-8	-1.39811E+1	-1.27269E-1	-1.54229E-1
5.38550E+11	7.96223E-8	-1.36368E+1	1.80639E-1	-1.03212E-1
5.38725E+11	7.70275E-8	-1.29993E+1	6.32380E-2	2.14773E-1
5.38900E+11	9.32797E-8	-1.26363E+1	-2.33348E-1	-6.73944E-3
5.39075E+11	1.00477E-7	-1.27584E+1	9.67065E-2	-2.08886E-1
5.39250E+11	9.04510E-8	-1.32277E+1	1.37490E-1	1.69280E-1
5.39425E+11	8.28272E-8	-1.37670E+1	-1.96263E-1	5.90398E-2
5.39600E+11	6.78361E-8	-1.43911E+1	-6.69561E-3	-1.90624E-1
5.39775E+11	5.87841E-8	-1.48809E+1	1.78431E-1	2.57687E-2
5.39950E+11	5.32591E-8	-1.52370E+1	-3.98274E-2	1.68396E-1
5.40125E+11	6.53354E-8	-1.48376E+1	-1.70581E-1	-6.10700E-2
5.40300E+11	7.50301E-8	-1.39556E+1	1.15188E-1	-1.64169E-1
5.40475E+11	7.91637E-8	-1.36947E+1	1.13622E-1	1.72627E-1
5.40650E+11	8.38871E-8	-1.36196E+1	-2.01422E-1	5.37041E-2
5.40825E+11	8.51864E-8	-1.36791E+1	-7.47916E-3	-2.06900E-1
5.41000E+11	8.10320E-8	-1.36883E+1	2.06750E-1	5.17859E-3
5.41175E+11	8.12997E-8	-1.37719E+1	-1.64456E-2	2.04174E-1
5.41350E+11	8.49446E-8	-1.38409E+1	-2.01749E-1	-2.43690E-2
5.41525E+11	7.92612E-8	-1.38077E+1	2.97599E-2	-2.01810E-1
5.41700E+11	9.37595E-8	-1.32619E+1	2.09225E-1	5.84031E-2
5.41875E+11	8.58112E-8	-1.28355E+1	-1.03830E-1	2.03156E-1
5.42050E+11	8.43777E-8	-1.30204E+1	-1.75923E-1	-1.37605E-1
5.42225E+11	8.94753E-8	-1.33466E+1	1.58406E-1	-1.45539E-1
5.42400E+11	7.06730E-8	-1.37885E+1	1.17794E-1	1.67098E-1
5.42575E+11	7.13419E-8	-1.41042E+1	-1.78330E-1	8.40527E-2
5.42750E+11	6.61015E-8	-1.42709E+1	-3.78626E-2	-1.89656E-1
5.42925E+11	6.09068E-8	-1.44688E+1	1.88057E-1	1.92850E-2
5.43100E+11	7.09057E-8	-1.39786E+1	-8.47307E-2	1.81185E-1
5.43275E+11	9.06692E-8	-1.32714E+1	-1.48868E-1	-1.57863E-1
5.43450E+11	9.14833E-8	-1.30063E+1	2.10577E-1	-7.55237E-2
5.43625E+11	9.00059E-8	-1.31443E+1	-1.54563E-3	2.20178E-1
5.43800E+11	9.06816E-8	-1.35364E+1	-1.99816E-1	-6.60975E-2
5.43975E+11	7.69787E-8	-1.40794E+1	1.18243E-1	-1.58454E-1
5.44150E+11	6.56027E-8	-1.47484E+1	1.05882E-1	1.49326E-1
5.44325E+11	6.44780E-8	-1.51898E+1	-1.62321E-1	6.26271E-2
5.44500E+11	5.89595E-8	-1.54496E+1	-2.50524E-2	-1.66989E-1
5.44675E+11	6.33135E-8	-1.52431E+1	1.72505E-1	1.19664E-2
5.44850E+11	6.10565E-8	-1.52029E+1	-4.03749E-2	1.68966E-1
5.45025E+11	5.93745E-8	-1.55016E+1	-1.55492E-1	-6.32090E-2
5.45200E+11	6.19528E-8	-1.57323E+1	8.17745E-2	-1.41523E-1
5.45375E+11	5.34950E-8	-1.59847E+1	1.22330E-1	1.01207E-1
5.45550E+11	4.97490E-8	-1.61362E+1	-1.14353E-1	1.06144E-1
5.45725E+11	4.39917E-8	-1.62451E+1	-8.15850E-2	-1.30707E-1
5.45900E+11	4.55590E-8	-1.62763E+1	1.43365E-1	-5.49243E-2
5.46075E+11	4.52970E-8	-1.58884E+1	3.29909E-2	1.57113E-1
5.46250E+11	4.74946E-8	-1.53255E+1	-1.71288E-1	2.33416E-4
5.46425E+11	4.97780E-8	-1.50109E+1	4.70762E-2	-1.71252E-1
5.46600E+11	5.01781E-8	-1.49758E+1	1.50120E-1	9.62461E-2
5.46775E+11	4.40706E-8	-1.52671E+1	-1.31547E-1	1.11499E-1
5.46950E+11	3.19720E-8	-1.56720E+1	-5.50678E-2	-1.55103E-1
5.47125E+11	3.15974E-8	-1.61184E+1	1.56336E-1	-1.55905E-3
5.47300E+11	2.29147E-8	-1.64230E+1	-5.12739E-2	1.41982E-1
5.47475E+11	2.11748E-8	-1.65842E+1	-1.20444E-1	-8.63169E-2
5.47650E+11	2.11325E-8	-1.64263E+1	1.14482E-1	-9.83061E-2
5.47825E+11	2.10973E-8	-1.65388E+1	7.35716E-2	1.29520E-1
5.48000E+11	1.81098E-8	-1.67219E+1	-1.39063E-1	4.39711E-2
5.48175E+11	1.72748E-8	-1.70528E+1	-1.40804E-2	-1.39690E-1
5.48350E+11	1.59179E-8	-1.74667E+1	1.32948E-1	1.56299E-2
5.48525E+11	1.45862E-8	-1.78655E+1	-4.12038E-2	1.21035E-1
5.48700E+11	1.23807E-8	-1.84321E+1	-1.05161E-1	-5.73503E-2
5.48875E+11	1.32794E-8	-1.85380E+1	6.90860E-2	-9.60708E-2
5.49050E+11	1.28519E-8	-1.87747E+1	8.65755E-2	7.59231E-2
5.49225E+11	1.28246E-8	-1.85245E+1	-8.46845E-2	8.29124E-2
5.49400E+11	1.46317E-8	-1.84976E+1	-6.67074E-2	-9.84041E-2
5.49575E+11	1.45326E-8	-1.87443E+1	1.06702E-1	-4.43553E-2
5.49750E+11	1.49234E-8	-1.90634E+1	1.93022E-2	1.09701E-1
5.49925E+11	1.05051E-8	-1.96712E+1	-1.03636E-1	-6.77521E-3
5.50100E+11	1.09632E-8	-2.01016E+1	2.76437E-2	-9.48922E-2
5.50275E+11	1.08711E-8	-2.04269E+1	8.38097E-2	4.51635E-2
5.50450E+11	1.02392E-8	-2.06932E+1	-5.76431E-2	7.21246E-2
5.50625E+11	9.81471E-9	-2.06831E+1	-5.96547E-2	-7.06102E-2
5.50800E+11	1.11567E-8	-2.09069E+1	7.92849E-2	-4.27709E-2
5.50975E+11	9.77003E-9	-2.10818E+1	2.10223E-2	8.57507E-2
5.51150E+11	1.11263E-8	-2.14095E+1	-8.49585E-2	-3.26535E-3
5.51325E+11	9.07745E-9	-2.18369E+1	1.72507E-2	-7.90790E-2
5.51500E+11	9.56188E-9	-2.21056E+1	7.26145E-2	2.97512E-2
5.51675E+11	8.61736E-9	-2.24150E+1	-3.67197E-2	6.62287E-2
5.51850E+11	7.31685E-9	-2.30502E+1	-5.62697E-2	-4.22847E-2
5.52025E+11	6.94398E-9	-2.31649E+1	5.16974E-2	-4.63949E-2
5.52200E+11	6.65495E-9	-2.32356E+1	3.65531E-2	5.84047E-2
5.52375E+11	6.18108E-9	-2.36126E+1	-6.06481E-2	2.59678E-2
5.52550E+11	6.88325E-9	-2.41562E+1	-1.36973E-2	-6.04383E-2
5.52725E+11	5.43438E-9	-2.46835E+1	5.82588E-2	-2.69453E-3
5.52900E+11	4.32696E-9	-2.56146E+1	-8.33238E-3	5.17255E-2
5.53075E+11	3.34043E-9	-2.63980E+1	-4.32997E-2	-2.04226E-2
5.53250E+11	3.08316E-9	-2.69774E+1	2.96127E-2	-3.35969E-2
5.53425E+11	2.51801E-9	-2.81019E+1	1.92979E-2	3.42891E-2
5.53600E+11	2.16176E-9	-2.87319E+1	-3.59259E-2	6.95829E-3
5.53775E+11	1.81560E-9	-2.93124E+1	5.24656E-3	-3.38233E-2
5.53950E+11	1.33278E-9	-3.05008E+1	2.49330E-2	1.64146E-2
5.54125E+11	1.22780E-9	-3.14495E+1	-2.15517E-2	1.58665E-2
5.54300E+11	1.01834E-9	-3.22885E+1	-5.97859E-3	-2.35513E-2
5.54475E+11	6.51452E-10	-3.33777E+1	2.14342E-2	-1.22909E-4
5.54650E+11	5.71175E-10	-3.44650E+1	-4.48724E-3	1.83724E-2
5.54825E+11	3.89366E-10	-3.57567E+1	-1.42235E-2	-7.95953E-3
5.55000E+11	2.91048E-10	-3.69547E+1	1.01926E-2	-9.88574E-3
5.55175E+11	2.82911E-10	-3.73914E+1	6.44592E-3	1.18652E-2
5.55350E+11	1.93833E-10	-3.83832E+1	-1.20334E-2	5.51286E-4
5.55525E+11	1.85858E-10	-3.89822E+1	2.50074E-3	-1.09616E-2
5.55700E+11	1.08933E-10	-4.06193E+1	8.48603E-3	3.83376E-3
5.55875E+11	9.47074E-11	-4.12305E+1	-6.07670E-3	6.19684E-3
5.56050E+11	6.67702E-11	-4.27681E+1	-4.08025E-3	-6.01819E-3
5.56225E+11	5.24995E-11	-4.34237E+1	6.60012E-3	-1.37784E-3
5.56400E+11	5.87244E-11	-4.32110E+1	-3.22385E-4	6.90207E-3
5.56575E+11	4.21233E-11	-4.42331E+1	-4.72079E-3	-3.92993E-3
5.56750E+11	5.40401E-11	-4.32989E+1	6.09588E-3	-3.10247E-3
5.56925E+11	3.75592E-11	-4.45524E+1	-8.02786E-4	5.86610E-3
5.57100E+11	2.92440E-11	-4.55632E+1	-4.53245E-3	-2.68951E-3
5.57275E+11	4.28270E-11	-4.39211E+1	4.36836E-3	-4.63232E-3
5.57450E+11	1.75158E-11	-4.77174E+1	2.15860E-3	3.50072E-3
5.57625E+11	1.92919E-11	-4.73218E+1	-4.30282E-3	1.15567E-4
5.57800E+11	3.70214E-11	-4.42632E+1	2.10700E-3	-5.74719E-3
5.57975E+11	4.81335E-11	-4.32248E+1	5.44446E-3	4.23658E-3
5.58150E+11	5.47871E-11	-4.29802E+1	-4.75709E-3	5.26474E-3
5.58325E+11	4.40082E-11	-4.36871E+1	-3.38986E-3	-5.59410E-3
5.58500E+11	7.08173E-11	-4.19031E+1	7.03705E-3	-3.87298E-3
5.58675E+11	8.46332E-11	-4.11441E+1	4.61749E-3	7.45106E-3
5.58850E+11	8.55935E-11	-4.13218E+1	-8.52947E-3	1.00404E-3
5.59025E+11	7.23305E-11	-4.18227E+1	-3.73251E-4	-8.09853E-3
5.59200E+11	1.48760E-10	-3.89495E+1	1.05079E-2	4.11667E-3
5.59375E+11	1.46325E-10	-3.92008E+1	-5.43542E-3	9.52159E-3
5.59550E+11	2.41388E-10	-3.75548E+1	-1.15311E-2	-6.52921E-3
5.59725E+11	2.26014E-10	-3.71193E+1	7.59676E-3	-1.16794E-2
5.59900E+11	3.29532E-10	-3.58932E+1	1.37325E-2	8.29818E-3
5.60075E+11	5.17640E-10	-3.50707E+1	-1.27215E-2	1.22184E-2
5.60250E+11	5.78499E-10	-3.44229E+1	-8.50866E-3	-1.69933E-2
5.60425E+11	6.22137E-10	-3.37431E+1	2.01607E-2	-3.98916E-3
5.60600E+11	6.79772E-10	-3.33172E+1	9.21230E-4	2.15647E-2
5.60775E+11	8.16000E-10	-3.26137E+1	-2.34052E-2	-4.61340E-5
5.60950E+11	1.13401E-9	-3.11459E+1	-1.13070E-3	-2.76914E-2
5.61125E+11	1.17496E-9	-3.08789E+1	2.85561E-2	1.15279E-3
5.61300E+11	1.22473E-9	-3.00464E+1	-6.57938E-3	3.07584E-2
5.61475E+11	1.58036E-9	-2.92131E+1	-2.92605E-2	-1.85060E-2
5.61650E+11	1.86077E-9	-2.85260E+1	2.89808E-2	-2.37533E-2
5.61825E+11	2.42913E-9	-2.78956E+1	2.11764E-2	3.42783E-2
5.62000E+11	2.52187E-9	-2.75410E+1	-3.57615E-2	2.19698E-2
5.62175E+11	3.16760E-9	-2.68045E+1	-2.48208E-2	-3.83543E-2
5.62350E+11	3.01377E-9	-2.64805E+1	4.02603E-2	-2.50581E-2
5.62525E+11	3.86329E-9	-2.58864E+1	1.96389E-2	4.68270E-2
5.62700E+11	3.82830E-9	-2.53461E+1	-5.36723E-2	6.27170E-3
5.62875E+11	4.58638E-9	-2.53447E+1	9.01590E-3	-5.32892E-2
5.63050E+11	4.53058E-9	-2.48693E+1	5.34421E-2	2.00707E-2
5.63225E+11	4.78288E-9	-2.47264E+1	-2.68544E-2	5.14468E-2
5.63400E+11	5.10416E-9	-2.44689E+1	-5.41767E-2	-2.52687E-2
5.63575E+11	6.82761E-9	-2.40345E+1	3.61715E-2	-5.13926E-2
5.63750E+11	6.49641E-9	-2.38068E+1	3.55286E-2	5.38505E-2
5.63925E+11	7.50191E-9	-2.34531E+1	-6.58681E-2	1.32947E-2
5.64100E+11	7.21885E-9	-2.32922E+1	1.58634E-2	-6.65888E-2
5.64275E+11	7.66466E-9	-2.31665E+1	6.12576E-2	3.27243E-2
5.64450E+11	9.03139E-9	-2.27414E+1	-4.08642E-2	6.04106E-2
5.64625E+11	8.26810E-9	-2.28260E+1	-5.87430E-2	-4.20236E-2
5.64800E+11	8.04019E-9	-2.26675E+1	4.70369E-2	-5.65530E-2
5.64975E+11	8.96924E-9	-2.23146E+1	4.51924E-2	6.18576E-2
5.65150E+11	9.70582E-9	-2.19462E+1	-7.76905E-2	1.87709E-2
5.65325E+11	1.06727E-8	-2.11810E+1	1.82568E-2	-8.53560E-2
5.65500E+11	1.12387E-8	-2.06506E+1	7.67837E-2	5.20862E-2
5.65675E+11	1.27925E-8	-2.02836E+1	-7.28416E-2	6.37341E-2
5.65850E+11	1.26750E-8	-1.98269E+1	-5.12042E-2	-8.82306E-2
5.66025E+11	1.41467E-8	-1.96316E+1	9.95428E-2	-3.12506E-2
5.66200E+11	1.37103E-8	-1.93672E+1	-2.20067E-3	1.07535E-1
5.66375E+11	1.46004E-8	-1.91672E+1	-9.91774E-2	-4.77246E-2
5.66550E+11	1.44649E-8	-1.89241E+1	8.42849E-2	-7.55470E-2
5.66725E+11	1.69633E-8	-1.83361E+1	5.29557E-2	1.08923E-1
5.66900E+11	1.64263E-8	-1.79049E+1	-1.23995E-1	2.87233E-2
5.67075E+11	1.51766E-8	-1.75511E+1	-3.34888E-3	-1.32527E-1
5.67250E+11	1.77651E-8	-1.72989E+1	1.32484E-1	3.27637E-2
5.67425E+11	1.82696E-8	-1.73565E+1	-7.90083E-2	1.10171E-1
5.67600E+11	2.19214E-8	-1.73746E+1	-6.68955E-2	-1.17596E-1
5.67775E+11	2.06634E-8	-1.75076E+1	1.31158E-1	-2.34394E-2
5.67950E+11	2.23753E-8	-1.74814E+1	3.03044E-3	1.33604E-1
5.68125E+11	2.32574E-8	-1.73752E+1	-1.35226E-1	3.89087E-3
5.68300E+11	2.32953E-8	-1.70544E+1	-3.57739E-3	-1.40326E-1
5.68475E+11	3.05478E-8	-1.66665E+1	1.46756E-1	-2.86174E-3
5.68650E+11	2.96769E-8	-1.65968E+1	-1.72102E-2	1.46961E-1
5.68825E+11	2.93891E-8	-1.65381E+1	-1.37975E-1	-5.61674E-2
5.69000E+11	2.92669E-8	-1.68186E+1	9.91164E-2	-1.04783E-1
5.69175E+11	2.99554E-8	-1.68667E+1	8.17281E-2	1.17877E-1
5.69350E+11	2.90831E-8	-1.68255E+1	-1.19985E-1	7.98388E-2
5.69525E+11	2.90398E-8	-1.70903E+1	-7.85618E-2	-1.15629E-1
5.69700E+11	3.28281E-8	-1.67597E+1	1.30532E-1	-6.36327E-2
5.69875E+11	3.54415E-8	-1.62796E+1	1.34969E-2	1.52875E-1
5.70050E+11	3.39431E-8	-1.60263E+1	-1.37914E-1	-7.71144E-2
5.70225E+11	4.28088E-8	-1.57497E+1	1.46676E-1	-7.13826E-2
5.70400E+11	4.06574E-8	-1.57850E+1	-1.38779E-2	1.61867E-1
5.70575E+11	4.00306E-8	-1.57101E+1	-1.48295E-1	-6.97239E-2
5.70750E+11	3.81905E-8	-1.56639E+1	1.05196E-1	-1.26782E-1
5.70925E+11	3.94531E-8	-1.55347E+1	8.84424E-2	1.41907E-1
5.71100E+11	3.85272E-8	-1.53962E+1	-1.69235E-1	1.50096E-2
5.71275E+11	4.80657E-8	-1.48820E+1	9.10700E-2	-1.55564E-1
5.71450E+11	4.88631E-8	-1.42196E+1	8.15084E-2	1.76648E-1
5.71625E+11	5.54985E-8	-1.37772E+1	-2.03894E-1	-1.82799E-2
5.71800E+11	5.22781E-8	-1.36992E+1	9.11286E-2	-1.85368E-1
5.71975E+11	5.67360E-8	-1.36798E+1	1.50766E-1	1.41866E-1
5.72150E+11	4.96820E-8	-1.37944E+1	-1.79442E-1	9.76787E-2
5.72325E+11	4.85734E-8	-1.39804E+1	-4.30204E-2	-1.95295E-1
5.72500E+11	4.66333E-8	-1.41603E+1	1.95601E-1	1.04367E-2
5.72675E+11	4.00367E-8	-1.39324E+1	-5.25595E-2	1.94095E-1
5.72850E+11	5.03410E-8	-1.36697E+1	-1.95436E-1	-6.90040E-2
5.73025E+11	5.34243E-8	-1.33964E+1	8.74380E-2	-1.95195E-1
5.73200E+11	5.55450E-8	-1.34102E+1	1.77133E-1	1.19274E-1
5.73375E+11	5.52192E-8	-1.34901E+1	-1.61226E-1	1.37028E-1
5.73550E+11	5.24238E-8	-1.38198E+1	-5.88997E-2	-1.95008E-1
5.73725E+11	5.10353E-8	-1.40890E+1	1.96735E-1	1.72892E-2
5.73900E+11	4.55864E-8	-1.43327E+1	-6.20725E-2	1.81719E-1
5.74075E+11	4.75059E-8	-1.46442E+1	-1.74755E-1	-6.15083E-2
5.74250E+11	4.88586E-8	-1.41303E+1	4.48448E-2	-1.91372E-1
5.74425E+11	6.22379E-8	-1.33815E+1	2.05443E-1	6.08037E-2
5.74600E+11	6.93484E-8	-1.32424E+1	-1.28610E-1	1.75662E-1
5.74775E+11	6.74173E-8	-1.32738E+1	-7.94112E-2	-2.01868E-1
5.74950E+11	6.28357E-8	-1.34916E+1	2.04512E-1	5.41286E-2
5.75125E+11	5.51869E-8	-1.36636E+1	-1.39035E-1	1.53903E-1
5.75300E+11	5.68379E-8	-1.38401E+1	-1.07654E-1	-1.72378E-1
5.75475E+11	4.96915E-8	-1.38763E+1	1.81235E-1	-9.00820E-2
5.75650E+11	5.43847E-8	-1.35521E+1	9.23606E-2	1.88693E-1
5.75825E+11	5.98461E-8	-1.28990E+1	-2.13713E-1	7.49955E-2
5.76000E+11	6.44690E-8	-1.21644E+1	9.98903E-3	-2.46277E-1
5.76175E+11	7.94824E-9	-1.19588E+1	2.24736E-1	1.14853E-1
5.76350E+11	1.64484E-9	-1.21293E+1	6.61634E-2	-2.38468E-1
5.76525E+11	3.18631E-9	-1.21137E+1	2.20601E-1	1.13142E-1
5.76700E+11	3.35344E-9	-1.23002E+1	-1.36439E-1	2.00664E-1
5.76875E+11	3.66451E-9	-1.24450E+1	-1.94526E-1	-1.38239E-1
5.77050E+11	4.40427E-9	-1.23744E+1	1.48812E-1	-1.89048E-1
5.77225E+11	6.75829E-9	-1.17129E+1	1.47308E-1	2.13795E-1
5.77400E+11	5.23500E-9	-1.12004E+1	-2.75399E-1	-2.31931E-3
5.77575E+11	3.66575E-9	-1.15509E+1	8.89696E-2	-2.49107E-1
5.77750E+11	6.60257E-9	-1.17853E+1	2.35390E-1	1.04334E-1
5.77925E+11	4.32029E-9	-1.23476E+1	-6.59450E-2	2.32150E-1
5.78100E+11	4.94182E-9	-1.24685E+1	-2.36136E-1	-2.97195E-2
5.78275E+11	4.84228E-9	-1.24749E+1	4.55155E-2	-2.33427E-1
5.78450E+11	4.35199E-9	-1.29503E+1	1.97986E-1	1.07223E-1
5.78625E+11	3.76478E-9	-1.28871E+1	-1.76430E-1	1.42518E-1
5.78800E+11	5.61407E-9	-1.21613E+1	-7.35791E-2	-2.35333E-1
5.78975E+11	7.46491E-9	-1.13740E+1	2.69914E-1	-5.04529E-3
5.79150E+11	8.65319E-9	-1.15347E+1	-7.54164E-3	2.64905E-1
5.79325E+11	1.24736E-8	-1.17017E+1	-2.59892E-1	-6.11345E-3
5.79500E+11	8.26869E-9	-1.21266E+1	2.99342E-2	-2.45738E-1
5.79675E+11	7.04353E-9	-1.21918E+1	2.21156E-1	1.07049E-1
5.79850E+11	6.93668E-9	-1.24732E+1	-1.83558E-1	1.51291E-1
5.80025E+11	7.49625E-9	-1.25772E+1	-8.73022E-2	-2.18223E-1
5.80200E+11	6.81129E-9	-1.18868E+1	2.48572E-1	-5.45373E-2
5.80375E+11	8.28023E-9	-1.17316E+1	3.75833E-2	2.56331E-1
5.80550E+11	5.24718E-9	-1.18198E+1	-2.55981E-1	1.55867E-2
5.80725E+11	3.91185E-9	-1.18557E+1	5.32098E-2	-2.49792E-1
5.80900E+11	7.35890E-9	-1.17476E+1	2.04535E-1	1.58229E-1
5.81075E+11	5.93315E-9	-1.18240E+1	-2.39259E-1	9.19792E-2
5.81250E+11	6.43435E-9	-1.17814E+1	3.09751E-2	-2.55720E-1
5.81425E+11	4.85336E-9	-1.20671E+1	2.37603E-1	7.53222E-2
5.81600E+11	6.55806E-9	-1.12450E+1	-8.19782E-2	2.61450E-1
5.81775E+11	7.36941E-9	-1.02512E+1	-2.85120E-1	-1.14392E-1
5.81950E+11	7.21239E-9	-9.68497E+0	2.10463E-1	-2.51454E-1
5.82125E+11	9.53441E-9	-9.78610E+0	1.42233E-1	2.91236E-1
5.82300E+11	9.87592E-9	-1.02392E+1	-3.06572E-1	-2.55818E-2
5.82475E+11	4.93263E-9	-1.08443E+1	1.44491E-1	-2.47900E-1
5.82650E+11	7.19533E-9	-1.09406E+1	1.82932E-1	2.16937E-1
5.82825E+11	6.15932E-9	-1.13978E+1	-2.37779E-1	1.26260E-1
5.83000E+11	4.99205E-9	-1.17360E+1	-8.29339E-2	-2.45300E-1
5.83175E+11	5.47574E-9	-1.13845E+1	2.69043E-1	-1.78537E-2
5.83350E+11	8.08134E-9	-1.14735E+1	-6.93666E-2	2.57713E-1
5.83525E+11	6.69939E-9	-1.13548E+1	-2.33012E-1	-1.37503E-1
5.83700E+11	8.49383E-9	-1.13213E+1	1.83103E-1	-2.00603E-1
5.83875E+11	6.87213E-9	-1.13622E+1	1.63498E-1	2.15280E-1
5.84050E+11	7.44403E-9	-1.18573E+1	-2.20698E-1	1.28435E-1
5.84225E+11	8.74543E-9	-1.18275E+1	-8.88468E-2	-2.40330E-1
5.84400E+11	7.13144E-9	-1.20902E+1	2.48589E-1	-1.58076E-3
5.84575E+11	7.54161E-9	-1.11700E+1	-1.07912E-1	2.54439E-1
5.84750E+11	7.29296E-9	-1.04956E+1	-1.98243E-1	-2.23418E-1
5.84925E+11	8.34898E-9	-1.05030E+1	2.63793E-1	-1.39561E-1
5.85100E+11	6.59564E-9	-1.09089E+1	1.04494E-1	2.64947E-1
5.85275E+11	5.52386E-9	-1.11711E+1	-2.65217E-1	7.76145E-2
5.85450E+11	3.94255E-9	-1.14404E+1	-1.67570E-2	-2.67381E-1
5.85625E+11	5.59519E-9	-1.17018E+1	2.46768E-1	8.17695E-2
5.85800E+11	4.67896E-9	-1.17852E+1	-1.72332E-1	1.91303E-1
5.85975E+11	6.55064E-9	-1.17920E+1	-1.33863E-1	-2.19708E-1
5.86150E+11	6.62129E-9	-1.08997E+1	2.66934E-1	-1.00174E-1
5.86325E+11	9.90366E-9	-1.03984E+1	1.08346E-1	2.81951E-1
5.86500E+11	5.24040E-9	-9.84185E+0	-3.05440E-1	1.02054E-1
5.86675E+11	8.15388E-9	-1.00894E+1	-3.57073E-2	-3.10945E-1
5.86850E+11	7.46381E-9	-1.05416E+1	2.87623E-1	7.44946E-2
5.87025E+11	5.99726E-9	-1.08005E+1	-1.83064E-1	2.22831E-1
5.87200E+11	6.90336E-9	-1.09153E+1	-1.59033E-1	-2.36020E-1
5.87375E+11	4.11082E-9	-1.10320E+1	2.32816E-1	-1.56991E-1
5.87550E+11	4.88374E-9	-1.05050E+1	1.97130E-1	2.23969E-1
5.87725E+11	8.35862E-9	-1.00252E+1	-2.42837E-1	2.01125E-1
5.87900E+11	1.02313E-8	-1.00340E+1	-1.39545E-1	-2.82397E-1
5.88075E+11	8.03821E-9	-1.03413E+1	3.04043E-1	1.69826E-4
5.88250E+11	5.92515E-9	-1.07590E+1	-1.73534E-1	2.32061E-1
5.88425E+11	5.55929E-9	-1.14151E+1	-1.08793E-1	-2.45674E-1
5.88600E+11	5.39662E-9	-1.14051E+1	2.64497E-1	-4.89813E-2
5.88775E+11	5.22043E-9	-1.16032E+1	3.41167E-2	2.60706E-1
5.88950E+11	7.36527E-9	-1.10896E+1	-2.71821E-1	6.26499E-2
5.89125E+11	8.14225E-9	-9.92940E+0	-3.42259E-3	-3.18790E-1
5.89300E+11	1.39316E-8	-9.64010E+0	2.83237E-1	1.68573E-1
5.89475E+11	1.34187E-8	-1.00779E+1	-2.94075E-1	1.08363E-1
5.89650E+11	1.37096E-8	-1.06654E+1	6.66618E-2	-2.85220E-1
5.89825E+11	7.98395E-9	-1.12600E+1	2.30214E-1	1.47712E-1
5.90000E+11	7.18968E-9	-1.17011E+1	-1.62942E-1	2.02586E-1
5.90175E+11	7.18833E-9	-1.22880E+1	-1.81335E-1	-1.61756E-1
5.90350E+11	5.36400E-9	-1.24683E+1	1.79632E-1	-1.56136E-1
5.90525E+11	8.39376E-9	-1.13870E+1	1.01298E-1	2.49798E-1
5.90700E+11	7.16343E-9	-1.08566E+1	-2.83569E-1	-4.10892E-2
5.90875E+11	6.47214E-9	-1.10553E+1	1.09726E-1	-2.57658E-1
5.91050E+11	6.16818E-9	-1.10405E+1	2.64161E-1	9.44149E-2
5.91225E+11	4.71907E-9	-1.11516E+1	-1.14153E-2	2.76727E-1
5.91400E+11	6.99805E-9	-1.10968E+1	-2.72602E-1	5.80542E-2
5.91575E+11	6.40479E-9	-1.09689E+1	-4.10426E-2	-2.79857E-1
5.91750E+11	7.24227E-9	-1.08334E+1	2.69431E-1	9.97336E-2
5.91925E+11	8.18344E-9	-1.00641E+1	-2.87854E-1	1.25205E-1
5.92100E+11	7.17018E-9	-9.36955E+0	1.67659E-1	-2.95827E-1
5.92275E+11	9.68508E-9	-9.49805E+0	1.50917E-1	2.99126E-1
5.92450E+11	8.83361E-9	-1.00864E+1	-2.98274E-1	9.52011E-2
5.92625E+11	7.53035E-9	-1.04861E+1	-7.44555E-2	-2.89597E-1
5.92800E+11	6.47762E-9	-1.12848E+1	2.65962E-1	-6.04635E-2
5.92975E+11	4.45078E-9	-1.20938E+1	2.23752E-3	2.48482E-1
5.93150E+11	3.31162E-9	-1.24698E+1	-2.19429E-1	-9.20715E-2
5.93325E+11	5.08306E-9	-1.18850E+1	1.98491E-1	-1.59343E-1
5.93500E+11	7.11394E-9	-1.08296E+1	3.62432E-2	2.85129E-1
5.93675E+11	7.41571E-9	-1.07358E+1	-2.80399E-1	-7.61041E-2
5.93850E+11	6.34052E-9	-1.09706E+1	1.29030E-1	-2.51643E-1
5.94025E+11	5.94422E-9	-1.08421E+1	2.15360E-1	1.89719E-1
5.94200E+11	6.73186E-9	-1.10396E+1	-2.50638E-1	1.26066E-1
5.94375E+11	6.43078E-9	-1.10925E+1	9.49316E-4	-2.78851E-1
5.94550E+11	7.31636E-9	-1.14605E+1	2.54323E-1	8.22224E-2
5.94725E+11	6.06178E-9	-1.17667E+1	-8.99094E-2	2.41855E-1
5.94900E+11	7.71902E-9	-1.13920E+1	-2.58394E-1	-7.62212E-2
5.95075E+11	1.05863E-8	-1.07230E+1	1.03039E-1	-2.72116E-1
5.95250E+11	3.36928E-9	-1.12620E+1	2.27316E-1	1.52021E-1
5.95425E+11	7.97100E-9	-1.17606E+1	-2.02593E-1	1.60085E-1
5.95600E+11	4.30751E-9	-1.23728E+1	-5.55934E-2	-2.34126E-1
5.95775E+11	8.32932E-9	-1.28117E+1	2.24273E-1	4.51766E-2
5.95950E+11	4.99102E-9	-1.29740E+1	-1.03826E-1	1.99096E-1
5.96125E+11	5.48111E-9	-1.30279E+1	-1.91951E-1	-1.13809E-1
5.96300E+11	6.66202E-9	-1.16427E+1	1.52333E-1	-2.12840E-1
5.96475E+11	6.65773E-9	-1.09644E+1	1.77990E-1	2.20014E-1
5.96650E+11	8.14843E-9	-1.09446E+1	-2.64907E-1	1.01371E-1
5.96825E+11	3.97877E-9	-1.07794E+1	-1.58237E-2	-2.88656E-1
5.97000E+11	6.23446E-9	-1.07198E+1	2.81928E-1	7.24082E-2
5.97175E+11	4.11199E-9	-1.08162E+1	-1.23615E-1	2.59973E-1
5.97350E+11	4.61500E-9	-1.10788E+1	-2.22491E-1	-1.68825E-1
5.97525E+11	4.08131E-9	-1.21527E+1	1.69696E-1	-1.79217E-1
5.97700E+11	4.45050E-9	-1.18865E+1	1.49996E-1	2.05591E-1
5.97875E+11	6.08461E-9	-1.04325E+1	-2.87578E-1	8.84263E-2
5.98050E+11	8.21941E-9	-1.01168E+1	5.05422E-2	-3.07882E-1
5.98225E+11	5.46961E-9	-1.03167E+1	2.67659E-1	1.46035E-1
5.98400E+11	7.05749E-9	-1.06932E+1	-1.98721E-1	2.13911E-1
5.98575E+11	8.29336E-9	-1.12136E+1	-1.51893E-1	-2.29237E-1
5.98750E+11	5.46398E-9	-1.16514E+1	2.55439E-1	-5.58664E-2
5.98925E+11	7.72914E-9	-1.16859E+1	-8.02178E-2	2.47778E-1
5.99100E+11	5.90968E-9	-1.15681E+1	-1.76593E-1	-1.96235E-1
5.99275E+11	8.81487E-9	-1.05423E+1	2.90284E-1	-6.32134E-2
5.99450E+11	9.77070E-9	-1.03925E+1	-5.24771E-2	2.97664E-1
5.99625E+11	1.02579E-8	-1.08509E+1	-2.62043E-1	-1.16368E-1
5.99800E+11	7.63489E-9	-1.11253E+1	1.68104E-1	-2.21169E-1
5.99975E+11	8.58516E-9	-1.15563E+1	1.45707E-1	2.20571E-1
6.00150E+11	5.88737E-9	-1.22632E+1	-2.40122E-1	4.15587E-2
6.00325E+11	4.72207E-9	-1.27695E+1	4.81100E-2	-2.24801E-1
6.00500E+11	4.55270E-9	-1.30917E+1	1.95380E-1	1.04393E-1
6.00675E+11	6.11671E-9	-1.24916E+1	-1.01181E-1	2.14722E-1
6.00850E+11	7.78964E-9	-1.08908E+1	-2.58479E-1	-1.21015E-1
6.01025E+11	9.63915E-9	-1.05002E+1	1.90113E-1	-2.30168E-1
6.01200E+11	8.19325E-9	-1.06990E+1	1.52332E-1	2.48854E-1
6.01375E+11	6.74935E-9	-1.10622E+1	-2.79768E-1	5.82752E-3
6.01550E+11	7.55921E-9	-1.15375E+1	1.35093E-1	-2.27895E-1
6.01725E+11	5.80907E-9	-1.17636E+1	1.52633E-1	2.08155E-1
6.01900E+11	5.91710E-9	-1.21658E+1	-2.15551E-1	1.19457E-1
6.02075E+11	4.63816E-9	-1.20417E+1	-1.46499E-1	-2.02561E-1
6.02250E+11	5.80153E-9	-1.16135E+1	2.00735E-1	-1.69332E-1
6.02425E+11	4.42162E-9	-1.13756E+1	1.40651E-1	2.30366E-1
6.02600E+11	4.00173E-9	-1.17220E+1	-2.58438E-1	2.18256E-2
6.02775E+11	4.18700E-9	-1.18485E+1	1.42064E-1	-2.12493E-1
6.02950E+11	2.41405E-9	-1.22763E+1	6.13060E-2	2.35475E-1
6.03125E+11	3.97147E-9	-1.21446E+1	-2.32721E-1	-8.28846E-2
6.03300E+11	3.41751E-9	-1.25932E+1	1.50002E-1	-1.80387E-1
6.03475E+11	3.55876E-9	-1.23027E+1	1.64395E-1	1.78388E-1
6.03650E+11	6.67134E-9	-1.08531E+1	-2.13362E-1	1.91422E-1
6.03825E+11	7.05221E-9	-9.37455E+0	-1.57653E-1	-3.01058E-1
6.04000E+11	7.98804E-9	-9.57374E+0	3.21598E-1	-8.29921E-2
6.04175E+11	9.63013E-9	-1.01069E+1	4.27461E-2	3.09422E-1
6.04350E+11	8.08711E-9	-1.06697E+1	-2.91585E-1	-2.62244E-2
6.04525E+11	4.94289E-9	-1.16483E+1	7.94760E-2	-2.49203E-1
6.04700E+11	6.24732E-9	-1.24489E+1	2.08111E-1	1.16572E-1
6.04875E+11	3.52726E-9	-1.30371E+1	-1.23814E-1	1.85371E-1
6.05050E+11	5.92070E-9	-1.27268E+1	-1.77374E-1	-1.48026E-1
6.05225E+11	5.50440E-9	-1.19096E+1	2.10385E-1	-1.41988E-1
6.05400E+11	3.66175E-9	-1.23913E+1	8.21534E-2	2.25633E-1
6.05575E+11	6.85624E-9	-1.25992E+1	-2.29101E-1	4.97636E-2
6.05750E+11	4.01292E-9	-1.25508E+1	-2.62118E-2	-2.34294E-1
6.05925E+11	3.40793E-9	-1.23395E+1	2.41426E-1	8.07150E-3
6.06100E+11	5.91779E-9	-1.25294E+1	-2.83842E-2	2.34627E-1
6.06275E+11	4.50878E-9	-1.26727E+1	-2.27920E-1	-4.57626E-2
6.06450E+11	4.40503E-9	-1.22780E+1	5.54552E-2	-2.36870E-1
6.06625E+11	6.01124E-9	-1.06898E+1	2.67208E-1	1.17961E-1
6.06800E+11	4.28429E-9	-1.02904E+1	-2.30450E-1	2.01061E-1
6.06975E+11	4.68240E-9	-1.08729E+1	-1.15938E-1	-2.61439E-1
6.07150E+11	4.02041E-9	-1.14649E+1	2.62655E-1	-4.88051E-2
6.07325E+11	4.61870E-9	-1.18025E+1	7.66846E-3	2.56851E-1
6.07500E+11	3.55964E-9	-1.23885E+1	-2.39148E-1	-2.24610E-2
6.07675E+11	4.98538E-9	-1.25581E+1	4.29844E-2	-2.31602E-1
6.07850E+11	3.82692E-9	-1.25841E+1	2.31669E-1	3.85443E-2
6.08025E+11	6.85879E-9	-1.19118E+1	-4.42809E-2	2.49858E-1
6.08200E+11	7.29749E-9	-1.17366E+1	-2.57746E-1	-2.46601E-2
6.08375E+11	4.42851E-9	-1.12705E+1	1.88425E-2	-2.72547E-1
6.08550E+11	7.53766E-9	-1.09000E+1	2.81204E-1	4.69789E-2
6.08725E+11	1.03272E-8	-1.07150E+1	-1.08092E-1	2.70436E-1
6.08900E+11	1.11871E-8	-1.08180E+1	-2.35070E-1	-1.66054E-1
6.09075E+11	9.32320E-9	-1.14433E+1	1.99315E-1	-1.78880E-1
6.09250E+11	7.32226E-9	-1.16082E+1	1.54925E-1	2.12252E-1
6.09425E+11	9.60719E-9	-1.07199E+1	-2.40311E-1	1.64240E-1
6.09600E+11	1.06847E-8	-9.71890E+0	-1.37829E-1	-2.96124E-1
6.09775E+11	9.66196E-9	-9.95909E+0	3.12070E-1	-5.96549E-2
6.09950E+11	8.23381E-9	-1.03863E+1	-2.84489E-2	3.01132E-1
6.10125E+11	7.44069E-9	-1.08173E+1	-2.56945E-1	-1.29709E-1
6.10300E+11	6.57396E-9	-1.11899E+1	2.11080E-1	-1.77427E-1
6.10475E+11	6.28789E-9	-1.17586E+1	8.36239E-2	2.44354E-1
6.10650E+11	5.54444E-9	-1.20314E+1	-2.49254E-1	2.26520E-2
6.10825E+11	3.16063E-9	-1.21079E+1	2.20351E-2	-2.47108E-1
6.11000E+11	5.66869E-9	-1.18216E+1	2.50478E-1	5.47868E-2
6.11175E+11	4.61775E-9	-1.11753E+1	-1.35068E-1	2.40928E-1
6.11350E+11	5.72686E-9	-1.08339E+1	-1.56045E-1	-2.41206E-1
6.11525E+11	5.88531E-9	-1.12326E+1	2.73146E-1	-2.61174E-2
6.11700E+11	5.45038E-9	-1.15095E+1	-6.99671E-2	2.56406E-1
6.11875E+11	3.57829E-9	-1.20127E+1	-2.23815E-1	-1.13215E-1
6.12050E+11	3.43657E-9	-1.22902E+1	1.23093E-1	-2.09440E-1
6.12225E+11	4.57330E-9	-1.16670E+1	1.97301E-1	1.70867E-1
6.12400E+11	5.74969E-9	-1.09089E+1	-2.38672E-1	1.55411E-1
6.12575E+11	7.01640E-9	-1.03578E+1	-5.54679E-2	-2.98355E-1
6.12750E+11	6.36694E-9	-1.02834E+1	2.99631E-1	6.24803E-2
6.12925E+11	6.38477E-9	-1.03809E+1	-1.12145E-1	2.81115E-1
6.13100E+11	5.32676E-9	-1.03336E+1	-2.62362E-1	-1.54183E-1
6.13275E+11	5.60505E-9	-1.04146E+1	1.88123E-1	-2.35593E-1
6.13450E+11	5.63245E-9	-1.06286E+1	1.78313E-1	2.33941E-1
6.13625E+11	4.09094E-9	-1.11962E+1	-2.59884E-1	9.15698E-2
6.13800E+11	3.32277E-9	-1.11967E+1	1.85046E-2	-2.74906E-1
6.13975E+11	5.91998E-9	-9.71986E+0	2.45378E-1	2.15529E-1
6.14150E+11	6.25353E-9	-9.25023E+0	-3.43449E-1	2.97734E-2
6.14325E+11	6.38374E-9	-9.58534E+0	1.19741E-1	-3.09323E-1
6.14500E+11	6.19927E-9	-1.03892E+1	2.60217E-1	1.54000E-1
6.14675E+11	7.06071E-9	-1.07265E+1	-1.46118E-1	2.51486E-1
6.14850E+11	4.11761E-9	-1.12798E+1	-2.32698E-1	-1.42578E-1
6.15025E+11	4.27655E-9	-1.13162E+1	1.74674E-1	-2.08193E-1
6.15200E+11	3.79505E-9	-1.10030E+1	1.78552E-1	2.17938E-1
6.15375E+11	4.77990E-9	-1.06517E+1	-2.60453E-1	1.35015E-1
6.15550E+11	7.04288E-9	-1.03021E+1	-1.39159E-1	-2.71874E-1
6.15725E+11	4.32323E-9	-1.03741E+1	2.63320E-1	-1.49699E-1
6.15900E+11	4.09333E-9	-1.05566E+1	1.33276E-1	2.64969E-1
6.16075E+11	3.00715E-9	-1.07479E+1	-2.86840E-1	4.36223E-2
6.16250E+11	4.38369E-9	-1.12534E+1	1.06555E-1	-2.52145E-1
6.16425E+11	4.61133E-9	-1.20308E+1	1.25683E-1	2.16457E-1
6.16600E+11	4.58276E-9	-1.21491E+1	-2.46907E-1	1.78863E-3
6.16775E+11	6.04098E-9	-1.10241E+1	1.09783E-1	-2.58729E-1
6.16950E+11	7.58601E-9	-1.04550E+1	2.12670E-1	2.11717E-1
6.17125E+11	5.74520E-9	-1.09379E+1	-2.48313E-1	1.37543E-1
6.17300E+11	5.45627E-9	-1.13186E+1	-3.37980E-2	-2.69578E-1
6.17475E+11	5.79496E-9	-1.14444E+1	2.48739E-1	9.91796E-2
6.17650E+11	7.14280E-9	-1.15071E+1	-2.09452E-1	1.63735E-1
6.17825E+11	5.24593E-9	-1.13720E+1	-7.55093E-2	-2.59251E-1
6.18000E+11	5.23959E-9	-1.08688E+1	2.86113E-1	2.88253E-3
6.18175E+11	7.81477E-9	-1.03236E+1	-8.19122E-2	2.93443E-1
6.18350E+11	9.33882E-9	-9.91057E+0	-2.74759E-1	-1.63058E-1
6.18525E+11	6.73177E-9	-9.69647E+0	2.60639E-1	-1.98259E-1
6.18700E+11	8.51045E-9	-9.48374E+0	9.56376E-2	3.21677E-1
6.18875E+11	8.63915E-9	-9.11175E+0	-3.49622E-1	-2.14180E-2
6.19050E+11	8.87379E-9	-9.36328E+0	9.45317E-2	-3.26885E-1
6.19225E+11	8.76843E-9	-9.69170E+0	3.06553E-1	1.15681E-1
6.19400E+11	4.69637E-9	-9.72654E+0	-1.12834E-1	3.06215E-1
6.19575E+11	7.87137E-9	-9.47904E+0	-3.11137E-1	-1.26247E-1
6.19750E+11	9.05864E-9	-8.97254E+0	2.55460E-1	-2.47853E-1
6.19925E+11	4.35848E-9	-9.25051E+0	5.00812E-2	3.41069E-1
6.20100E+11	7.22041E-9	-9.44522E+0	-3.18238E-1	-1.11134E-1
6.20275E+11	6.15330E-9	-9.72919E+0	2.27181E-1	-2.34143E-1
6.20450E+11	4.54953E-9	-1.01329E+1	1.02768E-1	2.93981E-1
6.20625E+11	5.27897E-9	-1.03572E+1	-3.00008E-1	-4.58291E-2
6.20800E+11	3.77327E-9	-1.11465E+1	1.62938E-1	-2.24162E-1
6.20975E+11	2.82501E-9	-1.17603E+1	1.09909E-1	2.33658E-1
6.21150E+11	3.18832E-9	-1.16391E+1	-2.60809E-1	-2.32746E-2
6.21325E+11	4.10164E-9	-1.12146E+1	1.49611E-1	-2.30693E-1
6.21500E+11	5.73250E-9	-1.04509E+1	1.53932E-1	2.57767E-1
6.21675E+11	6.53667E-9	-1.04832E+1	-2.97770E-1	2.83472E-2
6.21850E+11	6.60548E-9	-1.05453E+1	8.13412E-2	-2.85630E-1
6.22025E+11	4.72059E-9	-1.08025E+1	2.25815E-1	1.79264E-1
6.22200E+11	4.83976E-9	-1.08412E+1	-2.47710E-1	1.45022E-1
6.22375E+11	4.31620E-9	-1.08122E+1	-6.36341E-2	-2.80880E-1
6.22550E+11	6.32260E-9	-1.01886E+1	3.08269E-1	2.68420E-2
6.22725E+11	5.78198E-9	-9.92661E+0	-9.05866E-2	3.05775E-1
6.22900E+11	5.66269E-9	-1.00619E+1	-2.86912E-1	-1.27538E-1
6.23075E+11	5.96365E-9	-1.05029E+1	1.30501E-1	-2.68393E-1
6.23250E+11	4.78251E-9	-1.11005E+1	2.29380E-1	1.58118E-1
6.23425E+11	4.92434E-9	-1.14305E+1	-2.44807E-1	1.09574E-1
6.23600E+11	2.74741E-9	-1.21451E+1	1.22262E-2	-2.46724E-1
6.23775E+11	3.37084E-9	-1.23580E+1	2.32128E-1	6.49594E-2
6.23950E+11	4.24558E-9	-1.16157E+1	-1.00830E-1	2.42419E-1
6.24125E+11	4.83511E-9	-9.86568E+0	-2.84244E-1	-1.49488E-1
6.24300E+11	7.46362E-9	-8.97588E+0	2.49013E-1	-2.54138E-1
6.24475E+11	9.53250E-9	-8.82727E+0	1.91939E-1	3.06855E-1
6.24650E+11	6.29586E-9	-8.66517E+0	-3.57638E-1	8.98760E-2
6.24825E+11	7.83436E-9	-8.79270E+0	-3.60730E-2	-3.61588E-1
6.25000E+11	5.17281E-9	-8.81708E+0	3.62348E-1	-3.48184E-3
6.25175E+11	5.12705E-9	-8.99947E+0	1.05821E-3	3.54834E-1
6.25350E+11	3.93764E-9	-9.51148E+0	-3.34328E-1	1.14377E-2
6.25525E+11	4.72116E-9	-9.14712E+0	1.48665E-2	-3.48537E-1
6.25700E+11	5.89728E-9	-9.37893E+0	3.15276E-1	1.26391E-1
6.25875E+11	4.33558E-9	-1.02097E+1	-2.04178E-1	2.31509E-1
6.26050E+11	6.24833E-9	-1.10667E+1	-1.69286E-1	-2.22631E-1
6.26225E+11	4.09175E-9	-1.19549E+1	2.05258E-1	-1.47049E-1
6.26400E+11	3.25752E-9	-1.21625E+1	1.37113E-1	2.04888E-1
6.26575E+11	3.65334E-9	-1.26530E+1	-2.02859E-1	1.14612E-1
6.26750E+11	4.28661E-9	-1.24744E+1	-7.87201E-2	-2.24433E-1
6.26925E+11	4.00681E-9	-1.15988E+1	2.62410E-1	1.85201E-2
6.27100E+11	6.32404E-9	-1.07325E+1	-2.00340E-1	2.10576E-1
6.27275E+11	7.06695E-9	-1.03066E+1	-4.15362E-2	-3.02420E-1
6.27450E+11	6.68121E-9	-1.02922E+1	2.70787E-1	1.42016E-1
6.27625E+11	1.29022E-8	-1.01688E+1	-2.64678E-1	1.61659E-1
6.27800E+11	1.18024E-8	-1.02050E+1	-3.24837E-2	-3.07140E-1
6.27975E+11	9.42975E-9	-1.06375E+1	2.86167E-1	6.67567E-2
6.28150E+11	5.05239E-9	-1.09109E+1	-1.41567E-1	2.47060E-1
6.28325E+11	6.52778E-9	-1.08312E+1	-1.91310E-1	-2.14431E-1
6.28500E+11	8.24388E-9	-1.02142E+1	2.86200E-1	-1.15229E-1
6.28675E+11	7.60265E-9	-1.04780E+1	5.50496E-2	2.94190E-1
6.28850E+11	6.01189E-9	-1.04386E+1	-2.99315E-1	2.83754E-2
6.29025E+11	4.39481E-9	-1.03238E+1	2.10516E-2	-3.03929E-1
6.29200E+11	4.10614E-9	-1.01266E+1	2.95651E-1	9.85745E-2
6.29375E+11	4.81870E-9	-1.04688E+1	-1.70119E-1	2.46632E-1
6.29550E+11	6.80184E-9	-1.02629E+1	-1.61359E-1	-2.60938E-1
6.29725E+11	3.08874E-9	-1.02930E+1	2.95060E-1	-8.00930E-2
6.29900E+11	5.12279E-9	-9.33440E+0	1.53374E-2	3.41068E-1
6.30075E+11	3.91538E-9	-8.64803E+0	-3.60719E-1	-8.00147E-2
6.30250E+11	5.42344E-9	-8.59505E+0	1.47713E-1	-3.41141E-1
6.30425E+11	5.60863E-9	-8.83585E+0	2.44013E-1	2.66833E-1
6.30600E+11	3.68633E-9	-9.57723E+0	-3.11928E-1	1.13689E-1
6.30775E+11	3.75544E-9	-9.71576E+0	4.68842E-3	-3.26714E-1
6.30950E+11	3.61666E-9	-1.02201E+1	2.92626E-1	9.70983E-2
6.31125E+11	4.32207E-9	-1.08960E+1	-1.66976E-1	2.31249E-1
6.31300E+11	3.59958E-9	-1.08185E+1	-1.95031E-1	-2.11627E-1
6.31475E+11	5.79400E-9	-1.08176E+1	2.57252E-1	-1.29079E-1
6.31650E+11	4.56599E-9	-1.10121E+1	3.45604E-2	2.79316E-1
6.31825E+11	5.05742E-9	-1.13021E+1	-2.62345E-1	-7.25999E-2
6.32000E+11	7.12322E-9	-1.19686E+1	1.60668E-1	-1.94264E-1
6.32175E+11	3.55776E-9	-1.22082E+1	1.43945E-1	1.98550E-1
6.32350E+11	4.36812E-9	-1.29319E+1	-1.88345E-1	1.24244E-1
6.32525E+11	5.52850E-9	-1.31734E+1	-1.28134E-1	-1.78154E-1
6.32700E+11	3.29450E-9	-1.29226E+1	1.83611E-1	-1.31557E-1
6.32875E+11	4.57956E-9	-1.18515E+1	1.01467E-1	2.34509E-1
6.33050E+11	5.80895E-9	-1.15810E+1	-2.62029E-1	2.87691E-2
6.33225E+11	5.37872E-9	-1.16465E+1	3.23966E-2	-2.59610E-1
6.33400E+11	3.98902E-9	-1.15096E+1	2.57226E-1	6.68795E-2
6.33575E+11	3.10453E-9	-1.17448E+1	-9.73741E-2	2.39651E-1
6.33750E+11	3.48302E-9	-1.18174E+1	-2.19978E-1	-1.31968E-1
6.33925E+11	2.78442E-9	-1.19315E+1	1.85930E-1	-1.71840E-1
6.34100E+11	3.06322E-9	-1.15614E+1	1.26211E-1	2.32104E-1
6.34275E+11	4.91965E-9	-1.07055E+1	-2.79354E-1	8.34710E-2
6.34450E+11	4.45528E-9	-1.00030E+1	-1.70400E-2	-3.15659E-1
6.34625E+11	3.24734E-9	-9.91088E+0	3.16683E-1	4.22510E-2
6.34800E+11	3.87889E-9	-1.00398E+1	-1.81802E-2	3.14257E-1
6.34975E+11	4.16807E-9	-1.07292E+1	-2.89320E-1	-2.89260E-2
6.35150E+11	2.67476E-9	-1.11046E+1	4.47190E-2	-2.74849E-1
6.35325E+11	1.74257E-9	-1.17705E+1	2.48102E-1	7.04630E-2
6.35500E+11	2.65081E-9	-1.19678E+1	-8.46931E-2	2.37470E-1
6.35675E+11	3.76444E-9	-1.12534E+1	-2.47923E-1	-1.16036E-1
6.35850E+11	3.06290E-9	-1.05842E+1	1.76404E-1	-2.37266E-1
6.36025E+11	4.08305E-9	-1.08708E+1	1.90983E-1	2.12974E-1
6.36200E+11	5.58352E-9	-1.12199E+1	-2.34320E-1	1.43546E-1
6.36375E+11	3.81080E-9	-1.14250E+1	-7.99563E-2	-2.56193E-1
6.36550E+11	2.07334E-9	-1.19969E+1	2.50898E-1	-1.38243E-2
6.36725E+11	3.75398E-9	-1.19676E+1	-7.91493E-2	2.39382E-1
6.36900E+11	4.60610E-9	-1.23923E+1	-1.82918E-1	-1.55521E-1
6.37075E+11	4.32959E-9	-1.22660E+1	2.09662E-1	-1.24052E-1
6.37250E+11	7.85022E-9	-1.19041E+1	4.65754E-2	2.49671E-1
6.37425E+11	5.43103E-9	-1.17846E+1	-2.50432E-1	-5.98958E-2
6.37600E+11	5.98336E-9	-1.21534E+1	1.47964E-1	-1.97515E-1
6.37775E+11	5.53762E-9	-1.29385E+1	1.05095E-1	1.99471E-1
6.37950E+11	4.27634E-9	-1.35094E+1	-2.11106E-1	-2.55728E-3
6.38125E+11	3.59526E-9	-1.38958E+1	9.58167E-2	-1.77755E-1
6.38300E+11	2.77956E-9	-1.43342E+1	9.76143E-2	1.65329E-1
6.38475E+11	2.97036E-9	-1.42528E+1	-1.92583E-1	2.17180E-2
6.38650E+11	2.86446E-9	-1.34470E+1	5.26572E-2	-2.06019E-1
6.38825E+11	3.96481E-9	-1.28493E+1	1.83889E-1	1.34438E-1
6.39000E+11	3.15450E-9	-1.27464E+1	-1.77799E-1	1.46696E-1
6.39175E+11	2.47248E-9	-1.22057E+1	-1.05030E-1	-2.21688E-1
6.39350E+11	3.49673E-9	-1.20802E+1	2.43820E-1	-4.99354E-2
6.39525E+11	2.67554E-9	-1.16838E+1	-2.25054E-2	2.59526E-1
6.39700E+11	3.51094E-9	-1.15409E+1	-2.43411E-1	-1.04321E-1
6.39875E+11	2.34153E-9	-1.19973E+1	1.52497E-1	-1.99697E-1
6.40050E+11	2.83781E-9	-1.13658E+1	1.90689E-1	1.91454E-1
6.40225E+11	3.53028E-9	-1.07291E+1	-2.50809E-1	1.47107E-1
6.40400E+11	3.98437E-9	-1.09043E+1	-5.96093E-2	-2.78657E-1
6.40575E+11	2.71877E-9	-1.11943E+1	2.75097E-1	1.66808E-2
6.40750E+11	3.25625E-9	-1.14871E+1	-1.36173E-1	2.29045E-1
6.40925E+11	3.27816E-9	-1.22140E+1	-1.37857E-1	-2.02628E-1
6.41100E+11	4.01106E-9	-1.29614E+1	2.19267E-1	-4.98832E-2
6.41275E+11	1.96526E-9	-1.34595E+1	-3.23314E-3	2.12313E-1
6.41450E+11	2.88668E-9	-1.38684E+1	-2.02051E-1	1.45202E-2
6.41625E+11	2.63833E-9	-1.30659E+1	-5.77686E-2	-2.14538E-1
6.41800E+11	3.93279E-9	-1.29052E+1	2.24239E-1	-3.06860E-2
6.41975E+11	2.61804E-9	-1.29173E+1	-2.04319E-2	2.25088E-1
6.42150E+11	4.30885E-9	-1.28891E+1	-2.12774E-1	-7.83704E-2
6.42325E+11	3.21546E-9	-1.33800E+1	1.18641E-1	-1.78448E-1
6.42500E+11	2.13620E-9	-1.40508E+1	1.30541E-1	1.49356E-1
6.42675E+11	2.29748E-9	-1.45229E+1	-1.63792E-1	9.20133E-2
6.42850E+11	2.28523E-9	-1.47069E+1	-7.24714E-2	-1.69051E-1
6.43025E+11	2.13393E-9	-1.42824E+1	1.80854E-1	-6.77957E-2
6.43200E+11	2.07068E-9	-1.37453E+1	6.00175E-2	1.96502E-1
6.43375E+11	2.19637E-9	-1.38573E+1	-1.96633E-1	4.97584E-2
6.43550E+11	1.89949E-9	-1.43174E+1	-1.70311E-2	-1.91612E-1
6.43725E+11	1.60173E-9	-1.46049E+1	1.85783E-1	1.09153E-2
6.43900E+11	2.22269E-9	-1.48041E+1	-4.01935E-2	1.77388E-1
6.44075E+11	2.14252E-9	-1.51921E+1	-1.56987E-1	-7.48992E-2
6.44250E+11	1.28740E-9	-1.50479E+1	9.50473E-2	-1.49137E-1
6.44425E+11	1.26394E-9	-1.48057E+1	1.31548E-1	1.25559E-1
6.44600E+11	1.90409E-9	-1.38845E+1	-1.75518E-1	1.00384E-1
6.44775E+11	2.53145E-9	-1.29691E+1	-1.97740E-2	-2.23798E-1
6.44950E+11	2.49455E-9	-1.27809E+1	2.09877E-1	9.30766E-2
6.45125E+11	2.01819E-9	-1.30240E+1	-1.67379E-1	1.47738E-1
6.45300E+11	1.93162E-9	-1.32674E+1	-9.28165E-2	-1.96243E-1
6.45475E+11	1.87607E-9	-1.31384E+1	2.15504E-1	-4.58787E-2
6.45650E+11	1.58595E-9	-1.31331E+1	1.57042E-2	2.19908E-1
6.45825E+11	1.72924E-9	-1.28957E+1	-2.26425E-1	-8.27501E-3
6.46000E+11	1.57507E-9	-1.24966E+1	6.54135E-2	-2.28034E-1
6.46175E+11	1.92511E-9	-1.20719E+1	2.13776E-1	1.27902E-1
6.46350E+11	2.27076E-9	-1.22174E+1	-1.87872E-1	1.57224E-1
6.46525E+11	2.31371E-9	-1.22742E+1	-9.86486E-2	-2.22494E-1
6.46700E+11	1.32354E-9	-1.32355E+1	2.14983E-1	-3.54299E-2
6.46875E+11	2.09405E-9	-1.35019E+1	-1.48955E-2	2.10778E-1
6.47050E+11	2.22925E-9	-1.39378E+1	-1.91645E-1	-6.04766E-2
6.47225E+11	2.52845E-9	-1.41885E+1	8.52803E-2	-1.75634E-1
6.47400E+11	2.58793E-9	-1.40509E+1	1.55122E-1	1.23630E-1
6.47575E+11	2.74894E-9	-1.35167E+1	-1.63363E-1	1.33453E-1
6.47750E+11	1.88214E-9	-1.38915E+1	-8.64897E-2	-1.82585E-1
6.47925E+11	1.27552E-9	-1.41106E+1	1.86515E-1	-6.34198E-2
6.48100E+11	1.67829E-9	-1.48621E+1	1.33956E-2	1.80177E-1
6.48275E+11	1.26886E-9	-1.51359E+1	-1.71756E-1	-3.38918E-2
6.48450E+11	1.22076E-9	-1.58717E+1	8.19172E-2	-1.38425E-1
6.48625E+11	1.43056E-9	-1.58748E+1	1.09850E-1	1.17416E-1
6.48800E+11	9.00075E-10	-1.61795E+1	-1.48381E-1	4.56578E-2
6.48975E+11	8.48477E-10	-1.60142E+1	9.35853E-3	-1.57954E-1
6.49150E+11	8.97969E-10	-1.62046E+1	1.39500E-1	6.71013E-2
6.49325E+11	6.70778E-10	-1.65544E+1	-1.13436E-1	9.61301E-2
6.49500E+11	6.03631E-10	-1.66909E+1	-6.37188E-2	-1.31775E-1
6.49675E+11	9.11095E-10	-1.69610E+1	1.37283E-1	-3.58589E-2
6.49850E+11	5.11561E-10	-1.82462E+1	7.58248E-3	1.22139E-1
6.50025E+11	5.46240E-10	-1.84096E+1	-1.20032E-1	-3.83715E-3
6.50200E+11	5.30124E-10	-1.85875E+1	6.02358E-3	-1.17505E-1
6.50375E+11	7.55591E-10	-1.84625E+1	1.18994E-1	9.39958E-3
6.50550E+11	7.69978E-10	-1.75384E+1	-4.69156E-3	1.32680E-1
6.50725E+11	6.40619E-10	-1.72372E+1	-1.36092E-1	-1.92679E-2
6.50900E+11	5.77000E-10	-1.76162E+1	3.97896E-2	-1.25420E-1
6.51075E+11	6.26134E-10	-1.79531E+1	1.16238E-1	5.00981E-2
6.51250E+11	4.80725E-10	-1.83436E+1	-6.74465E-2	1.00471E-1
6.51425E+11	3.48179E-10	-1.87943E+1	-8.97481E-2	-7.17302E-2
6.51600E+11	3.63573E-10	-1.89442E+1	8.40562E-2	-7.54096E-2
6.51775E+11	4.79989E-10	-1.86732E+1	5.02817E-2	1.05094E-1
6.51950E+11	3.33655E-10	-1.90230E+1	-1.03409E-1	4.27682E-2
6.52125E+11	4.15102E-10	-1.84278E+1	-3.43423E-2	-1.14816E-1
6.52300E+11	2.61519E-10	-1.85343E+1	1.16609E-1	-2.04084E-2
6.52475E+11	2.84152E-10	-1.88904E+1	-5.05161E-3	1.13514E-1
6.52650E+11	3.09085E-10	-1.99085E+1	-1.01055E-1	9.44330E-4
6.52825E+11	1.80853E-10	-2.05781E+1	-1.49350E-2	-9.23609E-2
6.53000E+11	1.64789E-10	-2.10884E+1	8.74889E-2	-1.13567E-2
6.53175E+11	2.18979E-10	-2.15451E+1	1.87814E-2	8.15696E-2
6.53350E+11	1.28199E-10	-2.11375E+1	-8.70939E-2	1.05054E-2
6.53525E+11	2.18339E-10	-2.03002E+1	-2.32036E-2	-9.37753E-2
6.53700E+11	4.31570E-10	-1.96927E+1	1.03437E-1	-5.83036E-3
6.53875E+11	2.55028E-10	-2.02214E+1	-2.58759E-2	9.39860E-2
6.54050E+11	2.25816E-10	-2.04062E+1	-9.14428E-2	-2.73014E-2
6.54225E+11	3.86698E-10	-2.03323E+1	3.29721E-2	-9.04226E-2
6.54400E+11	2.07132E-10	-2.06781E+1	7.99331E-2	4.65316E-2
6.54575E+11	2.64037E-10	-2.07001E+1	-6.82260E-2	6.21007E-2
6.54750E+11	2.58950E-10	-2.12345E+1	-2.92812E-2	-8.16601E-2
6.54925E+11	2.58872E-10	-2.00532E+1	9.87470E-2	-1.12846E-2
6.55100E+11	2.73208E-10	-1.99622E+1	-2.41736E-2	9.74834E-2
6.55275E+11	4.20385E-10	-1.95042E+1	-9.34071E-2	-4.98435E-2
6.55450E+11	3.21296E-10	-1.96608E+1	7.64493E-2	-7.04828E-2
6.55625E+11	2.98666E-10	-2.01078E+1	3.80022E-2	9.11632E-2
6.55800E+11	2.47494E-10	-2.01634E+1	-9.62497E-2	-1.91527E-2
6.55975E+11	2.21880E-10	-2.02308E+1	7.35095E-2	-6.38661E-2
6.56150E+11	1.39628E-10	-2.13110E+1	3.31493E-2	7.93445E-2
6.56325E+11	2.26044E-10	-2.10287E+1	-8.87459E-2	-3.88754E-3
6.56500E+11	1.89511E-10	-2.07626E+1	7.70486E-3	-9.12701E-2
6.56675E+11	4.08256E-10	-2.06231E+1	9.18820E-2	1.48724E-2
6.56850E+11	2.45677E-10	-2.08858E+1	-1.18234E-2	8.95274E-2
6.57025E+11	3.10152E-10	-2.06938E+1	-8.22404E-2	-4.19519E-2
6.57200E+11	2.80058E-10	-2.14822E+1	6.62949E-2	-5.20920E-2
6.57375E+11	4.05952E-10	-2.17096E+1	1.81687E-2	8.00983E-2
6.57550E+11	2.25763E-10	-2.22033E+1	-7.48925E-2	-2.03008E-2
6.57725E+11	2.36212E-10	-2.22431E+1	3.85678E-2	-6.69221E-2
6.57900E+11	2.22669E-10	-2.26315E+1	3.75830E-2	6.35866E-2
6.58075E+11	1.98959E-10	-2.24685E+1	-7.14444E-2	2.36652E-2
6.58250E+11	2.38451E-10	-2.27980E+1	6.24258E-3	-7.21908E-2
6.58425E+11	1.21533E-10	-2.47867E+1	5.05510E-2	2.76773E-2
6.58600E+11	1.67559E-10	-2.48853E+1	-4.78913E-2	3.08763E-2
6.58775E+11	7.99713E-11	-2.55556E+1	3.78622E-3	-5.26138E-2
6.58950E+11	4.51700E-11	-2.90292E+1	3.32894E-2	1.19290E-2
6.59125E+11	5.20065E-11	-2.95676E+1	-9.79643E-3	3.17603E-2
6.59300E+11	6.18445E-11	-2.88339E+1	-3.23151E-2	-1.62400E-2
6.59475E+11	2.42142E-11	-3.19371E+1	1.24414E-2	-2.20314E-2
6.59650E+11	3.04221E-11	-3.05364E+1	1.88760E-2	2.29676E-2
6.59825E+11	4.47972E-11	-2.99324E+1	-2.64254E-2	1.78155E-2
6.60000E+11	3.60364E-11	-3.03926E+1	-1.68378E-2	-2.51010E-2
6.60175E+11	4.69948E-11	-2.95384E+1	3.24280E-2	-7.78186E-3
6.60350E+11	4.12462E-11	-2.86892E+1	8.63289E-3	3.57461E-2
6.60525E+11	2.96423E-11	-2.97256E+1	-3.20124E-2	6.35774E-3
6.60700E+11	4.88702E-11	-2.79208E+1	-2.93260E-3	-4.00683E-2
6.60875E+11	3.30171E-11	-2.89694E+1	3.49057E-2	7.03004E-3
6.61050E+11	4.83408E-11	-2.76518E+1	-1.55045E-2	3.84291E-2
6.61225E+11	4.24042E-11	-2.87881E+1	-1.96311E-2	-3.06021E-2
6.61400E+11	2.57982E-11	-3.03813E+1	2.88655E-2	-9.09507E-3
6.61575E+11	2.32466E-11	-3.05642E+1	4.15255E-4	2.96310E-2
6.61750E+11	1.90207E-11	-3.03791E+1	-3.02218E-2	-1.74859E-3
6.61925E+11	3.48402E-11	-2.90521E+1	2.26508E-3	-3.51965E-2
6.62100E+11	2.63451E-11	-2.93029E+1	2.68091E-2	2.13399E-2
6.62275E+11	2.72095E-11	-2.94380E+1	-3.07971E-2	1.37727E-2
6.62450E+11	1.91671E-11	-2.85132E+1	-1.93122E-2	-3.21759E-2
6.62625E+11	2.42300E-11	-2.89753E+1	3.54226E-2	-3.36681E-3
6.62800E+11	3.84864E-11	-2.70127E+1	3.45628E-3	4.44689E-2
6.62975E+11	4.84145E-11	-2.80363E+1	-3.82702E-2	-1.03475E-2
6.63150E+11	4.33101E-11	-2.83125E+1	2.23344E-2	-3.12416E-2
6.63325E+11	4.77585E-11	-2.67657E+1	1.73815E-2	4.24708E-2
6.63500E+11	3.94973E-11	-2.77729E+1	-3.75542E-2	1.61140E-2
6.63675E+11	6.54186E-11	-2.60670E+1	-4.11025E-3	-4.95636E-2
6.63850E+11	5.45425E-11	-2.71155E+1	4.30128E-2	-9.63344E-3
6.64025E+11	9.27040E-11	-2.50111E+1	1.46026E-2	5.42308E-2
6.64200E+11	8.48517E-11	-2.62802E+1	-4.84961E-2	1.75709E-3
6.64375E+11	8.25442E-11	-2.52012E+1	2.27253E-2	-5.00264E-2
6.64550E+11	1.04895E-10	-2.45299E+1	3.95885E-2	4.42333E-2
6.64725E+11	9.21486E-11	-2.40686E+1	-5.55369E-2	2.88850E-2
6.64900E+11	7.30900E-11	-2.49729E+1	-2.83356E-2	-4.87770E-2
6.65075E+11	1.12102E-10	-2.39991E+1	5.31066E-2	-3.40821E-2
6.65250E+11	8.06132E-11	-2.55715E+1	2.37562E-2	4.69893E-2
6.65425E+11	6.51902E-11	-2.49035E+1	-5.63750E-2	7.43108E-3
6.65600E+11	9.38268E-11	-2.45155E+1	2.56731E-2	-5.36323E-2
6.65775E+11	1.46413E-10	-2.26730E+1	1.70574E-2	7.15044E-2
6.65950E+11	1.14774E-10	-2.25814E+1	-6.63029E-2	-3.35100E-2
6.66125E+11	1.48347E-10	-2.21751E+1	4.88638E-2	-6.06022E-2
6.66300E+11	2.00502E-10	-2.15340E+1	6.40463E-2	5.40579E-2
6.66475E+11	1.37273E-10	-2.25608E+1	-4.99379E-2	5.52395E-2
6.66650E+11	2.35893E-10	-2.14615E+1	-5.16577E-2	-6.68876E-2
6.66825E+11	2.36679E-10	-2.11424E+1	8.51701E-2	-2.08116E-2
6.67000E+11	3.33902E-10	-2.07198E+1	-3.50356E-2	8.51186E-2
6.67175E+11	1.66367E-10	-2.05359E+1	-4.71025E-2	-8.13670E-2
6.67350E+11	2.13703E-10	-2.04774E+1	9.28063E-2	-1.86007E-2
6.67525E+11	3.96549E-10	-2.06090E+1	2.61920E-2	8.94734E-2
6.67700E+11	3.06180E-10	-2.07935E+1	-7.81506E-2	4.71437E-2
6.67875E+11	2.14527E-10	-2.07209E+1	-4.82970E-2	-7.83449E-2
6.68050E+11	2.26625E-10	-2.05559E+1	8.91704E-2	-2.91046E-2
6.68225E+11	2.64391E-10	-2.05758E+1	-3.23486E-2	8.78167E-2
6.68400E+11	1.58423E-10	-2.20924E+1	-5.04912E-2	-6.02284E-2
6.68575E+11	2.18765E-10	-2.13361E+1	7.97352E-2	-3.15291E-2
6.68750E+11	1.23598E-10	-2.18335E+1	1.48179E-2	7.96025E-2
6.68925E+11	1.88296E-10	-2.24233E+1	-7.51804E-2	8.45392E-3
6.69100E+11	1.72572E-10	-2.28088E+1	1.22814E-2	-7.13209E-2
6.69275E+11	9.06339E-11	-2.42518E+1	4.94804E-2	3.61732E-2
6.69450E+11	8.47417E-11	-2.54675E+1	-5.25889E-2	8.59908E-3
6.69625E+11	6.16456E-11	-2.56040E+1	2.55902E-2	-4.57911E-2
6.69800E+11	1.12648E-10	-2.47999E+1	5.05037E-2	2.75819E-2
6.69975E+11	4.32489E-11	-2.71967E+1	-1.23275E-2	4.18919E-2
6.70150E+11	5.92240E-11	-2.78120E+1	-4.02843E-2	-5.67400E-3
6.70325E+11	6.30637E-11	-2.61242E+1	4.44734E-3	-4.92063E-2
6.70500E+11	8.95944E-11	-2.55165E+1	4.90946E-2	1.99351E-2
6.70675E+11	2.89326E-11	-2.62712E+1	-4.42947E-2	1.99449E-2
6.70850E+11	3.78796E-11	-2.65080E+1	1.56659E-2	-4.46003E-2
6.71025E+11	3.10755E-11	-2.72314E+1	3.98337E-2	1.74644E-2
6.71200E+11	4.00479E-11	-2.73320E+1	-1.61242E-2	3.98552E-2
6.71375E+11	3.87469E-11	-2.81319E+1	-3.90914E-2	-3.05857E-3
6.71550E+11	5.49794E-11	-2.53691E+1	1.25510E-2	-5.24125E-2
6.71725E+11	4.61434E-11	-2.64730E+1	4.10156E-2	2.38826E-2
6.71900E+11	8.92260E-11	-2.43210E+1	-5.19703E-2	3.15671E-2
6.72075E+11	7.36684E-11	-2.45783E+1	1.82202E-2	-5.61492E-2
6.72250E+11	5.22344E-11	-2.38621E+1	4.56087E-2	4.50481E-2
6.72425E+11	6.35686E-11	-2.40826E+1	-4.30153E-2	4.53404E-2
6.72600E+11	4.83692E-11	-2.53317E+1	-4.48974E-2	-3.02319E-2
6.72775E+11	4.58815E-11	-2.47280E+1	4.34806E-2	-3.84198E-2
6.72950E+11	5.01889E-11	-2.48848E+1	1.39702E-2	5.52459E-2
6.73125E+11	4.29060E-11	-2.45012E+1	-4.59107E-2	-3.79390E-2
6.73300E+11	8.57864E-11	-2.21951E+1	7.46176E-2	-2.15554E-2
6.73475E+11	9.22187E-11	-2.19413E+1	-2.22749E-2	7.68070E-2
6.73650E+11	1.68734E-10	-2.02676E+1	-9.09993E-2	-3.34885E-2
6.73825E+11	9.29910E-11	-2.12157E+1	2.99465E-2	-8.16182E-2
6.74000E+11	1.05142E-10	-2.10333E+1	7.47242E-2	4.79473E-2
6.74175E+11	1.86126E-10	-2.06498E+1	-7.81246E-2	5.00680E-2
6.74350E+11	2.41376E-10	-1.86712E+1	1.52924E-2	-1.15523E-1
6.74525E+11	2.85211E-10	-1.80229E+1	9.26000E-2	8.47986E-2
6.74700E+11	3.39419E-10	-1.71697E+1	-1.27138E-1	5.49898E-2
6.74875E+11	3.54224E-10	-1.69896E+1	-3.12237E-2	-1.37933E-1
6.75050E+11	4.52379E-10	-1.70564E+1	1.40116E-1	-7.91244E-3
6.75225E+11	4.34710E-10	-1.70072E+1	-6.12381E-2	1.27158E-1
6.75400E+11	3.34965E-10	-1.75209E+1	-6.20543E-2	-1.17672E-1
6.75575E+11	4.89065E-10	-1.75044E+1	1.31846E-1	1.95281E-2
6.75750E+11	3.76972E-10	-1.78325E+1	-8.88812E-2	9.25873E-2
6.75925E+11	2.62571E-10	-1.68692E+1	-8.23502E-2	-1.17393E-1
6.76100E+11	6.98339E-10	-1.62106E+1	1.39767E-1	-6.62966E-2
6.76275E+11	8.94964E-10	-1.56063E+1	3.14402E-2	1.62831E-1
6.76450E+11	7.34027E-10	-1.54049E+1	-1.68087E-1	-2.35445E-2
6.76625E+11	7.66770E-10	-1.61672E+1	9.74794E-2	-1.21111E-1
6.76800E+11	6.21321E-10	-1.57084E+1	7.15477E-2	1.47460E-1
6.76975E+11	8.29717E-10	-1.60347E+1	-1.57013E-1	1.63087E-2
6.77150E+11	6.09926E-10	-1.57921E+1	-1.13656E-2	-1.61930E-1
6.77325E+11	6.43871E-10	-1.53837E+1	1.70076E-1	-4.80090E-3
6.77500E+11	5.94502E-10	-1.45225E+1	-1.91651E-2	1.86897E-1
6.77675E+11	5.85370E-10	-1.47853E+1	-1.60324E-1	-8.67277E-2
6.77850E+11	4.09931E-10	-1.55969E+1	1.36348E-1	-9.47183E-2
6.78025E+11	4.28573E-10	-1.61147E+1	4.34643E-2	1.50250E-1
6.78200E+11	3.80748E-10	-1.61673E+1	-1.55365E-1	-5.58596E-3
6.78375E+11	4.40108E-10	-1.65641E+1	1.75073E-2	-1.47488E-1
6.78550E+11	3.01266E-10	-1.64140E+1	1.46910E-1	3.53870E-2
6.78725E+11	3.18098E-10	-1.63625E+1	-9.13873E-2	1.21473E-1
6.78900E+11	2.14514E-10	-1.67113E+1	-7.32065E-2	-1.26352E-1
6.79075E+11	2.87473E-10	-1.58781E+1	1.57628E-1	3.14171E-2
6.79250E+11	3.38092E-10	-1.65173E+1	-1.16323E-1	9.36328E-2
6.79425E+11	1.51892E-10	-1.79437E+1	-5.90133E-2	-1.12130E-1
6.79600E+11	1.14178E-10	-1.92094E+1	9.66465E-2	-5.15384E-2
6.79775E+11	1.69558E-10	-1.90922E+1	5.39724E-2	9.70145E-2
6.79950E+11	1.24625E-10	-2.02893E+1	-9.46425E-2	1.99612E-2
6.80125E+11	1.14383E-10	-1.92727E+1	3.69398E-2	-1.02267E-1
6.80300E+11	9.74466E-11	-1.87905E+1	7.51132E-2	8.70019E-2
6.80475E+11	1.05902E-10	-1.99396E+1	-9.43768E-2	3.51135E-2
6.80650E+11	9.17066E-11	-1.87244E+1	-3.90361E-2	-1.09042E-1
6.80825E+11	5.79077E-11	-2.10149E+1	7.82492E-2	-4.23456E-2
6.81000E+11	5.34483E-11	-1.84403E+1	8.41572E-2	8.50787E-2
6.81175E+11	7.96067E-11	-1.91373E+1	-8.38209E-2	7.19131E-2
6.81350E+11	9.89793E-11	-1.88124E+1	-1.42370E-2	-1.13765E-1
6.81525E+11	9.35490E-11	-1.92073E+1	1.01172E-1	4.20322E-2
6.81700E+11	9.43981E-11	-1.94703E+1	-7.31764E-2	7.70876E-2
6.81875E+11	1.06629E-10	-1.89039E+1	-7.24140E-2	-8.73331E-2
6.82050E+11	1.49086E-10	-1.87079E+1	5.36260E-2	-1.02905E-1
6.82225E+11	1.24295E-10	-1.84827E+1	1.17667E-1	1.83373E-2
6.82400E+11	1.71847E-10	-1.87207E+1	-3.72495E-3	1.15809E-1
6.82575E+11	1.31602E-10	-1.88788E+1	-1.07209E-1	-3.81025E-2
6.82750E+11	1.08267E-10	-2.02868E+1	7.55635E-2	-6.04239E-2
6.82925E+11	1.16874E-10	-1.90687E+1	6.92642E-3	1.11102E-1
6.83100E+11	8.29319E-11	-1.91882E+1	-1.09770E-1	2.41720E-3
6.83275E+11	1.00680E-10	-1.89764E+1	-1.83240E-2	-1.11005E-1
6.83450E+11	1.75977E-10	-1.80445E+1	1.08306E-1	-6.29057E-2
6.83625E+11	1.90856E-10	-1.71393E+1	1.03105E-1	9.32315E-2
6.83800E+11	2.40224E-10	-1.51771E+1	-1.22289E-1	1.24116E-1
6.83975E+11	2.29979E-10	-1.50374E+1	-7.69067E-2	-1.59489E-1
6.84150E+11	3.57179E-10	-1.46458E+1	1.85207E-1	2.83689E-3
6.84325E+11	4.07236E-10	-1.42525E+1	-5.94723E-2	1.84459E-1
6.84500E+11	5.07376E-10	-1.33358E+1	-1.82452E-1	-1.14459E-1
6.84675E+11	5.44724E-10	-1.27563E+1	1.23941E-1	-1.94037E-1
6.84850E+11	9.34357E-10	-1.23795E+1	1.65558E-1	1.74376E-1
6.85025E+11	4.91247E-10	-1.23971E+1	-2.26542E-1	7.91292E-2
6.85200E+11	6.55395E-10	-1.25120E+1	3.68963E-2	-2.33919E-1
6.85375E+11	5.73185E-10	-1.30473E+1	1.79214E-1	1.32130E-1
6.85550E+11	3.64280E-10	-1.43638E+1	-1.69184E-1	8.93795E-2
6.85725E+11	3.77485E-10	-1.48961E+1	-6.46481E-2	-1.67956E-1
6.85900E+11	2.60510E-10	-1.66153E+1	1.36145E-1	-5.71409E-2
6.86075E+11	2.91740E-10	-1.52401E+1	8.43335E-2	1.51030E-1
6.86250E+11	2.97611E-10	-1.31314E+1	-2.11852E-1	6.11825E-2
6.86425E+11	3.60435E-10	-1.21545E+1	8.98264E-2	-2.29829E-1
6.86600E+11	3.50738E-10	-1.07970E+1	1.72811E-1	2.31021E-1
6.86775E+11	3.16833E-10	-1.15901E+1	-2.60678E-1	3.72541E-2
6.86950E+11	4.79642E-10	-1.20374E+1	3.82143E-3	-2.50080E-1
6.87125E+11	3.78690E-10	-1.16524E+1	2.59079E-1	-3.50902E-2
6.87300E+11	4.41204E-10	-9.97267E+0	6.13494E-2	3.11236E-1
6.87475E+11	3.39485E-10	-8.02571E+0	-3.94974E-1	-3.93612E-2
6.87650E+11	3.02601E-10	-7.48281E+0	2.66815E-1	-3.27632E-1
6.87825E+11	2.17142E-10	-8.16066E+0	1.30034E-1	3.68544E-1
6.88000E+11	1.76237E-10	-9.50552E+0	-3.33951E-1	-2.31539E-2
6.88175E+11	1.40243E-10	-1.17339E+1	9.40306E-2	-2.41331E-1
6.88350E+11	1.19270E-10	-1.26006E+1	1.95746E-1	1.28958E-1
6.88525E+11	6.78734E-11	-1.40930E+1	-1.37600E-1	1.41541E-1
6.88700E+11	5.14229E-11	-1.54598E+1	-9.13456E-2	-1.41781E-1
6.88875E+11	8.23305E-11	-1.39892E+1	1.74174E-1	-9.78422E-2
6.89050E+11	3.36368E-11	-1.47917E+1	3.06156E-2	1.79553E-1
6.89225E+11	4.26284E-11	-1.29474E+1	-2.20942E-1	-4.37434E-2
6.89400E+11	5.38416E-11	-1.27668E+1	1.45324E-1	-1.78226E-1
6.89575E+11	1.93563E-11	-1.75612E+1	7.26210E-2	1.10726E-1
6.89750E+11	5.84727E-11	-1.41065E+1	-1.96249E-1	1.82489E-2
6.89925E+11	1.53068E-11	-1.87271E+1	7.42682E-2	-8.88257E-2
6.90100E+11	2.57761E-11	-1.69998E+1	4.07851E-2	1.35241E-1
6.90275E+11	2.12770E-11	-1.96693E+1	-1.03719E-1	5.79685E-3
6.90450E+11	1.41493E-11	-1.98703E+1	-4.58274E-3	-1.01401E-1
6.90625E+11	1.84256E-11	-1.69497E+1	1.26100E-1	6.54492E-2
6.90800E+11	1.32461E-11	-1.96246E+1	-5.62710E-2	8.79570E-2
6.90975E+11	5.55739E-12	-2.54437E+1	-1.63350E-2	-5.08755E-2
6.91150E+11	1.00831E-11	-2.24677E+1	7.11147E-2	-2.46595E-2
6.91325E+11	5.66771E-12	-2.70200E+1	-2.97235E-2	3.32053E-2
6.91500E+11	9.75200E-12	-2.31724E+1	-4.70008E-2	-5.10658E-2
6.91675E+11	4.93171E-12	-2.69488E+1	4.49250E-2	-8.07354E-4
6.91850E+11	6.48309E-12	-2.48136E+1	2.58992E-2	5.12856E-2
6.92025E+11	6.87505E-12	-2.35242E+1	-6.62086E-2	7.64620E-3
6.92200E+11	4.44308E-12	-2.52626E+1	-1.19970E-2	-5.32244E-2
6.92375E+11	5.55501E-12	-2.50234E+1	-5.41719E-3	5.58206E-2
6.92550E+11	8.65017E-12	-2.41581E+1	-4.83062E-2	-3.87981E-2
6.92725E+11	9.07531E-12	-2.61690E+1	3.68026E-2	-3.25822E-2
6.92900E+11	2.69413E-12	-3.02923E+1	2.77519E-3	3.04501E-2
6.93075E+11	6.90185E-12	-2.84062E+1	-3.76033E-2	5.41870E-3
6.93250E+11	8.13706E-12	-2.73471E+1	-1.61540E-2	-3.97625E-2
6.93425E+11	1.38946E-11	-2.52503E+1	5.45845E-2	-2.39625E-3
6.93600E+11	1.59300E-11	-2.41765E+1	-3.75139E-2	4.91449E-2
6.93775E+11	1.51243E-11	-2.61335E+1	1.07548E-2	-4.81680E-2
6.93950E+11	1.45256E-11	-2.56661E+1	2.75938E-2	4.41727E-2
6.94125E+11	2.72175E-11	-2.29536E+1	-7.10575E-2	-4.06143E-3
6.94300E+11	4.87981E-11	-2.15925E+1	1.84040E-2	-8.11886E-2
6.94475E+11	6.47687E-11	-2.06603E+1	9.07173E-2	1.89715E-2
6.94650E+11	1.04216E-11	-2.57101E+1	-3.94394E-4	5.18181E-2
6.94825E+11	4.09322E-11	-2.19986E+1	-7.72520E-2	-1.85420E-2
6.95000E+11	3.94073E-11	-2.08849E+1	5.85184E-2	-6.87915E-2
6.95175E+11	3.87221E-11	-2.09843E+1	-2.78782E-2	8.48229E-2
6.95350E+11	2.90902E-11	-1.95537E+1	-4.10482E-2	-9.69398E-2
6.95525E+11	3.36474E-11	-1.99105E+1	1.00703E-1	-8.19007E-3
6.95700E+11	4.37860E-11	-1.98075E+1	-1.78266E-2	1.00674E-1
6.95875E+11	2.30532E-11	-2.08934E+1	-7.67116E-2	-4.74972E-2
6.96050E+11	3.47011E-11	-1.70231E+1	1.10002E-1	-8.80134E-2
6.96225E+11	4.41878E-11	-1.72735E+1	-3.81752E-2	1.31445E-1
6.96400E+11	2.74007E-11	-2.00642E+1	-6.78958E-2	-7.24112E-2
6.96575E+11	2.96210E-11	-1.82782E+1	1.19994E-1	2.16061E-2
6.96750E+11	4.97700E-11	-1.72778E+1	-7.79845E-2	1.12404E-1
6.96925E+11	2.63191E-11	-1.85977E+1	-8.35899E-2	-8.26073E-2
6.97100E+11	1.01036E-11	-2.14112E+1	7.52696E-2	-3.94998E-2
6.97275E+11	1.50652E-11	-2.06062E+1	-3.34916E-3	9.31992E-2
6.97450E+11	6.54330E-12	-2.44591E+1	-5.32121E-2	-2.73892E-2
6.97625E+11	9.16854E-12	-2.24071E+1	7.26170E-2	-2.17204E-2
6.97800E+11	4.69535E-12	-2.22873E+1	1.46744E-2	7.54343E-2
6.97975E+11	2.34185E-12	-2.77671E+1	-3.74812E-2	1.63519E-2
6.98150E+11	1.29315E-12	-3.09520E+1	-2.96826E-3	-2.81840E-2
6.98325E+11	2.84947E-12	-2.80413E+1	2.67737E-2	-2.92072E-2
6.98500E+11	2.27486E-12	-2.71725E+1	-1.11721E-2	4.23410E-2
6.98675E+11	3.41879E-12	-2.54964E+1	-2.10586E-2	-4.87568E-2
6.98850E+11	2.20995E-13	-3.55165E+1	2.34076E-3	-1.65919E-2
6.99025E+11	2.94708E-12	-2.20021E+1	5.95886E-2	5.24955E-2
6.99200E+11	1.80049E-12	-2.57759E+1	-5.13532E-2	2.78269E-3
6.99375E+11	4.87588E-12	-2.49363E+1	-1.33592E-2	-5.50501E-2
6.99550E+11	2.31947E-12	-2.69898E+1	-3.39627E-2	-2.90946E-2
6.99725E+11	2.09838E-12	-2.98062E+1	3.17771E-2	-5.98790E-3
6.99900E+11	2.14566E-12	-2.87221E+1	5.11039E-3	3.62768E-2
7.00075E+11	1.40280E-13	-3.98808E+1	7.64116E-3	-6.66305E-3
7.00250E+11	3.33767E-13	-3.70138E+1	1.39587E-2	-2.01228E-3
7.00425E+11	5.26721E-13	-3.47346E+1	1.71522E-2	6.47765E-3
7.00600E+11	9.29754E-13	-3.27586E+1	8.33105E-3	2.14577E-2
7.00775E+11	4.49732E-13	-3.42786E+1	-1.38783E-2	-1.34448E-2
7.00950E+11	1.17139E-12	-2.89578E+1	2.38463E-2	-2.65064E-2
7.01125E+11	3.17065E-12	-2.97797E+1	9.30021E-3	3.10732E-2
7.01300E+11	3.53660E-12	-2.81903E+1	-3.00972E-2	2.47203E-2
7.01475E+11	4.31529E-12	-2.75928E+1	1.53435E-2	-3.87975E-2
7.01650E+11	3.67962E-12	-2.94038E+1	3.14622E-2	1.25411E-2
7.01825E+11	1.93568E-12	-3.34209E+1	1.00845E-2	1.87936E-2
7.02000E+11	3.98614E-12	-2.95470E+1	2.96479E-4	-3.33146E-2
7.02175E+11	8.03635E-12	-2.80333E+1	-1.70279E-3	-3.96220E-2
7.02350E+11	2.59580E-12	-3.09993E+1	1.26311E-2	2.51975E-2
7.02525E+11	4.68738E-12	-2.81440E+1	-3.37867E-2	1.97908E-2
7.02700E+11	1.63418E-11	-2.46739E+1	-1.24283E-2	-5.70472E-2
7.02875E+11	1.26039E-11	-2.45220E+1	5.21947E-2	-2.83890E-2
7.03050E+11	6.05347E-12	-2.90515E+1	8.40021E-3	3.42566E-2
7.03225E+11	6.52389E-12	-2.75450E+1	-4.19378E-2	1.07491E-3
7.03400E+11	8.73492E-12	-2.52921E+1	4.65741E-2	-2.80617E-2
7.03575E+11	2.76130E-11	-2.08647E+1	1.57491E-2	8.91442E-2
7.03750E+11	4.58523E-11	-2.00549E+1	-9.92147E-2	-5.55427E-3
7.03925E+11	5.23569E-11	-1.92987E+1	-2.71886E-2	-1.04944E-1
7.04100E+11	3.94722E-11	-2.00728E+1	9.66003E-2	-2.24109E-2
7.04275E+11	7.86500E-11	-1.86197E+1	4.18652E-2	1.09493E-1
7.04450E+11	9.22601E-11	-1.64683E+1	-1.50127E-1	3.58272E-3
7.04625E+11	1.27690E-10	-1.56859E+1	1.09003E-1	-1.22968E-1
7.04800E+11	7.78758E-11	-1.69315E+1	5.92420E-2	1.29462E-1
7.04975E+11	6.39692E-11	-1.69470E+1	-1.41433E-1	1.39396E-2
7.05150E+11	1.17332E-10	-1.41150E+1	-1.73154E-2	-1.96139E-1
7.05325E+11	1.67420E-10	-1.38750E+1	2.02418E-1	-3.30864E-4
7.05500E+11	1.21561E-10	-1.49347E+1	-8.06016E-2	1.60016E-1
7.05675E+11	2.29275E-10	-1.42735E+1	-1.39531E-1	-1.33836E-1
7.05850E+11	1.87646E-10	-1.35752E+1	2.06313E-1	-3.65555E-2
7.06025E+11	1.61255E-10	-1.32172E+1	-7.20670E-2	2.06107E-1
7.06200E+11	1.37858E-10	-1.47729E+1	-1.70470E-1	-6.52721E-2
7.06375E+11	1.40202E-10	-1.46040E+1	9.48593E-2	-1.60136E-1
7.06550E+11	9.58520E-11	-1.44602E+1	1.38485E-1	1.28958E-1
7.06725E+11	6.81275E-11	-1.43739E+1	-1.89727E-1	2.30368E-2
7.06900E+11	5.37091E-11	-1.43817E+1	1.26990E-1	-1.42599E-1
7.07075E+11	4.81107E-11	-1.44429E+1	2.59444E-2	1.87824E-1
7.07250E+11	7.38364E-11	-1.26303E+1	-2.18655E-1	-8.22321E-2
7.07425E+11	4.94283E-11	-1.20888E+1	9.65760E-2	-2.29110E-1
7.07600E+11	4.37615E-11	-1.33090E+1	2.02868E-1	7.43033E-2
7.07775E+11	3.28617E-11	-1.57277E+1	-4.56056E-2	1.57049E-1
7.07950E+11	3.26986E-11	-1.51535E+1	-1.15520E-1	-1.31072E-1
7.08125E+11	2.25097E-11	-1.59415E+1	1.59371E-1	7.75880E-3
7.08300E+11	2.61106E-11	-1.52652E+1	-1.21362E-1	1.22558E-1
7.08475E+11	2.31485E-11	-1.52815E+1	-7.72768E-2	-1.53838E-1
7.08650E+11	2.02479E-11	-1.51426E+1	1.43915E-1	-9.94474E-2
7.08825E+11	2.50507E-11	-1.42709E+1	1.80099E-1	7.04827E-2
7.09000E+11	2.30952E-11	-1.31536E+1	-8.85587E-2	2.01332E-1
7.09175E+11	1.53759E-11	-1.67668E+1	-1.07664E-1	-9.72706E-2
7.09350E+11	4.20975E-12	-2.25285E+1	6.45883E-2	-3.76162E-2
7.09525E+11	6.31285E-12	-2.11472E+1	-2.03135E-2	8.52409E-2
7.09700E+11	7.49192E-12	-2.25809E+1	-4.36047E-2	-6.01522E-2
7.09875E+11	6.66313E-12	-2.18226E+1	5.21870E-2	-6.20414E-2
7.10050E+11	4.01749E-12	-2.32986E+1	6.45665E-2	2.25843E-2
7.10225E+11	1.01767E-11	-2.23695E+1	2.82810E-2	7.06764E-2
7.10400E+11	1.42780E-11	-1.90104E+1	-8.53712E-2	7.26005E-2
7.10575E+11	7.18201E-12	-2.12839E+1	-1.59742E-2	-8.47673E-2
7.10750E+11	7.04447E-12	-2.03501E+1	7.34593E-2	6.18811E-2
7.10925E+11	7.33844E-12	-2.10238E+1	-8.58969E-2	2.28393E-2
7.11100E+11	1.58892E-11	-1.99958E+1	2.23156E-2	-9.75279E-2
7.11275E+11	8.62171E-12	-2.16484E+1	8.14393E-2	1.44655E-2
7.11450E+11	7.25516E-12	-2.19734E+1	-6.42763E-2	4.70839E-2
7.11625E+11	7.46705E-12	-2.18865E+1	-6.55194E-2	-4.67313E-2
7.11800E+11	2.08920E-11	-1.92396E+1	9.54441E-2	-5.29532E-2
7.11975E+11	6.90818E-12	-2.34882E+1	1.99472E-2	6.38834E-2
7.12150E+11	2.00733E-11	-1.97904E+1	-1.02228E-1	6.61942E-3
7.12325E+11	2.07067E-11	-2.06681E+1	1.62425E-2	-9.11607E-2
7.12500E+11	1.22295E-11	-2.00129E+1	9.76925E-2	2.06506E-2
7.12675E+11	1.61163E-11	-2.05450E+1	-4.90521E-2	8.00911E-2
7.12850E+11	7.78271E-12	-2.18092E+1	-3.20414E-2	-7.46074E-2
7.13025E+11	1.82206E-11	-1.91748E+1	1.05746E-1	-3.01733E-2
7.13200E+11	2.40571E-11	-1.79577E+1	-1.91796E-2	1.25045E-1
7.13375E+11	2.85803E-11	-1.52899E+1	-1.54371E-1	-7.58310E-2
7.13550E+11	2.50981E-11	-1.44538E+1	4.40172E-2	-1.84183E-1
7.13725E+11	2.07954E-11	-1.37208E+1	1.91121E-1	7.69842E-2
7.13900E+11	3.96843E-11	-1.10778E+1	-1.89989E-1	2.04760E-1
7.14075E+11	9.42237E-11	-8.00509E+0	-1.65588E-1	-3.61779E-1
7.14250E+11	8.47715E-11	-6.01929E+0	4.79148E-1	1.43154E-1
7.14425E+11	1.03375E-10	-4.51854E+0	-5.09803E-1	3.05620E-1
7.14600E+11	1.30746E-10	-3.24486E+0	-7.03844E-2	-6.84659E-1
7.14775E+11	9.67797E-11	-3.77019E+0	6.41247E-1	9.24255E-2
7.14950E+11	1.33688E-10	-2.64096E+0	-2.43576E-1	6.96457E-1
7.15125E+11	7.41459E-11	-5.38150E-1	-7.43935E-1	-5.74470E-1
7.15300E+11	8.47164E-11	-1.49950E+0	7.90694E-1	-2.87803E-1
7.15475E+11	6.24645E-11	-1.97524E+0	-2.06449E-2	7.96328E-1
7.15650E+11	6.78528E-11	-6.49180E-1	-7.45906E-1	-5.52070E-1
7.15825E+11	5.11446E-11	-6.22122E-2	9.92862E-1	-1.16576E-3
7.16000E+11	3.45439E-11	-1.31995E+0	1.50959E-2	8.58886E-1
7.16175E+11	3.18065E-11	-2.16909E+0	-7.53881E-1	-1.96285E-1
7.16350E+11	4.52368E-11	-2.88208E-1	7.97854E-1	-5.47011E-1
7.16525E+11	3.77527E-11	-1.67294E-1	-1.41236E-1	9.70703E-1
7.16700E+11	3.16236E-11	-2.43595E+0	-6.93107E-1	-3.00498E-1
7.16875E+11	2.14545E-11	-2.61653E+0	5.06525E-1	-5.39339E-1
7.17050E+11	1.05470E-11	-3.84998E+0	1.80089E-2	6.41697E-1
7.17225E+11	1.04535E-11	-1.53195E+0	-8.31973E-1	1.02842E-1
7.17400E+11	1.18703E-11	-1.35133E+0	2.18390E-1	-8.27591E-1
7.17575E+11	9.73073E-12	-3.43129E+0	3.78236E-1	5.57445E-1
7.17750E+11	2.81981E-12	-4.55045E+0	-4.81598E-1	3.44643E-1
7.17925E+11	1.86146E-12	-9.10648E+0	-1.73716E-1	-3.04411E-1
7.18100E+11	5.90752E-12	-6.17644E+0	3.86514E-1	-3.02976E-1
7.18275E+11	2.31052E-12	-5.40352E+0	2.87737E-2	5.36043E-1
7.18450E+11	2.86013E-12	2.47647E+0	-1.21557E+0	-5.39490E-1
7.18625E+11	5.57441E-13	-1.65697E+1	9.65820E-2	-1.12707E-1
7.18800E+11	2.88433E-12	-7.72458E+0	4.10897E-1	5.38861E-3
7.18975E+11	2.29029E-12	-7.94586E+0	-2.68107E-2	3.99698E-1
7.19150E+11	2.68238E-12	-8.71303E+0	-5.01780E-2	-3.63283E-1
7.19325E+11	8.88954E-13	-1.53401E+1	1.33527E-1	-1.06823E-1
7.19500E+11	5.15306E-13	-1.70564E+1	1.40272E-1	4.32582E-3
7.19675E+11	2.19207E-12	-1.10371E+1	-1.31423E-1	2.47961E-1
7.19850E+11	1.07557E-12	-1.53785E+1	-1.16198E-1	-1.24424E-1
7.20025E+11	3.29628E-12	-4.21491E+0	4.02673E-1	-4.65554E-1
7.20200E+11	2.32091E-12	-1.43831E+1	-4.16684E-2	1.86316E-1
7.20375E+11	8.83029E-13	-1.73059E+1	-7.77779E-2	-1.12009E-1
7.20550E+11	1.02814E-12	-1.88979E+1	-1.07679E-1	3.59724E-2
7.20725E+11	7.31977E-13	-1.88925E+1	1.01221E-1	5.15664E-2
7.20900E+11	3.31533E-12	-1.11270E+1	4.53079E-2	2.74028E-1
7.21075E+11	1.51851E-12	-1.71318E+1	-1.66839E-2	1.38122E-1
7.21250E+11	1.52249E-12	-1.52975E+1	-8.69315E-2	-1.48229E-1
7.21425E+11	8.45095E-13	-1.66162E+1	9.86228E-2	-1.09863E-1
7.21600E+11	2.03831E-13	-2.23620E+1	6.47692E-2	4.01239E-2
7.21775E+11	9.14627E-13	-1.49515E+1	4.87983E-2	1.72036E-1
7.21950E+11	2.48673E-12	-8.27095E+0	-1.05155E-1	-3.71276E-1
7.22125E+11	2.21287E-12	-7.99321E+0	3.80256E-1	1.18922E-1
7.22300E+11	6.92040E-13	-1.37663E+1	-1.82114E-1	-9.40558E-2
7.22475E+11	9.57410E-14	-1.37551E+1	1.85813E-1	8.71443E-2
7.22650E+11	3.13568E-12	-3.83148E+0	6.07285E-1	-2.12283E-1
7.22825E+11	2.01805E-12	3.06280E-1	9.59105E-1	3.91391E-1
7.23000E+11	2.95109E-12	4.73412E+0	-1.28530E+0	-1.15000E+0
7.23175E+11	1.95140E-12	-2.78452E+0	2.73031E-1	-6.72410E-1
7.23350E+11	3.77482E-13	-5.59050E+0	2.03546E-1	4.84350E-1
7.23525E+11	2.13309E-12	2.23341E+0	-1.08365E+0	-7.05768E-1
7.23700E+11	3.31206E-12	1.21982E+0	-4.58970E-1	-1.05529E+0
7.23875E+11	7.52671E-12	4.61753E+0	9.54327E-1	-1.40889E+0
7.24050E+11	9.04372E-14	-1.14869E+1	-1.66686E-1	-2.07903E-1
7.24225E+11	5.80438E-12	1.66157E+1	-3.80631E+0	5.60232E+0
7.24400E+11	4.04425E-12	3.16010E+0	1.38339E+0	3.95481E-1
7.24575E+11	6.70630E-12	1.73016E+1	4.38584E+0	-5.87260E+0
7.24750E+11	4.67096E-13	-9.85677E+0	-6.16317E-2	-3.15522E-1
7.24925E+11	6.30044E-12	5.04859E+0	1.18958E+0	-1.33520E+0
7.25100E+11	2.74745E-12	-2.57232E+0	4.27894E-1	-6.08245E-1
7.25275E+11	8.94148E-13	-6.54733E+0	-4.20667E-1	2.10915E-1
7.25450E+11	5.22285E-12	4.07757E+0	1.43553E+0	7.04565E-1
7.25625E+11	2.24189E-12	1.69415E+0	1.20175E+0	1.81452E-1
7.25800E+11	1.66353E-12	3.74926E+0	-1.18664E+0	-9.81250E-1
7.25975E+11	6.57863E-13	2.13752E+0	-5.76923E-1	1.14151E+0
7.26150E+11	4.89370E-12	1.54390E+0	-9.77478E-1	6.86605E-1
7.26325E+11	1.05935E-13	-7.96058E+0	-2.29182E-1	-3.27735E-1
7.26500E+11	2.48385E-12	-1.07244E-2	-4.30584E-1	9.01183E-1
7.26675E+11	1.64287E-13	-4.95035E+0	4.53577E-1	3.37834E-1
7.26850E+11	2.28742E-14	-1.90404E+1	-5.13182E-2	-9.91917E-2
7.27025E+11	5.24173E-13	-2.80759E+0	3.84404E-1	6.13290E-1
7.27200E+11	6.60393E-13	1.12113E+1	2.08566E+0	2.97772E+0
7.27375E+11	1.54991E-12	-1.89465E+0	-7.67089E-1	2.40882E-1
7.27550E+11	1.28438E-12	-7.38275E+0	3.98496E-1	-1.54581E-1
7.27725E+11	7.41953E-13	-9.66377E+0	-9.61521E-2	3.14332E-1
7.27900E+11	1.16689E-12	-3.88915E+0	-6.21622E-1	1.48276E-1
7.28075E+11	7.10884E-14	-1.86314E+1	8.53133E-2	-8.01618E-2
7.28250E+11	4.13004E-13	-1.08261E+1	2.07966E-1	-1.98567E-1
7.28425E+11	1.04321E-14	-3.14238E+1	1.04291E-2	-2.47327E-2
7.28600E+11	9.26276E-13	-2.61142E+0	-6.99450E-1	-2.42624E-1
7.28775E+11	5.00806E-13	-1.37258E+1	2.05779E-1	7.79354E-3
7.28950E+11	2.21407E-13	-1.75395E+1	-5.05930E-2	1.22728E-1
7.29125E+11	5.29392E-13	-1.21274E+1	-5.52604E-2	2.41283E-1
7.29300E+11	1.69591E-14	-2.52242E+1	-8.31698E-3	5.41665E-2
7.29475E+11	3.27394E-13	-1.56212E+1	1.03274E-1	-1.29394E-1
7.29650E+11	2.78678E-12	-2.51165E-2	-2.84411E-1	9.55690E-1
7.29825E+11	1.14585E-12	7.02114E-2	7.35884E-1	-6.89037E-1
7.30000E+11	1.31543E-12	-4.81842E+0	2.30775E-1	5.25807E-1
