4.50000E+11	1.72751E-13	-2.08901E+1	1.74715E-2	8.85528E-2
4.50175E+11	1.11544E-14	-3.18529E+1	6.19017E-3	-2.47866E-2
4.50350E+11	1.40670E-15	-4.37928E+1	3.52992E-3	5.41257E-3
4.50525E+11	6.89060E-13	-1.75066E+1	1.10210E-1	7.48964E-2
4.50700E+11	3.32544E-13	-1.93351E+1	5.77251E-2	-9.12257E-2
4.50875E+11	1.67648E-12	-8.97366E+0	3.53153E-1	4.40622E-2
4.51050E+11	2.69676E-12	-1.04356E+1	2.34923E-1	1.87798E-1
4.51225E+11	6.24643E-13	-1.39889E+1	2.30137E-2	1.98452E-1
4.51400E+11	8.47661E-13	-1.55232E+1	-9.28199E-2	-1.39349E-1
4.51575E+11	6.44515E-13	-1.50397E+1	-1.42109E-2	1.76445E-1
4.51750E+11	2.42132E-13	-1.73365E+1	-7.76960E-2	1.11483E-1
4.51925E+11	2.65190E-12	-3.98127E+0	-3.78481E-1	-5.06537E-1
4.52100E+11	8.78618E-13	-1.54913E+1	-6.85920E-2	-1.53413E-1
4.52275E+11	2.79031E-12	-1.62062E+1	1.46828E-1	4.89465E-2
4.52450E+11	2.23503E-12	-2.04168E+1	-8.32242E-2	4.64605E-2
4.52625E+11	2.54312E-12	-2.49289E+1	-3.40711E-2	-4.53168E-2
4.52800E+11	2.63326E-11	-1.73055E+1	-5.49994E-2	-1.24789E-1
4.52975E+11	3.48403E-11	-1.82653E+1	6.89324E-2	-1.00786E-1
4.53150E+11	5.00512E-11	-2.05277E+1	9.39052E-2	-6.14336E-3
4.53325E+11	5.37264E-11	-2.15186E+1	1.36188E-2	8.28480E-2
4.53500E+11	6.30354E-11	-2.16880E+1	-8.22738E-2	-3.25142E-3
4.53675E+11	4.99736E-11	-2.28921E+1	1.57349E-2	-6.99310E-2
4.53850E+11	8.18109E-11	-2.21056E+1	7.51607E-2	2.25584E-2
4.54025E+11	8.15210E-11	-2.33912E+1	-1.44362E-2	6.61194E-2
4.54200E+11	6.44131E-11	-2.51925E+1	-5.49996E-2	4.57184E-4
4.54375E+11	7.00858E-11	-2.44873E+1	-1.73917E-2	-5.70616E-2
4.54550E+11	4.77300E-11	-2.59072E+1	5.06551E-2	4.39517E-4
4.54725E+11	2.00896E-11	-2.81706E+1	-2.29615E-2	3.15692E-2
4.54900E+11	8.04050E-12	-2.99274E+1	-2.03700E-2	-2.45339E-2
4.55075E+11	2.42768E-12	-3.37403E+1	1.26966E-2	-1.61688E-2
4.55250E+11	1.69279E-12	-3.34294E+1	1.78116E-2	-1.16940E-2
4.55425E+11	2.24793E-13	-3.85430E+1	1.04900E-2	5.46082E-3
4.55600E+11	6.29785E-13	-3.19165E+1	1.79329E-2	1.79336E-2
4.55775E+11	2.63108E-12	-2.32745E+1	-6.78959E-2	9.74620E-3
4.55950E+11	3.59745E-12	-1.53433E+1	-9.24049E-2	-1.43807E-1
4.56125E+11	2.42491E-12	-8.36890E+0	3.61745E-1	-1.21339E-1
4.56300E+11	8.09464E-14	-2.02324E+1	-9.43125E-2	-2.41687E-2
4.56475E+11	9.64056E-13	-9.87902E+0	2.23677E-1	-2.29769E-1
4.56650E+11	8.86229E-13	-1.72727E+1	-2.24953E-2	1.35027E-1
4.56825E+11	1.63848E-13	-2.62056E+1	-1.36588E-2	-4.70022E-2
4.57000E+11	1.43170E-12	-1.74217E+1	-1.33000E-1	-2.04313E-2
4.57175E+11	2.87107E-12	-1.29699E+1	2.24648E-1	2.09296E-4
4.57350E+11	5.53264E-14	-2.81462E+1	-3.90421E-2	-2.85059E-3
4.57525E+11	2.83120E-12	-1.28238E+1	-1.76500E-1	-1.45058E-1
4.57700E+11	2.21957E-13	-1.59320E+1	-5.61855E-2	1.49527E-1
4.57875E+11	5.02098E-13	-5.82017E+0	-2.74689E-2	-5.10934E-1
4.58050E+11	2.25292E-13	-1.35062E+1	2.11126E-1	-5.54301E-3
4.58225E+11	2.47260E-13	-1.12492E+1	2.06958E-1	-1.79367E-1
4.58400E+11	1.09791E-12	-6.76556E+0	2.27455E-1	3.98569E-1
4.58575E+11	3.06021E-13	-8.16652E-1	-3.56822E-1	-8.37412E-1
4.58750E+11	6.71148E-13	4.46096E+0	5.56221E-1	1.57600E+0
4.58925E+11	4.08572E-12	2.11106E-1	8.23982E-1	6.08986E-1
4.59100E+11	2.35672E-12	-3.15246E+0	4.58061E-1	5.23525E-1
4.59275E+11	1.94368E-13	2.41989E+0	-1.63085E-1	-1.31118E+0
4.59450E+11	2.61207E-12	-2.94906E+0	4.90909E-1	-5.15857E-1
4.59625E+11	4.34425E-13	-9.60264E+0	-9.93909E-2	3.15757E-1
4.59800E+11	2.44144E-12	-1.32038E+0	-7.70734E-1	-3.79221E-1
4.59975E+11	1.28077E-13	-7.14364E-1	3.55938E-1	8.49492E-1
4.60150E+11	8.02376E-12	3.05782E+0	8.02104E-1	1.17415E+0
4.60325E+11	3.57389E-12	-1.79511E+0	-5.43804E-1	6.04744E-1
4.60500E+11	3.31500E-12	1.86961E+0	-9.39503E-1	-8.09537E-1
4.60675E+11	3.38452E-12	7.96482E-2	1.00916E+0	1.04851E-2
4.60850E+11	4.88544E-13	1.16122E+0	1.13103E+0	-1.65246E-1
4.61025E+11	8.90475E-13	-5.24158E+0	-1.01941E-1	5.37332E-1
4.61200E+11	3.36577E-12	2.00074E-1	7.04329E-1	7.42339E-1
4.61375E+11	2.51701E-12	3.59224E+0	-1.49835E+0	2.04280E-1
4.61550E+11	6.28738E-14	-2.02698E+1	4.12463E-3	9.68535E-2
4.61725E+11	2.34065E-13	-1.03390E+1	-1.08431E-2	-3.03929E-1
4.61900E+11	8.21827E-13	-9.53036E+0	2.51116E-1	-2.19912E-1
4.62075E+11	4.19929E-13	-1.47365E+1	-4.83711E-2	1.76808E-1
4.62250E+11	1.01575E-12	-7.67233E+0	-4.13217E-1	1.27107E-2
4.62425E+11	6.96021E-12	-2.90613E+0	7.15476E-1	-1.52327E-2
4.62600E+11	8.76530E-13	2.97333E+0	1.39832E+0	-1.66549E-1
4.62775E+11	2.17780E-12	3.60294E+0	-3.00721E-1	1.48391E+0
4.62950E+11	2.14521E-12	1.64626E+0	-6.72770E-1	1.00414E+0
4.63125E+11	2.04394E-12	-5.10784E+0	-1.24447E-1	-5.41281E-1
4.63300E+11	1.66421E-12	4.63217E-1	9.59309E-1	-4.38500E-1
4.63475E+11	2.11327E-12	-2.34653E+0	-6.39416E-1	-4.16792E-1
4.63650E+11	1.68174E-12	2.99035E+0	-7.58116E-1	-1.19000E+0
4.63825E+11	4.58422E-13	-2.79624E+0	-2.72696E-1	6.71490E-1
4.64000E+11	1.88322E-12	-1.48294E+0	-8.33959E-1	-1.23468E-1
4.64175E+11	1.30153E-12	-9.09423E+0	-4.23133E-2	-3.48425E-1
4.64350E+11	7.67866E-12	5.37712E+0	1.54971E+0	1.02349E+0
4.64525E+11	9.24773E-12	2.72554E+0	-1.19005E+0	6.75915E-1
4.64700E+11	2.54249E-11	3.89737E+0	2.20408E-1	-1.55069E+0
4.64875E+11	4.78264E-11	6.32136E+0	1.48274E+0	1.44510E+0
4.65050E+11	6.56451E-11	8.77693E+0	-2.45917E+0	1.22396E+0
4.65225E+11	4.69631E-11	5.28467E+0	1.14328E-1	-1.83397E+0
4.65400E+11	3.12115E-11	9.11457E-1	8.31604E-1	7.36175E-1
4.65575E+11	6.52585E-11	2.97099E+0	-1.26060E+0	6.26780E-1
4.65750E+11	1.00218E-10	3.33961E+0	2.16482E-1	-1.45282E+0
4.65925E+11	2.28931E-10	5.79462E+0	1.88325E+0	5.00566E-1
4.66100E+11	4.08525E-10	5.65968E+0	-7.71511E-1	1.75664E+0
4.66275E+11	4.27597E-10	6.78067E+0	-1.24899E+0	-1.79027E+0
4.66450E+11	3.21296E-10	7.56061E+0	2.08429E+0	-1.16541E+0
4.66625E+11	2.77344E-10	4.43352E+0	8.49505E-1	1.43315E+0
4.66800E+11	2.50692E-10	5.74240E+0	-1.93489E+0	-8.95127E-2
4.66975E+11	2.03171E-10	6.51292E+0	1.08536E+0	-1.81718E+0
4.67150E+11	2.08678E-10	7.79119E+0	1.70264E+0	1.76477E+0
4.67325E+11	2.30347E-10	8.75544E+0	-2.12271E+0	1.73276E+0
4.67500E+11	2.26705E-10	1.00004E+1	-1.00382E+0	-2.99888E+0
4.67675E+11	2.07967E-10	1.01437E+1	3.21201E+0	-1.39212E-1
4.67850E+11	1.18065E-10	5.82957E+0	-1.58703E-1	1.95005E+0
4.68025E+11	1.29436E-10	1.31760E+1	-4.54848E+0	-2.98798E-1
4.68200E+11	6.81061E-11	8.48999E+0	3.85163E-1	-2.62960E+0
4.68375E+11	7.21507E-11	4.72006E+0	1.20629E+0	1.22872E+0
4.68550E+11	4.42032E-11	-2.85294E-1	-7.17759E-1	6.49031E-1
4.68725E+11	4.32044E-11	-1.74039E+0	-3.57301E-1	-7.36315E-1
4.68900E+11	3.66967E-11	-1.44985E+0	7.91174E-1	-3.00351E-1
4.69075E+11	3.93906E-11	-2.21897E+0	3.63056E-1	6.84196E-1
4.69250E+11	5.03640E-11	-3.98414E+0	-4.70732E-1	-4.21872E-1
4.69425E+11	6.72412E-11	-3.76560E+0	5.47079E-1	-3.47690E-1
4.69600E+11	4.01562E-11	-8.67203E+0	1.58700E-1	3.32539E-1
4.69775E+11	3.80988E-11	-7.60180E+0	-3.53887E-1	2.20165E-1
4.69950E+11	2.29342E-11	-1.11501E+1	-1.49405E-1	-2.33266E-1
4.70125E+11	2.81516E-11	-1.00635E+1	1.92456E-1	-2.48011E-1
4.70300E+11	4.04695E-11	-9.80320E+0	2.64129E-1	1.86740E-1
4.70475E+11	6.73214E-11	-9.10588E+0	-2.34593E-1	2.60435E-1
4.70650E+11	1.51438E-10	-7.44487E+0	-2.84951E-1	-3.14487E-1
4.70825E+11	1.68704E-10	-8.57672E+0	2.76719E-1	-2.49413E-1
4.71000E+11	1.99633E-10	-8.22861E+0	3.07877E-1	2.35742E-1
4.71175E+11	2.59193E-10	-7.59261E+0	-1.68275E-1	3.81785E-1
4.71350E+11	2.05075E-10	-8.49685E+0	-3.74227E-1	-3.61949E-2
4.71525E+11	1.83694E-10	-9.31403E+0	-1.86599E-1	-2.86866E-1
4.71700E+11	4.43134E-10	-5.57920E+0	3.27478E-1	-4.11708E-1
4.71875E+11	1.06387E-9	-2.44556E+0	6.21298E-1	4.28280E-1
4.72050E+11	1.53590E-9	8.17852E-1	-6.74179E-1	8.67582E-1
4.72225E+11	1.88210E-9	-1.26544E+0	-1.72626E-1	-8.47014E-1
4.72400E+11	2.29057E-9	-3.26404E+0	6.80280E-1	9.40402E-2
4.72575E+11	3.48421E-9	-4.82602E+0	-2.51709E-1	5.15553E-1
4.72750E+11	4.97203E-9	-4.83379E+0	-3.81266E-1	-4.28020E-1
4.72925E+11	5.74188E-9	-6.87692E+0	4.38571E-1	-1.13654E-1
4.73100E+11	9.64596E-9	-8.53733E+0	-1.44984E-3	3.74223E-1
4.73275E+11	2.08519E-8	-8.01529E+0	-3.90351E-1	-7.45557E-2
4.73450E+11	4.30510E-8	-7.52617E+0	2.46823E-1	-3.40350E-1
4.73625E+11	3.91518E-8	-8.88038E+0	2.16439E-1	2.87337E-1
4.73800E+11	3.04725E-8	-1.06629E+1	-2.83394E-1	7.43811E-2
4.73975E+11	2.48598E-8	-1.15619E+1	2.76941E-2	-2.62726E-1
4.74150E+11	2.03177E-8	-1.21321E+1	2.27776E-1	9.65559E-2
4.74325E+11	1.60722E-8	-1.36004E+1	-1.48166E-1	1.47289E-1
4.74500E+11	1.64058E-8	-1.37300E+1	-1.00796E-1	-1.79455E-1
4.74675E+11	1.92427E-8	-1.26108E+1	2.21916E-1	-7.46367E-2
4.74850E+11	1.58154E-8	-1.21322E+1	-3.55537E-3	2.47369E-1
4.75025E+11	9.65828E-9	-1.28478E+1	-2.09416E-1	-8.97291E-2
4.75200E+11	9.87889E-9	-1.33593E+1	1.10024E-1	-1.84481E-1
4.75375E+11	8.25607E-9	-1.41572E+1	1.18085E-1	1.56369E-1
4.75550E+11	4.99017E-9	-1.55157E+1	-1.56746E-1	5.92689E-2
4.75725E+11	3.70377E-9	-1.51286E+1	-2.68428E-2	-1.73147E-1
4.75900E+11	2.84153E-9	-1.51425E+1	1.73721E-1	-2.05731E-2
4.76075E+11	4.18837E-9	-1.31688E+1	-2.03710E-3	2.19555E-1
4.76250E+11	4.86094E-9	-1.14449E+1	-2.49502E-1	-9.71976E-2
4.76425E+11	3.24206E-9	-1.08987E+1	2.24376E-1	-1.75963E-1
4.76600E+11	2.68942E-9	-1.05568E+1	5.38856E-2	2.91657E-1
4.76775E+11	1.78832E-9	-1.03951E+1	-3.01363E-1	-2.19855E-2
4.76950E+11	1.54738E-9	-9.76505E+0	3.98326E-2	-3.22447E-1
4.77125E+11	1.14415E-9	-1.02323E+1	3.05831E-1	3.54958E-2
4.77300E+11	7.11829E-10	-1.29836E+1	-1.20127E-1	-1.89414E-1
4.77475E+11	6.32552E-10	-1.26102E+1	2.17246E-1	-8.73485E-2
4.77650E+11	6.06403E-10	-9.09869E+0	1.37565E-3	3.50802E-1
4.77825E+11	6.98137E-10	-7.37680E+0	-3.86990E-1	-1.82164E-1
4.78000E+11	5.94970E-10	-6.61000E+0	3.78426E-1	-2.73983E-1
4.78175E+11	5.78395E-10	-5.56502E+0	1.09188E-1	5.15488E-1
4.78350E+11	6.72607E-10	-5.74115E+0	-5.10373E-1	7.83243E-2
4.78525E+11	7.40421E-10	-4.18151E+0	-1.49800E-1	-5.99476E-1
4.78700E+11	1.09866E-9	-3.04429E+0	6.86829E-1	-1.56104E-1
4.78875E+11	1.55055E-9	-2.48891E+0	-6.29249E-2	7.48211E-1
4.79050E+11	2.59284E-9	-2.34883E+0	-6.69961E-1	-3.65255E-1
4.79225E+11	4.00670E-9	-3.17282E+0	5.98133E-1	-3.51954E-1
4.79400E+11	3.48664E-9	-6.39051E+0	1.37956E-1	4.58864E-1
4.79575E+11	1.79791E-9	-6.69369E+0	-3.76874E-1	2.68464E-1
4.79750E+11	1.24175E-9	5.82662E+0	-1.95576E+0	-1.69763E-2
4.79925E+11	9.99928E-10	3.14422E+0	1.40505E+0	2.97443E-1
4.80100E+11	5.75202E-10	2.85599E-1	-9.40832E-1	4.27559E-1
4.80275E+11	3.75092E-10	1.30610E+0	-1.50966E-2	-1.16217E+0
4.80450E+11	3.95741E-10	5.34426E+0	1.81099E+0	-3.78769E-1
4.80625E+11	4.91766E-10	6.69978E+0	-6.94706E-1	2.04805E+0
4.80800E+11	5.88171E-10	6.80256E+0	-7.58292E-1	-2.05283E+0
4.80975E+11	5.77709E-10	7.27233E+0	2.28970E+0	3.05761E-1
4.81150E+11	4.25636E-10	5.53551E+0	-1.06777E+0	1.56113E+0
4.81325E+11	2.93450E-10	5.17586E+0	-9.77960E-1	-1.52858E+0
4.81500E+11	2.86636E-10	4.26536E+0	1.63334E+0	4.84341E-2
4.81675E+11	2.71000E-10	2.92291E+0	-7.72591E-1	1.16759E+0
4.81850E+11	4.19789E-10	5.02536E+0	-9.94494E-1	-1.48047E+0
4.82025E+11	5.45002E-10	5.58079E+0	1.90010E+0	-6.60131E-2
4.82200E+11	4.12637E-10	4.25334E+0	-9.19641E-1	1.34797E+0
4.82375E+11	2.36573E-10	1.04354E+0	-5.83180E-1	-9.65148E-1
4.82550E+11	2.25176E-10	-4.03023E-1	9.51698E-1	-7.51512E-2
4.82725E+11	2.29822E-10	-1.80632E+0	-3.55772E-1	7.30177E-1
4.82900E+11	2.68663E-10	-2.25802E+0	-4.71169E-1	-6.10379E-1
4.83075E+11	2.24470E-10	-4.80220E+0	5.14108E-1	-2.58180E-1
4.83250E+11	3.23538E-10	-3.78121E+0	3.29313E-1	5.56983E-1
4.83425E+11	6.84254E-10	-1.27920E+0	-8.32222E-1	2.28637E-1
4.83600E+11	9.25422E-10	-2.36415E+0	6.60161E-2	-7.58849E-1
4.83775E+11	1.09117E-9	-3.50246E+0	6.26773E-1	2.31489E-1
4.83950E+11	9.82168E-10	-4.39915E+0	-3.38313E-1	4.98691E-1
4.84125E+11	9.57832E-10	-4.66029E+0	-3.78010E-1	-4.46168E-1
4.84300E+11	5.72282E-10	-5.97447E+0	4.56653E-1	-2.10091E-1
4.84475E+11	5.18575E-10	-4.23609E+0	1.05577E-1	6.04894E-1
4.84650E+11	6.08181E-10	-3.01383E+0	-6.98247E-1	-1.09753E-1
4.84825E+11	1.16242E-9	-3.82144E-1	2.29321E-1	-9.29075E-1
4.85000E+11	8.52403E-10	-4.65154E-1	7.85502E-1	5.30487E-1
4.85175E+11	7.61311E-10	-5.14678E+0	-5.34278E-2	5.50331E-1
4.85350E+11	9.85876E-10	-4.60945E+0	-5.86439E-1	4.55323E-2
4.85525E+11	1.22764E-9	-2.63881E+0	-3.43698E-2	-7.37204E-1
4.85700E+11	1.28629E-9	-7.80412E-1	8.60478E-1	3.08386E-1
4.85875E+11	1.32416E-9	-6.00820E-1	-7.15549E-1	5.98990E-1
4.86050E+11	1.36906E-9	-3.79350E-1	-2.97837E-1	-9.09753E-1
4.86225E+11	1.87258E-9	1.02163E+0	1.11019E+0	1.80771E-1
4.86400E+11	3.69998E-9	1.49387E+0	-9.36834E-1	7.29992E-1
4.86575E+11	3.88541E-9	3.60086E-1	-3.30975E-2	-1.04180E+0
4.86750E+11	3.70539E-9	-2.34113E+0	7.18964E-1	2.57654E-1
4.86925E+11	5.36222E-9	-1.38168E+0	-4.11104E-1	7.47323E-1
4.87100E+11	3.68688E-9	-3.13568E+0	-6.13053E-1	-3.31568E-1
4.87275E+11	1.04748E-9	-7.71774E+0	2.76522E-1	-3.04414E-1
4.87450E+11	7.55693E-10	-1.02920E+1	2.30200E-1	2.01259E-1
4.87625E+11	3.09259E-9	-3.87955E+0	-3.08930E-1	5.60237E-1
4.87800E+11	1.09795E-8	1.03142E+0	-9.32665E-1	-6.31034E-1
4.87975E+11	1.58978E-8	1.38413E+0	8.42731E-1	-8.15569E-1
4.88150E+11	9.85515E-9	1.32779E-1	5.86482E-1	8.28906E-1
4.88325E+11	6.41834E-9	-7.19261E-1	-8.69859E-1	3.01191E-1
4.88500E+11	4.35959E-9	-3.21110E+0	-2.16372E-1	-6.56195E-1
4.88675E+11	3.82508E-9	-3.91200E+0	6.20749E-1	-1.44658E-1
4.88850E+11	5.03713E-9	-2.87438E+0	-1.39869E-1	7.04509E-1
4.89025E+11	8.21241E-9	-3.37084E+0	-5.61899E-1	-3.80048E-1
4.89200E+11	1.88429E-8	-3.29592E+0	5.08083E-1	-4.58287E-1
4.89375E+11	2.48398E-8	-3.34166E+0	2.81840E-1	6.19545E-1
4.89550E+11	2.70602E-8	-5.53355E+0	-5.25551E-1	5.88678E-2
4.89725E+11	2.56550E-8	-8.26300E+0	8.27728E-2	-3.77260E-1
4.89900E+11	1.83739E-8	-1.20366E+1	2.19229E-1	1.20438E-1
4.90075E+11	1.97506E-8	-1.24309E+1	-1.33002E-1	1.98612E-1
4.90250E+11	2.01776E-8	-1.17897E+1	-2.12507E-1	-1.45143E-1
4.90425E+11	2.15760E-8	-1.00910E+1	1.49717E-1	-2.74794E-1
4.90600E+11	2.99404E-8	-8.28843E+0	3.38895E-1	1.82908E-1
4.90775E+11	3.97978E-8	-8.16209E+0	-2.58302E-1	2.93195E-1
4.90950E+11	5.83214E-8	-1.06269E+1	-1.30845E-1	-2.63510E-1
4.91125E+11	5.57752E-8	-1.17398E+1	2.49002E-1	-7.06305E-2
4.91300E+11	5.41223E-8	-1.16453E+1	4.37322E-2	2.57978E-1
4.91475E+11	5.41598E-8	-1.18215E+1	-2.56240E-1	-9.18268E-3
4.91650E+11	4.23992E-8	-1.23653E+1	4.96686E-2	-2.35667E-1
4.91825E+11	3.11692E-8	-1.33533E+1	2.03726E-1	6.85442E-2
4.92000E+11	3.06848E-8	-1.27861E+1	-1.05083E-1	2.03975E-1
4.92175E+11	3.73037E-8	-1.15649E+1	-1.75409E-1	-1.97424E-1
4.92350E+11	3.05421E-8	-1.21482E+1	2.22960E-1	-1.06153E-1
4.92525E+11	2.09429E-8	-1.30502E+1	6.17192E-2	2.13854E-1
4.92700E+11	1.57446E-8	-1.36076E+1	-2.06471E-1	3.07443E-2
4.92875E+11	1.33007E-8	-1.40633E+1	-4.43670E-3	-1.98027E-1
4.93050E+11	1.16182E-8	-1.41042E+1	1.95617E-1	2.45246E-2
4.93225E+11	1.03316E-8	-1.37534E+1	-5.56559E-2	1.97583E-1
4.93400E+11	1.44729E-8	-1.33293E+1	-1.91918E-1	-9.81170E-2
4.93575E+11	1.74736E-8	-1.20599E+1	1.79228E-1	-1.73520E-1
4.93750E+11	1.67244E-8	-1.08513E+1	1.22107E-1	2.59403E-1
4.93925E+11	2.01062E-8	-1.01991E+1	-3.08627E-1	1.63537E-2
4.94100E+11	3.03331E-8	-1.01157E+1	1.17622E-1	-2.89028E-1
4.94275E+11	4.19677E-8	-1.08682E+1	2.18683E-1	1.84548E-1
4.94450E+11	4.29858E-8	-1.18663E+1	-1.82149E-1	1.78578E-1
4.94625E+11	4.31421E-8	-1.25748E+1	-1.43835E-1	-1.85971E-1
4.94800E+11	4.00244E-8	-1.31232E+1	1.82975E-1	-1.23436E-1
4.94975E+11	5.39180E-8	-1.18923E+1	6.61642E-2	2.45564E-1
4.95150E+11	6.05221E-8	-1.11224E+1	-2.76241E-1	-3.02705E-2
4.95325E+11	5.13101E-8	-1.15250E+1	4.00192E-2	-2.62272E-1
4.95500E+11	4.75111E-8	-1.17504E+1	2.35516E-1	1.06585E-1
4.95675E+11	6.02501E-8	-1.21408E+1	-1.89285E-1	1.58916E-1
4.95850E+11	5.33297E-8	-1.26931E+1	-7.08799E-2	-2.20827E-1
4.96025E+11	5.20973E-8	-1.29733E+1	2.24143E-1	-1.36971E-2
4.96200E+11	4.32486E-8	-1.37591E+1	-4.48024E-2	2.00186E-1
4.96375E+11	4.91005E-8	-1.35339E+1	-1.89429E-1	-9.18577E-2
4.96550E+11	5.73576E-8	-1.17039E+1	1.73470E-1	-1.93536E-1
4.96725E+11	5.21500E-8	-1.13513E+1	1.54424E-1	2.22291E-1
4.96900E+11	4.88755E-8	-1.19363E+1	-2.35726E-1	9.19826E-2
4.97075E+11	3.13194E-8	-1.26596E+1	-4.45317E-2	-2.28522E-1
4.97250E+11	2.23742E-8	-1.36578E+1	2.07223E-1	-1.15295E-2
4.97425E+11	1.90925E-8	-1.43811E+1	-4.42666E-2	1.85759E-1
4.97600E+11	1.40860E-8	-1.51038E+1	-1.54283E-1	-8.40999E-2
4.97775E+11	1.29034E-8	-1.47161E+1	1.09374E-1	-1.47635E-1
4.97950E+11	1.52632E-8	-1.34599E+1	1.61744E-1	1.37555E-1
4.98125E+11	1.31792E-8	-1.26674E+1	-1.71121E-1	1.57562E-1
4.98300E+11	1.32351E-8	-1.23120E+1	-1.33596E-1	-2.02173E-1
4.98475E+11	1.21643E-8	-1.20381E+1	2.43041E-1	-5.89571E-2
4.98650E+11	1.34829E-8	-1.22313E+1	-3.38326E-2	2.42238E-1
4.98825E+11	1.14878E-8	-1.24814E+1	-2.13703E-1	-1.03954E-1
4.99000E+11	1.18509E-8	-1.28882E+1	1.42754E-1	-1.76200E-1
4.99175E+11	1.26584E-8	-1.31529E+1	1.42126E-1	1.67884E-1
4.99350E+11	1.57022E-8	-1.19541E+1	-1.79044E-1	1.78072E-1
4.99525E+11	1.97480E-8	-1.13576E+1	-1.50976E-1	-2.24411E-1
4.99700E+11	1.90640E-8	-1.22024E+1	2.45399E-1	-1.42988E-3
4.99875E+11	1.36085E-8	-1.28482E+1	-1.50299E-1	1.71208E-1
5.00050E+11	1.16507E-8	-1.34370E+1	-3.95600E-2	-2.09180E-1
5.00225E+11	1.47140E-8	-1.34543E+1	2.08421E-1	4.12418E-2
5.00400E+11	1.92674E-8	-1.41573E+1	-5.76992E-2	1.87257E-1
5.00575E+11	2.05660E-8	-1.48480E+1	-1.70168E-1	-6.15813E-2
5.00750E+11	2.64399E-8	-1.36367E+1	7.76894E-2	-1.93000E-1
5.00925E+11	5.23053E-8	-1.15993E+1	2.01176E-1	1.69479E-1
5.01100E+11	6.44476E-8	-1.07021E+1	-2.81211E-1	7.74164E-2
5.01275E+11	7.07802E-8	-1.02936E+1	8.31276E-2	-2.94199E-1
5.01450E+11	5.96368E-8	-1.05512E+1	2.29383E-1	1.88320E-1
5.01625E+11	5.23250E-8	-1.08472E+1	-2.27421E-1	1.74804E-1
5.01800E+11	4.18467E-8	-1.06283E+1	-1.14745E-1	-2.70857E-1
5.01975E+11	2.44640E-8	-9.19292E+0	3.33661E-1	-9.53575E-2
5.02150E+11	1.31309E-8	-7.83584E+0	3.95001E-2	4.03775E-1
5.02325E+11	1.64461E-8	-5.31040E+0	-5.16862E-1	-1.65133E-1
5.02500E+11	1.71804E-8	-3.15523E+0	5.10809E-1	-4.71873E-1
5.02675E+11	1.76767E-8	-1.30703E+0	2.63707E-1	8.18883E-1
5.02850E+11	1.81118E-8	6.59602E-1	-1.07866E+0	2.26961E-2
5.03025E+11	2.00106E-8	2.31435E+0	3.34730E-1	-1.26167E+0
5.03200E+11	1.81848E-8	3.38718E+0	1.16274E+0	9.10686E-1
5.03375E+11	2.13883E-8	2.88386E+0	-1.27493E+0	5.63174E-1
5.03550E+11	2.64630E-8	2.50717E+0	-1.72160E-1	-1.32347E+0
5.03725E+11	3.08908E-8	4.28703E+0	1.60711E+0	3.17332E-1
5.03900E+11	4.22765E-8	4.35987E+0	-1.00730E+0	1.30929E+0
5.04075E+11	5.67292E-8	3.78107E+0	-8.00385E-1	-1.32204E+0
5.04250E+11	5.75524E-8	2.66148E+0	1.33607E+0	-2.46100E-1
5.04425E+11	5.27228E-8	3.80036E-1	-3.31209E-1	9.90833E-1
5.04600E+11	4.17521E-8	-2.24169E+0	-4.80734E-1	-6.04729E-1
5.04775E+11	3.33057E-8	-4.90015E+0	5.67176E-1	-4.35215E-2
5.04950E+11	2.75794E-8	-7.39431E+0	-1.32798E-1	4.05676E-1
5.05125E+11	2.69849E-8	-8.17944E+0	-3.57787E-1	-1.55123E-1
5.05300E+11	3.50184E-8	-7.45989E+0	2.30735E-1	-3.55301E-1
5.05475E+11	3.94439E-8	-7.35738E+0	3.29741E-1	2.73926E-1
5.05650E+11	4.03302E-8	-7.31508E+0	-3.13823E-1	2.95091E-1
5.05825E+11	3.90213E-8	-6.58020E+0	-1.12348E-1	-4.55142E-1
5.06000E+11	4.34248E-8	-7.09547E+0	4.26743E-1	1.14360E-1
5.06175E+11	4.48943E-8	-7.61874E+0	-2.07625E-1	3.60450E-1
5.06350E+11	5.68800E-8	-7.95542E+0	-2.82405E-1	-2.83500E-1
5.06525E+11	6.56620E-8	-7.92931E+0	3.43148E-1	-2.08182E-1
5.06700E+11	8.59673E-8	-7.80683E+0	1.50050E-1	3.78395E-1
5.06875E+11	9.41006E-8	-8.30520E+0	-3.78301E-1	6.79899E-2
5.07050E+11	1.02813E-7	-8.78966E+0	1.17010E-2	-3.63322E-1
5.07225E+11	8.38063E-8	-9.22860E+0	3.38026E-1	7.19403E-2
5.07400E+11	1.03082E-7	-9.65188E+0	-1.29539E-1	3.02597E-1
5.07575E+11	8.26087E-8	-1.04210E+1	-2.60012E-1	-1.52171E-1
5.07750E+11	6.54162E-8	-1.16457E+1	1.51801E-1	-2.13109E-1
5.07925E+11	7.72943E-8	-1.19740E+1	2.17307E-1	1.27487E-1
5.08100E+11	9.07825E-8	-1.08299E+1	-1.28983E-1	2.56843E-1
5.08275E+11	1.05886E-7	-1.03320E+1	-2.50797E-1	-1.72454E-1
5.08450E+11	1.04420E-7	-1.01873E+1	2.18801E-1	-2.18874E-1
5.08625E+11	9.19485E-8	-1.02387E+1	1.45572E-1	2.71036E-1
5.08800E+11	8.16805E-8	-1.03228E+1	-3.03729E-1	2.41861E-2
5.08975E+11	6.76555E-8	-1.05168E+1	6.45636E-2	-2.90884E-1
5.09150E+11	5.85742E-8	-1.08925E+1	2.64806E-1	1.06305E-1
5.09325E+11	4.64907E-8	-1.12318E+1	-1.28384E-1	2.42533E-1
5.09500E+11	3.67974E-8	-1.09141E+1	-2.42897E-1	-1.48394E-1
5.09675E+11	3.24430E-8	-1.06119E+1	1.98518E-1	-2.17827E-1
5.09850E+11	2.73417E-8	-1.05306E+1	1.79415E-1	2.37295E-1
5.10025E+11	3.43408E-8	-1.02148E+1	-2.80451E-1	1.28538E-1
5.10200E+11	4.56404E-8	-9.72563E+0	-4.52591E-2	-3.23223E-1
5.10375E+11	4.35273E-8	-9.55755E+0	3.25939E-1	6.69974E-2
5.10550E+11	3.63853E-8	-1.00185E+1	-1.39264E-1	2.83163E-1
5.10725E+11	3.17365E-8	-1.05899E+1	-2.29556E-1	-1.86022E-1
5.10900E+11	3.89515E-8	-1.00027E+1	2.23558E-1	-2.23515E-1
5.11075E+11	5.04483E-8	-9.18491E+0	1.91166E-1	2.90001E-1
5.11250E+11	4.89628E-8	-9.04418E+0	-3.28858E-1	1.28339E-1
5.11425E+11	3.98888E-8	-8.99596E+0	-6.60130E-2	-3.48786E-1
5.11600E+11	3.57256E-8	-9.15541E+0	3.48493E-1	-4.46451E-3
5.11775E+11	3.48590E-8	-9.47152E+0	-1.30951E-2	3.35810E-1
5.11950E+11	2.65113E-8	-1.04215E+1	-3.00279E-1	-2.41512E-2
5.12125E+11	2.59601E-8	-1.13711E+1	7.51303E-2	-2.59391E-1
5.12300E+11	3.04142E-8	-1.13216E+1	2.49987E-1	1.06159E-1
5.12475E+11	3.54689E-8	-1.05134E+1	-1.70730E-1	2.44341E-1
5.12650E+11	4.49924E-8	-9.99648E+0	-1.95752E-1	-2.48520E-1
5.12825E+11	4.66169E-8	-9.91079E+0	2.84952E-1	-1.44491E-1
5.13000E+11	5.86689E-8	-1.01243E+1	8.12473E-2	3.00962E-1
5.13175E+11	6.75607E-8	-1.02423E+1	-3.02831E-1	5.35431E-2
5.13350E+11	6.71618E-8	-1.06150E+1	-6.29284E-3	-2.94544E-1
5.13525E+11	6.80963E-8	-1.07591E+1	2.86870E-1	4.08511E-2
5.13700E+11	7.40005E-8	-1.05278E+1	-5.35398E-2	2.92730E-1
5.13875E+11	7.11998E-8	-9.61925E+0	-3.22183E-1	-7.32199E-2
5.14050E+11	8.15532E-8	-8.65254E+0	1.50278E-1	-3.37335E-1
5.14225E+11	8.24533E-8	-8.42179E+0	3.13344E-1	2.13627E-1
5.14400E+11	6.50383E-8	-8.57666E+0	-2.63736E-1	2.63108E-1
5.14575E+11	4.54936E-8	-8.81003E+0	-1.89483E-1	-3.09221E-1
5.14750E+11	3.40958E-8	-9.26587E+0	3.27860E-1	-1.04519E-1
5.14925E+11	2.65676E-8	-9.59062E+0	6.19084E-2	3.25656E-1
5.15100E+11	2.62453E-8	-9.40303E+0	-3.36329E-1	4.02253E-2
5.15275E+11	3.08721E-8	-8.73796E+0	-5.08058E-2	-3.62134E-1
5.15450E+11	3.89306E-8	-7.87602E+0	4.02172E-1	-3.65670E-2
5.15625E+11	4.13700E-8	-7.57105E+0	2.17880E-4	4.18261E-1
5.15800E+11	3.35434E-8	-7.91198E+0	-3.96215E-1	-6.89078E-2
5.15975E+11	3.50063E-8	-7.84807E+0	1.59710E-1	-3.72323E-1
5.16150E+11	3.84420E-8	-8.12343E+0	3.09555E-1	2.41297E-1
5.16325E+11	3.16410E-8	-8.94538E+0	-2.79718E-1	2.21909E-1
5.16500E+11	3.60060E-8	-9.78819E+0	-1.78457E-1	-2.70465E-1
5.16675E+11	4.41503E-8	-9.63838E+0	2.64642E-1	-1.96590E-1
5.16850E+11	7.22886E-8	-8.58172E+0	2.04297E-1	3.11261E-1
5.17025E+11	9.23061E-8	-8.15679E+0	-3.75803E-1	1.07896E-1
5.17200E+11	7.94805E-8	-8.44158E+0	3.49900E-2	-3.76752E-1
5.17375E+11	8.48169E-8	-8.87300E+0	3.30027E-1	1.43911E-1
5.17550E+11	8.62578E-8	-9.25082E+0	-2.24373E-1	2.61696E-1
5.17725E+11	8.95715E-8	-9.67742E+0	-2.11361E-1	-2.51072E-1
5.17900E+11	8.65012E-8	-9.81348E+0	2.69336E-1	-1.78456E-1
5.18075E+11	9.48023E-8	-9.59357E+0	1.69753E-1	2.84595E-1
5.18250E+11	1.22594E-7	-8.75471E+0	-3.35893E-1	1.42770E-1
5.18425E+11	1.46574E-7	-7.96705E+0	-4.10002E-2	-3.97512E-1
5.18600E+11	1.57672E-7	-7.79225E+0	3.98768E-1	8.50821E-2
5.18775E+11	1.73827E-7	-7.80169E+0	-1.86206E-1	3.62245E-1
5.18950E+11	1.66472E-7	-7.91966E+0	-3.19428E-1	-2.43750E-1
5.19125E+11	1.51101E-7	-8.44667E+0	2.79823E-1	-2.54359E-1
5.19300E+11	1.41881E-7	-8.93465E+0	1.87614E-1	3.04306E-1
5.19475E+11	1.69011E-7	-8.94092E+0	-3.28690E-1	1.39928E-1
5.19650E+11	1.94582E-7	-8.43557E+0	-2.95735E-2	-3.77479E-1
5.19825E+11	2.56705E-7	-7.85285E+0	3.74720E-1	1.53415E-1
5.20000E+11	2.57343E-7	-7.90905E+0	-3.07141E-1	2.59822E-1
5.20175E+11	2.19322E-7	-8.15317E+0	-1.05777E-1	-3.76574E-1
5.20350E+11	2.32086E-7	-8.40773E+0	3.79093E-1	2.39952E-2
5.20525E+11	2.16709E-7	-8.85512E+0	-1.13347E-1	3.42514E-1
5.20700E+11	1.86796E-7	-9.27384E+0	-2.89481E-1	-1.85473E-1
5.20875E+11	1.58091E-7	-9.84636E+0	2.16774E-1	-2.37928E-1
5.21050E+11	1.71664E-7	-9.55634E+0	2.30607E-1	2.39951E-1
5.21225E+11	2.10064E-7	-8.15944E+0	-3.51018E-1	1.71939E-1
5.21400E+11	2.13646E-7	-7.73023E+0	-5.28197E-2	-4.07255E-1
5.21575E+11	1.82725E-7	-7.91644E+0	3.90486E-1	9.53363E-2
5.21750E+11	1.80748E-7	-8.05698E+0	-2.05166E-1	3.38128E-1
5.21925E+11	1.63687E-7	-8.40285E+0	-2.59266E-1	-2.77903E-1
5.22100E+11	1.26336E-7	-8.84356E+0	3.24281E-1	-1.59223E-1
5.22275E+11	1.22665E-7	-9.23139E+0	5.07128E-2	3.41744E-1
5.22450E+11	1.27617E-7	-9.25095E+0	-3.40479E-1	-5.38372E-2
5.22625E+11	1.44529E-7	-8.88949E+0	1.49269E-1	-3.26888E-1
5.22800E+11	1.41792E-7	-8.55510E+0	2.49320E-1	2.78051E-1
5.22975E+11	1.51032E-7	-8.54815E+0	-3.62743E-1	9.00790E-2
5.23150E+11	1.49615E-7	-8.67204E+0	6.12042E-2	-3.63348E-1
5.23325E+11	1.25007E-7	-8.93251E+0	3.14911E-1	1.69397E-1
5.23500E+11	1.24992E-7	-9.18806E+0	-2.34816E-1	2.55771E-1
5.23675E+11	1.09732E-7	-9.48916E+0	-2.07842E-1	-2.63218E-1
5.23850E+11	1.15130E-7	-9.07880E+0	3.00315E-1	-1.82866E-1
5.24025E+11	1.32911E-7	-7.82351E+0	1.17548E-1	3.88903E-1
5.24200E+11	1.50171E-7	-7.02669E+0	-4.45195E-1	-1.02441E-2
5.24375E+11	1.30247E-7	-7.45530E+0	1.28579E-1	-4.03900E-1
5.24550E+11	1.31945E-7	-7.95815E+0	3.26661E-1	2.30904E-1
5.24725E+11	1.04512E-7	-8.46383E+0	-2.66994E-1	2.66739E-1
5.24900E+11	9.54492E-8	-8.90515E+0	-2.44045E-1	-2.62896E-1
5.25075E+11	1.02792E-7	-9.53796E+0	2.11708E-1	-2.57692E-1
5.25250E+11	9.35570E-8	-1.04934E+1	2.05784E-1	2.16596E-1
5.25425E+11	1.13591E-7	-1.03857E+1	-2.55111E-1	1.62540E-1
5.25600E+11	1.59114E-7	-9.83160E+0	-6.85463E-2	-3.15048E-1
5.25775E+11	1.66895E-7	-9.43221E+0	3.30404E-1	6.92847E-2
5.25950E+11	1.76445E-7	-9.34299E+0	-1.88699E-1	2.84122E-1
5.26125E+11	1.74653E-7	-9.42872E+0	-2.29824E-1	-2.47466E-1
5.26300E+11	1.52208E-7	-9.62489E+0	2.82957E-1	-1.70166E-1
5.26475E+11	1.37194E-7	-9.82315E+0	8.69962E-2	3.10786E-1
5.26650E+11	1.12056E-7	-1.03052E+1	-3.04159E-1	-2.64875E-2
5.26825E+11	1.28885E-7	-1.00607E+1	1.52977E-1	-2.74243E-1
5.27000E+11	1.55679E-7	-9.35440E+0	1.76495E-1	2.91336E-1
5.27175E+11	1.60429E-7	-9.39426E+0	-3.36681E-1	4.01637E-2
5.27350E+11	1.22616E-7	-9.94814E+0	5.90808E-2	-3.12587E-1
5.27525E+11	1.14510E-7	-1.02463E+1	2.80927E-1	1.24770E-1
5.27700E+11	8.12420E-8	-1.06655E+1	-1.81901E-1	2.29575E-1
5.27875E+11	7.58566E-8	-1.10453E+1	-1.57608E-1	-2.31879E-1
5.28050E+11	7.89391E-8	-1.13896E+1	2.59817E-1	-7.15035E-2
5.28225E+11	7.91246E-8	-1.10940E+1	2.44137E-3	2.78795E-1
5.28400E+11	9.06520E-8	-1.00060E+1	-3.05128E-1	-8.22161E-2
5.28575E+11	1.05097E-7	-9.23935E+0	1.43093E-1	-3.14112E-1
5.28750E+11	1.22862E-7	-8.85348E+0	3.02895E-1	1.96130E-1
5.28925E+11	1.42280E-7	-8.72564E+0	-2.35893E-1	2.80101E-1
5.29100E+11	1.37930E-7	-9.01501E+0	-2.22132E-1	-2.75891E-1
5.29275E+11	1.28601E-7	-9.36915E+0	3.18069E-1	-1.20273E-1
5.29450E+11	1.15967E-7	-1.00704E+1	-1.51859E-2	3.13306E-1
5.29625E+11	9.96836E-8	-1.10136E+1	-2.60320E-1	-1.06858E-1
5.29800E+11	1.04232E-7	-1.07846E+1	1.62558E-1	-2.38845E-1
5.29975E+11	1.06346E-7	-1.03080E+1	2.10951E-1	2.20577E-1
5.30150E+11	8.98130E-8	-1.07177E+1	-2.41126E-1	1.63174E-1
5.30325E+11	6.91261E-8	-1.13500E+1	-1.22962E-1	-2.41169E-1
5.30500E+11	6.44620E-8	-1.19513E+1	2.43287E-1	-6.79588E-2
5.30675E+11	5.77713E-8	-1.22920E+1	-1.65955E-3	2.42879E-1
5.30850E+11	5.44697E-8	-1.24807E+1	-2.25741E-1	-7.43374E-2
5.31025E+11	5.21907E-8	-1.25304E+1	1.26418E-1	-1.99650E-1
5.31200E+11	5.66984E-8	-1.18586E+1	1.95242E-1	1.64514E-1
5.31375E+11	8.37678E-8	-1.07297E+1	-2.09290E-1	2.01819E-1
5.31550E+11	9.55453E-8	-1.01003E+1	-1.67975E-1	-2.63632E-1
5.31725E+11	1.11680E-7	-9.96899E+0	3.05743E-1	-8.50760E-2
5.31900E+11	1.10220E-7	-1.01231E+1	-2.81774E-2	3.10502E-1
5.32075E+11	1.02011E-7	-1.04522E+1	-2.72871E-1	-1.25113E-1
5.32250E+11	9.53367E-8	-1.07974E+1	1.81751E-1	-2.24039E-1
5.32425E+11	8.15266E-8	-1.16101E+1	1.94720E-1	1.76370E-1
5.32600E+11	8.16943E-8	-1.16550E+1	-1.55454E-1	2.10110E-1
5.32775E+11	1.22744E-7	-1.02698E+1	-2.42179E-1	-1.87952E-1
5.32950E+11	1.31152E-7	-9.93382E+0	2.27079E-1	-2.23541E-1
5.33125E+11	1.24216E-7	-1.01279E+1	1.65414E-1	2.64074E-1
5.33300E+11	1.14941E-7	-1.03219E+1	-2.90637E-1	9.15714E-2
5.33475E+11	1.17822E-7	-1.05887E+1	-2.17819E-2	-2.94700E-1
5.33650E+11	1.27116E-7	-1.05763E+1	2.94767E-1	2.61631E-2
5.33825E+11	1.18026E-7	-1.09207E+1	-6.35774E-2	2.77228E-1
5.34000E+11	1.04993E-7	-1.14538E+1	-2.53592E-1	-8.51054E-2
5.34175E+11	1.18040E-7	-1.11656E+1	1.01678E-1	-2.57144E-1
5.34350E+11	1.54358E-7	-1.06161E+1	2.42356E-1	1.67446E-1
5.34525E+11	1.42280E-7	-1.07536E+1	-2.32257E-1	1.73571E-1
5.34700E+11	1.01425E-7	-1.14364E+1	-8.90141E-2	-2.52814E-1
5.34875E+11	1.06720E-7	-1.21131E+1	2.46145E-1	-2.97764E-2
5.35050E+11	9.39172E-8	-1.26395E+1	2.27668E-5	2.33360E-1
5.35225E+11	8.35074E-8	-1.31237E+1	-2.20315E-1	-1.31484E-2
5.35400E+11	6.82737E-8	-1.36320E+1	7.58919E-3	-2.08022E-1
5.35575E+11	8.10262E-8	-1.31484E+1	2.19788E-1	1.13253E-2
5.35750E+11	1.22661E-7	-1.23871E+1	-6.11622E-2	2.32323E-1
5.35925E+11	1.25249E-7	-1.23947E+1	-2.04171E-1	-1.26207E-1
5.36100E+11	1.31329E-7	-1.23191E+1	1.85208E-1	-1.55961E-1
5.36275E+11	1.30158E-7	-1.24505E+1	6.89739E-2	2.28300E-1
5.36450E+11	1.18349E-7	-1.26781E+1	-2.31089E-1	-2.39305E-2
5.36625E+11	1.22973E-7	-1.29293E+1	1.05765E-1	-1.99388E-1
5.36800E+11	1.02744E-7	-1.36104E+1	1.39791E-1	1.54938E-1
5.36975E+11	8.38458E-8	-1.39108E+1	-1.73585E-1	1.02496E-1
5.37150E+11	9.45163E-8	-1.31316E+1	-7.85472E-2	-2.06043E-1
5.37325E+11	1.04378E-7	-1.24753E+1	2.36759E-1	-2.23543E-2
5.37500E+11	1.00584E-7	-1.24184E+1	-4.75990E-2	2.34595E-1
5.37675E+11	1.12137E-7	-1.24699E+1	-2.07320E-1	-1.16808E-1
5.37850E+11	1.08237E-7	-1.25784E+1	1.73029E-1	-1.59027E-1
5.38025E+11	9.38037E-8	-1.25066E+1	9.60260E-2	2.16627E-1
5.38200E+11	9.74576E-8	-1.23525E+1	-2.40315E-1	2.06310E-2
5.38375E+11	1.09138E-7	-1.22243E+1	3.45428E-2	-2.42337E-1
5.38550E+11	1.20766E-7	-1.13957E+1	2.52672E-1	9.31285E-2
5.38725E+11	1.32857E-7	-1.09883E+1	-1.75342E-1	2.21137E-1
5.38900E+11	1.32255E-7	-1.11386E+1	-1.51924E-1	-2.32069E-1
5.39075E+11	1.19579E-7	-1.14770E+1	2.62427E-1	-4.79774E-2
5.39250E+11	1.09736E-7	-1.22232E+1	-6.37822E-2	2.36362E-1
5.39425E+11	8.91783E-8	-1.28285E+1	-1.87055E-1	-1.30948E-1
5.39600E+11	8.70991E-8	-1.33711E+1	1.62009E-1	-1.40595E-1
5.39775E+11	7.13247E-8	-1.37927E+1	1.11795E-1	1.71054E-1
5.39950E+11	9.38789E-8	-1.32421E+1	-1.86686E-1	1.12023E-1
5.40125E+11	1.08048E-7	-1.21078E+1	-8.20061E-2	-2.34146E-1
5.40300E+11	1.14324E-7	-1.16160E+1	2.62468E-1	6.32828E-3
5.40475E+11	1.23201E-7	-1.17326E+1	-1.02182E-1	2.38036E-1
5.40650E+11	1.22399E-7	-1.17605E+1	-1.93823E-1	-1.70604E-1
5.40825E+11	1.34548E-7	-1.17673E+1	2.09981E-1	-1.49923E-1
5.41000E+11	1.28069E-7	-1.18660E+1	1.33892E-1	2.17132E-1
5.41175E+11	1.16074E-7	-1.20494E+1	-2.20606E-1	1.17114E-1
5.41350E+11	1.19042E-7	-1.22020E+1	-1.20046E-1	-2.14050E-1
5.41525E+11	1.38467E-7	-1.13023E+1	2.44625E-1	-1.19374E-1
5.41700E+11	1.39883E-7	-1.09394E+1	6.40128E-2	2.76500E-1
5.41875E+11	1.38381E-7	-1.11013E+1	-2.78498E-1	6.33808E-3
5.42050E+11	1.28547E-7	-1.15402E+1	3.58641E-2	-2.62405E-1
5.42225E+11	1.14974E-7	-1.18676E+1	2.45550E-1	6.89474E-2
5.42400E+11	1.00177E-7	-1.21286E+1	-9.21789E-2	2.29691E-1
5.42575E+11	9.90605E-8	-1.22634E+1	-2.07735E-1	-1.27393E-1
5.42750E+11	9.82076E-8	-1.22886E+1	1.65207E-1	-1.78172E-1
5.42925E+11	1.14656E-7	-1.14563E+1	1.36624E-1	2.29879E-1
5.43100E+11	1.74353E-7	-1.02922E+1	-3.04805E-1	2.42117E-2
5.43275E+11	1.86452E-7	-1.01394E+1	1.21823E-1	-2.86358E-1
5.43450E+11	1.62901E-7	-1.04361E+1	2.04235E-1	2.20760E-1
5.43625E+11	1.51476E-7	-1.08674E+1	-2.66038E-1	1.05446E-1
5.43800E+11	1.16581E-7	-1.15995E+1	-2.27969E-2	-2.62051E-1
5.43975E+11	1.13534E-7	-1.22721E+1	2.38811E-1	4.72474E-2
5.44150E+11	9.32369E-8	-1.27924E+1	-1.04674E-1	2.03999E-1
5.44325E+11	9.45723E-8	-1.28758E+1	-1.73721E-1	-1.46264E-1
5.44500E+11	1.07606E-7	-1.25151E+1	1.94150E-1	-1.35443E-1
5.44675E+11	1.11084E-7	-1.25358E+1	7.85102E-2	2.22729E-1
5.44850E+11	1.13201E-7	-1.26903E+1	-2.28541E-1	3.98952E-2
5.45025E+11	1.05645E-7	-1.29364E+1	-6.68355E-3	-2.25419E-1
5.45200E+11	9.91170E-8	-1.30628E+1	2.21232E-1	2.13487E-2
5.45375E+11	9.44711E-8	-1.31982E+1	-5.67296E-2	2.11341E-1
5.45550E+11	8.46825E-8	-1.32871E+1	-1.99163E-1	-8.51303E-2
5.45725E+11	8.95474E-8	-1.32355E+1	1.16294E-1	-1.84252E-1
5.45900E+11	1.00121E-7	-1.24353E+1	1.75329E-1	1.62290E-1
5.46075E+11	1.18336E-7	-1.15144E+1	-2.27951E-1	1.36373E-1
5.46250E+11	1.18881E-7	-1.14347E+1	-6.36816E-2	-2.60406E-1
5.46425E+11	1.18018E-7	-1.16578E+1	2.60775E-1	1.62927E-2
5.46600E+11	9.54573E-8	-1.21507E+1	-8.33835E-2	2.32359E-1
5.46775E+11	8.06111E-8	-1.27822E+1	-1.90226E-1	-1.28494E-1
5.46950E+11	6.22170E-8	-1.30568E+1	1.76920E-1	-1.34783E-1
5.47125E+11	5.50061E-8	-1.32506E+1	7.58125E-2	2.03865E-1
5.47300E+11	4.78432E-8	-1.30354E+1	-2.22961E-1	-8.33325E-4
5.47475E+11	4.85990E-8	-1.27587E+1	7.47863E-2	-2.17691E-1
5.47650E+11	4.59476E-8	-1.27376E+1	1.88177E-1	1.33529E-1
5.47825E+11	4.16743E-8	-1.29394E+1	-1.65704E-1	1.52855E-1
5.48000E+11	3.78732E-8	-1.31950E+1	-1.15497E-1	-1.85952E-1
5.48175E+11	3.59583E-8	-1.34582E+1	2.00355E-1	-7.04155E-2
5.48350E+11	3.34098E-8	-1.39107E+1	2.32660E-2	2.00241E-1
5.48525E+11	3.13014E-8	-1.43257E+1	-1.91968E-1	-9.07667E-3
5.48700E+11	3.03247E-8	-1.43666E+1	3.87953E-2	-1.87305E-1
5.48875E+11	3.66166E-8	-1.37311E+1	1.93105E-1	7.11642E-2
5.49050E+11	3.91519E-8	-1.33874E+1	-1.15796E-1	1.80091E-1
5.49225E+11	3.89027E-8	-1.36356E+1	-1.54275E-1	-1.39624E-1
5.49400E+11	3.23316E-8	-1.40333E+1	1.59117E-1	-1.19117E-1
5.49575E+11	3.78927E-8	-1.47069E+1	8.04689E-2	1.65396E-1
5.49750E+11	3.32640E-8	-1.53119E+1	-1.66808E-1	4.00766E-2
5.49925E+11	2.82464E-8	-1.56010E+1	-1.95757E-3	-1.65927E-1
5.50100E+11	2.51302E-8	-1.59887E+1	1.55529E-1	3.15446E-2
5.50275E+11	2.81091E-8	-1.59139E+1	-6.21590E-2	1.47507E-1
5.50450E+11	3.01406E-8	-1.58517E+1	-1.31471E-1	-9.33111E-2
5.50625E+11	3.10310E-8	-1.58533E+1	1.19559E-1	-1.08110E-1
5.50800E+11	2.99375E-8	-1.61562E+1	7.58461E-2	1.35936E-1
5.50975E+11	2.91214E-8	-1.63484E+1	-1.47557E-1	3.75445E-2
5.51150E+11	2.99150E-8	-1.65713E+1	2.12011E-3	-1.48385E-1
5.51325E+11	2.82835E-8	-1.70098E+1	1.38176E-1	2.85493E-2
5.51500E+11	2.65919E-8	-1.71759E+1	-4.75824E-2	1.29987E-1
5.51675E+11	2.77692E-8	-1.71143E+1	-1.23542E-1	-6.45884E-2
5.51850E+11	2.92948E-8	-1.69868E+1	8.59216E-2	-1.12388E-1
5.52025E+11	2.90294E-8	-1.69688E+1	8.68487E-2	1.12044E-1
5.52200E+11	2.48354E-8	-1.73105E+1	-1.24150E-1	5.62368E-2
5.52375E+11	2.51010E-8	-1.79191E+1	-2.80287E-2	-1.23940E-1
5.52550E+11	2.06748E-8	-1.85627E+1	1.17890E-1	-4.99676E-3
5.52725E+11	1.88411E-8	-1.92329E+1	-1.36600E-2	1.08376E-1
5.52900E+11	1.65625E-8	-1.98964E+1	-9.46993E-2	-3.56858E-2
5.53075E+11	1.36510E-8	-2.06976E+1	5.41101E-2	-7.47537E-2
5.53250E+11	1.16002E-8	-2.13609E+1	5.37905E-2	6.64563E-2
5.53425E+11	9.88534E-9	-2.18382E+1	-7.61847E-2	2.72944E-2
5.53600E+11	8.52812E-9	-2.25512E+1	3.60239E-3	-7.44620E-2
5.53775E+11	7.07520E-9	-2.33152E+1	6.22839E-2	2.79593E-2
5.53950E+11	5.13519E-9	-2.43173E+1	-4.51931E-2	4.07209E-2
5.54125E+11	5.18751E-9	-2.51359E+1	-1.82863E-2	-5.22542E-2
5.54300E+11	3.60192E-9	-2.59617E+1	5.02112E-2	3.60533E-3
5.54475E+11	3.03050E-9	-2.69599E+1	-1.56574E-2	4.20547E-2
5.54650E+11	2.44501E-9	-2.78402E+1	-3.24423E-2	-2.43267E-2
5.54825E+11	1.81958E-9	-2.86605E+1	3.01550E-2	-2.12596E-2
5.55000E+11	1.47669E-9	-2.97694E+1	1.03151E-2	3.07917E-2
5.55175E+11	1.09403E-9	-3.06174E+1	-2.94480E-2	-5.43397E-4
5.55350E+11	9.15396E-10	-3.14638E+1	1.05145E-2	-2.45624E-2
5.55525E+11	5.94334E-10	-3.28585E+1	1.59946E-2	1.61852E-2
5.55700E+11	5.39904E-10	-3.34485E+1	-1.94504E-2	8.58452E-3
5.55875E+11	4.33263E-10	-3.41007E+1	-3.21297E-3	-1.94591E-2
5.56050E+11	3.90208E-10	-3.45373E+1	1.84113E-2	3.57846E-3
5.56225E+11	3.29772E-10	-3.56002E+1	-9.02276E-3	1.39284E-2
5.56400E+11	2.48242E-10	-3.64598E+1	-7.96963E-3	-1.27452E-2
5.56575E+11	2.28720E-10	-3.70842E+1	1.39242E-2	-1.34577E-3
5.56750E+11	1.70101E-10	-3.78301E+1	-5.78016E-3	1.14632E-2
5.56925E+11	2.11403E-10	-3.72971E+1	-7.72384E-3	-1.12549E-2
5.57100E+11	1.84572E-10	-3.74563E+1	1.30775E-2	-2.93295E-3
5.57275E+11	1.70036E-10	-3.74802E+1	-2.79782E-3	1.30695E-2
5.57450E+11	2.02688E-10	-3.68642E+1	-1.19700E-2	-7.91100E-3
5.57625E+11	2.04280E-10	-3.70215E+1	1.25230E-2	-6.45879E-3
5.57800E+11	2.36856E-10	-3.60265E+1	-1.44855E-4	1.57999E-2
5.57975E+11	2.67787E-10	-3.53618E+1	-1.54523E-2	-7.22337E-3
5.58150E+11	3.63120E-10	-3.46806E+1	1.16111E-2	-1.43369E-2
5.58325E+11	3.92801E-10	-3.38359E+1	1.38925E-2	1.48471E-2
5.58500E+11	5.87436E-10	-3.27125E+1	-1.66070E-2	1.61150E-2
5.58675E+11	7.50718E-10	-3.18940E+1	-1.33367E-2	-2.16489E-2
5.58850E+11	8.34912E-10	-3.12818E+1	2.57474E-2	-9.02737E-3
5.59025E+11	9.84512E-10	-3.04726E+1	-1.05229E-3	2.99296E-2
5.59200E+11	1.25241E-9	-2.91894E+1	-3.19846E-2	-1.34981E-2
5.59375E+11	1.55253E-9	-2.86204E+1	2.06649E-2	-3.07715E-2
5.59550E+11	2.18360E-9	-2.77473E+1	3.15940E-2	2.61087E-2
5.59725E+11	2.59623E-9	-2.68335E+1	-2.97912E-2	3.44344E-2
5.59900E+11	3.42862E-9	-2.59689E+1	-3.35532E-2	-3.74718E-2
5.60075E+11	4.70604E-9	-2.50186E+1	5.02063E-2	-2.50614E-2
5.60250E+11	5.95239E-9	-2.41140E+1	5.64033E-3	6.20171E-2
5.60425E+11	7.21733E-9	-2.34014E+1	-6.55136E-2	-1.66532E-2
5.60600E+11	8.32366E-9	-2.27702E+1	3.38266E-2	-6.43428E-2
5.60775E+11	9.41950E-9	-2.18799E+1	6.86655E-2	4.20892E-2
5.60950E+11	1.08122E-8	-2.12651E+1	-4.55797E-2	7.34537E-2
5.61125E+11	1.22470E-8	-2.05952E+1	-7.56981E-2	-5.46724E-2
5.61300E+11	1.30560E-8	-1.97124E+1	7.73160E-2	-6.86061E-2
5.61475E+11	1.74713E-8	-1.88408E+1	3.63019E-2	1.08358E-1
5.61650E+11	2.03373E-8	-1.81444E+1	-1.23539E-1	-8.29410E-3
5.61825E+11	2.30409E-8	-1.77240E+1	3.61564E-2	-1.24827E-1
5.62000E+11	2.68004E-8	-1.71873E+1	1.29397E-1	4.86491E-2
5.62175E+11	2.93455E-8	-1.69243E+1	-5.25349E-2	1.32452E-1
5.62350E+11	2.69007E-8	-1.66911E+1	-1.34049E-1	-5.87729E-2
5.62525E+11	2.90183E-8	-1.63897E+1	8.48201E-2	-1.25573E-1
5.62700E+11	3.04173E-8	-1.60821E+1	1.00647E-1	1.20494E-1
5.62875E+11	3.74520E-8	-1.55865E+1	-1.53130E-1	6.46464E-2
5.63050E+11	3.98600E-8	-1.51309E+1	-2.42519E-2	-1.73481E-1
5.63225E+11	4.02646E-8	-1.49969E+1	1.77826E-1	4.81427E-3
5.63400E+11	3.85355E-8	-1.50733E+1	-1.50480E-2	1.75690E-1
5.63575E+11	4.84211E-8	-1.51621E+1	-1.66369E-1	-5.27755E-2
5.63750E+11	4.76831E-8	-1.51411E+1	1.08455E-1	-1.37293E-1
5.63925E+11	3.84668E-8	-1.53806E+1	7.83572E-2	1.51094E-1
5.64100E+11	4.73923E-8	-1.52241E+1	-1.72709E-1	1.42954E-2
5.64275E+11	5.45623E-8	-1.47370E+1	3.28334E-2	-1.80330E-1
5.64450E+11	6.06790E-8	-1.42643E+1	1.83176E-1	6.25023E-2
5.64625E+11	6.34329E-8	-1.40442E+1	-7.71310E-2	1.82916E-1
5.64800E+11	6.72272E-8	-1.39345E+1	-1.70986E-1	-1.05733E-1
5.64975E+11	6.80388E-8	-1.37798E+1	1.54307E-1	-1.34426E-1
5.65150E+11	6.29302E-8	-1.38424E+1	5.28525E-2	1.96185E-1
5.65325E+11	6.38291E-8	-1.38265E+1	-1.98746E-1	-4.39666E-2
5.65500E+11	5.95056E-8	-1.39277E+1	1.10134E-1	-1.68372E-1
5.65675E+11	6.55407E-8	-1.34786E+1	1.49007E-1	1.50618E-1
5.65850E+11	6.93394E-8	-1.28656E+1	-1.86384E-1	1.30210E-1
5.66025E+11	7.23914E-8	-1.21681E+1	-8.15321E-2	-2.32491E-1
5.66200E+11	7.73609E-8	-1.19389E+1	2.52394E-1	1.69544E-2
5.66375E+11	7.25853E-8	-1.19373E+1	-1.26648E-1	2.19029E-1
5.66550E+11	7.25509E-8	-1.18664E+1	-1.47169E-1	-2.08346E-1
5.66725E+11	7.05298E-8	-1.19022E+1	2.43266E-1	-7.31739E-2
5.66900E+11	6.33627E-8	-1.19555E+1	2.07997E-2	2.51620E-1
5.67075E+11	6.53794E-8	-1.17644E+1	-2.57518E-1	-1.72732E-2
5.67250E+11	7.13931E-8	-1.11836E+1	8.09621E-2	-2.63800E-1
5.67425E+11	8.50550E-8	-1.06145E+1	2.24723E-1	1.90543E-1
5.67600E+11	8.57676E-8	-1.04989E+1	-2.78165E-1	1.08498E-1
5.67775E+11	9.02969E-8	-1.05929E+1	1.64628E-2	-2.94902E-1
5.67950E+11	9.02876E-8	-1.10425E+1	2.67127E-1	8.54601E-2
5.68125E+11	7.71108E-8	-1.15562E+1	-9.23564E-2	2.47700E-1
5.68300E+11	6.94537E-8	-1.21175E+1	-2.32101E-1	-8.68412E-2
5.68475E+11	7.14566E-8	-1.23587E+1	6.95313E-2	-2.30780E-1
5.68650E+11	7.42442E-8	-1.20891E+1	2.35618E-1	7.93598E-2
5.68825E+11	9.14777E-8	-1.12164E+1	-1.59382E-1	2.23984E-1
5.69000E+11	9.82263E-8	-1.11165E+1	-1.36085E-1	-2.42508E-1
5.69175E+11	1.01631E-7	-1.13518E+1	2.61406E-1	-7.01319E-2
5.69350E+11	9.76939E-8	-1.15843E+1	5.43620E-2	2.57836E-1
5.69525E+11	9.82462E-8	-1.18330E+1	-2.52145E-1	4.46314E-2
5.69700E+11	8.45038E-8	-1.18791E+1	9.00130E-4	-2.54708E-1
5.69875E+11	7.81858E-8	-1.23516E+1	2.27462E-1	8.03139E-2
5.70050E+11	9.46739E-8	-1.19947E+1	-1.88106E-1	1.66702E-1
5.70225E+11	1.24248E-7	-1.10461E+1	-3.16563E-2	-2.78552E-1
5.70400E+11	1.39249E-7	-1.07346E+1	2.57646E-1	1.34379E-1
5.70575E+11	1.33875E-7	-1.06010E+1	-2.33529E-1	1.80391E-1
5.70750E+11	1.39156E-7	-1.08503E+1	-9.64472E-2	-2.70030E-1
5.70925E+11	1.31376E-7	-1.11018E+1	2.78536E-1	-3.24233E-3
5.71100E+11	1.30384E-7	-1.11553E+1	-1.29763E-1	2.44550E-1
5.71275E+11	1.21612E-7	-1.12613E+1	-1.18606E-1	-2.46429E-1
5.71450E+11	1.16373E-7	-1.11517E+1	2.75699E-1	2.63907E-2
5.71625E+11	1.25876E-7	-1.04206E+1	-1.57232E-1	2.56996E-1
5.71800E+11	1.45804E-7	-9.72163E+0	-1.93664E-1	-2.62895E-1
5.71975E+11	1.40303E-7	-9.58824E+0	3.19246E-1	-8.95922E-2
5.72150E+11	1.39865E-7	-9.70551E+0	-1.97668E-2	3.26536E-1
5.72325E+11	1.19495E-7	-9.89637E+0	-2.98054E-1	-1.16528E-1
5.72500E+11	9.27137E-8	-1.01592E+1	1.98439E-1	-2.38792E-1
5.72675E+11	9.16358E-8	-1.05059E+1	1.71137E-1	2.44370E-1
5.72850E+11	7.83529E-8	-1.09550E+1	-2.37270E-1	1.54802E-1
5.73025E+11	9.22150E-8	-1.04206E+1	-1.56911E-1	-2.57195E-1
5.73200E+11	9.69212E-8	-1.01651E+1	2.87987E-1	-1.15467E-1
5.73375E+11	1.01911E-7	-1.01949E+1	2.87566E-2	3.07872E-1
5.73550E+11	1.03706E-7	-1.02509E+1	-2.91690E-1	-9.64498E-2
5.73725E+11	1.04477E-7	-1.04630E+1	2.05927E-1	-2.17905E-1
5.73900E+11	9.63575E-8	-1.08520E+1	1.46961E-1	2.46150E-1
5.74075E+11	9.76400E-8	-1.10746E+1	-2.51715E-1	1.21326E-1
5.74250E+11	8.93096E-8	-1.15633E+1	-1.23415E-1	-2.33536E-1
5.74425E+11	8.54422E-8	-1.18982E+1	2.14607E-1	-1.36147E-1
5.74600E+11	1.11301E-7	-1.08251E+1	9.53466E-2	2.71304E-1
5.74775E+11	1.44167E-7	-1.00164E+1	-3.04918E-1	-8.15421E-2
5.74950E+11	1.56511E-7	-1.00777E+1	2.56487E-1	-1.80116E-1
5.75125E+11	1.29318E-7	-1.02749E+1	2.31096E-2	3.05504E-1
5.75300E+11	1.20668E-7	-1.07008E+1	-2.82178E-1	-7.39845E-2
5.75475E+11	1.13056E-7	-1.08462E+1	1.09854E-1	-2.65008E-1
5.75650E+11	1.04313E-7	-1.11630E+1	2.49549E-1	1.19298E-1
5.75825E+11	9.35096E-8	-1.12791E+1	-1.33800E-1	2.37880E-1
5.76000E+11	9.97997E-8	-1.06804E+1	-2.03584E-1	-2.09885E-1
5.76175E+11	1.58070E-8	-9.88927E+0	2.95595E-1	-1.23312E-1
5.76350E+11	4.47712E-9	-9.28741E+0	-1.85053E-1	-2.89113E-1
5.76525E+11	8.43955E-9	-9.11786E+0	3.38969E-1	-8.73030E-2
5.76700E+11	7.79251E-9	-9.38889E+0	4.81228E-2	3.35848E-1
5.76875E+11	9.34904E-9	-9.66721E+0	-3.28216E-1	1.54260E-2
5.77050E+11	6.03303E-9	-9.87582E+0	1.53491E-2	-3.20414E-1
5.77225E+11	4.91772E-9	-1.05805E+1	2.79672E-1	9.62905E-2
5.77400E+11	7.84026E-9	-9.70703E+0	-2.18469E-1	2.43413E-1
5.77575E+11	1.03459E-8	-8.60464E+0	-1.62120E-1	-3.34078E-1
5.77750E+11	1.38428E-8	-8.92564E+0	3.46881E-1	-8.79794E-2
5.77925E+11	8.59261E-9	-9.51225E+0	1.13820E-1	3.14533E-1
5.78100E+11	6.71449E-9	-1.02273E+1	-2.73176E-1	1.42394E-1
5.78275E+11	8.29982E-9	-1.05891E+1	-1.21433E-1	-2.69387E-1
5.78450E+11	8.66745E-9	-1.07598E+1	2.88796E-1	-2.33849E-2
5.78625E+11	7.27734E-9	-1.12315E+1	-1.01159E-1	2.55101E-1
5.78800E+11	5.96674E-9	-1.13807E+1	-2.09681E-1	-1.69704E-1
5.78975E+11	1.06334E-8	-1.07787E+1	2.16292E-1	-1.91843E-1
5.79150E+11	9.05605E-9	-9.70299E+0	2.10679E-1	2.50384E-1
5.79325E+11	1.18772E-8	-9.43483E+0	-2.73033E-1	1.98372E-1
5.79500E+11	1.35267E-8	-9.76239E+0	-1.52127E-1	-2.87195E-1
5.79675E+11	7.41386E-9	-1.01117E+1	3.10126E-1	-3.58130E-2
5.79850E+11	6.55265E-9	-1.04342E+1	-9.15631E-2	2.86534E-1
5.80025E+11	1.20210E-8	-1.06761E+1	-2.24812E-1	-1.87200E-1
5.80200E+11	9.05252E-9	-1.08887E+1	2.08837E-1	-1.94633E-1
5.80375E+11	1.08150E-8	-1.00033E+1	2.20108E-1	2.26884E-1
5.80550E+11	1.82096E-8	-9.67711E+0	-2.71909E-1	1.83804E-1
5.80725E+11	1.19598E-8	-9.98067E+0	-9.65854E-2	-3.01857E-1
5.80900E+11	1.24371E-8	-1.01269E+1	3.07531E-1	5.04561E-2
5.81075E+11	1.23157E-8	-1.02405E+1	-2.00519E-1	2.33247E-1
5.81250E+11	9.59173E-9	-1.04795E+1	-1.09974E-1	-2.78302E-1
5.81425E+11	8.67907E-9	-1.04121E+1	2.98159E-1	-4.52712E-2
5.81600E+11	9.07866E-9	-1.06921E+1	1.56252E-2	2.91590E-1
5.81775E+11	7.43520E-9	-1.04144E+1	-2.97643E-1	4.80356E-2
5.81950E+11	1.06341E-8	-8.60542E+0	2.59383E-2	-3.70396E-1
5.82125E+11	1.14587E-8	-8.09295E+0	3.32690E-1	2.10833E-1
5.82300E+11	1.03661E-8	-8.42218E+0	-3.43573E-1	1.60515E-1
5.82475E+11	1.06508E-8	-8.82279E+0	2.43894E-2	-3.61304E-1
5.82650E+11	6.78573E-9	-9.42321E+0	3.06394E-1	1.42569E-1
5.82825E+11	8.29408E-9	-9.70063E+0	-2.03260E-1	2.56558E-1
5.83000E+11	6.54980E-9	-1.02562E+1	-1.95690E-1	-2.36594E-1
5.83175E+11	5.50840E-9	-1.05574E+1	2.63034E-1	-1.36995E-1
5.83350E+11	7.35641E-9	-1.01193E+1	5.29222E-2	3.07393E-1
5.83525E+11	6.99206E-9	-1.02911E+1	-3.02954E-1	-4.16690E-2
5.83700E+11	5.43539E-9	-1.05249E+1	1.03761E-1	-2.79014E-1
5.83875E+11	4.56545E-9	-1.04743E+1	2.63081E-1	1.42978E-1
5.84050E+11	8.31396E-9	-1.06264E+1	-1.79084E-1	2.33446E-1
5.84225E+11	5.40094E-9	-1.09271E+1	-1.87793E-1	-2.13332E-1
5.84400E+11	6.46052E-9	-1.09469E+1	2.66965E-1	-9.56021E-2
5.84575E+11	1.02295E-8	-1.11758E+1	-9.09481E-3	2.76041E-1
5.84750E+11	1.08787E-8	-1.00151E+1	-2.98043E-1	-1.04039E-1
5.84925E+11	9.38932E-9	-9.17862E+0	2.14276E-1	-2.73689E-1
5.85100E+11	9.48273E-9	-9.32947E+0	2.36608E-1	2.46398E-1
5.85275E+11	6.24903E-9	-9.82982E+0	-2.53926E-1	1.98791E-1
5.85450E+11	1.24759E-8	-1.01687E+1	-1.21482E-1	-2.85364E-1
5.85625E+11	9.68824E-9	-1.03527E+1	3.03620E-1	-3.90952E-3
5.85800E+11	5.68685E-9	-1.05514E+1	-1.23792E-1	2.69725E-1
5.85975E+11	9.64134E-9	-1.08870E+1	-2.00178E-1	-2.03605E-1
5.86150E+11	9.63166E-9	-1.07322E+1	2.26690E-1	-1.81927E-1
5.86325E+11	7.77447E-9	-9.96551E+0	2.01752E-1	2.45140E-1
5.86500E+11	8.97349E-9	-9.51619E+0	-2.59014E-1	2.11414E-1
5.86675E+11	9.43040E-9	-9.07426E+0	-1.71750E-1	-3.07018E-1
5.86850E+11	1.16088E-8	-9.04582E+0	3.51864E-1	-2.76206E-2
5.87025E+11	8.95078E-9	-9.60902E+0	-1.26436E-1	3.05670E-1
5.87200E+11	6.54926E-9	-9.79278E+0	-2.54415E-1	-2.00400E-1
5.87375E+11	9.54168E-9	-1.00525E+1	2.10191E-1	-2.33705E-1
5.87550E+11	6.06591E-9	-1.02577E+1	2.52460E-1	1.74653E-1
5.87725E+11	9.33301E-9	-9.51537E+0	-1.78382E-1	2.82817E-1
5.87900E+11	5.79296E-9	-9.42444E+0	-2.38381E-1	-2.39469E-1
5.88075E+11	8.64196E-9	-9.45589E+0	3.21976E-1	-9.83796E-2
5.88250E+11	8.54465E-9	-9.84448E+0	-1.09121E-1	3.02883E-1
5.88425E+11	7.01979E-9	-1.02915E+1	-1.85428E-1	-2.43154E-1
5.88600E+11	7.50678E-9	-1.06516E+1	2.73172E-1	-1.06984E-1
5.88775E+11	7.50747E-9	-1.09712E+1	9.76824E-2	2.65365E-1
5.88950E+11	5.88147E-9	-1.11860E+1	-2.50111E-1	1.16393E-1
5.89125E+11	5.53875E-9	-1.01886E+1	-9.32840E-2	-2.95041E-1
5.89300E+11	1.38895E-8	-9.41062E+0	3.31740E-1	6.69604E-2
5.89475E+11	1.22288E-8	-9.10184E+0	-2.72087E-1	2.21232E-1
5.89650E+11	1.14156E-8	-9.55882E+0	-1.30388E-2	-3.32449E-1
5.89825E+11	1.56558E-8	-1.01722E+1	2.94677E-1	9.63269E-2
5.90000E+11	1.00309E-8	-1.06684E+1	-1.26910E-1	2.63874E-1
5.90175E+11	1.09580E-8	-1.11856E+1	-2.35128E-1	-1.44307E-1
5.90350E+11	7.53785E-9	-1.18662E+1	1.72142E-1	-1.88246E-1
5.90525E+11	5.61681E-9	-1.18713E+1	1.33563E-1	2.17151E-1
5.90700E+11	9.20828E-9	-1.05208E+1	-2.96379E-1	2.93221E-2
5.90875E+11	8.54543E-9	-1.04222E+1	6.35130E-2	-2.94453E-1
5.91050E+11	9.11066E-9	-1.07525E+1	2.85414E-1	5.12795E-2
5.91225E+11	8.34407E-9	-1.07954E+1	3.37832E-2	2.86570E-1
5.91400E+11	5.60260E-9	-1.04178E+1	-2.79742E-1	1.12125E-1
5.91575E+11	9.00120E-9	-1.06007E+1	-9.21031E-2	-2.80356E-1
5.91750E+11	8.45065E-9	-1.05052E+1	2.95106E-1	4.39478E-2
5.91925E+11	9.12984E-9	-1.01682E+1	-2.55512E-1	1.75824E-1
5.92100E+11	7.49519E-9	-9.26197E+0	8.45118E-2	-3.33738E-1
5.92275E+11	9.30645E-9	-8.57298E+0	2.43156E-1	2.82445E-1
5.92450E+11	6.33251E-9	-9.16426E+0	-3.09072E-1	1.60295E-1
5.92625E+11	6.55231E-9	-9.63928E+0	-1.30121E-1	-3.02868E-1
5.92800E+11	4.02817E-9	-1.01977E+1	2.88146E-1	-1.11900E-1
5.92975E+11	3.57822E-9	-1.10190E+1	2.60994E-2	2.80010E-1
5.93150E+11	5.64513E-9	-1.19733E+1	-2.36690E-1	-8.63879E-2
5.93325E+11	3.60274E-9	-1.23571E+1	1.71638E-1	-1.69279E-1
5.93500E+11	4.86492E-9	-1.08944E+1	9.17685E-2	2.70122E-1
5.93675E+11	7.27848E-9	-1.02629E+1	-3.05255E-1	-3.07545E-2
5.93850E+11	5.46786E-9	-1.05800E+1	9.62336E-2	-2.79710E-1
5.94025E+11	4.15968E-9	-1.06604E+1	2.46377E-1	1.58718E-1
5.94200E+11	5.80502E-9	-1.06994E+1	-2.36770E-1	1.70485E-1
5.94375E+11	5.89447E-9	-1.07853E+1	-3.69539E-2	-2.86517E-1
5.94550E+11	6.80640E-9	-1.10787E+1	2.75456E-1	4.61480E-2
5.94725E+11	5.50691E-9	-1.12009E+1	-6.08438E-2	2.68590E-1
5.94900E+11	7.90289E-9	-1.11762E+1	-2.69830E-1	-5.88727E-2
5.95075E+11	9.99935E-9	-1.06370E+1	6.17504E-2	-2.87306E-1
5.95250E+11	1.07814E-8	-1.03730E+1	2.70375E-1	1.36625E-1
5.95425E+11	9.13567E-9	-1.08640E+1	-2.07211E-1	1.97541E-1
5.95600E+11	6.11791E-9	-1.15929E+1	-7.87552E-2	-2.51185E-1
5.95775E+11	4.52733E-9	-1.21975E+1	2.42530E-1	3.83452E-2
5.95950E+11	7.44861E-9	-1.25591E+1	-1.04860E-1	2.10900E-1
5.96125E+11	5.66429E-9	-1.27642E+1	-1.97878E-1	-1.17303E-1
5.96300E+11	6.32828E-9	-1.24080E+1	1.29637E-1	-2.01575E-1
5.96475E+11	6.79737E-9	-1.07861E+1	2.06479E-1	2.02016E-1
5.96650E+11	5.34477E-9	-1.04713E+1	-2.72238E-1	1.24907E-1
5.96825E+11	6.62151E-9	-1.07282E+1	-3.57340E-2	-2.88592E-1
5.97000E+11	6.79917E-9	-1.04789E+1	2.95225E-1	4.90137E-2
5.97175E+11	5.98486E-9	-1.04772E+1	-1.07979E-1	2.79169E-1
5.97350E+11	4.60276E-9	-1.08655E+1	-2.36490E-1	-1.61259E-1
5.97525E+11	5.28560E-9	-1.13054E+1	1.89119E-1	-1.95633E-1
5.97700E+11	4.13894E-9	-1.18519E+1	1.40663E-1	2.13305E-1
5.97875E+11	6.18157E-9	-1.09270E+1	-2.69374E-1	9.06482E-2
5.98050E+11	8.55411E-9	-9.87376E+0	2.75854E-2	-3.19669E-1
5.98225E+11	9.12468E-9	-9.82561E+0	2.91188E-1	1.38949E-1
5.98400E+11	7.81063E-9	-1.04501E+1	-1.98414E-1	2.25361E-1
5.98575E+11	8.30222E-9	-1.07942E+1	-1.61267E-1	-2.39333E-1
5.98750E+11	8.95726E-9	-1.12274E+1	2.69638E-1	-5.17362E-2
5.98925E+11	8.09037E-9	-1.15669E+1	-8.72467E-2	2.49198E-1
5.99100E+11	9.73484E-9	-1.17174E+1	-1.69232E-1	-1.96720E-1
5.99275E+11	9.20271E-9	-1.06892E+1	2.83619E-1	-6.98982E-2
5.99450E+11	1.43799E-8	-1.00719E+1	-4.79309E-2	3.09936E-1
5.99625E+11	9.43134E-9	-1.05176E+1	-2.69631E-1	-1.26738E-1
5.99800E+11	8.72706E-9	-1.08055E+1	1.80153E-1	-2.24981E-1
5.99975E+11	6.20065E-9	-1.11683E+1	1.49672E-1	2.32406E-1
6.00150E+11	7.20424E-9	-1.18866E+1	-2.51292E-1	4.02208E-2
6.00325E+11	5.74747E-9	-1.25808E+1	6.19671E-2	-2.26622E-1
6.00500E+11	5.11551E-9	-1.31123E+1	1.88787E-1	1.14889E-1
6.00675E+11	6.79315E-9	-1.27985E+1	-1.15693E-1	1.97774E-1
6.00850E+11	5.91346E-9	-1.12972E+1	-2.46033E-1	-1.16817E-1
6.01025E+11	9.46317E-9	-1.04992E+1	1.82022E-1	-2.36664E-1
6.01200E+11	7.58529E-9	-1.06646E+1	1.44616E-1	2.54747E-1
6.01375E+11	5.98463E-9	-1.09028E+1	-2.85005E-1	-1.83852E-3
6.01550E+11	6.61695E-9	-1.11204E+1	1.49236E-1	-2.34498E-1
6.01725E+11	7.16896E-9	-1.13725E+1	1.49936E-1	2.24549E-1
6.01900E+11	4.55312E-9	-1.19800E+1	-2.30765E-1	1.00672E-1
6.02075E+11	3.48721E-9	-1.17698E+1	-1.27041E-1	-2.24479E-1
6.02250E+11	5.99391E-9	-1.14006E+1	2.22777E-1	-1.51012E-1
6.02425E+11	3.70793E-9	-1.11181E+1	1.32717E-1	2.44312E-1
6.02600E+11	5.02628E-9	-1.11811E+1	-2.75956E-1	6.04769E-3
6.02775E+11	5.57493E-9	-1.18261E+1	1.58820E-1	-2.01121E-1
6.02950E+11	3.69556E-9	-1.21910E+1	4.06862E-2	2.42333E-1
6.03125E+11	4.23435E-9	-1.24401E+1	-2.17270E-1	-9.90378E-2
6.03300E+11	3.15600E-9	-1.25028E+1	1.69584E-1	-1.65647E-1
6.03475E+11	4.54160E-9	-1.23334E+1	1.38607E-1	1.98043E-1
6.03650E+11	4.33599E-9	-1.10671E+1	-2.22330E-1	1.69660E-1
6.03825E+11	5.53291E-9	-9.58132E+0	-1.48442E-1	-2.96792E-1
6.04000E+11	8.19858E-9	-9.33846E+0	3.35624E-1	-6.17274E-2
6.04175E+11	9.71462E-9	-9.73546E+0	2.43237E-2	3.25099E-1
6.04350E+11	8.38590E-9	-1.02558E+1	-3.01995E-1	-5.54958E-2
6.04525E+11	5.60986E-9	-1.12768E+1	1.07215E-1	-2.51065E-1
6.04700E+11	5.05881E-9	-1.19998E+1	2.01689E-1	1.49734E-1
6.04875E+11	3.79505E-9	-1.27777E+1	-1.57280E-1	1.67374E-1
6.05050E+11	6.55429E-9	-1.28508E+1	-1.50465E-1	-1.70970E-1
6.05225E+11	5.66343E-9	-1.20373E+1	2.19614E-1	-1.19692E-1
6.05400E+11	5.25856E-9	-1.21197E+1	4.82631E-2	2.43003E-1
6.05575E+11	4.58441E-9	-1.24804E+1	-2.37482E-1	9.53540E-3
6.05750E+11	5.17249E-9	-1.25162E+1	1.81292E-2	-2.35999E-1
6.05925E+11	3.46289E-9	-1.24238E+1	2.36012E-1	3.90891E-2
6.06100E+11	4.64898E-9	-1.23206E+1	-5.95085E-2	2.34659E-1
6.06275E+11	4.38851E-9	-1.23881E+1	-2.24286E-1	-8.60077E-2
6.06450E+11	4.62960E-9	-1.23241E+1	9.38609E-2	-2.23045E-1
6.06625E+11	5.55735E-9	-1.07729E+1	2.49348E-1	1.46709E-1
6.06800E+11	7.12663E-9	-1.00126E+1	-2.61919E-1	1.76377E-1
6.06975E+11	7.18467E-9	-1.07363E+1	-7.57505E-2	-2.80478E-1
6.07150E+11	5.30312E-9	-1.11767E+1	2.76149E-1	-2.79281E-3
6.07325E+11	5.13997E-9	-1.17830E+1	-3.72159E-2	2.54841E-1
6.07500E+11	4.90024E-9	-1.21171E+1	-2.38438E-1	-6.75643E-2
6.07675E+11	3.28069E-9	-1.25538E+1	8.50067E-2	-2.19808E-1
6.07850E+11	3.77824E-9	-1.25166E+1	2.20743E-1	8.53918E-2
6.08025E+11	5.03293E-9	-1.18470E+1	-8.96305E-2	2.39426E-1
6.08200E+11	5.34485E-9	-1.16699E+1	-2.47712E-1	-8.19568E-2
6.08375E+11	7.08243E-9	-1.13043E+1	6.93826E-2	-2.63143E-1
6.08550E+11	7.10393E-9	-1.07918E+1	2.70489E-1	1.00840E-1
6.08725E+11	8.59018E-9	-1.06107E+1	-1.59338E-1	2.47981E-1
6.08900E+11	9.40057E-9	-1.08477E+1	-1.96620E-1	-2.08826E-1
6.09075E+11	7.96757E-9	-1.12067E+1	2.39428E-1	-1.35701E-1
6.09250E+11	4.73054E-9	-1.14285E+1	1.04261E-1	2.47183E-1
6.09425E+11	1.08704E-8	-1.07986E+1	-2.68089E-1	1.06447E-1
6.09600E+11	8.60712E-9	-9.85837E+0	-6.89636E-2	-3.13941E-1
6.09775E+11	9.06566E-9	-9.92369E+0	3.18853E-1	1.02713E-2
6.09950E+11	8.81121E-9	-1.04442E+1	-9.10385E-2	2.86339E-1
6.10125E+11	7.12848E-9	-1.06960E+1	-2.28783E-1	-1.81247E-1
6.10300E+11	7.31054E-9	-1.11082E+1	2.46222E-1	-1.29818E-1
6.10475E+11	4.33471E-9	-1.15469E+1	2.58683E-2	2.63371E-1
6.10650E+11	6.14327E-9	-1.16887E+1	-2.56761E-1	-4.31075E-2
6.10825E+11	4.57285E-9	-1.20764E+1	8.30935E-2	-2.34714E-1
6.11000E+11	4.91150E-9	-1.19577E+1	2.23599E-1	1.17120E-1
6.11175E+11	6.02632E-9	-1.13031E+1	-1.88710E-1	1.96129E-1
6.11350E+11	6.35057E-9	-1.07951E+1	-9.35557E-2	-2.72980E-1
6.11525E+11	5.73513E-9	-1.11148E+1	2.74520E-1	4.47096E-2
6.11700E+11	4.99760E-9	-1.12928E+1	-1.40040E-1	2.33759E-1
6.11875E+11	5.11231E-9	-1.17286E+1	-1.91139E-1	-1.75016E-1
6.12050E+11	5.03790E-9	-1.21430E+1	1.77275E-1	-1.72120E-1
6.12225E+11	4.26801E-9	-1.17804E+1	1.45204E-1	2.12801E-1
6.12400E+11	4.30041E-9	-1.06894E+1	-2.75622E-1	9.67131E-2
6.12575E+11	4.94936E-9	-1.04936E+1	2.53433E-2	-2.97681E-1
6.12750E+11	5.78101E-9	-1.02587E+1	2.72462E-1	1.41360E-1
6.12925E+11	4.70608E-9	-1.02091E+1	-1.86924E-1	2.45680E-1
6.13100E+11	6.00761E-9	-1.03517E+1	-2.08674E-1	-2.20627E-1
6.13275E+11	4.62123E-9	-1.04541E+1	2.48519E-1	-1.68256E-1
6.13450E+11	6.47253E-9	-1.05591E+1	1.06309E-1	2.76802E-1
6.13625E+11	5.56034E-9	-1.09996E+1	-2.81570E-1	1.25552E-2
6.13800E+11	3.65810E-9	-1.10281E+1	9.80083E-2	-2.63277E-1
6.13975E+11	9.41820E-9	-9.65659E+0	1.74085E-1	2.79146E-1
6.14150E+11	6.36388E-9	-9.29088E+0	-3.34325E-1	-7.72256E-2
6.14325E+11	7.76937E-9	-9.65494E+0	2.00047E-1	-2.61249E-1
6.14500E+11	5.81851E-9	-1.01503E+1	2.08108E-1	2.30847E-1
6.14675E+11	4.97195E-9	-1.08808E+1	-2.10767E-1	1.92924E-1
6.14850E+11	5.14986E-9	-1.11787E+1	-1.76062E-1	-2.12680E-1
6.15025E+11	4.56141E-9	-1.12014E+1	2.35957E-1	-1.41979E-1
6.15200E+11	5.15639E-9	-1.09089E+1	9.55168E-2	2.68316E-1
6.15375E+11	5.21732E-9	-1.03498E+1	-3.00508E-1	4.42224E-2
6.15550E+11	3.58197E-9	-1.01181E+1	-3.38222E-2	-3.10117E-1
6.15725E+11	3.24371E-9	-1.03969E+1	2.97351E-1	-5.33665E-2
6.15900E+11	5.70175E-9	-1.04541E+1	3.78078E-2	2.97730E-1
6.16075E+11	6.23708E-9	-1.07370E+1	-2.85600E-1	-5.31524E-2
6.16250E+11	3.49063E-9	-1.13984E+1	1.83966E-1	-1.96537E-1
6.16425E+11	3.29279E-9	-1.19908E+1	4.30765E-2	2.47739E-1
6.16600E+11	4.06315E-9	-1.20844E+1	-2.32487E-1	-8.84929E-2
6.16775E+11	4.37879E-9	-1.07917E+1	2.01561E-1	-2.06660E-1
6.16950E+11	6.13161E-9	-1.03884E+1	1.18485E-1	2.78218E-1
6.17125E+11	4.52845E-9	-1.08618E+1	-2.84246E-1	3.47041E-2
6.17300E+11	5.63373E-9	-1.11844E+1	7.10672E-2	-2.66608E-1
6.17475E+11	5.63372E-9	-1.12433E+1	2.01088E-1	1.86197E-1
6.17650E+11	7.31278E-9	-1.15792E+1	-2.51738E-1	7.83733E-2
6.17825E+11	4.04401E-9	-1.10373E+1	2.48184E-2	-2.79530E-1
6.18000E+11	9.92166E-9	-1.07200E+1	2.67228E-1	1.15375E-1
6.18175E+11	9.65363E-9	-1.01813E+1	-1.95291E-1	2.40358E-1
6.18350E+11	8.30147E-9	-9.67844E+0	-1.88763E-1	-2.68428E-1
6.18525E+11	7.54262E-9	-9.74664E+0	3.17313E-1	-7.29376E-2
6.18700E+11	8.85614E-9	-9.28246E+0	-3.48933E-2	3.41684E-1
6.18875E+11	1.14325E-8	-9.06742E+0	-3.11035E-1	-1.64956E-1
6.19050E+11	8.75827E-9	-9.17315E+0	2.33000E-1	-2.58230E-1
6.19225E+11	5.93439E-9	-9.56690E+0	2.30756E-1	2.39246E-1
6.19400E+11	6.70761E-9	-9.83028E+0	-2.31480E-1	2.24505E-1
6.19575E+11	8.22639E-9	-9.22957E+0	-2.27201E-1	-2.60365E-1
6.19750E+11	5.42462E-9	-8.75285E+0	3.49028E-1	-1.06977E-1
6.19925E+11	6.94891E-9	-8.95842E+0	-1.05894E-1	3.40426E-1
6.20100E+11	4.77382E-9	-9.28283E+0	-2.42873E-1	-2.42833E-1
6.20275E+11	6.75133E-9	-9.55217E+0	3.09269E-1	-1.23347E-1
6.20450E+11	5.27480E-9	-1.00724E+1	-4.26436E-2	3.10690E-1
6.20625E+11	4.10607E-9	-1.05026E+1	-2.49163E-1	-1.64287E-1
6.20800E+11	2.85061E-9	-1.11329E+1	2.43719E-1	-1.32814E-1
6.20975E+11	3.90320E-9	-1.14917E+1	1.05029E-2	2.66120E-1
6.21150E+11	2.84573E-9	-1.14843E+1	-2.32067E-1	-1.31131E-1
6.21325E+11	3.35822E-9	-1.07194E+1	2.46058E-1	-1.55534E-1
6.21500E+11	5.61129E-9	-9.96239E+0	1.18507E-2	3.17379E-1
6.21675E+11	5.12883E-9	-1.01670E+1	-2.85319E-1	-1.21743E-1
6.21850E+11	8.23344E-9	-1.04938E+1	2.14396E-1	-2.08053E-1
6.22025E+11	5.03208E-9	-1.05044E+1	1.18616E-1	2.73796E-1
6.22200E+11	4.96293E-9	-1.07825E+1	-2.88801E-1	1.02576E-2
6.22375E+11	5.84234E-9	-1.03372E+1	9.07828E-2	-2.90324E-1
6.22550E+11	4.67597E-9	-9.90204E+0	2.62580E-1	1.82574E-1
6.22725E+11	6.04586E-9	-9.64785E+0	-2.39896E-1	2.25602E-1
6.22900E+11	5.28529E-9	-1.00616E+1	-1.89930E-1	-2.50036E-1
6.23075E+11	6.81202E-9	-1.04594E+1	2.45363E-1	-1.72510E-1
6.23250E+11	4.30582E-9	-1.10427E+1	1.20712E-1	2.53148E-1
6.23425E+11	3.97689E-9	-1.16707E+1	-2.60286E-1	-1.78030E-2
6.23600E+11	5.11933E-9	-1.20097E+1	1.22997E-1	-2.18693E-1
6.23775E+11	3.71825E-9	-1.19241E+1	1.86804E-1	1.71209E-1
6.23950E+11	5.55533E-9	-1.08957E+1	-2.16226E-1	1.86040E-1
6.24125E+11	6.25472E-9	-9.30099E+0	-1.68368E-1	-2.98522E-1
6.24300E+11	7.68886E-9	-8.57290E+0	3.60537E-1	-9.44239E-2
6.24475E+11	7.75159E-9	-8.42545E+0	1.85950E-3	3.79072E-1
6.24650E+11	6.27358E-9	-8.43894E+0	-3.66063E-1	-9.61847E-2
6.24825E+11	6.72419E-9	-8.36920E+0	1.66314E-1	-3.43384E-1
6.25000E+11	8.51597E-9	-8.49581E+0	3.19876E-1	1.97660E-1
6.25175E+11	5.22176E-9	-8.97743E+0	-1.94075E-1	2.98133E-1
6.25350E+11	4.24486E-9	-9.14745E+0	-3.00756E-1	-1.76738E-1
6.25525E+11	4.98092E-9	-8.82880E+0	2.14003E-1	-2.91817E-1
6.25700E+11	6.29376E-9	-9.28424E+0	1.92713E-1	2.84216E-1
6.25875E+11	4.70298E-9	-1.01681E+1	-2.95100E-1	9.54936E-2
6.26050E+11	3.34539E-9	-1.11570E+1	-3.63019E-2	-2.74399E-1
6.26225E+11	3.42329E-9	-1.16106E+1	2.62053E-1	-1.85299E-2
6.26400E+11	5.00706E-9	-1.17999E+1	2.06507E-3	2.57033E-1
6.26575E+11	3.85668E-9	-1.19913E+1	-2.51191E-1	-1.12140E-2
6.26750E+11	3.92629E-9	-1.19488E+1	5.30417E-2	-2.47044E-1
6.26925E+11	5.32131E-9	-1.07392E+1	2.27599E-1	1.80410E-1
6.27100E+11	7.94049E-9	-9.99811E+0	-3.09176E-1	6.67347E-2
6.27275E+11	1.06860E-8	-9.80877E+0	1.47141E-1	-2.87839E-1
6.27450E+11	1.00715E-8	-9.66287E+0	1.44420E-1	2.95322E-1
6.27625E+11	1.05076E-8	-9.74298E+0	-3.23442E-1	-3.84951E-2
6.27800E+11	7.84568E-9	-9.91065E+0	1.65061E-1	-2.73558E-1
6.27975E+11	7.27303E-9	-1.04797E+1	1.96572E-1	2.25614E-1
6.28150E+11	5.55250E-9	-1.05899E+1	-2.63627E-1	1.33414E-1
6.28325E+11	7.46946E-9	-1.01567E+1	-2.01483E-2	-3.09921E-1
6.28500E+11	5.07810E-9	-1.01735E+1	2.96679E-1	8.98019E-2
6.28675E+11	6.36842E-9	-1.03174E+1	-1.27066E-1	2.77141E-1
6.28850E+11	6.51848E-9	-1.00208E+1	-2.74855E-1	-1.54842E-1
6.29025E+11	5.98331E-9	-9.71936E+0	2.16779E-1	-2.44300E-1
6.29200E+11	5.35308E-9	-9.73393E+0	1.85119E-1	2.68420E-1
6.29375E+11	4.82283E-9	-9.81463E+0	-3.09271E-1	9.33397E-2
6.29550E+11	3.95355E-9	-9.90946E+0	2.53690E-2	-3.18533E-1
6.29725E+11	4.23380E-9	-9.51940E+0	3.16345E-1	1.07832E-1
6.29900E+11	5.74921E-9	-8.32049E+0	-2.27885E-1	3.08680E-1
6.30075E+11	4.76925E-9	-7.92437E+0	-2.44138E-1	-3.18857E-1
6.30250E+11	6.93742E-9	-8.00439E+0	3.59877E-1	-1.69759E-1
6.30425E+11	3.30306E-9	-8.67862E+0	1.32502E-2	3.67949E-1
6.30600E+11	4.16611E-9	-8.83641E+0	-3.42363E-1	-1.16242E-1
6.30775E+11	5.26067E-9	-9.38460E+0	2.21085E-1	-2.57575E-1
6.30950E+11	3.98881E-9	-1.00461E+1	1.64904E-1	2.67862E-1
6.31125E+11	3.90953E-9	-1.03037E+1	-2.93880E-1	8.29539E-2
6.31300E+11	6.01512E-9	-1.03161E+1	-1.98963E-2	-3.04275E-1
6.31475E+11	4.49615E-9	-1.01536E+1	3.01870E-1	7.34833E-2
6.31650E+11	5.49999E-9	-1.04654E+1	-1.73355E-1	2.44511E-1
6.31825E+11	6.04206E-9	-1.08772E+1	-1.47220E-1	-2.45025E-1
6.32000E+11	6.05459E-9	-1.14652E+1	2.63786E-1	-4.22112E-2
6.32175E+11	5.04429E-9	-1.19033E+1	-2.11266E-2	2.53122E-1
6.32350E+11	6.36419E-9	-1.24570E+1	-2.36139E-1	-3.21279E-2
6.32525E+11	2.92660E-9	-1.25745E+1	4.68510E-3	-2.35065E-1
6.32700E+11	4.28523E-9	-1.13528E+1	2.69103E-1	2.86218E-2
6.32875E+11	4.62894E-9	-1.05101E+1	-1.09484E-1	2.77366E-1
6.33050E+11	3.33492E-9	-1.06965E+1	-2.28910E-1	-1.81062E-1
6.33225E+11	7.42529E-9	-1.07413E+1	2.23123E-1	-1.85809E-1
6.33400E+11	3.27913E-9	-1.09554E+1	1.49578E-1	2.40583E-1
6.33575E+11	3.41509E-9	-1.10632E+1	-2.53563E-1	1.18287E-1
6.33750E+11	3.48213E-9	-1.09055E+1	-5.83731E-2	-2.78877E-1
6.33925E+11	3.72728E-9	-1.09673E+1	2.82883E-1	3.21938E-3
6.34100E+11	2.44738E-9	-1.04900E+1	-6.04833E-2	2.92697E-1
6.34275E+11	3.93666E-9	-9.34288E+0	-3.00354E-1	-1.61626E-1
6.34450E+11	6.21052E-9	-8.97961E+0	2.55350E-1	-2.47551E-1
6.34625E+11	4.64750E-9	-9.34810E+0	2.07246E-1	2.70638E-1
6.34800E+11	5.72899E-9	-9.44055E+0	-2.63787E-1	2.10154E-1
6.34975E+11	4.14600E-9	-1.03996E+1	-1.93049E-1	-2.32253E-1
6.35150E+11	3.50880E-9	-1.07411E+1	2.41535E-1	-1.61159E-1
6.35325E+11	3.07753E-9	-1.09599E+1	1.50409E-1	2.39888E-1
6.35500E+11	3.62816E-9	-1.04331E+1	-2.64159E-1	1.43977E-1
6.35675E+11	6.22565E-9	-9.46896E+0	-8.86250E-2	-3.24272E-1
6.35850E+11	4.29797E-9	-9.55971E+0	3.32590E-1	-7.29851E-3
6.36025E+11	5.34033E-9	-9.90088E+0	-4.71060E-2	3.16370E-1
6.36200E+11	3.56367E-9	-1.02699E+1	-2.93937E-1	-8.70337E-2
6.36375E+11	4.50576E-9	-1.02451E+1	1.50636E-1	-2.67994E-1
6.36550E+11	4.46303E-9	-1.03168E+1	2.07552E-1	2.23355E-1
6.36725E+11	4.50481E-9	-1.09131E+1	-2.63815E-1	1.06955E-1
6.36900E+11	8.13911E-9	-1.09961E+1	4.98600E-3	-2.81920E-1
6.37075E+11	4.68996E-9	-1.08906E+1	2.69789E-1	9.31301E-2
6.37250E+11	9.53980E-9	-1.04556E+1	-2.14595E-1	2.09739E-1
6.37425E+11	4.11522E-9	-1.08989E+1	-1.02385E-1	-2.66122E-1
6.37600E+11	9.43028E-9	-1.16650E+1	2.60881E-1	9.87046E-3
6.37775E+11	6.33144E-9	-1.23544E+1	-9.85272E-2	2.20099E-1
6.37950E+11	3.86276E-9	-1.26860E+1	-1.47787E-1	-1.78986E-1
6.38125E+11	4.57761E-9	-1.30924E+1	2.16632E-1	-4.61942E-2
6.38300E+11	3.06261E-9	-1.30830E+1	-6.68399E-2	2.11429E-1
6.38475E+11	3.69275E-9	-1.22479E+1	-1.66830E-1	-1.78221E-1
6.38650E+11	3.56294E-9	-1.16565E+1	2.48554E-1	-8.06848E-2
6.38825E+11	3.36403E-9	-1.15185E+1	-7.13188E-3	2.65412E-1
6.39000E+11	5.09815E-9	-1.08395E+1	-2.75554E-1	-8.05810E-2
6.39175E+11	3.93789E-9	-1.04925E+1	1.47905E-1	-2.59621E-1
6.39350E+11	2.29763E-9	-1.01304E+1	2.11262E-1	2.28932E-1
6.39525E+11	3.22502E-9	-1.03544E+1	-2.74882E-1	1.28854E-1
6.39700E+11	3.24727E-9	-1.04102E+1	-4.55796E-2	-2.98177E-1
6.39875E+11	4.11724E-9	-1.01188E+1	3.11125E-1	2.24117E-2
6.40050E+11	4.12852E-9	-9.17144E+0	-8.79521E-2	3.36577E-1
6.40225E+11	6.33095E-9	-9.25740E+0	-2.91186E-1	-1.84007E-1
6.40400E+11	6.92348E-9	-9.60535E+0	2.47807E-1	-2.19328E-1
6.40575E+11	4.97882E-9	-9.89962E+0	1.32984E-1	2.90953E-1
6.40750E+11	6.00895E-9	-1.06805E+1	-2.92396E-1	-6.98131E-4
6.40925E+11	4.04515E-9	-1.11833E+1	1.07026E-1	-2.54354E-1
6.41100E+11	2.70215E-9	-1.18588E+1	1.88765E-1	1.71896E-1
6.41275E+11	3.30034E-9	-1.21631E+1	-1.94478E-1	1.51485E-1
6.41450E+11	2.34161E-9	-1.16590E+1	-1.57253E-1	-2.08616E-1
6.41625E+11	5.48980E-9	-1.07506E+1	2.06707E-1	-2.03472E-1
6.41800E+11	4.74146E-9	-1.01361E+1	1.73225E-1	2.58666E-1
6.41975E+11	6.30552E-9	-1.02992E+1	-2.93599E-1	8.45163E-2
6.42150E+11	5.21552E-9	-1.11551E+1	-7.54163E-3	-2.76747E-1
6.42325E+11	2.32788E-9	-1.18902E+1	2.51479E-1	3.83457E-2
6.42500E+11	2.10923E-9	-1.27067E+1	-8.51048E-2	2.15354E-1
6.42675E+11	2.36131E-9	-1.25875E+1	-1.99333E-1	-1.24011E-1
6.42850E+11	2.53480E-9	-1.19776E+1	1.63893E-1	-1.91208E-1
6.43025E+11	3.65711E-9	-1.16815E+1	1.65826E-1	2.00995E-1
6.43200E+11	3.47276E-9	-1.19566E+1	-2.05740E-1	1.46287E-1
6.43375E+11	3.47056E-9	-1.22985E+1	-1.36392E-1	-2.00753E-1
6.43550E+11	2.08884E-9	-1.24751E+1	2.13215E-1	-1.05344E-1
6.43725E+11	2.18047E-9	-1.32421E+1	7.91258E-2	2.02832E-1
6.43900E+11	1.54880E-9	-1.30662E+1	-2.18219E-1	4.17231E-2
6.44075E+11	2.24237E-9	-1.31959E+1	-1.96727E-2	-2.17994E-1
6.44250E+11	2.34703E-9	-1.25108E+1	2.36286E-1	1.62439E-2
6.44425E+11	3.66868E-9	-1.08282E+1	-9.11851E-2	2.72625E-1
6.44600E+11	3.83308E-9	-1.00759E+1	-2.25815E-1	-2.17429E-1
6.44775E+11	4.80007E-9	-1.04112E+1	2.81068E-1	-1.09396E-1
6.44950E+11	4.52163E-9	-1.05057E+1	-3.71544E-2	2.96020E-1
6.45125E+11	4.06780E-9	-1.05957E+1	-2.56625E-1	-1.46035E-1
6.45300E+11	3.26572E-9	-1.08476E+1	2.05058E-1	-2.00550E-1
6.45475E+11	3.80492E-9	-1.03946E+1	1.59768E-1	2.56493E-1
6.45650E+11	3.83337E-9	-9.97766E+0	-2.95608E-1	1.14594E-1
6.45825E+11	4.94844E-9	-9.40343E+0	-6.64086E-2	-3.32137E-1
6.46000E+11	4.69568E-9	-9.59309E+0	3.30474E-1	2.46837E-2
6.46175E+11	3.61088E-9	-9.77389E+0	-9.92257E-2	3.09028E-1
6.46350E+11	4.50897E-9	-9.79883E+0	-2.64799E-1	-1.86072E-1
6.46525E+11	3.85649E-9	-1.00967E+1	2.36726E-1	-2.04351E-1
6.46700E+11	4.21972E-9	-1.03500E+1	1.20599E-1	2.78772E-1
6.46875E+11	2.76789E-9	-1.10546E+1	-2.73226E-1	6.15467E-2
6.47050E+11	3.68493E-9	-1.12739E+1	-2.77845E-2	-2.71672E-1
6.47225E+11	3.38588E-9	-9.94405E+0	3.16688E-1	3.17035E-2
6.47400E+11	6.01135E-9	-9.57841E+0	-1.54734E-1	2.93686E-1
6.47575E+11	5.11513E-9	-1.00333E+1	-2.27152E-1	-2.18259E-1
6.47750E+11	3.46744E-9	-1.09610E+1	2.32593E-1	-1.61400E-1
6.47925E+11	2.96909E-9	-1.11563E+1	1.28363E-1	2.45251E-1
6.48100E+11	2.84829E-9	-1.17137E+1	-2.47052E-1	7.97549E-2
6.48275E+11	2.78228E-9	-1.20151E+1	3.04918E-3	-2.50733E-1
6.48450E+11	2.36952E-9	-1.22466E+1	2.33421E-1	7.16051E-2
6.48625E+11	2.43001E-9	-1.20753E+1	-1.49510E-1	1.99142E-1
6.48800E+11	2.14152E-9	-1.19940E+1	-1.04193E-1	-2.28749E-1
6.48975E+11	1.93818E-9	-1.17603E+1	2.57821E-1	-1.43063E-2
6.49150E+11	3.13431E-9	-1.19644E+1	-8.56806E-2	2.37220E-1
6.49325E+11	2.54713E-9	-1.17647E+1	-1.76267E-1	-1.88516E-1
6.49500E+11	2.18411E-9	-1.28656E+1	2.00995E-1	-1.06278E-1
6.49675E+11	1.90364E-9	-1.42478E+1	6.33592E-2	1.83271E-1
6.49850E+11	1.71468E-9	-1.44534E+1	-1.85734E-1	3.69699E-2
6.50025E+11	2.48679E-9	-1.43127E+1	-1.65406E-2	-1.91759E-1
6.50200E+11	1.72275E-9	-1.44270E+1	1.89953E-1	-7.50753E-4
6.50375E+11	1.89906E-9	-1.41867E+1	-7.30825E-3	1.95146E-1
6.50550E+11	1.63235E-9	-1.34515E+1	-2.12532E-1	-3.86886E-4
6.50725E+11	2.07675E-9	-1.29742E+1	1.80400E-2	-2.23813E-1
6.50900E+11	1.59801E-9	-1.32495E+1	2.10569E-1	5.46022E-2
6.51075E+11	1.30852E-9	-1.38637E+1	-7.95743E-2	1.86408E-1
6.51250E+11	9.76559E-10	-1.38658E+1	-1.71854E-1	-1.07361E-1
6.51425E+11	9.63254E-10	-1.36248E+1	1.23619E-1	-1.67693E-1
6.51600E+11	1.07069E-9	-1.27321E+1	1.59859E-1	1.66593E-1
6.51775E+11	1.06821E-9	-1.24046E+1	-2.17431E-1	1.01031E-1
6.51950E+11	1.14742E-9	-1.18871E+1	-4.24027E-2	-2.50918E-1
6.52125E+11	9.20220E-10	-1.27218E+1	2.30915E-1	1.06067E-2
6.52300E+11	5.87190E-10	-1.35767E+1	-3.80183E-2	2.06012E-1
6.52475E+11	3.67941E-10	-1.53687E+1	-1.62777E-1	-5.05234E-2
6.52650E+11	5.24135E-10	-1.62654E+1	2.56370E-2	-1.51567E-1
6.52825E+11	5.50488E-10	-1.60652E+1	1.56979E-1	-1.01010E-2
6.53000E+11	4.70449E-10	-1.60636E+1	2.77117E-2	1.54873E-1
6.53175E+11	6.66757E-10	-1.53014E+1	-1.71634E-1	6.64540E-3
6.53350E+11	7.57082E-10	-1.50096E+1	-8.61501E-3	-1.77423E-1
6.53525E+11	8.30335E-10	-1.48000E+1	1.81913E-1	4.60055E-3
6.53700E+11	8.53477E-10	-1.39167E+1	-5.27439E-2	1.94421E-1
6.53875E+11	1.28825E-9	-1.41507E+1	-1.69399E-1	-9.87792E-2
6.54050E+11	1.44600E-9	-1.40399E+1	1.17647E-1	-1.60020E-1
6.54225E+11	1.00560E-9	-1.40508E+1	1.61472E-1	1.15217E-1
6.54400E+11	2.31191E-9	-1.29055E+1	-1.61341E-1	1.58714E-1
6.54575E+11	2.13170E-9	-1.14700E+1	-9.75060E-2	-2.48551E-1
6.54750E+11	2.35105E-9	-1.18248E+1	2.53404E-1	3.84705E-2
6.54925E+11	1.68991E-9	-1.24504E+1	-1.30276E-1	1.99769E-1
6.55100E+11	1.96859E-9	-1.28063E+1	-1.47258E-1	-1.75271E-1
6.55275E+11	1.95005E-9	-1.33407E+1	1.92913E-1	-9.55077E-2
6.55450E+11	8.96568E-10	-1.38741E+1	3.88585E-2	1.98675E-1
6.55625E+11	1.30642E-9	-1.43283E+1	-1.91864E-1	-1.00245E-2
6.55800E+11	1.53276E-9	-1.37311E+1	1.05339E-1	-1.76798E-1
6.55975E+11	1.26331E-9	-1.26827E+1	9.70029E-2	2.10968E-1
6.56150E+11	1.34192E-9	-1.25001E+1	-2.34437E-1	-3.56776E-2
6.56325E+11	1.52206E-9	-1.22514E+1	1.32628E-1	-2.04835E-1
6.56500E+11	1.47773E-9	-1.19932E+1	1.86825E-1	1.68198E-1
6.56675E+11	1.39489E-9	-1.15612E+1	-1.91384E-1	1.82145E-1
6.56850E+11	1.77375E-9	-1.19308E+1	-1.59146E-1	-1.96931E-1
6.57025E+11	8.61073E-10	-1.24047E+1	2.18284E-1	-9.91650E-2
6.57200E+11	1.73649E-9	-1.17925E+1	7.28835E-3	2.57159E-1
6.57375E+11	9.90993E-10	-1.09165E+1	-2.40287E-1	-1.52436E-1
6.57550E+11	1.23815E-9	-1.17023E+1	2.42883E-1	-9.26319E-2
6.57725E+11	1.67135E-9	-1.24673E+1	-2.83523E-2	2.36338E-1
6.57900E+11	1.43029E-9	-1.29790E+1	-2.00579E-1	-1.00648E-1
6.58075E+11	1.68149E-9	-1.41992E+1	1.29976E-1	-1.45368E-1
6.58250E+11	1.91263E-9	-1.45890E+1	8.46843E-2	1.66103E-1
6.58425E+11	8.19202E-10	-1.61351E+1	-1.55962E-1	5.00413E-3
6.58600E+11	1.32472E-9	-1.63147E+1	5.05297E-2	-1.44256E-1
6.58775E+11	7.82333E-10	-1.68213E+1	9.92946E-2	1.04553E-1
6.58950E+11	1.25527E-9	-1.69891E+1	-1.23080E-1	6.96704E-2
6.59125E+11	8.22046E-10	-1.77639E+1	-3.55026E-2	-1.24394E-1
6.59300E+11	1.17869E-9	-1.73461E+1	1.35686E-1	-3.67686E-3
6.59475E+11	8.02238E-10	-1.88414E+1	-2.56744E-2	1.11348E-1
6.59650E+11	5.24016E-10	-1.96386E+1	-9.02822E-2	-5.21242E-2
6.59825E+11	4.66473E-10	-1.99207E+1	7.14867E-2	-7.12309E-2
6.60000E+11	5.70938E-10	-1.93487E+1	6.53436E-2	8.57214E-2
6.60175E+11	4.43823E-10	-1.79615E+1	-1.13572E-1	5.56015E-2
6.60350E+11	7.51437E-10	-1.77905E+1	-3.53954E-2	-1.24014E-1
6.60525E+11	7.41347E-10	-1.84169E+1	1.15963E-1	-3.08343E-2
6.60700E+11	4.53684E-10	-1.79684E+1	1.63200E-3	1.26341E-1
6.60875E+11	3.46512E-10	-1.83947E+1	-1.13431E-1	-4.00681E-2
6.61050E+11	2.85359E-10	-1.82004E+1	7.59721E-2	-9.67597E-2
6.61225E+11	3.68501E-10	-1.81553E+1	7.29059E-2	9.98843E-2
6.61400E+11	2.50740E-10	-1.93392E+1	-9.94609E-2	4.18437E-2
6.61575E+11	3.15349E-10	-1.83583E+1	-2.88033E-2	-1.17321E-1
6.61750E+11	3.30205E-10	-1.62006E+1	1.53459E-1	-2.08608E-2
6.61925E+11	5.90152E-10	-1.52998E+1	-6.22858E-2	1.60106E-1
6.62100E+11	5.77579E-10	-1.51770E+1	-1.05606E-1	-1.38590E-1
6.62275E+11	5.21793E-10	-1.54998E+1	1.65766E-1	-2.65853E-2
6.62450E+11	4.79989E-10	-1.60343E+1	-3.98718E-2	1.52747E-1
6.62625E+11	4.96434E-10	-1.68774E+1	-1.18309E-1	-8.07895E-2
6.62800E+11	4.36904E-10	-1.74498E+1	9.61125E-2	-9.35507E-2
6.62975E+11	2.99896E-10	-1.77982E+1	6.34676E-2	1.12137E-1
6.63150E+11	5.34349E-10	-1.73848E+1	-1.30942E-1	3.33944E-2
6.63325E+11	6.47482E-10	-1.67644E+1	2.49582E-2	-1.42975E-1
6.63500E+11	9.01751E-10	-1.64236E+1	1.34115E-1	6.92632E-2
6.63675E+11	6.88905E-10	-1.66906E+1	-9.27072E-2	1.13276E-1
6.63850E+11	8.57857E-10	-1.65373E+1	-1.24259E-1	-8.21923E-2
6.64025E+11	1.09386E-9	-1.57344E+1	1.01138E-1	-1.28352E-1
6.64200E+11	6.51489E-10	-1.55429E+1	1.02086E-1	1.32232E-1
6.64375E+11	7.78350E-10	-1.51302E+1	-1.65060E-1	5.86829E-2
6.64550E+11	1.62388E-9	-1.43092E+1	8.08334E-3	-1.92379E-1
6.64725E+11	1.54087E-9	-1.32275E+1	1.94512E-1	9.86213E-2
6.64900E+11	1.19323E-9	-1.36050E+1	-1.36292E-1	1.58196E-1
6.65075E+11	1.26447E-9	-1.40724E+1	-1.48455E-1	-1.30821E-1
6.65250E+11	1.09863E-9	-1.43224E+1	1.43560E-1	-1.27877E-1
6.65425E+11	6.66631E-10	-1.41684E+1	7.21918E-2	1.81893E-1
6.65600E+11	7.36596E-10	-1.43917E+1	-1.80532E-1	-6.15277E-2
6.65775E+11	5.96571E-10	-1.50908E+1	1.58608E-1	-7.62361E-2
6.65950E+11	4.67258E-10	-1.54443E+1	-9.55403E-3	1.68689E-1
6.66125E+11	8.81370E-10	-1.43560E+1	-1.81872E-1	-6.00028E-2
6.66300E+11	6.50202E-10	-1.42692E+1	7.72907E-2	-1.77325E-1
6.66475E+11	1.11328E-9	-1.25451E+1	2.16771E-1	9.30779E-2
6.66650E+11	1.89846E-9	-1.20251E+1	-1.64922E-1	1.88502E-1
6.66825E+11	1.26123E-9	-1.20985E+1	-7.04175E-2	-2.38165E-1
6.67000E+11	1.58248E-9	-1.25096E+1	2.18219E-1	9.21469E-2
6.67175E+11	5.44075E-10	-1.33474E+1	-1.73192E-1	1.27553E-1
6.67350E+11	1.64314E-9	-1.28881E+1	-8.95825E-2	-2.08332E-1
6.67525E+11	1.61909E-9	-1.25428E+1	2.17876E-1	-9.06263E-2
6.67700E+11	1.51550E-9	-1.25773E+1	1.09865E-1	2.07779E-1
6.67875E+11	1.43835E-9	-1.27394E+1	-2.01387E-1	1.12525E-1
6.68050E+11	1.91304E-9	-1.33544E+1	-3.39529E-2	-2.12223E-1
6.68225E+11	1.80351E-9	-1.37547E+1	1.82343E-1	9.42090E-2
6.68400E+11	1.59712E-9	-1.46432E+1	-1.61986E-1	8.99506E-2
6.68575E+11	8.88198E-10	-1.59907E+1	-2.33790E-2	-1.56928E-1
6.68750E+11	5.88260E-10	-1.73250E+1	1.35417E-1	-1.32804E-2
6.68925E+11	4.03343E-10	-1.72309E+1	2.36064E-2	1.35507E-1
6.69100E+11	7.34648E-10	-1.61433E+1	-1.55244E-1	-1.42494E-2
6.69275E+11	5.99610E-10	-1.63123E+1	1.14549E-1	-1.01265E-1
6.69450E+11	6.85947E-10	-1.69198E+1	-5.44574E-3	1.42459E-1
6.69625E+11	3.18307E-10	-1.83780E+1	-9.02058E-2	-7.99417E-2
6.69800E+11	2.13975E-10	-1.92631E+1	8.68758E-2	-6.55886E-2
6.69975E+11	1.67310E-10	-1.99644E+1	6.50509E-2	7.64904E-2
6.70150E+11	1.41897E-10	-2.20955E+1	-3.02264E-2	7.25171E-2
6.70325E+11	1.07201E-10	-2.15467E+1	-8.11329E-2	-2.05227E-2
6.70500E+11	1.86057E-10	-2.06316E+1	5.59256E-2	-7.42885E-2
6.70675E+11	1.68403E-10	-2.10068E+1	5.85451E-3	8.88622E-2
6.70850E+11	1.38551E-10	-2.13824E+1	-6.93526E-2	-4.96392E-2
6.71025E+11	1.26965E-10	-2.27198E+1	5.43320E-2	-4.89271E-2
6.71200E+11	1.00558E-10	-2.28969E+1	4.71789E-2	5.39109E-2
6.71375E+11	1.21307E-10	-2.15017E+1	-3.82688E-2	7.49142E-2
6.71550E+11	1.09748E-10	-2.21976E+1	-6.92747E-2	-3.50705E-2
6.71725E+11	1.51871E-10	-2.11942E+1	5.15606E-2	-7.02664E-2
6.71900E+11	2.01553E-10	-1.93703E+1	1.22925E-2	1.06814E-1
6.72075E+11	2.29092E-10	-1.81711E+1	-8.61224E-2	-8.84294E-2
6.72250E+11	1.81629E-10	-1.97986E+1	9.82949E-2	-2.85074E-2
6.72425E+11	2.09067E-10	-1.99172E+1	3.20444E-2	9.57373E-2
6.72600E+11	1.66252E-10	-2.01468E+1	-9.31582E-2	3.14496E-2
6.72775E+11	2.11990E-10	-1.95425E+1	-1.60747E-2	-1.04175E-1
6.72950E+11	1.51674E-10	-2.05759E+1	8.08376E-2	4.71536E-2
6.73125E+11	1.31144E-10	-1.94471E+1	-1.02657E-1	2.86223E-2
6.73300E+11	2.44176E-10	-1.84186E+1	3.44001E-2	-1.14931E-1
6.73475E+11	4.26017E-10	-1.74295E+1	9.09690E-2	9.89874E-2
6.73650E+11	3.88440E-10	-1.73029E+1	-1.06226E-1	8.55829E-2
6.73825E+11	3.84840E-10	-1.68615E+1	-9.14350E-2	-1.10630E-1
6.74000E+11	3.72679E-10	-1.61689E+1	1.41069E-1	-6.52708E-2
6.74175E+11	4.27085E-10	-1.55512E+1	-2.35829E-3	1.66877E-1
6.74350E+11	5.37965E-10	-1.48560E+1	-1.38142E-1	-1.16645E-1
6.74525E+11	8.48018E-10	-1.44716E+1	1.86743E-1	-2.90026E-2
6.74700E+11	6.98434E-10	-1.35771E+1	-4.99293E-2	2.03443E-1
6.74875E+11	8.10295E-10	-1.31757E+1	-1.98013E-1	-9.44604E-2
6.75050E+11	7.07128E-10	-1.35691E+1	1.44774E-1	-1.51670E-1
6.75225E+11	8.57333E-10	-1.35663E+1	7.67793E-2	1.95182E-1
6.75400E+11	7.92437E-10	-1.35494E+1	-2.02894E-1	-5.47495E-2
6.75575E+11	8.25748E-10	-1.40565E+1	1.63945E-1	-1.11436E-1
6.75750E+11	7.59100E-10	-1.46101E+1	2.31625E-3	1.85977E-1
6.75925E+11	7.69537E-10	-1.51159E+1	-1.64491E-1	-6.10953E-2
6.76100E+11	5.84403E-10	-1.49567E+1	5.56573E-2	-1.69830E-1
6.76275E+11	1.32602E-9	-1.37275E+1	1.90918E-1	7.70687E-2
6.76450E+11	1.62873E-9	-1.25830E+1	-1.61042E-1	1.70983E-1
6.76625E+11	2.20780E-9	-1.21942E+1	-4.57469E-2	-2.41338E-1
6.76800E+11	2.10318E-9	-1.20495E+1	2.33718E-1	8.80721E-2
6.76975E+11	1.74620E-9	-1.25593E+1	-1.49742E-1	1.81792E-1
6.77150E+11	1.64022E-9	-1.24519E+1	-1.63148E-1	-1.73904E-1
6.77325E+11	1.54445E-9	-1.26586E+1	1.84111E-1	-1.42552E-1
6.77500E+11	1.44763E-9	-1.24584E+1	1.31726E-1	1.98555E-1
6.77675E+11	1.12418E-9	-1.27641E+1	-2.22360E-1	5.89213E-2
6.77850E+11	6.39102E-10	-1.26560E+1	2.78923E-2	-2.31241E-1
6.78025E+11	9.51688E-10	-1.30511E+1	1.87383E-1	1.20084E-1
6.78200E+11	9.50755E-10	-1.35298E+1	-1.68612E-1	1.26227E-1
6.78375E+11	5.22441E-10	-1.44898E+1	-9.32614E-2	-1.63912E-1
6.78550E+11	5.21061E-10	-1.43097E+1	1.79312E-1	-7.01269E-2
6.78725E+11	2.95769E-10	-1.56652E+1	5.50618E-3	1.64626E-1
6.78900E+11	3.04343E-10	-1.58872E+1	-1.45188E-1	-6.85601E-2
6.79075E+11	2.75705E-10	-1.49847E+1	1.37519E-1	-1.13237E-1
6.79250E+11	2.25464E-10	-1.41529E+1	3.27632E-3	1.96016E-1
6.79425E+11	2.33386E-10	-1.54868E+1	-1.53627E-1	-6.83266E-2
6.79600E+11	2.52789E-10	-1.58884E+1	8.48410E-2	-1.36290E-1
6.79775E+11	1.88459E-10	-1.69337E+1	1.22421E-1	7.26123E-2
6.79950E+11	1.63317E-10	-1.69404E+1	-1.03533E-1	9.75145E-2
6.80125E+11	1.82579E-10	-1.66719E+1	-4.62890E-2	-1.39197E-1
6.80300E+11	1.76500E-10	-1.74017E+1	1.27922E-1	4.27311E-2
6.80475E+11	1.19023E-10	-1.76259E+1	-8.70880E-2	9.84400E-2
6.80650E+11	1.21735E-10	-1.74442E+1	-1.06064E-1	-8.22382E-2
6.80825E+11	1.00290E-10	-1.72531E+1	5.46704E-2	-1.25835E-1
6.81000E+11	1.54808E-10	-1.75620E+1	1.26926E-1	3.76899E-2
6.81175E+11	1.05352E-10	-1.82322E+1	-4.00237E-2	1.15853E-1
6.81350E+11	1.13560E-10	-1.80734E+1	-7.83914E-2	-9.71504E-2
6.81525E+11	1.35294E-10	-1.80337E+1	1.25402E-1	9.17768E-4
6.81700E+11	6.35965E-11	-1.93554E+1	-2.15285E-2	1.05530E-1
6.81875E+11	1.97850E-10	-1.86994E+1	-1.13128E-1	-2.63342E-2
6.82050E+11	1.83460E-10	-1.72285E+1	-4.35871E-2	-1.30499E-1
6.82225E+11	2.18354E-10	-1.72989E+1	1.19742E-1	-6.54779E-2
6.82400E+11	3.37559E-10	-1.67002E+1	7.42439E-2	1.25962E-1
6.82575E+11	1.81696E-10	-1.75563E+1	-1.26915E-1	3.80293E-2
6.82750E+11	1.52935E-10	-1.77934E+1	3.26398E-2	-1.24723E-1
6.82925E+11	1.54839E-10	-1.70523E+1	8.55225E-2	1.11354E-1
6.83100E+11	2.17793E-10	-1.53481E+1	-1.57719E-1	6.56652E-2
6.83275E+11	2.48831E-10	-1.59917E+1	-6.96903E-2	-1.42513E-1
6.83450E+11	1.48819E-10	-1.76562E+1	8.30508E-2	-1.01277E-1
6.83625E+11	1.39226E-10	-1.73665E+1	1.30039E-1	3.77837E-2
6.83800E+11	3.40794E-10	-1.48413E+1	-3.93429E-2	1.76783E-1
6.83975E+11	5.20606E-10	-1.35837E+1	-1.70380E-1	-1.21601E-1
6.84150E+11	3.12768E-10	-1.40851E+1	1.78893E-1	-8.38762E-2
6.84325E+11	5.81874E-10	-1.35233E+1	2.69287E-2	2.09055E-1
6.84500E+11	5.12196E-10	-1.31807E+1	-2.18204E-1	-2.15274E-2
6.84675E+11	4.59900E-10	-1.24213E+1	2.87118E-2	-2.37567E-1
6.84850E+11	6.26764E-10	-1.14730E+1	2.57407E-1	7.05481E-2
6.85025E+11	6.85831E-10	-1.11474E+1	-1.56690E-1	2.28538E-1
6.85200E+11	1.20215E-9	-1.00070E+1	-1.39408E-1	-2.83558E-1
6.85375E+11	7.20122E-10	-1.07055E+1	2.88538E-1	4.18689E-2
6.85550E+11	5.99645E-10	-1.08757E+1	-1.79560E-1	2.22481E-1
6.85725E+11	5.97346E-10	-1.28439E+1	-1.50320E-1	-1.71340E-1
6.85900E+11	4.29748E-10	-1.40645E+1	1.59376E-1	-1.17571E-1
6.86075E+11	3.24845E-10	-1.46650E+1	1.08570E-1	1.49571E-1
6.86250E+11	2.71714E-10	-1.47501E+1	-1.53750E-1	9.92822E-2
6.86425E+11	3.90233E-10	-1.18988E+1	-5.58090E-2	-2.47928E-1
6.86600E+11	4.54445E-10	-9.87239E+0	2.88278E-1	1.40989E-1
6.86775E+11	4.94809E-10	-1.01022E+1	-2.75031E-1	1.48433E-1
6.86950E+11	5.09032E-10	-1.13425E+1	-9.40816E-2	-2.54082E-1
6.87125E+11	3.97272E-10	-1.04046E+1	2.67865E-1	-1.39116E-1
6.87300E+11	3.63011E-10	-8.95253E+0	1.70961E-1	3.13127E-1
6.87475E+11	3.86559E-10	-7.32432E+0	-4.10528E-1	1.28978E-1
6.87650E+11	4.28850E-10	-7.00704E+0	1.08517E-1	-4.32929E-1
6.87825E+11	2.77321E-10	-7.36182E+0	3.23739E-1	2.80660E-1
6.88000E+11	3.74146E-10	-7.11170E+0	-4.22612E-1	1.25935E-1
6.88175E+11	1.96593E-10	-9.58843E+0	1.22834E-2	-3.31345E-1
6.88350E+11	1.82731E-10	-1.08600E+1	2.77602E-1	7.05191E-2
6.88525E+11	5.65332E-11	-1.41996E+1	-1.10524E-1	1.60646E-1
6.88700E+11	6.69893E-11	-1.29574E+1	-1.84738E-1	-1.28390E-1
6.88875E+11	6.43211E-11	-1.43382E+1	1.41988E-1	-1.29102E-1
6.89050E+11	4.96031E-11	-1.30165E+1	7.79793E-2	2.09398E-1
6.89225E+11	5.02663E-11	-1.48359E+1	-1.76460E-1	4.12630E-2
6.89400E+11	4.31217E-11	-1.30944E+1	4.90673E-2	-2.15948E-1
6.89575E+11	6.60095E-11	-1.33931E+1	1.55527E-1	1.46946E-1
6.89750E+11	4.75647E-11	-1.46867E+1	-1.77888E-1	4.84189E-2
6.89925E+11	2.17069E-11	-1.85621E+1	2.08138E-2	-1.16153E-1
6.90100E+11	2.97393E-11	-1.74523E+1	7.77368E-2	1.09253E-1
6.90275E+11	2.47691E-11	-1.86623E+1	-1.07862E-1	4.44177E-2
6.90450E+11	1.94100E-11	-1.91484E+1	-4.74516E-2	-9.95718E-2
6.90625E+11	2.44074E-11	-1.58870E+1	1.60398E-1	-7.32337E-3
6.90800E+11	1.67776E-11	-1.91635E+1	-5.00168E-2	9.80936E-2
6.90975E+11	8.45834E-12	-2.38598E+1	-5.82927E-2	-2.67138E-2
6.91150E+11	9.08297E-12	-2.34972E+1	6.53652E-2	-1.40389E-2
6.91325E+11	7.54031E-12	-2.50798E+1	5.72993E-3	5.54243E-2
6.91500E+11	1.32180E-11	-2.25599E+1	-3.90917E-2	-6.33890E-2
6.91675E+11	1.64943E-11	-2.12794E+1	6.44413E-2	-5.74072E-2
6.91850E+11	2.08457E-12	-2.65205E+1	-7.03649E-3	4.66762E-2
6.92025E+11	7.53026E-12	-2.04155E+1	-9.34646E-2	1.87593E-2
6.92200E+11	2.01189E-11	-1.92922E+1	2.39550E-2	-1.05813E-1
6.92375E+11	6.63070E-12	-2.22129E+1	2.82295E-2	7.21859E-2
6.92550E+11	1.06922E-11	-2.26074E+1	-6.59626E-2	-3.36897E-2
6.92725E+11	4.87143E-12	-2.71818E+1	3.77969E-2	2.20199E-2
6.92900E+11	5.58056E-12	-2.75961E+1	2.03961E-2	3.63779E-2
6.93075E+11	1.25155E-11	-2.56000E+1	-5.21999E-2	5.42064E-3
6.93250E+11	1.00695E-11	-2.60950E+1	-2.24852E-2	-4.41810E-2
6.93425E+11	1.19320E-11	-2.50361E+1	5.57492E-2	-5.30264E-3
6.93600E+11	1.05758E-11	-2.73073E+1	-1.90121E-2	3.86974E-2
6.93775E+11	3.40099E-11	-2.26204E+1	-1.79305E-2	-7.17504E-2
6.93950E+11	4.79579E-11	-2.19538E+1	6.89402E-2	4.03033E-2
6.94125E+11	4.80946E-11	-2.06164E+1	-8.87282E-2	2.83565E-2
6.94300E+11	6.95838E-11	-1.92705E+1	7.67672E-3	-1.08491E-1
6.94475E+11	4.56530E-11	-2.20314E+1	7.91146E-2	2.22242E-3
6.94650E+11	2.15607E-11	-2.24396E+1	1.66390E-2	7.36566E-2
6.94825E+11	2.61992E-11	-2.19296E+1	-7.94906E-2	-9.68850E-3
6.95000E+11	3.78447E-11	-2.04739E+1	6.35203E-2	-7.02234E-2
6.95175E+11	3.24639E-11	-1.95263E+1	-8.67374E-3	1.05249E-1
6.95350E+11	5.19260E-11	-1.88716E+1	-6.19681E-2	-9.55353E-2
6.95525E+11	2.92007E-11	-1.89126E+1	1.13264E-1	-4.05081E-3
6.95700E+11	2.35743E-11	-2.05459E+1	-3.84579E-3	9.38299E-2
6.95875E+11	3.85150E-11	-1.90594E+1	-1.01701E-1	-4.55550E-2
6.96050E+11	1.96777E-11	-2.02060E+1	4.92961E-2	-8.43013E-2
6.96225E+11	2.69885E-11	-1.98612E+1	-2.74008E-2	9.78461E-2
6.96400E+11	2.44837E-11	-1.98575E+1	-5.76222E-2	-8.37454E-2
6.96575E+11	2.72212E-11	-1.88929E+1	1.12879E-1	1.27252E-2
6.96750E+11	1.19775E-11	-2.08294E+1	-7.68228E-3	9.05673E-2
6.96925E+11	5.82279E-12	-2.39230E+1	-3.62085E-2	-5.23570E-2
6.97100E+11	1.52354E-11	-2.06314E+1	8.92579E-2	-2.60743E-2
6.97275E+11	2.42625E-12	-2.83797E+1	-9.34212E-3	3.69450E-2
6.97450E+11	1.03055E-11	-2.12064E+1	-8.24484E-2	-2.78724E-2
6.97625E+11	3.01505E-12	-2.59781E+1	4.81037E-2	-1.45118E-2
6.97800E+11	3.14526E-12	-2.47230E+1	-2.45466E-2	5.26119E-2
6.97975E+11	5.33493E-12	-2.17323E+1	-8.04925E-2	1.52240E-2
6.98150E+11	1.67617E-12	-2.85220E+1	2.86204E-3	-3.73794E-2
6.98325E+11	1.71472E-12	-2.62845E+1	4.34119E-2	2.16336E-2
6.98500E+11	1.14950E-12	-2.94356E+1	3.35998E-2	3.13471E-3
6.98675E+11	4.55409E-12	-2.37949E+1	-6.29495E-2	1.45252E-2
6.98850E+11	3.20939E-12	-2.34169E+1	1.91696E-2	-6.46969E-2
6.99025E+11	6.15103E-12	-1.97137E+1	4.73951E-2	9.18433E-2
6.99200E+11	1.06583E-12	-2.84231E+1	-1.55398E-2	-3.45873E-2
6.99375E+11	5.83044E-13	-3.27764E+1	-2.16350E-2	-7.71949E-3
6.99550E+11	1.48259E-12	-2.96643E+1	1.87737E-2	-2.69798E-2
6.99725E+11	8.11948E-12	-2.31954E+1	4.11552E-2	5.56558E-2
6.99900E+11	2.76213E-12	-2.94866E+1	-3.27190E-2	7.41331E-3
7.00075E+11	7.24721E-12	-2.31185E+1	2.84704E-2	-6.37685E-2
7.00250E+11	2.34899E-12	-2.83663E+1	2.98024E-2	-2.38433E-2
7.00425E+11	2.61730E-12	-2.84216E+1	1.10967E-2	3.62649E-2
7.00600E+11	2.04054E-12	-2.90454E+1	-3.25364E-2	1.36826E-2
7.00775E+11	1.13055E-12	-2.83934E+1	-3.07223E-2	-2.24453E-2
7.00950E+11	4.39102E-15	-5.37511E+1	1.64685E-3	1.22629E-3
7.01125E+11	1.18631E-12	-2.93501E+1	1.65871E-3	3.40392E-2
7.01300E+11	2.37606E-12	-3.02317E+1	-3.07672E-2	-1.19700E-3
7.01475E+11	1.34529E-12	-3.33598E+1	1.40899E-2	-1.62116E-2
7.01650E+11	1.87626E-12	-3.07847E+1	1.62873E-2	-2.38624E-2
7.01825E+11	3.84202E-13	-3.89114E+1	-1.12366E-2	1.49222E-3
7.02000E+11	6.03398E-12	-2.57657E+1	-4.69986E-2	-2.10294E-2
7.02175E+11	5.72134E-12	-2.81178E+1	1.08157E-2	-3.77559E-2
7.02350E+11	1.42402E-12	-3.33081E+1	-3.68866E-3	2.12900E-2
7.02525E+11	6.34819E-12	-2.79468E+1	-3.04346E-2	2.60414E-2
7.02700E+11	1.62221E-11	-2.45608E+1	-3.82091E-2	-4.51542E-2
7.02875E+11	1.42346E-11	-2.49872E+1	5.31664E-2	-1.85716E-2
7.03050E+11	1.12455E-11	-2.62955E+1	-1.63708E-3	4.84149E-2
7.03225E+11	1.65719E-11	-2.56206E+1	-4.51935E-2	-2.64338E-2
7.03400E+11	3.03454E-11	-2.18611E+1	6.33614E-2	-4.99997E-2
7.03575E+11	3.16550E-11	-2.23754E+1	8.09625E-3	7.56406E-2
7.03750E+11	3.65812E-11	-2.09953E+1	-8.85119E-2	-1.08419E-2
7.03925E+11	7.31239E-11	-1.97858E+1	-5.01475E-3	-1.02374E-1
7.04100E+11	8.33637E-11	-1.81682E+1	1.22494E-1	-1.55673E-2
7.04275E+11	1.04421E-10	-1.79942E+1	3.16636E-2	1.21933E-1
7.04450E+11	8.36124E-11	-1.72446E+1	-1.36953E-1	-1.01760E-2
7.04625E+11	1.35550E-10	-1.57109E+1	1.10167E-1	-1.21288E-1
7.04800E+11	9.15762E-11	-1.55631E+1	4.90673E-2	1.59279E-1
7.04975E+11	7.58668E-11	-1.62560E+1	-1.53629E-1	-8.90124E-3
7.05150E+11	1.01411E-10	-1.59678E+1	2.48738E-2	-1.57121E-1
7.05325E+11	1.48837E-10	-1.34753E+1	2.10506E-1	2.47021E-2
7.05500E+11	2.29408E-10	-1.36144E+1	-9.61976E-2	1.85076E-1
7.05675E+11	1.11777E-10	-1.43760E+1	-1.03844E-1	-1.60392E-1
7.05850E+11	1.24945E-10	-1.35441E+1	2.10212E-1	-5.32682E-3
7.06025E+11	1.66102E-10	-1.33903E+1	-8.01309E-2	1.98470E-1
7.06200E+11	1.07284E-10	-1.30166E+1	-1.89849E-1	-1.17836E-1
7.06375E+11	1.13865E-10	-1.50167E+1	1.11264E-1	-1.38281E-1
7.06550E+11	9.89360E-11	-1.37862E+1	1.28360E-1	1.59197E-1
7.06725E+11	4.76288E-11	-1.49828E+1	-1.77683E-1	1.33047E-2
7.06900E+11	7.65705E-11	-1.40581E+1	1.67973E-1	-1.05199E-1
7.07075E+11	9.50788E-11	-1.28834E+1	-3.89907E-3	2.26864E-1
7.07250E+11	5.54124E-11	-1.08563E+1	-2.51428E-1	-1.37439E-1
7.07425E+11	6.09982E-11	-1.17207E+1	1.55062E-1	-2.07948E-1
7.07600E+11	4.87515E-11	-1.39420E+1	1.79560E-1	9.00219E-2
7.07775E+11	3.00481E-11	-1.61506E+1	-6.26820E-2	1.42596E-1
7.07950E+11	2.45938E-11	-1.69209E+1	-9.12243E-2	-1.09534E-1
7.08125E+11	2.44376E-11	-1.48424E+1	1.80086E-1	-1.89756E-2
7.08300E+11	2.01424E-11	-1.48117E+1	-1.47541E-1	1.06093E-1
7.08475E+11	1.49158E-11	-1.51882E+1	-4.48480E-2	-1.68138E-1
7.08650E+11	2.04531E-11	-1.43017E+1	1.55964E-1	-1.13200E-1
7.08825E+11	1.55935E-11	-1.56554E+1	1.09817E-1	1.23018E-1
7.09000E+11	1.19739E-11	-1.62429E+1	-9.27342E-2	1.23098E-1
7.09175E+11	5.15389E-12	-2.06369E+1	-8.02731E-2	-4.68199E-2
7.09350E+11	5.78070E-12	-2.15526E+1	8.31168E-2	9.26090E-3
7.09525E+11	4.25433E-12	-2.29911E+1	1.52354E-2	6.92103E-2
7.09700E+11	8.32526E-12	-2.11991E+1	-6.46637E-2	-5.83604E-2
7.09875E+11	1.83064E-11	-1.76854E+1	1.03915E-1	-7.90012E-2
7.10050E+11	3.95562E-12	-2.31904E+1	6.92101E-2	2.62780E-3
7.10225E+11	1.63268E-12	-2.72828E+1	2.37455E-2	3.61335E-2
7.10400E+11	3.84852E-12	-2.35953E+1	-6.50513E-2	-1.17561E-2
7.10575E+11	8.37639E-12	-2.24203E+1	1.02295E-2	-7.49859E-2
7.10750E+11	8.57007E-12	-2.00997E+1	5.27322E-2	8.36202E-2
7.10925E+11	1.79856E-11	-2.00827E+1	-9.84279E-2	-1.11063E-2
7.11100E+11	7.77034E-12	-2.18251E+1	3.83226E-2	-7.14161E-2
7.11275E+11	1.18488E-11	-1.98775E+1	9.79365E-2	2.63526E-2
7.11450E+11	1.61557E-11	-1.93515E+1	-7.39520E-2	7.83674E-2
7.11625E+11	4.83540E-12	-2.33226E+1	-2.54822E-3	-6.81656E-2
7.11800E+11	1.12023E-11	-2.14842E+1	6.30703E-2	-5.59227E-2
7.11975E+11	2.45227E-11	-1.80202E+1	-1.28767E-2	1.24938E-1
7.12150E+11	1.10971E-11	-2.08833E+1	-8.43809E-2	-3.22412E-2
7.12325E+11	1.11842E-11	-2.18335E+1	3.88243E-2	-7.10548E-2
7.12500E+11	1.94663E-11	-1.88210E+1	8.66822E-2	7.48685E-2
7.12675E+11	1.08965E-11	-2.11753E+1	-5.53619E-2	6.75584E-2
7.12850E+11	1.07767E-11	-2.02279E+1	-5.05252E-2	-8.32820E-2
7.13025E+11	2.44156E-11	-1.68056E+1	1.38647E-1	4.05341E-2
7.13200E+11	1.13877E-11	-1.92842E+1	-5.42708E-2	9.40555E-2
7.13375E+11	3.34675E-11	-1.49699E+1	-1.39588E-1	-1.11165E-1
7.13550E+11	3.60224E-11	-1.36311E+1	1.27541E-1	-1.64539E-1
7.13725E+11	3.87888E-11	-1.11514E+1	2.04593E-1	1.86691E-1
7.13900E+11	5.01600E-11	-1.04962E+1	-2.30403E-1	1.90044E-1
7.14075E+11	3.99576E-11	-8.07465E+0	-8.03707E-2	-3.86431E-1
7.14250E+11	7.68264E-11	-6.24602E+0	4.21688E-1	2.43996E-1
7.14425E+11	1.20266E-10	-4.85602E+0	-5.41570E-1	1.83273E-1
7.14600E+11	1.25364E-10	-4.67372E+0	1.70045E-1	-5.58556E-1
7.14775E+11	1.16893E-10	-2.60787E+0	6.29914E-1	3.89557E-1
7.14950E+11	7.22473E-11	-4.29348E+0	-3.89158E-1	4.69734E-1
7.15125E+11	7.06345E-11	-2.50834E+0	-5.60463E-1	-4.97136E-1
7.15300E+11	7.00096E-11	-3.31130E+0	6.79276E-1	-7.14450E-2
7.15475E+11	7.77243E-11	8.67353E-2	-4.58612E-1	8.99915E-1
7.15650E+11	6.28537E-11	-4.15453E-1	-5.34906E-1	-7.89080E-1
7.15825E+11	8.72706E-11	-9.96801E-1	8.90009E-1	5.28929E-2
7.16000E+11	4.55149E-11	2.50232E-1	-5.00777E-1	8.99185E-1
7.16175E+11	5.22789E-11	3.75900E-1	-5.78472E-1	-8.69357E-1
7.16350E+11	1.54777E-11	-2.90576E+0	6.35377E-1	-3.29359E-1
7.16525E+11	8.88159E-12	-4.80333E+0	-8.90389E-2	5.68287E-1
7.16700E+11	2.52008E-11	-1.13510E+0	-6.41853E-1	-5.98351E-1
7.16875E+11	1.54454E-11	-1.03323E+0	8.55151E-1	2.38726E-1
7.17050E+11	8.13162E-12	5.47104E-1	-2.40886E-1	1.03741E+0
7.17225E+11	6.95164E-12	-6.56062E+0	-1.71951E-1	-4.37267E-1
7.17400E+11	1.57298E-11	-4.13199E+0	4.70203E-1	-4.06323E-1
7.17575E+11	5.76521E-12	-6.39124E+0	2.28707E-1	4.21002E-1
7.17750E+11	4.96534E-12	-7.28011E+0	-3.94649E-1	-1.76963E-1
7.17925E+11	6.38450E-13	-1.64791E+1	3.20042E-2	-1.46530E-1
7.18100E+11	1.90482E-12	-7.72685E+0	3.99034E-1	9.77208E-2
7.18275E+11	2.36937E-12	-7.96231E+0	-1.86777E-1	3.53532E-1
7.18450E+11	1.89477E-12	-6.12096E+0	-4.68761E-1	-1.56690E-1
7.18625E+11	2.47630E-12	-4.91974E+0	5.53262E-1	-1.26600E-1
7.18800E+11	1.34649E-12	-6.35606E+0	3.51241E-3	4.81044E-1
7.18975E+11	2.76064E-12	-5.78356E+0	-3.35384E-1	3.89284E-1
7.19150E+11	2.35765E-12	-1.13457E+1	-3.26212E-2	-2.68871E-1
7.19325E+11	7.71836E-13	-1.62348E+1	1.53261E-1	1.75561E-2
7.19500E+11	2.20776E-12	-9.50374E+0	2.38483E-1	2.35014E-1
7.19675E+11	2.07042E-12	-1.08315E+1	-2.87312E-1	-5.21904E-3
7.19850E+11	8.43076E-13	-1.54308E+1	-6.03209E-2	-1.58108E-1
7.20025E+11	2.53146E-12	-9.37431E+0	3.24729E-1	-1.00238E-1
7.20200E+11	3.22270E-12	-1.17218E+1	2.09714E-1	1.52611E-1
7.20375E+11	1.38547E-12	-1.39443E+1	-1.52776E-1	-1.30322E-1
7.20550E+11	1.10044E-12	-1.75022E+1	8.46693E-2	-1.02980E-1
7.20725E+11	7.78089E-13	-1.92500E+1	8.74493E-2	-6.50968E-2
7.20900E+11	8.28700E-13	-1.47980E+1	-1.81927E-1	-5.57605E-3
7.21075E+11	4.85500E-13	-1.94642E+1	-9.09289E-2	5.51823E-2
7.21250E+11	1.46413E-12	-1.63447E+1	1.19953E-1	-9.38802E-2
7.21425E+11	3.72638E-13	-1.87468E+1	3.37255E-2	-1.10488E-1
7.21600E+11	9.90053E-13	-1.51947E+1	1.23901E-1	1.22004E-1
7.21775E+11	6.71223E-13	-1.20834E+1	-1.48550E-2	-2.48345E-1
7.21950E+11	5.69297E-13	-1.32518E+1	1.12909E-1	-1.85867E-1
7.22125E+11	8.19055E-13	-7.97648E+0	7.01143E-2	3.92981E-1
7.22300E+11	3.11598E-12	-8.23827E+0	-2.81267E-1	2.66302E-1
7.22475E+11	3.93908E-12	-5.90536E+0	-1.31940E-1	-4.89198E-1
7.22650E+11	2.96947E-12	-1.76557E-1	7.24662E-1	-6.59565E-1
7.22825E+11	2.69755E-12	-1.10408E+0	8.62354E-1	1.78508E-1
7.23000E+11	7.12804E-12	5.16255E+0	-7.11449E-2	1.81047E+0
7.23175E+11	1.12766E-13	-1.76365E+1	9.37372E-2	9.19018E-2
7.23350E+11	8.14785E-13	-2.00132E+0	4.66866E-1	6.42496E-1
7.23525E+11	2.71265E-12	-4.62141E+0	-1.06396E-1	5.77678E-1
7.23700E+11	4.50018E-12	3.94147E+0	1.30429E+0	-8.81523E-1
7.23875E+11	3.37953E-12	4.82121E+0	1.74205E+0	1.66039E-3
7.24050E+11	6.29792E-13	-2.78070E-2	-5.93995E-1	8.00492E-1
7.24225E+11	3.28802E-12	3.23557E+0	-1.23891E+0	-7.56028E-1
7.24400E+11	1.06536E-11	4.00987E+0	1.22212E+0	1.01194E+0
7.24575E+11	1.82603E-12	-3.79892E+0	-3.51663E-1	5.41577E-1
7.24750E+11	4.98364E-12	5.50098E+0	-6.79234E-1	-1.75715E+0
7.24925E+11	4.10895E-14	-1.63390E+1	-6.89926E-2	1.35915E-1
7.25100E+11	9.30975E-13	-6.14657E+0	-7.73077E-2	4.86699E-1
7.25275E+11	3.07665E-12	1.00276E+1	-1.32762E+0	2.88118E+0
7.25450E+11	3.19370E-12	2.01845E+1	-9.96962E+0	-2.22414E+0
7.25625E+11	1.03717E-12	-5.28695E+0	-3.40635E-1	-4.24237E-1
7.25800E+11	9.31284E-13	-3.14706E-1	-2.33555E-1	-9.35709E-1
7.25975E+11	2.20979E-12	2.10020E+1	-9.24776E+0	-6.35849E+0
7.26150E+11	7.50287E-13	-2.88236E-1	-9.45587E-1	-2.04085E-1
7.26325E+11	1.20335E-15	2.86651E+0	5.58802E-1	-1.27382E+0
7.26500E+11	4.69419E-14	-2.03032E+1	7.87048E-2	5.59564E-2
7.26675E+11	3.58367E-12	3.95438E+0	1.53055E+0	-3.78239E-1
7.26850E+11	2.35903E-13	1.61639E+0	1.15448E+0	-3.43618E-1
7.27025E+11	6.26411E-13	-1.31667E+0	3.73891E-1	-7.73742E-1
7.27200E+11	1.07495E-12	-8.44582E+0	-3.76074E-1	3.99423E-2
7.27375E+11	1.87882E-12	-6.18041E+0	-3.20982E-1	-3.71401E-1
7.27550E+11	1.82722E-13	-1.02925E+1	1.66441E-1	2.56485E-1
7.27725E+11	1.04492E-13	-1.41178E+1	-1.62813E-1	1.10624E-1
7.27900E+11	1.35490E-12	-5.68402E+0	-1.89140E-1	-4.84119E-1
7.28075E+11	2.17917E-13	-1.63061E+1	-1.52548E-1	1.17725E-2
7.28250E+11	6.32069E-12	-2.65188E+0	7.30323E-1	-9.82023E-2
7.28425E+11	9.15336E-13	-1.02939E+1	1.40048E-1	-2.71740E-1
7.28600E+11	1.54468E-12	-6.30057E+0	-2.38764E-1	-4.21169E-1
7.28775E+11	3.37981E-12	-3.35514E+0	5.68562E-1	3.72252E-1
7.28950E+11	8.07506E-13	-5.94005E+0	5.04484E-1	-1.32793E-2
7.29125E+11	5.87404E-14	-2.47295E+1	-5.56063E-2	1.65351E-2
7.29300E+11	2.96959E-12	-4.26456E+0	1.65612E-1	5.89196E-1
7.29475E+11	5.87480E-14	-1.31460E+1	-1.13212E-1	-1.88799E-1
7.29650E+11	1.22276E-13	-1.79405E+1	-1.24214E-1	2.52662E-2
7.29825E+11	2.44561E-13	-8.96405E+0	2.94781E-1	-2.00109E-1
7.30000E+11	1.44390E-12	-5.76500E-1	5.09871E-1	-7.84679E-1
