Position	Channel 1	Channel 2	Channel 3	Channel 4
4.50000E+11	6.73379E-13	-1.33550E+1	3.59012E-2	2.11886E-1
4.50175E+11	2.48229E-12	-8.69213E+0	-3.52981E-1	1.02690E-1
4.50350E+11	8.81388E-13	-1.37001E+1	1.23684E-1	-1.65407E-1
4.50525E+11	2.76097E-13	-1.72568E+1	-1.67154E-3	1.37129E-1
4.50700E+11	9.77510E-14	-2.40978E+1	-4.19807E-2	4.61523E-2
4.50875E+11	1.62051E-12	-1.16415E+1	-2.61346E-1	1.49799E-2
4.51050E+11	3.96680E-13	-1.46264E+1	1.20182E-1	-1.41490E-1
4.51225E+11	1.56231E-12	-1.15134E+1	2.29639E-1	1.33577E-1
4.51400E+11	1.17783E-12	-1.30336E+1	1.18376E-1	1.88997E-1
4.51575E+11	3.02155E-12	-7.83937E+0	4.00357E-1	6.46179E-2
4.51750E+11	2.86550E-12	-4.35598E+0	5.41981E-1	-2.70247E-1
4.51925E+11	6.15142E-13	-7.52562E+0	4.15031E-1	-6.73126E-2
4.52100E+11	2.79462E-13	-1.91727E+1	5.26319E-3	1.09867E-1
4.52275E+11	4.05511E-12	-1.02525E+1	-3.06727E-1	1.64804E-2
4.52450E+11	1.49536E-11	-1.33243E+1	1.28769E-1	-1.73005E-1
4.52625E+11	3.00225E-11	-1.41018E+1	1.91196E-1	4.82972E-2
4.52800E+11	6.43316E-11	-1.34832E+1	2.17693E-2	2.10637E-1
4.52975E+11	8.56417E-11	-1.44470E+1	-1.31889E-1	1.36097E-1
4.53150E+11	8.10314E-11	-1.83927E+1	-1.14456E-1	-3.71291E-2
4.53325E+11	8.06793E-11	-2.01692E+1	1.59292E-2	-9.67689E-2
4.53500E+11	1.10082E-10	-1.97154E+1	8.93027E-2	5.19832E-2
4.53675E+11	7.89652E-11	-2.15295E+1	-4.71282E-2	6.93569E-2
4.53850E+11	8.13940E-11	-2.24166E+1	-7.01744E-2	-2.84250E-2
4.54025E+11	9.04037E-11	-2.39156E+1	3.20953E-2	-5.50368E-2
4.54200E+11	8.59229E-11	-2.44091E+1	5.44728E-2	2.56101E-2
4.54375E+11	5.28542E-11	-2.64249E+1	-3.23904E-4	4.77249E-2
4.54550E+11	2.55328E-11	-2.86464E+1	-3.65777E-2	-5.27216E-3
4.54725E+11	4.91214E-12	-3.43359E+1	6.15989E-3	-1.81806E-2
4.54900E+11	6.01789E-12	-3.11373E+1	2.42619E-2	1.34527E-2
4.55075E+11	5.96182E-13	-3.95766E+1	-2.46530E-3	1.02060E-2
4.55250E+11	6.06133E-12	-2.74862E+1	-3.85995E-2	1.71468E-2
4.55425E+11	2.18354E-12	-2.87273E+1	-3.22496E-2	1.73342E-2
4.55600E+11	8.26827E-12	-2.12090E+1	-5.42600E-2	-6.80140E-2
4.55775E+11	9.72276E-13	-2.73859E+1	4.22485E-2	-6.37703E-3
4.55950E+11	6.43719E-12	-1.34821E+1	-1.47884E-1	1.51603E-1
4.56125E+11	5.13047E-13	-1.87432E+1	9.92922E-2	-5.91369E-2
4.56300E+11	1.84211E-12	-8.37919E+0	3.66520E-1	-1.04411E-1
4.56475E+11	2.49540E-17	-5.98366E+1	-9.88474E-4	2.47495E-4
4.56650E+11	9.51592E-13	-1.41755E+1	5.18008E-2	-1.88549E-1
4.56825E+11	1.50841E-12	-1.73974E+1	1.11935E-1	-7.53543E-2
4.57000E+11	9.22461E-13	-1.86700E+1	1.14251E-1	2.30218E-2
4.57175E+11	2.01039E-13	-2.37622E+1	-5.93856E-2	2.60472E-2
4.57350E+11	1.76519E-12	-1.43476E+1	1.62319E-1	1.01986E-1
4.57525E+11	1.39495E-13	-2.29564E+1	-6.97276E-2	1.41603E-2
4.57700E+11	2.00562E-12	-1.18839E+1	1.99440E-1	-1.58207E-1
4.57875E+11	1.87271E-12	-7.28743E+0	4.12124E-1	1.30010E-1
4.58050E+11	8.98073E-13	-5.12126E+0	4.25652E-1	-3.55444E-1
4.58225E+11	4.00937E-13	-3.80416E+0	6.01964E-1	2.32616E-1
4.58400E+11	1.43434E-12	3.72727E+0	-6.24707E-1	-1.40312E+0
4.58575E+11	5.14124E-13	-7.08381E+0	-1.51953E-1	4.15479E-1
4.58750E+11	1.23025E-12	-5.78915E+0	3.84256E-1	-3.40635E-1
4.58925E+11	4.24050E-13	-3.51125E+0	2.53130E-3	-6.67474E-1
4.59100E+11	3.96487E-12	3.49046E+0	1.48061E+0	2.03964E-1
4.59275E+11	1.35485E-13	-1.29071E+1	1.60137E-1	-1.59870E-1
4.59450E+11	8.21833E-14	-1.96418E+1	-9.34841E-2	-4.60483E-2
4.59625E+11	3.07588E-12	7.41170E-1	1.08245E+0	1.19943E-1
4.59800E+11	3.57767E-12	4.35392E+0	-1.08546E+0	1.24376E+0
4.59975E+11	5.13042E-12	7.23693E-1	-9.10299E-1	5.93869E-1
4.60150E+11	1.79110E-12	-2.08474E+0	7.79834E-1	-1.03074E-1
4.60325E+11	3.06613E-13	-1.19989E+1	-1.68679E-1	1.86169E-1
4.60500E+11	5.89117E-13	-7.40211E+0	9.42074E-2	4.15941E-1
4.60675E+11	6.25976E-13	-6.81900E+0	-3.12890E-1	3.31839E-1
4.60850E+11	2.09436E-12	-3.02533E-1	8.01059E-1	5.39457E-1
4.61025E+11	1.18859E-12	-1.03645E+0	2.47824E-1	8.52216E-1
4.61200E+11	3.91823E-12	-2.16443E+0	-4.87518E-1	-6.08146E-1
4.61375E+11	3.78952E-12	-7.77916E-1	8.76308E-1	-2.60939E-1
4.61550E+11	4.54926E-12	6.26622E-1	8.26073E-1	6.87617E-1
4.61725E+11	5.45344E-12	1.08112E+1	-2.51889E+0	2.38931E+0
4.61900E+11	2.47901E-12	-5.81700E-1	5.37611E-2	-9.33676E-1
4.62075E+11	1.12031E-12	1.90469E-1	5.21528E-1	-8.79114E-1
4.62250E+11	1.24809E-12	-5.36224E+0	5.19298E-1	1.45779E-1
4.62425E+11	9.88865E-13	-9.01329E+0	-1.05265E-1	-3.38271E-1
4.62600E+11	2.78322E-12	1.17212E+0	8.79631E-2	-1.14109E+0
4.62775E+11	1.61187E-12	4.46435E+0	1.60011E+0	4.84744E-1
4.62950E+11	2.53146E-13	-5.99675E+0	3.20348E-1	3.85686E-1
4.63125E+11	2.25794E-12	4.15384E+0	9.84829E-1	1.27772E+0
4.63300E+11	1.68347E-12	-6.11782E-1	4.08949E-1	-8.37475E-1
4.63475E+11	3.49142E-13	4.56871E-1	-7.25282E-1	7.64786E-1
4.63650E+11	5.61151E-14	-2.19179E+1	4.47904E-2	-6.65112E-2
4.63825E+11	2.59331E-12	-1.74795E+0	-1.00944E-2	-8.17654E-1
4.64000E+11	4.94274E-13	-1.38133E+1	-2.27904E-2	-2.02584E-1
4.64175E+11	2.40691E-12	-6.43464E+0	-4.76720E-1	-2.05445E-3
4.64350E+11	1.30120E-11	-7.20027E-1	5.21877E-1	-7.58200E-1
4.64525E+11	9.21386E-12	3.84777E+0	6.29660E-1	1.42439E+0
4.64700E+11	2.27681E-11	1.22786E+1	-3.65807E+0	-1.87550E+0
4.64875E+11	3.64236E-11	8.86092E+0	1.27932E+0	-2.46095E+0
4.65050E+11	6.55899E-11	9.71292E+0	8.80955E-1	2.92989E+0
4.65225E+11	8.54495E-11	1.00975E+1	-3.04124E+0	-9.88904E-1
4.65400E+11	6.81790E-11	5.01871E+0	1.61803E+0	-7.46931E-1
4.65575E+11	1.10624E-10	6.04568E+0	4.84691E-1	1.94634E+0
4.65750E+11	2.04552E-10	7.01869E+0	-2.16993E+0	-5.69985E-1
4.65925E+11	2.97193E-10	6.54069E+0	1.23063E+0	-1.73045E+0
4.66100E+11	3.99394E-10	7.02849E+0	2.09909E+0	7.99182E-1
4.66275E+11	4.99795E-10	7.91704E+0	-1.49408E+0	1.98945E+0
4.66450E+11	3.38395E-10	5.94647E+0	-1.51935E+0	-1.27431E+0
4.66625E+11	4.09814E-10	5.86671E+0	1.56706E+0	-1.18536E+0
4.66800E+11	4.14468E-10	6.72599E+0	9.34245E-1	1.95770E+0
4.66975E+11	3.77142E-10	9.75946E+0	-3.04143E+0	-4.59220E-1
4.67150E+11	4.08337E-10	1.01306E+1	1.84265E+0	-2.62869E+0
4.67325E+11	3.24829E-10	9.01189E+0	2.01394E+0	1.97715E+0
4.67500E+11	3.22789E-10	8.51334E+0	-2.55609E+0	7.53405E-1
4.67675E+11	2.07212E-10	1.47605E+1	1.50333E+0	-5.25984E+0
4.67850E+11	1.27513E-10	7.56968E+0	2.30130E+0	6.46835E-1
4.68025E+11	1.05888E-10	6.49219E+0	-1.67207E+0	1.28958E+0
4.68200E+11	5.92401E-11	4.31504E+0	-9.81662E-1	-1.31803E+0
4.68375E+11	9.54648E-11	3.93675E+0	1.18128E+0	-1.03930E+0
4.68550E+11	8.11680E-11	4.25942E+0	7.48636E-1	1.45122E+0
4.68725E+11	6.87201E-11	-5.97557E-1	-9.33238E-1	-2.28014E-2
4.68900E+11	4.12909E-11	-8.44378E-1	1.23107E-1	-8.98973E-1
4.69075E+11	9.12293E-11	1.58566E-1	1.01825E+0	1.87821E-2
4.69250E+11	8.23211E-11	-3.39687E+0	-5.33408E-1	4.15805E-1
4.69425E+11	9.95737E-11	-2.76273E+0	-3.13611E-1	-6.56490E-1
4.69600E+11	9.54489E-11	-5.33950E+0	5.40783E-1	-1.55828E-3
4.69775E+11	5.97695E-11	-6.61100E+0	1.31523E-1	4.48246E-1
4.69950E+11	4.19996E-11	-7.55578E+0	-3.61907E-1	2.11144E-1
4.70125E+11	7.04201E-11	-6.05519E+0	-2.02690E-1	-4.54899E-1
4.70300E+11	6.16254E-11	-7.22836E+0	3.72930E-1	-2.24119E-1
4.70475E+11	1.05037E-10	-6.21873E+0	2.11624E-1	4.40530E-1
4.70650E+11	6.85082E-11	-1.02490E+1	-2.86889E-1	1.10103E-1
4.70825E+11	1.15904E-10	-9.56374E+0	-1.42552E-1	-3.00410E-1
4.71000E+11	1.46237E-10	-8.27647E+0	2.71792E-1	-2.73575E-1
4.71175E+11	2.39984E-10	-7.06673E+0	3.82905E-1	2.23311E-1
4.71350E+11	2.07587E-10	-7.54184E+0	-4.67881E-2	4.17054E-1
4.71525E+11	1.79162E-10	-8.14001E+0	-3.64911E-1	1.42482E-1
4.71700E+11	4.14948E-10	-5.52102E+0	-2.24168E-1	-4.79819E-1
4.71875E+11	6.70476E-10	-3.50022E+0	5.64069E-1	-3.58451E-1
4.72050E+11	1.29932E-9	4.78868E-1	5.19892E-1	9.19937E-1
4.72225E+11	1.76152E-9	-3.77104E-1	-9.33875E-1	-2.11447E-1
4.72400E+11	3.21960E-9	-1.63073E+0	5.62499E-1	-6.08726E-1
4.72575E+11	4.28719E-9	-3.07712E+0	2.81553E-1	6.42723E-1
4.72750E+11	7.38084E-9	-2.98377E+0	-7.07775E-1	-4.60290E-2
4.72925E+11	9.29367E-9	-4.53916E+0	3.34472E-1	-4.89650E-1
4.73100E+11	1.45649E-8	-6.81783E+0	2.14527E-1	4.02557E-1
4.73275E+11	2.08023E-8	-8.71971E+0	-3.56509E-1	8.47765E-2
4.73450E+11	2.45549E-8	-9.94226E+0	-5.76025E-3	-3.18285E-1
4.73625E+11	2.44496E-8	-1.11698E+1	2.74250E-1	3.42671E-2
4.73800E+11	2.28604E-8	-1.21176E+1	-9.05458E-2	2.30676E-1
4.73975E+11	2.44167E-8	-1.20422E+1	-1.92313E-1	-1.59689E-1
4.74150E+11	2.19040E-8	-1.19830E+1	2.13768E-1	-1.32839E-1
4.74325E+11	2.19789E-8	-1.23982E+1	3.71599E-2	2.37038E-1
4.74500E+11	2.22844E-8	-1.22784E+1	-2.37788E-1	-5.13318E-2
4.74675E+11	2.38712E-8	-1.14645E+1	1.25739E-1	-2.35721E-1
4.74850E+11	1.88808E-8	-1.08353E+1	1.96918E-1	2.09106E-1
4.75025E+11	1.44023E-8	-1.09118E+1	-2.70373E-1	8.92295E-2
4.75200E+11	1.55766E-8	-1.13808E+1	-2.79633E-2	-2.68297E-1
4.75375E+11	1.42042E-8	-1.19070E+1	2.43026E-1	7.34809E-2
4.75550E+11	9.27024E-9	-1.32275E+1	-1.39499E-1	1.67633E-1
4.75725E+11	6.51033E-9	-1.29180E+1	-1.23318E-1	-1.89385E-1
4.75900E+11	5.10419E-9	-1.29597E+1	2.08366E-1	-8.46748E-2
4.76075E+11	3.82317E-9	-1.33220E+1	3.21406E-2	2.13316E-1
4.76250E+11	3.40056E-9	-1.33577E+1	-2.14341E-1	-1.46378E-2
4.76425E+11	2.77118E-9	-1.29557E+1	9.21560E-2	-2.05281E-1
4.76600E+11	2.24529E-9	-1.22725E+1	1.72035E-1	1.72229E-1
4.76775E+11	1.62747E-9	-1.15626E+1	-2.20579E-1	1.45348E-1
4.76950E+11	1.61644E-9	-1.02696E+1	-1.71257E-1	-2.54268E-1
4.77125E+11	1.53469E-9	-9.34459E+0	2.85434E-1	-1.86593E-1
4.77300E+11	1.23913E-9	-1.04792E+1	-2.84205E-1	-9.37048E-2
4.77475E+11	1.40941E-9	-9.69633E+0	2.13918E-1	-2.47955E-1
4.77650E+11	1.27939E-9	-6.42233E+0	1.54896E-1	4.51574E-1
4.77825E+11	1.19912E-9	-5.15237E+0	-5.48714E-1	-6.51034E-2
4.78000E+11	1.28831E-9	-4.04487E+0	4.07335E-1	-4.77591E-1
4.78175E+11	8.93841E-10	-3.98864E+0	2.35002E-1	5.86451E-1
4.78350E+11	1.20133E-9	-3.56814E+0	-6.33012E-1	1.97551E-1
4.78525E+11	1.12069E-9	-3.13622E+0	-2.08123E-1	-6.65128E-1
4.78700E+11	1.32122E-9	-1.84286E+0	7.81115E-1	-2.09916E-1
4.78875E+11	1.40880E-9	-2.53075E+0	-9.44451E-2	7.41251E-1
4.79050E+11	1.67977E-9	-3.54272E+0	-5.68264E-1	-3.45525E-1
4.79225E+11	1.70520E-9	-5.98724E+0	3.73796E-1	-3.34969E-1
4.79400E+11	1.88929E-9	-8.26162E+0	2.44895E-1	2.98748E-1
4.79575E+11	1.28124E-9	-7.70218E+0	-1.75903E-1	3.72555E-1
4.79750E+11	9.64159E-10	5.80573E+0	-1.81403E+0	7.18469E-1
4.79925E+11	1.35087E-9	4.39121E+0	1.62179E+0	-3.44195E-1
4.80100E+11	1.06187E-9	2.58635E+0	-8.84703E-1	1.01552E+0
4.80275E+11	1.01443E-9	6.21367E+0	-9.01613E-1	-1.83546E+0
4.80450E+11	1.03794E-9	1.03300E+1	3.20612E+0	-7.14250E-1
4.80625E+11	9.62665E-10	9.17134E+0	-1.00458E+0	2.69328E+0
4.80800E+11	9.81107E-10	9.84997E+0	-1.32049E+0	-2.81367E+0
4.80975E+11	7.49400E-10	6.31804E+0	1.90220E+0	8.15592E-1
4.81150E+11	4.53671E-10	5.97955E+0	-1.55692E+0	1.24031E+0
4.81325E+11	3.24454E-10	3.80612E+0	-3.16050E-1	-1.51734E+0
4.81500E+11	2.50949E-10	4.71309E+0	1.68458E+0	3.49744E-1
4.81675E+11	2.27198E-10	3.37985E+0	-8.65917E-1	1.19491E+0
4.81850E+11	2.82069E-10	3.48108E+0	-5.23379E-1	-1.39824E+0
4.82025E+11	2.84319E-10	1.25562E+0	1.15196E+0	9.07110E-2
4.82200E+11	2.67525E-10	1.57085E+0	-5.88695E-1	1.04365E+0
4.82375E+11	2.38428E-10	2.52075E+0	-7.62516E-1	-1.09789E+0
4.82550E+11	2.87236E-10	3.77319E-1	1.01445E+0	-2.48314E-1
4.82725E+11	3.52330E-10	-3.91309E-1	-3.29555E-1	8.97347E-1
4.82900E+11	5.32352E-10	1.49114E+0	-9.19794E-1	-7.50757E-1
4.83075E+11	6.79242E-10	2.94296E-1	9.35636E-1	-4.41245E-1
4.83250E+11	1.09216E-9	1.31017E+0	2.80026E-1	1.12859E+0
4.83425E+11	1.29759E-9	1.58565E+0	-1.17764E+0	-2.32008E-1
4.83600E+11	1.46117E-9	-6.33747E-1	5.52190E-1	-7.47869E-1
4.83775E+11	1.64144E-9	-2.29447E+0	4.64958E-1	6.11071E-1
4.83950E+11	1.18700E-9	-3.90009E+0	-5.62451E-1	3.01695E-1
4.84125E+11	9.59426E-10	-4.45019E+0	-1.24377E-1	-5.86035E-1
4.84300E+11	6.75324E-10	-6.30581E+0	4.83391E-1	2.10286E-2
4.84475E+11	5.45051E-10	-4.91136E+0	-1.47948E-1	5.48507E-1
4.84650E+11	7.76574E-10	-3.57625E+0	-5.78851E-1	-3.22244E-1
4.84825E+11	1.09297E-9	-1.83589E+0	5.34377E-1	-6.08028E-1
4.85000E+11	9.13793E-10	-2.09246E+0	5.69574E-1	5.41527E-1
4.85175E+11	7.14825E-10	-6.53920E+0	-1.02053E-1	4.59832E-1
4.85350E+11	1.17874E-9	-4.80137E+0	-5.75336E-1	-3.81213E-3
4.85525E+11	1.82498E-9	-1.39245E+0	2.24988E-2	-8.51581E-1
4.85700E+11	2.63090E-9	2.29192E+0	1.09743E+0	7.00521E-1
4.85875E+11	3.02693E-9	2.57949E+0	-1.22858E+0	5.49283E-1
4.86050E+11	3.00397E-9	3.73234E+0	3.32763E-1	-1.50034E+0
4.86225E+11	4.00144E-9	5.02389E+0	9.23669E-1	1.52531E+0
4.86400E+11	5.42843E-9	3.38647E+0	-1.45130E+0	-2.73273E-1
4.86575E+11	3.46618E-9	8.35339E-1	7.82301E-1	-7.74656E-1
4.86750E+11	3.02142E-9	-3.04514E+0	2.46261E-1	6.59819E-1
4.86925E+11	4.50641E-9	-2.18458E+0	-7.12043E-1	3.12566E-1
4.87100E+11	3.73696E-9	-3.53189E+0	-2.90255E-1	-5.99306E-1
4.87275E+11	1.20065E-9	-7.65993E+0	4.09445E-1	-6.12626E-2
4.87450E+11	9.40862E-10	-9.14620E+0	4.68240E-2	3.45735E-1
4.87625E+11	3.92766E-9	-3.53878E+0	-6.41545E-1	1.76447E-1
4.87800E+11	9.62949E-9	1.85261E-1	-2.75231E-1	-9.83783E-1
4.87975E+11	1.16092E-8	5.03609E-1	1.04835E+0	-1.54644E-1
4.88150E+11	7.50962E-9	-1.59298E-1	5.73578E-2	9.80150E-1
4.88325E+11	6.82254E-9	-2.53319E-1	-9.65700E-1	-1.03747E-1
4.88500E+11	6.28072E-9	-1.49083E+0	1.56212E-1	-8.27672E-1
4.88675E+11	5.89715E-9	-1.30473E+0	8.08145E-1	2.95646E-1
4.88850E+11	9.43282E-9	2.90612E-1	-8.13968E-1	6.37700E-1
4.89025E+11	1.53121E-8	1.44659E-1	-5.14762E-2	-1.01549E+0
4.89200E+11	2.30341E-8	-1.55116E+0	7.90533E-1	2.73338E-1
4.89375E+11	2.17043E-8	-3.21874E+0	-3.77032E-1	5.78287E-1
4.89550E+11	2.11378E-8	-6.02805E+0	-3.38955E-1	-3.66989E-1
4.89725E+11	1.91874E-8	-8.55194E+0	3.20544E-1	-1.91901E-1
4.89900E+11	1.85571E-8	-1.18383E+1	6.27988E-2	2.48084E-1
4.90075E+11	2.19670E-8	-1.16276E+1	-2.60208E-1	3.21976E-2
4.90250E+11	2.37690E-8	-1.08331E+1	-2.41112E-2	-2.86293E-1
4.90425E+11	3.06445E-8	-8.72028E+0	3.63699E-1	-4.46217E-2
4.90600E+11	3.60624E-8	-7.55054E+0	2.34034E-2	4.18596E-1
4.90775E+11	5.10617E-8	-8.13978E+0	-3.88016E-1	-5.39711E-2
4.90950E+11	6.01631E-8	-1.05273E+1	1.28079E-1	-2.68629E-1
4.91125E+11	7.66371E-8	-1.11490E+1	2.30483E-1	1.53724E-1
4.91300E+11	1.00864E-7	-1.01706E+1	-2.09664E-1	2.28449E-1
4.91475E+11	1.16345E-7	-9.40693E+0	-1.75665E-1	-2.89438E-1
4.91650E+11	1.04643E-7	-9.68500E+0	3.19461E-1	-7.39421E-2
4.91825E+11	7.25500E-8	-1.04628E+1	-1.28294E-2	2.99546E-1
4.92000E+11	5.19948E-8	-1.11066E+1	-2.53431E-1	-1.15239E-1
4.92175E+11	3.35608E-8	-1.24662E+1	1.60250E-1	-1.76050E-1
4.92350E+11	2.23287E-8	-1.39282E+1	1.32017E-1	1.51809E-1
4.92525E+11	1.46228E-8	-1.46889E+1	-1.39943E-1	1.19948E-1
4.92700E+11	1.45033E-8	-1.45227E+1	-1.10438E-1	-1.51987E-1
4.92875E+11	1.20066E-8	-1.41347E+1	1.69557E-1	-9.92226E-2
4.93050E+11	1.20694E-8	-1.38467E+1	8.07639E-2	1.86327E-1
4.93225E+11	1.13464E-8	-1.29371E+1	-2.18973E-1	5.38604E-2
4.93400E+11	1.89638E-8	-1.16331E+1	6.63225E-3	-2.61941E-1
4.93575E+11	2.47216E-8	-1.04617E+1	2.75512E-1	1.18354E-1
4.93750E+11	2.55400E-8	-9.10843E+0	-2.39731E-1	2.55573E-1
4.93925E+11	3.29967E-8	-8.22888E+0	-1.47908E-1	-3.58436E-1
4.94100E+11	5.75863E-8	-7.39450E+0	4.24033E-1	4.89545E-2
4.94275E+11	8.03094E-8	-8.09112E+0	-2.15812E-1	3.29582E-1
4.94450E+11	7.63464E-8	-9.45103E+0	-2.30025E-1	-2.46096E-1
4.94625E+11	6.16135E-8	-1.08323E+1	2.42093E-1	-1.54760E-1
4.94800E+11	4.46305E-8	-1.21414E+1	9.48664E-2	2.28200E-1
4.94975E+11	4.12455E-8	-1.29462E+1	-2.24995E-1	1.09869E-2
4.95150E+11	3.24812E-8	-1.32553E+1	3.43891E-2	-2.14650E-1
4.95325E+11	2.91859E-8	-1.37912E+1	2.04073E-1	1.12174E-2
4.95500E+11	2.79610E-8	-1.38389E+1	-3.56766E-2	2.00107E-1
4.95675E+11	3.64833E-8	-1.34196E+1	-1.81291E-1	-1.12414E-1
4.95850E+11	4.46150E-8	-1.30472E+1	1.69201E-1	-1.44734E-1
4.96025E+11	5.44386E-8	-1.22589E+1	1.21566E-1	2.11343E-1
4.96200E+11	7.04665E-8	-1.09341E+1	-2.79824E-1	4.84330E-2
4.96375E+11	8.89411E-8	-9.62337E+0	9.64841E-2	-3.15833E-1
4.96550E+11	1.09264E-7	-8.56063E+0	2.71793E-1	2.55781E-1
4.96725E+11	8.76583E-8	-8.80263E+0	-3.24297E-1	1.63025E-1
4.96900E+11	7.70108E-8	-9.77950E+0	-6.31367E-2	-3.18154E-1
4.97075E+11	4.98004E-8	-1.06476E+1	2.92644E-1	2.25300E-2
4.97250E+11	3.38958E-8	-1.20422E+1	-6.59791E-2	2.41107E-1
4.97425E+11	2.32133E-8	-1.35859E+1	-1.73329E-1	-1.17264E-1
4.97600E+11	1.64756E-8	-1.44591E+1	1.46850E-1	-1.19381E-1
4.97775E+11	1.28703E-8	-1.48521E+1	9.04583E-2	1.56638E-1
4.97950E+11	1.12571E-8	-1.49582E+1	-1.57560E-1	8.42804E-2
4.98125E+11	9.70473E-9	-1.47375E+1	-8.34046E-2	-1.63208E-1
4.98300E+11	9.41940E-9	-1.45002E+1	1.65384E-1	-9.01530E-2
4.98475E+11	1.28817E-8	-1.33895E+1	5.81139E-2	2.06016E-1
4.98650E+11	1.54649E-8	-1.22022E+1	-2.45251E-1	-8.77400E-3
4.98825E+11	2.15279E-8	-1.12359E+1	9.83622E-2	-2.56043E-1
4.99000E+11	2.63269E-8	-1.01847E+1	2.47862E-1	1.85471E-1
4.99175E+11	3.15521E-8	-9.38633E+0	-2.97798E-1	1.62768E-1
4.99350E+11	3.55148E-8	-8.89224E+0	-1.14279E-1	-3.40581E-1
4.99525E+11	2.61204E-8	-9.83704E+0	3.21466E-1	-2.19791E-2
4.99700E+11	2.32595E-8	-1.13377E+1	-1.31039E-1	2.37316E-1
4.99875E+11	1.91688E-8	-1.23136E+1	-6.98497E-2	-2.31995E-1
5.00050E+11	1.25792E-8	-1.31934E+1	2.05355E-1	7.59291E-2
5.00225E+11	1.30594E-8	-1.38504E+1	-1.31201E-1	1.54895E-1
5.00400E+11	1.98563E-8	-1.41993E+1	-1.41538E-1	-1.34133E-1
5.00575E+11	2.49835E-8	-1.40662E+1	1.43087E-1	-1.36873E-1
5.00750E+11	2.70288E-8	-1.34946E+1	1.13861E-1	1.78214E-1
5.00925E+11	3.31590E-8	-1.28151E+1	-2.18480E-1	6.75629E-2
5.01100E+11	4.36722E-8	-1.21516E+1	3.48058E-2	-2.44376E-1
5.01275E+11	5.84734E-8	-1.07434E+1	2.45154E-1	1.55456E-1
5.01450E+11	6.96215E-8	-9.87265E+0	-2.59437E-1	1.88860E-1
5.01625E+11	7.98766E-8	-8.97124E+0	-1.21394E-1	-3.34653E-1
5.01800E+11	7.61504E-8	-7.59781E+0	4.16969E-1	2.18745E-3
5.01975E+11	5.46151E-8	-5.45144E+0	-1.62573E-1	5.08505E-1
5.02150E+11	2.69169E-8	-4.60366E+0	-4.22549E-1	-4.09752E-1
5.02325E+11	1.83402E-8	-4.02785E+0	6.04084E-1	-1.75058E-1
5.02500E+11	1.53554E-8	-3.43902E+0	-1.33755E-1	6.59628E-1
5.02675E+11	1.47586E-8	-2.23746E+0	-6.71164E-1	-3.83304E-1
5.02850E+11	1.25718E-8	-3.19642E-1	6.27685E-1	-7.31474E-1
5.03025E+11	1.46570E-8	1.43159E+0	6.82878E-1	9.61322E-1
5.03200E+11	1.62160E-8	3.13915E+0	-1.39671E+0	3.30779E-1
5.03375E+11	2.24540E-8	3.35370E+0	4.33928E-1	-1.40580E+0
5.03550E+11	2.59805E-8	2.90464E+0	1.08114E+0	8.84911E-1
5.03725E+11	2.71343E-8	3.66852E+0	-1.25456E+0	8.67971E-1
5.03900E+11	3.58959E-8	3.73149E+0	-3.79012E-1	-1.48917E+0
5.04075E+11	5.78804E-8	4.26831E+0	1.63178E+0	9.62946E-2
5.04250E+11	9.32977E-8	4.26487E+0	-7.34892E-1	1.45938E+0
5.04425E+11	1.00125E-7	2.79037E+0	-6.92429E-1	-1.19238E+0
5.04600E+11	8.82814E-8	3.34479E-1	1.02094E+0	1.94287E-1
5.04775E+11	7.12803E-8	-2.15474E+0	-6.13614E-1	4.82027E-1
5.04950E+11	5.99806E-8	-4.87011E+0	-5.28294E-2	-5.68364E-1
5.05125E+11	4.21752E-8	-7.10929E+0	4.31535E-1	9.13558E-2
5.05300E+11	3.22882E-8	-8.89988E+0	-1.17068E-1	3.39299E-1
5.05475E+11	2.63288E-8	-9.77596E+0	-3.15001E-1	-7.78991E-2
5.05650E+11	3.42012E-8	-9.09272E+0	8.70295E-2	-3.40087E-1
5.05825E+11	3.43662E-8	-7.86232E+0	3.07524E-1	2.62722E-1
5.06000E+11	3.65176E-8	-8.02390E+0	-3.66575E-1	1.52456E-1
5.06175E+11	4.26883E-8	-8.14279E+0	-6.89697E-2	-3.85495E-1
5.06350E+11	5.48782E-8	-7.64793E+0	4.12447E-1	4.19557E-2
5.06525E+11	7.35334E-8	-7.22663E+0	-1.59215E-1	4.05009E-1
5.06700E+11	9.87813E-8	-7.01072E+0	-3.83265E-1	-2.28347E-1
5.06875E+11	1.26428E-7	-7.00055E+0	3.02239E-1	-3.28865E-1
5.07050E+11	1.49831E-7	-6.68446E+0	2.48314E-1	3.91028E-1
5.07225E+11	1.54349E-7	-6.53544E+0	-4.48725E-1	1.43872E-1
5.07400E+11	1.50336E-7	-6.82335E+0	1.25761E-2	-4.55688E-1
5.07575E+11	1.45831E-7	-7.90418E+0	3.82768E-1	1.24554E-1
5.07750E+11	1.09281E-7	-9.49537E+0	-1.68712E-1	2.89582E-1
5.07925E+11	8.41184E-8	-1.08519E+1	-2.39843E-1	-1.57045E-1
5.08100E+11	6.11945E-8	-1.17487E+1	1.36041E-1	-2.19882E-1
5.08275E+11	6.62351E-8	-1.24207E+1	2.08548E-1	1.17379E-1
5.08450E+11	6.11877E-8	-1.20974E+1	-1.38715E-1	2.06047E-1
5.08625E+11	6.15653E-8	-1.20484E+1	-1.72823E-1	-1.80358E-1
5.08800E+11	5.85295E-8	-1.19757E+1	2.30030E-1	-1.02642E-1
5.08975E+11	6.99848E-8	-1.15453E+1	5.52402E-2	2.58859E-1
5.09150E+11	6.34376E-8	-1.08268E+1	-2.86035E-1	2.91201E-2
5.09325E+11	6.52625E-8	-1.00058E+1	1.24747E-2	-3.15770E-1
5.09500E+11	5.82310E-8	-8.95355E+0	3.49590E-1	7.09448E-2
5.09675E+11	5.19161E-8	-8.68179E+0	-1.60700E-1	3.31117E-1
5.09850E+11	4.77636E-8	-8.18454E+0	-3.04165E-1	-2.43680E-1
5.10025E+11	5.62166E-8	-7.71536E+0	3.52023E-1	-2.12849E-1
5.10200E+11	7.47775E-8	-7.48173E+0	5.12283E-2	4.19468E-1
5.10375E+11	6.34496E-8	-7.94345E+0	-3.80477E-1	-1.25713E-1
5.10550E+11	4.50021E-8	-8.77540E+0	2.14836E-1	-2.93972E-1
5.10725E+11	3.73920E-8	-9.78458E+0	1.93787E-1	2.59869E-1
5.10900E+11	3.38470E-8	-1.04526E+1	-2.72267E-1	1.26389E-1
5.11075E+11	3.13167E-8	-1.11663E+1	-8.86436E-2	-2.61899E-1
5.11250E+11	2.79269E-8	-1.13760E+1	2.59797E-1	-7.31436E-2
5.11425E+11	2.78693E-8	-1.11358E+1	5.29211E-2	2.72374E-1
5.11600E+11	2.95125E-8	-1.07513E+1	-2.87424E-1	3.87501E-2
5.11775E+11	3.29679E-8	-1.02166E+1	-5.50012E-2	-3.03497E-1
5.11950E+11	3.94053E-8	-9.40212E+0	3.33859E-1	-5.74217E-2
5.12125E+11	5.44147E-8	-8.75188E+0	-4.17278E-2	3.62703E-1
5.12300E+11	6.44508E-8	-8.15773E+0	-3.51048E-1	-1.72052E-1
5.12475E+11	7.01839E-8	-8.10718E+0	2.85337E-1	-2.70571E-1
5.12650E+11	7.81024E-8	-8.03555E+0	1.68945E-1	3.58685E-1
5.12825E+11	7.72338E-8	-8.33188E+0	-3.80114E-1	4.83972E-2
5.13000E+11	7.48212E-8	-9.17781E+0	4.09359E-2	-3.45205E-1
5.13175E+11	6.43380E-8	-9.97055E+0	3.09029E-1	7.19845E-2
5.13350E+11	6.54351E-8	-1.06055E+1	-1.09318E-1	2.73928E-1
5.13525E+11	6.72216E-8	-1.07548E+1	-2.49997E-1	-1.46796E-1
5.13700E+11	6.25643E-8	-1.05996E+1	1.71272E-1	-2.40353E-1
5.13875E+11	5.34509E-8	-1.06126E+1	2.25367E-1	1.89881E-1
5.14050E+11	5.03825E-8	-1.05547E+1	-2.04910E-1	2.14525E-1
5.14225E+11	5.52009E-8	-9.57823E+0	-2.27835E-1	-2.41433E-1
5.14400E+11	6.19294E-8	-8.79018E+0	2.90527E-1	-2.18445E-1
5.14575E+11	5.44605E-8	-8.06031E+0	1.57775E-1	3.62506E-1
5.14750E+11	5.27560E-8	-7.35473E+0	-4.25579E-1	5.25312E-2
5.14925E+11	5.19432E-8	-6.69468E+0	4.45999E-2	-4.60510E-1
5.15100E+11	5.92720E-8	-6.18680E+0	4.68062E-1	1.46735E-1
5.15275E+11	5.57814E-8	-6.22049E+0	-2.20401E-1	4.36093E-1
5.15450E+11	4.65345E-8	-6.64502E+0	-3.84623E-1	-2.61888E-1
5.15625E+11	4.40017E-8	-7.26824E+0	2.78409E-1	-3.31758E-1
5.15800E+11	3.77823E-8	-7.96232E+0	2.67153E-1	2.97489E-1
5.15975E+11	3.38653E-8	-8.43988E+0	-3.28995E-1	1.87044E-1
5.16150E+11	3.49930E-8	-8.77429E+0	-1.05631E-1	-3.48497E-1
5.16325E+11	3.71320E-8	-8.98084E+0	3.53598E-1	-3.76495E-2
5.16500E+11	4.22350E-8	-9.24206E+0	-3.91919E-3	3.45039E-1
5.16675E+11	4.57673E-8	-9.47253E+0	-3.34481E-1	-3.21935E-2
5.16850E+11	5.45038E-8	-9.46052E+0	3.18258E-2	-3.34983E-1
5.17025E+11	6.53923E-8	-8.72899E+0	3.53185E-1	9.62245E-2
5.17200E+11	8.76702E-8	-8.39074E+0	-2.12279E-1	3.15896E-1
5.17375E+11	1.00696E-7	-8.04675E+0	-2.35320E-1	-3.18460E-1
5.17550E+11	1.03711E-7	-7.96829E+0	3.78030E-1	-1.29398E-1
5.17725E+11	1.28723E-7	-7.85925E+0	4.58338E-2	4.02006E-1
5.17900E+11	1.42611E-7	-7.44335E+0	-4.23158E-1	-3.31657E-2
5.18075E+11	1.56589E-7	-7.13072E+0	1.14561E-1	-4.24836E-1
5.18250E+11	1.64320E-7	-7.27371E+0	3.73700E-1	2.18375E-1
5.18425E+11	1.84289E-7	-7.49214E+0	-3.04723E-1	2.92051E-1
5.18600E+11	1.95598E-7	-7.54522E+0	-1.83503E-1	-3.77243E-1
5.18775E+11	1.79125E-7	-7.55583E+0	4.11417E-1	-7.93277E-2
5.18950E+11	1.73268E-7	-7.78041E+0	-1.66421E-3	4.08297E-1
5.19125E+11	1.91324E-7	-7.99624E+0	-3.90617E-1	-7.77487E-2
5.19300E+11	1.77868E-7	-8.31973E+0	1.54884E-1	-3.51072E-1
5.19475E+11	1.87955E-7	-8.56027E+0	2.95868E-1	2.27528E-1
5.19650E+11	1.55194E-7	-8.85499E+0	-3.00166E-1	2.00168E-1
5.19825E+11	1.80228E-7	-9.01114E+0	-7.90236E-2	-3.45435E-1
5.20000E+11	1.97972E-7	-8.64242E+0	3.64258E-1	6.33451E-2
5.20175E+11	2.20235E-7	-8.42778E+0	-1.95287E-1	3.24785E-1
5.20350E+11	2.45233E-7	-8.09693E+0	-2.57708E-1	-2.97620E-1
5.20525E+11	2.91985E-7	-7.73776E+0	3.64599E-1	-1.88206E-1
5.20700E+11	2.95970E-7	-7.36521E+0	8.25464E-2	4.20261E-1
5.20875E+11	3.21993E-7	-6.96813E+0	-4.46245E-1	-4.31372E-2
5.21050E+11	2.83143E-7	-6.91086E+0	1.69254E-1	-4.18350E-1
5.21225E+11	2.41574E-7	-7.04011E+0	3.17307E-1	3.11461E-1
5.21400E+11	2.58741E-7	-7.02006E+0	-4.00982E-1	1.94473E-1
5.21575E+11	2.24607E-7	-7.42946E+0	-2.94049E-2	-4.24117E-1
5.21750E+11	1.90885E-7	-7.90113E+0	3.89174E-1	1.03358E-1
5.21925E+11	1.65889E-7	-8.49809E+0	-1.93367E-1	3.22375E-1
5.22100E+11	1.32111E-7	-9.00330E+0	-2.40685E-1	-2.60514E-1
5.22275E+11	1.26870E-7	-9.45911E+0	3.07163E-1	-1.37528E-1
5.22450E+11	1.09757E-7	-9.92492E+0	2.88981E-2	3.17661E-1
5.22625E+11	1.17492E-7	-1.02308E+1	-3.05738E-1	-3.67162E-2
5.22800E+11	1.07136E-7	-9.92866E+0	1.39908E-1	-2.86500E-1
5.22975E+11	1.13321E-7	-9.63110E+0	2.17164E-1	2.48406E-1
5.23150E+11	1.24985E-7	-9.22402E+0	-3.23020E-1	1.23376E-1
5.23325E+11	1.59991E-7	-8.56978E+0	-1.12911E-2	-3.72659E-1
5.23500E+11	1.84533E-7	-7.73485E+0	3.99260E-1	9.51765E-2
5.23675E+11	1.82424E-7	-6.88749E+0	-2.21890E-1	3.94369E-1
5.23850E+11	1.89054E-7	-6.25327E+0	-3.15737E-1	-3.70498E-1
5.24025E+11	2.03794E-7	-6.01455E+0	4.81587E-1	-1.35731E-1
5.24200E+11	1.88230E-7	-6.17125E+0	-2.95444E-2	4.90514E-1
5.24375E+11	1.61083E-7	-6.72436E+0	-4.32290E-1	-1.60392E-1
5.24550E+11	1.35161E-7	-7.44304E+0	2.78545E-1	-3.20294E-1
5.24725E+11	1.07466E-7	-8.43493E+0	2.30101E-1	3.00732E-1
5.24900E+11	9.07160E-8	-9.37413E+0	-2.68465E-1	2.08394E-1
5.25075E+11	9.02505E-8	-1.00246E+1	-2.35953E-1	-2.09191E-1
5.25250E+11	8.91854E-8	-1.06553E+1	2.19161E-1	-1.94842E-1
5.25425E+11	1.00539E-7	-1.11037E+1	1.35880E-1	2.43097E-1
5.25600E+11	1.09495E-7	-1.10238E+1	-2.70348E-1	7.68797E-2
5.25775E+11	1.45289E-7	-1.01074E+1	1.93927E-2	-3.11739E-1
5.25950E+11	1.81954E-7	-9.30085E+0	3.16614E-1	1.31234E-1
5.26125E+11	2.13522E-7	-8.63264E+0	-2.14345E-1	3.01763E-1
5.26300E+11	2.62449E-7	-7.71944E+0	-2.70539E-1	-3.09636E-1
5.26475E+11	2.61620E-7	-6.98648E+0	4.18219E-1	-1.58875E-1
5.26650E+11	2.89922E-7	-6.77737E+0	-8.95066E-2	4.49455E-1
5.26825E+11	2.39899E-7	-7.36925E+0	-2.75399E-1	-3.27748E-1
5.27000E+11	1.93497E-7	-8.42343E+0	3.76140E-1	-4.77987E-2
5.27175E+11	1.57063E-7	-9.20911E+0	-8.75131E-2	3.35136E-1
5.27350E+11	1.30231E-7	-1.00521E+1	-2.69991E-1	-1.60974E-1
5.27525E+11	9.31143E-8	-1.07613E+1	1.96682E-1	-2.12692E-1
5.27700E+11	7.24683E-8	-1.12725E+1	1.63170E-1	2.19040E-1
5.27875E+11	7.65167E-8	-1.14469E+1	-2.47548E-1	1.01910E-1
5.28050E+11	7.42895E-8	-1.12563E+1	-2.19415E-2	-2.72762E-1
5.28225E+11	7.37784E-8	-1.08552E+1	2.77783E-1	7.04480E-2
5.28400E+11	8.60206E-8	-1.02833E+1	-1.40830E-1	2.71756E-1
5.28575E+11	1.10925E-7	-9.40144E+0	-2.80847E-1	-1.89479E-1
5.28750E+11	1.45253E-7	-8.51903E+0	2.31646E-1	-2.94918E-1
5.28925E+11	2.12781E-7	-7.15367E+0	3.11759E-1	3.08862E-1
5.29100E+11	2.53586E-7	-6.40457E+0	-4.16211E-1	2.35826E-1
5.29275E+11	2.93020E-7	-6.31499E+0	-1.35108E-2	-4.83149E-1
5.29450E+11	2.38563E-7	-7.13597E+0	3.74639E-1	2.30264E-1
5.29625E+11	1.59648E-7	-8.76896E+0	-3.20266E-1	1.73784E-1
5.29800E+11	9.82119E-8	-1.04297E+1	-5.75817E-2	-2.95406E-1
5.29975E+11	8.45770E-8	-1.14607E+1	2.66061E-1	-2.54813E-2
5.30150E+11	6.54912E-8	-1.18276E+1	1.37728E-2	2.55854E-1
5.30325E+11	5.90793E-8	-1.23169E+1	-2.42173E-1	-2.89872E-3
5.30500E+11	5.12407E-8	-1.29615E+1	3.96399E-2	-2.21345E-1
5.30675E+11	4.47749E-8	-1.30593E+1	2.04170E-1	8.80527E-2
5.30850E+11	4.66469E-8	-1.27695E+1	-1.44478E-1	1.78819E-1
5.31025E+11	5.48402E-8	-1.21060E+1	-1.48417E-1	-1.98863E-1
5.31200E+11	7.19990E-8	-1.12227E+1	2.48310E-1	-1.17494E-1
5.31375E+11	9.71142E-8	-1.01439E+1	1.02442E-1	2.93679E-1
5.31550E+11	1.17609E-7	-8.90560E+0	-3.53749E-1	5.93342E-2
5.31725E+11	1.59467E-7	-8.09735E+0	7.94017E-2	-3.85579E-1
5.31900E+11	1.60697E-7	-7.87307E+0	3.03589E-1	2.66502E-1
5.32075E+11	1.60543E-7	-8.63491E+0	-3.45705E-1	1.31990E-1
5.32250E+11	1.28083E-7	-9.75918E+0	-1.05159E-2	-3.24948E-1
5.32425E+11	1.03190E-7	-1.08026E+1	2.87895E-1	1.56091E-2
5.32600E+11	8.70881E-8	-1.15289E+1	-2.18640E-2	2.64287E-1
5.32775E+11	8.33614E-8	-1.17961E+1	-2.56184E-1	-2.23343E-2
5.32950E+11	7.64347E-8	-1.21884E+1	2.18025E-2	-2.44830E-1
5.33125E+11	7.68113E-8	-1.23590E+1	2.35305E-1	5.21658E-2
5.33300E+11	8.42803E-8	-1.25030E+1	-8.90930E-2	2.19677E-1
5.33475E+11	9.12135E-8	-1.21497E+1	-2.11205E-1	-1.27871E-1
5.33650E+11	1.12339E-7	-1.14909E+1	1.59607E-1	-2.13232E-1
5.33825E+11	1.28674E-7	-1.06752E+1	2.15772E-1	1.97596E-1
5.34000E+11	1.76846E-7	-9.58077E+0	-2.64201E-1	2.00829E-1
5.34175E+11	1.99105E-7	-8.84436E+0	-1.45699E-1	-3.30542E-1
5.34350E+11	2.28127E-7	-8.41349E+0	3.78996E-1	-2.13880E-2
5.34525E+11	2.13757E-7	-8.93363E+0	-1.38187E-1	3.29751E-1
5.34700E+11	1.77691E-7	-1.00983E+1	-2.04874E-1	-2.36195E-1
5.34875E+11	1.14373E-7	-1.17816E+1	2.33612E-1	-1.08515E-1
5.35050E+11	7.57784E-8	-1.32258E+1	5.73550E-2	2.10451E-1
5.35225E+11	6.25149E-8	-1.41463E+1	-1.91065E-1	4.45662E-2
5.35400E+11	5.39813E-8	-1.48840E+1	-4.27434E-2	-1.75076E-1
5.35575E+11	5.19095E-8	-1.53105E+1	1.67998E-1	-3.48961E-2
5.35750E+11	6.21628E-8	-1.53560E+1	2.02458E-2	1.69482E-1
5.35925E+11	6.95939E-8	-1.51915E+1	-1.73702E-1	-9.28262E-3
5.36100E+11	7.76037E-8	-1.46455E+1	5.00780E-2	-1.78338E-1
5.36275E+11	9.33655E-8	-1.38526E+1	1.70543E-1	1.10002E-1
5.36450E+11	1.30285E-7	-1.25190E+1	-1.88061E-1	1.43604E-1
5.36625E+11	1.69853E-7	-1.09419E+1	-7.23654E-2	-2.74347E-1
5.36800E+11	2.40143E-7	-9.62763E+0	3.21246E-1	7.58521E-2
5.36975E+11	2.76334E-7	-8.98261E+0	-2.37400E-1	2.64648E-1
5.37150E+11	2.45620E-7	-9.22411E+0	-1.37857E-1	-3.17106E-1
5.37325E+11	1.82852E-7	-9.79574E+0	3.23722E-1	4.43076E-3
5.37500E+11	1.40127E-7	-1.09740E+1	-1.04738E-1	2.62565E-1
5.37675E+11	1.05800E-7	-1.22678E+1	-1.88512E-1	-1.54228E-1
5.37850E+11	7.92298E-8	-1.31793E+1	1.78836E-1	-1.26923E-1
5.38025E+11	7.07874E-8	-1.37127E+1	6.97305E-2	1.94090E-1
5.38200E+11	6.87879E-8	-1.39153E+1	-2.00245E-1	2.22919E-2
5.38375E+11	7.25822E-8	-1.39240E+1	8.49561E-3	-2.01099E-1
5.38550E+11	7.37976E-8	-1.34793E+1	2.09213E-1	3.33494E-2
5.38725E+11	8.22516E-8	-1.27727E+1	-6.96275E-2	2.19005E-1
5.38900E+11	1.23368E-7	-1.17991E+1	-2.27735E-1	-1.19247E-1
5.39075E+11	1.58970E-7	-1.04829E+1	2.13719E-1	-2.09285E-1
5.39250E+11	2.42125E-7	-9.00640E+0	1.12661E-1	3.36177E-1
5.39425E+11	3.00238E-7	-7.67247E+0	-4.06242E-1	-7.66263E-2
5.39600E+11	3.49633E-7	-7.28637E+0	2.84442E-1	-3.25403E-1
5.39775E+11	2.93535E-7	-8.30814E+0	1.47900E-1	3.54625E-1
5.39950E+11	1.97699E-7	-9.73333E+0	-3.24309E-1	3.40119E-2
5.40125E+11	1.46733E-7	-1.09009E+1	3.11213E-2	-2.83370E-1
5.40300E+11	1.06190E-7	-1.19473E+1	2.32649E-1	9.86953E-2
5.40475E+11	1.04721E-7	-1.28941E+1	-1.43209E-1	1.75634E-1
5.40650E+11	8.44084E-8	-1.35439E+1	-1.29881E-1	-1.65379E-1
5.40825E+11	7.76363E-8	-1.37737E+1	1.74107E-1	-1.07827E-1
5.41000E+11	8.22749E-8	-1.37747E+1	1.16246E-1	1.68573E-1
5.41175E+11	8.43600E-8	-1.33703E+1	-1.73484E-1	1.26197E-1
5.41350E+11	1.01581E-7	-1.27373E+1	-1.47460E-1	-1.77480E-1
5.41525E+11	1.32226E-7	-1.17100E+1	1.99197E-1	-1.66651E-1
5.41700E+11	1.79481E-7	-1.01182E+1	1.65237E-1	2.64595E-1
5.41875E+11	2.44231E-7	-8.54735E+0	-3.50941E-1	1.28695E-1
5.42050E+11	3.61194E-7	-7.08503E+0	-2.22237E-2	-4.41773E-1
5.42225E+11	4.29538E-7	-6.62443E+0	4.36349E-1	1.64766E-1
5.42400E+11	2.97728E-7	-7.67300E+0	-2.84844E-1	2.99578E-1
5.42575E+11	2.14152E-7	-9.17555E+0	-1.59784E-1	-3.08827E-1
5.42750E+11	1.65259E-7	-1.07187E+1	2.87451E-1	-4.60467E-2
5.42925E+11	1.10956E-7	-1.18595E+1	-4.88810E-2	2.50561E-1
5.43100E+11	9.23046E-8	-1.26803E+1	-1.99312E-1	-1.19256E-1
5.43275E+11	9.87120E-8	-1.33239E+1	1.62805E-1	-1.41459E-1
5.43450E+11	7.47889E-8	-1.38148E+1	8.86551E-2	1.83535E-1
5.43625E+11	6.65583E-8	-1.40253E+1	-1.93209E-1	4.74290E-2
5.43800E+11	7.53139E-8	-1.37558E+1	-1.44610E-2	-2.04706E-1
5.43975E+11	9.69618E-8	-1.30966E+1	2.19147E-1	3.14724E-2
5.44150E+11	1.13365E-7	-1.22375E+1	-1.04396E-1	2.20995E-1
5.44325E+11	1.59908E-7	-1.11891E+1	-2.04174E-1	-1.85367E-1
5.44500E+11	2.03964E-7	-9.95334E+0	2.80231E-1	-1.50169E-1
5.44675E+11	2.54723E-7	-8.99353E+0	3.04151E-2	3.53773E-1
5.44850E+11	2.76394E-7	-8.86664E+0	-3.45341E-1	-1.02750E-1
5.45025E+11	1.96763E-7	-9.91470E+0	1.94927E-1	-2.52957E-1
5.45200E+11	1.43578E-7	-1.14582E+1	1.62494E-1	2.12308E-1
5.45375E+11	1.02472E-7	-1.28472E+1	-2.04559E-1	1.00347E-1
5.45550E+11	7.72273E-8	-1.38867E+1	-6.65796E-2	-1.90867E-1
5.45725E+11	6.77784E-8	-1.45401E+1	1.85039E-1	-3.02673E-2
5.45900E+11	6.04323E-8	-1.47985E+1	-1.89035E-3	1.81993E-1
5.46075E+11	5.31364E-8	-1.48529E+1	-1.78435E-1	-2.95525E-2
5.46250E+11	5.29601E-8	-1.48321E+1	5.31646E-2	-1.73329E-1
5.46425E+11	5.08957E-8	-1.45569E+1	1.68281E-1	8.18622E-2
5.46600E+11	6.47282E-8	-1.38904E+1	-1.19462E-1	1.62964E-1
5.46775E+11	6.68885E-8	-1.27716E+1	-1.49229E-1	-1.74803E-1
5.46950E+11	7.74102E-8	-1.16937E+1	2.45429E-1	-8.64323E-2
5.47125E+11	1.05744E-7	-1.04957E+1	-3.02110E-2	2.97154E-1
5.47300E+11	1.05723E-7	-9.82794E+0	-2.57647E-1	-1.94060E-1
5.47475E+11	1.00597E-7	-9.72499E+0	2.97804E-1	-1.33604E-1
5.47650E+11	7.78850E-8	-1.05393E+1	-7.01630E-3	2.97107E-1
5.47825E+11	5.38559E-8	-1.18130E+1	-2.42208E-1	-8.48999E-2
5.48000E+11	3.72811E-8	-1.31699E+1	1.14045E-1	-1.87589E-1
5.48175E+11	2.84702E-8	-1.42204E+1	1.44913E-1	1.29774E-1
5.48350E+11	2.82521E-8	-1.49338E+1	-1.41955E-1	1.09349E-1
5.48525E+11	2.47876E-8	-1.54135E+1	-8.07513E-2	-1.49098E-1
5.48700E+11	2.33175E-8	-1.57398E+1	1.53847E-1	-5.47806E-2
5.48875E+11	2.17176E-8	-1.57313E+1	3.58409E-2	1.59492E-1
5.49050E+11	2.53880E-8	-1.57394E+1	-1.62515E-1	1.61661E-2
5.49225E+11	2.63883E-8	-1.55057E+1	-7.75776E-3	-1.67590E-1
5.49400E+11	2.98320E-8	-1.50066E+1	1.77385E-1	1.04689E-2
5.49575E+11	3.70695E-8	-1.43985E+1	-4.58081E-2	1.84993E-1
5.49750E+11	4.40240E-8	-1.36929E+1	-1.79728E-1	-1.02104E-1
5.49925E+11	5.36483E-8	-1.32844E+1	1.65240E-1	-1.40135E-1
5.50100E+11	5.11797E-8	-1.33974E+1	7.24449E-2	2.01216E-1
5.50275E+11	4.90514E-8	-1.38834E+1	-2.02222E-1	3.82789E-4
5.50450E+11	3.76813E-8	-1.45867E+1	5.90225E-2	-1.76909E-1
5.50625E+11	3.39339E-8	-1.54204E+1	1.42367E-1	9.18504E-2
5.50800E+11	3.14355E-8	-1.62346E+1	-1.10158E-1	1.07997E-1
5.50975E+11	2.92978E-8	-1.68499E+1	-7.14758E-2	-1.24681E-1
5.51150E+11	2.44795E-8	-1.74833E+1	1.27585E-1	-3.96650E-2
5.51325E+11	2.26088E-8	-1.77498E+1	1.49082E-2	1.28711E-1
5.51500E+11	2.11068E-8	-1.78204E+1	-1.28487E-1	-2.98618E-3
5.51675E+11	2.05780E-8	-1.78560E+1	1.83442E-2	-1.26675E-1
5.51850E+11	2.35636E-8	-1.77864E+1	1.23309E-1	3.79824E-2
5.52025E+11	2.19834E-8	-1.76216E+1	-6.48637E-2	1.14387E-1
5.52200E+11	2.42400E-8	-1.74240E+1	-1.01014E-1	-8.88413E-2
5.52375E+11	2.48029E-8	-1.73944E+1	1.09475E-1	-7.89671E-2
5.52550E+11	2.73735E-8	-1.76609E+1	5.14976E-2	1.20350E-1
5.52725E+11	2.73356E-8	-1.79252E+1	-1.25307E-1	2.05524E-2
5.52900E+11	2.22133E-8	-1.87043E+1	1.58771E-2	-1.14996E-1
5.53075E+11	1.76892E-8	-1.95535E+1	9.29344E-2	4.94567E-2
5.53250E+11	1.42331E-8	-2.05644E+1	-6.83423E-2	6.41150E-2
5.53425E+11	1.13934E-8	-2.14810E+1	-3.07958E-2	-7.84996E-2
5.53600E+11	8.56524E-9	-2.26467E+1	7.37261E-2	1.02292E-3
5.53775E+11	7.24763E-9	-2.34587E+1	-2.40587E-2	6.26956E-2
5.53950E+11	5.27529E-9	-2.44541E+1	-4.28199E-2	-4.18607E-2
5.54125E+11	4.36053E-9	-2.55644E+1	4.81849E-2	-2.13338E-2
5.54300E+11	3.42626E-9	-2.62871E+1	4.74690E-4	4.84867E-2
5.54475E+11	3.17273E-9	-2.68452E+1	-4.38378E-2	-1.20792E-2
5.54650E+11	2.49813E-9	-2.76932E+1	2.32224E-2	-3.40826E-2
5.54825E+11	2.00828E-9	-2.84037E+1	2.35167E-2	2.98526E-2
5.55000E+11	1.62246E-9	-2.91792E+1	-3.31303E-2	1.05085E-2
5.55175E+11	1.23166E-9	-3.01110E+1	1.29459E-3	-3.11945E-2
5.55350E+11	1.03236E-9	-3.09610E+1	2.58458E-2	1.15539E-2
5.55525E+11	7.95138E-10	-3.19788E+1	-1.91319E-2	1.63712E-2
5.55700E+11	6.07564E-10	-3.30793E+1	-7.93757E-3	-2.07151E-2
5.55875E+11	5.09746E-10	-3.35188E+1	2.10874E-2	2.65465E-4
5.56050E+11	4.50641E-10	-3.42718E+1	-6.15394E-3	1.83325E-2
5.56225E+11	3.01537E-10	-3.55116E+1	-1.30556E-2	-1.05184E-2
5.56400E+11	2.85881E-10	-3.58088E+1	1.50821E-2	-5.91784E-3
5.56575E+11	2.51496E-10	-3.65267E+1	-2.56598E-3	1.46941E-2
5.56750E+11	2.41860E-10	-3.63469E+1	-1.15108E-2	-9.97018E-3
5.56925E+11	1.70024E-10	-3.78309E+1	1.19391E-2	-4.71587E-3
5.57100E+11	2.11350E-10	-3.68590E+1	-3.05074E-4	1.43533E-2
5.57275E+11	1.93787E-10	-3.65192E+1	-1.35284E-2	-6.31400E-3
5.57450E+11	2.59286E-10	-3.57153E+1	1.24790E-2	-1.06059E-2
5.57625E+11	2.37680E-10	-3.65315E+1	2.47668E-3	1.47011E-2
5.57800E+11	2.27856E-10	-3.61314E+1	-1.49793E-2	-4.39558E-3
5.57975E+11	3.14006E-10	-3.51045E+1	1.10632E-2	-1.36497E-2
5.58150E+11	3.73225E-10	-3.44936E+1	1.01212E-2	1.59027E-2
5.58325E+11	4.85069E-10	-3.33999E+1	-1.92626E-2	9.27651E-3
5.58500E+11	5.51343E-10	-3.27374E+1	-7.55882E-3	-2.18012E-2
5.58675E+11	6.59446E-10	-3.17997E+1	2.49260E-2	-6.27940E-3
5.58850E+11	8.94757E-10	-3.07959E+1	-2.18258E-3	2.87712E-2
5.59025E+11	1.14020E-9	-2.95804E+1	-2.93406E-2	-1.55104E-2
5.59200E+11	1.37534E-9	-2.89605E+1	2.69335E-2	-2.33453E-2
5.59375E+11	2.03416E-9	-2.80808E+1	1.79179E-2	3.51372E-2
5.59550E+11	2.66493E-9	-2.70918E+1	-4.19349E-2	1.39637E-2
5.59725E+11	2.66310E-9	-2.64989E+1	-1.21329E-2	-4.57395E-2
5.59900E+11	3.84358E-9	-2.56209E+1	5.17562E-2	-7.89420E-3
5.60075E+11	4.40356E-9	-2.52556E+1	-8.14785E-3	5.39922E-2
5.60250E+11	5.31544E-9	-2.43288E+1	-5.31500E-2	-2.94257E-2
5.60425E+11	5.99790E-9	-2.36816E+1	4.84244E-2	-4.40342E-2
5.60600E+11	7.79259E-9	-2.29222E+1	3.55572E-2	6.19525E-2
5.60775E+11	9.32701E-9	-2.19676E+1	-7.15809E-2	3.51140E-2
5.60950E+11	1.04796E-8	-2.11091E+1	-3.75963E-2	-7.95783E-2
5.61125E+11	1.27888E-8	-2.01123E+1	9.29479E-2	-3.32484E-2
5.61300E+11	1.60217E-8	-1.89527E+1	1.12378E-2	1.12253E-1
5.61475E+11	2.19121E-8	-1.79644E+1	-1.19335E-1	-4.16957E-2
5.61650E+11	2.76252E-8	-1.70722E+1	9.84420E-2	-9.96644E-2
5.61825E+11	3.20654E-8	-1.64632E+1	7.55039E-2	1.29911E-1
5.62000E+11	3.43922E-8	-1.61655E+1	-1.44801E-1	5.66775E-2
5.62175E+11	3.46689E-8	-1.60981E+1	-4.78331E-2	-1.49230E-1
5.62350E+11	3.35463E-8	-1.62238E+1	1.50476E-1	-3.48443E-2
5.62525E+11	3.59762E-8	-1.62604E+1	2.79882E-3	1.53783E-1
5.62700E+11	2.87398E-8	-1.63483E+1	-1.46545E-1	-4.13237E-2
5.62875E+11	3.17300E-8	-1.63742E+1	8.25935E-2	-1.27372E-1
5.63050E+11	3.15938E-8	-1.63007E+1	1.07780E-1	1.08729E-1
5.63225E+11	3.29258E-8	-1.60541E+1	-1.24587E-1	9.63639E-2
5.63400E+11	3.94837E-8	-1.58674E+1	-9.95440E-2	-1.26446E-1
5.63575E+11	4.34395E-8	-1.53645E+1	1.52929E-1	-7.54325E-2
5.63750E+11	4.90429E-8	-1.49391E+1	1.79746E-2	1.78175E-1
5.63925E+11	6.09985E-8	-1.42142E+1	-1.84062E-1	-6.33731E-2
5.64100E+11	6.98921E-8	-1.34240E+1	1.52612E-1	-1.48885E-1
5.64275E+11	8.34400E-8	-1.27981E+1	9.30021E-2	2.09415E-1
5.64450E+11	8.74250E-8	-1.22990E+1	-2.38545E-1	4.46637E-2
5.64625E+11	9.86116E-8	-1.23202E+1	-5.35332E-3	-2.42039E-1
5.64800E+11	8.51562E-8	-1.25798E+1	2.30155E-1	4.73215E-2
5.64975E+11	7.31448E-8	-1.30592E+1	-1.18098E-1	1.88397E-1
5.65150E+11	6.49309E-8	-1.36696E+1	-1.09782E-1	-1.75799E-1
5.65325E+11	5.34143E-8	-1.41304E+1	1.95915E-1	-1.58389E-2
5.65500E+11	4.74233E-8	-1.43009E+1	-5.40090E-2	1.85012E-1
5.65675E+11	5.40629E-8	-1.41378E+1	-1.72583E-1	-9.37134E-2
5.65850E+11	5.20339E-8	-1.38017E+1	1.23128E-1	-1.62819E-1
5.66025E+11	5.07276E-8	-1.35623E+1	1.35741E-1	1.60022E-1
5.66200E+11	6.18099E-8	-1.30252E+1	-2.06214E-1	8.54650E-2
5.66375E+11	6.81407E-8	-1.23111E+1	3.47236E-3	-2.42327E-1
5.66550E+11	7.90623E-8	-1.15798E+1	2.40649E-1	1.07672E-1
5.66725E+11	9.64751E-8	-1.05797E+1	-2.04554E-1	2.13686E-1
5.66900E+11	1.05285E-7	-9.66411E+0	-1.65251E-1	-2.84136E-1
5.67075E+11	1.23160E-7	-8.88942E+0	3.48443E-1	-8.79030E-2
5.67250E+11	1.37940E-7	-8.46145E+0	-5.00749E-2	3.74173E-1
5.67425E+11	1.45326E-7	-8.65388E+0	-2.93069E-1	-2.24604E-1
5.67600E+11	1.19389E-7	-9.40290E+0	3.17211E-1	-1.18810E-1
5.67775E+11	9.71638E-8	-1.03334E+1	-2.40107E-2	3.03372E-1
5.67950E+11	8.21010E-8	-1.12439E+1	-2.61414E-1	-8.22026E-2
5.68125E+11	8.01847E-8	-1.18433E+1	8.07607E-2	-2.42677E-1
5.68300E+11	7.72423E-8	-1.23347E+1	2.30704E-1	7.20505E-2
5.68475E+11	7.49425E-8	-1.23789E+1	-6.38099E-2	2.31847E-1
5.68650E+11	7.30827E-8	-1.25867E+1	-2.20577E-1	-8.04290E-2
5.68825E+11	7.38946E-8	-1.26161E+1	1.28303E-1	-1.95676E-1
5.69000E+11	7.93671E-8	-1.23287E+1	1.51712E-1	1.88363E-1
5.69175E+11	8.10006E-8	-1.18297E+1	-2.23931E-1	1.24395E-1
5.69350E+11	9.90012E-8	-1.10487E+1	-1.30466E-1	-2.48045E-1
5.69525E+11	1.31987E-7	-1.02641E+1	2.79769E-1	-1.25817E-1
5.69700E+11	1.50986E-7	-9.38199E+0	5.98618E-2	3.34229E-1
5.69875E+11	1.72667E-7	-8.74156E+0	-3.49888E-1	-1.05783E-1
5.70050E+11	1.88065E-7	-8.63678E+0	3.16672E-1	-1.91294E-1
5.70225E+11	1.74226E-7	-8.99277E+0	-7.74961E-2	3.46550E-1
5.70400E+11	1.47508E-7	-9.84493E+0	-2.12799E-1	-2.41561E-1
5.70575E+11	1.29562E-7	-1.05589E+1	2.82361E-1	-9.05364E-2
5.70750E+11	1.11367E-7	-1.12682E+1	1.22186E-2	2.72996E-1
5.70925E+11	1.04805E-7	-1.16375E+1	-2.52133E-1	-7.08331E-2
5.71100E+11	9.23502E-8	-1.18932E+1	1.71147E-1	-1.88084E-1
5.71275E+11	9.91838E-8	-1.19687E+1	6.19814E-2	2.44357E-1
5.71450E+11	8.61273E-8	-1.17896E+1	-2.46449E-1	-7.41018E-2
5.71625E+11	9.71272E-8	-1.12075E+1	1.80891E-1	-2.07376E-1
5.71800E+11	1.23182E-7	-1.03720E+1	1.53050E-1	2.61470E-1
5.71975E+11	1.35909E-7	-9.72295E+0	-3.16211E-1	8.12283E-2
5.72150E+11	1.78844E-7	-8.69815E+0	1.75941E-2	-3.66939E-1
5.72325E+11	2.09289E-7	-7.60071E+0	3.85244E-1	1.59181E-1
5.72500E+11	2.57599E-7	-6.89277E+0	-3.35967E-1	3.02722E-1
5.72675E+11	2.53761E-7	-6.76774E+0	-1.37182E-1	-4.37800E-1
5.72850E+11	2.01588E-7	-7.29176E+0	4.31620E-1	-1.63234E-2
5.73025E+11	1.74139E-7	-8.24519E+0	-6.05715E-2	3.82257E-1
5.73200E+11	1.30478E-7	-9.50357E+0	-3.13252E-1	-1.18249E-1
5.73375E+11	1.01919E-7	-1.07672E+1	1.67367E-1	-2.36212E-1
5.73550E+11	8.35357E-8	-1.15197E+1	1.53118E-1	2.16861E-1
5.73725E+11	7.22990E-8	-1.21979E+1	-2.35786E-1	6.84792E-2
5.73900E+11	7.07165E-8	-1.24615E+1	-2.04519E-2	-2.37312E-1
5.74075E+11	7.04174E-8	-1.25773E+1	2.34299E-1	-1.86216E-2
5.74250E+11	7.24919E-8	-1.20888E+1	5.80885E-2	2.41753E-1
5.74425E+11	9.31912E-8	-1.11913E+1	-2.67603E-1	6.63152E-2
5.74600E+11	1.30909E-7	-1.01752E+1	1.06844E-2	-3.09729E-1
5.74775E+11	1.50620E-7	-9.23866E+0	2.93264E-1	1.82091E-1
5.74950E+11	2.23130E-7	-7.94042E+0	-3.79633E-1	1.28674E-1
5.75125E+11	2.81367E-7	-6.85206E+0	1.37902E-1	-4.32924E-1
5.75300E+11	2.91052E-7	-6.66648E+0	3.05533E-1	3.49431E-1
5.75475E+11	2.26488E-7	-7.53957E+0	-3.92463E-1	1.48955E-1
5.75650E+11	1.53683E-7	-8.80492E+0	-6.99227E-2	-3.56072E-1
5.75825E+11	1.13077E-7	-9.98839E+0	3.16486E-1	-1.01946E-2
5.76000E+11	9.41523E-8	-1.07579E+1	-8.30281E-2	2.77655E-1
5.76175E+11	6.67722E-9	-1.13814E+1	-2.17612E-1	-1.59370E-1
5.76350E+11	1.91359E-9	-1.17554E+1	-7.87311E-2	2.46075E-1
5.76525E+11	4.25470E-9	-1.19074E+1	-2.30454E-1	-1.06516E-1
5.76700E+11	4.55375E-9	-1.13020E+1	1.17140E-1	-2.45713E-1
5.76875E+11	6.58220E-9	-1.10870E+1	2.52795E-1	1.18118E-1
5.77050E+11	5.96202E-9	-1.00549E+1	-1.31398E-1	2.85446E-1
5.77225E+11	9.79633E-9	-8.61182E+0	-2.68069E-1	-2.56519E-1
5.77400E+11	2.03990E-8	-7.18619E+0	4.27755E-1	-9.04370E-2
5.77575E+11	1.79303E-8	-5.83692E+0	-1.12779E-1	4.98078E-1
5.77750E+11	1.78840E-8	-5.36548E+0	-4.67123E-1	-2.69260E-1
5.77925E+11	1.75227E-8	-6.09431E+0	2.80294E-1	-4.08935E-1
5.78100E+11	1.39998E-8	-7.38501E+0	3.32951E-1	2.67848E-1
5.78275E+11	1.20623E-8	-9.07966E+0	-2.61386E-1	2.35121E-1
5.78450E+11	8.28293E-9	-1.05881E+1	-1.24411E-1	-2.68063E-1
5.78625E+11	1.00357E-8	-1.16023E+1	2.62935E-1	3.33822E-3
5.78800E+11	4.36635E-9	-1.23831E+1	-8.09059E-2	2.26324E-1
5.78975E+11	6.23824E-9	-1.26198E+1	-2.08427E-1	-1.06122E-1
5.79150E+11	5.54274E-9	-1.25279E+1	8.95512E-2	-2.18756E-1
5.79325E+11	4.49905E-9	-1.23170E+1	2.35794E-1	5.52734E-2
5.79500E+11	6.42694E-9	-1.16062E+1	-6.30991E-2	2.55153E-1
5.79675E+11	1.00707E-8	-1.04419E+1	-2.63689E-1	-1.44197E-1
5.79850E+11	8.00209E-9	-8.97618E+0	2.80710E-1	-2.18601E-1
5.80025E+11	2.25263E-8	-7.15909E+0	7.64292E-2	4.31866E-1
5.80200E+11	2.47353E-8	-5.82996E+0	-5.02257E-1	-9.46354E-2
5.80375E+11	3.46552E-8	-5.27169E+0	2.59257E-1	-4.79413E-1
5.80550E+11	2.04372E-8	-6.52785E+0	3.14976E-1	3.51043E-1
5.80725E+11	1.62581E-8	-8.04375E+0	-3.71838E-1	1.36519E-1
5.80900E+11	1.11234E-8	-9.77762E+0	4.38163E-2	-3.21456E-1
5.81075E+11	7.34605E-9	-1.09281E+1	2.23585E-1	1.75411E-1
5.81250E+11	4.57485E-9	-1.18767E+1	-2.24011E-1	1.21376E-1
5.81425E+11	4.44767E-9	-1.21765E+1	-8.75281E-2	-2.30048E-1
5.81600E+11	8.00903E-9	-1.19369E+1	2.35685E-1	-9.20403E-2
5.81775E+11	4.69611E-9	-1.18047E+1	8.80142E-2	2.41354E-1
5.81950E+11	8.41684E-9	-1.13438E+1	-2.61417E-1	7.10455E-2
5.82125E+11	6.42754E-9	-1.03233E+1	-4.10051E-3	-3.04645E-1
5.82300E+11	6.76315E-9	-8.97948E+0	3.25119E-1	1.44175E-1
5.82475E+11	1.40073E-8	-7.33955E+0	-3.37337E-1	2.65941E-1
5.82650E+11	2.86250E-8	-5.57107E+0	-1.00929E-1	-5.16795E-1
5.82825E+11	3.54962E-8	-4.42019E+0	5.79107E-1	1.61335E-1
5.83000E+11	3.61489E-8	-4.74319E+0	-4.23368E-1	3.95286E-1
5.83175E+11	1.59192E-8	-6.28592E+0	-9.58878E-2	-4.75384E-1
5.83350E+11	7.28608E-9	-8.87181E+0	3.52823E-1	7.19737E-2
5.83525E+11	6.81296E-9	-1.06694E+1	-1.34940E-1	2.59819E-1
5.83700E+11	6.20360E-9	-1.20365E+1	-2.06845E-1	-1.40650E-1
5.83875E+11	5.22611E-9	-1.27346E+1	1.41043E-1	-1.82711E-1
5.84050E+11	3.04456E-9	-1.31528E+1	1.70178E-1	1.39377E-1
5.84225E+11	3.71029E-9	-1.31390E+1	-1.47150E-1	1.63973E-1
5.84400E+11	5.56734E-9	-1.29661E+1	-1.17339E-1	-1.91686E-1
5.84575E+11	4.49933E-9	-1.18976E+1	2.49463E-1	-4.86736E-2
5.84750E+11	4.94442E-9	-1.08422E+1	-3.76936E-2	2.84521E-1
5.84925E+11	7.21144E-9	-9.19260E+0	-3.31990E-1	-1.01066E-1
5.85100E+11	1.47246E-8	-7.28304E+0	1.60105E-1	-4.01626E-1
5.85275E+11	2.66855E-8	-5.17349E+0	4.41059E-1	3.30623E-1
5.85450E+11	2.17296E-8	-4.41169E+0	-5.65919E-1	2.04541E-1
5.85625E+11	1.48986E-8	-5.80300E+0	1.73781E-1	-4.82333E-1
5.85800E+11	1.63761E-8	-7.94941E+0	2.23274E-1	3.32408E-1
5.85975E+11	6.31769E-9	-9.86697E+0	-3.16668E-1	5.32120E-2
5.86150E+11	6.23706E-9	-1.11381E+1	-1.38587E-2	-2.77048E-1
5.86325E+11	6.49242E-9	-1.19203E+1	2.50774E-1	-3.70980E-2
5.86500E+11	3.30302E-9	-1.26214E+1	5.57884E-2	2.27094E-1
5.86675E+11	5.87614E-9	-1.24358E+1	-2.31396E-1	5.93977E-2
5.86850E+11	4.62111E-9	-1.23349E+1	1.22200E-4	-2.41688E-1
5.87025E+11	5.23382E-9	-1.20358E+1	2.37753E-1	7.77889E-2
5.87200E+11	5.60898E-9	-1.07678E+1	-1.37057E-1	2.54973E-1
5.87375E+11	6.49894E-9	-9.09456E+0	-3.06875E-1	-1.70319E-1
5.87550E+11	1.82219E-8	-7.22997E+0	2.03503E-1	-3.84477E-1
5.87725E+11	3.49215E-8	-5.15514E+0	4.49941E-1	3.20443E-1
5.87900E+11	3.61687E-8	-3.86947E+0	-5.55154E-1	3.19466E-1
5.88075E+11	3.52319E-8	-4.56378E+0	1.80077E-1	-5.63217E-1
5.88250E+11	2.35275E-8	-6.87638E+0	1.79240E-1	4.16125E-1
5.88425E+11	1.21940E-8	-9.42065E+0	-3.32431E-1	-6.13233E-2
5.88600E+11	5.45653E-9	-1.11600E+1	1.13968E-1	-2.52134E-1
5.88775E+11	3.94532E-9	-1.23908E+1	2.21253E-1	9.33431E-2
5.88950E+11	5.33887E-9	-1.27235E+1	-6.72479E-2	2.21114E-1
5.89125E+11	4.20449E-9	-1.30341E+1	-2.05102E-1	-8.75243E-2
5.89300E+11	4.36219E-9	-1.30206E+1	1.45357E-1	-1.69567E-1
5.89475E+11	4.85739E-9	-1.29422E+1	8.01035E-2	2.10649E-1
5.89650E+11	6.92197E-9	-1.23461E+1	-2.40713E-1	-1.78819E-2
5.89825E+11	8.75713E-9	-1.09939E+1	8.68120E-2	-2.68344E-1
5.90000E+11	1.78089E-8	-9.14469E+0	3.16489E-1	1.46977E-1
5.90175E+11	1.95295E-8	-7.32704E+0	-2.50488E-1	3.49726E-1
5.90350E+11	2.56668E-8	-5.34753E+0	-2.58628E-1	-4.74363E-1
5.90525E+11	3.12527E-8	-4.88838E+0	5.43763E-1	1.69655E-1
5.90700E+11	1.10292E-8	-6.84893E+0	-3.92901E-1	2.28512E-1
5.90875E+11	1.18562E-8	-9.18230E+0	-6.47183E-2	-3.41363E-1
5.91050E+11	6.77828E-9	-1.09944E+1	2.73189E-1	-7.00255E-2
5.91225E+11	5.41189E-9	-1.21619E+1	1.42944E-1	2.00881E-1
5.91400E+11	3.70856E-9	-1.31369E+1	-1.19876E-1	1.84915E-1
5.91575E+11	2.65990E-9	-1.31669E+1	-1.89153E-1	-1.11578E-1
5.91750E+11	3.36622E-9	-1.27745E+1	1.87671E-1	-1.32548E-1
5.91925E+11	4.29574E-9	-1.26302E+1	-2.58652E-2	2.32172E-1
5.92100E+11	4.56829E-9	-1.21468E+1	-1.55256E-1	-1.92077E-1
5.92275E+11	4.13879E-9	-1.10711E+1	2.69547E-1	-7.40774E-2
5.92450E+11	8.38021E-9	-9.62506E+0	6.05833E-2	3.24571E-1
5.92625E+11	1.22593E-8	-7.81511E+0	-4.03506E-1	5.06504E-2
5.92800E+11	2.24775E-8	-6.02622E+0	3.18494E-2	-4.98660E-1
5.92975E+11	1.96692E-8	-5.07872E+0	4.54433E-1	3.22549E-1
5.93150E+11	2.38808E-8	-5.98150E+0	-4.99211E-1	5.52192E-2
5.93325E+11	1.05309E-8	-8.05845E+0	2.57448E-1	-3.00152E-1
5.93500E+11	6.27803E-9	-1.01803E+1	8.97562E-2	2.96441E-1
5.93675E+11	4.83184E-9	-1.19877E+1	-2.51492E-1	5.20416E-3
5.93850E+11	3.89135E-9	-1.31411E+1	1.99562E-2	-2.19358E-1
5.94025E+11	3.89102E-9	-1.37754E+1	1.98504E-1	5.01948E-2
5.94200E+11	3.14323E-9	-1.41076E+1	-8.13580E-2	1.79492E-1
5.94375E+11	3.83689E-9	-1.34844E+1	-1.49985E-1	-1.49444E-1
5.94550E+11	4.30691E-9	-1.31926E+1	1.86544E-1	-1.14654E-1
5.94725E+11	6.19936E-9	-1.24089E+1	1.21905E-1	2.06315E-1
5.94900E+11	5.36710E-9	-1.14016E+1	-2.24184E-1	1.48858E-1
5.95075E+11	1.00516E-8	-9.73283E+0	-1.86667E-1	-2.67396E-1
5.95250E+11	1.76442E-8	-7.94769E+0	3.73939E-1	-1.43455E-1
5.95425E+11	1.82284E-8	-6.43171E+0	-8.86979E-2	4.68564E-1
5.95600E+11	2.21631E-8	-6.78976E+0	-2.70137E-1	-3.69390E-1
5.95775E+11	1.17422E-8	-8.43159E+0	3.78355E-1	1.85469E-2
5.95950E+11	9.95203E-9	-1.02541E+1	-1.46847E-1	2.69726E-1
5.96125E+11	5.42707E-9	-1.19068E+1	-1.97886E-1	-1.59076E-1
5.96300E+11	4.82629E-9	-1.32309E+1	1.49057E-1	-1.59077E-1
5.96475E+11	2.20516E-9	-1.40878E+1	1.36303E-1	1.42954E-1
5.96650E+11	2.98253E-9	-1.41695E+1	-1.58680E-1	1.14490E-1
5.96825E+11	3.63767E-9	-1.35594E+1	-8.35533E-2	-1.92563E-1
5.97000E+11	4.59386E-9	-1.33840E+1	2.06967E-1	-5.51591E-2
5.97175E+11	3.17834E-9	-1.26410E+1	4.52854E-2	2.28881E-1
5.97350E+11	5.81459E-9	-1.13395E+1	-2.69980E-1	2.38917E-2
5.97525E+11	8.45139E-9	-9.52252E+0	2.57369E-2	-3.33105E-1
5.97700E+11	1.38528E-8	-7.65823E+0	3.70923E-1	1.84070E-1
5.97875E+11	2.17939E-8	-6.24125E+0	-4.18288E-1	2.50302E-1
5.98050E+11	2.64028E-8	-5.61910E+0	4.34459E-2	-5.21849E-1
5.98225E+11	1.44208E-8	-6.82812E+0	3.55819E-1	2.84560E-1
5.98400E+11	1.31032E-8	-8.95510E+0	-3.14394E-1	1.68396E-1
5.98575E+11	7.76376E-9	-1.09362E+1	-6.66096E-2	-2.75992E-1
5.98750E+11	7.45210E-9	-1.26007E+1	2.33892E-1	1.55088E-2
5.98925E+11	7.08932E-9	-1.33279E+1	-1.02927E-1	1.89419E-1
5.99100E+11	4.45420E-9	-1.38358E+1	-1.08631E-1	-1.71885E-1
5.99275E+11	3.16370E-9	-1.37858E+1	2.02395E-1	-2.93267E-2
5.99450E+11	6.65581E-9	-1.33327E+1	-1.40655E-2	2.14999E-1
5.99625E+11	6.28125E-9	-1.28224E+1	-2.23755E-1	-4.63133E-2
5.99800E+11	6.48167E-9	-1.18607E+1	8.61966E-2	-2.40256E-1
5.99975E+11	7.12814E-9	-1.10576E+1	2.29035E-1	1.61026E-1
6.00150E+11	1.28985E-8	-9.23734E+0	-2.94446E-1	1.80274E-1
6.00325E+11	1.45199E-8	-7.68257E+0	2.29475E-2	-4.12287E-1
6.00500E+11	1.75528E-8	-6.55784E+0	3.67728E-1	2.92722E-1
6.00675E+11	1.94136E-8	-7.07480E+0	-3.95978E-1	1.98295E-1
6.00850E+11	1.28651E-8	-9.18520E+0	-9.70604E-2	-3.33491E-1
6.01025E+11	7.11395E-9	-1.12803E+1	2.70413E-1	-3.66636E-2
6.01200E+11	4.52110E-9	-1.27672E+1	-2.83453E-2	2.28201E-1
6.01375E+11	4.18580E-9	-1.37728E+1	-1.78493E-1	-1.00443E-1
6.01550E+11	3.05675E-9	-1.44661E+1	1.46513E-1	-1.19554E-1
6.01725E+11	2.77999E-9	-1.43776E+1	6.77730E-2	1.78612E-1
6.01900E+11	3.92400E-9	-1.40821E+1	-1.88629E-1	5.90262E-2
6.02075E+11	3.91284E-9	-1.35933E+1	-8.80434E-2	-1.89650E-1
6.02250E+11	4.84073E-9	-1.22840E+1	2.08897E-1	-1.24351E-1
6.02425E+11	6.24190E-9	-1.10948E+1	1.26921E-1	2.48211E-1
6.02600E+11	9.11778E-9	-9.87367E+0	-3.20682E-1	1.06981E-2
6.02775E+11	8.04611E-9	-8.27086E+0	2.49614E-1	-2.94278E-1
6.02950E+11	1.76571E-8	-6.77060E+0	-3.57239E-2	4.57245E-1
6.03125E+11	1.31795E-8	-6.81391E+0	-2.50348E-1	-3.81559E-1
6.03300E+11	5.50762E-9	-8.02057E+0	3.95113E-1	4.03257E-2
6.03475E+11	6.95519E-9	-1.00845E+1	-1.36760E-1	2.81725E-1
6.03650E+11	4.01173E-9	-1.17827E+1	-2.20098E-1	-1.33752E-1
6.03825E+11	3.81316E-9	-1.29563E+1	1.18042E-1	-1.91550E-1
6.04000E+11	2.73312E-9	-1.34134E+1	1.79215E-1	1.15972E-1
6.04175E+11	3.71836E-9	-1.36611E+1	-9.44222E-2	1.84734E-1
6.04350E+11	2.95506E-9	-1.38723E+1	-1.72482E-1	-1.06058E-1
6.04525E+11	3.43176E-9	-1.32675E+1	1.36175E-1	-1.69060E-1
6.04700E+11	3.63769E-9	-1.26698E+1	1.55485E-1	1.72924E-1
6.04875E+11	3.06214E-9	-1.16934E+1	-2.21108E-1	1.37194E-1
6.05050E+11	5.77069E-9	-1.10489E+1	-1.00143E-1	-2.61755E-1
6.05225E+11	6.00192E-9	-9.62239E+0	3.27255E-1	-4.45869E-2
6.05400E+11	1.40544E-8	-7.87060E+0	-8.65154E-2	3.94712E-1
6.05575E+11	1.08656E-8	-6.99162E+0	-3.51062E-1	-2.76888E-1
6.05750E+11	1.50415E-8	-8.14623E+0	3.48575E-1	-1.78149E-1
6.05925E+11	7.03926E-9	-9.94911E+0	7.43603E-2	3.09272E-1
6.06100E+11	4.36465E-9	-1.13202E+1	-2.70224E-1	2.76948E-2
6.06275E+11	2.89892E-9	-1.27213E+1	-9.44309E-3	-2.30979E-1
6.06450E+11	4.56154E-9	-1.37993E+1	2.03892E-1	1.10377E-2
6.06625E+11	3.32346E-9	-1.39805E+1	-1.74897E-2	1.99208E-1
6.06800E+11	4.05205E-9	-1.41328E+1	-1.90071E-1	-4.98476E-2
6.06975E+11	2.61537E-9	-1.36491E+1	8.41710E-2	-1.89936E-1
6.07150E+11	4.20286E-9	-1.31015E+1	1.87488E-1	1.17514E-1
6.07325E+11	4.80419E-9	-1.23229E+1	-1.55553E-1	1.85412E-1
6.07500E+11	6.35592E-9	-1.14091E+1	-1.89890E-1	-1.90352E-1
6.07675E+11	8.63615E-9	-1.03252E+1	2.29981E-1	-1.99736E-1
6.07850E+11	1.18873E-8	-8.34549E+0	2.07949E-1	3.21134E-1
6.08025E+11	1.43680E-8	-6.60719E+0	-4.39450E-1	1.59051E-1
6.08200E+11	1.49347E-8	-6.44649E+0	-4.81918E-2	-4.73629E-1
6.08375E+11	1.66017E-8	-7.72846E+0	4.08109E-1	4.64937E-2
6.08550E+11	7.66584E-9	-9.67119E+0	-9.52379E-2	3.14317E-1
6.08725E+11	6.23890E-9	-1.11011E+1	-2.53218E-1	-1.16125E-1
6.08900E+11	4.90666E-9	-1.20397E+1	1.28164E-1	-2.14700E-1
6.09075E+11	5.58205E-9	-1.23973E+1	1.81312E-1	1.57181E-1
6.09250E+11	4.58187E-9	-1.26813E+1	-1.68981E-1	1.59314E-1
6.09425E+11	5.00325E-9	-1.22818E+1	-1.69452E-1	-1.74406E-1
6.09600E+11	4.14970E-9	-1.17620E+1	1.94584E-1	-1.69668E-1
6.09775E+11	5.39558E-9	-1.13218E+1	1.47856E-1	2.27813E-1
6.09950E+11	6.45038E-9	-1.11270E+1	-2.62120E-1	9.18515E-2
6.10125E+11	6.94358E-9	-1.04587E+1	-2.92068E-2	-2.98536E-1
6.10300E+11	6.38830E-9	-9.09244E+0	3.36611E-1	9.96721E-2
6.10475E+11	1.69723E-8	-7.05818E+0	-3.14963E-1	3.12522E-1
6.10650E+11	1.73712E-8	-6.23833E+0	-9.91659E-2	-4.77432E-1
6.10825E+11	1.90937E-8	-7.18907E+0	4.19649E-1	1.22152E-1
6.11000E+11	6.88995E-9	-9.03588E+0	-2.17054E-1	2.78827E-1
6.11175E+11	8.25948E-9	-1.07667E+1	-1.59898E-1	-2.41347E-1
6.11350E+11	5.58060E-9	-1.20717E+1	2.41797E-1	-5.99726E-2
6.11525E+11	4.43149E-9	-1.30256E+1	-1.88235E-2	2.22419E-1
6.11700E+11	4.86956E-9	-1.31620E+1	-2.07351E-1	-7.27288E-2
6.11875E+11	4.51693E-9	-1.25482E+1	9.92116E-2	-2.13940E-1
6.12050E+11	5.05816E-9	-1.21047E+1	2.14911E-1	1.24122E-1
6.12225E+11	3.20332E-9	-1.16980E+1	-1.77283E-1	1.90290E-1
6.12400E+11	5.53019E-9	-1.12655E+1	-1.38754E-1	-2.35518E-1
6.12575E+11	5.47371E-9	-1.08756E+1	2.76650E-1	-7.21562E-2
6.12750E+11	5.93992E-9	-9.48777E+0	-4.52347E-4	3.35437E-1
6.12925E+11	1.17093E-8	-7.48299E+0	-4.14653E-1	-8.11692E-2
6.13100E+11	1.45837E-8	-5.79208E+0	2.83613E-1	-4.27868E-1
6.13275E+11	1.28557E-8	-5.71031E+0	2.79609E-1	4.36273E-1
6.13450E+11	1.00813E-8	-7.02963E+0	-4.40178E-1	6.64331E-2
6.13625E+11	7.17444E-9	-8.63932E+0	1.01365E-1	-3.55696E-1
6.13800E+11	3.54916E-9	-1.01350E+1	2.20787E-1	2.19527E-1
6.13975E+11	5.33849E-9	-1.08923E+1	-2.82064E-1	4.32027E-2
6.14150E+11	2.28702E-9	-1.20864E+1	8.94041E-2	-2.32076E-1
6.14325E+11	3.94289E-9	-1.22384E+1	1.96137E-1	1.45796E-1
6.14500E+11	3.24140E-9	-1.14441E+1	-1.69762E-1	2.07107E-1
6.14675E+11	5.81984E-9	-1.05549E+1	-2.27884E-1	-1.89932E-1
6.14850E+11	4.62727E-9	-1.03047E+1	2.09297E-1	-2.22303E-1
6.15025E+11	5.28837E-9	-1.01808E+1	1.70521E-1	2.58546E-1
6.15200E+11	5.35153E-9	-9.70097E+0	-2.98468E-1	1.34332E-1
6.15375E+11	9.20053E-9	-8.15759E+0	-1.00933E-1	-3.77695E-1
6.15550E+11	1.86447E-8	-6.12194E+0	4.89297E-1	-6.94439E-2
6.15725E+11	1.57065E-8	-5.61781E+0	-4.28098E-2	5.21980E-1
6.15900E+11	1.70665E-8	-7.37062E+0	-4.01552E-1	-1.48193E-1
6.16075E+11	8.99117E-9	-8.96749E+0	2.26354E-1	-2.74959E-1
6.16250E+11	7.73594E-9	-1.04560E+1	8.87947E-2	2.86615E-1
6.16425E+11	5.16690E-9	-1.17725E+1	-2.41345E-1	-9.07809E-2
6.16600E+11	2.83797E-9	-1.27556E+1	1.84507E-1	-1.37756E-1
6.16775E+11	4.43811E-9	-1.31713E+1	5.82130E-2	2.11640E-1
6.16950E+11	3.81575E-9	-1.33204E+1	-2.14165E-1	2.62178E-2
6.17125E+11	3.36066E-9	-1.28742E+1	-3.75365E-3	-2.27108E-1
6.17300E+11	3.36453E-9	-1.18745E+1	2.47112E-1	6.23059E-2
6.17475E+11	8.32095E-9	-1.08249E+1	-1.97993E-1	2.08565E-1
6.17650E+11	6.66943E-9	-9.92962E+0	-8.58206E-2	-3.07032E-1
6.17825E+11	1.16227E-8	-8.57275E+0	3.69291E-1	5.03133E-2
6.18000E+11	2.40581E-8	-6.12905E+0	-2.66044E-1	4.15999E-1
6.18175E+11	2.99626E-8	-4.37855E+0	-2.62702E-1	-5.43933E-1
6.18350E+11	2.42330E-8	-5.07304E+0	5.51479E-1	8.26142E-2
6.18525E+11	1.05530E-8	-6.94932E+0	-2.75605E-1	3.54838E-1
6.18700E+11	9.77949E-9	-8.75069E+0	-1.80537E-1	-3.17391E-1
6.18875E+11	5.61807E-9	-9.68965E+0	3.19237E-1	-7.41315E-2
6.19050E+11	5.92701E-9	-1.02650E+1	2.20319E-2	3.05932E-1
6.19225E+11	4.38849E-9	-1.13143E+1	-2.71464E-1	1.39594E-2
6.19400E+11	2.50104E-9	-1.18214E+1	-4.00324E-2	-2.53263E-1
6.19575E+11	3.58696E-9	-1.16310E+1	2.57773E-1	-4.73759E-2
6.19750E+11	4.64067E-9	-1.08736E+1	-1.64605E-2	2.85496E-1
6.19925E+11	5.62450E-9	-9.98410E+0	-2.71547E-1	-1.63184E-1
6.20100E+11	5.93899E-9	-8.97371E+0	3.03724E-1	-1.85496E-1
6.20275E+11	9.50128E-9	-7.80075E+0	7.83191E-2	3.99745E-1
6.20450E+11	1.34093E-8	-6.12756E+0	-4.65407E-1	-1.65272E-1
6.20625E+11	2.45930E-8	-4.28651E+0	5.30048E-1	-3.02887E-1
6.20800E+11	2.55102E-8	-4.61512E+0	-1.95487E-1	5.54362E-1
6.20975E+11	1.09391E-8	-6.80393E+0	-1.84946E-1	-4.17775E-1
6.21150E+11	8.37315E-9	-9.18129E+0	3.35427E-1	9.07417E-2
6.21325E+11	3.68917E-9	-1.08844E+1	-2.03948E-1	1.99953E-1
6.21500E+11	4.51492E-9	-1.23578E+1	-9.85472E-2	-2.19987E-1
6.21675E+11	3.00445E-9	-1.29356E+1	2.20982E-1	-4.51041E-2
6.21850E+11	3.28728E-9	-1.32395E+1	-7.50489E-3	2.17653E-1
6.22025E+11	3.16608E-9	-1.30917E+1	-2.10951E-1	-6.76133E-2
6.22200E+11	3.59826E-9	-1.25269E+1	1.29657E-1	-1.97676E-1
6.22375E+11	4.39531E-9	-1.14692E+1	1.75150E-1	2.01545E-1
6.22550E+11	7.83120E-9	-1.03687E+1	-2.66765E-1	1.43868E-1
6.22725E+11	8.75843E-9	-8.75979E+0	-1.16897E-1	-3.45524E-1
6.22900E+11	7.34442E-9	-6.78181E+0	4.44167E-1	-1.11903E-1
6.23075E+11	1.30721E-8	-5.11100E+0	2.99873E-2	5.54390E-1
6.23250E+11	1.91694E-8	-4.31386E+0	-5.47335E-1	-2.66037E-1
6.23425E+11	1.20110E-8	-5.89416E+0	4.91640E-1	-1.25200E-1
6.23600E+11	8.23245E-9	-7.80603E+0	-1.60701E-1	3.74037E-1
6.23775E+11	7.55030E-9	-9.56619E+0	-2.34902E-1	-2.35214E-1
6.23950E+11	5.61230E-9	-1.10499E+1	2.30734E-1	-1.59022E-1
6.24125E+11	3.34613E-9	-1.21453E+1	1.34789E-1	2.07006E-1
6.24300E+11	2.96781E-9	-1.23641E+1	-1.97348E-1	1.38113E-1
6.24475E+11	4.17806E-9	-1.21683E+1	-1.24275E-1	-2.12729E-1
6.24650E+11	4.83396E-9	-1.12225E+1	2.50586E-1	-1.12574E-1
6.24825E+11	3.99981E-9	-1.03930E+1	9.35986E-2	2.87380E-1
6.25000E+11	6.48953E-9	-9.42165E+0	-3.24287E-1	9.53003E-2
6.25175E+11	1.09902E-8	-8.27901E+0	-1.36981E-1	-3.60366E-1
6.25350E+11	1.25251E-8	-6.43136E+0	4.44197E-1	-1.73575E-1
6.25525E+11	2.14702E-8	-4.18550E+0	7.00914E-2	6.13635E-1
6.25700E+11	1.98153E-8	-3.43446E+0	-5.93945E-1	-3.17341E-1
6.25875E+11	1.67258E-8	-5.21954E+0	4.86229E-1	-2.53418E-1
6.26050E+11	1.29398E-8	-7.16716E+0	5.90853E-2	4.34167E-1
6.26225E+11	7.08985E-9	-8.98894E+0	-3.54838E-1	-1.74171E-2
6.26400E+11	5.31657E-9	-1.10982E+1	4.96854E-2	-2.74205E-1
6.26575E+11	3.11336E-9	-1.28134E+1	2.26241E-1	3.36743E-2
6.26750E+11	2.94014E-9	-1.34887E+1	-5.29225E-2	2.04900E-1
6.26925E+11	2.82913E-9	-1.37176E+1	-1.62747E-1	-1.26485E-1
6.27100E+11	2.93615E-9	-1.32907E+1	1.95493E-1	-9.30366E-2
6.27275E+11	3.61113E-9	-1.25412E+1	-6.29975E-3	2.35932E-1
6.27450E+11	8.08050E-9	-1.13102E+1	-2.30824E-1	-1.43796E-1
6.27625E+11	7.03582E-9	-9.91576E+0	2.75030E-1	-1.62226E-1
6.27800E+11	1.16735E-8	-8.11922E+0	5.51878E-2	3.88783E-1
6.27975E+11	1.61246E-8	-6.04284E+0	-4.84486E-1	-1.18308E-1
6.28150E+11	2.92789E-8	-4.28453E+0	4.56609E-1	-4.05424E-1
6.28325E+11	2.22805E-8	-4.71326E+0	-2.85546E-2	5.80513E-1
6.28500E+11	1.62726E-8	-6.61775E+0	-3.93422E-1	-2.51203E-1
6.28675E+11	8.77787E-9	-8.65202E+0	2.63219E-1	-2.59058E-1
6.28850E+11	4.50158E-9	-9.95340E+0	2.02410E-1	2.45172E-1
6.29025E+11	6.06679E-9	-1.08052E+1	-2.41718E-1	1.57003E-1
6.29200E+11	3.16701E-9	-1.15926E+1	-1.03234E-1	-2.42164E-1
6.29375E+11	2.90689E-9	-1.17952E+1	2.51017E-1	-5.59744E-2
6.29550E+11	2.77175E-9	-1.16917E+1	-1.07853E-2	2.60040E-1
6.29725E+11	2.52009E-9	-1.09530E+1	-2.70311E-1	-8.50282E-2
6.29900E+11	3.36035E-9	-1.03450E+1	1.40852E-1	-2.69305E-1
6.30075E+11	5.89301E-9	-9.17061E+0	2.80175E-1	2.06264E-1
6.30250E+11	7.20796E-9	-7.60417E+0	-2.70760E-1	3.16706E-1
6.30425E+11	7.90187E-9	-5.15660E+0	-2.19713E-1	-5.06709E-1
6.30600E+11	2.20502E-8	-3.51559E+0	6.56439E-1	1.19042E-1
6.30775E+11	3.09938E-8	-3.15583E+0	-5.37164E-1	4.41563E-1
6.30950E+11	1.54727E-8	-4.97952E+0	-9.01451E-3	-5.63597E-1
6.31125E+11	9.83692E-9	-7.75752E+0	3.68716E-1	1.77873E-1
6.31300E+11	4.97196E-9	-1.02705E+1	-1.93239E-1	2.37948E-1
6.31475E+11	3.80498E-9	-1.19369E+1	-1.66280E-1	-1.90711E-1
6.31650E+11	3.06816E-9	-1.31018E+1	1.94403E-1	-1.05665E-1
6.31825E+11	2.62002E-9	-1.36065E+1	5.01613E-2	2.02657E-1
6.32000E+11	2.30568E-9	-1.39070E+1	-2.01637E-1	-3.91834E-3
6.32175E+11	2.99111E-9	-1.38077E+1	3.49461E-2	-2.00977E-1
6.32350E+11	2.69159E-9	-1.32546E+1	2.14483E-1	3.55225E-2
6.32525E+11	2.39449E-9	-1.23180E+1	-1.44837E-2	2.41725E-1
6.32700E+11	7.28470E-9	-1.05471E+1	-2.93450E-1	-4.52762E-2
6.32875E+11	6.90323E-9	-8.58425E+0	1.32804E-1	-3.47711E-1
6.33050E+11	1.34367E-8	-6.66305E+0	3.37777E-1	3.18637E-1
6.33225E+11	2.23422E-8	-5.53201E+0	-4.96731E-1	1.81732E-1
6.33400E+11	1.14557E-8	-5.91383E+0	5.22594E-2	-5.03479E-1
6.33575E+11	9.50155E-9	-7.82835E+0	3.61961E-1	1.84020E-1
6.33750E+11	4.43563E-9	-9.77638E+0	-2.13560E-1	2.44286E-1
6.33925E+11	3.50909E-9	-1.12924E+1	-1.67587E-1	-2.14884E-1
6.34100E+11	2.84760E-9	-1.21587E+1	2.23520E-1	-1.04261E-1
6.34275E+11	1.86846E-9	-1.27545E+1	6.57707E-2	2.20697E-1
6.34450E+11	2.50920E-9	-1.28246E+1	-2.20940E-1	5.80503E-2
6.34625E+11	1.67939E-9	-1.26945E+1	-7.07614E-2	-2.20827E-1
6.34800E+11	2.81525E-9	-1.18099E+1	2.26764E-1	-1.20400E-1
6.34975E+11	3.27836E-9	-1.08665E+1	1.56095E-1	2.39888E-1
6.35150E+11	6.97599E-9	-9.27234E+0	-3.03311E-1	1.61996E-1
6.35325E+11	5.24685E-9	-7.44771E+0	-1.41021E-1	-4.00119E-1
6.35500E+11	8.16851E-9	-5.48089E+0	5.31327E-1	-2.78004E-2
6.35675E+11	1.98607E-8	-4.27701E+0	-2.54568E-1	5.55610E-1
6.35850E+11	1.44725E-8	-5.18107E+0	-3.36640E-1	-4.35876E-1
6.36025E+11	1.12171E-8	-6.90505E+0	4.21129E-1	-1.63054E-1
6.36200E+11	5.86300E-9	-8.54695E+0	2.95988E-2	3.72638E-1
6.36375E+11	5.46208E-9	-1.05272E+1	-2.93171E-1	-5.11813E-2
6.36550E+11	3.71686E-9	-1.21660E+1	1.04859E-1	-2.23012E-1
6.36725E+11	2.73383E-9	-1.33200E+1	1.68109E-1	1.35270E-1
6.36900E+11	2.10108E-9	-1.41042E+1	-1.61389E-1	1.13228E-1
6.37075E+11	2.43168E-9	-1.41861E+1	-7.11637E-2	-1.81869E-1
6.37250E+11	3.22055E-9	-1.39679E+1	1.98359E-1	-2.75622E-2
6.37425E+11	5.29167E-9	-1.38979E+1	-1.16318E-2	2.01551E-1
6.37600E+11	4.44357E-9	-1.21114E+1	-2.38900E-1	-6.65129E-2
6.37775E+11	8.85821E-9	-9.95874E+0	2.06193E-1	-2.41742E-1
6.37950E+11	7.58734E-9	-8.02033E+0	9.80088E-2	3.84894E-1
6.38125E+11	1.08709E-8	-6.34429E+0	-4.13260E-1	-2.47508E-1
6.38300E+11	2.01429E-8	-6.37036E+0	4.79568E-1	-2.58954E-2
6.38475E+11	1.02771E-8	-8.16972E+0	-2.59122E-1	2.92012E-1
6.38650E+11	5.92053E-9	-1.04236E+1	-1.01108E-1	-2.83697E-1
6.38825E+11	4.23761E-9	-1.20360E+1	2.49674E-1	-1.54153E-2
6.39000E+11	2.91623E-9	-1.26545E+1	-2.66660E-2	2.31425E-1
6.39175E+11	2.58372E-9	-1.32077E+1	-2.11752E-1	-5.42215E-2
6.39350E+11	2.12790E-9	-1.35762E+1	8.41396E-2	-1.91865E-1
6.39525E+11	1.90588E-9	-1.33069E+1	1.80620E-1	1.18644E-1
6.39700E+11	2.26445E-9	-1.27790E+1	-1.56777E-1	1.67797E-1
6.39875E+11	3.05906E-9	-1.21070E+1	-1.43721E-1	-2.02248E-1
6.40050E+11	3.10495E-9	-1.09368E+1	2.35541E-1	-1.58489E-1
6.40225E+11	4.54909E-9	-8.96840E+0	1.38305E-1	3.28152E-1
6.40400E+11	9.12938E-9	-6.61051E+0	-4.64539E-1	4.95094E-2
6.40575E+11	1.25697E-8	-4.69394E+0	2.32678E-1	-5.34021E-1
6.40750E+11	1.55528E-8	-4.15757E+0	2.17562E-1	5.80163E-1
6.40925E+11	9.28069E-9	-6.09008E+0	-4.57045E-1	-1.92722E-1
6.41100E+11	5.91970E-9	-8.66704E+0	2.94951E-1	-2.21197E-1
6.41275E+11	4.96348E-9	-1.08600E+1	9.94834E-2	2.68585E-1
6.41450E+11	2.41175E-9	-1.29534E+1	-2.05260E-1	9.23446E-2
6.41625E+11	2.18248E-9	-1.39338E+1	-1.27230E-1	-1.55675E-1
6.41800E+11	1.77945E-9	-1.43137E+1	1.53709E-1	-1.15802E-1
6.41975E+11	1.12072E-9	-1.43967E+1	1.04108E-1	1.59677E-1
6.42150E+11	1.64924E-9	-1.43585E+1	-1.67870E-1	9.20659E-2
6.42325E+11	1.39574E-9	-1.35999E+1	-8.86882E-2	-1.89175E-1
6.42500E+11	2.37401E-9	-1.28461E+1	2.21641E-1	-5.29316E-2
6.42675E+11	3.56055E-9	-1.11154E+1	7.38013E-3	2.78020E-1
6.42850E+11	5.99064E-9	-9.39270E+0	-3.30350E-1	-7.66645E-2
6.43025E+11	1.00477E-8	-7.94992E+0	1.99295E-1	-3.47288E-1
6.43200E+11	6.86708E-9	-7.47299E+0	2.96220E-1	3.01978E-1
6.43375E+11	8.29970E-9	-8.59411E+0	-3.32061E-1	1.67217E-1
6.43550E+11	5.62136E-9	-9.98346E+0	-6.99026E-2	-3.09023E-1
6.43725E+11	3.79073E-9	-1.17249E+1	2.59248E-1	-3.59445E-3
6.43900E+11	2.73665E-9	-1.32384E+1	-2.16878E-2	2.16730E-1
6.44075E+11	2.39317E-9	-1.41008E+1	-1.91810E-1	-4.58955E-2
6.44250E+11	2.65651E-9	-1.45772E+1	6.91932E-2	-1.73403E-1
6.44425E+11	1.84151E-9	-1.48010E+1	1.55595E-1	9.43150E-2
6.44600E+11	1.91437E-9	-1.44832E+1	-1.16831E-1	1.48220E-1
6.44775E+11	1.80341E-9	-1.33601E+1	-1.28148E-1	-1.72363E-1
6.44950E+11	2.30542E-9	-1.17877E+1	2.45848E-1	-7.62592E-2
6.45125E+11	4.78462E-9	-9.87943E+0	-3.34699E-2	3.18896E-1
6.45300E+11	6.01948E-9	-7.85621E+0	-3.63952E-1	-1.77098E-1
6.45475E+11	8.27080E-9	-6.04836E+0	3.89707E-1	-3.10703E-1
6.45650E+11	1.03888E-8	-5.37257E+0	9.91566E-2	5.29527E-1
6.45825E+11	8.46047E-9	-6.12983E+0	-4.79743E-1	-1.16780E-1
6.46000E+11	7.86617E-9	-7.98290E+0	2.07560E-1	-3.40637E-1
6.46175E+11	5.20218E-9	-8.79291E+0	2.45130E-1	2.68240E-1
6.46350E+11	3.40244E-9	-1.00840E+1	-2.85357E-1	1.29061E-1
6.46525E+11	2.45239E-9	-1.12491E+1	-5.67525E-2	-2.67926E-1
6.46700E+11	2.14884E-9	-1.23259E+1	2.41924E-1	2.63226E-3
6.46875E+11	1.77388E-9	-1.30111E+1	-3.83879E-2	2.20266E-1
6.47050E+11	2.13981E-9	-1.28214E+1	-2.17994E-1	-6.85691E-2
6.47225E+11	1.99658E-9	-1.33665E+1	8.34299E-2	-1.97742E-1
6.47400E+11	2.33498E-9	-1.28815E+1	1.97926E-1	1.11045E-1
6.47575E+11	4.25935E-9	-1.12728E+1	-1.59505E-1	2.21709E-1
6.47750E+11	4.97187E-9	-9.77934E+0	-2.22116E-1	-2.36383E-1
6.47925E+11	5.97332E-9	-8.05113E+0	3.47254E-1	-1.89865E-1
6.48100E+11	7.62909E-9	-7.13164E+0	2.59914E-2	4.39196E-1
6.48275E+11	6.75326E-9	-7.44009E+0	-3.59444E-1	-2.26049E-1
6.48450E+11	6.26145E-9	-8.71566E+0	3.27314E-1	-1.65156E-1
6.48625E+11	6.02543E-9	-1.05085E+1	-1.25276E-2	2.97983E-1
6.48800E+11	2.46938E-9	-1.25282E+1	-2.10998E-1	-1.06536E-1
6.48975E+11	1.98579E-9	-1.35292E+1	1.47661E-1	-1.50219E-1
6.49150E+11	1.83030E-9	-1.46165E+1	7.74150E-2	1.68965E-1
6.49325E+11	1.26558E-9	-1.56026E+1	-1.64469E-1	2.18127E-2
6.49500E+11	1.09022E-9	-1.62830E+1	-5.74976E-3	-1.53301E-1
6.49675E+11	7.22486E-10	-1.62660E+1	1.53477E-1	8.44539E-3
6.49850E+11	1.01347E-9	-1.63403E+1	-8.80520E-3	1.52145E-1
6.50025E+11	7.35848E-10	-1.57783E+1	-1.60149E-1	-2.80506E-2
6.50200E+11	1.17098E-9	-1.42281E+1	3.62279E-2	-1.90949E-1
6.50375E+11	2.26020E-9	-1.23123E+1	2.36473E-1	5.28923E-2
6.50550E+11	2.79578E-9	-9.83669E+0	-1.14813E-1	3.01081E-1
6.50725E+11	4.73142E-9	-8.13132E+0	-3.05992E-1	-2.45230E-1
6.50900E+11	4.46425E-9	-8.50421E+0	3.49675E-1	-1.37274E-1
6.51075E+11	2.41439E-9	-1.06639E+1	1.67978E-2	2.92474E-1
6.51250E+11	1.04875E-9	-1.28451E+1	-2.22900E-1	-4.74730E-2
6.51425E+11	5.71762E-10	-1.44514E+1	6.27854E-2	-1.78713E-1
6.51600E+11	6.48480E-10	-1.55947E+1	1.45504E-1	8.00297E-2
6.51775E+11	3.75562E-10	-1.68881E+1	-9.19473E-2	1.09631E-1
6.51950E+11	3.72620E-10	-1.77133E+1	-1.02134E-1	-8.06171E-2
6.52125E+11	2.75015E-10	-1.80532E+1	8.26454E-2	-9.39460E-2
6.52300E+11	5.10880E-10	-1.66099E+1	1.17927E-1	8.89995E-2
6.52475E+11	5.24800E-10	-1.62910E+1	-8.67319E-2	1.26366E-1
6.52650E+11	5.08021E-10	-1.57736E+1	-1.40255E-1	-8.24119E-2
6.52825E+11	1.13350E-9	-1.40942E+1	7.28002E-2	-1.83456E-1
6.53000E+11	1.57011E-9	-1.21193E+1	2.18153E-1	1.17453E-1
6.53175E+11	1.57335E-9	-1.10169E+1	-1.95725E-1	2.02030E-1
6.53350E+11	1.20774E-9	-1.07291E+1	-1.29117E-1	-2.60527E-1
6.53525E+11	2.69961E-9	-1.17957E+1	2.54136E-1	-3.93654E-2
6.53700E+11	1.67825E-9	-1.31000E+1	-4.14489E-2	2.17394E-1
6.53875E+11	1.28572E-9	-1.44380E+1	-1.70487E-1	-8.32209E-2
6.54050E+11	7.89399E-10	-1.60827E+1	7.43264E-2	-1.38278E-1
6.54225E+11	6.89430E-10	-1.69693E+1	1.27384E-1	6.21882E-2
6.54400E+11	7.23754E-10	-1.74866E+1	-7.53415E-2	1.10278E-1
6.54575E+11	7.47469E-10	-1.75681E+1	-9.58448E-2	-9.12129E-2
6.54750E+11	4.40554E-10	-1.65866E+1	1.21646E-1	-8.45421E-2
6.54925E+11	9.31803E-10	-1.54814E+1	5.28654E-2	1.59719E-1
6.55100E+11	1.22367E-9	-1.44641E+1	-1.88971E-1	8.11275E-3
6.55275E+11	1.53657E-9	-1.27031E+1	5.19743E-2	-2.25751E-1
6.55450E+11	1.93950E-9	-1.02177E+1	2.67238E-1	1.53928E-1
6.55625E+11	5.15679E-9	-8.33827E+0	-3.42844E-1	1.70503E-1
6.55800E+11	2.83789E-9	-8.38410E+0	1.79995E-1	-3.35672E-1
6.55975E+11	2.21181E-9	-1.03150E+1	6.11144E-2	2.98778E-1
6.56150E+11	2.00029E-9	-1.21295E+1	-2.26448E-1	-9.98130E-2
6.56325E+11	1.09740E-9	-1.36167E+1	1.54564E-1	-1.39977E-1
6.56500E+11	1.15611E-9	-1.46664E+1	1.04978E-1	1.52076E-1
6.56675E+11	7.45064E-10	-1.57899E+1	-1.26072E-1	1.02322E-1
6.56850E+11	7.09386E-10	-1.61456E+1	-1.12586E-1	-1.07773E-1
6.57025E+11	7.94256E-10	-1.63532E+1	1.27045E-1	-8.37656E-2
6.57200E+11	1.03984E-9	-1.54807E+1	4.10331E-2	1.63173E-1
6.57375E+11	1.40625E-9	-1.51785E+1	-1.71196E-1	-3.22646E-2
6.57550E+11	1.82960E-9	-1.39257E+1	1.08579E-1	-1.69435E-1
6.57725E+11	2.38883E-9	-1.23036E+1	1.15935E-1	2.13060E-1
6.57900E+11	3.35610E-9	-1.05910E+1	-2.94661E-1	2.12435E-2
6.58075E+11	5.07904E-9	-8.43758E+0	1.67499E-1	-3.39474E-1
6.58250E+11	4.11270E-9	-9.42273E+0	9.63910E-2	3.23921E-1
6.58425E+11	2.33225E-9	-1.18585E+1	-2.35842E-1	-9.77921E-2
6.58600E+11	1.03080E-9	-1.46121E+1	1.59650E-1	-9.53384E-2
6.58775E+11	7.42011E-10	-1.75036E+1	1.26957E-2	1.32690E-1
6.58950E+11	3.61085E-10	-1.93610E+1	-1.04605E-1	-2.53541E-2
6.59125E+11	3.08651E-10	-2.11480E+1	2.08325E-2	-8.51069E-2
6.59300E+11	2.81194E-10	-2.29937E+1	6.68658E-2	2.34106E-2
6.59475E+11	1.79527E-10	-2.36048E+1	-2.04135E-2	6.27982E-2
6.59650E+11	1.35171E-10	-2.40875E+1	-5.87211E-2	-2.12965E-2
6.59825E+11	1.79679E-10	-2.23263E+1	3.97616E-2	-6.53597E-2
6.60000E+11	4.25422E-10	-2.00968E+1	7.34973E-2	6.61637E-2
6.60175E+11	5.28821E-10	-1.79115E+1	-9.86691E-2	8.02480E-2
6.60350E+11	6.56790E-10	-1.56845E+1	-9.19554E-2	-1.36219E-1
6.60525E+11	2.24278E-9	-1.23696E+1	2.27494E-1	-7.87089E-2
6.60700E+11	2.27517E-9	-1.19319E+1	-9.58166E-2	2.34332E-1
6.60875E+11	1.40948E-9	-1.42321E+1	-9.18332E-2	-1.71190E-1
6.61050E+11	6.23602E-10	-1.61514E+1	1.55175E-1	-1.33694E-2
6.61225E+11	3.78905E-10	-1.79535E+1	-3.56987E-2	1.21430E-1
6.61400E+11	3.91812E-10	-1.91403E+1	-9.45140E-2	-5.70630E-2
6.61575E+11	1.98649E-10	-2.09796E+1	5.46831E-2	-7.06429E-2
6.61750E+11	1.40348E-10	-2.12916E+1	6.96516E-2	5.07553E-2
6.61925E+11	2.22997E-10	-2.08392E+1	-6.04607E-2	6.77309E-2
6.62100E+11	1.56257E-10	-2.03088E+1	-4.65966E-2	-8.45134E-2
6.62275E+11	3.04248E-10	-1.91217E+1	1.09335E-1	-1.69417E-2
6.62450E+11	2.96473E-10	-1.82518E+1	-2.81233E-2	1.19017E-1
6.62625E+11	3.54358E-10	-1.68764E+1	-1.30939E-1	-5.81700E-2
6.62800E+11	9.04941E-10	-1.36997E+1	1.42094E-1	-1.49901E-1
6.62975E+11	1.49650E-9	-1.16737E+1	7.12332E-2	2.50888E-1
6.63150E+11	1.13596E-9	-1.27759E+1	-2.02897E-1	-1.07729E-1
6.63325E+11	1.37655E-9	-1.27869E+1	2.00775E-1	-1.11034E-1
6.63500E+11	9.25679E-10	-1.45510E+1	3.75143E-3	1.87224E-1
6.63675E+11	7.61992E-10	-1.67410E+1	-1.43343E-1	-2.51294E-2
6.63850E+11	5.72534E-10	-1.77416E+1	3.28960E-3	-1.29652E-1
6.64025E+11	4.43002E-10	-1.83042E+1	1.21376E-1	6.68360E-3
6.64200E+11	4.27028E-10	-1.81081E+1	-4.86232E-3	1.24241E-1
6.64375E+11	4.56136E-10	-1.82977E+1	-1.13314E-1	-4.42582E-2
6.64550E+11	5.62213E-10	-1.73855E+1	9.06888E-2	-1.00167E-1
6.64725E+11	6.20681E-10	-1.71304E+1	9.19254E-2	1.04460E-1
6.64900E+11	9.13635E-10	-1.57733E+1	-1.24876E-1	1.04264E-1
6.65075E+11	1.58080E-9	-1.36845E+1	-1.36411E-1	-1.55571E-1
6.65250E+11	2.16981E-9	-1.09832E+1	2.48411E-1	-1.34282E-1
6.65425E+11	2.94920E-9	-8.79592E+0	-7.51330E-2	3.55394E-1
6.65600E+11	2.54023E-9	-9.72083E+0	-1.16972E-1	-3.04888E-1
6.65775E+11	2.22830E-9	-1.14650E+1	2.07145E-1	1.68697E-1
6.65950E+11	1.04407E-9	-1.31998E+1	-2.13336E-1	4.85083E-2
6.66125E+11	1.30016E-9	-1.40981E+1	3.27911E-4	-1.97285E-1
6.66300E+11	7.81815E-10	-1.50211E+1	1.76787E-1	1.46980E-2
6.66475E+11	7.10721E-10	-1.54877E+1	-4.85731E-3	1.68048E-1
6.66650E+11	5.21104E-10	-1.54439E+1	-1.67409E-1	-2.29062E-2
6.66825E+11	7.82372E-10	-1.55145E+1	8.25363E-2	-1.45869E-1
6.67000E+11	1.02658E-9	-1.45601E+1	8.22518E-2	1.68013E-1
6.67175E+11	1.23186E-9	-1.46172E+1	-1.85515E-1	-1.09971E-2
6.67350E+11	7.76445E-10	-1.33272E+1	5.79502E-2	-2.07661E-1
6.67525E+11	1.62036E-9	-1.22690E+1	2.36829E-1	5.67278E-2
6.67700E+11	2.41184E-9	-1.01972E+1	-3.86488E-2	3.06702E-1
6.67875E+11	5.86751E-9	-8.15875E+0	-3.65232E-1	-1.39307E-1
6.68050E+11	4.82315E-9	-9.18979E+0	3.02004E-1	-1.71182E-1
6.68225E+11	2.03307E-9	-1.12053E+1	-7.44190E-2	2.65004E-1
6.68400E+11	1.21750E-9	-1.37898E+1	-1.14248E-1	-1.69507E-1
6.68575E+11	9.10215E-10	-1.60002E+1	1.53960E-1	-3.76063E-2
6.68750E+11	5.05292E-10	-1.81814E+1	2.16381E-2	1.21377E-1
6.68925E+11	2.87400E-10	-1.97658E+1	-1.00654E-1	2.05635E-2
6.69100E+11	3.77162E-10	-1.96480E+1	-4.31292E-3	-1.04047E-1
6.69275E+11	2.38447E-10	-2.02806E+1	8.84864E-2	3.92997E-2
6.69450E+11	2.47394E-10	-1.93771E+1	-9.42233E-2	5.16159E-2
6.69625E+11	2.39587E-10	-2.03104E+1	-7.63001E-4	-9.64868E-2
6.69800E+11	3.40758E-10	-1.93938E+1	1.05217E-1	2.06706E-2
6.69975E+11	3.03180E-10	-1.92929E+1	-1.70962E-3	1.08467E-1
6.70150E+11	3.88550E-10	-1.76198E+1	-1.30191E-1	1.86857E-2
6.70325E+11	3.96387E-10	-1.79832E+1	1.93993E-3	-1.26121E-1
6.70500E+11	5.91137E-10	-1.69174E+1	1.20221E-1	7.66996E-2
6.70675E+11	3.79764E-10	-1.82229E+1	-1.22703E-1	-2.15406E-4
6.70850E+11	1.71281E-10	-2.05824E+1	6.85851E-2	-6.35703E-2
6.71025E+11	1.51431E-10	-2.11506E+1	4.16654E-2	7.70488E-2
6.71200E+11	8.56224E-11	-2.32425E+1	-5.74260E-2	3.79725E-2
6.71375E+11	5.15969E-11	-2.41496E+1	-5.46689E-2	-2.92846E-2
6.71550E+11	6.32433E-11	-2.47124E+1	2.90471E-2	-5.03489E-2
6.71725E+11	7.50564E-11	-2.31705E+1	5.64966E-2	4.03366E-2
6.71900E+11	8.12780E-11	-2.29226E+1	-7.03234E-2	1.25136E-2
6.72075E+11	1.00407E-10	-2.18511E+1	2.87045E-2	-7.55361E-2
6.72250E+11	1.21083E-10	-2.07667E+1	6.53275E-2	6.41408E-2
6.72425E+11	1.69959E-10	-1.81208E+1	-9.65129E-2	7.80999E-2
6.72600E+11	2.72367E-10	-1.76167E+1	-7.74093E-2	-1.06392E-1
6.72775E+11	2.47755E-10	-1.65680E+1	1.44229E-1	-3.51772E-2
6.72950E+11	4.90091E-10	-1.50767E+1	-8.29911E-2	1.55505E-1
6.73125E+11	3.89996E-10	-1.55801E+1	2.60241E-3	-1.66319E-1
6.73300E+11	2.85183E-10	-1.64996E+1	9.72141E-2	1.13748E-1
6.73475E+11	3.23020E-10	-1.72309E+1	-1.33087E-1	3.47447E-2
6.73650E+11	1.61833E-10	-1.98336E+1	-1.95734E-2	-1.00037E-1
6.73825E+11	1.57241E-10	-1.88099E+1	1.09972E-1	-3.25344E-2
6.74000E+11	1.81990E-10	-1.97697E+1	1.98567E-2	1.00749E-1
6.74175E+11	1.80217E-10	-1.83767E+1	-1.20120E-1	-1.01722E-2
6.74350E+11	3.41391E-10	-1.61646E+1	1.00680E-1	-1.18525E-1
6.74525E+11	4.34691E-10	-1.57108E+1	2.12525E-2	1.62470E-1
6.74700E+11	7.13139E-10	-1.49439E+1	-1.76034E-1	-3.23337E-2
6.74875E+11	8.08593E-10	-1.32584E+1	9.50523E-2	-1.95418E-1
6.75050E+11	1.00683E-9	-1.23907E+1	1.83341E-1	1.55093E-1
6.75225E+11	1.12064E-9	-1.17156E+1	-2.42940E-1	9.13575E-2
6.75400E+11	2.15475E-9	-1.01964E+1	1.05336E-1	-2.90661E-1
6.75575E+11	2.24861E-9	-9.51692E+0	6.40376E-2	3.28123E-1
6.75750E+11	1.91808E-9	-1.11919E+1	-2.19913E-1	-1.66246E-1
6.75925E+11	1.11738E-9	-1.27344E+1	2.00260E-1	-1.14786E-1
6.76100E+11	8.55289E-10	-1.45794E+1	7.67366E-2	1.70146E-1
6.76275E+11	6.21768E-10	-1.52043E+1	-1.57019E-1	7.42602E-2
6.76450E+11	6.76332E-10	-1.54387E+1	-3.28632E-2	-1.65845E-1
6.76625E+11	8.00747E-10	-1.52203E+1	1.69076E-1	3.83644E-2
6.76800E+11	7.80062E-10	-1.46708E+1	-1.04546E-1	1.52261E-1
6.76975E+11	1.26038E-9	-1.31025E+1	-1.31254E-1	-1.78108E-1
6.77150E+11	1.14754E-9	-1.27652E+1	2.06501E-1	-1.01292E-1
6.77325E+11	1.00679E-9	-1.28404E+1	7.68095E-2	2.14699E-1
6.77500E+11	8.27555E-10	-1.32156E+1	-2.09806E-1	6.06089E-2
6.77675E+11	1.27881E-9	-1.14695E+1	-1.76533E-2	-2.66426E-1
6.77850E+11	2.05095E-9	-1.02028E+1	2.74377E-1	1.41966E-1
6.78025E+11	2.05463E-9	-8.97583E+0	-3.14886E-1	1.65655E-1
6.78200E+11	1.42300E-9	-9.94886E+0	3.68437E-2	-3.15954E-1
6.78375E+11	8.70676E-10	-1.19528E+1	2.31005E-1	1.02088E-1
6.78550E+11	5.16026E-10	-1.34769E+1	-1.21118E-1	1.73888E-1
6.78725E+11	4.36692E-10	-1.57522E+1	-8.99412E-2	-1.36030E-1
6.78900E+11	3.52128E-10	-1.62145E+1	1.50409E-1	-3.58553E-2
6.79075E+11	1.79918E-10	-1.65585E+1	-3.33624E-2	1.44827E-1
6.79250E+11	1.51828E-10	-1.71709E+1	-9.23447E-2	-1.03224E-1
6.79425E+11	2.47517E-10	-1.69974E+1	1.18467E-1	-7.70070E-2
6.79600E+11	1.60509E-10	-1.85472E+1	5.53495E-2	1.04447E-1
6.79775E+11	1.62451E-10	-1.78771E+1	-1.10614E-1	6.37822E-2
6.79950E+11	1.41817E-10	-1.74492E+1	-4.64262E-2	-1.25844E-1
6.80125E+11	1.93123E-10	-1.57692E+1	1.62021E-1	1.54730E-2
6.80300E+11	3.01418E-10	-1.39001E+1	-1.58613E-1	1.24814E-1
6.80475E+11	2.21692E-10	-1.36870E+1	-1.50210E-2	-2.06302E-1
6.80650E+11	2.20079E-10	-1.33073E+1	2.13792E-1	3.14292E-2
6.80825E+11	2.33746E-10	-1.41802E+1	1.64032E-2	1.94741E-1
6.81000E+11	1.45386E-10	-1.59688E+1	-1.57175E-1	2.44156E-2
6.81175E+11	8.94158E-11	-1.80012E+1	-1.94904E-2	-1.24357E-1
6.81350E+11	1.09967E-10	-1.76379E+1	1.23171E-1	4.53421E-2
6.81525E+11	7.97360E-11	-1.86413E+1	-9.56720E-2	6.72307E-2
6.81700E+11	1.22830E-10	-1.87099E+1	-2.90690E-2	-1.12311E-1
6.81875E+11	7.58439E-11	-2.03242E+1	9.43297E-2	-1.95594E-2
6.82050E+11	1.47457E-10	-1.88764E+1	6.92451E-2	9.03214E-2
6.82225E+11	1.45379E-10	-1.97922E+1	-4.43318E-2	9.23302E-2
6.82400E+11	1.10630E-10	-1.90947E+1	-1.09982E-1	-1.48944E-2
6.82575E+11	2.61508E-10	-1.70135E+1	3.69937E-2	-1.36096E-1
6.82750E+11	2.85133E-10	-1.54178E+1	9.64238E-2	1.39373E-1
6.82925E+11	5.60694E-10	-1.33530E+1	-2.09775E-1	-4.69160E-2
6.83100E+11	4.72339E-10	-1.37076E+1	1.25715E-1	-1.63645E-1
6.83275E+11	2.90188E-10	-1.48319E+1	1.39997E-1	1.15203E-1
6.83450E+11	4.42952E-10	-1.46915E+1	-5.72162E-2	1.75148E-1
6.83625E+11	3.80131E-10	-1.42181E+1	-1.90746E-1	-3.84301E-2
6.83800E+11	4.38550E-10	-1.43249E+1	1.97937E-2	-1.91180E-1
6.83975E+11	2.74628E-10	-1.37449E+1	1.84606E-1	9.02220E-2
6.84150E+11	3.38180E-10	-1.42667E+1	-1.51753E-1	1.20042E-1
6.84325E+11	3.20992E-10	-1.31038E+1	-9.10665E-2	-2.01600E-1
6.84500E+11	4.13643E-10	-1.35853E+1	2.08158E-1	-2.16736E-2
6.84675E+11	4.39962E-10	-1.38562E+1	3.19369E-2	2.00326E-1
6.84850E+11	4.50554E-10	-1.28104E+1	-2.28370E-1	1.42057E-2
6.85025E+11	4.80746E-10	-1.20193E+1	6.33096E-2	-2.42503E-1
6.85200E+11	1.19093E-9	-1.01579E+1	2.42954E-1	1.93399E-1
6.85375E+11	9.05079E-10	-9.46728E+0	-3.25470E-1	8.43792E-2
6.85550E+11	1.04716E-9	-1.00046E+1	9.99693E-2	-2.99835E-1
6.85725E+11	6.31944E-10	-1.06518E+1	2.36116E-1	1.74105E-1
6.85900E+11	5.66066E-10	-1.17338E+1	-1.70012E-1	1.95398E-1
6.86075E+11	4.93939E-10	-1.17769E+1	-1.85340E-1	-1.79085E-1
6.86250E+11	3.37746E-10	-1.13510E+1	2.25973E-1	-1.49005E-1
6.86425E+11	6.27993E-10	-9.76890E+0	-6.65733E-3	3.24686E-1
6.86600E+11	5.11771E-10	-9.80442E+0	-2.59681E-1	-1.92801E-1
6.86775E+11	4.61347E-10	-1.10777E+1	2.54165E-1	-1.15866E-1
6.86950E+11	3.19736E-10	-1.19163E+1	8.20557E-2	2.39981E-1
6.87125E+11	2.62026E-10	-1.12674E+1	-2.32173E-1	1.44169E-1
6.87300E+11	2.97059E-10	-9.35368E+0	-1.97230E-1	-2.77753E-1
6.87475E+11	3.94828E-10	-7.40764E+0	4.16017E-1	-9.26296E-2
6.87650E+11	3.90557E-10	-7.76796E+0	-1.00352E-1	3.96380E-1
6.87825E+11	2.26195E-10	-8.12424E+0	-2.74871E-1	-2.80117E-1
6.88000E+11	2.41171E-10	-8.21824E+0	3.59433E-1	-1.46729E-1
6.88175E+11	2.16610E-10	-8.60086E+0	-3.87316E-3	3.71478E-1
6.88350E+11	1.57502E-10	-1.10124E+1	-2.75200E-1	-5.89147E-2
6.88525E+11	1.10895E-10	-1.11084E+1	9.64852E-2	-2.61084E-1
6.88700E+11	9.18071E-11	-1.05773E+1	2.31468E-1	1.84325E-1
6.88875E+11	8.20082E-11	-1.17595E+1	-2.35034E-1	1.06993E-1
6.89050E+11	5.43186E-11	-1.07570E+1	-7.13908E-2	-2.80904E-1
6.89225E+11	6.47796E-11	-1.04756E+1	2.73334E-1	1.22131E-1
6.89400E+11	4.26241E-11	-1.37590E+1	-1.02977E-1	1.77420E-1
6.89575E+11	4.02005E-11	-1.33325E+1	-1.13447E-1	-1.83179E-1
6.89750E+11	2.66176E-11	-1.61710E+1	1.51749E-1	-3.34805E-2
6.89925E+11	4.95670E-11	-1.49470E+1	-8.74596E-2	1.56082E-1
6.90100E+11	2.49696E-11	-1.80153E+1	-6.82242E-2	-1.05540E-1
6.90275E+11	1.21404E-11	-2.09935E+1	8.82581E-2	1.28714E-2
6.90450E+11	8.18186E-12	-2.15183E+1	-4.18687E-2	7.27790E-2
6.90625E+11	9.11589E-12	-2.03891E+1	-9.27993E-2	-2.30515E-2
6.90800E+11	1.55485E-11	-1.96451E+1	7.61572E-2	-7.10752E-2
6.90975E+11	1.15785E-11	-2.14153E+1	7.58295E-2	3.83245E-2
6.91150E+11	1.45116E-11	-2.19410E+1	-7.68278E-2	-2.22119E-2
6.91325E+11	1.72317E-11	-2.13755E+1	3.35562E-2	-7.84810E-2
6.91500E+11	1.44704E-11	-2.22990E+1	4.84055E-2	5.95543E-2
6.91675E+11	1.36406E-11	-2.23195E+1	-6.28979E-2	4.36561E-2
6.91850E+11	1.32864E-11	-2.10977E+1	-3.41476E-2	-8.12441E-2
6.92025E+11	1.83116E-12	-2.86081E+1	3.43361E-2	1.41015E-2
6.92200E+11	9.07378E-12	-2.14741E+1	-7.19620E-2	4.40830E-2
6.92375E+11	3.74968E-12	-2.62681E+1	2.55198E-2	-4.13551E-2
6.92550E+11	4.65810E-12	-2.46500E+1	3.96429E-2	4.30828E-2
6.92725E+11	1.75056E-11	-2.28258E+1	-5.28938E-2	-4.91852E-2
6.92900E+11	1.26834E-11	-2.38170E+1	2.92959E-2	-5.73944E-2
6.93075E+11	8.77203E-12	-2.65803E+1	4.58258E-2	9.88556E-3
6.93250E+11	9.64882E-12	-2.60624E+1	-2.00152E-2	4.55572E-2
6.93425E+11	4.31959E-12	-2.83962E+1	-2.67102E-2	-2.70790E-2
6.93600E+11	3.61703E-11	-2.22905E+1	6.84250E-2	-3.49188E-2
6.93775E+11	3.19582E-11	-2.10337E+1	-3.44151E-2	8.18382E-2
6.93950E+11	2.74366E-11	-2.25112E+1	-1.09689E-2	-7.40851E-2
6.94125E+11	3.73109E-11	-2.03306E+1	9.07315E-2	3.21672E-2
6.94300E+11	2.98342E-11	-2.16449E+1	-5.31323E-2	6.34362E-2
6.94475E+11	5.17739E-11	-1.87956E+1	-8.01204E-2	-8.23204E-2
6.94650E+11	3.66389E-11	-2.02370E+1	5.54899E-2	-7.99361E-2
6.94825E+11	5.39512E-11	-1.95965E+1	6.98183E-2	7.80959E-2
6.95000E+11	5.08790E-11	-1.82226E+1	-1.22376E-1	-9.00577E-3
6.95175E+11	4.03652E-11	-1.99586E+1	8.40611E-2	-5.50408E-2
6.95350E+11	3.70501E-11	-1.99311E+1	-1.40770E-2	9.98080E-2
6.95525E+11	4.73742E-11	-1.87107E+1	-9.00306E-2	-7.31492E-2
6.95700E+11	2.62127E-11	-2.00777E+1	7.89179E-2	-5.99561E-2
6.95875E+11	2.77324E-11	-2.08075E+1	1.29612E-2	9.01954E-2
6.96050E+11	4.48765E-11	-1.76998E+1	-1.28401E-1	-2.22796E-2
6.96225E+11	6.92264E-11	-1.68529E+1	1.25218E-1	-7.04326E-2
6.96400E+11	5.17523E-11	-1.68892E+1	-3.76854E-2	1.38015E-1
6.96575E+11	6.45254E-11	-1.67902E+1	-8.77143E-2	-1.15092E-1
6.96750E+11	3.89414E-11	-1.88484E+1	1.12280E-1	-2.07297E-2
6.96925E+11	1.70761E-11	-1.97472E+1	4.27815E-3	1.02864E-1
6.97100E+11	1.16731E-11	-2.09809E+1	-6.32488E-2	-6.30703E-2
6.97275E+11	1.66264E-11	-1.99756E+1	9.60077E-2	-2.89649E-2
6.97450E+11	3.32124E-12	-2.52483E+1	-1.07123E-2	5.35892E-2
6.97625E+11	5.29788E-12	-2.35329E+1	-3.97962E-2	-5.33796E-2
6.97800E+11	8.02555E-12	-1.99706E+1	5.73880E-2	-8.23071E-2
6.97975E+11	2.53057E-12	-2.49422E+1	5.50343E-2	1.32603E-2
6.98150E+11	2.47078E-12	-2.64677E+1	-3.19650E-2	3.51237E-2
6.98325E+11	4.29421E-12	-2.27656E+1	-5.98276E-2	-4.13584E-2
6.98500E+11	2.56606E-12	-2.64433E+1	4.41566E-2	-1.78419E-2
6.98675E+11	2.22149E-12	-2.77213E+1	4.44077E-3	4.08681E-2
6.98850E+11	4.29165E-12	-2.21646E+1	-6.88223E-2	-3.65834E-2
6.99025E+11	3.37084E-12	-2.17763E+1	7.91057E-2	-1.96314E-2
6.99200E+11	3.33059E-12	-2.25727E+1	4.68069E-2	5.77861E-2
6.99375E+11	2.81778E-12	-2.70601E+1	-6.62213E-3	4.38633E-2
6.99550E+11	5.81071E-12	-2.58027E+1	-5.02852E-2	-1.00020E-2
6.99725E+11	1.28141E-12	-3.06684E+1	2.62120E-2	-1.30490E-2
6.99900E+11	2.01394E-12	-2.88063E+1	3.06886E-2	1.93538E-2
7.00075E+11	2.74638E-12	-2.82041E+1	-3.39315E-2	1.89941E-2
7.00250E+11	3.80848E-12	-2.56136E+1	-3.82550E-2	-3.58073E-2
7.00425E+11	1.02080E-12	-3.38767E+1	1.83656E-2	-8.50133E-3
7.00600E+11	2.56668E-13	-3.81704E+1	1.20916E-2	-2.48712E-3
7.00775E+11	4.66187E-13	-3.52315E+1	4.44569E-3	1.67347E-2
7.00950E+11	7.84140E-13	-3.19837E+1	-1.96119E-2	-1.57703E-2
7.01125E+11	4.57145E-13	-3.60355E+1	1.25035E-2	-9.63376E-3
7.01300E+11	2.49599E-12	-2.88406E+1	2.19119E-2	2.87375E-2
7.01475E+11	2.24414E-12	-3.23173E+1	-2.20951E-2	9.91501E-3
7.01650E+11	1.55179E-12	-3.32104E+1	8.69852E-3	-2.00454E-2
7.01825E+11	4.96240E-12	-2.85947E+1	2.24289E-2	2.96481E-2
7.02000E+11	1.00318E-12	-3.40790E+1	-7.17898E-3	1.84227E-2
7.02175E+11	7.34138E-12	-2.62258E+1	-1.94314E-2	-4.48003E-2
7.02350E+11	7.96034E-12	-2.82725E+1	3.46347E-2	-1.69979E-2
7.02525E+11	4.47452E-12	-2.97145E+1	3.00689E-3	3.25408E-2
7.02700E+11	4.76739E-12	-2.98683E+1	-2.86426E-2	1.45048E-2
7.02875E+11	4.87465E-12	-2.89638E+1	-1.78357E-2	-3.08440E-2
7.03050E+11	1.00559E-11	-2.57122E+1	5.08729E-2	-9.79578E-3
7.03225E+11	1.05646E-11	-2.54126E+1	-4.89505E-3	5.34017E-2
7.03400E+11	1.53805E-11	-2.45402E+1	-3.93288E-2	-4.43701E-2
7.03575E+11	2.39627E-11	-2.06154E+1	9.29757E-2	5.85268E-3
7.03750E+11	2.63193E-11	-2.04627E+1	-1.81269E-2	9.30638E-2
7.03925E+11	3.68872E-11	-1.94628E+1	-1.05191E-1	1.58556E-2
7.04100E+11	1.34685E-10	-1.66870E+1	-3.16853E-2	-1.42968E-1
7.04275E+11	1.81985E-10	-1.51984E+1	1.72448E-1	-2.17302E-2
7.04450E+11	1.75808E-10	-1.50888E+1	-7.21639E-2	1.60545E-1
7.04625E+11	1.54975E-10	-1.46765E+1	-8.98175E-2	-1.61250E-1
7.04800E+11	1.59841E-10	-1.55195E+1	1.66944E-1	1.36797E-2
7.04975E+11	2.05620E-10	-1.44831E+1	-9.98014E-2	1.60184E-1
7.05150E+11	1.83916E-10	-1.50517E+1	-1.52717E-1	-8.90302E-2
7.05325E+11	2.33654E-10	-1.45513E+1	1.12168E-1	-1.49944E-1
7.05500E+11	1.51955E-10	-1.46724E+1	1.23917E-1	1.36912E-1
7.05675E+11	1.47532E-10	-1.61487E+1	-1.48758E-1	4.63059E-2
7.05850E+11	7.69740E-11	-1.52713E+1	2.06953E-2	-1.71113E-1
7.06025E+11	1.72621E-10	-1.49019E+1	1.61808E-1	7.85058E-2
7.06200E+11	1.00996E-10	-1.35604E+1	-1.25238E-1	1.68425E-1
7.06375E+11	1.88616E-10	-1.26131E+1	-1.79696E-1	-1.49996E-1
7.06550E+11	2.13606E-10	-1.07315E+1	2.66693E-1	-1.15644E-1
7.06725E+11	1.66500E-10	-1.10058E+1	-9.26279E-2	2.65982E-1
7.06900E+11	1.52684E-10	-1.02342E+1	-7.33121E-2	-2.98958E-1
7.07075E+11	1.14578E-10	-1.03728E+1	2.44080E-1	1.79442E-1
7.07250E+11	8.22413E-11	-1.02840E+1	-2.65193E-1	1.52782E-1
7.07425E+11	4.84031E-11	-1.17242E+1	-9.64983E-2	-2.40666E-1
7.07600E+11	2.48775E-11	-1.64786E+1	1.43274E-1	-4.43913E-2
7.07775E+11	1.72999E-11	-1.62752E+1	5.17631E-2	1.44558E-1
7.07950E+11	2.78369E-11	-1.53528E+1	-1.67525E-1	-3.30233E-2
7.08125E+11	3.17441E-11	-1.58517E+1	1.00831E-1	-1.25796E-1
7.08300E+11	2.14340E-11	-1.59848E+1	1.11533E-2	1.58376E-1
7.08475E+11	6.23516E-12	-1.93953E+1	-1.06883E-1	8.36806E-3
7.08650E+11	9.88531E-12	-1.76552E+1	3.50029E-2	-1.26227E-1
7.08825E+11	1.02007E-11	-1.65646E+1	1.21795E-1	-8.49868E-2
7.09000E+11	1.68911E-11	-1.38693E+1	1.29737E-1	1.55548E-1
7.09175E+11	2.64113E-11	-1.46949E+1	-1.56573E-1	9.70019E-2
7.09350E+11	1.09405E-11	-1.90803E+1	4.23964E-2	-1.02767E-1
7.09525E+11	1.86959E-11	-1.69300E+1	8.86866E-2	1.11406E-1
7.09700E+11	1.29929E-11	-1.97260E+1	-1.03184E-1	2.08687E-3
7.09875E+11	1.62416E-11	-1.94706E+1	1.42536E-2	-1.05324E-1
7.10050E+11	1.52228E-11	-1.85680E+1	1.09470E-1	-4.38429E-2
7.10225E+11	1.60948E-11	-1.77160E+1	6.09327E-2	1.14922E-1
7.10400E+11	8.40390E-12	-2.01226E+1	-5.80394E-2	7.97065E-2
7.10575E+11	1.08066E-11	-2.15086E+1	-7.81380E-3	-8.36918E-2
7.10750E+11	7.88514E-12	-2.13184E+1	7.04855E-2	4.91280E-2
7.10925E+11	7.58706E-12	-2.26984E+1	-5.62272E-2	4.70193E-2
7.11100E+11	1.33773E-11	-1.97419E+1	-1.16988E-2	-1.02349E-1
7.11275E+11	1.25569E-11	-2.11518E+1	8.63729E-2	1.44960E-2
7.11450E+11	1.53817E-11	-1.99949E+1	2.70216E-2	9.63414E-2
7.11625E+11	1.15595E-11	-2.06493E+1	-8.37873E-2	-3.98868E-2
7.11800E+11	1.96642E-11	-1.70299E+1	7.18320E-2	-1.21062E-1
7.11975E+11	1.23895E-11	-1.95597E+1	7.94555E-2	6.89485E-2
7.12150E+11	2.00186E-11	-1.84338E+1	-1.19220E-1	1.13478E-2
7.12325E+11	2.61187E-11	-1.81117E+1	-1.20903E-2	-1.23694E-1
7.12500E+11	1.77729E-11	-1.95637E+1	1.05140E-1	-1.54889E-3
7.12675E+11	1.67681E-11	-1.87815E+1	-5.04573E-2	1.03406E-1
7.12850E+11	2.46621E-11	-1.59374E+1	-1.19360E-1	-1.06004E-1
7.13025E+11	1.39461E-11	-1.90860E+1	1.06734E-1	-3.08297E-2
7.13200E+11	2.77050E-11	-1.67407E+1	-1.70300E-2	1.44534E-1
7.13375E+11	3.04859E-11	-1.57813E+1	-1.57762E-1	-3.90788E-2
7.13550E+11	3.51748E-11	-1.39022E+1	6.17881E-2	-1.92092E-1
7.13725E+11	7.41036E-11	-1.12379E+1	2.60018E-1	8.71174E-2
7.13900E+11	6.57296E-11	-9.77568E+0	-1.59182E-1	2.82776E-1
7.14075E+11	7.92135E-11	-7.78100E+0	-1.88647E-1	-3.62075E-1
7.14250E+11	9.00582E-11	-6.03352E+0	4.81860E-1	1.30647E-1
7.14425E+11	1.24410E-10	-5.44579E+0	-4.37191E-1	3.06989E-1
7.14600E+11	1.25087E-10	-2.75783E+0	-2.02314E-1	-6.99284E-1
7.14775E+11	1.44283E-10	-1.63278E+0	8.28194E-1	-2.69005E-2
7.14950E+11	1.30957E-10	-5.13851E-1	-1.88022E-1	9.23613E-1
7.15125E+11	1.32665E-10	6.90948E-1	-8.29273E-1	-6.96245E-1
7.15300E+11	1.12866E-10	-1.34727E-1	8.66447E-1	-4.67680E-1
7.15475E+11	6.32938E-11	-1.74120E+0	-3.54295E-1	7.37681E-1
7.15650E+11	7.03121E-11	-6.22756E-1	-5.36914E-1	-7.60352E-1
7.15825E+11	6.61621E-11	9.16803E-1	1.09096E+0	2.11754E-1
7.16000E+11	6.29124E-11	1.75477E-1	-5.13558E-1	8.81754E-1
7.16175E+11	4.35728E-11	9.31581E-1	-6.51198E-1	-9.02878E-1
7.16350E+11	3.13917E-11	-6.89884E-1	8.03407E-1	-4.55697E-1
7.16525E+11	2.75201E-11	-1.78916E-1	-1.04614E-1	9.74010E-1
7.16700E+11	6.70598E-12	-7.91128E+0	-2.31370E-1	-3.28980E-1
7.16875E+11	1.49446E-11	-2.74024E+0	7.00591E-1	-2.03103E-1
7.17050E+11	9.63044E-12	-6.02847E+0	-1.67407E-1	4.70662E-1
7.17225E+11	6.98900E-12	-6.85219E+0	-4.43253E-1	-9.98014E-2
7.17400E+11	9.67108E-12	-1.87253E+0	4.43454E-1	-6.73127E-1
7.17575E+11	3.68585E-12	-6.77089E+0	1.32898E-1	4.38946E-1
7.17750E+11	3.20841E-12	-1.74099E+0	-7.66119E-1	-2.87740E-1
7.17925E+11	3.57666E-12	-9.00580E+0	9.18874E-2	-3.42463E-1
7.18100E+11	1.83668E-12	-8.58404E+0	2.85377E-1	2.38970E-1
7.18275E+11	1.78640E-12	-8.57764E+0	-1.64338E-1	3.34281E-1
7.18450E+11	1.04040E-12	-1.09066E+1	-1.86706E-1	-2.15178E-1
7.18625E+11	1.05915E-13	-2.13595E+1	-1.21574E-2	-8.46431E-2
7.18800E+11	1.73729E-13	-1.87284E+1	-1.01751E-1	5.52114E-2
7.18975E+11	2.66217E-12	-1.03397E+1	-3.04088E-1	2.45423E-3
7.19150E+11	3.93307E-12	-8.08876E+0	3.27679E-1	-2.18883E-1
7.19325E+11	8.93213E-13	-1.32707E+1	2.06436E-1	-6.68916E-2
7.19500E+11	1.75256E-12	-1.25206E+1	1.35715E-1	1.93777E-1
7.19675E+11	3.43792E-12	-9.03035E+0	-3.49363E-1	5.44159E-2
7.19850E+11	9.87438E-13	-1.35641E+1	9.42553E-3	-2.09583E-1
7.20025E+11	1.44614E-12	-1.08834E+1	2.68704E-1	-9.69157E-2
7.20200E+11	2.06287E-12	-1.34051E+1	6.91738E-2	2.02163E-1
7.20375E+11	6.51237E-13	-1.56833E+1	-6.53234E-2	1.50837E-1
7.20550E+11	2.77268E-12	-1.25539E+1	8.52313E-2	-2.19718E-1
7.20725E+11	1.78135E-12	-1.57449E+1	1.53759E-1	5.47412E-2
7.20900E+11	9.53925E-13	-1.75898E+1	-6.08917E-2	1.17094E-1
7.21075E+11	3.98046E-12	-1.20992E+1	-1.15672E-1	-2.19752E-1
7.21250E+11	3.77464E-12	-1.11920E+1	1.17068E-1	-2.49586E-1
7.21425E+11	2.59944E-12	-1.32633E+1	2.12145E-1	4.65262E-2
7.21600E+11	2.61407E-13	-2.03633E+1	8.92784E-2	3.50273E-2
7.21775E+11	4.88736E-13	-1.64478E+1	-1.16823E-1	-9.49235E-2
7.21950E+11	1.38592E-13	-2.24216E+1	-6.86911E-3	-7.53573E-2
7.22125E+11	1.62848E-12	-8.69782E+0	3.41843E-1	1.34564E-1
7.22300E+11	8.08021E-13	-1.14480E+1	-1.82308E-1	1.95989E-1
7.22475E+11	2.43416E-12	-6.91100E+0	1.64850E-1	-4.20098E-1
7.22650E+11	4.21196E-12	-1.20671E+0	8.37340E-1	-2.37210E-1
7.22825E+11	5.58198E-12	-3.32211E+0	-6.81714E-1	-2.50244E-2
7.23000E+11	2.86094E-12	-1.27238E+0	3.22516E-1	-8.01263E-1
7.23175E+11	2.56154E-12	-1.89537E+0	7.44139E-1	3.04302E-1
7.23350E+11	3.41785E-12	5.43527E-1	-2.67620E-1	1.03039E+0
7.23525E+11	2.68646E-12	-4.10594E+0	-4.20050E-1	-4.60513E-1
7.23700E+11	1.91365E-12	-5.15400E+0	4.53382E-1	-3.15683E-1
7.23875E+11	1.17261E-12	5.21827E+0	1.48696E+0	-1.05556E+0
7.24050E+11	5.38628E-12	1.16525E+0	-4.56160E-3	1.14356E+0
7.24225E+11	9.96747E-13	-5.12799E+0	5.14411E-1	-2.05975E-1
7.24400E+11	3.01274E-12	-2.12483E+0	4.55055E-1	6.37185E-1
7.24575E+11	9.90332E-12	8.76165E+0	2.25282E+0	1.56330E+0
7.24750E+11	6.56539E-12	2.15874E+0	5.70331E-1	-1.14831E+0
7.24925E+11	3.39957E-12	6.65279E+0	2.09660E+0	4.80686E-1
7.25100E+11	4.44596E-12	2.20717E+1	9.44261E+0	8.48331E+0
7.25275E+11	6.71568E-12	5.31346E-1	1.06272E+0	2.76309E-2
7.25450E+11	4.49440E-12	1.12035E+1	-3.14468E+0	1.81777E+0
7.25625E+11	8.90436E-13	5.24494E+0	-5.63024E-1	-1.74033E+0
7.25800E+11	7.50619E-13	1.14999E-1	7.70211E-1	6.58489E-1
7.25975E+11	1.75641E-12	-7.54991E-1	4.91543E-1	7.73831E-1
7.26150E+11	1.64653E-12	9.64098E+0	-2.95243E+0	6.99812E-1
7.26325E+11	3.89621E-13	-8.75202E+0	2.48727E-2	-3.64241E-1
7.26500E+11	6.77339E-13	2.86557E+0	-1.22069E+0	6.66604E-1
7.26675E+11	1.69568E-12	9.59188E+0	-2.98013E+0	-4.71065E-1
7.26850E+11	3.17720E-12	-6.79527E-1	3.65269E-1	-8.49552E-1
7.27025E+11	3.33370E-12	2.10569E+0	-6.92310E-1	1.06988E+0
7.27200E+11	6.37277E-13	-1.01557E+1	-7.84997E-2	3.00528E-1
7.27375E+11	1.45826E-12	-6.39128E+0	-4.26657E-2	-4.77207E-1
7.27550E+11	3.39541E-13	-1.11406E+1	2.52409E-1	1.14861E-1
7.27725E+11	1.53778E-12	-2.71831E+0	3.21558E-1	6.56790E-1
7.27900E+11	9.40070E-14	-1.79087E+1	-1.11285E-1	6.16548E-2
7.28075E+11	1.06019E-13	-1.52490E+1	3.75080E-2	-1.68682E-1
7.28250E+11	1.38246E-12	-6.29463E+0	-4.13733E-1	2.52067E-1
7.28425E+11	2.93671E-13	-1.19880E+1	2.05738E-1	1.44717E-1
7.28600E+11	1.38485E-12	-1.09775E+1	1.97854E-1	-2.01742E-1
7.28775E+11	2.53200E-12	-6.76425E+0	3.97798E-1	-2.28939E-1
7.28950E+11	1.39889E-12	-5.22488E+0	-5.21349E-1	-1.68715E-1
7.29125E+11	1.17737E-12	-4.48102E+0	-5.42096E-1	2.49997E-1
7.29300E+11	1.47294E-12	-5.96168E+0	5.21322E-2	5.00697E-1
7.29475E+11	5.32695E-13	-1.09477E+1	-2.81868E-1	-3.07414E-2
7.29650E+11	1.74218E-12	-2.68701E+0	7.33092E-1	-3.48728E-2
7.29825E+11	2.57031E-12	-3.85765E+0	-5.86217E-1	2.60234E-1
7.30000E+11	1.41707E-12	-7.37758E+0	-1.24694E-1	-4.09101E-1
