4.50000E+11	9.78636E-14	-2.36145E+1	6.16459E-2	-2.34596E-2
4.50175E+11	4.39203E-13	-1.77692E+1	8.76394E-2	-9.50438E-2
4.50350E+11	2.63107E-13	-1.50937E+1	8.49804E-2	1.54034E-1
4.50525E+11	3.94905E-12	-9.74764E+0	-3.07719E-1	-1.06264E-1
4.50700E+11	6.75163E-13	-1.47661E+1	7.48260E-2	-1.66654E-1
4.50875E+11	1.22121E-12	-1.18412E+1	1.70026E-1	-1.91145E-1
4.51050E+11	4.35943E-13	-1.44987E+1	-1.32695E-1	1.33731E-1
4.51225E+11	3.76045E-12	-7.41450E+0	-4.18372E-1	7.95527E-2
4.51400E+11	3.26869E-12	-1.01201E+1	-8.53733E-2	-2.99973E-1
4.51575E+11	6.46637E-12	-7.01297E-1	2.43679E-1	8.89665E-1
4.51750E+11	1.33490E-12	-8.87969E+0	-3.32945E-1	1.36294E-1
4.51925E+11	3.47938E-13	-1.36657E+1	-1.90334E-1	8.22785E-2
4.52100E+11	4.32741E-12	-7.94137E+0	1.01521E-2	-4.00675E-1
4.52275E+11	7.16784E-12	-1.20727E+1	2.48107E-1	-2.21607E-2
4.52450E+11	6.75715E-12	-1.48173E+1	-1.23298E-1	1.33338E-1
4.52625E+11	1.15656E-11	-1.86076E+1	-9.70308E-2	-6.60671E-2
4.52800E+11	2.13173E-11	-1.83892E+1	-4.67134E-2	-1.10943E-1
4.52975E+11	3.86786E-11	-1.73795E+1	6.33714E-2	-1.19445E-1
4.53150E+11	8.06023E-11	-1.84301E+1	1.19774E-1	-2.96344E-3
4.53325E+11	8.33415E-11	-1.95522E+1	1.70977E-2	1.03893E-1
4.53500E+11	7.17975E-11	-2.12456E+1	-8.66381E-2	-6.18204E-4
4.53675E+11	6.68239E-11	-2.17557E+1	2.60033E-2	-7.74503E-2
4.53850E+11	1.02149E-10	-2.06219E+1	9.18585E-2	1.50921E-2
4.54025E+11	9.64587E-11	-2.26224E+1	-1.82399E-2	7.16552E-2
4.54200E+11	8.25757E-11	-2.37223E+1	-6.50150E-2	4.12407E-3
4.54375E+11	8.24666E-11	-2.40242E+1	-5.55085E-3	-6.26746E-2
4.54550E+11	5.31141E-11	-2.50249E+1	5.59968E-2	2.92825E-3
4.54725E+11	2.08827E-11	-2.80544E+1	-2.06957E-2	3.37170E-2
4.54900E+11	1.23442E-11	-2.87671E+1	-2.65612E-2	-2.49557E-2
4.55075E+11	7.72589E-12	-2.85187E+1	-1.38192E-3	-3.74773E-2
4.55250E+11	1.23248E-11	-2.48324E+1	3.77294E-2	-4.31651E-2
4.55425E+11	3.29576E-12	-2.71176E+1	4.40049E-2	2.35015E-3
4.55600E+11	5.66266E-12	-2.27751E+1	3.10539E-2	6.56804E-2
4.55775E+11	1.10858E-12	-2.67305E+1	-3.68912E-2	2.76051E-2
4.55950E+11	5.83852E-13	-2.38775E+1	4.89120E-2	-4.12620E-2
4.56125E+11	2.66239E-12	-9.95108E+0	3.15808E-1	-3.73899E-2
4.56300E+11	4.39488E-13	-1.58585E+1	-1.28546E-1	-9.70903E-2
4.56475E+11	2.76876E-12	-5.52085E+0	5.16218E-1	1.18352E-1
4.56650E+11	8.83363E-13	-1.57037E+1	1.06062E-1	1.25072E-1
4.56825E+11	7.48361E-13	-2.01632E+1	6.19598E-2	7.61068E-2
4.57000E+11	3.76819E-13	-2.12170E+1	-8.68570E-2	-3.46406E-3
4.57175E+11	4.95214E-13	-1.99199E+1	9.93816E-2	1.75927E-2
4.57350E+11	3.11539E-12	-1.33570E+1	1.91210E-1	9.79924E-2
4.57525E+11	1.25449E-12	-1.59209E+1	-3.38997E-2	-1.56305E-1
4.57700E+11	2.45252E-13	-1.77345E+1	-1.16691E-1	-5.68427E-2
4.57875E+11	8.70122E-14	-1.41486E+1	1.44581E-1	-1.32543E-1
4.58050E+11	8.43987E-13	-4.82793E+0	-5.68818E-1	-7.38539E-2
4.58225E+11	9.48671E-13	-6.98295E+0	-2.11211E-1	3.94590E-1
4.58400E+11	2.30288E-12	6.99532E+0	1.01400E+0	1.99456E+0
4.58575E+11	3.58947E-13	-8.40909E+0	-3.38871E-1	1.71489E-1
4.58750E+11	1.46788E-13	-9.69113E+0	2.23700E-1	2.39436E-1
4.58925E+11	6.50452E-13	-8.40600E+0	2.19608E-1	-3.10027E-1
4.59100E+11	9.28394E-13	4.31894E+0	1.49119E+0	6.92560E-1
4.59275E+11	3.17057E-12	-5.62755E-1	-7.45695E-1	-5.67807E-1
4.59450E+11	2.07713E-12	-6.94493E+0	4.48827E-1	-2.50421E-2
4.59625E+11	1.84726E-12	-1.42092E+0	-8.18229E-1	2.26841E-1
4.59800E+11	4.21200E-14	-2.32825E+1	-1.99659E-2	-6.55560E-2
4.59975E+11	2.07970E-12	2.71803E-1	4.64960E-1	-9.21085E-1
4.60150E+11	2.88917E-12	1.96641E+0	1.15517E+0	4.88124E-1
4.60325E+11	3.24027E-12	2.04510E+0	-7.42822E-1	1.02453E+0
4.60500E+11	3.60637E-12	9.47795E+0	-1.35630E+0	-2.65101E+0
4.60675E+11	2.02826E-12	2.17853E+0	2.32190E-1	-1.26392E+0
4.60850E+11	2.45602E-12	4.12917E+0	1.33592E+0	-8.96126E-1
4.61025E+11	5.12555E-12	5.68568E+0	-1.10555E+0	-1.57508E+0
4.61200E+11	1.40729E-12	-4.88264E+0	5.69302E-1	-2.80271E-2
4.61375E+11	9.26862E-13	-6.42934E+0	2.86654E-1	3.81279E-1
4.61550E+11	1.64965E-12	3.16940E+0	-1.22858E+0	7.51816E-1
4.61725E+11	1.95428E-12	5.92878E-1	2.24246E-1	-1.04689E+0
4.61900E+11	2.78257E-12	-5.78243E+0	5.03291E-1	-1.03879E-1
4.62075E+11	1.13967E-12	-1.04808E+1	-1.91013E-1	2.30292E-1
4.62250E+11	5.64520E-12	2.69718E+0	-1.32389E+0	-3.28917E-1
4.62425E+11	8.44755E-13	-9.77269E+0	3.11339E-1	-9.18759E-2
4.62600E+11	4.17837E-12	-2.17925E+0	3.88315E-1	6.74282E-1
4.62775E+11	3.74822E-12	-4.30205E-1	-7.24308E-1	6.17306E-1
4.62950E+11	1.62579E-12	-4.25374E+0	-5.57071E-1	-2.55315E-1
4.63125E+11	5.87584E-12	1.36900E+1	-4.62901E+0	-1.40027E+0
4.63300E+11	3.66146E-12	1.53509E+0	1.07360E+0	5.20941E-1
4.63475E+11	2.19485E-12	9.46334E+0	-1.00931E+0	2.79623E+0
4.63650E+11	9.49472E-13	-4.87300E+0	5.32596E-3	-5.70599E-1
4.63825E+11	2.78695E-12	-5.45255E+0	3.96890E-1	3.56949E-1
4.64000E+11	2.54810E-12	-5.10468E+0	-5.30244E-1	1.65945E-1
4.64175E+11	9.83209E-12	-3.22817E+0	1.63185E-1	-6.70005E-1
4.64350E+11	3.85401E-12	5.49336E-1	9.86648E-1	4.01700E-1
4.64525E+11	2.68948E-11	7.26278E+0	1.47333E+0	1.77589E+0
4.64700E+11	2.34960E-11	8.76120E+0	7.44072E-2	-2.74094E+0
4.64875E+11	2.73025E-11	1.49983E+1	5.45953E+0	1.34302E+0
4.65050E+11	4.34933E-11	5.10081E+0	-1.78332E+0	-2.37296E-1
4.65225E+11	3.80171E-11	5.22790E+0	9.27066E-2	-1.82320E+0
4.65400E+11	3.49147E-11	2.73281E+0	1.11689E+0	7.92951E-1
4.65575E+11	7.73555E-11	5.19339E+0	-1.10488E+0	1.44413E+0
4.65750E+11	8.09746E-11	2.88242E+0	4.76096E-2	-1.39273E+0
4.65925E+11	2.42161E-10	6.48273E+0	2.07712E+0	3.66973E-1
4.66100E+11	4.88939E-10	8.75342E+0	-1.15627E+0	2.48352E+0
4.66275E+11	5.08233E-10	8.23078E+0	-1.30367E+0	-2.22584E+0
4.66450E+11	3.46195E-10	8.40325E+0	2.41553E+0	-1.04340E+0
4.66625E+11	2.82361E-10	7.91824E+0	7.78384E-1	2.36348E+0
4.66800E+11	3.29703E-10	9.07592E+0	-2.82855E+0	2.87502E-1
4.66975E+11	2.42519E-10	7.31911E+0	1.68272E+0	-1.60077E+0
4.67150E+11	2.19126E-10	8.62987E+0	2.13849E+0	1.64961E+0
4.67325E+11	1.88048E-10	8.67078E+0	-2.28722E+0	1.46015E+0
4.67500E+11	2.85546E-10	8.84894E+0	-1.33486E+0	-2.42691E+0
4.67675E+11	2.23651E-10	1.05439E+1	3.32689E+0	5.15691E-1
4.67850E+11	1.41349E-10	9.05908E+0	-1.39337E+0	2.47196E+0
4.68025E+11	1.31378E-10	9.17258E+0	-2.41847E+0	-1.55444E+0
4.68200E+11	1.20330E-10	6.51021E+0	-1.17483E-1	-2.11271E+0
4.68375E+11	7.62077E-11	4.95238E+0	1.23838E+0	1.26262E+0
4.68550E+11	5.68088E-11	-9.65754E-1	-6.28316E-1	6.37052E-1
4.68725E+11	4.40882E-11	4.30995E-3	-5.57819E-1	-8.30561E-1
4.68900E+11	4.73436E-11	-1.67234E-1	8.65488E-1	-4.61688E-1
4.69075E+11	6.05903E-11	1.27678E+0	3.72052E-1	1.09697E+0
4.69250E+11	6.84914E-11	-2.93300E+0	-5.84316E-1	-4.09334E-1
4.69425E+11	5.38213E-11	-4.89184E+0	4.63021E-1	-3.31382E-1
4.69600E+11	4.46215E-11	-6.42665E+0	1.50549E-1	4.52791E-1
4.69775E+11	2.85169E-11	-8.07710E+0	-3.01555E-1	2.54490E-1
4.69950E+11	1.77511E-11	-1.02705E+1	-2.16190E-1	-2.17312E-1
4.70125E+11	4.42088E-11	-7.68056E+0	2.25013E-1	-3.46346E-1
4.70300E+11	6.15723E-11	-8.45458E+0	3.45329E-1	1.53253E-1
4.70475E+11	1.03639E-10	-7.59107E+0	-2.26297E-1	3.50611E-1
4.70650E+11	1.31674E-10	-8.50273E+0	-2.64595E-1	-2.66748E-1
4.70825E+11	1.75430E-10	-8.20158E+0	2.95455E-1	-2.52997E-1
4.71000E+11	2.77448E-10	-6.92117E+0	3.25241E-1	3.12089E-1
4.71175E+11	3.10093E-10	-6.70390E+0	-2.00331E-1	4.16499E-1
4.71350E+11	1.96908E-10	-8.39237E+0	-3.79520E-1	-2.76102E-2
4.71525E+11	1.84145E-10	-9.01542E+0	-1.72409E-1	-3.09389E-1
4.71700E+11	5.65599E-10	-4.97427E+0	3.68212E-1	-4.27231E-1
4.71875E+11	1.31656E-9	-1.03661E+0	7.22451E-1	5.15485E-1
4.72050E+11	2.05520E-9	1.36504E+0	-7.14134E-1	9.27001E-1
4.72225E+11	2.39749E-9	-3.01995E-1	-1.96156E-1	-9.45700E-1
4.72400E+11	3.01557E-9	-2.55631E+0	7.37827E-1	1.03479E-1
4.72575E+11	4.28603E-9	-4.26890E+0	-2.76255E-1	5.45792E-1
4.72750E+11	6.01975E-9	-3.93892E+0	-4.19295E-1	-4.77428E-1
4.72925E+11	7.43495E-9	-6.03488E+0	4.84778E-1	-1.19035E-1
4.73100E+11	1.12981E-8	-7.76235E+0	-4.24489E-3	4.09128E-1
4.73275E+11	2.80168E-8	-6.86432E+0	-4.49190E-1	-6.39249E-2
4.73450E+11	5.24907E-8	-6.17106E+0	2.94714E-1	-3.93232E-1
4.73625E+11	4.46373E-8	-7.80454E+0	2.29362E-1	3.36420E-1
4.73800E+11	3.69889E-8	-9.76675E+0	-3.16967E-1	7.10587E-2
4.73975E+11	2.73561E-8	-1.06858E+1	3.88241E-2	-2.89630E-1
4.74150E+11	2.39144E-8	-1.13558E+1	2.45359E-1	1.13948E-1
4.74325E+11	2.00165E-8	-1.29718E+1	-1.65416E-1	1.51929E-1
4.74500E+11	1.93043E-8	-1.30363E+1	-1.06644E-1	-1.95777E-1
4.74675E+11	2.14872E-8	-1.17434E+1	2.45377E-1	-8.20088E-2
4.74850E+11	1.92718E-8	-1.12684E+1	-9.39282E-3	2.73101E-1
4.75025E+11	1.30761E-8	-1.19256E+1	-2.29736E-1	-1.06806E-1
4.75200E+11	1.30727E-8	-1.26756E+1	1.21977E-1	-1.97808E-1
4.75375E+11	9.88635E-9	-1.33191E+1	1.32243E-1	1.70529E-1
4.75550E+11	5.91999E-9	-1.44947E+1	-1.75323E-1	6.91830E-2
4.75725E+11	4.77602E-9	-1.40261E+1	-2.73357E-2	-1.97040E-1
4.75900E+11	3.29246E-9	-1.44604E+1	1.88391E-1	-1.77667E-2
4.76075E+11	4.96756E-9	-1.21483E+1	5.20767E-3	2.46882E-1
4.76250E+11	5.67373E-9	-1.02087E+1	-2.87481E-1	-1.12528E-1
4.76425E+11	4.70520E-9	-9.72619E+0	2.63994E-1	-1.91872E-1
4.76600E+11	3.06763E-9	-9.60392E+0	4.46575E-2	3.27955E-1
4.76775E+11	2.42721E-9	-9.58641E+0	-3.29124E-1	-4.08509E-2
4.76950E+11	1.66874E-9	-9.27821E+0	5.09656E-2	-3.39828E-1
4.77125E+11	1.29087E-9	-9.60673E+0	3.26092E-1	5.60535E-2
4.77300E+11	8.81516E-10	-1.16914E+1	-1.51142E-1	-2.11893E-1
4.77475E+11	7.80489E-10	-1.17699E+1	2.40842E-1	-9.23226E-2
4.77650E+11	7.74959E-10	-8.20319E+0	-7.18872E-3	3.88836E-1
4.77825E+11	7.43968E-10	-6.77408E+0	-4.09375E-1	-2.06379E-1
4.78000E+11	8.52272E-10	-5.45543E+0	4.38854E-1	-3.03567E-1
4.78175E+11	7.19733E-10	-4.89098E+0	1.01290E-1	5.60363E-1
4.78350E+11	8.18519E-10	-4.65462E+0	-5.81380E-1	6.63371E-2
4.78525E+11	8.99207E-10	-3.62785E+0	-1.20181E-1	-6.47520E-1
4.78700E+11	1.31949E-9	-2.12813E+0	7.68186E-1	-1.50016E-1
4.78875E+11	2.10117E-9	-1.33330E+0	-7.72741E-2	8.54211E-1
4.79050E+11	3.81415E-9	-8.47438E-1	-8.05238E-1	-4.17515E-1
4.79225E+11	4.92473E-9	-2.23186E+0	6.79466E-1	-3.69434E-1
4.79400E+11	4.33023E-9	-5.34489E+0	1.37826E-1	5.22580E-1
4.79575E+11	2.34612E-9	-5.35687E+0	-4.49908E-1	2.98100E-1
4.79750E+11	1.45128E-9	6.59332E+0	-2.09796E+0	-4.03029E-1
4.79925E+11	9.41036E-10	2.97248E+0	1.33149E+0	4.58018E-1
4.80100E+11	7.42812E-10	1.06289E+0	-1.03182E+0	4.61119E-1
4.80275E+11	4.75216E-10	2.84087E+0	-1.31292E-1	-1.38067E+0
4.80450E+11	5.06233E-10	6.59570E+0	2.04301E+0	-6.26457E-1
4.80625E+11	6.68870E-10	7.55209E+0	-4.88052E-1	2.33518E+0
4.80800E+11	7.09167E-10	8.18121E+0	-1.19958E+0	-2.26703E+0
4.80975E+11	9.06580E-10	6.37108E+0	1.99847E+0	5.85059E-1
4.81150E+11	6.63769E-10	5.95867E+0	-9.50903E-1	1.74332E+0
4.81325E+11	5.39746E-10	6.80811E+0	-1.11600E+0	-1.88409E+0
4.81500E+11	4.48539E-10	4.78141E+0	1.73138E+0	9.67784E-2
4.81675E+11	4.21217E-10	5.96250E+0	-1.09796E+0	1.65569E+0
4.81850E+11	5.04680E-10	5.21959E+0	-1.16361E+0	-1.40439E+0
4.82025E+11	7.05708E-10	6.18886E+0	2.03228E+0	1.66950E-1
4.82200E+11	5.36939E-10	4.86525E+0	-1.12860E+0	1.33863E+0
4.82375E+11	3.66692E-10	2.75330E+0	-5.88449E-1	-1.24049E+0
4.82550E+11	2.84125E-10	9.47798E-1	1.11278E+0	7.48032E-2
4.82725E+11	3.58241E-10	2.54812E-1	-5.15379E-1	8.91522E-1
4.82900E+11	2.64413E-10	-2.02106E+0	-4.56159E-1	-6.47938E-1
4.83075E+11	3.12847E-10	-2.86161E+0	6.39516E-1	-3.29292E-1
4.83250E+11	4.04709E-10	-3.40438E+0	4.16819E-1	5.31874E-1
4.83425E+11	6.48780E-10	-8.52817E-1	-8.60229E-1	2.85860E-1
4.83600E+11	1.23916E-9	-1.04799E+0	1.00061E-1	-8.80674E-1
4.83775E+11	1.46126E-9	-2.37101E+0	7.12905E-1	2.66572E-1
4.83950E+11	1.29535E-9	-3.29975E+0	-3.68586E-1	5.76113E-1
4.84125E+11	1.08663E-9	-3.42970E+0	-3.98494E-1	-5.43300E-1
4.84300E+11	7.13598E-10	-4.85648E+0	5.28357E-1	-2.18384E-1
4.84475E+11	6.38925E-10	-3.33665E+0	1.73572E-2	6.80811E-1
4.84650E+11	7.69344E-10	-2.35858E+0	-7.49092E-1	-1.40771E-1
4.84825E+11	1.41897E-9	3.83858E-1	2.95354E-1	-1.00258E+0
4.85000E+11	1.11080E-9	6.39495E-1	9.19397E-1	5.59779E-1
4.85175E+11	8.56618E-10	-4.70560E+0	-1.08698E-1	5.71482E-1
4.85350E+11	1.00562E-9	-4.34276E+0	-6.05944E-1	2.69627E-2
4.85525E+11	1.50166E-9	-1.59599E+0	2.17432E-2	-8.31864E-1
4.85700E+11	1.37662E-9	7.35800E-2	9.44750E-1	3.52893E-1
4.85875E+11	1.73684E-9	-5.16224E-1	-7.29941E-1	5.95914E-1
4.86050E+11	1.21069E-9	-5.09234E-1	-2.40898E-1	-9.11771E-1
4.86225E+11	2.47070E-9	2.30420E+0	1.29285E+0	1.68583E-1
4.86400E+11	4.77045E-9	2.59344E+0	-1.03425E+0	8.64452E-1
4.86575E+11	4.69622E-9	1.43292E+0	-6.27301E-3	-1.17934E+0
4.86750E+11	4.86930E-9	-1.35967E+0	7.84776E-1	3.39590E-1
4.86925E+11	6.63564E-9	-5.99883E-1	-4.69769E-1	8.06414E-1
4.87100E+11	4.86101E-9	-2.29211E+0	-6.56473E-1	-3.98696E-1
4.87275E+11	1.30513E-9	-7.08453E+0	3.14665E-1	-3.10912E-1
4.87450E+11	8.80392E-10	-9.32745E+0	2.50107E-1	2.32801E-1
4.87625E+11	3.98360E-9	-3.48570E+0	-3.14702E-1	5.90863E-1
4.87800E+11	1.35100E-8	1.90402E+0	-1.02646E+0	-7.04719E-1
4.87975E+11	1.77223E-8	2.42304E+0	9.62871E-1	-9.05496E-1
4.88150E+11	1.24692E-8	1.34629E+0	6.69103E-1	9.56933E-1
4.88325E+11	9.74854E-9	1.42746E-1	-9.65308E-1	3.18739E-1
4.88500E+11	6.07171E-9	-2.23107E+0	-2.22983E-1	-7.40637E-1
4.88675E+11	5.16152E-9	-2.83908E+0	7.08451E-1	-1.34918E-1
4.88850E+11	6.99809E-9	-1.95903E+0	-1.82381E-1	7.76965E-1
4.89025E+11	1.06793E-8	-2.68334E+0	-6.05268E-1	-4.15628E-1
4.89200E+11	2.30383E-8	-2.02903E+0	5.94020E-1	-5.23349E-1
4.89375E+11	3.70453E-8	-2.23466E+0	2.96872E-1	7.13889E-1
4.89550E+11	2.90414E-8	-4.55890E+0	-5.89580E-1	4.92863E-2
4.89725E+11	3.03825E-8	-7.37721E+0	1.07391E-1	-4.13999E-1
4.89900E+11	2.28515E-8	-1.13138E+1	2.35442E-1	1.35878E-1
4.90075E+11	2.20984E-8	-1.16460E+1	-1.50906E-1	2.13733E-1
4.90250E+11	2.69901E-8	-1.10724E+1	-2.28058E-1	-1.61585E-1
4.90425E+11	2.67387E-8	-9.46171E+0	1.61047E-1	-2.95397E-1
4.90600E+11	3.95041E-8	-7.29041E+0	3.84553E-1	1.96823E-1
4.90775E+11	5.56870E-8	-7.09651E+0	-2.87216E-1	3.35631E-1
4.90950E+11	7.29736E-8	-9.55787E+0	-1.50586E-1	-2.96716E-1
4.91125E+11	7.61247E-8	-1.05983E+1	2.83971E-1	-8.05719E-2
4.91300E+11	7.59485E-8	-1.03914E+1	4.46757E-2	2.98976E-1
4.91475E+11	6.67192E-8	-1.06110E+1	-2.94021E-1	-2.06734E-2
4.91650E+11	5.39263E-8	-1.12608E+1	6.52282E-2	-2.65611E-1
4.91825E+11	4.12536E-8	-1.25338E+1	2.20138E-1	8.56618E-2
4.92000E+11	3.41253E-8	-1.18623E+1	-1.14601E-1	2.28025E-1
4.92175E+11	5.06877E-8	-1.04223E+1	-1.98110E-1	-2.26907E-1
4.92350E+11	3.66737E-8	-1.11310E+1	2.55684E-1	-1.08162E-1
4.92525E+11	2.67314E-8	-1.21280E+1	5.77056E-2	2.40693E-1
4.92700E+11	1.92379E-8	-1.26898E+1	-2.30479E-1	2.66387E-2
4.92875E+11	1.54946E-8	-1.32518E+1	1.46190E-3	-2.17471E-1
4.93050E+11	1.34790E-8	-1.32508E+1	2.15583E-1	2.88233E-2
4.93225E+11	1.23307E-8	-1.30798E+1	-6.32471E-2	2.12618E-1
4.93400E+11	1.74697E-8	-1.25662E+1	-2.09737E-1	-1.06743E-1
4.93575E+11	2.09712E-8	-1.09969E+1	1.99568E-1	-1.99152E-1
4.93750E+11	2.15305E-8	-9.71405E+0	1.41931E-1	2.94383E-1
4.93925E+11	2.72721E-8	-8.93718E+0	-3.56911E-1	1.84642E-2
4.94100E+11	3.95638E-8	-8.96131E+0	1.36465E-1	-3.29236E-1
4.94275E+11	5.57018E-8	-9.77444E+0	2.43114E-1	2.15004E-1
4.94450E+11	5.38887E-8	-1.08879E+1	-2.09126E-1	1.94359E-1
4.94625E+11	4.95147E-8	-1.16794E+1	-1.53481E-1	-2.10650E-1
4.94800E+11	4.92422E-8	-1.24696E+1	1.97771E-1	-1.32344E-1
4.94975E+11	6.96381E-8	-1.08761E+1	8.06208E-2	2.74283E-1
4.95150E+11	7.78361E-8	-9.98582E+0	-3.13787E-1	-4.31807E-2
4.95325E+11	6.29599E-8	-1.05022E+1	4.88204E-2	-2.94441E-1
4.95500E+11	6.54034E-8	-1.07671E+1	2.63207E-1	1.20541E-1
4.95675E+11	6.83577E-8	-1.11024E+1	-2.13236E-1	1.79199E-1
4.95850E+11	7.06220E-8	-1.16570E+1	-7.55191E-2	-2.50156E-1
4.96025E+11	6.91233E-8	-1.20268E+1	2.50162E-1	-1.12406E-2
4.96200E+11	5.48393E-8	-1.29950E+1	-5.40296E-2	2.17386E-1
4.96375E+11	5.31188E-8	-1.26515E+1	-2.11777E-1	-9.72465E-2
4.96550E+11	8.43531E-8	-1.05041E+1	1.97732E-1	-2.23479E-1
4.96725E+11	7.06874E-8	-1.02452E+1	1.69044E-1	2.56777E-1
4.96900E+11	5.71673E-8	-1.08805E+1	-2.69496E-1	9.49829E-2
4.97075E+11	4.18423E-8	-1.17558E+1	-3.91719E-2	-2.55365E-1
4.97250E+11	2.85031E-8	-1.28217E+1	2.28407E-1	-7.03882E-3
4.97425E+11	1.96340E-8	-1.35234E+1	-5.13897E-2	2.04419E-1
4.97600E+11	1.59603E-8	-1.43062E+1	-1.67830E-1	-9.45181E-2
4.97775E+11	1.37897E-8	-1.40821E+1	1.15614E-1	-1.60307E-1
4.97950E+11	1.69645E-8	-1.25166E+1	1.82878E-1	1.50248E-1
4.98125E+11	1.83263E-8	-1.16142E+1	-1.92175E-1	1.78957E-1
4.98300E+11	1.78492E-8	-1.11532E+1	-1.51171E-1	-2.32008E-1
4.98475E+11	1.86865E-8	-1.08961E+1	2.77003E-1	-6.80074E-2
4.98650E+11	1.55127E-8	-1.10688E+1	-4.15091E-2	2.76518E-1
4.98825E+11	1.54274E-8	-1.12846E+1	-2.41980E-1	-1.25858E-1
4.99000E+11	1.69562E-8	-1.19406E+1	1.61441E-1	-1.94681E-1
4.99175E+11	1.40462E-8	-1.24661E+1	1.54245E-1	1.81336E-1
4.99350E+11	2.10245E-8	-1.07194E+1	-2.02543E-1	2.09070E-1
4.99525E+11	2.68224E-8	-1.01133E+1	-1.65696E-1	-2.64519E-1
4.99700E+11	2.28515E-8	-1.11041E+1	2.78398E-1	6.82660E-3
4.99875E+11	1.90233E-8	-1.20505E+1	-1.70986E-1	1.82016E-1
5.00050E+11	1.47305E-8	-1.26219E+1	-3.70894E-2	-2.30872E-1
5.00225E+11	1.81338E-8	-1.26733E+1	2.27471E-1	4.78705E-2
5.00400E+11	2.37719E-8	-1.31895E+1	-6.90038E-2	2.07889E-1
5.00575E+11	2.68893E-8	-1.41813E+1	-1.83524E-1	-6.70964E-2
5.00750E+11	3.49861E-8	-1.28312E+1	7.59534E-2	-2.15257E-1
5.00925E+11	6.09754E-8	-1.05004E+1	2.31666E-1	1.88275E-1
5.01100E+11	8.13204E-8	-9.58634E+0	-3.19369E-1	8.94249E-2
5.01275E+11	8.80118E-8	-9.20453E+0	9.27114E-2	-3.33925E-1
5.01450E+11	7.38076E-8	-9.41090E+0	2.61880E-1	2.14351E-1
5.01625E+11	6.32404E-8	-9.65553E+0	-2.63746E-1	1.96705E-1
5.01800E+11	5.59567E-8	-9.53485E+0	-1.23147E-1	-3.10065E-1
5.01975E+11	3.18410E-8	-8.20503E+0	3.74605E-1	-1.04171E-1
5.02150E+11	1.78435E-8	-6.85461E+0	4.47204E-2	4.52016E-1
5.02325E+11	2.24160E-8	-4.21676E+0	-5.87020E-1	-1.84748E-1
5.02500E+11	2.11460E-8	-2.17569E+0	5.79028E-1	-5.20258E-1
5.02675E+11	2.31775E-8	-3.49515E-1	2.75302E-1	9.20263E-1
5.02850E+11	2.15118E-8	1.44861E+0	-1.18113E+0	2.93974E-2
5.03025E+11	2.75200E-8	3.04104E+0	3.95269E-1	-1.36307E+0
5.03200E+11	2.28829E-8	4.05520E+0	1.24844E+0	9.92684E-1
5.03375E+11	2.40011E-8	3.70946E+0	-1.40786E+0	6.06027E-1
5.03550E+11	3.28349E-8	3.23863E+0	-2.13799E-1	-1.43605E+0
5.03725E+11	4.54402E-8	5.37279E+0	1.82998E+0	3.11253E-1
5.03900E+11	5.06363E-8	5.57561E+0	-1.14843E+0	1.51379E+0
5.04075E+11	7.39271E-8	4.90411E+0	-9.15045E-1	-1.50197E+0
5.04250E+11	7.08816E-8	3.83346E+0	1.52573E+0	-2.99233E-1
5.04425E+11	5.86818E-8	1.60431E+0	-3.90242E-1	1.13780E+0
5.04600E+11	4.85141E-8	-1.16571E+0	-5.38175E-1	-6.89173E-1
5.04775E+11	4.18335E-8	-3.90519E+0	6.36597E-1	-4.04739E-2
5.04950E+11	3.28438E-8	-6.50471E+0	-1.55901E-1	4.46458E-1
5.05125E+11	3.51424E-8	-7.40155E+0	-3.94524E-1	-1.62037E-1
5.05300E+11	5.13996E-8	-6.36537E+0	2.57989E-1	-4.05417E-1
5.05475E+11	5.48968E-8	-6.32053E+0	3.72104E-1	3.07988E-1
5.05650E+11	5.53410E-8	-6.23189E+0	-3.60552E-1	3.28833E-1
5.05825E+11	4.73615E-8	-5.58196E+0	-1.18537E-1	-5.12365E-1
5.06000E+11	5.22592E-8	-6.16061E+0	4.74731E-1	1.29228E-1
5.06175E+11	5.34374E-8	-6.62631E+0	-2.39054E-1	4.00385E-1
5.06350E+11	5.91122E-8	-7.04029E+0	-3.10982E-1	-3.17764E-1
5.06525E+11	7.75464E-8	-7.02194E+0	3.77572E-1	-2.36559E-1
5.06700E+11	1.18744E-7	-6.66946E+0	1.71089E-1	4.31316E-1
5.06875E+11	1.18026E-7	-7.30914E+0	-4.25854E-1	6.68261E-2
5.07050E+11	1.38099E-7	-7.76888E+0	1.71989E-2	-4.08481E-1
5.07225E+11	1.25660E-7	-8.19058E+0	3.79984E-1	8.54216E-2
5.07400E+11	1.14284E-7	-8.70955E+0	-1.47170E-1	3.36067E-1
5.07575E+11	9.91679E-8	-9.54726E+0	-2.83565E-1	-1.74867E-1
5.07750E+11	8.04624E-8	-1.08836E+1	1.68162E-1	-2.30895E-1
5.07925E+11	8.90440E-8	-1.12073E+1	2.39520E-1	1.35502E-1
5.08100E+11	1.20541E-7	-9.77292E+0	-1.37472E-1	2.94056E-1
5.08275E+11	1.40887E-7	-9.22803E+0	-2.85446E-1	-1.94868E-1
5.08450E+11	1.26930E-7	-9.10403E+0	2.46616E-1	-2.49185E-1
5.08625E+11	1.15921E-7	-9.16061E+0	1.65550E-1	3.06456E-1
5.08800E+11	1.17712E-7	-9.24485E+0	-3.43879E-1	2.71741E-2
5.08975E+11	9.30235E-8	-9.42081E+0	7.52316E-2	-3.29556E-1
5.09150E+11	8.52506E-8	-9.81087E+0	2.97174E-1	1.27039E-1
5.09325E+11	5.55078E-8	-1.03089E+1	-1.45398E-1	2.68316E-1
5.09500E+11	4.78025E-8	-9.86299E+0	-2.75555E-1	-1.65150E-1
5.09675E+11	4.02170E-8	-9.60690E+0	2.25000E-1	-2.42587E-1
5.09850E+11	3.25506E-8	-9.58742E+0	1.99904E-1	2.64583E-1
5.10025E+11	4.62765E-8	-9.26745E+0	-3.14492E-1	1.39528E-1
5.10200E+11	5.43468E-8	-8.76764E+0	-4.96635E-2	-3.61034E-1
5.10375E+11	5.25456E-8	-8.65681E+0	3.60702E-1	7.83473E-2
5.10550E+11	4.40293E-8	-9.16548E+0	-1.53785E-1	3.12308E-1
5.10725E+11	3.76262E-8	-9.75913E+0	-2.55537E-1	-2.01007E-1
5.10900E+11	4.55165E-8	-9.15696E+0	2.40671E-1	-2.51995E-1
5.11075E+11	6.35471E-8	-8.04753E+0	2.25971E-1	3.25118E-1
5.11250E+11	6.23185E-8	-7.89754E+0	-3.73943E-1	1.49799E-1
5.11425E+11	5.09247E-8	-7.88934E+0	-7.22798E-2	-3.96680E-1
5.11600E+11	4.98981E-8	-8.05194E+0	3.95649E-1	-8.17449E-3
5.11775E+11	4.29884E-8	-8.35649E+0	-1.76012E-2	3.81693E-1
5.11950E+11	3.84329E-8	-9.38340E+0	-3.37572E-1	-3.60599E-2
5.12125E+11	3.22122E-8	-1.06254E+1	8.14110E-2	-2.82772E-1
5.12300E+11	3.54210E-8	-1.05161E+1	2.76557E-1	1.10956E-1
5.12475E+11	5.05375E-8	-9.56124E+0	-1.87510E-1	2.74720E-1
5.12650E+11	5.78974E-8	-8.98612E+0	-2.21983E-1	-2.77523E-1
5.12825E+11	6.77677E-8	-8.87914E+0	3.20551E-1	-1.63378E-1
5.13000E+11	7.59968E-8	-9.08810E+0	9.12105E-2	3.39183E-1
5.13175E+11	7.92135E-8	-9.33713E+0	-3.36136E-1	5.91792E-2
5.13350E+11	8.94654E-8	-9.67118E+0	-4.53533E-3	-3.28397E-1
5.13525E+11	8.86393E-8	-9.86151E+0	3.18134E-1	4.50631E-2
5.13700E+11	8.99287E-8	-9.66542E+0	-5.59124E-2	3.23856E-1
5.13875E+11	9.70194E-8	-8.69932E+0	-3.60050E-1	-7.26747E-2
5.14050E+11	1.20278E-7	-7.55107E+0	1.60603E-1	-3.87241E-1
5.14225E+11	1.10312E-7	-7.35893E+0	3.53360E-1	2.42561E-1
5.14400E+11	7.92657E-8	-7.54189E+0	-2.95769E-1	2.97727E-1
5.14575E+11	5.54890E-8	-7.84214E+0	-2.10597E-1	-3.46418E-1
5.14750E+11	4.03259E-8	-8.34866E+0	3.65636E-1	-1.12132E-1
5.14925E+11	3.44578E-8	-8.71856E+0	6.46219E-2	3.60756E-1
5.15100E+11	3.40544E-8	-8.50822E+0	-3.72336E-1	4.85043E-2
5.15275E+11	3.71295E-8	-7.78949E+0	-7.64902E-2	-4.00637E-1
5.15450E+11	4.34935E-8	-6.75322E+0	4.57045E-1	-4.79844E-2
5.15625E+11	4.97806E-8	-6.51748E+0	5.15072E-3	4.72172E-1
5.15800E+11	4.57708E-8	-6.67600E+0	-4.57494E-1	-7.53673E-2
5.15975E+11	3.76289E-8	-6.84246E+0	1.74419E-1	-4.20089E-1
5.16150E+11	4.56890E-8	-7.09148E+0	3.49685E-1	2.70348E-1
5.16325E+11	4.27645E-8	-7.82686E+0	-3.19151E-1	2.51153E-1
5.16500E+11	4.18769E-8	-8.98372E+0	-1.95085E-1	-2.97165E-1
5.16675E+11	4.92632E-8	-8.84417E+0	2.84525E-1	-2.22570E-1
5.16850E+11	9.16624E-8	-7.47951E+0	2.47872E-1	3.42386E-1
5.17025E+11	1.14402E-7	-7.00327E+0	-4.29359E-1	1.22585E-1
5.17200E+11	1.16487E-7	-7.48294E+0	3.89912E-2	-4.20723E-1
5.17375E+11	1.07105E-7	-7.94109E+0	3.69017E-1	1.56461E-1
5.17550E+11	1.09349E-7	-8.31125E+0	-2.44869E-1	2.95918E-1
5.17725E+11	1.00784E-7	-8.73099E+0	-2.38563E-1	-2.77533E-1
5.17900E+11	1.12391E-7	-8.99697E+0	2.93344E-1	-1.99824E-1
5.18075E+11	1.22674E-7	-8.76059E+0	1.97311E-1	3.06751E-1
5.18250E+11	1.56675E-7	-7.73922E+0	-3.72310E-1	1.72287E-1
5.18425E+11	1.89907E-7	-6.94061E+0	-5.48418E-2	-4.46392E-1
5.18600E+11	2.20632E-7	-6.75904E+0	4.50683E-1	8.82845E-2
5.18775E+11	2.09566E-7	-6.73153E+0	-2.05275E-1	4.12446E-1
5.18950E+11	2.28118E-7	-6.91280E+0	-3.61072E-1	-2.70554E-1
5.19125E+11	2.09987E-7	-7.46813E+0	3.09538E-1	-2.88659E-1
5.19300E+11	2.04136E-7	-8.05141E+0	2.13122E-1	3.33471E-1
5.19475E+11	2.06698E-7	-8.02716E+0	-3.62030E-1	1.62589E-1
5.19650E+11	2.54263E-7	-7.45892E+0	-4.66911E-2	-4.21115E-1
5.19825E+11	3.49484E-7	-6.76031E+0	4.28484E-1	1.65072E-1
5.20000E+11	3.12350E-7	-6.87192E+0	-3.43640E-1	2.95652E-1
5.20175E+11	2.93292E-7	-7.16738E+0	-1.24057E-1	-4.20229E-1
5.20350E+11	2.84861E-7	-7.41400E+0	4.25424E-1	1.99666E-2
5.20525E+11	2.90743E-7	-7.84959E+0	-1.19317E-1	3.87089E-1
5.20700E+11	2.63128E-7	-8.36789E+0	-3.22896E-1	-2.03358E-1
5.20875E+11	1.89283E-7	-9.13330E+0	2.33378E-1	-2.60042E-1
5.21050E+11	2.08402E-7	-8.72243E+0	2.65138E-1	2.52791E-1
5.21225E+11	2.63974E-7	-7.07134E+0	-3.87510E-1	2.14736E-1
5.21400E+11	2.85191E-7	-6.62801E+0	-7.03838E-2	-4.60886E-1
5.21575E+11	2.49191E-7	-6.84530E+0	4.43948E-1	9.83459E-2
5.21750E+11	2.43498E-7	-7.00583E+0	-2.24862E-1	3.85611E-1
5.21925E+11	2.26035E-7	-7.34879E+0	-2.97704E-1	-3.09033E-1
5.22100E+11	1.78856E-7	-7.85841E+0	3.62795E-1	-1.79224E-1
5.22275E+11	1.55391E-7	-8.28993E+0	5.92925E-2	3.80445E-1
5.22450E+11	1.51663E-7	-8.37942E+0	-3.77446E-1	-5.25853E-2
5.22625E+11	1.71779E-7	-7.93430E+0	1.55379E-1	-3.69814E-1
5.22800E+11	1.87811E-7	-7.51185E+0	2.85061E-1	3.09973E-1
5.22975E+11	1.82745E-7	-7.56969E+0	-4.04110E-1	1.08130E-1
5.23150E+11	1.82346E-7	-7.73632E+0	5.82915E-2	-4.06217E-1
5.23325E+11	1.74485E-7	-7.99838E+0	3.53174E-1	1.83892E-1
5.23500E+11	1.72072E-7	-8.24824E+0	-2.60422E-1	2.86120E-1
5.23675E+11	1.33198E-7	-8.70923E+0	-2.31846E-1	-2.84355E-1
5.23850E+11	1.34229E-7	-8.22275E+0	3.20348E-1	-2.18958E-1
5.24025E+11	2.00659E-7	-6.75215E+0	1.45359E-1	4.36022E-1
5.24200E+11	2.06512E-7	-5.92513E+0	-5.05520E-1	-2.35863E-3
5.24375E+11	1.88213E-7	-6.36977E+0	1.37839E-1	-4.60095E-1
5.24550E+11	1.54394E-7	-6.95729E+0	3.70023E-1	2.54128E-1
5.24725E+11	1.35202E-7	-7.55756E+0	-2.92130E-1	3.00244E-1
5.24900E+11	1.22692E-7	-8.02890E+0	-2.74350E-1	-2.86654E-1
5.25075E+11	1.19234E-7	-8.59106E+0	2.36094E-1	-2.87372E-1
5.25250E+11	1.12984E-7	-9.66919E+0	2.29913E-1	2.34638E-1
5.25425E+11	1.40440E-7	-9.59660E+0	-2.73555E-1	1.86820E-1
5.25600E+11	1.68814E-7	-8.87575E+0	-8.80466E-2	-3.48990E-1
5.25775E+11	2.12629E-7	-8.43562E+0	3.72882E-1	6.57470E-2
5.25950E+11	2.14385E-7	-8.32678E+0	-2.02210E-1	3.25749E-1
5.26125E+11	2.15580E-7	-8.39315E+0	-2.64075E-1	-2.73928E-1
5.26300E+11	2.01614E-7	-8.60086E+0	3.14901E-1	-1.97100E-1
5.26475E+11	1.86775E-7	-8.78498E+0	1.02900E-1	3.48847E-1
5.26650E+11	1.38858E-7	-9.41253E+0	-3.37459E-1	-2.46139E-2
5.26825E+11	1.70090E-7	-9.07340E+0	1.62741E-1	-3.11926E-1
5.27000E+11	2.48618E-7	-8.26193E+0	2.05809E-1	3.26888E-1
5.27175E+11	2.09869E-7	-8.39250E+0	-3.77178E-1	5.03019E-2
5.27350E+11	1.55724E-7	-9.01893E+0	6.37465E-2	-3.48255E-1
5.27525E+11	1.30531E-7	-9.38190E+0	3.11668E-1	1.34752E-1
5.27700E+11	1.12336E-7	-9.83189E+0	-1.94949E-1	2.56791E-1
5.27875E+11	1.02874E-7	-1.01144E+1	-1.78805E-1	-2.55790E-1
5.28050E+11	8.33687E-8	-1.06819E+1	2.81377E-1	-7.93533E-2
5.28225E+11	7.80606E-8	-1.03923E+1	1.22869E-2	3.02014E-1
5.28400E+11	1.13452E-7	-9.03883E+0	-3.45307E-1	-7.43957E-2
5.28575E+11	1.41005E-7	-8.17528E+0	1.52539E-1	-3.59098E-1
5.28750E+11	1.60794E-7	-7.83992E+0	3.46003E-1	2.11477E-1
5.28925E+11	1.80735E-7	-7.66916E+0	-2.56733E-1	3.24226E-1
5.29100E+11	1.71649E-7	-7.97413E+0	-2.58565E-1	-3.04270E-1
5.29275E+11	1.56530E-7	-8.29031E+0	3.58497E-1	-1.40431E-1
5.29450E+11	1.47102E-7	-9.01918E+0	-1.70650E-2	3.53619E-1
5.29625E+11	1.12568E-7	-1.01887E+1	-2.86608E-1	-1.16634E-1
5.29800E+11	1.16229E-7	-9.90313E+0	1.70989E-1	-2.70219E-1
5.29975E+11	1.14350E-7	-9.27926E+0	2.45038E-1	2.40849E-1
5.30150E+11	1.06543E-7	-9.70671E+0	-2.68728E-1	1.86472E-1
5.30325E+11	9.04691E-8	-1.04770E+1	-1.38611E-1	-2.65302E-1
5.30500E+11	7.20946E-8	-1.11503E+1	2.65526E-1	-7.89077E-2
5.30675E+11	7.14790E-8	-1.14383E+1	3.63340E-3	2.67944E-1
5.30850E+11	6.60092E-8	-1.15732E+1	-2.52230E-1	-7.74024E-2
5.31025E+11	6.33204E-8	-1.17988E+1	1.32404E-1	-2.20356E-1
5.31200E+11	7.64908E-8	-1.09522E+1	2.25778E-1	1.71275E-1
5.31375E+11	1.02609E-7	-9.65703E+0	-2.29297E-1	2.35882E-1
5.31550E+11	1.25838E-7	-9.13929E+0	-1.96934E-1	-2.88333E-1
5.31725E+11	1.37424E-7	-8.95213E+0	3.40305E-1	-1.07145E-1
5.31900E+11	1.43128E-7	-9.06075E+0	-2.80851E-2	3.51219E-1
5.32075E+11	1.14881E-7	-9.49329E+0	-3.05694E-1	-1.37574E-1
5.32250E+11	1.17278E-7	-9.89423E+0	1.99209E-1	-2.50562E-1
5.32425E+11	9.75991E-8	-1.08132E+1	2.15571E-1	1.90927E-1
5.32600E+11	9.80338E-8	-1.09604E+1	-1.60430E-1	2.33285E-1
5.32775E+11	1.39655E-7	-9.31294E+0	-2.77649E-1	-2.00129E-1
5.32950E+11	1.63575E-7	-8.94156E+0	2.49385E-1	-2.55744E-1
5.33125E+11	1.52537E-7	-9.23297E+0	1.88877E-1	2.89210E-1
5.33300E+11	1.60539E-7	-9.44334E+0	-3.18971E-1	1.09237E-1
5.33475E+11	1.56104E-7	-9.66523E+0	-3.31354E-2	-3.26979E-1
5.33650E+11	1.69399E-7	-9.60617E+0	3.30173E-1	2.18598E-2
5.33825E+11	1.54136E-7	-1.00024E+1	-6.44343E-2	3.09505E-1
5.34000E+11	1.40334E-7	-1.06776E+1	-2.79185E-1	-8.72338E-2
5.34175E+11	1.56866E-7	-1.02579E+1	1.00899E-1	-2.89922E-1
5.34350E+11	1.81454E-7	-9.61839E+0	2.78305E-1	1.78132E-1
5.34525E+11	1.60724E-7	-9.80579E+0	-2.54476E-1	1.99537E-1
5.34700E+11	1.46482E-7	-1.04410E+1	-1.03897E-1	-2.82047E-1
5.34875E+11	1.28953E-7	-1.12273E+1	2.72023E-1	-3.72357E-2
5.35050E+11	1.19442E-7	-1.18560E+1	5.42180E-3	2.55330E-1
5.35225E+11	1.01376E-7	-1.22418E+1	-2.44143E-1	-8.51273E-3
5.35400E+11	8.49411E-8	-1.28434E+1	2.87236E-3	-2.27928E-1
5.35575E+11	1.17610E-7	-1.22707E+1	2.43477E-1	1.25790E-3
5.35750E+11	1.47277E-7	-1.14211E+1	-5.78762E-2	2.62189E-1
5.35925E+11	1.55255E-7	-1.14249E+1	-2.33008E-1	-1.33181E-1
5.36100E+11	1.67727E-7	-1.14097E+1	2.03193E-1	-1.76050E-1
5.36275E+11	1.54268E-7	-1.15270E+1	8.30039E-2	2.51925E-1
5.36450E+11	1.42493E-7	-1.17329E+1	-2.58256E-1	-2.00598E-2
5.36625E+11	1.51154E-7	-1.19912E+1	1.14024E-1	-2.24102E-1
5.36800E+11	1.29061E-7	-1.28310E+1	1.54079E-1	1.68426E-1
5.36975E+11	1.04026E-7	-1.32151E+1	-1.84353E-1	1.17092E-1
5.37150E+11	1.12503E-7	-1.22589E+1	-9.63611E-2	-2.23963E-1
5.37325E+11	1.23829E-7	-1.16793E+1	2.58471E-1	-3.35238E-2
5.37500E+11	1.34721E-7	-1.15466E+1	-4.36797E-2	2.61019E-1
5.37675E+11	1.47287E-7	-1.15687E+1	-2.34103E-1	-1.21982E-1
5.37850E+11	1.15593E-7	-1.17729E+1	1.85554E-1	-1.79034E-1
5.38025E+11	1.14008E-7	-1.17050E+1	1.13304E-1	2.33864E-1
5.38200E+11	1.37903E-7	-1.14775E+1	-2.64531E-1	3.44370E-2
5.38375E+11	1.01447E-7	-1.13947E+1	2.81983E-2	-2.67837E-1
5.38550E+11	1.39619E-7	-1.04943E+1	2.84851E-1	9.00148E-2
5.38725E+11	1.59388E-7	-1.00426E+1	-1.87829E-1	2.52477E-1
5.38900E+11	1.48625E-7	-1.01656E+1	-1.76333E-1	-2.55275E-1
5.39075E+11	1.50322E-7	-1.05959E+1	2.89009E-1	-6.04376E-2
5.39250E+11	1.33956E-7	-1.12936E+1	-6.53668E-2	2.64513E-1
5.39425E+11	1.08179E-7	-1.20363E+1	-2.08065E-1	-1.38848E-1
5.39600E+11	9.53717E-8	-1.26072E+1	1.73567E-1	-1.57282E-1
5.39775E+11	9.12740E-8	-1.31267E+1	1.25491E-1	1.81464E-1
5.39950E+11	9.91122E-8	-1.25415E+1	-1.96788E-1	1.30283E-1
5.40125E+11	1.34699E-7	-1.12518E+1	-1.00780E-1	-2.54563E-1
5.40300E+11	1.55764E-7	-1.06760E+1	2.92513E-1	-4.69263E-3
5.40475E+11	1.50263E-7	-1.08848E+1	-1.03087E-1	2.66349E-1
5.40650E+11	1.65876E-7	-1.08771E+1	-2.19652E-1	-1.82936E-1
5.40825E+11	1.65474E-7	-1.09338E+1	2.25964E-1	-1.72029E-1
5.41000E+11	1.63224E-7	-1.09986E+1	1.56209E-1	2.34642E-1
5.41175E+11	1.49168E-7	-1.12515E+1	-2.39430E-1	1.32806E-1
5.41350E+11	1.19497E-7	-1.15339E+1	-1.36181E-1	-2.27373E-1
5.41525E+11	1.79380E-7	-1.04186E+1	2.64430E-1	-1.44526E-1
5.41700E+11	1.75045E-7	-9.98791E+0	7.83568E-2	3.06821E-1
5.41875E+11	1.66656E-7	-1.03021E+1	-3.05150E-1	1.28326E-2
5.42050E+11	1.60166E-7	-1.07478E+1	3.42116E-2	-2.88117E-1
5.42225E+11	1.53700E-7	-1.10999E+1	2.70141E-1	6.81999E-2
5.42400E+11	1.41085E-7	-1.13261E+1	-9.45596E-2	2.54450E-1
5.42575E+11	1.30698E-7	-1.15559E+1	-2.29436E-1	-1.31335E-1
5.42750E+11	1.23690E-7	-1.15827E+1	1.73182E-1	-1.98663E-1
5.42925E+11	1.49209E-7	-1.07030E+1	1.62989E-1	2.41848E-1
5.43100E+11	2.10115E-7	-9.40202E+0	-3.35897E-1	4.39895E-2
5.43275E+11	2.45669E-7	-9.20590E+0	1.25354E-1	-3.23032E-1
5.43450E+11	2.07317E-7	-9.52719E+0	2.31837E-1	2.40319E-1
5.43625E+11	1.83009E-7	-1.00139E+1	-2.90108E-1	1.24567E-1
5.43800E+11	1.54985E-7	-1.08279E+1	-3.18330E-2	-2.85709E-1
5.43975E+11	1.29868E-7	-1.14996E+1	2.61787E-1	4.76321E-2
5.44150E+11	1.17650E-7	-1.21365E+1	-1.08244E-1	2.22320E-1
5.44325E+11	1.10302E-7	-1.21440E+1	-1.96110E-1	-1.50264E-1
5.44500E+11	1.23299E-7	-1.16949E+1	2.08166E-1	-1.56061E-1
5.44675E+11	1.25262E-7	-1.17778E+1	9.13380E-2	2.40968E-1
5.44850E+11	1.23115E-7	-1.19650E+1	-2.46727E-1	5.22637E-2
5.45025E+11	1.22657E-7	-1.22103E+1	-1.68117E-2	-2.44603E-1
5.45200E+11	1.14517E-7	-1.23710E+1	2.40154E-1	1.59719E-2
5.45375E+11	1.06751E-7	-1.24844E+1	-5.43867E-2	2.31254E-1
5.45550E+11	1.12218E-7	-1.25415E+1	-2.20317E-1	-8.46116E-2
5.45725E+11	9.08768E-8	-1.25950E+1	1.18004E-1	-2.02712E-1
5.45900E+11	1.29497E-7	-1.17100E+1	1.98129E-1	1.67922E-1
5.46075E+11	1.41329E-7	-1.06763E+1	-2.45306E-1	1.59390E-1
5.46250E+11	1.38743E-7	-1.05752E+1	-7.96914E-2	-2.85033E-1
5.46425E+11	1.42655E-7	-1.08698E+1	2.85905E-1	1.04025E-2
5.46600E+11	1.16523E-7	-1.14186E+1	-8.64505E-2	2.54284E-1
5.46775E+11	1.01796E-7	-1.20107E+1	-2.11187E-1	-1.35429E-1
5.46950E+11	6.75951E-8	-1.23838E+1	1.87730E-1	-1.50056E-1
5.47125E+11	7.06457E-8	-1.25991E+1	8.68125E-2	2.17782E-1
5.47300E+11	5.68642E-8	-1.23830E+1	-2.40288E-1	5.63284E-3
5.47475E+11	6.26226E-8	-1.19847E+1	7.48137E-2	-2.40253E-1
5.47650E+11	5.70481E-8	-1.20201E+1	2.07260E-1	1.40883E-1
5.47825E+11	5.21784E-8	-1.22602E+1	-1.74070E-1	1.70665E-1
5.48000E+11	4.22916E-8	-1.24539E+1	-1.31136E-1	-1.99091E-1
5.48175E+11	4.35330E-8	-1.27489E+1	2.15287E-1	-8.21811E-2
5.48350E+11	3.75645E-8	-1.32674E+1	3.23415E-2	2.14662E-1
5.48525E+11	3.36643E-8	-1.35554E+1	-2.09932E-1	-5.51316E-3
5.48700E+11	3.44468E-8	-1.36833E+1	3.68746E-2	-2.03623E-1
5.48875E+11	4.19991E-8	-1.29952E+1	2.13149E-1	6.88562E-2
5.49050E+11	4.54186E-8	-1.25183E+1	-1.20874E-1	2.03438E-1
5.49225E+11	4.82318E-8	-1.28460E+1	-1.72051E-1	-1.49419E-1
5.49400E+11	4.41589E-8	-1.33656E+1	1.69154E-1	-1.32132E-1
5.49575E+11	4.02834E-8	-1.39934E+1	9.07998E-2	1.77840E-1
5.49750E+11	3.97979E-8	-1.45253E+1	-1.81764E-1	4.72962E-2
5.49925E+11	3.58889E-8	-1.49906E+1	-4.36435E-3	-1.77967E-1
5.50100E+11	3.16098E-8	-1.53555E+1	1.68140E-1	2.94298E-2
5.50275E+11	3.48360E-8	-1.52923E+1	-6.17818E-2	1.60461E-1
5.50450E+11	3.50409E-8	-1.51681E+1	-1.45237E-1	-9.65829E-2
5.50625E+11	3.57931E-8	-1.51979E+1	1.25467E-1	-1.20299E-1
5.50800E+11	3.85387E-8	-1.54385E+1	8.66483E-2	1.45181E-1
5.50975E+11	3.91180E-8	-1.56897E+1	-1.58410E-1	4.34230E-2
5.51150E+11	3.48616E-8	-1.60021E+1	-2.27564E-3	-1.58435E-1
5.51325E+11	3.37171E-8	-1.63484E+1	1.49773E-1	2.73988E-2
5.51500E+11	3.14913E-8	-1.65101E+1	-4.78651E-2	1.41578E-1
5.51675E+11	3.11410E-8	-1.65543E+1	-1.34305E-1	-6.38044E-2
5.51850E+11	3.45905E-8	-1.62637E+1	8.97913E-2	-1.24805E-1
5.52025E+11	3.26946E-8	-1.62702E+1	9.60479E-2	1.19909E-1
5.52200E+11	2.97246E-8	-1.66385E+1	-1.32795E-1	6.36385E-2
5.52375E+11	2.86447E-8	-1.72067E+1	-3.31599E-2	-1.33886E-1
5.52550E+11	2.46327E-8	-1.78462E+1	1.27963E-1	-6.74604E-3
5.52725E+11	2.21455E-8	-1.86187E+1	-1.25794E-2	1.16560E-1
5.52900E+11	1.97127E-8	-1.93243E+1	-1.02284E-1	-3.49480E-2
5.53075E+11	1.52945E-8	-2.01965E+1	5.48135E-2	-8.09507E-2
5.53250E+11	1.44213E-8	-2.07138E+1	5.86068E-2	7.10613E-2
5.53425E+11	1.21851E-8	-2.12627E+1	-8.11658E-2	2.98191E-2
5.53600E+11	1.11105E-8	-2.19360E+1	3.40716E-3	-7.99474E-2
5.53775E+11	7.91235E-9	-2.26628E+1	6.75652E-2	2.91787E-2
5.53950E+11	6.78311E-9	-2.35246E+1	-4.83756E-2	4.58410E-2
5.54125E+11	5.44322E-9	-2.44269E+1	-2.13078E-2	-5.61638E-2
5.54300E+11	4.62723E-9	-2.52010E+1	5.49061E-2	2.13320E-3
5.54475E+11	3.68394E-9	-2.63702E+1	-1.53995E-2	4.54915E-2
5.54650E+11	2.77360E-9	-2.72119E+1	-3.49537E-2	-2.60476E-2
5.54825E+11	2.05723E-9	-2.81573E+1	3.16232E-2	-2.29892E-2
5.55000E+11	1.53717E-9	-2.90404E+1	1.16453E-2	3.33414E-2
5.55175E+11	1.29453E-9	-2.99667E+1	-3.17282E-2	-1.01473E-3
5.55350E+11	1.14579E-9	-3.07792E+1	1.18198E-2	-2.63828E-2
5.55525E+11	8.07886E-10	-3.21230E+1	1.82787E-2	1.67101E-2
5.55700E+11	6.39172E-10	-3.29655E+1	-2.00442E-2	1.01694E-2
5.55875E+11	5.02466E-10	-3.37116E+1	-2.43889E-3	-2.04815E-2
5.56050E+11	4.48157E-10	-3.44020E+1	1.87168E-2	3.54813E-3
5.56225E+11	3.66860E-10	-3.48918E+1	-9.52226E-3	1.52817E-2
5.56400E+11	2.97114E-10	-3.57587E+1	-8.21368E-3	-1.40740E-2
5.56575E+11	2.76388E-10	-3.60349E+1	1.57592E-2	-9.07794E-4
5.56750E+11	2.81992E-10	-3.58833E+1	-6.91910E-3	1.44968E-2
5.56925E+11	2.17212E-10	-3.65588E+1	-8.29062E-3	-1.23339E-2
5.57100E+11	2.37457E-10	-3.65126E+1	1.45383E-2	-3.44405E-3
5.57275E+11	2.18008E-10	-3.65245E+1	-2.61755E-3	1.46888E-2
5.57450E+11	1.91899E-10	-3.72494E+1	-1.14307E-2	-7.59796E-3
5.57625E+11	2.09902E-10	-3.64123E+1	1.29300E-2	-7.82648E-3
5.57800E+11	2.75288E-10	-3.53867E+1	1.19274E-3	1.69667E-2
5.57975E+11	3.70578E-10	-3.39450E+1	-1.91584E-2	-6.01130E-3
5.58150E+11	3.92025E-10	-3.42455E+1	1.17410E-2	-1.54396E-2
5.58325E+11	4.87081E-10	-3.29526E+1	1.63602E-2	1.54607E-2
5.58500E+11	5.82422E-10	-3.26430E+1	-1.63241E-2	1.66630E-2
5.58675E+11	6.96851E-10	-3.16597E+1	-1.50082E-2	-2.13809E-2
5.58850E+11	1.09960E-9	-3.02974E+1	2.88093E-2	-1.01900E-2
5.59025E+11	1.11323E-9	-2.97160E+1	-1.61643E-3	3.26338E-2
5.59200E+11	1.44857E-9	-2.89224E+1	-3.27368E-2	-1.44883E-2
5.59375E+11	2.02731E-9	-2.78272E+1	2.42555E-2	-3.25717E-2
5.59550E+11	2.71968E-9	-2.70181E+1	3.45183E-2	2.82038E-2
5.59725E+11	3.28403E-9	-2.62456E+1	-3.18239E-2	3.68918E-2
5.59900E+11	3.95275E-9	-2.51376E+1	-3.64349E-2	-4.16671E-2
5.60075E+11	5.24585E-9	-2.44967E+1	5.31402E-2	-2.69616E-2
5.60250E+11	6.14736E-9	-2.35484E+1	7.18546E-3	6.60737E-2
5.60425E+11	8.30209E-9	-2.26851E+1	-7.12462E-2	-1.76847E-2
5.60600E+11	9.24095E-9	-2.19869E+1	3.60758E-2	-7.09028E-2
5.60775E+11	1.06357E-8	-2.11720E+1	7.44178E-2	4.57912E-2
5.60950E+11	1.16691E-8	-2.07072E+1	-4.80014E-2	7.86968E-2
5.61125E+11	1.36607E-8	-1.98339E+1	-8.33628E-2	-5.86556E-2
5.61300E+11	1.61499E-8	-1.90027E+1	8.42190E-2	-7.40848E-2
5.61475E+11	1.90608E-8	-1.81500E+1	4.10469E-2	1.16731E-1
5.61650E+11	2.39314E-8	-1.74585E+1	-1.33706E-1	-8.72137E-3
5.61825E+11	2.98093E-8	-1.68920E+1	4.17811E-2	-1.36782E-1
5.62000E+11	3.42387E-8	-1.64904E+1	1.39911E-1	5.34946E-2
5.62175E+11	3.38518E-8	-1.61619E+1	-5.70366E-2	1.44729E-1
5.62350E+11	3.28995E-8	-1.60155E+1	-1.44804E-1	-6.37255E-2
5.62525E+11	3.62443E-8	-1.56987E+1	9.12550E-2	-1.36366E-1
5.62700E+11	3.47935E-8	-1.53262E+1	1.11401E-1	1.30094E-1
5.62875E+11	4.47562E-8	-1.48080E+1	-1.67015E-1	7.18197E-2
5.63050E+11	4.50432E-8	-1.44081E+1	-2.47271E-2	-1.88756E-1
5.63225E+11	4.55783E-8	-1.42508E+1	1.93724E-1	6.91554E-3
5.63400E+11	5.16222E-8	-1.42816E+1	-1.45455E-2	1.92612E-1
5.63575E+11	5.10754E-8	-1.43773E+1	-1.81962E-1	-5.82058E-2
5.63750E+11	5.65452E-8	-1.44868E+1	1.18697E-1	-1.46631E-1
5.63925E+11	5.30978E-8	-1.46461E+1	8.45665E-2	1.64792E-1
5.64100E+11	5.59413E-8	-1.44750E+1	-1.88092E-1	1.75277E-2
5.64275E+11	6.38846E-8	-1.40019E+1	3.34019E-2	-1.96666E-1
5.64450E+11	6.84710E-8	-1.35350E+1	1.99408E-1	6.74305E-2
5.64625E+11	8.07289E-8	-1.32241E+1	-8.45434E-2	2.01122E-1
5.64800E+11	7.80168E-8	-1.31588E+1	-1.87481E-1	-1.14760E-1
5.64975E+11	8.54913E-8	-1.30568E+1	1.68077E-1	-1.45664E-1
5.65150E+11	8.46064E-8	-1.30450E+1	5.73124E-2	2.15215E-1
5.65325E+11	7.13074E-8	-1.31282E+1	-2.15335E-1	-4.78726E-2
5.65500E+11	7.13857E-8	-1.32198E+1	1.18335E-1	-1.83418E-1
5.65675E+11	7.59450E-8	-1.27595E+1	1.62684E-1	1.62809E-1
5.65850E+11	7.77493E-8	-1.20594E+1	-2.03192E-1	1.44748E-1
5.66025E+11	1.00508E-7	-1.13620E+1	-9.04675E-2	-2.54748E-1
5.66200E+11	9.59920E-8	-1.11251E+1	2.77264E-1	1.73495E-2
5.66375E+11	9.43731E-8	-1.11978E+1	-1.37013E-1	2.39004E-1
5.66550E+11	7.89721E-8	-1.11426E+1	-1.58094E-1	-2.27756E-1
5.66725E+11	7.68250E-8	-1.11549E+1	2.65229E-1	-7.93912E-2
5.66900E+11	7.38247E-8	-1.12578E+1	2.29251E-2	2.72635E-1
5.67075E+11	7.46634E-8	-1.10270E+1	-2.80267E-1	-1.97517E-2
5.67250E+11	8.67933E-8	-1.03875E+1	8.76507E-2	-2.89449E-1
5.67425E+11	1.04585E-7	-9.73989E+0	2.49122E-1	2.10026E-1
5.67600E+11	1.17828E-7	-9.58781E+0	-3.10164E-1	1.17279E-1
5.67775E+11	9.58337E-8	-9.81600E+0	2.22563E-2	-3.22231E-1
5.67950E+11	1.02064E-7	-1.02862E+1	2.90641E-1	9.56569E-2
5.68125E+11	9.17720E-8	-1.07718E+1	-1.00408E-1	2.71359E-1
5.68300E+11	8.13112E-8	-1.14307E+1	-2.50935E-1	-9.46793E-2
5.68475E+11	8.04912E-8	-1.16594E+1	7.27284E-2	-2.50906E-1
5.68650E+11	8.90244E-8	-1.12781E+1	2.60506E-1	8.14965E-2
5.68825E+11	1.17702E-7	-1.03116E+1	-1.74312E-1	2.50382E-1
5.69000E+11	1.20166E-7	-1.02551E+1	-1.50748E-1	-2.67525E-1
5.69175E+11	1.18028E-7	-1.05225E+1	2.87695E-1	-7.67809E-2
5.69350E+11	1.10610E-7	-1.08173E+1	5.94878E-2	2.81614E-1
5.69525E+11	1.15466E-7	-1.10156E+1	-2.76845E-1	5.00550E-2
5.69700E+11	1.08217E-7	-1.10682E+1	3.35796E-3	-2.79613E-1
5.69875E+11	9.60259E-8	-1.16651E+1	2.45476E-1	8.88588E-2
5.70050E+11	1.19749E-7	-1.11686E+1	-2.05136E-1	1.85274E-1
5.70225E+11	1.49735E-7	-1.01789E+1	-3.83614E-2	-3.07396E-1
5.70400E+11	1.78909E-7	-9.77887E+0	2.87747E-1	1.49749E-1
5.70575E+11	1.75136E-7	-9.74548E+0	-2.60076E-1	1.95949E-1
5.70750E+11	1.56134E-7	-1.00178E+1	-1.03907E-1	-2.97983E-1
5.70925E+11	1.48636E-7	-1.02913E+1	3.05788E-1	-2.61194E-3
5.71100E+11	1.53836E-7	-1.03304E+1	-1.43387E-1	2.68540E-1
5.71275E+11	1.34307E-7	-1.05506E+1	-1.27342E-1	-2.68097E-1
5.71450E+11	1.47005E-7	-1.03688E+1	3.02079E-1	2.46587E-2
5.71625E+11	1.61666E-7	-9.52899E+0	-1.73983E-1	2.84930E-1
5.71800E+11	1.79305E-7	-8.80403E+0	-2.13901E-1	-2.93172E-1
5.71975E+11	1.64793E-7	-8.72624E+0	3.52509E-1	-9.91011E-2
5.72150E+11	1.46277E-7	-8.83567E+0	-2.42102E-2	3.60779E-1
5.72325E+11	1.34404E-7	-9.11804E+0	-3.24609E-1	-1.30943E-1
5.72500E+11	1.32611E-7	-9.32941E+0	2.20031E-1	-2.61310E-1
5.72675E+11	1.18971E-7	-9.65119E+0	1.87748E-1	2.70396E-1
5.72850E+11	9.29398E-8	-1.01988E+1	-2.58379E-1	1.69604E-1
5.73025E+11	1.12964E-7	-9.56696E+0	-1.74423E-1	-2.82952E-1
5.73200E+11	1.17280E-7	-9.22949E+0	3.21781E-1	-1.25976E-1
5.73375E+11	1.08171E-7	-9.34273E+0	3.06418E-2	3.39706E-1
5.73550E+11	1.31646E-7	-9.37480E+0	-3.22362E-1	-1.07548E-1
5.73725E+11	1.22077E-7	-9.62795E+0	2.28534E-1	-2.38152E-1
5.73900E+11	1.22352E-7	-9.99798E+0	1.60523E-1	2.72542E-1
5.74075E+11	1.03505E-7	-1.02396E+1	-2.78357E-1	1.30957E-1
5.74250E+11	1.05820E-7	-1.07870E+1	-1.31545E-1	-2.57143E-1
5.74425E+11	1.00474E-7	-1.12317E+1	2.30547E-1	-1.48842E-1
5.74600E+11	1.44164E-7	-9.87667E+0	1.13072E-1	3.00159E-1
5.74775E+11	1.89570E-7	-9.04756E+0	-3.40626E-1	-9.21706E-2
5.74950E+11	1.77967E-7	-9.14398E+0	2.88894E-1	-1.95774E-1
5.75125E+11	1.60168E-7	-9.42500E+0	2.29629E-2	3.37089E-1
5.75300E+11	1.60109E-7	-9.86209E+0	-3.10399E-1	-8.29386E-2
5.75475E+11	1.30738E-7	-1.00489E+1	1.21243E-1	-2.90137E-1
5.75650E+11	1.23319E-7	-1.03530E+1	2.72628E-1	1.33666E-1
5.75825E+11	1.14136E-7	-1.05707E+1	-1.44985E-1	2.58195E-1
5.76000E+11	1.16222E-7	-9.84024E+0	-2.27376E-1	-2.28139E-1
5.76175E+11	1.40450E-8	-8.98792E+0	3.25900E-1	-1.41536E-1
5.76350E+11	7.11285E-9	-8.33860E+0	-2.02418E-1	-3.25006E-1
5.76525E+11	1.08672E-8	-8.28873E+0	3.71255E-1	-1.02296E-1
5.76700E+11	9.79144E-9	-8.60587E+0	5.28088E-2	3.67509E-1
5.76875E+11	8.85114E-9	-8.84203E+0	-3.60750E-1	2.03845E-2
5.77050E+11	9.33421E-9	-9.12408E+0	1.62863E-2	-3.49401E-1
5.77225E+11	8.96390E-9	-9.90180E+0	3.02219E-1	1.04645E-1
5.77400E+11	9.31455E-9	-8.84044E+0	-2.40184E-1	2.70029E-1
5.77575E+11	1.16039E-8	-7.77386E+0	-1.76234E-1	-3.68649E-1
5.77750E+11	1.43310E-8	-7.88603E+0	3.90843E-1	-9.97246E-2
5.77925E+11	1.28983E-8	-8.69155E+0	1.26184E-1	3.45306E-1
5.78100E+11	1.05469E-8	-9.36118E+0	-3.05218E-1	1.50626E-1
5.78275E+11	1.06596E-8	-9.73310E+0	-1.31950E-1	-2.98207E-1
5.78450E+11	6.58435E-9	-9.96262E+0	3.16402E-1	-2.74593E-2
5.78625E+11	6.60577E-9	-1.05127E+1	-1.12952E-1	2.75874E-1
5.78800E+11	5.76502E-9	-1.07737E+1	-2.21110E-1	-1.86526E-1
5.78975E+11	1.23510E-8	-9.83953E+0	2.35159E-1	-2.20146E-1
5.79150E+11	1.22156E-8	-8.53912E+0	2.44621E-1	2.83103E-1
5.79325E+11	1.83421E-8	-8.52427E+0	-2.96929E-1	2.28692E-1
5.79500E+11	1.67365E-8	-8.79871E+0	-1.71466E-1	-3.20100E-1
5.79675E+11	2.09758E-8	-9.23322E+0	3.42688E-1	-4.33029E-2
5.79850E+11	1.33340E-8	-9.52429E+0	-1.02649E-1	3.17867E-1
5.80025E+11	1.35975E-8	-9.84199E+0	-2.48085E-1	-2.05327E-1
5.80200E+11	9.73218E-9	-9.98316E+0	2.27222E-1	-2.20814E-1
5.80375E+11	1.95521E-8	-8.84129E+0	2.53677E-1	2.57345E-1
5.80550E+11	1.70168E-8	-8.67787E+0	-3.03177E-1	2.08971E-1
5.80725E+11	1.07187E-8	-9.23929E+0	-1.05117E-1	-3.28777E-1
5.80900E+11	9.78976E-9	-9.29959E+0	3.38910E-1	5.13877E-2
5.81075E+11	1.15738E-8	-9.41074E+0	-2.19515E-1	2.57575E-1
5.81250E+11	9.37749E-9	-9.61075E+0	-1.25490E-1	-3.05988E-1
5.81425E+11	1.08719E-8	-9.50245E+0	3.31466E-1	-4.76315E-2
5.81600E+11	9.29866E-9	-1.00460E+1	2.30989E-2	3.13709E-1
5.81775E+11	6.65658E-9	-9.51963E+0	-3.27395E-1	6.71436E-2
5.81950E+11	1.44702E-8	-7.22497E+0	9.24782E-3	-4.35165E-1
5.82125E+11	1.78629E-8	-7.04540E+0	3.77876E-1	2.33797E-1
5.82300E+11	1.21831E-8	-7.31335E+0	-3.85935E-1	1.91551E-1
5.82475E+11	1.04785E-8	-7.88849E+0	2.14102E-2	-4.02682E-1
5.82650E+11	1.10586E-8	-8.53916E+0	3.39497E-1	1.57249E-1
5.82825E+11	9.45987E-9	-8.84178E+0	-2.23295E-1	2.84083E-1
5.83000E+11	9.22475E-9	-9.33198E+0	-2.11950E-1	-2.67777E-1
5.83175E+11	8.77659E-9	-9.76364E+0	2.85482E-1	-1.55220E-1
5.83350E+11	8.73364E-9	-8.99220E+0	6.45378E-2	3.49219E-1
5.83525E+11	7.42560E-9	-9.50305E+0	-3.31197E-1	-4.93157E-2
5.83700E+11	8.80482E-9	-9.61668E+0	1.14891E-1	-3.09883E-1
5.83875E+11	6.58623E-9	-9.66402E+0	2.93047E-1	1.48886E-1
5.84050E+11	1.03150E-8	-9.66743E+0	-1.97152E-1	2.62849E-1
5.84225E+11	8.58960E-9	-9.83099E+0	-2.18461E-1	-2.37156E-1
5.84400E+11	8.05715E-9	-1.01721E+1	2.90271E-1	-1.08888E-1
5.84575E+11	7.32727E-9	-1.03975E+1	-1.16457E-3	3.02082E-1
5.84750E+11	1.10321E-8	-9.02876E+0	-3.34853E-1	-1.13731E-1
5.84925E+11	1.10155E-8	-8.01767E+0	2.38635E-1	-3.17646E-1
5.85100E+11	1.17865E-8	-8.40621E+0	2.68053E-1	2.69230E-1
5.85275E+11	9.40599E-9	-8.93083E+0	-2.80649E-1	2.21698E-1
5.85450E+11	6.35400E-9	-9.09445E+0	-1.43264E-1	-3.20406E-1
5.85625E+11	9.02614E-9	-9.50854E+0	3.34401E-1	-1.25383E-2
5.85800E+11	1.15233E-8	-9.61372E+0	-1.34647E-1	3.01948E-1
5.85975E+11	8.76118E-9	-1.01021E+1	-2.20340E-1	-2.21647E-1
5.86150E+11	1.00135E-8	-9.69982E+0	2.51750E-1	-2.09233E-1
5.86325E+11	1.56476E-8	-8.94392E+0	2.33800E-1	2.69937E-1
5.86500E+11	9.65068E-9	-8.46530E+0	-2.83223E-1	2.49342E-1
5.86675E+11	1.58165E-8	-8.07278E+0	-1.95512E-1	-3.42973E-1
5.86850E+11	1.28026E-8	-8.05099E+0	3.94197E-1	-3.53290E-2
5.87025E+11	1.00968E-8	-8.54869E+0	-1.37433E-1	3.47550E-1
5.87200E+11	9.98557E-9	-8.94958E+0	-2.79138E-1	-2.22361E-1
5.87375E+11	1.02030E-8	-8.99650E+0	2.29915E-1	-2.70431E-1
5.87550E+11	1.06864E-8	-9.42997E+0	2.81288E-1	1.86823E-1
5.87725E+11	1.01718E-8	-8.64064E+0	-1.93572E-1	3.15091E-1
5.87900E+11	1.35301E-8	-8.33385E+0	-2.71469E-1	-2.70309E-1
5.88075E+11	1.25833E-8	-8.60046E+0	3.54150E-1	-1.12257E-1
5.88250E+11	8.69059E-9	-8.70241E+0	-1.27516E-1	3.44327E-1
5.88425E+11	7.97980E-9	-9.33596E+0	-2.09751E-1	-2.69306E-1
5.88600E+11	4.62643E-9	-9.87344E+0	2.95701E-1	-1.24572E-1
5.88775E+11	6.81864E-9	-1.01880E+1	1.11708E-1	2.88592E-1
5.88950E+11	8.39652E-9	-1.01761E+1	-2.79178E-1	1.34480E-1
5.89125E+11	1.74356E-8	-9.25556E+0	-1.21654E-1	-3.22333E-1
5.89300E+11	2.01378E-8	-8.12856E+0	3.88141E-1	5.66807E-2
5.89475E+11	2.32572E-8	-7.96723E+0	-3.07162E-1	2.55619E-1
5.89650E+11	1.83548E-8	-8.35645E+0	-1.58362E-2	-3.81772E-1
5.89825E+11	1.80052E-8	-9.07330E+0	3.34199E-1	1.09984E-1
5.90000E+11	1.09244E-8	-9.61512E+0	-1.46221E-1	2.96456E-1
5.90175E+11	8.31667E-9	-1.02758E+1	-2.61461E-1	-1.59641E-1
5.90350E+11	4.52625E-9	-1.10576E+1	1.87331E-1	-2.08071E-1
5.90525E+11	1.24208E-8	-1.09695E+1	1.59174E-1	2.33787E-1
5.90700E+11	1.03580E-8	-9.49045E+0	-3.32574E-1	4.29322E-2
5.90875E+11	1.38867E-8	-9.37897E+0	6.31509E-2	-3.33743E-1
5.91050E+11	8.85890E-9	-9.62056E+0	3.26645E-1	4.93247E-2
5.91225E+11	1.18501E-8	-9.80512E+0	5.08797E-2	3.19376E-1
5.91400E+11	1.03607E-8	-9.83010E+0	-2.95482E-1	1.29152E-1
5.91575E+11	9.60809E-9	-9.63624E+0	-1.05464E-1	-3.12432E-1
5.91750E+11	5.89836E-9	-9.48155E+0	3.32130E-1	4.86752E-2
5.91925E+11	6.50511E-9	-9.23345E+0	-2.78517E-1	2.04286E-1
5.92100E+11	9.60241E-9	-8.26897E+0	9.46283E-2	-3.74189E-1
5.92275E+11	1.38700E-8	-7.48368E+0	2.80806E-1	3.15667E-1
5.92450E+11	1.40190E-8	-8.11379E+0	-3.47978E-1	1.82487E-1
5.92625E+11	9.32700E-9	-8.70597E+0	-1.56727E-1	-3.31885E-1
5.92800E+11	6.58154E-9	-9.25717E+0	3.22816E-1	-1.20184E-1
5.92975E+11	8.07484E-9	-1.03585E+1	2.96295E-2	3.01990E-1
5.93150E+11	4.47514E-9	-1.11634E+1	-2.63021E-1	-8.55587E-2
5.93325E+11	4.93188E-9	-1.13098E+1	1.91921E-1	-1.92691E-1
5.93500E+11	8.22889E-9	-9.88254E+0	1.15350E-1	2.99058E-1
5.93675E+11	9.43662E-9	-9.26467E+0	-3.42752E-1	-3.11524E-2
5.93850E+11	1.02409E-8	-9.72040E+0	1.02554E-1	-3.10052E-1
5.94025E+11	8.52251E-9	-9.68807E+0	2.78272E-1	1.73238E-1
5.94200E+11	5.91086E-9	-9.73913E+0	-2.61831E-1	1.93998E-1
5.94375E+11	5.97773E-9	-9.80310E+0	-5.13854E-2	-3.19371E-1
5.94550E+11	8.86455E-9	-1.00303E+1	3.11816E-1	4.55588E-2
5.94725E+11	9.89368E-9	-1.02547E+1	-6.83719E-2	2.99382E-1
5.94900E+11	8.54369E-9	-1.02138E+1	-3.02261E-1	-6.19144E-2
5.95075E+11	7.78681E-9	-9.54925E+0	6.07238E-2	-3.27489E-1
5.95250E+11	1.47660E-8	-9.20665E+0	3.11405E-1	1.51886E-1
5.95425E+11	7.23875E-9	-9.75528E+0	-2.37006E-1	2.22766E-1
5.95600E+11	1.17000E-8	-1.05622E+1	-8.69455E-2	-2.83368E-1
5.95775E+11	1.13590E-8	-1.12758E+1	2.69872E-1	4.14079E-2
5.95950E+11	6.42805E-9	-1.17660E+1	-1.10938E-1	2.32983E-1
5.96125E+11	6.79186E-9	-1.20059E+1	-2.19134E-1	-1.22434E-1
5.96300E+11	5.96012E-9	-1.12039E+1	1.31404E-1	-2.41913E-1
5.96475E+11	8.03872E-9	-9.67530E+0	2.41576E-1	2.22271E-1
5.96650E+11	8.66221E-9	-9.62811E+0	-2.95627E-1	1.46783E-1
5.96825E+11	6.31142E-9	-9.45640E+0	-4.26020E-2	-3.33945E-1
5.97000E+11	7.35614E-9	-9.45077E+0	3.34273E-1	4.17424E-2
5.97175E+11	8.37589E-9	-9.54474E+0	-1.18676E-1	3.11396E-1
5.97350E+11	6.98780E-9	-9.67688E+0	-2.78455E-1	-1.73742E-1
5.97525E+11	5.14469E-9	-1.04685E+1	2.04577E-1	-2.18910E-1
5.97700E+11	4.91954E-9	-1.11804E+1	1.63907E-1	2.22114E-1
5.97875E+11	7.20387E-9	-1.00025E+1	-2.91017E-1	1.23500E-1
5.98050E+11	7.82039E-9	-8.68684E+0	2.22060E-2	-3.67168E-1
5.98225E+11	1.04038E-8	-8.91342E+0	3.23427E-1	1.54345E-1
5.98400E+11	1.05529E-8	-9.22950E+0	-2.26099E-1	2.61327E-1
5.98575E+11	1.29143E-8	-9.78095E+0	-1.83091E-1	-2.67677E-1
5.98750E+11	9.78156E-9	-1.03128E+1	2.97810E-1	-6.60229E-2
5.98925E+11	8.11406E-9	-1.07357E+1	-9.04588E-2	2.76105E-1
5.99100E+11	1.15068E-8	-1.08569E+1	-1.93328E-1	-2.11468E-1
5.99275E+11	1.53971E-8	-9.60526E+0	3.16852E-1	-9.54981E-2
5.99450E+11	1.85309E-8	-9.00255E+0	-4.60480E-2	3.51708E-1
5.99625E+11	1.71830E-8	-9.60486E+0	-3.03431E-1	-1.32118E-1
5.99800E+11	9.68884E-9	-9.73881E+0	1.91763E-1	-2.63487E-1
5.99975E+11	1.26985E-8	-1.02118E+1	1.72833E-1	2.55675E-1
6.00150E+11	5.56085E-9	-1.09136E+1	-2.80585E-1	4.79624E-2
6.00325E+11	9.45157E-9	-1.16648E+1	6.62599E-2	-2.52525E-1
6.00500E+11	4.03974E-9	-1.23124E+1	2.09675E-1	1.21460E-1
6.00675E+11	4.96465E-9	-1.19967E+1	-1.16538E-1	2.22627E-1
6.00850E+11	9.30121E-9	-1.01896E+1	-2.84542E-1	-1.21505E-1
6.01025E+11	1.19267E-8	-9.31074E+0	2.05084E-1	-2.74117E-1
6.01200E+11	8.78409E-9	-9.38968E+0	1.78260E-1	2.88638E-1
6.01375E+11	1.08721E-8	-9.71308E+0	-3.26811E-1	4.90862E-3
6.01550E+11	6.36840E-9	-1.02082E+1	1.62633E-1	-2.62431E-1
6.01725E+11	8.29133E-9	-1.04054E+1	1.71180E-1	2.48566E-1
6.01900E+11	5.17608E-9	-1.08476E+1	-2.59253E-1	1.22711E-1
6.02075E+11	9.03119E-9	-1.10316E+1	-1.45200E-1	-2.40360E-1
6.02250E+11	4.98766E-9	-1.06512E+1	2.38214E-1	-1.71257E-1
6.02425E+11	8.30727E-9	-1.02424E+1	1.48664E-1	2.69203E-1
6.02600E+11	5.95490E-9	-1.02549E+1	-3.07027E-1	5.76140E-3
6.02775E+11	7.87186E-9	-1.09007E+1	1.75750E-1	-2.24459E-1
6.02950E+11	4.81294E-9	-1.10161E+1	5.05291E-2	2.76742E-1
6.03125E+11	7.14859E-9	-1.13779E+1	-2.48939E-1	-1.04129E-1
6.03300E+11	5.07850E-9	-1.16386E+1	1.78851E-1	-1.91267E-1
6.03475E+11	5.11718E-9	-1.16231E+1	1.59770E-1	2.08061E-1
6.03650E+11	4.20441E-9	-1.03045E+1	-2.33066E-1	1.97254E-1
6.03825E+11	9.58582E-9	-8.11551E+0	-1.83693E-1	-3.47256E-1
6.04000E+11	1.25434E-8	-8.09562E+0	3.86455E-1	-7.54370E-2
6.04175E+11	9.98238E-9	-8.44965E+0	3.87471E-2	3.76032E-1
6.04350E+11	1.03374E-8	-9.12809E+0	-3.44945E-1	-5.69830E-2
6.04525E+11	9.60335E-9	-1.01540E+1	1.25331E-1	-2.84267E-1
6.04700E+11	7.59721E-9	-1.11598E+1	2.22727E-1	1.64185E-1
6.04875E+11	7.43192E-9	-1.20331E+1	-1.66423E-1	1.86871E-1
6.05050E+11	5.95185E-9	-1.19518E+1	-1.77232E-1	-1.79967E-1
6.05225E+11	6.74875E-9	-1.07963E+1	2.50004E-1	-1.44033E-1
6.05400E+11	5.86206E-9	-1.11827E+1	6.07019E-2	2.69214E-1
6.05575E+11	6.01703E-9	-1.17594E+1	-2.57026E-1	2.50535E-2
6.05750E+11	5.32268E-9	-1.16270E+1	6.66210E-3	-2.62124E-1
6.05925E+11	5.79062E-9	-1.14230E+1	2.66880E-1	2.89239E-2
6.06100E+11	4.22038E-9	-1.14395E+1	-5.51740E-2	2.62189E-1
6.06275E+11	5.06798E-9	-1.15041E+1	-2.53228E-1	-8.12631E-2
6.06450E+11	4.40029E-9	-1.14007E+1	9.05574E-2	-2.53439E-1
6.06625E+11	8.87053E-9	-9.44727E+0	3.02575E-1	1.48394E-1
6.06800E+11	8.78852E-9	-8.76106E+0	-2.99107E-1	2.08681E-1
6.06975E+11	7.75400E-9	-9.55900E+0	-9.05560E-2	-3.20137E-1
6.07150E+11	9.44168E-9	-1.02622E+1	3.06730E-1	-7.53632E-3
6.07325E+11	4.54349E-9	-1.06726E+1	-3.65002E-2	2.90380E-1
6.07500E+11	4.52234E-9	-1.11225E+1	-2.67869E-1	-7.39625E-2
6.07675E+11	4.48884E-9	-1.16122E+1	9.21286E-2	-2.45970E-1
6.07850E+11	7.11099E-9	-1.16159E+1	2.49241E-1	8.25166E-2
6.08025E+11	6.78148E-9	-1.09037E+1	-8.97445E-2	2.70480E-1
6.08200E+11	7.31978E-9	-1.08626E+1	-2.74593E-1	-8.11452E-2
6.08375E+11	7.43877E-9	-1.04440E+1	6.90898E-2	-2.92417E-1
6.08550E+11	1.00849E-8	-9.70904E+0	3.12496E-1	9.63097E-2
6.08725E+11	1.03003E-8	-9.56444E+0	-1.67040E-1	2.87484E-1
6.08900E+11	1.35552E-8	-9.81117E+0	-2.26263E-1	-2.30757E-1
6.09075E+11	7.63131E-9	-1.02901E+1	2.61024E-1	-1.59391E-1
6.09250E+11	8.24169E-9	-1.06405E+1	1.24700E-1	2.65966E-1
6.09425E+11	8.92911E-9	-9.81525E+0	-2.90857E-1	1.40528E-1
6.09600E+11	1.36918E-8	-8.60059E+0	-9.45108E-2	-3.59288E-1
6.09775E+11	1.32516E-8	-8.84884E+0	3.61035E-1	2.23498E-3
6.09950E+11	9.62111E-9	-9.45722E+0	-1.00230E-1	3.21351E-1
6.10125E+11	7.88707E-9	-9.82562E+0	-2.57607E-1	-1.94256E-1
6.10300E+11	7.63019E-9	-1.02710E+1	2.67588E-1	-1.49495E-1
6.10475E+11	5.94819E-9	-1.05539E+1	3.38837E-2	2.94752E-1
6.10650E+11	5.75557E-9	-1.09592E+1	-2.80968E-1	-3.52168E-2
6.10825E+11	6.57275E-9	-1.10258E+1	8.38239E-2	-2.68210E-1
6.11000E+11	6.08948E-9	-1.11879E+1	2.50901E-1	1.14536E-1
6.11175E+11	7.45417E-9	-1.02296E+1	-2.00712E-1	2.33590E-1
6.11350E+11	7.37386E-9	-9.79018E+0	-1.20074E-1	-3.00886E-1
6.11525E+11	7.98919E-9	-9.95493E+0	3.14937E-1	4.31036E-2
6.11700E+11	5.36365E-9	-1.03359E+1	-1.49581E-1	2.64919E-1
6.11875E+11	5.46990E-9	-1.10099E+1	-2.14607E-1	-1.82197E-1
6.12050E+11	4.98725E-9	-1.13864E+1	1.89479E-1	-1.91749E-1
6.12225E+11	3.88652E-9	-1.08447E+1	1.73662E-1	2.28397E-1
6.12400E+11	5.69425E-9	-9.76063E+0	-3.04050E-1	1.14978E-1
6.12575E+11	1.03870E-8	-9.26935E+0	2.43387E-2	-3.43117E-1
6.12750E+11	8.77971E-9	-9.26436E+0	3.12882E-1	1.43397E-1
6.12925E+11	6.30895E-9	-9.45416E+0	-1.95524E-1	2.74158E-1
6.13100E+11	4.55843E-9	-9.27258E+0	-2.40419E-1	-2.45831E-1
6.13275E+11	5.16230E-9	-9.35462E+0	2.77829E-1	-1.97059E-1
6.13450E+11	4.94446E-9	-9.37246E+0	1.27832E-1	3.14968E-1
6.13625E+11	4.71816E-9	-1.01580E+1	-3.09584E-1	2.41995E-2
6.13800E+11	4.86482E-9	-1.03098E+1	9.67090E-2	-2.89418E-1
6.13975E+11	7.59628E-9	-8.35720E+0	2.18935E-1	3.13118E-1
6.14150E+11	7.63929E-9	-8.34470E+0	-3.77505E-1	-6.23419E-2
6.14325E+11	7.37968E-9	-8.73805E+0	2.21847E-1	-2.90695E-1
6.14500E+11	4.95178E-9	-9.51108E+0	2.29684E-1	2.43231E-1
6.14675E+11	7.36826E-9	-9.88522E+0	-2.32647E-1	2.20349E-1
6.14850E+11	4.54079E-9	-1.03432E+1	-1.96440E-1	-2.31978E-1
6.15025E+11	4.38032E-9	-1.03926E+1	2.50547E-1	-1.69065E-1
6.15200E+11	7.81084E-9	-9.81616E+0	1.25003E-1	2.97822E-1
6.15375E+11	6.51061E-9	-9.42070E+0	-3.30687E-1	7.01086E-2
6.15550E+11	6.61183E-9	-9.03623E+0	-5.51072E-2	-3.49013E-1
6.15725E+11	8.85070E-9	-9.28605E+0	3.36166E-1	-6.97146E-2
6.15900E+11	3.77411E-9	-9.35830E+0	4.79580E-2	3.37080E-1
6.16075E+11	5.76480E-9	-9.59921E+0	-3.28310E-1	-4.33583E-2
6.16250E+11	5.35848E-9	-1.03310E+1	1.98825E-1	-2.30502E-1
6.16425E+11	4.48280E-9	-1.13565E+1	5.31012E-2	2.65242E-1
6.16600E+11	5.08190E-9	-1.09726E+1	-2.68892E-1	-8.73653E-2
6.16775E+11	9.30205E-9	-9.68361E+0	2.15401E-1	-2.47305E-1
6.16950E+11	7.03472E-9	-9.15437E+0	1.45064E-1	3.16943E-1
6.17125E+11	7.19793E-9	-9.76439E+0	-3.21836E-1	4.46846E-2
6.17300E+11	7.00616E-9	-1.03978E+1	6.53769E-2	-2.94911E-1
6.17475E+11	7.95629E-9	-1.04485E+1	2.25392E-1	1.98462E-1
6.17650E+11	7.38270E-9	-1.04187E+1	-2.83447E-1	1.02311E-1
6.17825E+11	1.01528E-8	-1.03518E+1	1.55585E-2	-3.03277E-1
6.18000E+11	8.46577E-9	-9.77732E+0	3.04580E-1	1.11768E-1
6.18175E+11	8.37319E-9	-9.28115E+0	-2.00236E-1	2.79117E-1
6.18350E+11	1.35650E-8	-8.63215E+0	-2.22615E-1	-2.95741E-1
6.18525E+11	1.56197E-8	-8.69713E+0	3.53731E-1	-9.92955E-2
6.18700E+11	1.31005E-8	-8.32179E+0	-2.40789E-2	3.82872E-1
6.18875E+11	1.18411E-8	-7.86074E+0	-3.65948E-1	-1.72441E-1
6.19050E+11	1.07469E-8	-8.00373E+0	2.46964E-1	-3.12029E-1
6.19225E+11	8.39798E-9	-8.49719E+0	2.69754E-1	2.61875E-1
6.19400E+11	1.13174E-8	-8.81182E+0	-2.39793E-1	2.71968E-1
6.19575E+11	9.79772E-9	-8.21076E+0	-2.72112E-1	-2.77375E-1
6.19750E+11	1.19166E-8	-7.70842E+0	3.85529E-1	-1.44439E-1
6.19925E+11	1.07828E-8	-7.89198E+0	-1.03656E-1	3.89533E-1
6.20100E+11	6.72477E-9	-8.45983E+0	-2.73602E-1	-2.60208E-1
6.20275E+11	5.20089E-9	-8.84646E+0	3.32139E-1	-1.41798E-1
6.20450E+11	7.35819E-9	-8.90527E+0	-2.82044E-2	3.57594E-1
6.20625E+11	4.80673E-9	-9.49725E+0	-2.80722E-1	-1.82943E-1
6.20800E+11	4.16811E-9	-1.03111E+1	2.62443E-1	-1.55600E-1
6.20975E+11	4.24135E-9	-1.07032E+1	1.95478E-2	2.90979E-1
6.21150E+11	4.00351E-9	-1.05499E+1	-2.65723E-1	-1.32280E-1
6.21325E+11	7.17696E-9	-9.74924E+0	2.64709E-1	-1.89401E-1
6.21500E+11	8.46642E-9	-8.97314E+0	3.22419E-2	3.54449E-1
6.21675E+11	5.52920E-9	-9.03904E+0	-3.29833E-1	-1.26396E-1
6.21850E+11	6.33580E-9	-9.34460E+0	2.26716E-1	-2.54733E-1
6.22025E+11	6.01951E-9	-9.54879E+0	1.49568E-1	2.97620E-1
6.22200E+11	7.28186E-9	-9.59988E+0	-3.30708E-1	1.68301E-2
6.22375E+11	7.58947E-9	-9.42228E+0	8.34688E-2	-3.27507E-1
6.22550E+11	1.15355E-8	-8.84470E+0	3.09919E-1	1.85543E-1
6.22725E+11	7.81847E-9	-8.77946E+0	-2.63106E-1	2.51448E-1
6.22900E+11	1.01709E-8	-9.05564E+0	-2.21102E-1	-2.74598E-1
6.23075E+11	7.16663E-9	-9.38554E+0	2.75112E-1	-1.98776E-1
6.23250E+11	6.76906E-9	-1.03401E+1	1.37481E-1	2.71233E-1
6.23425E+11	4.33336E-9	-1.07027E+1	-2.91434E-1	-1.12568E-2
6.23600E+11	3.73243E-9	-1.13032E+1	1.26829E-1	-2.40814E-1
6.23775E+11	4.52467E-9	-1.12830E+1	2.10351E-1	1.73709E-1
6.23950E+11	6.57811E-9	-9.92781E+0	-2.27713E-1	2.23210E-1
6.24125E+11	9.11168E-9	-8.03154E+0	-2.19913E-1	-3.30122E-1
6.24300E+11	6.72970E-9	-7.47664E+0	4.04379E-1	-1.23550E-1
6.24475E+11	5.56533E-9	-7.45193E+0	2.00253E-2	4.23564E-1
6.24650E+11	6.45713E-9	-7.60850E+0	-4.05615E-1	-9.44262E-2
6.24825E+11	1.07039E-8	-7.32357E+0	1.71812E-1	-3.94565E-1
6.25000E+11	1.12399E-8	-7.38087E+0	3.67517E-1	2.18415E-1
6.25175E+11	6.45434E-9	-8.09413E+0	-2.04433E-1	3.36598E-1
6.25350E+11	6.40065E-9	-8.24110E+0	-3.41311E-1	-1.82859E-1
6.25525E+11	9.83576E-9	-7.57137E+0	2.34949E-1	-3.46018E-1
6.25700E+11	5.60367E-9	-8.11456E+0	2.21016E-1	3.24831E-1
6.25875E+11	4.89798E-9	-9.52006E+0	-3.16626E-1	1.06923E-1
6.26050E+11	3.02886E-9	-1.04657E+1	-5.77312E-2	-2.94108E-1
6.26225E+11	3.54473E-9	-1.08625E+1	2.83773E-1	-3.82217E-2
6.26400E+11	4.46199E-9	-1.10729E+1	2.40013E-2	2.78449E-1
6.26575E+11	4.72584E-9	-1.13457E+1	-2.70830E-1	-2.45666E-3
6.26750E+11	6.15325E-9	-1.11193E+1	3.79388E-2	-2.75394E-1
6.26925E+11	8.66505E-9	-9.60314E+0	2.72986E-1	1.87209E-1
6.27100E+11	1.49178E-8	-8.96310E+0	-3.45331E-1	8.78277E-2
6.27275E+11	1.42796E-8	-8.83706E+0	1.46814E-1	-3.30380E-1
6.27450E+11	1.50635E-8	-8.62354E+0	1.80159E-1	3.23783E-1
6.27625E+11	1.08347E-8	-8.68753E+0	-3.66817E-1	-2.70135E-2
6.27800E+11	1.40984E-8	-8.85854E+0	1.77150E-1	-3.14131E-1
6.27975E+11	1.47096E-8	-9.48014E+0	2.25605E-1	2.48633E-1
6.28150E+11	6.28758E-9	-9.76188E+0	-2.85106E-1	1.56046E-1
6.28325E+11	1.24774E-8	-9.12963E+0	-4.60161E-2	-3.46515E-1
6.28500E+11	1.17997E-8	-9.00679E+0	3.43680E-1	8.70634E-2
6.28675E+11	6.50836E-9	-9.37373E+0	-1.27822E-1	3.14918E-1
6.28850E+11	5.85289E-9	-9.27954E+0	-3.07705E-1	-1.52846E-1
6.29025E+11	6.93783E-9	-8.75115E+0	2.27808E-1	-2.85342E-1
6.29200E+11	5.05076E-9	-8.66730E+0	2.19304E-1	2.96347E-1
6.29375E+11	4.82475E-9	-8.88264E+0	-3.35329E-1	1.29982E-1
6.29550E+11	7.36944E-9	-9.01715E+0	8.62141E-3	-3.54009E-1
6.29725E+11	4.71860E-9	-8.51424E+0	3.62373E-1	9.73509E-2
6.29900E+11	7.76653E-9	-7.27954E+0	-2.28897E-1	3.67007E-1
6.30075E+11	7.31308E-9	-6.83560E+0	-2.90444E-1	-3.50523E-1
6.30250E+11	6.96720E-9	-7.04333E+0	3.89956E-1	-2.13260E-1
6.30425E+11	4.67913E-9	-7.51439E+0	3.39383E-2	4.19628E-1
6.30600E+11	5.43153E-9	-7.98346E+0	-3.80874E-1	-1.18444E-1
6.30775E+11	4.34466E-9	-8.50939E+0	2.32424E-1	-2.94835E-1
6.30950E+11	3.97874E-9	-9.06540E+0	2.01221E-1	2.89000E-1
6.31125E+11	5.68307E-9	-9.44648E+0	-3.21331E-1	1.01685E-1
6.31300E+11	7.93504E-9	-9.32568E+0	-3.25983E-2	-3.40197E-1
6.31475E+11	8.06935E-9	-9.34789E+0	3.35818E-1	5.85434E-2
6.31650E+11	8.83098E-9	-9.37226E+0	-1.78336E-1	2.89391E-1
6.31825E+11	5.68739E-9	-9.84623E+0	-1.78717E-1	-2.67702E-1
6.32000E+11	9.61119E-9	-1.05819E+1	2.90100E-1	-5.74560E-2
6.32175E+11	5.94276E-9	-1.12541E+1	-9.81114E-3	2.73537E-1
6.32350E+11	6.62100E-9	-1.15785E+1	-2.62497E-1	-2.49515E-2
6.32525E+11	3.51030E-9	-1.18749E+1	-1.24448E-2	-2.54529E-1
6.32700E+11	4.29206E-9	-1.05561E+1	2.96533E-1	7.08162E-3
6.32875E+11	8.52936E-9	-9.70419E+0	-1.08806E-1	3.08561E-1
6.33050E+11	7.99490E-9	-9.73813E+0	-2.72691E-1	-1.78480E-1
6.33225E+11	5.63557E-9	-9.79287E+0	2.38299E-1	-2.19314E-1
6.33400E+11	4.34731E-9	-9.97212E+0	1.72448E-1	2.66281E-1
6.33575E+11	4.38838E-9	-9.98288E+0	-2.82234E-1	1.44011E-1
6.33750E+11	5.41640E-9	-9.97387E+0	-8.80913E-2	-3.04702E-1
6.33925E+11	5.36590E-9	-1.00964E+1	3.12582E-1	-9.92169E-3
6.34100E+11	4.81605E-9	-9.45784E+0	-6.04721E-2	3.31118E-1
6.34275E+11	5.97070E-9	-8.25634E+0	-3.45571E-1	-1.73164E-1
6.34450E+11	8.10080E-9	-7.97365E+0	2.73038E-1	-2.91384E-1
6.34625E+11	4.14820E-9	-8.23275E+0	2.38371E-1	3.05611E-1
6.34800E+11	4.97328E-9	-8.58103E+0	-2.83696E-1	2.41163E-1
6.34975E+11	3.28280E-9	-9.68659E+0	-2.17958E-1	-2.44904E-1
6.35150E+11	3.97788E-9	-1.00958E+1	2.48573E-1	-1.89816E-1
6.35325E+11	4.80034E-9	-1.02537E+1	1.74393E-1	2.52808E-1
6.35500E+11	3.32577E-9	-9.59708E+0	-2.79830E-1	1.77247E-1
6.35675E+11	5.86549E-9	-8.51248E+0	-1.30870E-1	-3.51741E-1
6.35850E+11	7.59860E-9	-8.49095E+0	3.73775E-1	-4.29051E-2
6.36025E+11	5.75660E-9	-9.08508E+0	-2.72611E-2	3.50296E-1
6.36200E+11	3.05975E-9	-9.40252E+0	-3.29445E-1	-7.88330E-2
6.36375E+11	4.81873E-9	-9.27453E+0	1.47652E-1	-3.10451E-1
6.36550E+11	6.95126E-9	-9.42014E+0	2.41705E-1	2.36353E-1
6.36725E+11	9.37672E-9	-9.82275E+0	-2.96371E-1	1.27788E-1
6.36900E+11	7.41499E-9	-1.01881E+1	-7.90052E-3	-3.09353E-1
6.37075E+11	1.11205E-8	-9.83003E+0	3.08484E-1	9.39623E-2
6.37250E+11	1.18995E-8	-9.31454E+0	-2.33347E-1	2.50292E-1
6.37425E+11	9.65532E-9	-9.79639E+0	-1.21493E-1	-3.00066E-1
6.37600E+11	1.04815E-8	-1.07313E+1	2.90691E-1	-1.15977E-3
6.37775E+11	6.23785E-9	-1.15435E+1	-9.91907E-2	2.45458E-1
6.37950E+11	7.96123E-9	-1.19796E+1	-1.65777E-1	-1.89500E-1
6.38125E+11	5.40847E-9	-1.23887E+1	2.33065E-1	-5.80974E-2
6.38300E+11	4.03926E-9	-1.24225E+1	-6.24409E-2	2.30971E-1
6.38475E+11	4.38369E-9	-1.14923E+1	-1.98873E-1	-1.77114E-1
6.38650E+11	4.42341E-9	-1.09272E+1	2.62953E-1	-1.07846E-1
6.38825E+11	5.44659E-9	-1.06407E+1	1.27117E-2	2.93467E-1
6.39000E+11	3.86762E-9	-1.00463E+1	-3.09458E-1	-5.63478E-2
6.39175E+11	4.11907E-9	-9.58471E+0	1.51785E-1	-2.94950E-1
6.39350E+11	3.88633E-9	-9.17144E+0	2.55009E-1	2.36623E-1
6.39525E+11	4.21714E-9	-9.11596E+0	-3.07587E-1	1.67229E-1
6.39700E+11	4.23768E-9	-9.78125E+0	-6.04270E-2	-3.18613E-1
6.39875E+11	3.95823E-9	-9.27633E+0	3.43696E-1	2.23958E-3
6.40050E+11	8.42309E-9	-8.06031E+0	-8.00814E-2	3.87157E-1
6.40225E+11	6.08530E-9	-8.24864E+0	-3.36276E-1	-1.91283E-1
6.40400E+11	5.33048E-9	-8.67916E+0	2.62412E-1	-2.58235E-1
6.40575E+11	6.22713E-9	-8.99269E+0	1.67400E-1	3.13180E-1
6.40750E+11	4.01140E-9	-9.73874E+0	-3.25524E-1	1.53174E-2
6.40925E+11	5.80864E-9	-1.03977E+1	1.09649E-1	-2.81470E-1
6.41100E+11	5.23864E-9	-1.12218E+1	2.09336E-1	1.77921E-1
6.41275E+11	4.09367E-9	-1.13683E+1	-2.09392E-1	1.70674E-1
6.41450E+11	5.14716E-9	-1.06369E+1	-2.01580E-1	-2.13835E-1
6.41625E+11	5.81078E-9	-9.90476E+0	2.10522E-1	-2.40619E-1
6.41800E+11	8.22805E-9	-9.14137E+0	2.17095E-1	2.73368E-1
6.41975E+11	9.22263E-9	-9.28946E+0	-3.23182E-1	1.15449E-1
6.42150E+11	5.44953E-9	-1.03211E+1	-2.02909E-2	-3.04074E-1
6.42325E+11	4.27191E-9	-1.13513E+1	2.69363E-1	2.65381E-2
6.42500E+11	3.91403E-9	-1.18092E+1	-7.30030E-2	2.46172E-1
6.42675E+11	3.66204E-9	-1.16355E+1	-2.31869E-1	-1.21889E-1
6.42850E+11	5.68605E-9	-1.08176E+1	1.73334E-1	-2.29774E-1
6.43025E+11	4.50142E-9	-1.06567E+1	1.97564E-1	2.16646E-1
6.43200E+11	3.84662E-9	-1.09659E+1	-2.19872E-1	1.78090E-1
6.43375E+11	2.86141E-9	-1.15456E+1	-1.56724E-1	-2.13291E-1
6.43550E+11	2.74128E-9	-1.19049E+1	2.23429E-1	-1.20716E-1
6.43725E+11	3.64233E-9	-1.23268E+1	9.53977E-2	2.22309E-1
6.43900E+11	2.04445E-9	-1.26491E+1	-2.25368E-1	5.95425E-2
6.44075E+11	2.85324E-9	-1.26875E+1	-3.93054E-2	-2.28720E-1
6.44250E+11	2.25201E-9	-1.19288E+1	2.52903E-1	-1.33750E-2
6.44425E+11	4.17223E-9	-9.95308E+0	-7.33124E-2	3.09373E-1
6.44600E+11	5.07873E-9	-9.32075E+0	-2.57475E-1	-2.25025E-1
6.44775E+11	3.24699E-9	-9.47700E+0	3.05311E-1	-1.39940E-1
6.44950E+11	5.01207E-9	-9.56480E+0	-2.31927E-2	3.31666E-1
6.45125E+11	4.67851E-9	-9.71743E+0	-2.90199E-1	-1.50025E-1
6.45300E+11	3.21640E-9	-9.81746E+0	2.09223E-1	-2.46005E-1
6.45475E+11	2.56499E-9	-9.86756E+0	1.87794E-1	2.60442E-1
6.45650E+11	4.74333E-9	-9.09546E+0	-3.16879E-1	1.50809E-1
6.45825E+11	5.11826E-9	-8.48106E+0	-9.47331E-2	-3.64550E-1
6.46000E+11	6.24830E-9	-8.59766E+0	3.71631E-1	1.77069E-3
6.46175E+11	5.33056E-9	-8.85694E+0	-8.56828E-2	3.50381E-1
6.46350E+11	5.44680E-9	-9.07118E+0	-2.98045E-1	-1.87124E-1
6.46525E+11	4.63678E-9	-9.34726E+0	2.47562E-1	-2.34375E-1
6.46700E+11	3.83678E-9	-9.78831E+0	1.47908E-1	2.88303E-1
6.46875E+11	3.00719E-9	-1.05650E+1	-2.85213E-1	8.03394E-2
6.47050E+11	3.45980E-9	-1.06076E+1	-4.50008E-2	-2.91410E-1
6.47225E+11	7.64525E-9	-9.29170E+0	3.43020E-1	7.19539E-3
6.47400E+11	5.87289E-9	-8.86773E+0	-1.45444E-1	3.29593E-1
6.47575E+11	4.29945E-9	-9.34229E+0	-2.58215E-1	-2.22882E-1
6.47750E+11	4.42994E-9	-1.00600E+1	2.43568E-1	-1.98247E-1
6.47925E+11	4.71925E-9	-1.06743E+1	1.44400E-1	2.54497E-1
6.48100E+11	3.30434E-9	-1.11245E+1	-2.60520E-1	9.65296E-2
6.48275E+11	3.58627E-9	-1.13189E+1	-9.66203E-3	-2.71507E-1
6.48450E+11	2.28248E-9	-1.16263E+1	2.52752E-1	6.98760E-2
6.48625E+11	2.74891E-9	-1.13209E+1	-1.50321E-1	2.26228E-1
6.48800E+11	2.71075E-9	-1.11268E+1	-1.32318E-1	-2.44210E-1
6.48975E+11	3.12893E-9	-1.12088E+1	2.74369E-1	-2.06361E-2
6.49150E+11	2.95001E-9	-1.08151E+1	-8.55422E-2	2.74899E-1
6.49325E+11	3.33789E-9	-1.11135E+1	-1.98296E-1	-1.95095E-1
6.49500E+11	2.62245E-9	-1.21432E+1	2.14907E-1	-1.21920E-1
6.49675E+11	1.52144E-9	-1.33028E+1	6.83840E-2	2.05104E-1
6.49850E+11	2.43334E-9	-1.38845E+1	-1.96909E-1	4.59382E-2
6.50025E+11	1.42362E-9	-1.38382E+1	-2.86544E-2	-2.01248E-1
6.50200E+11	2.37249E-9	-1.32197E+1	2.17686E-1	-1.60842E-2
6.50375E+11	1.91321E-9	-1.34088E+1	5.70126E-3	2.13503E-1
6.50550E+11	1.70879E-9	-1.29134E+1	-2.25876E-1	1.04200E-2
6.50725E+11	2.42974E-9	-1.23281E+1	-1.80822E-3	-2.41870E-1
6.50900E+11	1.59026E-9	-1.25936E+1	2.28764E-1	5.19878E-2
6.51075E+11	1.55450E-9	-1.28852E+1	-7.36994E-2	2.14546E-1
6.51250E+11	1.92692E-9	-1.30608E+1	-1.93831E-1	-1.08863E-1
6.51425E+11	1.05762E-9	-1.30205E+1	1.21593E-1	-1.87345E-1
6.51600E+11	1.00478E-9	-1.24637E+1	1.74631E-1	1.61894E-1
6.51775E+11	1.84030E-9	-1.13390E+1	-2.31639E-1	1.40756E-1
6.51950E+11	9.98933E-10	-1.14515E+1	-5.13210E-2	-2.62596E-1
6.52125E+11	1.02766E-9	-1.20208E+1	2.50567E-1	-3.30925E-3
6.52300E+11	6.80892E-10	-1.24031E+1	-3.94186E-2	2.36536E-1
6.52475E+11	6.43076E-10	-1.35265E+1	-2.02225E-1	-5.91721E-2
6.52650E+11	5.43986E-10	-1.58126E+1	2.21913E-2	-1.60418E-1
6.52825E+11	5.06378E-10	-1.50077E+1	1.76386E-1	-2.13189E-2
6.53000E+11	6.56755E-10	-1.47663E+1	3.24062E-2	1.79780E-1
6.53175E+11	8.76456E-10	-1.49121E+1	-1.77932E-1	2.46916E-2
6.53350E+11	7.29037E-10	-1.49434E+1	-1.17197E-2	-1.78606E-1
6.53525E+11	1.03575E-9	-1.38261E+1	2.03512E-1	4.44839E-3
6.53700E+11	1.00387E-9	-1.35975E+1	-4.51618E-2	2.04051E-1
6.53875E+11	1.45198E-9	-1.32552E+1	-1.94951E-1	-9.61878E-2
6.54050E+11	1.28649E-9	-1.35854E+1	1.15843E-1	-1.74297E-1
6.54225E+11	1.04383E-9	-1.36189E+1	1.75004E-1	1.13293E-1
6.54400E+11	2.00749E-9	-1.25428E+1	-1.54241E-1	1.78585E-1
6.54575E+11	4.82008E-9	-1.02788E+1	-1.23512E-1	-2.80227E-1
6.54750E+11	2.26729E-9	-1.12373E+1	2.71319E-1	3.99461E-2
6.54925E+11	1.72776E-9	-1.18937E+1	-1.28826E-1	2.19232E-1
6.55100E+11	1.86163E-9	-1.23380E+1	-1.62662E-1	-1.78641E-1
6.55275E+11	3.16672E-9	-1.26117E+1	2.11512E-1	-1.00345E-1
6.55450E+11	1.95046E-9	-1.33248E+1	5.61218E-2	2.08225E-1
6.55625E+11	1.68317E-9	-1.30237E+1	-2.23238E-1	-3.31101E-3
6.55800E+11	1.29085E-9	-1.28505E+1	1.12252E-1	-1.98176E-1
6.55975E+11	1.89798E-9	-1.19929E+1	1.09047E-1	2.26513E-1
6.56150E+11	2.59981E-9	-1.17170E+1	-2.56989E-1	-3.60757E-2
6.56325E+11	2.32866E-9	-1.14391E+1	1.34947E-1	-2.31481E-1
6.56500E+11	2.67525E-9	-1.12602E+1	2.08476E-1	1.77064E-1
6.56675E+11	2.32124E-9	-1.11694E+1	-1.89003E-1	2.01673E-1
6.56850E+11	1.84875E-9	-1.11130E+1	-1.83210E-1	-2.09351E-1
6.57025E+11	2.03956E-9	-1.16033E+1	2.32351E-1	-1.23062E-1
6.57200E+11	1.65817E-9	-1.10898E+1	1.58781E-2	2.78488E-1
6.57375E+11	2.25666E-9	-9.98215E+0	-2.69682E-1	-1.66384E-1
6.57550E+11	1.68374E-9	-1.08171E+1	2.67716E-1	-1.05723E-1
6.57725E+11	2.05086E-9	-1.23392E+1	-2.22371E-2	2.40543E-1
6.57900E+11	2.04478E-9	-1.26404E+1	-2.12835E-1	-9.56405E-2
6.58075E+11	1.44487E-9	-1.30653E+1	1.37850E-1	-1.74264E-1
6.58250E+11	1.60314E-9	-1.41762E+1	9.46083E-2	1.71105E-1
6.58425E+11	9.68757E-10	-1.53528E+1	-1.70183E-1	1.38958E-2
6.58600E+11	1.19537E-9	-1.59696E+1	5.01934E-2	-1.50918E-1
6.58775E+11	8.78024E-10	-1.62220E+1	1.11513E-1	1.06921E-1
6.58950E+11	9.56425E-10	-1.66053E+1	-1.29592E-1	7.11121E-2
6.59125E+11	1.40388E-9	-1.62143E+1	-4.82903E-2	-1.46894E-1
6.59300E+11	1.00545E-9	-1.64795E+1	1.49304E-1	-1.41930E-2
6.59475E+11	1.08836E-9	-1.77714E+1	-3.07556E-2	1.25537E-1
6.59650E+11	6.20098E-10	-1.86606E+1	-1.06815E-1	-4.69368E-2
6.59825E+11	8.01593E-10	-1.90441E+1	7.38079E-2	-8.37523E-2
6.60000E+11	6.51170E-10	-1.81353E+1	7.23272E-2	1.00656E-1
6.60175E+11	4.85536E-10	-1.73731E+1	-1.22827E-1	5.67780E-2
6.60350E+11	3.80823E-10	-1.78614E+1	-3.95894E-2	-1.21637E-1
6.60525E+11	4.08687E-10	-1.75702E+1	1.26259E-1	-3.94538E-2
6.60700E+11	5.31459E-10	-1.74541E+1	3.51981E-3	1.34013E-1
6.60875E+11	4.12044E-10	-1.79158E+1	-1.18793E-1	-4.52474E-2
6.61050E+11	3.61637E-10	-1.76489E+1	7.59117E-2	-1.06868E-1
6.61225E+11	3.86472E-10	-1.77490E+1	6.93444E-2	1.09469E-1
6.61400E+11	3.01780E-10	-1.87944E+1	-1.08604E-1	3.74796E-2
6.61575E+11	2.95610E-10	-1.79927E+1	-4.40745E-2	-1.18039E-1
6.61750E+11	3.83894E-10	-1.60961E+1	1.54398E-1	-2.70255E-2
6.61925E+11	8.26590E-10	-1.41855E+1	-6.74913E-2	1.83279E-1
6.62100E+11	6.12447E-10	-1.45177E+1	-9.93164E-2	-1.59603E-1
6.62275E+11	5.85376E-10	-1.53199E+1	1.69889E-1	-2.26950E-2
6.62450E+11	4.98871E-10	-1.55001E+1	-4.33376E-2	1.62188E-1
6.62625E+11	3.97920E-10	-1.60749E+1	-1.34862E-1	-8.06312E-2
6.62800E+11	5.35583E-10	-1.68229E+1	1.04377E-1	-9.94408E-2
6.62975E+11	3.75923E-10	-1.74463E+1	7.32827E-2	1.12400E-1
6.63150E+11	5.27934E-10	-1.70036E+1	-1.36675E-1	3.54432E-2
6.63325E+11	6.92952E-10	-1.56162E+1	2.81009E-2	-1.63249E-1
6.63500E+11	1.06734E-9	-1.54949E+1	1.46628E-1	8.19560E-2
6.63675E+11	7.74751E-10	-1.61696E+1	-9.50079E-2	1.23006E-1
6.63850E+11	6.85331E-10	-1.55365E+1	-1.42629E-1	-8.72082E-2
6.64025E+11	1.35215E-9	-1.48741E+1	1.02267E-1	-1.48643E-1
6.64200E+11	1.43723E-9	-1.48124E+1	1.15908E-1	1.39942E-1
6.64375E+11	1.38945E-9	-1.47655E+1	-1.67983E-1	7.18227E-2
6.64550E+11	1.57620E-9	-1.34731E+1	4.16800E-3	-2.11963E-1
6.64725E+11	2.49473E-9	-1.21960E+1	2.18308E-1	1.12486E-1
6.64900E+11	1.53908E-9	-1.29156E+1	-1.33990E-1	1.82070E-1
6.65075E+11	1.23471E-9	-1.32378E+1	-1.71194E-1	-1.34687E-1
6.65250E+11	1.11441E-9	-1.37099E+1	1.47731E-1	-1.44001E-1
6.65425E+11	1.04269E-9	-1.39171E+1	7.42364E-2	1.87262E-1
6.65600E+11	7.58795E-10	-1.41266E+1	-1.90259E-1	-4.96869E-2
6.65775E+11	6.93763E-10	-1.44636E+1	1.63451E-1	-9.52037E-2
6.65950E+11	6.39790E-10	-1.41037E+1	3.57877E-3	1.97126E-1
6.66125E+11	1.11474E-9	-1.33983E+1	-2.01972E-1	-7.02444E-2
6.66300E+11	1.21435E-9	-1.27370E+1	7.66544E-2	-2.17651E-1
6.66475E+11	1.35995E-9	-1.15819E+1	2.46694E-1	9.28068E-2
6.66650E+11	1.91196E-9	-1.11173E+1	-1.75199E-1	2.15920E-1
6.66825E+11	1.97979E-9	-1.10178E+1	-8.81211E-2	-2.67101E-1
6.67000E+11	2.55977E-9	-1.14558E+1	2.43968E-1	1.09536E-1
6.67175E+11	1.06788E-9	-1.22396E+1	-1.97367E-1	1.44067E-1
6.67350E+11	2.05055E-9	-1.22883E+1	-9.29175E-2	-2.24521E-1
6.67525E+11	3.07912E-9	-1.13671E+1	2.50635E-1	-1.00875E-1
6.67700E+11	2.04041E-9	-1.18092E+1	1.23939E-1	2.24874E-1
6.67875E+11	2.37079E-9	-1.21495E+1	-2.12273E-1	1.26096E-1
6.68050E+11	2.03963E-9	-1.24503E+1	-4.44104E-2	-2.34328E-1
6.68225E+11	1.56951E-9	-1.31441E+1	2.02631E-1	8.61594E-2
6.68400E+11	1.28556E-9	-1.36423E+1	-1.83735E-1	9.73115E-2
6.68575E+11	1.13162E-9	-1.53283E+1	-1.77746E-2	-1.70307E-1
6.68750E+11	9.83589E-10	-1.67523E+1	1.43329E-1	-2.40922E-2
6.68925E+11	3.72496E-10	-1.68727E+1	3.40422E-2	1.39239E-1
6.69100E+11	8.40618E-10	-1.52156E+1	-1.73064E-1	-1.18311E-2
6.69275E+11	1.05052E-9	-1.52313E+1	1.32258E-1	-1.11759E-1
6.69450E+11	5.47279E-10	-1.66165E+1	-9.65354E-3	1.47313E-1
6.69625E+11	5.06179E-10	-1.72042E+1	-1.00999E-1	-9.39958E-2
6.69800E+11	3.98354E-10	-1.81296E+1	1.01865E-1	-7.07564E-2
6.69975E+11	2.23170E-10	-1.97370E+1	7.47535E-2	7.09663E-2
6.70150E+11	1.36712E-10	-2.13790E+1	-3.58328E-2	7.74301E-2
6.70325E+11	9.90744E-11	-2.20439E+1	-7.77031E-2	-1.44331E-2
6.70500E+11	1.50520E-10	-2.00226E+1	5.71086E-2	-8.17723E-2
6.70675E+11	1.72934E-10	-1.97631E+1	1.79020E-2	1.01194E-1
6.70850E+11	1.71868E-10	-2.02489E+1	-8.08143E-2	-5.39624E-2
6.71025E+11	1.28100E-10	-2.11831E+1	6.33860E-2	-5.99797E-2
6.71200E+11	1.10543E-10	-2.21246E+1	6.02280E-2	5.00376E-2
6.71375E+11	1.26567E-10	-2.18103E+1	-3.25157E-2	7.43907E-2
6.71550E+11	1.50391E-10	-2.15241E+1	-7.85874E-2	-2.93982E-2
6.71725E+11	1.79436E-10	-2.03297E+1	6.42167E-2	-7.17302E-2
6.71900E+11	2.03703E-10	-1.80303E+1	1.95225E-2	1.23926E-1
6.72075E+11	2.48870E-10	-1.79718E+1	-8.53901E-2	-9.30623E-2
6.72250E+11	2.89370E-10	-1.81975E+1	1.16646E-1	-3.92203E-2
6.72425E+11	1.77602E-10	-2.00360E+1	2.52346E-2	9.63367E-2
6.72600E+11	1.67177E-10	-1.97838E+1	-9.79773E-2	3.01818E-2
6.72775E+11	2.19868E-10	-1.89546E+1	-1.95647E-2	-1.11080E-1
6.72950E+11	2.38221E-10	-1.86200E+1	1.05653E-1	5.07716E-2
6.73125E+11	1.97216E-10	-1.90203E+1	-1.02724E-1	4.44789E-2
6.73300E+11	2.54975E-10	-1.80011E+1	4.11775E-2	-1.18951E-1
6.73475E+11	3.72795E-10	-1.66873E+1	1.01442E-1	1.05601E-1
6.73650E+11	3.69440E-10	-1.67302E+1	-1.10767E-1	9.46682E-2
6.73825E+11	4.11957E-10	-1.59953E+1	-9.67688E-2	-1.25626E-1
6.74000E+11	5.18630E-10	-1.53628E+1	1.50914E-1	-7.94595E-2
6.74175E+11	4.21164E-10	-1.46920E+1	-4.65395E-3	1.84188E-1
6.74350E+11	6.41825E-10	-1.41192E+1	-1.44307E-1	-1.33823E-1
6.74525E+11	5.57985E-10	-1.41252E+1	1.93029E-1	-3.76770E-2
6.74700E+11	6.28850E-10	-1.28046E+1	-4.12239E-2	2.25224E-1
6.74875E+11	1.08561E-9	-1.20904E+1	-2.24880E-1	-1.05950E-1
6.75050E+11	5.99452E-10	-1.22425E+1	1.54405E-1	-1.89285E-1
6.75225E+11	9.53865E-10	-1.29690E+1	8.26958E-2	2.08901E-1
6.75400E+11	5.46279E-10	-1.32944E+1	-2.08619E-1	-5.75524E-2
6.75575E+11	9.65907E-10	-1.31818E+1	1.75114E-1	-1.31904E-1
6.75750E+11	9.60691E-10	-1.30702E+1	6.70494E-3	2.21969E-1
6.75925E+11	7.82906E-10	-1.40599E+1	-1.89237E-1	-5.87734E-2
6.76100E+11	8.71382E-10	-1.38510E+1	5.98790E-2	-1.93946E-1
6.76275E+11	1.22262E-9	-1.31459E+1	2.11053E-1	6.26121E-2
6.76450E+11	1.59370E-9	-1.12891E+1	-1.70664E-1	2.12580E-1
6.76625E+11	2.42989E-9	-1.07904E+1	-6.33029E-2	-2.81698E-1
6.76800E+11	2.43832E-9	-1.12150E+1	2.58710E-1	9.30851E-2
6.76975E+11	1.88056E-9	-1.16723E+1	-1.59008E-1	2.06778E-1
6.77150E+11	1.75561E-9	-1.19435E+1	-1.74553E-1	-1.82901E-1
6.77325E+11	1.58233E-9	-1.18174E+1	2.01139E-1	-1.59209E-1
6.77500E+11	1.71576E-9	-1.17425E+1	1.54571E-1	2.07505E-1
6.77675E+11	9.92547E-10	-1.21549E+1	-2.35350E-1	7.41275E-2
6.77850E+11	1.24432E-9	-1.16184E+1	2.66643E-2	-2.61112E-1
6.78025E+11	1.29890E-9	-1.18449E+1	2.15190E-1	1.38140E-1
6.78200E+11	6.24207E-10	-1.28056E+1	-1.79430E-1	1.42191E-1
6.78375E+11	7.19156E-10	-1.30377E+1	-9.65190E-2	-2.00921E-1
6.78550E+11	4.01929E-10	-1.36689E+1	1.92150E-1	-7.77350E-2
6.78725E+11	4.37443E-10	-1.50826E+1	4.76287E-3	1.76080E-1
6.78900E+11	3.31274E-10	-1.52949E+1	-1.64320E-1	-5.04531E-2
6.79075E+11	4.11195E-10	-1.42436E+1	1.37138E-1	-1.37230E-1
6.79250E+11	5.09792E-10	-1.26293E+1	-1.86487E-3	2.33626E-1
6.79425E+11	4.36967E-10	-1.31937E+1	-2.06216E-1	-7.35342E-2
6.79600E+11	3.64075E-10	-1.55271E+1	7.75554E-2	-1.48302E-1
6.79775E+11	2.38679E-10	-1.68835E+1	1.30774E-1	5.82535E-2
6.79950E+11	1.80668E-10	-1.58097E+1	-1.07911E-1	1.20827E-1
6.80125E+11	1.55645E-10	-1.65765E+1	-5.12592E-2	-1.39171E-1
6.80300E+11	1.42408E-10	-1.59596E+1	1.52107E-1	4.70882E-2
6.80475E+11	1.10459E-10	-1.73167E+1	-9.04902E-2	1.01789E-1
6.80650E+11	1.70705E-10	-1.67204E+1	-1.04173E-1	-1.02115E-1
6.80825E+11	1.65749E-10	-1.59921E+1	6.35538E-2	-1.45347E-1
6.81000E+11	2.28264E-10	-1.57473E+1	1.56587E-1	4.58736E-2
6.81175E+11	1.96145E-10	-1.67089E+1	-2.74606E-2	1.43464E-1
6.81350E+11	2.16959E-10	-1.56657E+1	-1.21906E-1	-1.10760E-1
6.81525E+11	1.29881E-10	-1.75661E+1	1.31078E-1	-1.82464E-2
6.81700E+11	2.18731E-10	-1.74064E+1	-3.76788E-2	1.29424E-1
6.81875E+11	1.28504E-10	-1.78755E+1	-1.26975E-1	-1.36848E-2
6.82050E+11	2.20038E-10	-1.58870E+1	-5.19101E-2	-1.51943E-1
6.82225E+11	2.47391E-10	-1.59222E+1	1.44562E-1	-6.83702E-2
6.82400E+11	3.19441E-10	-1.55851E+1	8.35212E-2	1.43741E-1
6.82575E+11	2.42224E-10	-1.57489E+1	-1.58196E-1	3.98500E-2
6.82750E+11	2.29728E-10	-1.63094E+1	3.20091E-2	-1.49557E-1
6.82925E+11	2.98728E-10	-1.55519E+1	1.02835E-1	1.31431E-1
6.83100E+11	2.24600E-10	-1.52300E+1	-1.56603E-1	7.39398E-2
6.83275E+11	2.99324E-10	-1.58831E+1	-8.31435E-2	-1.37445E-1
6.83450E+11	1.71801E-10	-1.56501E+1	1.01292E-1	-1.30256E-1
6.83625E+11	2.53911E-10	-1.52922E+1	1.69208E-1	3.05554E-2
6.83800E+11	2.60859E-10	-1.39482E+1	-2.26698E-2	1.99436E-1
6.83975E+11	6.77253E-10	-1.23395E+1	-2.05015E-1	-1.27751E-1
6.84150E+11	4.23717E-10	-1.27200E+1	2.06885E-1	-1.03225E-1
6.84325E+11	5.08941E-10	-1.24556E+1	3.61282E-2	2.35597E-1
6.84500E+11	3.96586E-10	-1.23670E+1	-2.39796E-1	-2.19349E-2
6.84675E+11	8.39939E-10	-1.15609E+1	1.83956E-2	-2.63574E-1
6.84850E+11	9.86715E-10	-1.07685E+1	2.83462E-1	5.85731E-2
6.85025E+11	1.08251E-9	-9.75676E+0	-1.78901E-1	2.71579E-1
6.85200E+11	1.05674E-9	-9.38808E+0	-1.52816E-1	-3.02949E-1
6.85375E+11	1.36031E-9	-9.22866E+0	3.42705E-1	4.45961E-2
6.85550E+11	1.60864E-9	-1.00907E+1	-1.97097E-1	2.43077E-1
6.85725E+11	4.13599E-10	-1.18636E+1	-1.46394E-1	-2.08992E-1
6.85900E+11	5.64847E-10	-1.29888E+1	1.82013E-1	-1.30842E-1
6.86075E+11	3.84577E-10	-1.43173E+1	1.16941E-1	1.52744E-1
6.86250E+11	4.85243E-10	-1.33106E+1	-1.77410E-1	1.23230E-1
6.86425E+11	6.12970E-10	-1.09820E+1	-8.40889E-2	-2.69614E-1
6.86600E+11	7.19374E-10	-8.80279E+0	3.22555E-1	1.66432E-1
6.86775E+11	9.72627E-10	-9.09771E+0	-3.02600E-1	1.77553E-1
6.86950E+11	5.63724E-10	-1.04354E+1	-1.08949E-1	-2.80340E-1
6.87125E+11	5.15005E-10	-9.92941E+0	2.88257E-1	-1.36186E-1
6.87300E+11	4.01418E-10	-9.27262E+0	1.79847E-1	2.93066E-1
6.87475E+11	4.55507E-10	-6.74665E+0	-4.45517E-1	1.14134E-1
6.87650E+11	5.60550E-10	-6.30922E+0	8.51732E-2	-4.76100E-1
6.87825E+11	3.43030E-10	-6.62231E+0	3.70766E-1	2.83175E-1
6.88000E+11	2.23863E-10	-6.77521E+0	-4.27713E-1	1.64885E-1
6.88175E+11	3.64465E-10	-8.09884E+0	3.57493E-2	-3.91976E-1
6.88350E+11	8.13160E-11	-1.09013E+1	2.59547E-1	1.17877E-1
6.88525E+11	1.27273E-10	-1.13215E+1	-1.32154E-1	2.37277E-1
6.88700E+11	9.46963E-11	-1.19132E+1	-1.88433E-1	-1.69888E-1
6.88875E+11	8.23811E-11	-1.23338E+1	1.94751E-1	-1.43179E-1
6.89050E+11	3.77588E-11	-1.31137E+1	7.08322E-2	2.09299E-1
6.89225E+11	4.40878E-11	-1.35555E+1	-2.07245E-1	3.39135E-2
6.89400E+11	5.87362E-11	-1.24886E+1	3.82036E-2	-2.34355E-1
6.89575E+11	6.68739E-11	-1.19011E+1	2.05819E-1	1.48957E-1
6.89750E+11	3.81506E-11	-1.40286E+1	-1.72124E-1	9.96136E-2
6.89925E+11	4.88076E-11	-1.60749E+1	1.44006E-2	-1.56468E-1
6.90100E+11	2.34173E-11	-1.89532E+1	8.21821E-2	7.72773E-2
6.90275E+11	3.86535E-11	-1.74029E+1	-1.08285E-1	8.03701E-2
6.90450E+11	2.54646E-11	-1.79331E+1	-2.47509E-2	-1.24428E-1
6.90625E+11	2.01484E-11	-1.73607E+1	1.34254E-1	1.83988E-2
6.90800E+11	1.46970E-11	-1.94106E+1	-5.58343E-2	9.13017E-2
6.90975E+11	1.43332E-11	-2.19443E+1	-5.89449E-2	-5.40053E-2
6.91150E+11	1.96497E-11	-2.09901E+1	7.39489E-2	-4.99293E-2
6.91325E+11	8.86251E-12	-2.36447E+1	1.45958E-3	6.57140E-2
6.91500E+11	2.11836E-11	-2.04247E+1	-8.41294E-2	-4.46169E-2
6.91675E+11	3.59464E-12	-2.56127E+1	5.05235E-2	-1.39127E-2
6.91850E+11	1.49241E-11	-1.99893E+1	4.94885E-2	8.70382E-2
6.92025E+11	1.82214E-11	-1.90963E+1	-9.51165E-2	5.71503E-2
6.92200E+11	3.71433E-12	-2.50710E+1	-5.31876E-3	-5.55219E-2
6.92375E+11	9.42321E-12	-2.21311E+1	1.42863E-2	7.69272E-2
6.92550E+11	1.58996E-11	-2.03390E+1	-9.61111E-2	-3.42786E-3
6.92725E+11	5.36267E-12	-2.76070E+1	3.90430E-2	-1.45135E-2
6.92900E+11	1.41298E-11	-2.43013E+1	8.07035E-3	6.04076E-2
6.93075E+11	7.95791E-12	-2.66642E+1	-4.44735E-2	1.33323E-2
6.93250E+11	7.09262E-12	-2.64284E+1	-1.79043E-2	-4.42197E-2
6.93425E+11	1.28492E-11	-2.51793E+1	5.46729E-2	-6.72968E-3
6.93600E+11	1.69954E-11	-2.44283E+1	-2.13492E-2	5.61372E-2
6.93775E+11	3.67120E-11	-2.31484E+1	-3.10616E-2	-6.22792E-2
6.93950E+11	4.96523E-11	-2.09789E+1	7.47067E-2	4.89993E-2
6.94125E+11	4.14323E-11	-2.02491E+1	-9.36125E-2	2.60631E-2
6.94300E+11	4.52430E-11	-2.06594E+1	2.19605E-2	-9.00503E-2
6.94475E+11	4.20413E-11	-2.11471E+1	8.76198E-2	1.23599E-3
6.94650E+11	5.67469E-11	-2.00483E+1	1.73323E-2	9.79229E-2
6.94825E+11	5.25115E-11	-2.10478E+1	-8.85039E-2	-4.83118E-3
6.95000E+11	5.63430E-11	-1.95564E+1	6.75168E-2	-8.07280E-2
6.95175E+11	2.12267E-11	-1.99372E+1	-2.43305E-2	9.77434E-2
6.95350E+11	5.02566E-11	-1.83141E+1	-6.89215E-2	-9.99652E-2
6.95525E+11	4.58353E-11	-1.94137E+1	1.06635E-1	-8.62955E-3
6.95700E+11	4.98935E-11	-1.88588E+1	-2.68935E-2	1.10825E-1
6.95875E+11	2.21092E-11	-1.93509E+1	-9.90357E-2	-4.24730E-2
6.96050E+11	5.02995E-11	-1.68094E+1	9.91242E-2	-1.04987E-1
6.96225E+11	3.95214E-11	-1.68462E+1	-3.57893E-2	1.39252E-1
6.96400E+11	4.57472E-11	-1.70975E+1	-7.97297E-2	-1.14687E-1
6.96575E+11	4.67016E-11	-1.76828E+1	1.30088E-1	-1.12535E-2
6.96750E+11	1.87057E-11	-1.87100E+1	-2.88243E-2	1.12374E-1
6.96925E+11	3.15579E-11	-1.77305E+1	-7.05337E-2	-1.09035E-1
6.97100E+11	2.07912E-11	-1.98727E+1	9.01382E-2	-4.66116E-2
6.97275E+11	1.32850E-11	-2.06159E+1	-2.51404E-2	8.96977E-2
6.97450E+11	7.96827E-12	-2.42288E+1	-3.61843E-2	-4.96733E-2
6.97625E+11	4.20479E-12	-2.46229E+1	5.63601E-2	-1.65127E-2
6.97800E+11	6.79623E-12	-2.08880E+1	4.88272E-2	7.59385E-2
6.97975E+11	5.75276E-12	-2.25445E+1	-7.45784E-2	2.03521E-3
6.98150E+11	3.51550E-12	-2.50270E+1	-1.67020E-2	-5.35137E-2
6.98325E+11	1.91115E-12	-2.84807E+1	3.72446E-2	-5.62883E-3
6.98500E+11	4.06149E-12	-2.54217E+1	1.07688E-2	5.24758E-2
6.98675E+11	1.04595E-12	-3.01561E+1	-2.87261E-2	-1.18113E-2
6.98850E+11	2.89620E-12	-2.47904E+1	5.12810E-2	-2.62473E-2
6.99025E+11	1.77528E-12	-2.48715E+1	-1.28794E-2	5.56000E-2
6.99200E+11	4.44719E-12	-2.24953E+1	-7.43092E-2	1.03779E-2
6.99375E+11	3.18947E-12	-2.61546E+1	-4.03926E-2	-2.81507E-2
6.99550E+11	1.42949E-12	-2.99009E+1	-1.63258E-2	-2.75053E-2
6.99725E+11	1.00797E-12	-3.16074E+1	1.92544E-2	1.78863E-2
6.99900E+11	4.39320E-12	-2.61718E+1	-4.17835E-2	2.58576E-2
7.00075E+11	1.62590E-13	-4.05623E+1	3.99060E-3	-8.48121E-3
7.00250E+11	6.41287E-13	-3.50322E+1	1.15708E-2	-1.34168E-2
7.00425E+11	4.94950E-13	-3.49245E+1	-6.93143E-3	1.65447E-2
7.00600E+11	1.37205E-12	-2.83129E+1	-3.54110E-2	-1.48586E-2
7.00775E+11	1.27258E-12	-2.97730E+1	-3.07948E-2	1.02631E-2
7.00950E+11	2.38548E-12	-2.77965E+1	3.62709E-2	-1.85835E-2
7.01125E+11	4.00807E-12	-2.65672E+1	3.07716E-3	4.68493E-2
7.01300E+11	1.01040E-12	-3.35003E+1	-2.11043E-2	1.12171E-3
7.01475E+11	1.11352E-12	-3.40894E+1	4.00823E-4	-1.97443E-2
7.01650E+11	8.03254E-12	-2.51980E+1	5.04173E-2	2.18956E-2
7.01825E+11	4.95882E-12	-2.94662E+1	-1.67186E-2	2.91764E-2
7.02000E+11	5.57263E-12	-2.83629E+1	-3.04722E-2	-2.30064E-2
7.02175E+11	1.94320E-12	-3.21516E+1	2.46746E-2	6.91827E-4
7.02350E+11	8.62418E-12	-2.50931E+1	5.13991E-2	2.12925E-2
7.02525E+11	7.90268E-12	-2.76822E+1	-2.81696E-2	3.01941E-2
7.02700E+11	1.39645E-11	-2.51302E+1	-2.59148E-2	-4.89624E-2
7.02875E+11	4.40533E-12	-2.80201E+1	3.16505E-2	-2.39964E-2
7.03050E+11	1.04528E-11	-2.61827E+1	2.06259E-2	4.45304E-2
7.03225E+11	1.89314E-11	-2.25896E+1	-6.91727E-2	-2.69029E-2
7.03400E+11	2.37467E-11	-2.34526E+1	5.92762E-2	-3.16570E-2
7.03575E+11	2.00001E-11	-2.19802E+1	-1.51716E-3	7.95997E-2
7.03750E+11	6.26119E-11	-2.04349E+1	-9.50540E-2	-3.44044E-3
7.03925E+11	7.00260E-11	-1.87776E+1	-2.53139E-4	-1.15112E-1
7.04100E+11	1.07610E-10	-1.84307E+1	1.18394E-1	-1.83093E-2
7.04275E+11	9.39135E-11	-1.75669E+1	4.05784E-2	1.25953E-1
7.04450E+11	1.08552E-10	-1.57408E+1	-1.62730E-1	-1.35251E-2
7.04625E+11	1.09162E-10	-1.52432E+1	1.10696E-1	-1.32841E-1
7.04800E+11	1.30061E-10	-1.48898E+1	4.30943E-2	1.74867E-1
7.04975E+11	8.21572E-11	-1.57890E+1	-1.61675E-1	1.51807E-2
7.05150E+11	1.88582E-10	-1.41301E+1	-1.78495E-2	-1.95748E-1
7.05325E+11	2.45538E-10	-1.20359E+1	2.44547E-1	5.26521E-2
7.05500E+11	2.35895E-10	-1.25173E+1	-9.88355E-2	2.15039E-1
7.05675E+11	1.86375E-10	-1.29809E+1	-1.53993E-1	-1.63174E-1
7.05850E+11	2.55358E-10	-1.24358E+1	2.36926E-1	-3.06330E-2
7.06025E+11	2.47310E-10	-1.26977E+1	-8.90003E-2	2.14033E-1
7.06200E+11	1.95669E-10	-1.26746E+1	-1.88188E-1	-1.36394E-1
7.06375E+11	8.86520E-11	-1.27811E+1	1.49852E-1	-1.73938E-1
7.06550E+11	1.03670E-10	-1.43305E+1	1.20850E-1	1.49293E-1
7.06725E+11	9.29432E-11	-1.24683E+1	-2.36492E-1	2.67957E-2
7.06900E+11	1.47031E-10	-1.18515E+1	1.76778E-1	-1.84500E-1
7.07075E+11	1.02451E-10	-1.21263E+1	7.88766E-3	2.47436E-1
7.07250E+11	1.00243E-10	-1.07061E+1	-2.58286E-1	-1.35216E-1
7.07425E+11	7.54217E-11	-1.08877E+1	1.39378E-1	-2.49174E-1
7.07600E+11	3.62825E-11	-1.33785E+1	1.82014E-1	1.13166E-1
7.07775E+11	4.01560E-11	-1.38827E+1	-1.24213E-1	1.59599E-1
7.07950E+11	3.24058E-11	-1.51719E+1	-1.33945E-1	-1.11599E-1
7.08125E+11	3.62425E-11	-1.44667E+1	1.87864E-1	2.14779E-2
7.08300E+11	2.70152E-11	-1.39278E+1	-1.61467E-1	1.20026E-1
7.08475E+11	3.19186E-11	-1.15263E+1	-1.35470E-1	-2.28068E-1
7.08650E+11	1.61039E-11	-1.53051E+1	1.26022E-1	-1.16603E-1
7.08825E+11	1.48654E-11	-1.41791E+1	1.12439E-1	1.59873E-1
7.09000E+11	1.27287E-11	-1.45383E+1	-1.14670E-1	1.48393E-1
7.09175E+11	1.46076E-11	-1.82208E+1	-1.07395E-1	-5.94113E-2
7.09350E+11	1.24849E-11	-1.92074E+1	1.00386E-1	-4.38710E-2
7.09525E+11	8.96158E-12	-2.06628E+1	1.24674E-3	9.26450E-2
7.09700E+11	1.33149E-11	-1.87003E+1	-1.03184E-1	-5.33081E-2
7.09875E+11	1.94224E-11	-1.83611E+1	6.79971E-2	-9.98044E-2
7.10050E+11	7.82223E-12	-2.08616E+1	8.60415E-2	2.82387E-2
7.10225E+11	1.49914E-11	-1.87123E+1	2.32269E-2	1.13631E-1
7.10400E+11	1.34902E-11	-1.99668E+1	-9.99386E-2	9.43497E-3
7.10575E+11	9.00927E-12	-2.04043E+1	2.63933E-2	-9.17308E-2
7.10750E+11	1.62691E-11	-1.81088E+1	9.56430E-2	7.94298E-2
7.10925E+11	1.59937E-11	-1.85630E+1	-1.16938E-1	-1.57358E-2
7.11100E+11	1.39222E-11	-1.83179E+1	7.90369E-2	-9.21047E-2
7.11275E+11	1.36030E-11	-2.06680E+1	6.98830E-2	6.07518E-2
7.11450E+11	8.41347E-12	-2.18196E+1	-6.62445E-2	4.67853E-2
7.11625E+11	2.50936E-11	-1.89559E+1	-7.01745E-2	-8.82794E-2
7.11800E+11	1.62991E-11	-1.90208E+1	9.69742E-2	-5.59018E-2
7.11975E+11	1.22231E-11	-2.21451E+1	5.20326E-3	7.79434E-2
7.12150E+11	2.16648E-11	-2.02618E+1	-9.09746E-2	-3.37428E-2
7.12325E+11	1.81075E-11	-1.93387E+1	4.16163E-2	-9.95634E-2
7.12500E+11	1.57325E-11	-1.93869E+1	9.38410E-2	5.20578E-2
7.12675E+11	1.78851E-11	-2.03958E+1	-6.99219E-2	6.51135E-2
7.12850E+11	9.22014E-12	-2.10344E+1	-9.69556E-3	-8.82416E-2
7.13025E+11	1.71030E-11	-1.82827E+1	1.21512E-1	9.21903E-3
7.13200E+11	3.33122E-11	-1.70094E+1	-4.74187E-2	1.32895E-1
7.13375E+11	3.70498E-11	-1.38967E+1	-1.66937E-1	-1.13583E-1
7.13550E+11	3.06346E-11	-1.32707E+1	1.25354E-1	-1.77134E-1
7.13725E+11	4.79063E-11	-1.12296E+1	2.29972E-1	1.49852E-1
7.13900E+11	6.33811E-11	-8.74445E+0	-2.49290E-1	2.67165E-1
7.14075E+11	6.18124E-11	-7.51015E+0	-7.22717E-2	-4.14957E-1
7.14250E+11	1.51131E-10	-5.18056E+0	4.80061E-1	2.69985E-1
7.14425E+11	1.16741E-10	-3.72625E+0	-6.22404E-1	1.91369E-1
7.14600E+11	1.34294E-10	-2.90730E+0	1.45822E-1	-7.00525E-1
7.14775E+11	1.79512E-10	-1.54519E+0	7.64839E-1	3.40057E-1
7.14950E+11	9.88421E-11	-3.22133E+0	-4.79341E-1	4.96505E-1
7.15125E+11	1.43576E-10	-2.29778E+0	-4.51149E-1	-6.20975E-1
7.15300E+11	9.06922E-11	-2.97283E+0	7.06027E-1	-7.65378E-2
7.15475E+11	1.07209E-10	-2.32406E+0	-2.41766E-1	7.26044E-1
7.15650E+11	7.92639E-11	-2.15360E+0	-5.16164E-1	-5.85326E-1
7.15825E+11	8.81105E-11	-9.72533E-1	8.88599E-1	9.87890E-2
7.16000E+11	6.61633E-11	-3.37796E-1	-4.42024E-1	8.54273E-1
7.16175E+11	8.08862E-11	5.30157E-1	-7.07744E-1	-7.93054E-1
7.16350E+11	4.58226E-11	-1.14835E+0	8.14745E-1	-3.22250E-1
7.16525E+11	2.79525E-11	-5.00417E-1	-3.67010E-1	8.69752E-1
7.16700E+11	2.50248E-11	-9.18110E-1	-5.85871E-1	-6.82791E-1
7.16875E+11	2.14846E-11	7.79943E-1	8.91690E-1	-6.33730E-1
7.17050E+11	3.76762E-11	2.93708E+0	-1.90274E-1	1.38937E+0
7.17225E+11	2.34167E-11	6.19201E-2	-1.00611E+0	4.57956E-2
7.17400E+11	5.68502E-12	3.60108E-1	6.77767E-1	-7.91886E-1
7.17575E+11	5.71846E-12	-4.39996E+0	3.20790E-1	5.10073E-1
7.17750E+11	5.35187E-12	-4.76924E+0	-4.98868E-1	-2.90888E-1
7.17925E+11	2.64381E-12	-8.80327E+0	-2.85798E-2	-3.61815E-1
7.18100E+11	3.79606E-12	-7.88037E+0	2.32892E-1	-3.29662E-1
7.18275E+11	2.41221E-12	-7.85156E+0	8.59062E-2	3.95753E-1
7.18450E+11	2.60691E-12	-7.97536E+0	-3.87881E-1	-9.45490E-2
7.18625E+11	4.34593E-12	-5.71937E+0	3.81053E-1	-3.50362E-1
7.18800E+11	2.25599E-12	-8.42276E+0	1.41977E-1	3.51612E-1
7.18975E+11	2.96814E-12	-5.49945E+0	-3.50950E-1	3.98382E-1
7.19150E+11	3.48440E-12	-9.17786E+0	-2.39231E-1	-2.52209E-1
7.19325E+11	3.09664E-13	-1.82710E+1	1.15547E-1	-3.92315E-2
7.19500E+11	3.52711E-13	-1.68817E+1	-1.02867E-1	9.96102E-2
7.19675E+11	1.05278E-12	-1.30693E+1	-1.72667E-1	-1.39685E-1
7.19850E+11	4.02953E-12	-1.07818E+1	-1.10271E-1	-2.67144E-1
7.20025E+11	1.02162E-12	-9.30556E+0	2.96271E-1	-1.71938E-1
7.20200E+11	3.92751E-12	-1.02941E+1	1.37576E-1	2.72992E-1
7.20375E+11	2.85671E-12	-1.13205E+1	-2.67250E-1	4.85647E-2
7.20550E+11	2.43151E-12	-1.03205E+1	-2.64169E-1	-1.51990E-1
7.20725E+11	8.36200E-13	-1.56616E+1	1.64785E-1	-6.75502E-4
7.20900E+11	3.16169E-13	-2.32583E+1	-7.45788E-3	6.83145E-2
7.21075E+11	2.99827E-13	-2.27304E+1	5.88008E-2	4.33050E-2
7.21250E+11	1.59983E-12	-1.68378E+1	1.77189E-3	-1.43905E-1
7.21425E+11	1.41438E-12	-1.43887E+1	7.85544E-2	-1.73872E-1
7.21600E+11	6.52763E-13	-1.73082E+1	-1.30833E-1	3.83230E-2
7.21775E+11	1.22337E-13	-2.45047E+1	-2.07899E-2	-5.57861E-2
7.21950E+11	2.26188E-12	-3.76375E+0	4.93320E-1	-4.20713E-1
7.22125E+11	1.43241E-13	-2.12680E+1	7.00307E-2	5.06316E-2
7.22300E+11	4.75542E-13	-1.33365E+1	-1.51409E-1	1.53159E-1
7.22475E+11	1.00684E-12	-1.23963E+1	-8.80448E-2	-2.23251E-1
7.22650E+11	2.04041E-12	-5.70337E+0	1.17277E-1	-5.05164E-1
7.22825E+11	9.66982E-13	-7.76653E+0	3.34597E-1	2.35132E-1
7.23000E+11	1.71960E-12	-1.64452E+0	-6.64680E-1	4.92925E-1
7.23175E+11	4.13465E-12	4.76632E+0	7.98266E-1	-1.53603E+0
7.23350E+11	2.67579E-12	5.34569E+0	1.78031E+0	-5.04750E-1
7.23525E+11	6.65807E-12	7.66806E+0	-1.98667E+0	-1.37783E+0
7.23700E+11	2.56994E-12	-1.26888E+0	-8.51503E-2	-8.59878E-1
7.23875E+11	1.01739E-12	-4.78787E+0	3.86507E-1	-4.27399E-1
7.24050E+11	7.90622E-12	2.26465E+0	-1.66614E-1	-1.28713E+0
7.24225E+11	1.58273E-12	2.63389E+0	-1.14807E+0	7.18260E-1
7.24400E+11	2.81842E-12	9.31373E+0	2.71989E+0	1.06795E+0
7.24575E+11	2.34922E-12	4.95826E+0	-6.62646E-1	-1.64102E+0
7.24750E+11	6.78457E-12	1.18390E+1	3.08155E+0	-2.40338E+0
7.24925E+11	1.02303E-12	-2.40116E+0	6.29839E-1	-4.22599E-1
7.25100E+11	6.19186E-12	2.06216E+1	-7.62133E+0	7.56987E+0
7.25275E+11	1.08468E-12	-5.83782E+0	2.61643E-2	-5.09963E-1
7.25450E+11	2.13968E-13	-1.01057E+1	1.92436E-2	3.11810E-1
7.25625E+11	2.12439E-12	2.62379E+0	-3.73854E-1	-1.29997E+0
7.25800E+11	4.93172E-12	6.49151E+0	1.62905E+0	1.34324E+0
7.25975E+11	5.45339E-12	3.06567E+0	1.42297E+0	-2.87485E-2
7.26150E+11	1.62980E-12	-3.99522E-1	5.89383E-1	7.51492E-1
7.26325E+11	1.07644E-12	-3.18789E+0	6.40179E-1	-2.64836E-1
7.26500E+11	1.52078E-12	6.78156E+0	4.87805E-2	2.18258E+0
7.26675E+11	3.08736E-13	-6.14355E+0	3.92257E-1	-2.98590E-1
7.26850E+11	3.21358E-13	-1.03646E+1	-2.66129E-1	1.45339E-1
7.27025E+11	3.36281E-13	-1.13318E+1	9.45115E-2	-2.54280E-1
7.27200E+11	2.87067E-13	1.63388E+0	8.61351E-1	8.45478E-1
7.27375E+11	6.38299E-13	-9.16137E+0	-2.52587E-1	2.39792E-1
7.27550E+11	1.53793E-12	2.73567E+1	1.60606E+1	-1.69158E+1
7.27725E+11	5.45824E-12	5.68653E+0	1.63816E+0	1.01008E+0
7.27900E+11	1.47735E-12	-1.09737E+0	-3.97879E-1	-7.86390E-1
7.28075E+11	2.81231E-13	-1.53262E+1	7.86320E-2	-1.52157E-1
7.28250E+11	2.11071E-12	-1.52463E+0	4.95294E-1	6.77219E-1
7.28425E+11	1.18991E-12	-8.38803E+0	-3.09900E-1	2.21144E-1
7.28600E+11	4.82335E-13	-1.22390E+1	-2.20406E-1	-1.05538E-1
7.28775E+11	5.63127E-13	-1.16061E+1	-2.48937E-1	8.43607E-2
7.28950E+11	8.10277E-13	-5.44835E+0	5.32067E-1	4.59889E-2
7.29125E+11	4.74836E-13	-1.18881E+1	-1.89721E-1	1.69556E-1
7.29300E+11	6.12345E-13	-1.09199E+1	-1.90394E-1	-2.11332E-1
7.29475E+11	9.96654E-13	-8.89250E+0	-1.60835E-1	-3.21216E-1
7.29650E+11	4.57312E-13	-1.45761E+1	6.53677E-2	-1.74907E-1
7.29825E+11	4.22455E-12	-3.24104E+0	6.34126E-1	2.68351E-1
7.30000E+11	1.12539E-12	1.11762E+0	9.47275E-1	6.29410E-1
