4.50000E+11	5.83596E-13	-1.48787E+1	4.06989E-2	1.75676E-1
4.50175E+11	1.34381E-13	-2.44249E+1	-3.95752E-2	-4.52087E-2
4.50350E+11	6.67887E-12	-9.71876E+0	2.71450E-1	-1.81672E-1
4.50525E+11	9.66503E-13	-1.57687E+1	-1.42177E-1	-7.92370E-2
4.50700E+11	1.42980E-13	-2.31398E+1	-6.83728E-2	-1.33523E-2
4.50875E+11	1.07620E-12	-1.07684E+1	3.48777E-2	-2.87346E-1
4.51050E+11	4.60761E-13	-1.62500E+1	1.52245E-1	2.31270E-2
4.51225E+11	1.09495E-12	-1.41336E+1	-1.93309E-1	3.51581E-2
4.51400E+11	8.53643E-14	-2.47457E+1	5.79042E-2	2.67544E-4
4.51575E+11	2.31864E-12	-7.48932E+0	-3.24202E-1	-2.70479E-1
4.51750E+11	1.60483E-12	-1.04438E+1	3.00455E-1	-3.48321E-3
4.51925E+11	3.28721E-12	-2.16634E+0	5.43669E-1	5.58275E-1
4.52100E+11	1.67471E-12	-9.01731E+0	-7.37547E-2	3.46341E-1
4.52275E+11	3.23302E-12	-1.40928E+1	-1.80971E-1	-7.88558E-2
4.52450E+11	7.28180E-12	-1.59978E+1	6.07885E-2	-1.46411E-1
4.52625E+11	2.34932E-11	-1.57837E+1	1.45546E-1	7.22373E-2
4.52800E+11	4.67280E-11	-1.45234E+1	-3.81699E-2	1.83940E-1
4.52975E+11	9.15834E-11	-1.41685E+1	-1.66878E-1	1.02212E-1
4.53150E+11	1.26567E-10	-1.70866E+1	-1.16965E-1	-7.66668E-2
4.53325E+11	1.17512E-10	-1.92015E+1	3.04040E-2	-1.05328E-1
4.53500E+11	9.62187E-11	-2.06308E+1	7.71311E-2	5.19505E-2
4.53675E+11	1.15652E-10	-2.03278E+1	-6.18135E-2	7.38377E-2
4.53850E+11	1.05727E-10	-2.21208E+1	-6.23080E-2	-4.74787E-2
4.54025E+11	1.40747E-10	-2.25468E+1	4.81954E-2	-5.69238E-2
4.54200E+11	1.17530E-10	-2.42681E+1	5.29536E-2	3.06376E-2
4.54375E+11	6.36906E-11	-2.64584E+1	-1.52467E-2	4.50313E-2
4.54550E+11	1.44456E-11	-3.18002E+1	-2.20892E-2	-1.31424E-2
4.54725E+11	5.87610E-12	-3.44323E+1	1.23422E-2	-1.44243E-2
4.54900E+11	1.24995E-11	-2.88787E+1	2.37374E-2	2.70395E-2
4.55075E+11	8.10273E-12	-2.91828E+1	-8.92911E-3	3.35754E-2
4.55250E+11	6.16559E-13	-3.82820E+1	8.00036E-4	1.21607E-2
4.55425E+11	9.68896E-13	-3.33916E+1	-2.08371E-2	-4.87705E-3
4.55600E+11	6.48160E-12	-2.24496E+1	-1.29195E-2	-7.43111E-2
4.55775E+11	3.18970E-12	-2.32143E+1	6.87289E-2	-6.85168E-3
4.55950E+11	2.79235E-12	-1.84704E+1	-7.87154E-2	8.95878E-2
4.56125E+11	1.15592E-12	-1.56836E+1	-7.34742E-2	-1.47034E-1
4.56300E+11	1.63149E-13	-2.20715E+1	7.79875E-2	1.11555E-2
4.56475E+11	1.41878E-12	-1.23860E+1	-2.28136E-1	-7.53876E-2
4.56650E+11	8.63344E-13	-1.73683E+1	-9.02366E-2	-1.00935E-1
4.56825E+11	8.51032E-14	-2.86239E+1	-2.12729E-2	3.03362E-2
4.57000E+11	1.61243E-13	-2.77659E+1	-3.79691E-2	-1.51987E-2
4.57175E+11	7.00376E-13	-2.06516E+1	-9.16752E-2	-1.42280E-2
4.57350E+11	1.18504E-12	-1.65207E+1	7.58629E-2	-1.28551E-1
4.57525E+11	2.98716E-12	-1.15645E+1	9.54817E-2	2.46239E-1
4.57700E+11	3.37034E-13	-1.56070E+1	-1.64338E-1	2.21609E-2
4.57875E+11	2.09171E-14	-2.21588E+1	3.26139E-2	-7.08476E-2
4.58050E+11	1.96432E-13	-7.12200E+0	4.37660E-1	4.95225E-2
4.58225E+11	2.94630E-12	6.67474E+0	2.04257E+0	6.91463E-1
4.58400E+11	2.12265E-12	1.52829E+0	1.16704E+0	2.44512E-1
4.58575E+11	6.53665E-13	-7.03037E+0	2.48613E-1	3.69226E-1
4.58750E+11	1.02535E-13	-1.33443E+1	1.34714E-1	1.67783E-1
4.58925E+11	1.30731E-12	-3.44660E+0	-5.39269E-1	4.01744E-1
4.59100E+11	1.29351E-13	-1.20198E+1	-3.94027E-2	2.47501E-1
4.59275E+11	1.96245E-12	-2.42487E+0	6.32968E-1	4.14132E-1
4.59450E+11	6.95420E-13	-7.12536E+0	6.66436E-2	4.35210E-1
4.59625E+11	3.17783E-13	-1.00553E+1	3.10568E-1	4.77731E-2
4.59800E+11	4.74995E-12	6.92656E-1	1.01396E+0	3.80526E-1
4.59975E+11	9.69100E-13	-7.26910E+0	-4.12599E-1	-1.31532E-1
4.60150E+11	3.67127E-12	3.68443E+0	-2.03208E-1	-1.51478E+0
4.60325E+11	7.82454E-13	-4.17915E+0	-3.31377E-1	-5.21736E-1
4.60500E+11	8.15099E-12	1.73599E+1	7.18594E+0	-1.67674E+0
4.60675E+11	2.41282E-12	3.36061E+0	1.38699E+0	-4.94225E-1
4.60850E+11	1.14904E-12	-5.08852E+0	5.53674E-1	5.73862E-2
4.61025E+11	2.30908E-12	2.39107E+0	7.89518E-1	1.05399E+0
4.61200E+11	2.21628E-12	4.06622E+0	-1.28707E+0	9.45479E-1
4.61375E+11	9.70859E-12	4.05066E+0	1.41149E+0	-7.40981E-1
4.61550E+11	7.62768E-13	-8.19167E+0	2.36060E-1	3.09713E-1
4.61725E+11	9.69101E-12	1.87572E+1	-6.94205E+0	5.18868E+0
4.61900E+11	2.65519E-12	-2.18850E+0	7.70834E-1	-9.98603E-2
4.62075E+11	3.49705E-12	-2.12671E+0	6.53672E-1	4.30729E-1
4.62250E+11	2.21711E-12	-3.74681E+0	-6.21098E-1	1.90376E-1
4.62425E+11	6.43161E-12	8.82067E+0	9.77578E-1	-2.58192E+0
4.62600E+11	1.78528E-12	-4.59661E+0	-1.04432E-1	-5.79743E-1
4.62775E+11	1.53339E-12	7.79235E-1	1.00032E+0	4.42585E-1
4.62950E+11	2.35747E-13	-1.41219E+1	1.95437E-1	2.26551E-2
4.63125E+11	1.47998E-12	-4.96847E+0	5.50266E-1	1.25457E-1
4.63300E+11	8.45228E-14	-1.05778E+1	1.17699E-1	-2.71459E-1
4.63475E+11	7.41052E-15	-2.88794E+1	1.47576E-2	-3.28112E-2
4.63650E+11	1.68505E-12	2.91454E+0	3.92313E-1	1.34256E+0
4.63825E+11	2.09376E-13	-1.36260E+1	2.59212E-2	2.06686E-1
4.64000E+11	6.95216E-12	5.06260E+0	1.79069E+0	-4.02878E-2
4.64175E+11	4.16724E-13	-1.29503E+1	-1.23337E-1	1.88370E-1
4.64350E+11	4.36557E-12	-2.98858E+0	2.42944E-1	-6.65947E-1
4.64525E+11	1.21079E-11	6.83186E+0	-3.04231E-1	2.17462E+0
4.64700E+11	2.33988E-11	2.44763E+0	-1.24350E+0	-4.58993E-1
4.64875E+11	5.18444E-11	8.39290E+0	2.02001E+0	-1.68124E+0
4.65050E+11	6.62782E-11	8.82860E+0	-1.22771E+0	2.47560E+0
4.65225E+11	7.14177E-11	6.29167E+0	-1.56123E+0	-1.34914E+0
4.65400E+11	7.20737E-11	7.31018E+0	1.94337E+0	-1.26738E+0
4.65575E+11	8.93846E-11	3.85711E+0	-1.63609E-1	1.55042E+0
4.65750E+11	2.64912E-10	6.98353E+0	-2.00080E+0	-9.94841E-1
4.65925E+11	4.13985E-10	5.81898E+0	1.32309E+0	-1.43805E+0
4.66100E+11	4.55934E-10	5.73942E+0	1.41449E+0	1.32229E+0
4.66275E+11	4.41097E-10	6.77145E+0	-1.51567E+0	1.56769E+0
4.66450E+11	5.19492E-10	6.65468E+0	-1.15994E+0	-1.81200E+0
4.66625E+11	5.21517E-10	6.72550E+0	1.94251E+0	-9.65174E-1
4.66800E+11	5.53104E-10	8.09204E+0	1.63492E-1	2.53337E+0
4.66975E+11	5.10374E-10	1.03558E+1	-3.15504E+0	-9.48470E-1
4.67150E+11	5.84371E-10	1.10550E+1	2.29687E+0	-2.73386E+0
4.67325E+11	4.65690E-10	1.03302E+1	1.73955E+0	2.78641E+0
4.67500E+11	3.45178E-10	9.63107E+0	-2.92533E+0	7.92479E-1
4.67675E+11	2.29945E-10	7.99055E+0	1.24353E+0	-2.17933E+0
4.67850E+11	1.78262E-10	5.88825E+0	1.76437E+0	8.75749E-1
4.68025E+11	1.20508E-10	7.37096E+0	-2.32054E+0	2.71793E-1
4.68200E+11	7.51877E-11	4.08325E+0	-1.20908E+0	-1.04816E+0
4.68375E+11	1.04343E-10	3.28932E+0	1.21535E+0	-8.09710E-1
4.68550E+11	5.45610E-11	5.39960E-1	2.20099E-1	1.04113E+0
4.68725E+11	6.21153E-11	1.18181E+0	-1.09115E+0	-3.49482E-1
4.68900E+11	5.65498E-11	-1.83968E+0	1.34292E-1	-7.97904E-1
4.69075E+11	7.79188E-11	-2.35034E-1	9.43248E-1	-2.40005E-1
4.69250E+11	1.45754E-10	-1.54144E+0	-7.69730E-1	3.29755E-1
4.69425E+11	1.22690E-10	-3.52225E+0	-1.39065E-1	-6.51968E-1
4.69600E+11	1.13014E-10	-5.77852E+0	5.11893E-1	4.79236E-2
4.69775E+11	9.14295E-11	-5.61972E+0	4.78256E-2	5.21428E-1
4.69950E+11	7.05654E-11	-6.68907E+0	-4.59291E-1	5.81958E-2
4.70125E+11	8.54416E-11	-5.49790E+0	-1.93745E-1	-4.94406E-1
4.70300E+11	1.05137E-10	-5.70934E+0	4.91906E-1	-1.63106E-1
4.70475E+11	1.58885E-10	-5.28397E+0	1.53974E-1	5.22019E-1
4.70650E+11	8.76563E-11	-9.67395E+0	-3.25343E-1	4.41392E-2
4.70825E+11	1.19144E-10	-9.44159E+0	-1.57080E-1	-2.98407E-1
4.71000E+11	2.13379E-10	-7.34763E+0	3.32630E-1	-2.71173E-1
4.71175E+11	2.59633E-10	-6.71081E+0	4.13355E-1	2.05919E-1
4.71350E+11	2.53381E-10	-7.66800E+0	-6.34600E-2	4.08722E-1
4.71525E+11	2.16290E-10	-8.54344E+0	-3.57915E-1	1.08375E-1
4.71700E+11	4.05841E-10	-5.52405E+0	-2.34454E-1	-4.74672E-1
4.71875E+11	7.77302E-10	-3.22507E+0	5.68218E-1	-3.91155E-1
4.72050E+11	1.23516E-9	-1.58013E-1	4.76914E-1	8.58384E-1
4.72225E+11	2.23553E-9	2.97571E-1	-1.01346E+0	-2.09315E-1
4.72400E+11	3.48152E-9	-1.49213E+0	5.57238E-1	-6.31439E-1
4.72575E+11	4.76095E-9	-3.09035E+0	2.86850E-1	6.39207E-1
4.72750E+11	7.25482E-9	-2.94579E+0	-7.09493E-1	-6.40446E-2
4.72925E+11	9.96487E-9	-4.46745E+0	3.45481E-1	-4.87981E-1
4.73100E+11	1.59220E-8	-6.68291E+0	2.05727E-1	4.15109E-1
4.73275E+11	2.07743E-8	-8.71621E+0	-3.59708E-1	7.07375E-2
4.73450E+11	2.84903E-8	-9.95110E+0	1.26045E-2	-3.17763E-1
4.73625E+11	2.51086E-8	-1.11498E+1	2.72289E-1	5.09673E-2
4.73800E+11	2.48763E-8	-1.19880E+1	-1.06221E-1	2.28008E-1
4.73975E+11	2.32714E-8	-1.21405E+1	-1.76594E-1	-1.72922E-1
4.74150E+11	2.82851E-8	-1.18051E+1	2.29766E-1	-1.14890E-1
4.74325E+11	2.65985E-8	-1.22780E+1	1.61151E-2	2.42742E-1
4.74500E+11	2.74361E-8	-1.21587E+1	-2.34790E-1	-7.55299E-2
4.74675E+11	2.79650E-8	-1.13079E+1	1.53620E-1	-2.24492E-1
4.74850E+11	2.63219E-8	-1.06946E+1	1.69081E-1	2.37974E-1
4.75025E+11	1.72771E-8	-1.08095E+1	-2.83685E-1	5.01691E-2
4.75200E+11	1.56927E-8	-1.14733E+1	2.22442E-2	-2.65963E-1
4.75375E+11	1.63129E-8	-1.16432E+1	2.33624E-1	1.17977E-1
4.75550E+11	1.01597E-8	-1.35084E+1	-1.62096E-1	1.35304E-1
4.75725E+11	8.25785E-9	-1.30831E+1	-8.75485E-2	-2.03726E-1
4.75900E+11	5.61249E-9	-1.33233E+1	2.12463E-1	-3.71892E-2
4.76075E+11	5.02786E-9	-1.35456E+1	-1.10211E-2	2.09954E-1
4.76250E+11	4.04985E-9	-1.35071E+1	-2.03710E-1	-5.56557E-2
4.76425E+11	3.13170E-9	-1.32749E+1	1.30356E-1	-1.73356E-1
4.76600E+11	2.51344E-9	-1.22571E+1	1.29980E-1	2.06334E-1
4.76775E+11	2.04346E-9	-1.12359E+1	-2.55416E-1	9.99746E-2
4.76950E+11	2.17431E-9	-9.97209E+0	-1.10615E-1	-2.97336E-1
4.77125E+11	1.75719E-9	-9.56213E+0	3.18106E-1	-9.70397E-2
4.77300E+11	1.63791E-9	-9.94395E+0	-2.55790E-1	-1.89395E-1
4.77475E+11	1.91546E-9	-9.61339E+0	2.97406E-1	-1.44429E-1
4.77650E+11	1.66696E-9	-6.57346E+0	-2.70346E-2	4.68387E-1
4.77825E+11	1.61240E-9	-5.09472E+0	-4.63734E-1	-3.07174E-1
4.78000E+11	1.30148E-9	-4.95102E+0	5.05256E-1	-2.54028E-1
4.78175E+11	1.11713E-9	-4.44222E+0	-1.55133E-2	5.99437E-1
4.78350E+11	1.11003E-9	-4.53818E+0	-5.85421E-1	-9.48178E-2
4.78525E+11	1.27089E-9	-3.34099E+0	6.83032E-2	-6.77257E-1
4.78700E+11	1.54065E-9	-2.03611E+0	7.88726E-1	6.03676E-2
4.78875E+11	1.38942E-9	-2.75672E+0	-3.11216E-1	6.58186E-1
4.79050E+11	1.80986E-9	-3.74768E+0	-4.48718E-1	-4.69653E-1
4.79225E+11	1.75894E-9	-5.59687E+0	4.79178E-1	-2.14499E-1
4.79400E+11	2.24769E-9	-8.19903E+0	1.00308E-1	3.75936E-1
4.79575E+11	1.49415E-9	-8.30074E+0	-2.92369E-1	2.49812E-1
4.79750E+11	1.44943E-9	5.82355E+0	-1.94913E+0	-1.53176E-1
4.79925E+11	1.55667E-9	4.31985E+0	1.64297E+0	6.71374E-2
4.80100E+11	1.58414E-9	3.72870E+0	-1.28902E+0	8.35584E-1
4.80275E+11	1.41500E-9	6.43885E+0	-4.78852E-2	-2.09812E+0
4.80450E+11	1.37367E-9	1.05534E+1	3.19766E+0	1.06483E+0
4.80625E+11	1.21154E-9	1.07620E+1	-2.90884E+0	1.85919E+0
4.80800E+11	1.01760E-9	8.58592E+0	9.40004E-2	-2.68553E+0
4.80975E+11	8.23417E-10	7.87635E+0	1.92291E+0	1.56041E+0
4.81150E+11	4.43390E-10	4.17766E+0	-1.48371E+0	6.44492E-1
4.81325E+11	2.62364E-10	3.88273E+0	-1.54826E-1	-1.55596E+0
4.81500E+11	3.10576E-10	4.99004E+0	1.47196E+0	9.94164E-1
4.81675E+11	2.78705E-10	3.65869E+0	-1.26196E+0	8.54106E-1
4.81850E+11	2.58965E-10	2.57703E+0	5.05426E-3	-1.34539E+0
4.82025E+11	3.23669E-10	1.68252E+0	1.08787E+0	5.38236E-1
4.82200E+11	2.79021E-10	2.46580E+0	-1.10747E+0	7.33378E-1
4.82375E+11	2.30194E-10	3.50185E-1	-3.05455E-1	-9.95324E-1
4.82550E+11	3.76298E-10	8.25858E-1	1.09056E+0	1.41880E-1
4.82725E+11	4.23323E-10	7.66120E-1	-6.03518E-1	9.10323E-1
4.82900E+11	5.66559E-10	5.79775E-1	-5.47084E-1	-9.18433E-1
4.83075E+11	7.56460E-10	1.06763E+0	1.13079E+0	-2.51453E-3
4.83250E+11	1.28550E-9	1.21779E+0	-2.77428E-1	1.11656E+0
4.83425E+11	1.69895E-9	1.99530E+0	-1.03072E+0	-7.21669E-1
4.83600E+11	1.62321E-9	-4.39139E-1	8.53071E-1	-4.19640E-1
4.83775E+11	1.78695E-9	-2.38472E+0	1.70373E-1	7.40568E-1
4.83950E+11	1.28013E-9	-4.55696E+0	-5.87537E-1	7.06471E-2
4.84125E+11	1.17890E-9	-4.95847E+0	1.45677E-1	-5.45934E-1
4.84300E+11	7.31456E-10	-6.72792E+0	4.19818E-1	1.90208E-1
4.84475E+11	6.07939E-10	-5.44558E+0	-2.79276E-1	4.55409E-1
4.84650E+11	8.51048E-10	-3.50044E+0	-4.43276E-1	-5.00144E-1
4.84825E+11	1.20980E-9	-2.34207E+0	6.61246E-1	-3.81996E-1
4.85000E+11	1.08654E-9	-1.95759E+0	3.24209E-1	7.29409E-1
4.85175E+11	1.18926E-9	-5.71775E+0	-2.94003E-1	4.26167E-1
4.85350E+11	1.27496E-9	-4.99556E+0	-5.19838E-1	-2.15220E-1
4.85525E+11	2.24222E-9	-1.08732E+0	3.61511E-1	-8.04876E-1
4.85700E+11	3.33172E-9	2.29215E+0	7.79526E-1	1.04284E+0
4.85875E+11	3.66174E-9	3.50546E+0	-1.49713E+0	-1.22925E-2
4.86050E+11	4.29857E-9	3.84662E+0	8.95223E-1	-1.27409E+0
4.86225E+11	4.62816E-9	4.75318E+0	3.72086E-1	1.68793E+0
4.86400E+11	5.39411E-9	3.39032E+0	-1.21586E+0	-8.39390E-1
4.86575E+11	3.66948E-9	3.23879E-1	9.67031E-1	-3.77198E-1
4.86750E+11	3.16047E-9	-3.50271E+0	7.65389E-4	6.68135E-1
4.86925E+11	4.32324E-9	-3.04444E+0	-7.04331E-1	-1.24567E-3
4.87100E+11	3.63506E-9	-3.71870E+0	-7.30588E-2	-6.47618E-1
4.87275E+11	1.30592E-9	-7.48966E+0	4.14074E-1	8.24278E-2
4.87450E+11	9.84395E-10	-9.45519E+0	-8.47168E-2	3.25866E-1
4.87625E+11	4.17494E-9	-4.32913E+0	-6.04403E-1	-6.12227E-2
4.87800E+11	1.04275E-8	1.59407E-1	1.10179E-1	-1.01254E+0
4.87975E+11	1.44955E-8	6.82194E-1	1.05482E+0	2.39692E-1
4.88150E+11	1.05214E-8	-2.44561E-2	-2.99368E-1	9.51191E-1
4.88325E+11	8.74715E-9	2.51137E-1	-9.01983E-1	-4.95941E-1
4.88500E+11	7.15475E-9	-1.09220E+0	5.26230E-1	-7.07619E-1
4.88675E+11	7.02206E-9	-1.00081E+0	6.28567E-1	6.31732E-1
4.88850E+11	8.92113E-9	4.90807E-2	-9.76292E-1	2.41289E-1
4.89025E+11	1.66841E-8	-2.42837E-2	3.58384E-1	-9.30583E-1
4.89200E+11	2.11688E-8	-1.85808E+0	6.06294E-1	5.33221E-1
4.89375E+11	2.39797E-8	-3.51579E+0	-5.38737E-1	3.93478E-1
4.89550E+11	2.07210E-8	-6.33099E+0	-2.03802E-1	-4.37288E-1
4.89725E+11	2.46996E-8	-8.36473E+0	3.71402E-1	-8.82231E-2
4.89900E+11	2.12419E-8	-1.17283E+1	-1.66381E-2	2.58636E-1
4.90075E+11	2.47971E-8	-1.17845E+1	-2.51872E-1	-5.35272E-2
4.90250E+11	2.61195E-8	-1.09882E+1	6.83222E-2	-2.73826E-1
4.90425E+11	3.45005E-8	-8.82718E+0	3.54378E-1	7.36162E-2
4.90600E+11	4.49545E-8	-7.28171E+0	-1.05095E-1	4.19463E-1
4.90775E+11	5.49563E-8	-7.53424E+0	-3.80847E-1	-1.77162E-1
4.90950E+11	7.57270E-8	-9.74705E+0	2.27778E-1	-2.32625E-1
4.91125E+11	1.01773E-7	-1.06131E+1	1.70032E-1	2.40670E-1
4.91300E+11	1.46472E-7	-9.89921E+0	-2.92371E-1	1.29873E-1
4.91475E+11	1.30534E-7	-9.47234E+0	-3.80112E-2	-3.33877E-1
4.91650E+11	1.01274E-7	-1.00481E+1	3.09453E-1	5.60144E-2
4.91825E+11	7.89098E-8	-1.09402E+1	-1.12862E-1	2.60379E-1
4.92000E+11	5.10764E-8	-1.15905E+1	-1.93954E-1	-1.78092E-1
4.92175E+11	3.70889E-8	-1.28236E+1	1.98821E-1	-1.12546E-1
4.92350E+11	2.66191E-8	-1.41962E+1	7.64774E-2	1.79453E-1
4.92525E+11	1.90619E-8	-1.46933E+1	-1.69186E-1	7.28905E-2
4.92700E+11	1.71217E-8	-1.45083E+1	-6.15776E-2	-1.77826E-1
4.92875E+11	1.39675E-8	-1.40488E+1	1.93016E-1	-4.59421E-2
4.93050E+11	1.32718E-8	-1.37780E+1	2.25139E-2	2.03450E-1
4.93225E+11	1.60195E-8	-1.25749E+1	-2.34619E-1	-1.50738E-2
4.93400E+11	2.24556E-8	-1.14698E+1	8.66689E-2	-2.52541E-1
4.93575E+11	3.31220E-8	-9.95789E+0	2.36144E-1	2.12627E-1
4.93750E+11	3.39049E-8	-8.59660E+0	-3.35223E-1	1.60537E-1
4.93925E+11	3.55505E-8	-8.15454E+0	-1.70128E-3	-3.91083E-1
4.94100E+11	5.72658E-8	-7.64452E+0	3.59018E-1	2.07638E-1
4.94275E+11	7.40022E-8	-8.50117E+0	-3.09894E-1	2.12560E-1
4.94450E+11	7.03894E-8	-1.00113E+1	-1.26235E-1	-2.89493E-1
4.94625E+11	6.87861E-8	-1.12934E+1	2.64429E-1	-6.57380E-2
4.94800E+11	5.42249E-8	-1.25019E+1	2.51122E-2	2.35753E-1
4.94975E+11	4.32660E-8	-1.32702E+1	-2.11507E-1	-4.85849E-2
4.95150E+11	3.85352E-8	-1.34517E+1	9.77327E-2	-1.88723E-1
4.95325E+11	2.97591E-8	-1.38535E+1	1.90925E-1	6.87348E-2
4.95500E+11	3.28749E-8	-1.36667E+1	-9.06742E-2	1.86452E-1
4.95675E+11	4.60117E-8	-1.32112E+1	-1.48268E-1	-1.60488E-1
4.95850E+11	6.07210E-8	-1.27545E+1	2.11345E-1	-9.14704E-2
4.96025E+11	7.14421E-8	-1.17548E+1	5.06637E-2	2.53364E-1
4.96200E+11	9.96721E-8	-1.04715E+1	-2.95644E-1	-4.80186E-2
4.96375E+11	1.23810E-7	-9.09006E+0	2.17009E-1	-2.76072E-1
4.96550E+11	1.25394E-7	-8.37352E+0	1.45807E-1	3.52375E-1
4.96725E+11	9.06166E-8	-9.25041E+0	-3.44341E-1	1.63777E-2
4.96900E+11	7.61549E-8	-1.01038E+1	5.38733E-2	-3.07792E-1
4.97075E+11	5.29992E-8	-1.11513E+1	2.51453E-1	1.16123E-1
4.97250E+11	3.73939E-8	-1.25059E+1	-1.34235E-1	1.95293E-1
4.97425E+11	2.25045E-8	-1.39267E+1	-1.28018E-1	-1.55240E-1
4.97600E+11	1.77112E-8	-1.46445E+1	1.70333E-1	-7.28498E-2
4.97775E+11	1.51706E-8	-1.49477E+1	4.12603E-2	1.74079E-1
4.97950E+11	1.32980E-8	-1.48876E+1	-1.76526E-1	3.59257E-2
4.98125E+11	1.11276E-8	-1.46561E+1	-3.36928E-2	-1.81917E-1
4.98300E+11	1.17163E-8	-1.41639E+1	1.90646E-1	-4.46157E-2
4.98475E+11	1.66599E-8	-1.29026E+1	-5.57612E-3	2.26329E-1
4.98650E+11	2.18076E-8	-1.17538E+1	-2.41830E-1	-9.10728E-2
4.98825E+11	2.42104E-8	-1.07046E+1	1.95041E-1	-2.16754E-1
4.99000E+11	3.26281E-8	-9.70283E+0	1.73336E-1	2.77555E-1
4.99175E+11	4.36432E-8	-9.16884E+0	-3.46260E-1	3.45893E-2
4.99350E+11	3.88517E-8	-9.15567E+0	3.51115E-2	-3.46738E-1
4.99525E+11	3.01082E-8	-1.02378E+1	2.93710E-1	9.16907E-2
4.99700E+11	2.16730E-8	-1.18153E+1	-1.86297E-1	1.76437E-1
4.99875E+11	1.86220E-8	-1.27405E+1	-1.73660E-3	-2.30655E-1
5.00050E+11	1.33192E-8	-1.36082E+1	1.66633E-1	1.25707E-1
5.00225E+11	1.38071E-8	-1.40020E+1	-1.64323E-1	1.13093E-1
5.00400E+11	2.02595E-8	-1.42264E+1	-9.92236E-2	-1.67161E-1
5.00575E+11	2.67908E-8	-1.39346E+1	1.78478E-1	-9.25223E-2
5.00750E+11	3.30782E-8	-1.33965E+1	5.84638E-2	2.05736E-1
5.00925E+11	4.16410E-8	-1.27277E+1	-2.30994E-1	1.99114E-3
5.01100E+11	5.07545E-8	-1.18963E+1	1.03653E-1	-2.32113E-1
5.01275E+11	7.51678E-8	-1.03051E+1	1.92239E-1	2.37190E-1
5.01450E+11	8.90718E-8	-9.40702E+0	-3.23883E-1	9.86396E-2
5.01625E+11	1.01141E-7	-8.66050E+0	1.93784E-3	-3.68951E-1
5.01800E+11	9.97157E-8	-7.67452E+0	3.85182E-1	1.49862E-1
5.01975E+11	6.53664E-8	-5.88797E+0	-3.33020E-1	3.83210E-1
5.02150E+11	3.28258E-8	-5.27268E+0	-2.24611E-1	-4.96521E-1
5.02325E+11	2.11083E-8	-4.86223E+0	5.69688E-1	4.33117E-2
5.02500E+11	1.44807E-8	-4.28512E+0	-2.94794E-1	5.34702E-1
5.02675E+11	1.43296E-8	-2.95254E+0	-4.75506E-1	-5.29705E-1
5.02850E+11	1.45393E-8	-8.65778E-1	7.62610E-1	-4.87531E-1
5.03025E+11	1.99344E-8	1.35868E+0	3.78272E-1	1.10645E+0
5.03200E+11	1.77462E-8	3.00629E+0	-1.41115E+0	-8.24661E-2
5.03375E+11	2.34231E-8	3.40055E+0	8.19257E-1	-1.23161E+0
5.03550E+11	3.06867E-8	3.11794E+0	7.82628E-1	1.19903E+0
5.03725E+11	3.43451E-8	3.72255E+0	-1.47795E+0	4.14839E-1
5.03900E+11	4.06064E-8	4.27140E+0	1.35239E-1	-1.62960E+0
5.04075E+11	7.97983E-8	4.76242E+0	1.57507E+0	7.16300E-1
5.04250E+11	1.19044E-7	4.61407E+0	-1.27211E+0	1.12921E+0
5.04425E+11	1.10063E-7	3.10493E+0	-1.76455E-1	-1.41877E+0
5.04600E+11	9.91179E-8	4.76539E-1	8.69264E-1	6.00295E-1
5.04775E+11	7.53620E-8	-2.45176E+0	-7.30324E-1	1.87748E-1
5.04950E+11	5.61772E-8	-5.26386E+0	1.57576E-1	-5.22261E-1
5.05125E+11	4.57396E-8	-7.56765E+0	3.47778E-1	2.32659E-1
5.05300E+11	3.72435E-8	-9.17772E+0	-2.20641E-1	2.68631E-1
5.05475E+11	2.85674E-8	-9.76987E+0	-2.71043E-1	-1.78822E-1
5.05650E+11	3.77843E-8	-9.09015E+0	2.01790E-1	-2.87380E-1
5.05825E+11	3.82267E-8	-7.92787E+0	2.06590E-1	3.44187E-1
5.06000E+11	4.29249E-8	-7.92836E+0	-4.01376E-1	4.80978E-3
5.06175E+11	4.74380E-8	-7.93128E+0	8.12061E-2	-3.92966E-1
5.06350E+11	6.06165E-8	-7.33372E+0	3.81406E-1	1.98237E-1
5.06525E+11	8.26367E-8	-6.75093E+0	-3.24099E-1	3.25980E-1
5.06700E+11	1.28512E-7	-6.48767E+0	-2.58216E-1	-3.97282E-1
5.06875E+11	1.48151E-7	-6.61763E+0	4.33970E-1	-1.71930E-1
5.07050E+11	1.77457E-7	-6.56390E+0	3.58345E-2	4.68314E-1
5.07225E+11	2.05322E-7	-6.57373E+0	-4.59866E-1	-9.28782E-2
5.07400E+11	1.72578E-7	-7.12950E+0	2.20299E-1	-3.80963E-1
5.07575E+11	1.49487E-7	-8.37912E+0	2.72302E-1	2.66631E-1
5.07750E+11	1.12747E-7	-9.81763E+0	-2.64292E-1	1.85575E-1
5.07925E+11	1.02313E-7	-1.11145E+1	-1.52743E-1	-2.32457E-1
5.08100E+11	8.33585E-8	-1.19361E+1	2.04692E-1	-1.48767E-1
5.08275E+11	7.66193E-8	-1.24131E+1	1.48482E-1	1.87945E-1
5.08450E+11	8.24456E-8	-1.20441E+1	-2.10046E-1	1.35419E-1
5.08625E+11	7.92171E-8	-1.19467E+1	-8.99574E-2	-2.36182E-1
5.08800E+11	7.66288E-8	-1.19120E+1	2.53609E-1	-8.35639E-3
5.08975E+11	6.43770E-8	-1.13132E+1	-5.53365E-2	2.66166E-1
5.09150E+11	8.40153E-8	-1.05078E+1	-2.82919E-1	-9.44555E-2
5.09325E+11	8.25375E-8	-9.44355E+0	1.53886E-1	-2.99981E-1
5.09500E+11	8.10020E-8	-8.55108E+0	2.91033E-1	2.34311E-1
5.09675E+11	6.11027E-8	-8.63590E+0	-2.91318E-1	2.28114E-1
5.09850E+11	5.00088E-8	-8.09687E+0	-1.56286E-1	-3.61342E-1
5.10025E+11	6.56640E-8	-7.93792E+0	3.99441E-1	-3.49003E-2
5.10200E+11	7.89302E-8	-8.03321E+0	-1.29025E-1	3.75013E-1
5.10375E+11	7.04320E-8	-8.28662E+0	-2.85882E-1	-2.58145E-1
5.10550E+11	5.00845E-8	-9.09424E+0	3.01003E-1	-1.80519E-1
5.10725E+11	4.31104E-8	-1.00348E+1	7.95529E-2	3.04751E-1
5.10900E+11	3.83659E-8	-1.05404E+1	-2.96394E-1	2.12132E-2
5.11075E+11	3.47511E-8	-1.11328E+1	1.14296E-2	-2.77326E-1
5.11250E+11	3.19616E-8	-1.11461E+1	2.76338E-1	2.10310E-2
5.11425E+11	3.75061E-8	-1.09651E+1	-4.41767E-2	2.79504E-1
5.11600E+11	3.86434E-8	-1.05542E+1	-2.89732E-1	-6.38372E-2
5.11775E+11	4.10179E-8	-9.86765E+0	6.02003E-2	-3.15389E-1
5.11950E+11	4.95256E-8	-8.94059E+0	3.50394E-1	6.96460E-2
5.12125E+11	6.50403E-8	-8.35333E+0	-1.77392E-1	3.38582E-1
5.12300E+11	7.42559E-8	-7.98913E+0	-2.66617E-1	-2.96314E-1
5.12475E+11	7.35039E-8	-8.15746E+0	3.64357E-1	-1.41738E-1
5.12650E+11	7.84322E-8	-8.09870E+0	1.49030E-2	3.93327E-1
5.12825E+11	8.64133E-8	-8.65854E+0	-3.57945E-1	-8.98096E-2
5.13000E+11	7.52105E-8	-9.57449E+0	1.53549E-1	-2.94476E-1
5.13175E+11	7.99110E-8	-1.02796E+1	2.58300E-1	1.64454E-1
5.13350E+11	6.53583E-8	-1.08307E+1	-1.82989E-1	2.21596E-1
5.13525E+11	7.68903E-8	-1.08997E+1	-1.91150E-1	-2.11541E-1
5.13700E+11	7.89406E-8	-1.06661E+1	2.32413E-1	-1.78230E-1
5.13875E+11	6.85948E-8	-1.06010E+1	1.61617E-1	2.46894E-1
5.14050E+11	6.13767E-8	-1.03654E+1	-2.58216E-1	1.58921E-1
5.14225E+11	6.79847E-8	-9.26830E+0	-1.58841E-1	-3.05156E-1
5.14400E+11	6.62491E-8	-8.41895E+0	3.57475E-1	-1.26990E-1
5.14575E+11	7.12884E-8	-7.77246E+0	4.59992E-2	4.06077E-1
5.14750E+11	6.74022E-8	-7.12231E+0	-4.33797E-1	-7.61945E-2
5.14925E+11	5.22933E-8	-6.53451E+0	1.84923E-1	-4.33479E-1
5.15100E+11	7.19573E-8	-6.10854E+0	4.01584E-1	2.89342E-1
5.15275E+11	6.57805E-8	-6.17895E+0	-3.47536E-1	3.46796E-1
5.15450E+11	4.93631E-8	-6.89658E+0	-2.82688E-1	-3.52735E-1
5.15625E+11	5.27763E-8	-7.50124E+0	3.51194E-1	-2.33323E-1
5.15800E+11	3.97989E-8	-8.13120E+0	1.72354E-1	3.52232E-1
5.15975E+11	3.44580E-8	-8.62754E+0	-3.57179E-1	9.79250E-2
5.16150E+11	4.22449E-8	-8.83616E+0	-1.95481E-2	-3.61041E-1
5.16325E+11	4.34894E-8	-9.05483E+0	3.49235E-1	4.84576E-2
5.16500E+11	4.56816E-8	-9.27324E+0	-8.58069E-2	3.32946E-1
5.16675E+11	5.73001E-8	-9.40414E+0	-3.22192E-1	-1.04394E-1
5.16850E+11	7.32044E-8	-9.23993E+0	1.03775E-1	-3.29176E-1
5.17025E+11	9.66168E-8	-8.49254E+0	3.28357E-1	1.83517E-1
5.17200E+11	1.03539E-7	-8.16574E+0	-2.86979E-1	2.64949E-1
5.17375E+11	1.08711E-7	-7.91237E+0	-1.59425E-1	-3.69193E-1
5.17550E+11	1.37074E-7	-7.77211E+0	4.06649E-1	-4.07918E-2
5.17725E+11	1.54055E-7	-7.65903E+0	-5.13241E-2	4.10853E-1
5.17900E+11	1.65108E-7	-7.35629E+0	-4.05936E-1	-1.37938E-1
5.18075E+11	1.73057E-7	-7.13461E+0	2.22554E-1	-3.79350E-1
5.18250E+11	1.90353E-7	-7.43125E+0	3.00190E-1	3.00918E-1
5.18425E+11	2.15607E-7	-7.56738E+0	-3.64063E-1	2.06272E-1
5.18600E+11	2.10124E-7	-7.64041E+0	-8.61673E-2	-4.05889E-1
5.18775E+11	2.35549E-7	-7.66233E+0	4.13376E-1	2.05907E-2
5.18950E+11	1.97246E-7	-7.90283E+0	-9.29690E-2	3.91704E-1
5.19125E+11	1.89797E-7	-8.12728E+0	-3.60102E-1	-1.55687E-1
5.19300E+11	1.97946E-7	-8.40263E+0	2.19432E-1	-3.10333E-1
5.19475E+11	2.06316E-7	-8.62262E+0	2.47862E-1	2.75474E-1
5.19650E+11	1.78592E-7	-8.87682E+0	-3.30750E-1	1.41841E-1
5.19825E+11	2.14337E-7	-8.80251E+0	-1.97218E-2	-3.62437E-1
5.20000E+11	2.48761E-7	-8.52273E+0	3.52579E-1	1.27298E-1
5.20175E+11	2.54689E-7	-8.24241E+0	-2.58744E-1	2.87988E-1
5.20350E+11	3.01028E-7	-7.90575E+0	-1.99968E-1	-3.49255E-1
5.20525E+11	3.37770E-7	-7.46762E+0	4.07092E-1	-1.15910E-1
5.20700E+11	3.78788E-7	-7.13249E+0	-7.36232E-3	4.39860E-1
5.20875E+11	3.65461E-7	-6.79731E+0	-4.32532E-1	-1.48239E-1
5.21050E+11	3.13804E-7	-6.83366E+0	2.66438E-1	-3.69225E-1
5.21225E+11	3.16667E-7	-6.94553E+0	2.40452E-1	3.79773E-1
5.21400E+11	3.22224E-7	-7.08887E+0	-4.31676E-1	9.56037E-2
5.21575E+11	2.51369E-7	-7.61239E+0	6.23155E-2	-4.11584E-1
5.21750E+11	2.01705E-7	-8.08901E+0	3.51533E-1	1.78042E-1
5.21925E+11	1.83638E-7	-8.72746E+0	-2.43355E-1	2.73541E-1
5.22100E+11	1.51694E-7	-9.22130E+0	-1.89622E-1	-2.89278E-1
5.22275E+11	1.28401E-7	-9.65584E+0	3.17026E-1	-8.79853E-2
5.22450E+11	1.13190E-7	-9.99345E+0	-1.77388E-2	3.15969E-1
5.22625E+11	1.30416E-7	-1.01557E+1	-3.00943E-1	-7.68919E-2
5.22800E+11	1.41071E-7	-9.75850E+0	1.79667E-1	-2.70995E-1
5.22975E+11	1.33814E-7	-9.37706E+0	1.86365E-1	2.84063E-1
5.23150E+11	1.65504E-7	-8.86381E+0	-3.51718E-1	7.87214E-2
5.23325E+11	1.80433E-7	-8.14698E+0	5.29537E-2	-3.87829E-1
5.23500E+11	2.16609E-7	-7.36407E+0	3.88941E-1	1.79462E-1
5.23675E+11	2.40706E-7	-6.50118E+0	-3.18358E-1	3.49942E-1
5.23850E+11	2.54662E-7	-6.12632E+0	-2.17944E-1	-4.43270E-1
5.24025E+11	2.06491E-7	-6.11566E+0	4.94492E-1	-8.04382E-3
5.24200E+11	2.21804E-7	-6.38227E+0	-1.46601E-1	4.56653E-1
5.24375E+11	1.83002E-7	-6.95291E+0	-3.77595E-1	-2.43153E-1
5.24550E+11	1.33177E-7	-7.81826E+0	3.21264E-1	-2.49102E-1
5.24725E+11	1.12663E-7	-8.84165E+0	1.72803E-1	3.17343E-1
5.24900E+11	9.66282E-8	-9.59727E+0	-2.89598E-1	1.60779E-1
5.25075E+11	9.31283E-8	-1.01311E+1	-1.99729E-1	-2.39028E-1
5.25250E+11	9.86130E-8	-1.06562E+1	2.41774E-1	-1.65900E-1
5.25425E+11	1.16593E-7	-1.09752E+1	1.09359E-1	2.60630E-1
5.25600E+11	1.61962E-7	-1.04842E+1	-2.95448E-1	4.64869E-2
5.25775E+11	2.02100E-7	-9.56308E+0	7.24146E-2	-3.24561E-1
5.25950E+11	2.49924E-7	-8.79230E+0	3.06005E-1	1.96011E-1
5.26125E+11	2.98227E-7	-8.08930E+0	-2.84654E-1	2.72463E-1
5.26300E+11	3.41464E-7	-7.25633E+0	-2.06146E-1	-3.81568E-1
5.26475E+11	3.49758E-7	-6.70880E+0	4.59418E-1	-4.79481E-2
5.26650E+11	2.89114E-7	-6.82496E+0	-2.07281E-1	4.05915E-1
5.26825E+11	2.29787E-7	-7.82704E+0	-1.70718E-1	-3.68489E-1
5.27000E+11	2.23062E-7	-8.86980E+0	3.58295E-1	3.67262E-2
5.27175E+11	1.74929E-7	-9.64232E+0	-1.46922E-1	2.94955E-1
5.27350E+11	1.25275E-7	-1.04083E+1	-2.27468E-1	-1.98207E-1
5.27525E+11	9.50314E-8	-1.10786E+1	2.21070E-1	-1.70692E-1
5.27700E+11	8.88639E-8	-1.14004E+1	1.23637E-1	2.39063E-1
5.27875E+11	7.86981E-8	-1.14316E+1	-2.61187E-1	6.08325E-2
5.28050E+11	9.28604E-8	-1.10360E+1	2.39422E-2	-2.79649E-1
5.28225E+11	1.06666E-7	-1.05379E+1	2.69875E-1	1.24572E-1
5.28400E+11	1.12899E-7	-9.79597E+0	-2.05431E-1	2.50216E-1
5.28575E+11	1.31427E-7	-8.89187E+0	-2.49440E-1	-2.58546E-1
5.28750E+11	1.89891E-7	-7.80398E+0	3.17235E-1	-2.55281E-1
5.28925E+11	2.73700E-7	-6.48204E+0	2.32417E-1	4.13258E-1
5.29100E+11	3.35002E-7	-5.99293E+0	-4.92949E-1	9.27326E-2
5.29275E+11	2.99609E-7	-6.47295E+0	1.47858E-1	-4.51008E-1
5.29450E+11	2.37271E-7	-7.70814E+0	2.64657E-1	3.15378E-1
5.29625E+11	1.60383E-7	-9.50610E+0	-3.26088E-1	7.55692E-2
5.29800E+11	1.02501E-7	-1.09549E+1	9.87578E-3	-2.83133E-1
5.29975E+11	9.21977E-8	-1.16273E+1	2.60626E-1	2.86931E-2
5.30150E+11	8.05290E-8	-1.19504E+1	-4.04155E-2	2.49374E-1
5.30325E+11	7.31885E-8	-1.24941E+1	-2.30635E-1	-5.58420E-2
5.30500E+11	5.81693E-8	-1.28944E+1	8.63551E-2	-2.09511E-1
5.30675E+11	5.92828E-8	-1.28534E+1	1.86423E-1	1.30715E-1
5.30850E+11	5.94204E-8	-1.23783E+1	-1.86171E-1	1.52225E-1
5.31025E+11	6.91862E-8	-1.15588E+1	-1.05715E-1	-2.42212E-1
5.31200E+11	9.32790E-8	-1.04573E+1	2.94114E-1	-5.91865E-2
5.31375E+11	1.22049E-7	-9.36586E+0	2.31437E-2	3.39390E-1
5.31550E+11	1.72681E-7	-8.28747E+0	-3.80437E-1	-6.00472E-2
5.31725E+11	2.01622E-7	-7.82684E+0	2.15702E-1	-3.44106E-1
5.31900E+11	1.99306E-7	-8.15230E+0	1.82886E-1	3.45804E-1
5.32075E+11	1.61426E-7	-9.25462E+0	-3.44397E-1	1.07026E-2
5.32250E+11	1.15193E-7	-1.03985E+1	7.31528E-2	-2.93054E-1
5.32425E+11	1.16773E-7	-1.11632E+1	2.62696E-1	8.65729E-2
5.32600E+11	1.06869E-7	-1.17675E+1	-8.14543E-2	2.44809E-1
5.32775E+11	9.95557E-8	-1.19720E+1	-2.38716E-1	-8.07419E-2
5.32950E+11	1.11334E-7	-1.21470E+1	7.88588E-2	-2.34045E-1
5.33125E+11	8.88209E-8	-1.22746E+1	2.20612E-1	1.02766E-1
5.33300E+11	9.48121E-8	-1.21883E+1	-1.37442E-1	2.03785E-1
5.33475E+11	1.10800E-7	-1.16984E+1	-1.87775E-1	-1.79927E-1
5.33650E+11	1.39532E-7	-1.08274E+1	2.21386E-1	-1.83418E-1
5.33825E+11	2.00692E-7	-9.81776E+0	1.77426E-1	2.69825E-1
5.34000E+11	2.34771E-7	-8.71579E+0	-3.42695E-1	1.30255E-1
5.34175E+11	2.78322E-7	-8.20299E+0	-2.76559E-2	-3.87927E-1
5.34350E+11	2.92578E-7	-8.28290E+0	3.64690E-1	1.24480E-1
5.34525E+11	2.27922E-7	-9.23580E+0	-2.41023E-1	2.47280E-1
5.34700E+11	1.74936E-7	-1.06942E+1	-1.09970E-1	-2.70434E-1
5.34875E+11	1.15443E-7	-1.23027E+1	2.39413E-1	-3.90948E-2
5.35050E+11	8.46907E-8	-1.36542E+1	5.78836E-3	2.07549E-1
5.35225E+11	5.84764E-8	-1.44675E+1	-1.89038E-1	3.57523E-3
5.35400E+11	6.62646E-8	-1.49928E+1	-4.27277E-3	-1.77924E-1
5.35575E+11	6.33626E-8	-1.52492E+1	1.72797E-1	-6.92260E-4
5.35750E+11	7.07253E-8	-1.51657E+1	-1.53956E-2	1.73788E-1
5.35925E+11	8.38682E-8	-1.48745E+1	-1.74599E-1	-4.54413E-2
5.36100E+11	9.90607E-8	-1.40313E+1	9.33267E-2	-1.75543E-1
5.36275E+11	1.23526E-7	-1.30744E+1	1.54030E-1	1.59821E-1
5.36450E+11	1.60860E-7	-1.15289E+1	-2.44619E-1	1.02401E-1
5.36625E+11	2.91484E-7	-9.95772E+0	1.68765E-2	-3.17322E-1
5.36800E+11	3.31988E-7	-9.00415E+0	2.93224E-1	1.99480E-1
5.36975E+11	2.82844E-7	-8.99914E+0	-3.19291E-1	1.54825E-1
5.37150E+11	2.70077E-7	-9.45614E+0	-1.39336E-2	-3.36373E-1
5.37325E+11	1.85246E-7	-1.04726E+1	2.82843E-1	9.84275E-2
5.37500E+11	1.43827E-7	-1.17717E+1	-1.52948E-1	2.07623E-1
5.37675E+11	1.07287E-7	-1.28407E+1	-1.42409E-1	-1.78076E-1
5.37850E+11	8.94806E-8	-1.35498E+1	1.90967E-1	-8.76927E-2
5.38025E+11	8.17311E-8	-1.38724E+1	3.64579E-2	1.99170E-1
5.38200E+11	7.52959E-8	-1.39037E+1	-2.01311E-1	-1.33238E-2
5.38375E+11	8.13313E-8	-1.36101E+1	4.40458E-2	-2.03986E-1
5.38550E+11	9.10747E-8	-1.30313E+1	2.10757E-1	7.30764E-2
5.38725E+11	1.17045E-7	-1.20747E+1	-1.14172E-1	2.21323E-1
5.38900E+11	1.74490E-7	-1.08342E+1	-2.24353E-1	-1.79415E-1
5.39075E+11	2.49173E-7	-9.28617E+0	2.94139E-1	-1.77050E-1
5.39250E+11	3.63949E-7	-7.73309E+0	1.20456E-2	4.10354E-1
5.39425E+11	4.15914E-7	-6.84865E+0	-3.83635E-1	-2.43775E-1
5.39600E+11	3.82564E-7	-7.38952E+0	3.85810E-1	-1.83195E-1
5.39775E+11	2.87630E-7	-9.01964E+0	2.05388E-2	3.53416E-1
5.39950E+11	1.85468E-7	-1.03735E+1	-2.98915E-1	-4.90823E-2
5.40125E+11	1.39643E-7	-1.14293E+1	9.38022E-2	-2.51311E-1
5.40300E+11	1.38612E-7	-1.23956E+1	1.97767E-1	1.35980E-1
5.40475E+11	1.13816E-7	-1.31522E+1	-1.68075E-1	1.41929E-1
5.40650E+11	9.45780E-8	-1.36095E+1	-9.79228E-2	-1.84301E-1
5.40825E+11	9.73743E-8	-1.36618E+1	1.92365E-1	-7.76549E-2
5.41000E+11	1.02414E-7	-1.33861E+1	8.87940E-2	1.94861E-1
5.41175E+11	1.17532E-7	-1.28762E+1	-2.03102E-1	1.01573E-1
5.41350E+11	1.29743E-7	-1.19547E+1	-1.27517E-1	-2.17937E-1
5.41525E+11	1.91678E-7	-1.04904E+1	2.63418E-1	-1.41184E-1
5.41700E+11	2.79261E-7	-8.77516E+0	1.14114E-1	3.45774E-1
5.41875E+11	4.15464E-7	-7.09797E+0	-4.41305E-1	1.80435E-2
5.42050E+11	5.47866E-7	-6.15970E+0	1.70495E-1	-4.61575E-1
5.42225E+11	4.44390E-7	-6.75848E+0	3.22924E-1	3.26583E-1
5.42400E+11	3.15553E-7	-8.36109E+0	-3.43250E-1	1.67405E-1
5.42575E+11	1.99555E-7	-9.89473E+0	-6.00608E-2	-3.14398E-1
5.42750E+11	1.40151E-7	-1.12440E+1	2.73094E-1	2.26472E-2
5.42925E+11	1.17850E-7	-1.21891E+1	-9.67859E-2	2.25919E-1
5.43100E+11	1.15401E-7	-1.28771E+1	-1.67333E-1	-1.53484E-1
5.43275E+11	1.03677E-7	-1.33201E+1	1.87857E-1	-1.06147E-1
5.43450E+11	8.89878E-8	-1.36336E+1	5.27797E-2	2.01319E-1
5.43625E+11	9.73975E-8	-1.35353E+1	-2.10151E-1	1.19867E-2
5.43800E+11	9.66789E-8	-1.29394E+1	2.67754E-2	-2.23845E-1
5.43975E+11	1.32685E-7	-1.19349E+1	2.37410E-1	8.76668E-2
5.44150E+11	1.80706E-7	-1.08964E+1	-1.81621E-1	2.19918E-1
5.44325E+11	2.45517E-7	-9.53225E+0	-1.71795E-1	-2.86109E-1
5.44500E+11	3.43204E-7	-8.41388E+0	3.76561E-1	-4.78005E-2
5.44675E+11	3.90176E-7	-7.97100E+0	-1.40141E-1	3.74048E-1
5.44850E+11	3.32000E-7	-8.82563E+0	-2.59835E-1	-2.52062E-1
5.45025E+11	2.11764E-7	-1.05201E+1	2.60399E-1	-1.44587E-1
5.45200E+11	1.54223E-7	-1.21524E+1	7.75122E-2	2.34333E-1
5.45375E+11	9.77101E-8	-1.32849E+1	-2.13902E-1	3.43789E-2
5.45550E+11	8.34041E-8	-1.41053E+1	-1.40651E-2	-1.96619E-1
5.45725E+11	7.47049E-8	-1.45576E+1	1.86418E-1	1.61959E-2
5.45900E+11	6.47479E-8	-1.45645E+1	-4.58350E-2	1.81266E-1
5.46075E+11	7.67049E-8	-1.45824E+1	-1.71539E-1	-7.34062E-2
5.46250E+11	7.31111E-8	-1.43148E+1	9.67988E-2	-1.66303E-1
5.46425E+11	7.98823E-8	-1.36276E+1	1.62197E-1	1.30640E-1
5.46600E+11	9.47983E-8	-1.26089E+1	-1.81731E-1	1.47698E-1
5.46775E+11	1.21438E-7	-1.11760E+1	-1.12411E-1	-2.52273E-1
5.46950E+11	1.48924E-7	-9.93427E+0	3.18622E-1	2.26522E-3
5.47125E+11	1.77376E-7	-8.87105E+0	-1.78574E-1	3.12727E-1
5.47300E+11	1.46133E-7	-8.69578E+0	-1.60467E-1	-3.30572E-1
5.47475E+11	1.30737E-7	-9.33357E+0	3.40322E-1	2.76720E-2
5.47650E+11	8.43857E-8	-1.07246E+1	-1.38185E-1	2.56003E-1
5.47825E+11	6.03727E-8	-1.21891E+1	-1.80706E-1	-1.66590E-1
5.48000E+11	4.39682E-8	-1.34037E+1	1.66365E-1	-1.34137E-1
5.48175E+11	3.52524E-8	-1.41388E+1	9.86161E-2	1.69804E-1
5.48350E+11	3.19035E-8	-1.47332E+1	-1.71305E-1	6.54254E-2
5.48525E+11	3.10023E-8	-1.48402E+1	-4.00524E-2	-1.76645E-1
5.48700E+11	3.02391E-8	-1.49907E+1	1.77756E-1	-9.65071E-3
5.48875E+11	3.40220E-8	-1.48421E+1	-1.30542E-2	1.80619E-1
5.49050E+11	3.76671E-8	-1.45775E+1	-1.83258E-1	-3.56453E-2
5.49225E+11	4.11906E-8	-1.40586E+1	4.75647E-2	-1.92391E-1
5.49400E+11	5.28052E-8	-1.32289E+1	2.02588E-1	8.06435E-2
5.49575E+11	6.72384E-8	-1.23737E+1	-1.36590E-1	1.98083E-1
5.49750E+11	8.05503E-8	-1.16987E+1	-1.53803E-1	-2.09699E-1
5.49925E+11	8.40940E-8	-1.16632E+1	2.55122E-1	-5.56451E-2
5.50100E+11	7.63775E-8	-1.23054E+1	-3.93939E-2	2.39288E-1
5.50275E+11	6.08940E-8	-1.30896E+1	-1.95235E-1	-1.04779E-1
5.50450E+11	6.09664E-8	-1.40050E+1	1.40570E-1	-1.41439E-1
5.50625E+11	4.53720E-8	-1.49803E+1	9.77927E-2	1.49006E-1
5.50800E+11	3.83078E-8	-1.56543E+1	-1.52207E-1	6.35081E-2
5.50975E+11	3.81768E-8	-1.60627E+1	-2.60631E-2	-1.55175E-1
5.51150E+11	3.72673E-8	-1.63432E+1	1.52233E-1	5.95646E-3
5.51325E+11	3.72868E-8	-1.64387E+1	-3.30747E-2	1.47009E-1
5.51500E+11	3.65073E-8	-1.63149E+1	-1.43239E-1	-5.33357E-2
5.51675E+11	3.98258E-8	-1.59557E+1	7.49607E-2	-1.40560E-1
5.51850E+11	4.43935E-8	-1.55101E+1	1.32684E-1	1.02534E-1
5.52025E+11	4.70069E-8	-1.51841E+1	-1.36493E-1	1.08075E-1
5.52200E+11	5.57977E-8	-1.48809E+1	-7.56710E-2	-1.63633E-1
5.52375E+11	5.69450E-8	-1.47084E+1	1.81094E-1	-3.19948E-2
5.52550E+11	5.34582E-8	-1.49536E+1	-1.50114E-2	1.78150E-1
5.52725E+11	5.32477E-8	-1.55050E+1	-1.57355E-1	-5.82323E-2
5.52900E+11	3.94912E-8	-1.63528E+1	9.36723E-2	-1.19936E-1
5.53075E+11	3.46534E-8	-1.73922E+1	7.28172E-2	1.13698E-1
5.53250E+11	2.86747E-8	-1.82725E+1	-1.17808E-1	3.17228E-2
5.53425E+11	2.12534E-8	-1.92899E+1	7.80229E-3	-1.08238E-1
5.53600E+11	1.77768E-8	-2.01746E+1	8.82444E-2	4.26482E-2
5.53775E+11	1.44952E-8	-2.10725E+1	-6.23380E-2	6.26554E-2
5.53950E+11	1.10937E-8	-2.15500E+1	-3.25503E-2	-7.70647E-2
5.54125E+11	1.08367E-8	-2.21138E+1	7.83978E-2	-3.91526E-4
5.54300E+11	9.90414E-9	-2.26070E+1	-2.85002E-2	6.83689E-2
5.54475E+11	7.98550E-9	-2.31018E+1	-5.42705E-2	-4.41647E-2
5.54650E+11	7.98568E-9	-2.33365E+1	5.87508E-2	-3.44465E-2
5.54825E+11	6.87823E-9	-2.39022E+1	1.37887E-2	6.23024E-2
5.55000E+11	4.87846E-9	-2.46468E+1	-5.80942E-2	-7.43336E-3
5.55175E+11	4.50432E-9	-2.53722E+1	2.52424E-2	-4.75962E-2
5.55350E+11	3.44796E-9	-2.62371E+1	3.06136E-2	3.79635E-2
5.55525E+11	2.73102E-9	-2.70315E+1	-4.26058E-2	1.28673E-2
5.55700E+11	2.02926E-9	-2.85850E+1	1.99625E-3	-3.71640E-2
5.55875E+11	1.73293E-9	-2.88716E+1	3.37646E-2	1.25164E-2
5.56050E+11	1.59281E-9	-2.94742E+1	-2.07726E-2	2.64045E-2
5.56225E+11	1.39738E-9	-3.00452E+1	-1.68943E-2	-2.65373E-2
5.56400E+11	1.25682E-9	-3.04664E+1	2.98283E-2	-2.90552E-3
5.56575E+11	1.03967E-9	-3.05507E+1	-1.17714E-2	2.72460E-2
5.56750E+11	1.13763E-9	-3.03937E+1	-1.89894E-2	-2.35103E-2
5.56925E+11	1.05955E-9	-3.07969E+1	2.80543E-2	-6.73158E-3
5.57100E+11	9.98907E-10	-3.09486E+1	-5.96935E-3	2.77155E-2
5.57275E+11	1.08198E-9	-3.05053E+1	-2.60427E-2	-1.45584E-2
5.57450E+11	1.02423E-9	-3.05007E+1	2.52310E-2	-1.59535E-2
5.57625E+11	1.10252E-9	-3.03952E+1	2.53987E-3	3.01091E-2
5.57800E+11	1.10872E-9	-2.99680E+1	-2.95449E-2	-1.15971E-2
5.57975E+11	1.30846E-9	-2.95526E+1	2.07805E-2	-2.60134E-2
5.58150E+11	1.34899E-9	-2.92680E+1	2.00206E-2	2.79780E-2
5.58325E+11	1.81207E-9	-2.85766E+1	-3.21052E-2	1.88972E-2
5.58500E+11	2.20002E-9	-2.77316E+1	-1.83860E-2	-3.67137E-2
5.58675E+11	2.49932E-9	-2.69930E+1	4.23496E-2	-1.43178E-2
5.58850E+11	3.24013E-9	-2.57452E+1	3.05544E-3	5.15203E-2
5.59025E+11	4.08313E-9	-2.52257E+1	-5.24449E-2	-1.58643E-2
5.59200E+11	4.93207E-9	-2.42744E+1	3.95032E-2	-4.66565E-2
5.59375E+11	5.87242E-9	-2.35621E+1	3.91657E-2	5.35670E-2
5.59550E+11	7.64117E-9	-2.30588E+1	-6.24721E-2	3.22764E-2
5.59725E+11	7.78230E-9	-2.26439E+1	-3.00871E-2	-6.73421E-2
5.59900E+11	1.00871E-8	-2.21699E+1	7.45542E-2	-2.25653E-2
5.60075E+11	1.09435E-8	-2.18637E+1	1.84384E-4	8.06888E-2
5.60250E+11	1.36649E-8	-2.14394E+1	-7.95363E-2	-2.92052E-2
5.60425E+11	1.60319E-8	-2.08949E+1	5.59511E-2	-7.07622E-2
5.60600E+11	1.72913E-8	-2.02588E+1	6.22039E-2	7.45129E-2
5.60775E+11	1.89042E-8	-1.95724E+1	-8.45374E-2	6.23544E-2
5.60950E+11	2.18840E-8	-1.87085E+1	-6.86435E-2	-9.35488E-2
5.61125E+11	2.58256E-8	-1.77876E+1	1.09668E-1	-6.79419E-2
5.61300E+11	3.09594E-8	-1.67595E+1	4.42448E-2	1.38316E-1
5.61475E+11	4.65787E-8	-1.56549E+1	-1.63771E-1	-1.93731E-2
5.61650E+11	5.33623E-8	-1.47232E+1	9.62721E-2	-1.56319E-1
5.61825E+11	6.67034E-8	-1.40937E+1	1.33339E-1	1.45540E-1
5.62000E+11	7.14919E-8	-1.37880E+1	-1.70806E-1	1.12371E-1
5.62175E+11	7.25492E-8	-1.37786E+1	-9.69274E-2	-1.80272E-1
5.62350E+11	6.04394E-8	-1.41888E+1	1.81152E-1	-7.28062E-2
5.62525E+11	6.00359E-8	-1.44603E+1	3.34013E-2	1.86256E-1
5.62700E+11	5.08980E-8	-1.47284E+1	-1.81754E-1	-2.50708E-2
5.62875E+11	5.81148E-8	-1.49521E+1	7.39772E-2	-1.62791E-1
5.63050E+11	4.51412E-8	-1.49343E+1	1.44511E-1	1.05931E-1
5.63225E+11	5.14887E-8	-1.49049E+1	-1.21625E-1	1.32401E-1
5.63400E+11	5.33077E-8	-1.47362E+1	-1.35242E-1	-1.23744E-1
5.63575E+11	6.16196E-8	-1.43373E+1	1.52565E-1	-1.16445E-1
5.63750E+11	7.28872E-8	-1.38689E+1	5.79218E-2	1.94103E-1
5.63925E+11	8.87090E-8	-1.32812E+1	-2.14743E-1	-2.93524E-2
5.64100E+11	1.02110E-7	-1.23554E+1	1.33354E-1	-2.00884E-1
5.64275E+11	1.24661E-7	-1.15670E+1	1.56327E-1	2.12772E-1
5.64450E+11	1.40587E-7	-1.09813E+1	-2.60493E-1	1.09172E-1
5.64625E+11	1.46678E-7	-1.08486E+1	-6.22988E-2	-2.79945E-1
5.64800E+11	1.40651E-7	-1.11865E+1	2.75582E-1	1.21602E-2
5.64975E+11	1.14777E-7	-1.18427E+1	-1.02550E-1	2.34322E-1
5.65150E+11	9.33890E-8	-1.25547E+1	-1.50539E-1	-1.81296E-1
5.65325E+11	7.93650E-8	-1.32127E+1	2.13818E-1	-4.47745E-2
5.65500E+11	7.22631E-8	-1.35211E+1	-2.99221E-2	2.08703E-1
5.65675E+11	7.22006E-8	-1.34501E+1	-1.99257E-1	-7.40351E-2
5.65850E+11	7.19877E-8	-1.31503E+1	1.03384E-1	-1.94229E-1
5.66025E+11	8.80788E-8	-1.28697E+1	1.72300E-1	1.48182E-1
5.66200E+11	7.19172E-8	-1.24597E+1	-2.02595E-1	1.25354E-1
5.66375E+11	7.69923E-8	-1.17947E+1	-3.69765E-2	-2.54526E-1
5.66550E+11	9.80621E-8	-1.09901E+1	2.72585E-1	7.28765E-2
5.66725E+11	1.27174E-7	-1.00453E+1	-1.75843E-1	2.60848E-1
5.66900E+11	1.66317E-7	-8.99232E+0	-2.32345E-1	-2.68572E-1
5.67075E+11	1.65452E-7	-8.10463E+0	3.57523E-1	-1.63995E-1
5.67250E+11	1.88745E-7	-7.65323E+0	1.57804E-2	4.14022E-1
5.67425E+11	1.90579E-7	-7.78255E+0	-3.59366E-1	-1.93605E-1
5.67600E+11	1.65260E-7	-8.57946E+0	3.26376E-1	-1.79364E-1
5.67775E+11	1.40553E-7	-9.60851E+0	1.64825E-2	3.30396E-1
5.67950E+11	1.21032E-7	-1.06361E+1	-2.89028E-1	-5.32797E-2
5.68125E+11	1.04336E-7	-1.13174E+1	5.41682E-2	-2.66272E-1
5.68300E+11	9.00324E-8	-1.18570E+1	2.51300E-1	4.53373E-2
5.68475E+11	9.55611E-8	-1.18999E+1	-3.67172E-2	2.51432E-1
5.68650E+11	8.55711E-8	-1.21483E+1	-2.41502E-1	-5.15203E-2
5.68825E+11	8.45612E-8	-1.22355E+1	1.03100E-1	-2.21664E-1
5.69000E+11	9.60352E-8	-1.19687E+1	1.86360E-1	1.69770E-1
5.69175E+11	1.16677E-7	-1.14821E+1	-2.09490E-1	1.64925E-1
5.69350E+11	1.24249E-7	-1.06293E+1	-1.73696E-1	-2.37361E-1
5.69525E+11	1.68965E-7	-9.83929E+0	2.68727E-1	-1.77639E-1
5.69700E+11	2.06500E-7	-8.87495E+0	1.18101E-1	3.40033E-1
5.69875E+11	2.36610E-7	-8.13692E+0	-3.87720E-1	-5.69540E-2
5.70050E+11	2.47213E-7	-8.09049E+0	3.07395E-1	-2.46434E-1
5.70225E+11	2.19885E-7	-8.48732E+0	-3.53649E-2	3.74721E-1
5.70400E+11	1.97318E-7	-9.36958E+0	-2.51954E-1	-2.28345E-1
5.70575E+11	1.51175E-7	-1.01938E+1	2.83777E-1	-1.22908E-1
5.70750E+11	1.36588E-7	-1.09646E+1	3.84251E-2	2.80369E-1
5.70925E+11	1.24855E-7	-1.13168E+1	-2.67762E-1	-4.63414E-2
5.71100E+11	1.20839E-7	-1.16289E+1	1.54789E-1	-2.11576E-1
5.71275E+11	1.10914E-7	-1.17176E+1	9.07930E-2	2.43086E-1
5.71450E+11	1.12049E-7	-1.15631E+1	-2.59490E-1	-4.93872E-2
5.71625E+11	1.28141E-7	-1.09225E+1	1.63655E-1	-2.32553E-1
5.71800E+11	1.58136E-7	-1.00870E+1	1.84700E-1	2.52789E-1
5.71975E+11	1.71589E-7	-9.41782E+0	-3.18912E-1	1.12430E-1
5.72150E+11	2.00271E-7	-8.39929E+0	-1.52552E-2	-3.79914E-1
5.72325E+11	2.79214E-7	-7.26055E+0	4.14117E-1	1.28121E-1
5.72500E+11	3.27347E-7	-6.43834E+0	-3.22491E-1	3.50817E-1
5.72675E+11	3.28029E-7	-6.38460E+0	-1.79384E-1	-4.44660E-1
5.72850E+11	2.73639E-7	-6.92700E+0	4.47330E-1	-5.29575E-2
5.73025E+11	2.05949E-7	-7.95714E+0	-3.53843E-2	3.98509E-1
5.73200E+11	1.62809E-7	-9.25116E+0	-3.28585E-1	-1.04166E-1
5.73375E+11	1.11316E-7	-1.05670E+1	1.56178E-1	-2.51731E-1
5.73550E+11	1.02588E-7	-1.13231E+1	1.71195E-1	2.10785E-1
5.73725E+11	8.88278E-8	-1.20332E+1	-2.34679E-1	8.68418E-2
5.73900E+11	7.31735E-8	-1.22908E+1	-3.81363E-2	-2.39907E-1
5.74075E+11	8.08993E-8	-1.23925E+1	2.37057E-1	-3.80527E-2
5.74250E+11	9.64877E-8	-1.18645E+1	7.78616E-2	2.42967E-1
5.74425E+11	1.18796E-7	-1.08952E+1	-2.71141E-1	8.86320E-2
5.74600E+11	1.53513E-7	-9.96364E+0	-9.20316E-3	-3.17421E-1
5.74775E+11	1.99712E-7	-8.90081E+0	3.14894E-1	1.72170E-1
5.74950E+11	2.68321E-7	-7.62098E+0	-3.85670E-1	1.55568E-1
5.75125E+11	3.54083E-7	-6.51923E+0	1.23072E-1	-4.55781E-1
5.75300E+11	3.08696E-7	-6.37688E+0	3.30563E-1	3.47905E-1
5.75475E+11	2.65351E-7	-7.38633E+0	-3.93115E-1	1.67345E-1
5.75650E+11	1.63963E-7	-8.67774E+0	-8.79312E-2	-3.57572E-1
5.75825E+11	1.28825E-7	-9.89568E+0	3.19497E-1	-1.87888E-2
5.76000E+11	1.22756E-7	-1.06756E+1	-7.45646E-2	2.82902E-1
5.76175E+11	6.52871E-9	-1.14544E+1	-2.25397E-1	-1.44009E-1
5.76350E+11	2.07191E-9	-1.17063E+1	-1.95060E-2	2.59093E-1
5.76525E+11	6.06683E-9	-1.17050E+1	-2.53652E-1	-5.64894E-2
5.76700E+11	4.87222E-9	-1.14491E+1	5.37864E-2	-2.62177E-1
5.76875E+11	7.43880E-9	-1.07144E+1	2.86619E-1	5.17887E-2
5.77050E+11	8.85690E-9	-9.81500E+0	-6.57293E-2	3.16277E-1
5.77225E+11	1.46875E-8	-8.45150E+0	-3.28579E-1	-1.86751E-1
5.77400E+11	2.28136E-8	-6.80197E+0	4.14246E-1	-1.92964E-1
5.77575E+11	2.36947E-8	-5.54673E+0	-8.11778E-3	5.27974E-1
5.77750E+11	4.02651E-8	-5.20989E+0	-5.22192E-1	-1.69187E-1
5.77925E+11	2.09019E-8	-5.91440E+0	1.86875E-1	-4.70390E-1
5.78100E+11	1.32589E-8	-7.33834E+0	3.85455E-1	1.89728E-1
5.78275E+11	7.93724E-9	-9.12212E+0	-1.99164E-1	2.87638E-1
5.78450E+11	1.04176E-8	-1.04345E+1	-1.89249E-1	-2.33803E-1
5.78625E+11	1.05760E-8	-1.16470E+1	2.54819E-1	-5.92025E-2
5.78800E+11	6.36064E-9	-1.20869E+1	-1.83149E-2	2.48014E-1
5.78975E+11	6.21136E-9	-1.25183E+1	-2.31681E-1	-4.81788E-2
5.79150E+11	7.06532E-9	-1.24375E+1	2.84208E-2	-2.37154E-1
5.79325E+11	1.08180E-8	-1.20739E+1	2.48978E-1	-6.41609E-3
5.79500E+11	1.00689E-8	-1.13683E+1	1.82663E-2	2.69518E-1
5.79675E+11	9.75633E-9	-1.03900E+1	-2.94935E-1	-6.65143E-2
5.79850E+11	1.74739E-8	-8.52585E+0	2.29619E-1	-2.96126E-1
5.80025E+11	1.53575E-8	-6.85564E+0	1.86488E-1	4.14116E-1
5.80200E+11	2.76687E-8	-5.55069E+0	-5.27094E-1	2.71858E-2
5.80375E+11	2.80126E-8	-5.14483E+0	1.53464E-1	-5.31323E-1
5.80550E+11	2.98166E-8	-6.47716E+0	3.91022E-1	2.68616E-1
5.80725E+11	1.36755E-8	-8.30373E+0	-3.10999E-1	2.25972E-1
5.80900E+11	1.33879E-8	-9.85789E+0	-3.91637E-2	-3.19049E-1
5.81075E+11	9.78917E-9	-1.09977E+1	2.62073E-1	1.03887E-1
5.81250E+11	7.08082E-9	-1.17938E+1	-1.83368E-1	1.80390E-1
5.81425E+11	5.22155E-9	-1.18502E+1	-1.49561E-1	-2.07223E-1
5.81600E+11	7.08892E-9	-1.18851E+1	2.03436E-1	-1.52973E-1
5.81775E+11	5.56075E-9	-1.15617E+1	1.57267E-1	2.12281E-1
5.81950E+11	6.56046E-9	-1.11015E+1	-2.29659E-1	1.57655E-1
5.82125E+11	8.54440E-9	-9.87095E+0	-1.03506E-1	-3.03813E-1
5.82300E+11	1.39315E-8	-8.47692E+0	3.73665E-1	4.87949E-2
5.82475E+11	2.15588E-8	-6.93136E+0	-2.62396E-1	3.65859E-1
5.82650E+11	2.37756E-8	-5.26868E+0	-2.41581E-1	-4.88769E-1
5.82825E+11	4.51885E-8	-4.09758E+0	6.23404E-1	2.50712E-2
5.83000E+11	3.80056E-8	-4.57675E+0	-3.29841E-1	4.89697E-1
5.83175E+11	2.08942E-8	-6.53210E+0	-2.05241E-1	-4.24381E-1
5.83350E+11	1.28641E-8	-9.05708E+0	3.51457E-1	-2.69632E-2
5.83525E+11	9.48592E-9	-1.08724E+1	-4.39855E-2	2.82607E-1
5.83700E+11	7.10097E-9	-1.19620E+1	-2.41331E-1	-7.35506E-2
5.83875E+11	5.32579E-9	-1.26841E+1	7.94383E-2	-2.18149E-1
5.84050E+11	6.94306E-9	-1.30319E+1	2.07703E-1	8.13105E-2
5.84225E+11	4.52249E-9	-1.32057E+1	-8.90805E-2	1.99662E-1
5.84400E+11	5.28275E-9	-1.25920E+1	-1.81306E-1	-1.48942E-1
5.84575E+11	7.71616E-9	-1.16564E+1	2.27575E-1	-1.28450E-1
5.84750E+11	1.09184E-8	-1.05401E+1	6.33144E-2	2.90340E-1
5.84925E+11	1.23673E-8	-8.72869E+0	-3.65826E-1	1.33807E-2
5.85100E+11	2.08825E-8	-6.91738E+0	4.34836E-2	-4.48851E-1
5.85275E+11	3.09829E-8	-4.79463E+0	5.36353E-1	2.09442E-1
5.85450E+11	2.85958E-8	-4.22649E+0	-5.18113E-1	3.30812E-1
5.85625E+11	2.25966E-8	-6.03722E+0	5.67348E-2	-4.95809E-1
5.85800E+11	1.88987E-8	-8.18142E+0	2.93297E-1	2.56869E-1
5.85975E+11	8.78717E-9	-9.99550E+0	-2.83565E-1	1.40337E-1
5.86150E+11	5.45518E-9	-1.13079E+1	-9.21893E-2	-2.55923E-1
5.86325E+11	5.56226E-9	-1.18401E+1	2.31235E-1	-1.09510E-1
5.86500E+11	7.52954E-9	-1.25965E+1	1.24177E-1	1.98945E-1
5.86675E+11	5.42231E-9	-1.25577E+1	-2.03284E-1	1.19028E-1
5.86850E+11	6.53872E-9	-1.23452E+1	-7.02812E-2	-2.30943E-1
5.87025E+11	6.01959E-9	-1.19586E+1	2.52358E-1	3.88936E-3
5.87200E+11	8.13358E-9	-1.04210E+1	-6.78907E-2	2.93517E-1
5.87375E+11	1.46068E-8	-8.72847E+0	-3.56007E-1	-8.52875E-2
5.87550E+11	3.07349E-8	-6.84172E+0	9.42883E-2	-4.45019E-1
5.87725E+11	3.96330E-8	-4.65064E+0	5.44931E-1	2.13934E-1
5.87900E+11	4.86659E-8	-3.64481E+0	-4.94627E-1	4.32873E-1
5.88075E+11	4.08834E-8	-4.79040E+0	6.96781E-2	-5.71847E-1
5.88250E+11	2.65454E-8	-7.28103E+0	2.48979E-1	3.53601E-1
5.88425E+11	1.11340E-8	-9.60207E+0	-3.30585E-1	1.75878E-2
5.88600E+11	1.00168E-8	-1.12914E+1	5.02150E-2	-2.67874E-1
5.88775E+11	9.58994E-9	-1.21917E+1	2.43325E-1	3.41162E-2
5.88950E+11	6.12573E-9	-1.25913E+1	-1.01837E-2	2.34438E-1
5.89125E+11	3.10741E-9	-1.28616E+1	-2.26169E-1	-2.42694E-2
5.89300E+11	8.22638E-9	-1.28582E+1	1.03146E-1	-2.02837E-1
5.89475E+11	7.30537E-9	-1.28701E+1	1.31832E-1	1.85098E-1
5.89650E+11	8.29489E-9	-1.19029E+1	-2.50175E-1	4.39878E-2
5.89825E+11	1.04254E-8	-1.06541E+1	2.22525E-2	-2.92444E-1
5.90000E+11	1.06807E-8	-8.63200E+0	3.59546E-1	8.80429E-2
5.90175E+11	2.89313E-8	-6.79387E+0	-1.90578E-1	4.15819E-1
5.90350E+11	2.48856E-8	-4.89200E+0	-3.45163E-1	-4.52827E-1
5.90525E+11	2.69366E-8	-5.01432E+0	5.53357E-1	9.47737E-2
5.90700E+11	1.80536E-8	-7.33010E+0	-3.30229E-1	2.75447E-1
5.90875E+11	1.52819E-8	-9.47562E+0	-1.28975E-1	-3.10159E-1
5.91050E+11	9.97240E-9	-1.12041E+1	2.44641E-1	-1.26243E-1
5.91225E+11	4.79129E-9	-1.23862E+1	1.83308E-1	1.55323E-1
5.91400E+11	3.20239E-9	-1.31711E+1	-6.82334E-2	2.08631E-1
5.91575E+11	5.99382E-9	-1.29763E+1	-2.16166E-1	-6.05405E-2
5.91750E+11	5.11366E-9	-1.27423E+1	1.53131E-1	-1.72433E-1
5.91925E+11	4.18656E-9	-1.26175E+1	1.50460E-2	2.33467E-1
5.92100E+11	5.12495E-9	-1.19700E+1	-1.97834E-1	-1.56191E-1
5.92275E+11	7.95196E-9	-1.07615E+1	2.62672E-1	-1.22146E-1
5.92450E+11	8.37995E-9	-9.39905E+0	1.12988E-1	3.19491E-1
5.92625E+11	2.04539E-8	-7.02749E+0	-4.29214E-1	1.18499E-1
5.92800E+11	2.49071E-8	-5.61251E+0	-4.86502E-2	-5.21789E-1
5.92975E+11	3.29649E-8	-5.00484E+0	4.94485E-1	2.67133E-1
5.93150E+11	2.03963E-8	-6.29481E+0	-4.69898E-1	1.17894E-1
5.93325E+11	1.26423E-8	-8.53400E+0	1.83566E-1	-3.26275E-1
5.93500E+11	7.02177E-9	-1.06246E+1	1.39408E-1	2.59173E-1
5.93675E+11	5.21435E-9	-1.20806E+1	-2.42155E-1	5.74085E-2
5.93850E+11	4.15131E-9	-1.31754E+1	-2.35616E-2	-2.18129E-1
5.94025E+11	4.27739E-9	-1.37335E+1	2.05743E-1	2.79823E-4
5.94200E+11	3.55478E-9	-1.40799E+1	-4.26388E-2	1.93045E-1
5.94375E+11	4.02859E-9	-1.35665E+1	-1.78208E-1	-1.10598E-1
5.94550E+11	4.77538E-9	-1.28427E+1	1.68243E-1	-1.53823E-1
5.94725E+11	6.82271E-9	-1.21873E+1	1.66141E-1	1.81189E-1
5.94900E+11	9.33586E-9	-1.08164E+1	-2.01808E-1	2.05270E-1
5.95075E+11	1.50863E-8	-9.40123E+0	-2.44287E-1	-2.34748E-1
5.95250E+11	2.06721E-8	-7.40215E+0	3.66196E-1	-2.18588E-1
5.95425E+11	2.29327E-8	-6.22629E+0	-9.17887E-3	4.88213E-1
5.95600E+11	3.75803E-8	-7.07561E+0	-3.14325E-1	-3.11901E-1
5.95775E+11	1.80102E-8	-8.87118E+0	3.56967E-1	-4.75119E-2
5.95950E+11	8.00978E-9	-1.05985E+1	-8.62771E-2	2.82281E-1
5.96125E+11	6.66753E-9	-1.20395E+1	-2.25158E-1	-1.08757E-1
5.96300E+11	3.84293E-9	-1.34877E+1	1.02726E-1	-1.85046E-1
5.96475E+11	2.78600E-9	-1.41768E+1	1.63166E-1	1.07700E-1
5.96650E+11	4.08383E-9	-1.41697E+1	-1.26573E-1	1.49213E-1
5.96825E+11	3.51138E-9	-1.34658E+1	-1.28568E-1	-1.68794E-1
5.97000E+11	5.68281E-9	-1.33390E+1	1.87154E-1	-1.06437E-1
5.97175E+11	5.13669E-9	-1.23829E+1	1.08142E-1	2.14655E-1
5.97350E+11	7.51190E-9	-1.09899E+1	-2.64326E-1	9.87358E-2
5.97525E+11	1.04128E-8	-9.19534E+0	-7.07518E-2	-3.39632E-1
5.97700E+11	1.68654E-8	-7.27413E+0	4.20637E-1	1.01911E-1
5.97875E+11	2.02941E-8	-5.87283E+0	-3.74820E-1	3.43748E-1
5.98050E+11	2.36767E-8	-5.67427E+0	-4.93027E-2	-5.17998E-1
5.98225E+11	1.66318E-8	-7.25413E+0	3.87724E-1	1.94565E-1
5.98400E+11	1.51174E-8	-9.34640E+0	-2.45993E-1	2.36069E-1
5.98575E+11	8.39273E-9	-1.14142E+1	-1.39107E-1	-2.29906E-1
5.98750E+11	6.50068E-9	-1.28989E+1	2.19538E-1	-5.56992E-2
5.98925E+11	3.78803E-9	-1.34799E+1	-4.67608E-2	2.06613E-1
5.99100E+11	5.36397E-9	-1.36760E+1	-1.53989E-1	-1.38500E-1
5.99275E+11	5.94572E-9	-1.36489E+1	1.88083E-1	-8.82444E-2
5.99450E+11	8.29190E-9	-1.32024E+1	4.67834E-2	2.13654E-1
5.99625E+11	5.07107E-9	-1.26144E+1	-2.33026E-1	2.16976E-2
5.99800E+11	9.13242E-9	-1.15557E+1	1.43450E-2	-2.63982E-1
5.99975E+11	1.19740E-8	-1.04612E+1	2.86061E-1	8.99718E-2
6.00150E+11	1.41385E-8	-8.70530E+0	-2.53332E-1	2.65621E-1
6.00325E+11	1.91152E-8	-7.05136E+0	-7.77952E-2	-4.37183E-1
6.00500E+11	2.31904E-8	-6.42883E+0	4.19886E-1	2.26421E-1
6.00675E+11	1.67877E-8	-7.50372E+0	-3.37694E-1	2.52267E-1
6.00850E+11	1.40572E-8	-9.74096E+0	-1.67252E-1	-2.79594E-1
6.01025E+11	1.10049E-8	-1.15819E+1	2.40354E-1	-1.08174E-1
6.01200E+11	5.15366E-9	-1.31779E+1	4.64527E-2	2.14358E-1
6.01375E+11	5.40031E-9	-1.42279E+1	-1.91754E-1	-3.17089E-2
6.01550E+11	3.81852E-9	-1.44939E+1	1.00750E-1	-1.59313E-1
6.01725E+11	3.25545E-9	-1.42604E+1	1.21740E-1	1.50575E-1
6.01900E+11	3.81210E-9	-1.37881E+1	-1.65892E-1	1.19503E-1
6.02075E+11	3.58071E-9	-1.29220E+1	-1.55207E-1	-1.64126E-1
6.02250E+11	6.67068E-9	-1.19817E+1	1.64429E-1	-1.90594E-1
6.02425E+11	9.03283E-9	-1.07590E+1	2.05522E-1	2.04269E-1
6.02600E+11	1.36242E-8	-9.36663E+0	-3.18813E-1	1.18570E-1
6.02775E+11	1.58698E-8	-7.71376E+0	1.67697E-1	-3.75719E-1
6.02950E+11	1.88199E-8	-6.53599E+0	6.53628E-2	4.66639E-1
6.03125E+11	2.65472E-8	-6.89090E+0	-3.15763E-1	-3.23876E-1
6.03300E+11	1.99676E-8	-8.40209E+0	3.76551E-1	-5.18076E-2
6.03475E+11	8.05638E-9	-1.05116E+1	-5.73534E-2	2.92570E-1
6.03650E+11	5.45672E-9	-1.20139E+1	-2.41179E-1	-6.87502E-2
6.03825E+11	3.53597E-9	-1.31471E+1	5.51454E-2	-2.13093E-1
6.04000E+11	2.77404E-9	-1.36745E+1	1.98269E-1	5.99846E-2
6.04175E+11	4.24448E-9	-1.38827E+1	-3.88457E-2	1.98473E-1
6.04350E+11	3.51189E-9	-1.37109E+1	-2.00167E-1	-4.98457E-2
6.04525E+11	3.37285E-9	-1.33067E+1	7.91291E-2	-2.01098E-1
6.04700E+11	4.87140E-9	-1.21405E+1	2.14688E-1	1.22457E-1
6.04875E+11	4.74641E-9	-1.13969E+1	-1.79462E-1	2.00721E-1
6.05050E+11	6.19663E-9	-1.07263E+1	-1.76577E-1	-2.31131E-1
6.05225E+11	1.20984E-8	-9.10036E+0	3.25448E-1	-1.30768E-1
6.05400E+11	2.04637E-8	-7.50581E+0	-1.29620E-2	4.21215E-1
6.05575E+11	2.65995E-8	-6.99568E+0	-3.89898E-1	-2.18414E-1
6.05750E+11	1.16044E-8	-8.53158E+0	2.96616E-1	-2.28581E-1
6.05925E+11	1.14942E-8	-1.03283E+1	1.33768E-1	2.73542E-1
6.06100E+11	3.56995E-9	-1.17811E+1	-2.42508E-1	8.68727E-2
6.06275E+11	3.75545E-9	-1.29701E+1	-5.67675E-2	-2.17353E-1
6.06450E+11	4.93123E-9	-1.38459E+1	1.98829E-1	-4.14146E-2
6.06625E+11	3.32288E-9	-1.41052E+1	3.36834E-2	1.94224E-1
6.06800E+11	3.37079E-9	-1.41449E+1	-1.96185E-1	4.01620E-3
6.06975E+11	4.17007E-9	-1.35145E+1	3.08473E-2	-2.08730E-1
6.07150E+11	6.34007E-9	-1.29999E+1	2.13539E-1	6.72378E-2
6.07325E+11	5.48138E-9	-1.21930E+1	-1.04509E-1	2.22333E-1
6.07500E+11	9.18732E-9	-1.10964E+1	-2.38804E-1	-1.43741E-1
6.07675E+11	8.48335E-9	-9.79703E+0	1.95263E-1	-2.58180E-1
6.07850E+11	1.30784E-8	-7.79880E+0	2.83299E-1	2.92824E-1
6.08025E+11	1.48081E-8	-6.38537E+0	-4.17976E-1	2.34852E-1
6.08200E+11	2.00211E-8	-6.69916E+0	-1.15031E-1	-4.47890E-1
6.08375E+11	1.02607E-8	-8.24912E+0	3.85580E-1	-3.13336E-2
6.08550E+11	8.25660E-9	-1.01072E+1	-1.35574E-2	3.12054E-1
6.08725E+11	6.30477E-9	-1.15276E+1	-2.62038E-1	-4.10234E-2
6.08900E+11	6.88530E-9	-1.21904E+1	7.30704E-2	-2.34629E-1
6.09075E+11	5.35897E-9	-1.25353E+1	2.13396E-1	1.01201E-1
6.09250E+11	4.70281E-9	-1.26468E+1	-1.25613E-1	1.96435E-1
6.09425E+11	7.19871E-9	-1.21126E+1	-2.10458E-1	-1.31103E-1
6.09600E+11	6.68582E-9	-1.14180E+1	1.53718E-1	-2.20260E-1
6.09775E+11	6.34970E-9	-1.12659E+1	1.95122E-1	1.91423E-1
6.09950E+11	7.27801E-9	-1.10633E+1	-2.29605E-1	1.59892E-1
6.10125E+11	9.99061E-9	-1.01272E+1	-1.04633E-1	-2.93540E-1
6.10300E+11	1.12530E-8	-8.37423E+0	3.80205E-1	2.91311E-2
6.10475E+11	1.94949E-8	-6.60876E+0	-2.74891E-1	3.77850E-1
6.10650E+11	3.13347E-8	-6.16544E+0	-1.71609E-1	-4.60815E-1
6.10825E+11	1.65839E-8	-7.51492E+0	4.18023E-1	4.97453E-2
6.11000E+11	1.04919E-8	-9.49711E+0	-1.46124E-1	3.01537E-1
6.11175E+11	9.35975E-9	-1.12614E+1	-2.00998E-1	-1.85452E-1
6.11350E+11	8.14931E-9	-1.22231E+1	2.14844E-1	-1.17382E-1
6.11525E+11	5.78963E-9	-1.31488E+1	4.49428E-2	2.15432E-1
6.11700E+11	5.42661E-9	-1.31033E+1	-2.21061E-1	-8.49368E-3
6.11875E+11	2.73116E-9	-1.25754E+1	3.82972E-2	-2.31947E-1
6.12050E+11	5.71069E-9	-1.20337E+1	2.41276E-1	6.62898E-2
6.12225E+11	8.02435E-9	-1.13305E+1	-1.27208E-1	2.39648E-1
6.12400E+11	6.28827E-9	-1.10897E+1	-1.90929E-1	-2.03361E-1
6.12575E+11	8.24401E-9	-1.05163E+1	2.57966E-1	-1.49147E-1
6.12750E+11	1.07949E-8	-8.95953E+0	8.45206E-2	3.46305E-1
6.12925E+11	1.57626E-8	-6.86693E+0	-4.53528E-1	-6.80234E-3
6.13100E+11	2.76320E-8	-5.56472E+0	2.07266E-1	-4.84469E-1
6.13275E+11	1.12368E-8	-6.10249E+0	3.38086E-1	3.61978E-1
6.13450E+11	9.84632E-9	-7.57648E+0	-3.90062E-1	1.50250E-1
6.13625E+11	5.76769E-9	-9.17427E+0	7.72818E-3	-3.47680E-1
6.13800E+11	6.35719E-9	-1.05411E+1	2.64451E-1	1.35468E-1
6.13975E+11	4.16434E-9	-1.14792E+1	-2.40253E-1	1.15812E-1
6.14150E+11	4.25729E-9	-1.17477E+1	1.59078E-2	-2.58103E-1
6.14325E+11	3.63711E-9	-1.22879E+1	2.27674E-1	8.49315E-2
6.14500E+11	3.47333E-9	-1.15470E+1	-1.07589E-1	2.41777E-1
6.14675E+11	3.74814E-9	-1.05406E+1	-2.70379E-1	-1.23252E-1
6.14850E+11	5.90632E-9	-1.03908E+1	1.42246E-1	-2.66758E-1
6.15025E+11	6.24040E-9	-9.95353E+0	2.43274E-1	2.04679E-1
6.15200E+11	9.59702E-9	-9.25052E+0	-2.62947E-1	2.22923E-1
6.15375E+11	1.58334E-8	-7.31536E+0	-2.24464E-1	-3.67651E-1
6.15550E+11	2.09367E-8	-5.55114E+0	4.97635E-1	-1.75778E-1
6.15725E+11	2.23157E-8	-5.83940E+0	5.06923E-2	5.08017E-1
6.15900E+11	1.06775E-8	-7.98796E+0	-3.95907E-1	-4.67626E-2
6.16075E+11	8.06977E-9	-9.33508E+0	1.38063E-1	-3.12223E-1
6.16250E+11	5.99679E-9	-1.08944E+1	1.63870E-1	2.33525E-1
6.16425E+11	7.40743E-9	-1.22072E+1	-2.44817E-1	-1.48610E-2
6.16600E+11	4.52777E-9	-1.27656E+1	1.32936E-1	-1.87686E-1
6.16775E+11	3.73766E-9	-1.33983E+1	1.18026E-1	1.78315E-1
6.16950E+11	4.36663E-9	-1.32514E+1	-1.95542E-1	9.52043E-2
6.17125E+11	4.90437E-9	-1.25975E+1	-7.95697E-2	-2.20576E-1
6.17300E+11	7.47930E-9	-1.14589E+1	2.67122E-1	-1.06588E-2
6.17475E+11	8.14171E-9	-1.05695E+1	-1.30095E-1	2.66056E-1
6.17650E+11	1.48802E-8	-9.69841E+0	-1.80921E-1	-2.72871E-1
6.17825E+11	1.21278E-8	-8.01456E+0	3.90981E-1	-7.13643E-2
6.18000E+11	2.47915E-8	-5.50569E+0	-1.57646E-1	5.06573E-1
6.18175E+11	3.62111E-8	-4.36330E+0	-3.63020E-1	-4.84124E-1
6.18350E+11	2.56201E-8	-5.65916E+0	5.19982E-1	-3.62636E-2
6.18525E+11	9.04685E-9	-7.63690E+0	-1.53470E-1	3.85690E-1
6.18700E+11	1.01023E-8	-9.27294E+0	-2.57079E-1	-2.28329E-1
6.18875E+11	5.74929E-9	-9.94673E+0	2.68592E-1	-1.70565E-1
6.19050E+11	7.86548E-9	-1.05321E+1	1.16984E-1	2.73464E-1
6.19225E+11	4.92036E-9	-1.14311E+1	-2.45686E-1	1.07539E-1
6.19400E+11	4.81820E-9	-1.17315E+1	-1.27136E-1	-2.25733E-1
6.19575E+11	3.06221E-9	-1.13196E+1	2.34470E-1	-1.37191E-1
6.19750E+11	4.36594E-9	-1.06941E+1	7.99197E-2	2.80788E-1
6.19925E+11	7.27649E-9	-9.52986E+0	-3.24949E-1	-7.64268E-2
6.20100E+11	8.86112E-9	-8.49723E+0	2.46098E-1	-2.84218E-1
6.20275E+11	1.74332E-8	-7.17503E+0	2.12635E-1	3.82663E-1
6.20450E+11	2.13523E-8	-5.08850E+0	-5.55726E-1	-3.18924E-2
6.20625E+11	4.14392E-8	-3.82658E+0	4.78186E-1	-4.30888E-1
6.20800E+11	1.95812E-8	-4.95559E+0	-7.16352E-2	5.60666E-1
6.20975E+11	1.21108E-8	-7.33183E+0	-2.69875E-1	-3.34688E-1
6.21150E+11	8.87916E-9	-9.47904E+0	3.35417E-1	-1.54953E-2
6.21325E+11	5.82720E-9	-1.12362E+1	-1.23988E-1	2.44654E-1
6.21500E+11	3.79758E-9	-1.23761E+1	-1.59323E-1	-1.80214E-1
6.21675E+11	4.82377E-9	-1.30353E+1	1.92100E-1	-1.13182E-1
6.21850E+11	2.28443E-9	-1.34452E+1	6.11336E-2	2.03712E-1
6.22025E+11	3.27137E-9	-1.31217E+1	-2.20668E-1	6.30183E-3
6.22200E+11	4.08358E-9	-1.22171E+1	5.57294E-2	-2.38565E-1
6.22375E+11	6.29378E-9	-1.10804E+1	2.38734E-1	1.44850E-1
6.22550E+11	6.85279E-9	-9.73675E+0	-2.27827E-1	2.33118E-1
6.22725E+11	9.63422E-9	-8.34435E+0	-2.30574E-1	-3.05358E-1
6.22900E+11	1.34697E-8	-6.03150E+0	4.42518E-1	-2.31411E-1
6.23075E+11	3.38899E-8	-4.49371E+0	1.32611E-1	5.81155E-1
6.23250E+11	2.95736E-8	-4.59404E+0	-5.70768E-1	-1.46411E-1
6.23425E+11	1.79529E-8	-6.35399E+0	4.19191E-1	-2.36232E-1
6.23600E+11	1.32031E-8	-8.32774E+0	-5.15738E-2	3.79881E-1
6.23775E+11	6.89295E-9	-9.89920E+0	-2.80952E-1	-1.53017E-1
6.23950E+11	3.51002E-9	-1.13019E+1	1.76077E-1	-2.07593E-1
6.24125E+11	3.39834E-9	-1.24473E+1	1.80565E-1	1.55939E-1
6.24300E+11	3.15549E-9	-1.23734E+1	-1.50578E-1	1.87679E-1
6.24475E+11	3.95896E-9	-1.19136E+1	-1.98226E-1	-1.58333E-1
6.24650E+11	6.55065E-9	-1.08662E+1	2.17469E-1	-1.86082E-1
6.24825E+11	6.02710E-9	-9.96831E+0	1.86480E-1	2.56822E-1
6.25000E+11	8.72976E-9	-8.96250E+0	-2.95756E-1	1.98777E-1
6.25175E+11	7.10495E-9	-7.57905E+0	-2.53805E-1	-3.31969E-1
6.25350E+11	1.45812E-8	-5.56077E+0	4.29148E-1	-3.06193E-1
6.25525E+11	2.37760E-8	-3.56567E+0	2.05534E-1	6.30663E-1
6.25700E+11	2.21478E-8	-3.68362E+0	-6.24590E-1	-1.95139E-1
6.25875E+11	2.21847E-8	-5.71692E+0	3.88898E-1	-3.41855E-1
6.26050E+11	1.47008E-8	-7.55312E+0	1.50735E-1	3.91082E-1
6.26225E+11	9.22313E-9	-9.38878E+0	-3.31684E-1	7.14020E-2
6.26400E+11	4.32534E-9	-1.13420E+1	-3.18242E-2	-2.69082E-1
6.26575E+11	2.60442E-9	-1.28840E+1	2.23356E-1	-3.98504E-2
6.26750E+11	3.92388E-9	-1.34572E+1	1.11545E-2	2.12100E-1
6.26925E+11	2.77376E-9	-1.34705E+1	-2.04439E-1	-5.63655E-2
6.27100E+11	4.29964E-9	-1.31658E+1	1.56189E-1	-1.54423E-1
6.27275E+11	4.87417E-9	-1.21330E+1	6.47017E-2	2.38759E-1
6.27450E+11	8.23335E-9	-1.10033E+1	-2.72515E-1	-7.14707E-2
6.27625E+11	1.24366E-8	-9.47057E+0	2.31106E-1	-2.44038E-1
6.27800E+11	2.24494E-8	-7.43598E+0	1.63812E-1	3.91962E-1
6.27975E+11	1.44372E-8	-5.19993E+0	-5.48435E-1	-3.49211E-2
6.28150E+11	4.09824E-8	-4.18193E+0	3.96867E-1	-4.73573E-1
6.28325E+11	2.08062E-8	-5.18081E+0	6.33010E-2	5.47106E-1
6.28500E+11	1.50320E-8	-7.23375E+0	-4.08391E-1	-1.49292E-1
6.28675E+11	9.63095E-9	-9.23695E+0	1.72749E-1	-2.98941E-1
6.28850E+11	4.85554E-9	-1.03109E+1	2.52043E-1	1.71949E-1
6.29025E+11	4.70285E-9	-1.10365E+1	-1.81097E-1	2.14409E-1
6.29200E+11	3.19422E-9	-1.18872E+1	-1.62458E-1	-1.95864E-1
6.29375E+11	3.42854E-9	-1.16522E+1	2.24194E-1	-1.34510E-1
6.29550E+11	2.59412E-9	-1.16182E+1	6.90995E-2	2.53217E-1
6.29725E+11	4.79568E-9	-1.07405E+1	-2.90384E-1	1.02345E-3
6.29900E+11	5.85523E-9	-9.83394E+0	5.70635E-2	-3.17241E-1
6.30075E+11	5.36252E-9	-8.59299E+0	3.48591E-1	1.29405E-1
6.30250E+11	6.52125E-9	-6.75563E+0	-2.03323E-1	4.11989E-1
6.30425E+11	1.65734E-8	-4.62161E+0	-3.44474E-1	-4.75766E-1
6.30600E+11	2.57527E-8	-3.04329E+0	7.04161E-1	1.93091E-2
6.30775E+11	2.66323E-8	-3.38078E+0	-4.64835E-1	4.92995E-1
6.30950E+11	1.56765E-8	-5.67919E+0	-1.07998E-1	-5.08707E-1
6.31125E+11	1.40146E-8	-8.27137E+0	3.77266E-1	8.09898E-2
6.31300E+11	8.44125E-9	-1.03334E+1	-1.25074E-1	2.77429E-1
6.31475E+11	3.81097E-9	-1.22545E+1	-2.04784E-1	-1.32544E-1
6.31650E+11	3.09883E-9	-1.33650E+1	1.52225E-1	-1.51349E-1
6.31825E+11	3.76627E-9	-1.35445E+1	1.04107E-1	1.82688E-1
6.32000E+11	2.48419E-9	-1.37298E+1	-1.98330E-1	5.50623E-2
6.32175E+11	4.20054E-9	-1.37360E+1	-2.38911E-2	-2.04292E-1
6.32350E+11	2.76553E-9	-1.29892E+1	2.22764E-1	-2.48878E-2
6.32525E+11	5.01944E-9	-1.18065E+1	5.14735E-2	2.51638E-1
6.32700E+11	5.92568E-9	-9.88131E+0	-3.18290E-1	3.82385E-2
6.32875E+11	9.80915E-9	-7.85224E+0	6.92940E-2	-3.98965E-1
6.33050E+11	1.09575E-8	-6.34120E+0	4.00824E-1	2.67488E-1
6.33225E+11	1.97669E-8	-5.44135E+0	-4.78591E-1	2.37952E-1
6.33400E+11	1.71959E-8	-6.42374E+0	-1.81352E-2	-4.76979E-1
6.33575E+11	7.15897E-9	-8.66646E+0	3.55224E-1	9.87818E-2
6.33750E+11	5.88505E-9	-1.05463E+1	-1.33747E-1	2.65124E-1
6.33925E+11	2.36825E-9	-1.17873E+1	-2.05339E-1	-1.55240E-1
6.34100E+11	3.83233E-9	-1.25648E+1	1.77591E-1	-1.54478E-1
6.34275E+11	3.02325E-9	-1.28223E+1	1.25706E-1	1.90813E-1
6.34450E+11	2.63582E-9	-1.30532E+1	-1.92104E-1	1.12272E-1
6.34625E+11	3.08635E-9	-1.22083E+1	-1.31212E-1	-2.07183E-1
6.34800E+11	3.95479E-9	-1.15358E+1	1.89514E-1	-1.85194E-1
6.34975E+11	5.11011E-9	-1.02526E+1	2.39557E-1	1.92254E-1
6.35150E+11	9.26182E-9	-8.48680E+0	-2.60957E-1	2.71266E-1
6.35325E+11	1.39131E-8	-6.48525E+0	-2.65933E-1	-3.92318E-1
6.35500E+11	2.16515E-8	-4.82997E+0	5.52225E-1	-1.54602E-1
6.35675E+11	2.18771E-8	-4.11623E+0	-1.47991E-1	6.04725E-1
6.35850E+11	1.68595E-8	-5.62505E+0	-4.02602E-1	-3.34291E-1
6.36025E+11	1.29905E-8	-7.26205E+0	3.46447E-1	-2.60418E-1
6.36200E+11	6.48096E-9	-8.96842E+0	1.43717E-1	3.25817E-1
6.36375E+11	8.19391E-9	-1.07992E+1	-2.83730E-1	5.18639E-2
6.36550E+11	4.23001E-9	-1.25519E+1	1.26343E-2	-2.35387E-1
6.36725E+11	3.10304E-9	-1.34868E+1	2.00996E-1	6.63688E-2
6.36900E+11	3.03392E-9	-1.42236E+1	-1.06166E-1	1.62916E-1
6.37075E+11	3.74357E-9	-1.41441E+1	-1.29288E-1	-1.47634E-1
6.37250E+11	4.41317E-9	-1.37612E+1	1.80339E-1	-9.76651E-2
6.37425E+11	4.95135E-9	-1.34875E+1	7.27891E-2	1.98742E-1
6.37600E+11	1.00323E-8	-1.13278E+1	-2.69393E-1	3.29407E-2
6.37775E+11	1.66091E-8	-9.24268E+0	1.17342E-1	-3.24471E-1
6.37950E+11	1.22281E-8	-7.34989E+0	2.33280E-1	3.60086E-1
6.38125E+11	2.46719E-8	-5.96168E+0	-4.85158E-1	-1.34299E-1
6.38300E+11	1.40883E-8	-6.80079E+0	4.30888E-1	-1.52406E-1
6.38475E+11	9.62356E-9	-8.90866E+0	-1.34915E-1	3.32214E-1
6.38650E+11	6.63934E-9	-1.10261E+1	-1.90227E-1	-2.06810E-1
6.38825E+11	2.71317E-9	-1.23779E+1	2.13789E-1	-1.10142E-1
6.39000E+11	5.42582E-9	-1.29188E+1	6.59683E-2	2.16131E-1
6.39175E+11	2.90229E-9	-1.34105E+1	-2.11272E-1	3.10260E-2
6.39350E+11	2.45712E-9	-1.35657E+1	-8.58923E-3	-2.09581E-1
6.39525E+11	2.68562E-9	-1.29734E+1	2.23273E-1	2.39911E-2
6.39700E+11	1.95973E-9	-1.27207E+1	-7.53120E-2	2.18578E-1
6.39875E+11	3.75006E-9	-1.18893E+1	-2.23967E-1	-1.20677E-1
6.40050E+11	5.12380E-9	-1.03373E+1	1.59667E-1	-2.58908E-1
6.40225E+11	9.62283E-9	-8.23670E+0	2.84641E-1	2.62797E-1
6.40400E+11	1.07333E-8	-5.66257E+0	-4.67555E-1	2.29947E-1
6.40575E+11	2.02996E-8	-4.14999E+0	4.58002E-2	-6.18462E-1
6.40750E+11	2.25032E-8	-4.46573E+0	3.74760E-1	4.66025E-1
6.40925E+11	1.25916E-8	-6.77540E+0	-4.58166E-1	-1.41555E-2
6.41100E+11	6.70781E-9	-9.24148E+0	1.64748E-1	-3.03219E-1
6.41275E+11	3.14256E-9	-1.14803E+1	1.85259E-1	1.91821E-1
6.41450E+11	2.48819E-9	-1.31947E+1	-1.44582E-1	1.64371E-1
6.41625E+11	2.81608E-9	-1.38674E+1	-1.80867E-1	-9.12821E-2
6.41800E+11	1.46317E-9	-1.43741E+1	7.64877E-2	-1.75141E-1
6.41975E+11	1.71489E-9	-1.42089E+1	1.69748E-1	9.55342E-2
6.42150E+11	2.66895E-9	-1.40098E+1	-1.10608E-1	1.65793E-1
6.42325E+11	1.79107E-9	-1.32033E+1	-1.65801E-1	-1.42605E-1
6.42500E+11	2.33229E-9	-1.23327E+1	1.82895E-1	-1.58088E-1
6.42675E+11	6.88071E-9	-1.03385E+1	1.34498E-1	2.72787E-1
6.42850E+11	7.49537E-9	-8.58255E+0	-3.68957E-1	4.96500E-2
6.43025E+11	1.31227E-8	-7.48948E+0	6.80175E-2	-4.16693E-1
6.43200E+11	8.40303E-9	-7.39098E+0	3.84696E-1	1.85358E-1
6.43375E+11	8.03360E-9	-9.13219E+0	-2.26444E-1	2.66161E-1
6.43550E+11	6.93885E-9	-1.06597E+1	-1.70104E-1	-2.38687E-1
6.43725E+11	4.93859E-9	-1.23522E+1	2.16978E-1	-1.05364E-1
6.43900E+11	2.16142E-9	-1.35490E+1	7.62813E-2	1.95827E-1
6.44075E+11	2.29350E-9	-1.44791E+1	-1.85363E-1	3.59531E-2
6.44250E+11	1.47201E-9	-1.50576E+1	-1.81438E-2	-1.75719E-1
6.44425E+11	1.97855E-9	-1.47326E+1	1.83115E-1	1.00088E-2
6.44600E+11	2.69487E-9	-1.44483E+1	-3.65231E-2	1.85936E-1
6.44775E+11	2.14959E-9	-1.29976E+1	-2.00524E-1	-9.96831E-2
6.44950E+11	3.84853E-9	-1.14867E+1	1.97883E-1	-1.78478E-1
6.45125E+11	4.19819E-9	-9.05823E+0	1.01082E-1	3.37636E-1
6.45300E+11	6.54407E-9	-7.30605E+0	-4.29637E-1	-3.68994E-2
6.45475E+11	9.81979E-9	-5.68028E+0	2.73989E-1	-4.41937E-1
6.45650E+11	1.45065E-8	-5.28002E+0	2.61837E-1	4.77413E-1
6.45825E+11	7.11044E-9	-6.51478E+0	-4.71235E-1	3.23994E-2
6.46000E+11	5.40231E-9	-8.53553E+0	4.73298E-2	-3.71299E-1
6.46175E+11	5.17500E-9	-9.26405E+0	3.13631E-1	1.41781E-1
6.46350E+11	3.21828E-9	-1.05043E+1	-1.95828E-1	2.25139E-1
6.46525E+11	2.97941E-9	-1.17542E+1	-1.50813E-1	-2.09821E-1
6.46700E+11	2.60043E-9	-1.26805E+1	2.07439E-1	-1.04471E-1
6.46875E+11	2.10347E-9	-1.29685E+1	6.25509E-2	2.15803E-1
6.47050E+11	2.13008E-9	-1.33162E+1	-2.12273E-1	3.92379E-2
6.47225E+11	2.26801E-9	-1.33350E+1	-1.22896E-2	-2.15051E-1
6.47400E+11	2.23058E-9	-1.24807E+1	2.36966E-1	1.82066E-2
6.47575E+11	4.27352E-9	-1.06987E+1	-8.04303E-2	2.80481E-1
6.47750E+11	5.71108E-9	-8.90776E+0	-3.12456E-1	-1.75973E-1
6.47925E+11	8.57027E-9	-7.50941E+0	2.95059E-1	-3.00638E-1
6.48100E+11	1.76553E-8	-6.84645E+0	1.52879E-1	4.28176E-1
6.48275E+11	1.29970E-8	-7.55192E+0	-4.03928E-1	-1.12057E-1
6.48450E+11	9.06765E-9	-9.29937E+0	2.44011E-1	-2.40760E-1
6.48625E+11	4.77217E-9	-1.13012E+1	9.05251E-2	2.56742E-1
6.48800E+11	2.36269E-9	-1.31074E+1	-2.20108E-1	-2.11506E-2
6.48975E+11	2.66180E-9	-1.38477E+1	7.86938E-2	-1.87188E-1
6.49150E+11	1.83167E-9	-1.48325E+1	1.38334E-1	1.17176E-1
6.49325E+11	1.29418E-9	-1.57568E+1	-1.38427E-1	8.60443E-2
6.49500E+11	1.47941E-9	-1.60661E+1	-7.10973E-2	-1.40302E-1
6.49675E+11	1.07616E-9	-1.62962E+1	1.42481E-1	-5.62328E-2
6.49850E+11	1.04187E-9	-1.55697E+1	4.48873E-2	1.60375E-1
6.50025E+11	1.02473E-9	-1.46148E+1	-1.81021E-1	4.22728E-2
6.50200E+11	2.15777E-9	-1.34196E+1	-3.32263E-2	-2.10710E-1
6.50375E+11	2.33929E-9	-1.13215E+1	2.71295E-1	-1.28149E-2
6.50550E+11	3.51315E-9	-9.46467E+0	-2.16493E-2	3.35633E-1
6.50725E+11	6.70785E-9	-8.08223E+0	-3.60665E-1	-1.59492E-1
6.50900E+11	4.55455E-9	-9.14722E+0	2.75720E-1	-2.13717E-1
6.51075E+11	1.68057E-9	-1.14190E+1	9.38438E-2	2.51637E-1
6.51250E+11	1.15013E-9	-1.34469E+1	-2.10731E-1	2.84654E-2
6.51425E+11	1.13773E-9	-1.45461E+1	-6.89051E-3	-1.87242E-1
6.51600E+11	6.71495E-10	-1.59654E+1	1.58517E-1	1.38543E-2
6.51775E+11	5.86299E-10	-1.71626E+1	-3.45153E-2	1.34270E-1
6.51950E+11	3.40911E-10	-1.74103E+1	-1.28999E-1	-3.89010E-2
6.52125E+11	3.17716E-10	-1.75143E+1	2.72083E-2	-1.30323E-1
6.52300E+11	4.66681E-10	-1.69813E+1	1.37895E-1	3.19937E-2
6.52475E+11	7.84243E-10	-1.62072E+1	-2.08275E-2	1.53345E-1
6.52650E+11	9.68301E-10	-1.49812E+1	-1.77661E-1	-1.40185E-2
6.52825E+11	1.31924E-9	-1.35092E+1	7.54241E-3	-2.10989E-1
6.53000E+11	2.27640E-9	-1.13167E+1	2.68595E-1	4.12684E-2
6.53175E+11	2.18240E-9	-1.09627E+1	-1.24414E-1	2.54244E-1
6.53350E+11	3.59326E-9	-1.10844E+1	-1.97656E-1	-1.97067E-1
6.53525E+11	2.73818E-9	-1.24367E+1	2.08887E-1	-1.15873E-1
6.53700E+11	1.39828E-9	-1.38714E+1	5.50535E-2	1.94875E-1
6.53875E+11	1.23741E-9	-1.53268E+1	-1.70765E-1	1.30277E-2
6.54050E+11	7.72283E-10	-1.66120E+1	9.98983E-4	-1.47703E-1
6.54225E+11	5.81292E-10	-1.70983E+1	1.39301E-1	-1.00776E-2
6.54400E+11	7.68290E-10	-1.76401E+1	-1.76099E-2	1.30032E-1
6.54575E+11	5.82249E-10	-1.77112E+1	-1.26810E-1	-2.92935E-2
6.54750E+11	9.33478E-10	-1.65562E+1	6.13401E-2	-1.35413E-1
6.54925E+11	9.43807E-10	-1.52413E+1	1.32501E-1	1.11163E-1
6.55100E+11	9.64203E-10	-1.33082E+1	-1.75405E-1	1.26169E-1
6.55275E+11	1.63765E-9	-1.20056E+1	-8.63217E-2	-2.35718E-1
6.55450E+11	3.41068E-9	-9.63888E+0	3.29412E-1	1.25779E-2
6.55625E+11	3.45292E-9	-8.21330E+0	-2.53548E-1	2.94290E-1
6.55800E+11	5.11637E-9	-8.98540E+0	1.74400E-2	-3.54982E-1
6.55975E+11	2.12802E-9	-1.12735E+1	1.72003E-1	2.12130E-1
6.56150E+11	1.99694E-9	-1.23481E+1	-2.41086E-1	1.06672E-2
6.56325E+11	1.11617E-9	-1.37984E+1	7.28684E-2	-1.90767E-1
6.56500E+11	8.52784E-10	-1.55106E+1	1.55377E-1	6.30341E-2
6.56675E+11	4.06783E-10	-1.62728E+1	-4.50176E-2	1.46844E-1
6.56850E+11	7.93544E-10	-1.59936E+1	-1.54506E-1	-3.58266E-2
6.57025E+11	7.03541E-10	-1.62919E+1	4.76490E-2	-1.45656E-1
6.57200E+11	1.30999E-9	-1.52345E+1	1.29931E-1	1.14362E-1
6.57375E+11	8.50387E-10	-1.46411E+1	-1.70397E-1	7.28804E-2
6.57550E+11	2.10329E-9	-1.33514E+1	2.97521E-4	-2.14997E-1
6.57725E+11	3.16177E-9	-1.16079E+1	2.28078E-1	1.30529E-1
6.57900E+11	5.94042E-9	-9.67519E+0	-2.73244E-1	1.81943E-1
6.58075E+11	6.28329E-9	-8.32865E+0	3.38899E-2	-3.81824E-1
6.58250E+11	3.74739E-9	-1.02632E+1	2.09852E-1	2.23787E-1
6.58425E+11	1.72180E-9	-1.23810E+1	-2.39291E-1	2.31586E-2
6.58600E+11	9.00707E-10	-1.54570E+1	8.26206E-2	-1.47099E-1
6.58775E+11	7.01824E-10	-1.79286E+1	8.00902E-2	9.84751E-2
6.58950E+11	3.88709E-10	-2.01481E+1	-9.00864E-2	3.93583E-2
6.59125E+11	4.08387E-10	-2.16278E+1	-3.35622E-2	-7.58134E-2
6.59300E+11	2.14129E-10	-2.23750E+1	6.97287E-2	-3.04223E-2
6.59475E+11	2.39371E-10	-2.27344E+1	2.03594E-2	7.00962E-2
6.59650E+11	1.83302E-10	-2.34106E+1	-6.57057E-2	1.55735E-2
6.59825E+11	3.39885E-10	-2.16917E+1	4.99700E-4	-8.23009E-2
6.60000E+11	5.56979E-10	-1.94612E+1	1.05430E-1	1.43310E-2
6.60175E+11	9.88051E-10	-1.72361E+1	-4.60295E-2	1.29530E-1
6.60350E+11	1.89885E-9	-1.46224E+1	-1.63107E-1	-8.88328E-2
6.60525E+11	2.94517E-9	-1.19533E+1	1.91957E-1	-1.64106E-1
6.60700E+11	2.17471E-9	-1.22925E+1	6.27841E-3	2.42788E-1
6.60875E+11	8.71352E-10	-1.55896E+1	-1.37712E-1	-9.29735E-2
6.61050E+11	7.40002E-10	-1.72469E+1	1.13555E-1	-7.71705E-2
6.61225E+11	5.61192E-10	-1.80810E+1	3.30569E-2	1.20264E-1
6.61400E+11	2.70955E-10	-1.96568E+1	-1.03996E-1	2.70237E-3
6.61575E+11	2.46696E-10	-2.12839E+1	8.30961E-3	-8.58580E-2
6.61750E+11	2.13007E-10	-2.12120E+1	8.66371E-2	7.67128E-3
6.61925E+11	2.00714E-10	-2.05887E+1	-2.14913E-2	9.09420E-2
6.62100E+11	2.56991E-10	-1.97564E+1	-8.51680E-2	-5.76492E-2
6.62275E+11	3.80661E-10	-1.88079E+1	9.04294E-2	-7.05776E-2
6.62450E+11	3.28127E-10	-1.72629E+1	3.77441E-2	1.31743E-1
6.62625E+11	8.62608E-10	-1.51561E+1	-1.73672E-1	1.85596E-2
6.62800E+11	1.22859E-9	-1.26456E+1	6.92335E-2	-2.22682E-1
6.62975E+11	2.45875E-9	-1.16183E+1	1.35668E-1	2.24693E-1
6.63150E+11	1.49438E-9	-1.28798E+1	-2.26965E-1	-3.41994E-3
6.63325E+11	1.19694E-9	-1.35787E+1	1.21278E-1	-1.70758E-1
6.63500E+11	6.29117E-10	-1.52978E+1	8.53748E-2	1.49124E-1
6.63675E+11	5.37632E-10	-1.70864E+1	-1.31467E-1	4.77087E-2
6.63850E+11	5.70525E-10	-1.82614E+1	-6.21332E-2	-1.05179E-1
6.64025E+11	5.36494E-10	-1.80068E+1	1.09373E-1	-6.21414E-2
6.64200E+11	5.55204E-10	-1.85052E+1	4.67299E-2	1.09201E-1
6.64375E+11	4.26734E-10	-1.82158E+1	-1.20847E-1	2.18327E-2
6.64550E+11	4.85621E-10	-1.78954E+1	3.10139E-2	-1.23585E-1
6.64725E+11	7.64425E-10	-1.69272E+1	1.34299E-1	4.74712E-2
6.64900E+11	1.52254E-9	-1.52542E+1	-6.49209E-2	1.60031E-1
6.65075E+11	1.41470E-9	-1.29041E+1	-2.11886E-1	-7.96328E-2
6.65250E+11	2.62681E-9	-1.00909E+1	1.82077E-1	-2.54511E-1
6.65425E+11	3.90487E-9	-9.16240E+0	5.43134E-2	3.43979E-1
6.65600E+11	3.53280E-9	-1.01537E+1	-2.07221E-1	-2.31479E-1
6.65775E+11	1.91881E-9	-1.21388E+1	2.42453E-1	4.82366E-2
6.65950E+11	2.27089E-9	-1.37755E+1	-1.57862E-1	1.30393E-1
6.66125E+11	8.50952E-10	-1.47563E+1	-8.07005E-2	-1.64121E-1
6.66300E+11	7.67528E-10	-1.54112E+1	1.53868E-1	-7.13505E-2
6.66475E+11	9.07798E-10	-1.53690E+1	7.69831E-2	1.52055E-1
6.66650E+11	1.30285E-9	-1.53332E+1	-1.59637E-1	6.16719E-2
6.66825E+11	6.33055E-10	-1.57016E+1	6.33333E-3	-1.63906E-1
6.67000E+11	9.13247E-10	-1.46640E+1	1.51233E-1	1.06280E-1
6.67175E+11	1.51994E-9	-1.40141E+1	-1.81958E-1	8.10745E-2
6.67350E+11	1.62751E-9	-1.33680E+1	-3.29247E-2	-2.12045E-1
6.67525E+11	2.10241E-9	-1.16080E+1	2.54579E-1	-6.51618E-2
6.67700E+11	3.46088E-9	-8.91966E+0	7.98767E-2	3.49089E-1
6.67875E+11	5.85338E-9	-8.32804E+0	-3.82764E-1	-2.12256E-2
6.68050E+11	3.82475E-9	-9.82599E+0	2.01871E-1	-2.51667E-1
6.68225E+11	1.89517E-9	-1.19482E+1	3.97533E-2	2.49544E-1
6.68400E+11	1.37754E-9	-1.42350E+1	-1.68177E-1	-9.71096E-2
6.68575E+11	8.86173E-10	-1.63492E+1	1.13914E-1	-1.01005E-1
6.68750E+11	4.14730E-10	-1.84185E+1	7.54691E-2	9.32591E-2
6.68925E+11	5.94878E-10	-1.88720E+1	-8.09739E-2	8.00563E-2
6.69100E+11	4.68219E-10	-1.96878E+1	-6.14670E-2	-8.34687E-2
6.69275E+11	3.37967E-10	-1.99435E+1	9.98387E-2	-1.27765E-2
6.69450E+11	3.65523E-10	-2.03529E+1	-4.78718E-2	8.32337E-2
6.69625E+11	4.04886E-10	-1.92013E+1	-5.23449E-2	-9.63272E-2
6.69800E+11	2.66068E-10	-1.90568E+1	1.04444E-1	-3.89482E-2
6.69975E+11	3.83552E-10	-1.84093E+1	5.99588E-2	1.04059E-1
6.70150E+11	6.17705E-10	-1.68804E+1	-1.21711E-1	7.54717E-2
6.70325E+11	5.16417E-10	-1.78590E+1	-4.82884E-2	-1.18491E-1
6.70500E+11	3.69068E-10	-1.72049E+1	1.37661E-1	9.07912E-3
6.70675E+11	3.66338E-10	-1.83444E+1	-1.08413E-1	5.37309E-2
6.70850E+11	1.58008E-10	-2.09929E+1	1.85816E-2	-8.72416E-2
6.71025E+11	1.36169E-10	-2.25015E+1	6.81330E-2	3.12938E-2
6.71200E+11	8.74465E-11	-2.53427E+1	-1.10831E-2	5.29104E-2
6.71375E+11	8.18598E-11	-2.51351E+1	-5.49760E-2	6.56143E-3
6.71550E+11	8.02850E-11	-2.50290E+1	-1.48455E-2	-5.40449E-2
6.71725E+11	1.09485E-10	-2.42147E+1	6.13272E-2	5.29742E-3
6.71900E+11	9.30365E-11	-2.31660E+1	-3.97092E-2	5.69829E-2
6.72075E+11	1.25844E-10	-2.12184E+1	-1.30985E-2	-8.59198E-2
6.72250E+11	2.56573E-10	-1.90246E+1	1.10093E-1	1.99465E-2
6.72425E+11	2.88333E-10	-1.82173E+1	-2.21864E-2	1.20761E-1
6.72600E+11	3.98463E-10	-1.66612E+1	-1.40128E-1	-4.39979E-2
6.72775E+11	4.56776E-10	-1.60441E+1	9.70968E-2	-1.24248E-1
6.72950E+11	6.75794E-10	-1.49000E+1	7.55721E-3	1.79728E-1
6.73125E+11	2.05584E-10	-1.68772E+1	-7.90868E-2	-1.19457E-1
6.73300E+11	2.35987E-10	-1.74146E+1	1.28625E-1	3.98946E-2
6.73475E+11	2.99399E-10	-1.86234E+1	-7.53500E-2	8.97331E-2
6.73650E+11	2.82176E-10	-1.91753E+1	-7.93727E-2	-7.60990E-2
6.73825E+11	2.18197E-10	-1.93102E+1	5.62072E-2	-9.25325E-2
6.74000E+11	2.65229E-10	-1.93725E+1	8.37816E-2	6.73435E-2
6.74175E+11	2.75862E-10	-1.82652E+1	-1.01207E-1	6.83179E-2
6.74350E+11	3.90082E-10	-1.63932E+1	1.85199E-2	-1.50338E-1
6.74525E+11	8.33269E-10	-1.55073E+1	1.18518E-1	1.18700E-1
6.74700E+11	5.67783E-10	-1.48130E+1	-1.67606E-1	7.01564E-2
6.74875E+11	1.37908E-9	-1.24817E+1	-4.49330E-2	-2.33350E-1
6.75050E+11	1.94030E-9	-1.19147E+1	2.52625E-1	2.29670E-2
6.75225E+11	2.12269E-9	-1.11413E+1	-1.41589E-1	2.38415E-1
6.75400E+11	2.84892E-9	-9.66945E+0	-4.81905E-2	-3.24940E-1
6.75575E+11	2.62538E-9	-1.02670E+1	1.94356E-1	2.37197E-1
6.75750E+11	1.82355E-9	-1.17957E+1	-2.56367E-1	-2.02887E-2
6.75925E+11	1.23515E-9	-1.39289E+1	8.80320E-2	-1.80882E-1
6.76100E+11	1.02695E-9	-1.53132E+1	1.47981E-1	8.67436E-2
6.76275E+11	8.32869E-10	-1.54247E+1	-8.51313E-2	1.46389E-1
6.76450E+11	7.09100E-10	-1.61142E+1	-1.15750E-1	-1.05210E-1
6.76625E+11	8.23204E-10	-1.51013E+1	1.62486E-1	-6.70209E-2
6.76800E+11	6.64142E-10	-1.43869E+1	-9.56188E-3	1.90594E-1
6.76975E+11	1.58178E-9	-1.32867E+1	-1.99623E-1	-8.40680E-2
6.77150E+11	9.83237E-10	-1.27377E+1	1.18535E-1	-1.97960E-1
6.77325E+11	9.31202E-10	-1.23064E+1	1.94218E-1	1.45179E-1
6.77500E+11	1.52914E-9	-1.27928E+1	-1.43535E-1	1.78788E-1
6.77675E+11	1.65067E-9	-1.05481E+1	-1.55556E-1	-2.52877E-1
6.77850E+11	1.82954E-9	-9.41317E+0	3.37435E-1	2.45973E-2
6.78025E+11	2.60817E-9	-9.14151E+0	-2.36846E-1	2.56438E-1
6.78200E+11	1.68256E-9	-1.03585E+1	-8.68752E-2	-2.90738E-1
6.78375E+11	1.10406E-9	-1.28648E+1	2.27337E-1	-4.59010E-3
6.78550E+11	7.09388E-10	-1.42668E+1	-7.98245E-3	1.93327E-1
6.78725E+11	3.87344E-10	-1.55449E+1	-1.48436E-1	-7.65538E-2
6.78900E+11	3.70779E-10	-1.66901E+1	1.11785E-1	-9.45111E-2
6.79075E+11	2.61003E-10	-1.75355E+1	4.47932E-2	1.25027E-1
6.79250E+11	2.75149E-10	-1.68917E+1	-1.36398E-1	-4.30367E-2
6.79425E+11	3.09032E-10	-1.61216E+1	9.54983E-2	-1.23716E-1
6.79600E+11	2.12234E-10	-1.74464E+1	9.94198E-2	9.01069E-2
6.79775E+11	2.16726E-10	-1.83392E+1	-7.62418E-2	9.40489E-2
6.79950E+11	1.66016E-10	-1.77863E+1	-9.89615E-2	-8.27952E-2
6.80125E+11	2.83137E-10	-1.45023E+1	1.82442E-1	-4.66669E-2
6.80300E+11	2.28606E-10	-1.43954E+1	-1.14344E-1	1.52552E-1
6.80475E+11	3.43864E-10	-1.37309E+1	-9.52217E-2	-1.82450E-1
6.80650E+11	2.49697E-10	-1.42362E+1	1.93739E-1	-1.29719E-2
6.80825E+11	1.66536E-10	-1.57997E+1	4.23134E-2	1.56569E-1
6.81000E+11	1.29434E-10	-1.73961E+1	-1.20052E-1	6.16510E-2
6.81175E+11	1.11306E-10	-1.68118E+1	-5.57120E-2	-1.33163E-1
6.81350E+11	1.33000E-10	-1.73771E+1	1.35252E-1	-2.79211E-4
6.81525E+11	9.01640E-11	-1.84557E+1	-6.72167E-2	9.87533E-2
6.81700E+11	9.73872E-11	-1.94245E+1	-5.31609E-2	-9.26868E-2
6.81875E+11	1.37928E-10	-1.80141E+1	1.08916E-1	-6.27289E-2
6.82050E+11	1.44940E-10	-1.90570E+1	9.02959E-2	6.53598E-2
6.82225E+11	1.22616E-10	-1.94097E+1	-2.70419E-2	1.03561E-1
6.82400E+11	1.58347E-10	-1.82925E+1	-1.21551E-1	6.47990E-3
6.82575E+11	2.62522E-10	-1.62972E+1	1.18446E-2	-1.52699E-1
6.82750E+11	5.21816E-10	-1.40958E+1	1.30478E-1	1.48046E-1
6.82925E+11	5.97573E-10	-1.37496E+1	-2.03916E-1	-2.43331E-2
6.83100E+11	4.30438E-10	-1.47279E+1	1.03194E-1	-1.51718E-1
6.83275E+11	2.93585E-10	-1.53445E+1	1.50856E-1	8.03336E-2
6.83450E+11	3.26496E-10	-1.46296E+1	-2.11474E-2	1.84366E-1
6.83625E+11	3.68900E-10	-1.48960E+1	-1.78085E-1	2.59770E-2
6.83800E+11	4.96114E-10	-1.48360E+1	-2.15645E-2	-1.79930E-1
6.83975E+11	4.94812E-10	-1.42919E+1	1.88085E-1	4.29766E-2
6.84150E+11	4.86406E-10	-1.43700E+1	-1.26278E-1	1.43572E-1
6.84325E+11	4.39573E-10	-1.36622E+1	-9.73768E-2	-1.83163E-1
6.84500E+11	4.89813E-10	-1.40013E+1	1.88101E-1	-6.64564E-2
6.84675E+11	4.55886E-10	-1.39556E+1	6.06665E-2	1.91153E-1
6.84850E+11	5.33174E-10	-1.26801E+1	-2.18341E-1	7.92246E-2
6.85025E+11	6.86851E-10	-1.14729E+1	7.34636E-3	-2.66802E-1
6.85200E+11	9.42336E-10	-9.98727E+0	2.68238E-1	1.68350E-1
6.85375E+11	1.07649E-9	-9.57775E+0	-3.13967E-1	1.07869E-1
6.85550E+11	9.23649E-10	-9.91258E+0	6.01170E-2	-3.13718E-1
6.85725E+11	8.32396E-10	-1.10298E+1	2.48321E-1	1.31251E-1
6.85900E+11	6.74285E-10	-1.24671E+1	-1.20825E-1	2.05093E-1
6.86075E+11	7.30913E-10	-1.21986E+1	-2.06268E-1	-1.33152E-1
6.86250E+11	6.01853E-10	-1.13708E+1	2.00678E-1	-1.80724E-1
6.86425E+11	7.48591E-10	-1.04981E+1	7.64954E-2	2.88641E-1
6.86600E+11	7.02386E-10	-9.49908E+0	-3.15975E-1	-1.11289E-1
6.86775E+11	4.64382E-10	-1.08726E+1	2.33176E-1	-1.65607E-1
6.86950E+11	3.68231E-10	-1.28205E+1	1.20733E-1	1.94054E-1
6.87125E+11	5.38331E-10	-1.07042E+1	-2.04290E-1	2.08080E-1
6.87300E+11	5.65889E-10	-8.67358E+0	-2.77378E-1	-2.42447E-1
6.87475E+11	4.42868E-10	-7.66043E+0	3.55103E-1	-2.12793E-1
6.87650E+11	4.14568E-10	-7.08203E+0	-6.08298E-3	4.42443E-1
6.87825E+11	4.04434E-10	-8.37629E+0	-3.40358E-1	-1.71732E-1
6.88000E+11	3.66320E-10	-8.38211E+0	2.89757E-1	-2.47348E-1
6.88175E+11	3.41514E-10	-9.57225E+0	1.11801E-1	3.12812E-1
6.88350E+11	2.43564E-10	-9.76328E+0	-3.24121E-1	2.33960E-2
6.88525E+11	1.95849E-10	-1.09944E+1	2.72827E-2	-2.80696E-1
6.88700E+11	1.48419E-10	-1.10222E+1	2.33358E-1	1.56752E-1
6.88875E+11	1.11221E-10	-1.04911E+1	-2.16209E-1	2.06305E-1
6.89050E+11	1.03337E-10	-1.08110E+1	-1.43080E-1	-2.49987E-1
6.89225E+11	1.11070E-10	-1.10102E+1	2.81423E-1	-6.88697E-3
6.89400E+11	5.07620E-11	-1.33944E+1	-4.53208E-2	2.09077E-1
6.89575E+11	4.34899E-11	-1.36068E+1	-1.69015E-1	-1.22545E-1
6.89750E+11	3.88593E-11	-1.48850E+1	1.70066E-1	-5.95716E-2
6.89925E+11	2.14722E-11	-1.79673E+1	-2.96783E-2	1.22833E-1
6.90100E+11	3.55546E-11	-1.75365E+1	-1.16447E-1	-6.38281E-2
6.90275E+11	3.40957E-11	-1.82148E+1	1.16824E-1	-3.78985E-2
6.90450E+11	1.34258E-11	-2.00104E+1	-6.14844E-3	9.96914E-2
6.90625E+11	2.41533E-11	-1.72705E+1	-1.33325E-1	-3.11791E-2
6.90800E+11	3.25603E-11	-1.72813E+1	4.33480E-2	-1.29700E-1
6.90975E+11	1.58337E-11	-2.05745E+1	5.69508E-2	7.42799E-2
6.91150E+11	1.60707E-11	-2.05470E+1	-8.68478E-2	3.56931E-2
6.91325E+11	1.76353E-11	-2.21561E+1	2.67617E-2	-7.32843E-2
6.91500E+11	1.19245E-11	-2.28131E+1	5.31327E-2	4.90838E-2
6.91675E+11	5.36325E-12	-2.50410E+1	-3.77905E-2	4.12845E-2
6.91850E+11	1.22362E-11	-2.19440E+1	-1.26701E-2	-7.89363E-2
6.92025E+11	8.43437E-12	-2.24334E+1	7.54317E-2	4.51345E-3
6.92200E+11	1.12571E-11	-2.20762E+1	-4.13699E-2	6.69952E-2
6.92375E+11	1.05855E-11	-2.16385E+1	-7.15184E-3	-8.24995E-2
6.92550E+11	1.11524E-11	-2.42079E+1	3.36140E-2	5.16246E-2
6.92725E+11	1.46217E-11	-2.40903E+1	-6.24144E-2	-1.89857E-3
6.92900E+11	6.80036E-12	-2.52420E+1	4.87066E-3	-5.44714E-2
6.93075E+11	1.27978E-11	-2.57424E+1	4.93664E-2	-1.51113E-2
6.93250E+11	1.09397E-11	-2.53524E+1	2.33151E-2	4.87058E-2
6.93425E+11	2.14953E-11	-2.38002E+1	-6.09273E-2	2.13638E-2
6.93600E+11	2.52042E-11	-2.36141E+1	3.00486E-2	-5.87202E-2
6.93775E+11	3.06025E-11	-2.31930E+1	2.62600E-3	6.91894E-2
6.93950E+11	5.95740E-11	-2.12707E+1	-4.59571E-2	-7.31527E-2
6.94125E+11	2.64962E-11	-2.19230E+1	8.01328E-2	1.05419E-3
6.94300E+11	4.61785E-11	-2.04203E+1	-1.42484E-2	9.42044E-2
6.94475E+11	4.59516E-11	-1.95251E+1	-1.02591E-1	-2.51109E-2
6.94650E+11	6.61902E-11	-1.97361E+1	3.26160E-2	-9.77892E-2
6.94825E+11	5.25935E-11	-2.02146E+1	7.94979E-2	5.65498E-2
6.95000E+11	3.80290E-11	-2.01480E+1	-8.55337E-2	4.84659E-2
6.95175E+11	3.59656E-11	-2.09332E+1	4.88309E-2	-7.53785E-2
6.95350E+11	2.01143E-11	-2.26009E+1	2.62021E-2	6.93376E-2
6.95525E+11	2.39982E-11	-2.15002E+1	-8.26681E-2	-1.56552E-2
6.95700E+11	5.23796E-11	-1.98564E+1	3.56806E-2	-9.51996E-2
6.95875E+11	5.22188E-11	-1.94762E+1	8.85742E-2	5.86205E-2
6.96050E+11	3.36623E-11	-1.72620E+1	-1.34457E-1	2.65709E-2
6.96225E+11	4.73488E-11	-1.77968E+1	8.05144E-2	-1.00626E-1
6.96400E+11	7.88482E-11	-1.71972E+1	1.54618E-3	1.38074E-1
6.96575E+11	8.62298E-11	-1.62484E+1	-1.27359E-1	-8.66164E-2
6.96750E+11	4.92155E-11	-1.80177E+1	1.10030E-1	-6.06445E-2
6.96925E+11	2.60632E-11	-1.95171E+1	3.87162E-2	9.83727E-2
6.97100E+11	2.53214E-11	-1.87579E+1	-1.15092E-1	-8.06085E-3
6.97275E+11	8.31450E-12	-2.31543E+1	3.43521E-2	-6.04722E-2
6.97450E+11	9.71066E-12	-2.23872E+1	7.66504E-3	7.55823E-2
6.97625E+11	1.94453E-12	-2.85901E+1	-3.63410E-2	7.92948E-3
6.97800E+11	4.84523E-12	-2.31193E+1	2.93988E-2	-6.33387E-2
6.97975E+11	1.53041E-12	-2.87970E+1	9.43376E-3	3.50736E-2
6.98150E+11	1.11865E-12	-3.03727E+1	1.38493E-2	2.69436E-2
6.98325E+11	6.85673E-12	-2.23674E+1	-5.28956E-2	-5.47706E-2
6.98500E+11	2.03700E-12	-2.80229E+1	3.85285E-2	-9.59751E-3
6.98675E+11	8.38815E-13	-3.15598E+1	2.22990E-2	1.41779E-2
6.98850E+11	6.11398E-12	-1.98586E+1	-9.81353E-2	2.64648E-2
6.99025E+11	1.23832E-12	-2.36432E+1	-7.67148E-3	-6.52923E-2
6.99200E+11	1.08540E-12	-2.98352E+1	1.10460E-2	3.02765E-2
6.99375E+11	1.48488E-12	-3.07183E+1	1.21795E-3	2.90874E-2
6.99550E+11	2.59517E-12	-3.02410E+1	-2.23276E-2	2.11544E-2
6.99725E+11	1.30374E-12	-3.13993E+1	1.30435E-3	-2.68859E-2
6.99900E+11	5.45122E-13	-3.59498E+1	1.52903E-2	-4.50755E-3
7.00075E+11	1.06049E-13	-4.04912E+1	-9.44874E-3	1.68036E-4
7.00250E+11	2.20828E-13	-3.90496E+1	-4.37832E-3	1.02613E-2
7.00425E+11	7.54509E-12	-2.55329E+1	1.98870E-2	-4.90062E-2
7.00600E+11	1.85533E-12	-2.94953E+1	1.42872E-2	-3.03170E-2
7.00775E+11	9.17693E-13	-3.27690E+1	2.65987E-3	2.28362E-2
7.00950E+11	4.81477E-12	-2.57097E+1	-4.94896E-2	-1.53719E-2
7.01125E+11	2.66650E-12	-2.89571E+1	2.53539E-2	-2.50716E-2
7.01300E+11	3.12071E-12	-2.99465E+1	7.93543E-3	3.08128E-2
7.01475E+11	5.50750E-12	-2.90309E+1	-3.05629E-2	1.77741E-2
7.01650E+11	4.44738E-12	-2.94333E+1	-2.83827E-4	-3.37535E-2
7.01825E+11	4.15659E-12	-3.08020E+1	2.83168E-2	-5.43499E-3
7.02000E+11	5.41274E-12	-3.02024E+1	3.25455E-3	3.07225E-2
7.02175E+11	1.85867E-12	-3.32946E+1	-2.16011E-2	1.30803E-3
7.02350E+11	4.15436E-12	-2.85321E+1	3.73063E-2	-3.22310E-3
7.02525E+11	1.31096E-12	-3.36235E+1	1.92284E-2	8.02699E-3
7.02700E+11	8.12529E-12	-2.80917E+1	-2.91879E-2	2.64548E-2
7.02875E+11	1.71566E-12	-3.11923E+1	-2.10705E-2	-1.77754E-2
7.03050E+11	1.70911E-11	-2.52847E+1	4.97280E-2	-2.21082E-2
7.03225E+11	2.00388E-11	-2.28140E+1	-8.00786E-3	7.18826E-2
7.03400E+11	3.80470E-12	-2.81218E+1	-2.18113E-2	-3.26396E-2
7.03575E+11	5.31901E-11	-2.12316E+1	7.55985E-2	-4.26113E-2
7.03750E+11	3.77293E-11	-2.01365E+1	3.44739E-2	9.22068E-2
7.03925E+11	5.01474E-11	-1.86983E+1	-1.14097E-1	2.18335E-2
7.04100E+11	9.80134E-11	-1.65951E+1	-6.66304E-2	-1.32146E-1
7.04275E+11	1.97560E-10	-1.45911E+1	1.79395E-1	-5.06238E-2
7.04450E+11	1.69126E-10	-1.46903E+1	-3.12679E-2	1.81611E-1
7.04625E+11	1.98865E-10	-1.51243E+1	-1.19023E-1	-1.28703E-1
7.04800E+11	1.37220E-10	-1.61006E+1	1.55666E-1	-1.76559E-2
7.04975E+11	1.37418E-10	-1.49740E+1	-3.13159E-2	1.75591E-1
7.05150E+11	1.51149E-10	-1.40259E+1	-1.93303E-1	-4.69930E-2
7.05325E+11	1.12898E-10	-1.55646E+1	4.92023E-2	-1.59207E-1
7.05500E+11	1.98389E-10	-1.46240E+1	1.61913E-1	9.09217E-2
7.05675E+11	1.48316E-10	-1.53245E+1	-1.33932E-1	1.06808E-1
7.05850E+11	1.38271E-10	-1.49240E+1	-5.74273E-2	-1.69950E-1
7.06025E+11	1.22746E-10	-1.37547E+1	2.05181E-1	4.95295E-3
7.06200E+11	1.56667E-10	-1.35777E+1	-7.83814E-2	1.94248E-1
7.06375E+11	1.67008E-10	-1.31690E+1	-1.95730E-1	-9.94791E-2
7.06550E+11	1.58761E-10	-1.11754E+1	2.25622E-1	-1.59321E-1
7.06725E+11	1.53899E-10	-1.07071E+1	-1.50424E-2	2.91117E-1
7.06900E+11	1.25369E-10	-1.08031E+1	-1.59967E-1	-2.39847E-1
7.07075E+11	8.74508E-11	-1.06584E+1	2.40926E-1	1.66998E-1
7.07250E+11	1.05350E-10	-1.07327E+1	-2.05145E-1	2.05890E-1
7.07425E+11	3.18531E-11	-1.30174E+1	-7.51982E-2	-2.10388E-1
7.07600E+11	3.21257E-11	-1.48230E+1	1.71250E-1	-6.00975E-2
7.07775E+11	2.69547E-11	-1.66123E+1	1.01112E-1	1.07666E-1
7.07950E+11	2.56979E-11	-1.63017E+1	-1.43484E-1	5.33447E-2
7.08125E+11	2.03715E-11	-1.72011E+1	4.64704E-2	-1.29963E-1
7.08300E+11	2.42323E-11	-1.68190E+1	9.03145E-2	1.12451E-1
7.08475E+11	3.19572E-11	-1.49828E+1	-1.77670E-1	1.34839E-2
7.08650E+11	2.15126E-11	-1.25568E+1	-8.85754E-2	-2.18308E-1
7.08825E+11	2.14030E-11	-1.46796E+1	1.11445E-1	-1.47051E-1
7.09000E+11	9.24186E-12	-1.54780E+1	1.45100E-1	8.52804E-2
7.09175E+11	2.89625E-11	-1.51657E+1	-1.22468E-1	1.24261E-1
7.09350E+11	3.21173E-11	-1.59555E+1	-2.91040E-2	-1.56622E-1
7.09525E+11	2.97301E-11	-1.67904E+1	1.18437E-1	8.31377E-2
7.09700E+11	2.01750E-11	-1.83018E+1	-1.20154E-1	-1.86547E-2
7.09875E+11	9.20619E-12	-2.12787E+1	-2.75160E-2	-8.18077E-2
7.10050E+11	1.67371E-11	-2.02089E+1	7.68340E-2	-6.02241E-2
7.10225E+11	5.59456E-12	-2.07099E+1	7.99798E-2	4.57741E-2
7.10400E+11	1.37979E-11	-1.99295E+1	-6.84067E-2	7.40548E-2
7.10575E+11	1.31016E-11	-1.83224E+1	-1.00701E-1	-6.76342E-2
7.10750E+11	4.80086E-12	-2.33862E+1	6.19827E-2	-2.72693E-2
7.10925E+11	1.25800E-11	-1.90639E+1	-7.59074E-2	8.15079E-2
7.11100E+11	1.98798E-11	-1.92348E+1	-4.12041E-2	-1.01138E-1
7.11275E+11	1.30604E-11	-2.06232E+1	7.65554E-2	-5.29384E-2
7.11450E+11	1.11769E-11	-2.06679E+1	5.78762E-2	7.22833E-2
7.11625E+11	2.10697E-11	-1.75335E+1	-1.20053E-1	5.68639E-2
7.11800E+11	2.57818E-11	-1.81747E+1	2.22195E-2	-1.21368E-1
7.11975E+11	3.52460E-11	-1.67472E+1	1.16311E-1	8.72950E-2
7.12150E+11	2.15993E-11	-1.86096E+1	-1.02360E-1	5.74090E-2
7.12325E+11	2.39458E-11	-1.82871E+1	-6.61717E-2	-1.02256E-1
7.12500E+11	1.27437E-11	-2.06880E+1	9.23843E-2	-5.12503E-5
7.12675E+11	1.65673E-11	-2.03667E+1	6.67397E-3	9.56339E-2
7.12850E+11	1.27676E-11	-2.05257E+1	-8.88925E-2	-3.09510E-2
7.13025E+11	3.13294E-11	-1.75082E+1	1.04402E-1	-8.27610E-2
7.13200E+11	3.43753E-11	-1.68779E+1	2.15190E-2	1.41628E-1
7.13375E+11	2.97393E-11	-1.57790E+1	-1.62537E-1	3.47268E-3
7.13550E+11	4.42841E-11	-1.53109E+1	-1.03256E-2	-1.71264E-1
7.13725E+11	4.54330E-11	-1.14851E+1	2.65430E-1	-2.41968E-2
7.13900E+11	1.20756E-10	-9.45973E+0	-9.43306E-2	3.23030E-1
7.14075E+11	1.25906E-10	-8.72378E+0	-2.86153E-1	-2.28640E-1
7.14250E+11	5.96440E-11	-7.29060E+0	4.28085E-1	-5.79246E-2
7.14425E+11	1.79549E-10	-4.74738E+0	-2.81081E-1	5.06123E-1
7.14600E+11	2.11601E-10	-2.74949E+0	-3.77691E-1	-6.23134E-1
7.14775E+11	1.72355E-10	-2.07605E+0	7.77395E-1	-1.25146E-1
7.14950E+11	2.05926E-10	3.23769E-1	3.77132E-2	1.03729E+0
7.15125E+11	1.25465E-10	-2.43954E+0	-6.63869E-1	-3.59864E-1
7.15300E+11	6.25761E-11	-1.07190E+0	6.07600E-1	-6.41957E-1
7.15475E+11	8.12597E-11	2.87109E-1	9.86569E-2	1.02889E+0
7.15650E+11	6.61799E-11	-5.71398E-1	-6.07016E-1	-7.12917E-1
7.15825E+11	6.18388E-11	4.42330E-1	1.03592E+0	-1.84612E-1
7.16000E+11	4.77858E-11	-2.30545E+0	-1.03754E-1	7.59829E-1
7.16175E+11	4.96170E-11	-6.38870E-1	-8.32354E-1	-4.12784E-1
7.16350E+11	4.33567E-11	-9.41765E-1	6.95713E-1	-5.66599E-1
7.16525E+11	2.31074E-11	-3.05728E+0	1.15312E-1	6.93774E-1
7.16700E+11	1.84937E-11	-9.44117E-1	-7.65407E-1	-4.67725E-1
7.16875E+11	2.24821E-11	-5.03192E+0	5.10079E-1	-2.31800E-1
7.17050E+11	3.25534E-11	4.14229E-3	1.81092E-1	9.83951E-1
7.17225E+11	1.85519E-11	-2.50493E+0	-6.70822E-1	-3.34217E-1
7.17400E+11	6.59601E-12	-6.81587E+0	2.04322E-1	-4.07946E-1
7.17575E+11	1.08261E-11	-3.11259E+0	5.68979E-1	4.05739E-1
7.17750E+11	7.50002E-12	-4.51461E+0	-4.97926E-1	3.25103E-1
7.17925E+11	1.13802E-11	-3.51177E+0	1.98386E-1	-6.37273E-1
7.18100E+11	3.27324E-13	-1.51216E+1	1.28435E-1	1.19390E-1
7.18275E+11	4.58780E-12	-8.10703E+0	-2.72630E-1	2.83379E-1
7.18450E+11	5.16718E-12	-4.63566E+0	-2.21747E-1	-5.42890E-1
7.18625E+11	1.62437E-12	-7.55744E+0	3.75088E-1	-1.86549E-1
7.18800E+11	1.02575E-12	-7.03773E+0	3.47877E-1	2.77096E-1
7.18975E+11	2.25292E-12	-7.74434E+0	-3.23310E-1	-2.52131E-1
7.19150E+11	1.56547E-12	-1.22437E+1	-2.40364E-1	-4.33391E-2
7.19325E+11	1.39226E-13	-2.15024E+1	-4.08083E-3	8.40170E-2
7.19500E+11	2.22451E-12	-7.76786E+0	-1.96190E-1	3.58749E-1
7.19675E+11	1.88001E-12	-8.46230E+0	4.97138E-2	-3.74184E-1
7.19850E+11	2.63579E-12	-1.29887E+1	-2.03503E-1	-9.40008E-2
7.20025E+11	5.78530E-13	-1.71725E+1	1.18085E-1	-7.23278E-2
7.20200E+11	7.54223E-12	-5.67810E+0	-2.34219E-1	4.64387E-1
7.20375E+11	1.23279E-12	-1.65423E+1	-7.18206E-2	-1.30429E-1
7.20550E+11	5.44135E-12	-9.78628E+0	2.20829E-1	-2.37232E-1
7.20725E+11	4.58427E-12	-1.05298E+1	2.91384E-1	6.00869E-2
7.20900E+11	9.65739E-13	-1.58180E+1	-1.52385E-1	-5.45241E-2
7.21075E+11	3.21691E-13	-2.12026E+1	-3.93969E-2	7.76478E-2
7.21250E+11	2.58823E-12	-1.34670E+1	-9.02311E-3	-2.11962E-1
7.21425E+11	2.52969E-12	-1.30591E+1	1.76380E-1	-1.35394E-1
7.21600E+11	8.58709E-13	-1.45603E+1	3.54612E-2	1.83670E-1
7.21775E+11	1.86140E-12	-1.09826E+1	-8.11125E-2	2.70504E-1
7.21950E+11	6.29203E-13	-1.37152E+1	1.01859E-1	-1.79259E-1
7.22125E+11	4.42785E-12	-8.42936E+0	2.59450E-1	2.76145E-1
7.22300E+11	6.61606E-12	-3.37308E+0	-2.01919E-1	6.47424E-1
7.22475E+11	5.05638E-12	-3.97932E+0	2.26126E-1	-5.90656E-1
7.22650E+11	4.50579E-13	-6.94194E+0	3.79569E-1	2.41121E-1
7.22825E+11	1.49880E-13	-1.45662E+1	1.17766E-1	1.45176E-1
7.23000E+11	3.64909E-12	-4.49402E+0	-5.61224E-1	2.00823E-1
7.23175E+11	4.40344E-12	-3.69131E+0	2.64412E-1	-5.97930E-1
7.23350E+11	1.16718E-12	-5.41828E+0	-2.96814E-1	4.46198E-1
7.23525E+11	3.54528E-12	-2.20153E-1	-1.83647E-1	9.57520E-1
7.23700E+11	1.29988E-12	-5.66321E+0	5.12033E-1	-9.62582E-2
7.23875E+11	9.91282E-13	-2.76582E+0	1.77731E-1	7.05241E-1
7.24050E+11	6.64667E-12	1.32914E+1	-2.33827E+0	3.98367E+0
7.24225E+11	6.59894E-13	-1.82072E+0	-4.22385E-1	-6.92199E-1
7.24400E+11	6.28962E-12	2.63228E+0	1.02992E+0	8.78940E-1
7.24575E+11	1.72748E-12	-1.34545E+0	2.69048E-1	8.13145E-1
7.24750E+11	1.97040E-12	8.24157E+0	2.46446E+0	-7.72611E-1
7.24925E+11	9.97394E-12	6.94089E+0	1.70556E+0	1.42660E+0
7.25100E+11	8.88487E-12	6.70723E+0	2.07742E+0	-6.07838E-1
7.25275E+11	4.80816E-12	1.50219E-1	2.10574E-1	-9.95416E-1
7.25450E+11	3.49683E-12	1.26586E+1	-4.20864E+0	8.55397E-1
7.25625E+11	8.65066E-13	-9.11673E+0	7.61497E-2	3.41694E-1
7.25800E+11	1.21083E-12	-4.39217E+0	6.02723E-1	-2.13913E-2
7.25975E+11	5.67735E-13	-3.98614E+0	4.81374E-1	4.09462E-1
7.26150E+11	2.17290E-12	3.66944E+0	-5.07857E-1	1.43871E+0
7.26325E+11	1.25057E-12	2.17657E+0	5.31774E-1	-1.16956E+0
7.26500E+11	1.77128E-12	-1.87474E+0	7.31983E-1	3.37079E-1
7.26675E+11	8.44843E-13	-9.95570E+0	-3.09613E-1	7.18696E-2
7.26850E+11	1.15644E-13	3.82624E+0	-1.54994E+0	-1.05146E-1
7.27025E+11	1.62702E-12	8.93259E+0	1.50030E+0	2.36009E+0
7.27200E+11	3.71995E-12	-3.09241E+0	2.67786E-1	6.47245E-1
7.27375E+11	1.55129E-12	-3.18322E+0	-3.64290E-1	-5.89725E-1
7.27550E+11	3.61826E-13	-8.30272E-1	8.46544E-1	3.30680E-1
7.27725E+11	1.29846E-12	-4.32752E+0	-3.81318E-1	4.73059E-1
7.27900E+11	4.33509E-13	-1.38676E+1	4.42459E-2	-1.97701E-1
7.28075E+11	7.05817E-13	-9.32330E+0	-1.87972E-1	2.85530E-1
7.28250E+11	6.93009E-13	-1.23132E+1	3.86402E-3	2.42260E-1
7.28425E+11	1.03726E-12	-9.39141E+0	-3.38708E-1	1.78779E-2
7.28600E+11	4.19949E-12	2.76547E+0	-3.11273E-1	-1.33921E+0
7.28775E+11	1.43564E-12	-1.01192E+1	2.27304E-1	-2.13602E-1
7.28950E+11	1.65709E-12	-3.02079E+0	7.06246E-1	3.15754E-3
7.29125E+11	3.62513E-12	-4.83206E+0	-5.38313E-1	-1.97269E-1
7.29300E+11	3.38338E-12	-3.06301E+0	-3.12777E-1	6.29395E-1
7.29475E+11	1.00623E-12	-8.88577E+0	-3.59360E-1	-1.04073E-2
7.29650E+11	5.12422E-12	-4.19533E+0	2.29815E-1	-5.72524E-1
7.29825E+11	2.69199E-12	-3.60832E+0	1.87490E-1	6.32873E-1
7.30000E+11	1.04488E-12	-6.88750E+0	-3.08540E-1	3.31006E-1
