2.280000000000000000e+11 5.724461680759328486e-01
2.280870000000000000e+11 5.367542245686024449e-01
2.281750000000000000e+11 5.703540017606484325e-01
2.282620000000000000e+11 6.223379787320969525e-01
2.283500000000000000e+11 5.838700485244062710e-01
2.284380000000000000e+11 6.554887925749284250e-01
2.285250000000000000e+11 5.552063139791203472e-01
2.286130000000000000e+11 6.289753265933621940e-01
2.287000000000000000e+11 5.579311595016519520e-01
2.287880000000000000e+11 6.742611608048197924e-01
2.288750000000000000e+11 5.107378029885384363e-01
2.289630000000000000e+11 6.595480845521710656e-01
2.290500000000000000e+11 5.185905175033432846e-01
2.291370000000000000e+11 7.352070196991321582e-01
2.292250000000000000e+11 4.974085205078576100e-01
2.293120000000000000e+11 6.750973043506520721e-01
2.294000000000000000e+11 4.723392991574521527e-01
2.294870000000000000e+11 6.926868540329068624e-01
2.295750000000000000e+11 4.706368890768718449e-01
2.296630000000000000e+11 7.600220114152330675e-01
2.297500000000000000e+11 4.887078895923705479e-01
2.298380000000000000e+11 8.108866422350449188e-01
2.299250000000000000e+11 5.131235766146796662e-01
2.300130000000000000e+11 7.467431177829371158e-01
2.301000000000000000e+11 5.498695409403548950e-01
2.301870000000000000e+11 7.390098418591071194e-01
2.302750000000000000e+11 5.445079443734787139e-01
2.303620000000000000e+11 6.883180701609630248e-01
2.304500000000000000e+11 6.184347594245676039e-01
2.305370000000000000e+11 6.625802656980999128e-01
2.306250000000000000e+11 6.439365591246130061e-01
2.307120000000000000e+11 6.220215598975316063e-01
2.308000000000000000e+11 6.675830997196627870e-01
2.308880000000000000e+11 5.893696899496745356e-01
2.309750000000000000e+11 6.905856183113695534e-01
2.310630000000000000e+11 6.193012071654530049e-01
2.311500000000000000e+11 6.844655288712264696e-01
2.312380000000000000e+11 6.564837456790091341e-01
2.313250000000000000e+11 6.948765335421046574e-01
2.314120000000000000e+11 6.565050135433746492e-01
2.315000000000000000e+11 6.917474135792495149e-01
2.315870000000000000e+11 6.395358685912435615e-01
2.316750000000000000e+11 6.522885770052769816e-01
2.317620000000000000e+11 6.453568394083096793e-01
2.318500000000000000e+11 6.639808216496473348e-01
2.319380000000000000e+11 6.484017582580335892e-01
2.320250000000000000e+11 7.046281297180345682e-01
2.321130000000000000e+11 6.592039641725959687e-01
2.322000000000000000e+11 7.322297357077205415e-01
2.322880000000000000e+11 6.488402141830009739e-01
2.323750000000000000e+11 7.062494373213130672e-01
2.324620000000000000e+11 6.797996009275152351e-01
2.325500000000000000e+11 7.133344360487852143e-01
2.326370000000000000e+11 7.497478126266983178e-01
2.327250000000000000e+11 6.930488976157087588e-01
2.328120000000000000e+11 7.940358017928952350e-01
2.329000000000000000e+11 6.932265482149255753e-01
2.329870000000000000e+11 7.915042424248782682e-01
2.330750000000000000e+11 6.303572994199940771e-01
2.331630000000000000e+11 7.974548052167099721e-01
2.332500000000000000e+11 6.352902583665831493e-01
2.333380000000000000e+11 7.777991941479829308e-01
2.334250000000000000e+11 7.032360411898127550e-01
2.335130000000000000e+11 7.822181000139722951e-01
2.336000000000000000e+11 7.478224689740908815e-01
2.336870000000000000e+11 7.772816562931286200e-01
2.337750000000000000e+11 7.199142494853832952e-01
2.338620000000000000e+11 7.968855878262275372e-01
2.339500000000000000e+11 7.204817686133228039e-01
2.340370000000000000e+11 8.075888508689231804e-01
2.341250000000000000e+11 6.904921018128974408e-01
2.342130000000000000e+11 8.907537772453524294e-01
2.343000000000000000e+11 6.999567639475546832e-01
2.343880000000000000e+11 8.909100524993454062e-01
2.344750000000000000e+11 6.712165048177158866e-01
2.345630000000000000e+11 8.810176142542145428e-01
2.346500000000000000e+11 6.582697128144201493e-01
2.347380000000000000e+11 8.754991079931909725e-01
2.348250000000000000e+11 7.129484069973321958e-01
2.349120000000000000e+11 8.765177093978080425e-01
2.350000000000000000e+11 7.952679088779038841e-01
2.350870000000000000e+11 8.261325885616948028e-01
2.351750000000000000e+11 7.917211260590469868e-01
2.352620000000000000e+11 8.039075069341236057e-01
2.353500000000000000e+11 8.415467737777482249e-01
2.354380000000000000e+11 7.761375190744493890e-01
2.355250000000000000e+11 8.421787563814382427e-01
2.356130000000000000e+11 7.990852176225007319e-01
2.357000000000000000e+11 8.560875525484467063e-01
2.357880000000000000e+11 8.395731769115661880e-01
2.358750000000000000e+11 8.436053707689449288e-01
2.359620000000000000e+11 8.105755257126298075e-01
2.360500000000000000e+11 8.283811358007813208e-01
2.361370000000000000e+11 8.103260699196945804e-01
2.362250000000000000e+11 8.550639612155204183e-01
2.363120000000000000e+11 7.872792562453461152e-01
2.364000000000000000e+11 9.186373044516504827e-01
2.364880000000000000e+11 7.817104171306226146e-01
2.365750000000000000e+11 9.582227863256329581e-01
2.366630000000000000e+11 7.501597455756051636e-01
2.367500000000000000e+11 9.644788762824966222e-01
2.368380000000000000e+11 7.078125889053621389e-01
2.369250000000000000e+11 9.678602929908127761e-01
2.370130000000000000e+11 7.447566745073770367e-01
2.371000000000000000e+11 9.771881699152146217e-01
2.371870000000000000e+11 7.897971081562140672e-01
2.372750000000000000e+11 9.692072244528024960e-01
2.373620000000000000e+11 7.921449561221619584e-01
2.374500000000000000e+11 9.444902818617434415e-01
2.375370000000000000e+11 8.140862812559979123e-01
2.376250000000000000e+11 9.181373500584782965e-01
2.377130000000000000e+11 8.089932896819749253e-01
2.378000000000000000e+11 9.473046989335139889e-01
2.378880000000000000e+11 8.201559388896342284e-01
2.379750000000000000e+11 9.747493727804330543e-01
2.380630000000000000e+11 8.104362160100129220e-01
2.381500000000000000e+11 9.833436784076675652e-01
2.382370000000000000e+11 7.984874954836657102e-01
2.383250000000000000e+11 9.891096625612731952e-01
2.384120000000000000e+11 8.134908798212932002e-01
2.385000000000000000e+11 9.860353886528382406e-01
2.385870000000000000e+11 8.841510270122305837e-01
2.386750000000000000e+11 9.904582282247886837e-01
2.387620000000000000e+11 9.118483743294801824e-01
2.388500000000000000e+11 9.492537302553681888e-01
2.389380000000000000e+11 9.364121491983414813e-01
2.390250000000000000e+11 8.936119779403909336e-01
2.391130000000000000e+11 9.498805070832426756e-01
2.392000000000000000e+11 8.812085025116802584e-01
2.392880000000000000e+11 9.336769072293313876e-01
2.393750000000000000e+11 9.395933581823918690e-01
2.394620000000000000e+11 9.346849432664512403e-01
2.395500000000000000e+11 9.759713611134526179e-01
2.396370000000000000e+11 9.130667547357191882e-01
2.397250000000000000e+11 9.906993121935169233e-01
2.398120000000000000e+11 9.051154596111687933e-01
2.399000000000000000e+11 1.010487460431689577e+00
2.399880000000000000e+11 9.203853727303308307e-01
2.400750000000000000e+11 1.028566127947585285e+00
2.401630000000000000e+11 9.395783341927517185e-01
2.402500000000000000e+11 1.025937341647902956e+00
2.403380000000000000e+11 9.371588477303290921e-01
2.404250000000000000e+11 9.774690914366985783e-01
2.405120000000000000e+11 9.302839090144359169e-01
2.406000000000000000e+11 9.490744318563091309e-01
2.406870000000000000e+11 9.182468862118327024e-01
2.407750000000000000e+11 1.014646601911178392e+00
2.408620000000000000e+11 9.227610302632576200e-01
2.409500000000000000e+11 1.064844283803159097e+00
2.410370000000000000e+11 9.224046891156462147e-01
2.411250000000000000e+11 1.091653869325237780e+00
2.412130000000000000e+11 8.972582988363702050e-01
2.413000000000000000e+11 1.108775435009324850e+00
2.413880000000000000e+11 8.960747750435418268e-01
2.414750000000000000e+11 1.109303116440495174e+00
2.415630000000000000e+11 9.155332569788088293e-01
2.416500000000000000e+11 1.112867507312001569e+00
2.417370000000000000e+11 9.299165536797933118e-01
2.418250000000000000e+11 1.086414508269692769e+00
2.419120000000000000e+11 9.354230577346209774e-01
2.420000000000000000e+11 1.044953879405974062e+00
2.420870000000000000e+11 9.359583709237107030e-01
2.421750000000000000e+11 1.071028185738962746e+00
2.422630000000000000e+11 9.449078404955905119e-01
2.423500000000000000e+11 1.116953080651867714e+00
2.424380000000000000e+11 9.595723705833802963e-01
2.425250000000000000e+11 1.145686336099507319e+00
2.426130000000000000e+11 9.526883495698429405e-01
2.427000000000000000e+11 1.158062595636457859e+00
2.427880000000000000e+11 9.300076760965964029e-01
2.428750000000000000e+11 1.169983801398161605e+00
2.429620000000000000e+11 9.537167140409124055e-01
2.430500000000000000e+11 1.167912939493183755e+00
2.431370000000000000e+11 9.845591795362061971e-01
2.432250000000000000e+11 1.169404137806133503e+00
2.433120000000000000e+11 9.876086035181675937e-01
2.434000000000000000e+11 1.136614690293283214e+00
2.434880000000000000e+11 9.981737746806531586e-01
2.435750000000000000e+11 1.126642545630522241e+00
2.436630000000000000e+11 9.986386755760289224e-01
2.437500000000000000e+11 1.164112361551732588e+00
2.438380000000000000e+11 1.021527136374952516e+00
2.439250000000000000e+11 1.195516813156419555e+00
2.440120000000000000e+11 1.018372929117633108e+00
2.441000000000000000e+11 1.205028955772742938e+00
2.441870000000000000e+11 1.000732693867786960e+00
2.442750000000000000e+11 1.216637652731195729e+00
2.443620000000000000e+11 1.012066864716370196e+00
2.444500000000000000e+11 1.214635527704887474e+00
2.445380000000000000e+11 1.056252445140057450e+00
2.446250000000000000e+11 1.201333662301402816e+00
2.447130000000000000e+11 1.085632064327529900e+00
2.448000000000000000e+11 1.181533361205506560e+00
2.448880000000000000e+11 1.108123195345893874e+00
2.449750000000000000e+11 1.154712962004811549e+00
2.450630000000000000e+11 1.121916574134129263e+00
2.451500000000000000e+11 1.167752747409072756e+00
2.452370000000000000e+11 1.123729266556409145e+00
2.453250000000000000e+11 1.209051107239456524e+00
2.454120000000000000e+11 1.128286091746345088e+00
2.455000000000000000e+11 1.226167256174012010e+00
2.455870000000000000e+11 1.095527603476684986e+00
2.456750000000000000e+11 1.240385677189326019e+00
2.457630000000000000e+11 1.072387864251972633e+00
2.458500000000000000e+11 1.243949469039924427e+00
2.459380000000000000e+11 1.088403475754674776e+00
2.460250000000000000e+11 1.236243883425580004e+00
2.461130000000000000e+11 1.116555462043981262e+00
2.462000000000000000e+11 1.233364374252753581e+00
2.462870000000000000e+11 1.133684304041320701e+00
2.463750000000000000e+11 1.205742854117214158e+00
2.464620000000000000e+11 1.147974725087729686e+00
2.465500000000000000e+11 1.212113003681882795e+00
2.466370000000000000e+11 1.154021695570201844e+00
2.467250000000000000e+11 1.226070515721939369e+00
2.468130000000000000e+11 1.146011524671545878e+00
2.469000000000000000e+11 1.257337074900279683e+00
2.469880000000000000e+11 1.139926854542597567e+00
2.470750000000000000e+11 1.270675139214015648e+00
2.471630000000000000e+11 1.109888743116087317e+00
2.472500000000000000e+11 1.265718874783799297e+00
2.473380000000000000e+11 1.101161076436296682e+00
2.474250000000000000e+11 1.275973420417228166e+00
2.475120000000000000e+11 1.136183728363224121e+00
2.476000000000000000e+11 1.272231175537203773e+00
2.476870000000000000e+11 1.147246180464165377e+00
2.477750000000000000e+11 1.271576572745336753e+00
2.478620000000000000e+11 1.169398929852099922e+00
2.479500000000000000e+11 1.242215533459197330e+00
2.480380000000000000e+11 1.177512304189359149e+00
2.481250000000000000e+11 1.249724240019089772e+00
2.482130000000000000e+11 1.187597369675255754e+00
2.483000000000000000e+11 1.270642261925731820e+00
2.483880000000000000e+11 1.179681075297556170e+00
2.484750000000000000e+11 1.279122604838999200e+00
2.485620000000000000e+11 1.165435666287331529e+00
2.486500000000000000e+11 1.294252062380248702e+00
2.487370000000000000e+11 1.157423718703887161e+00
2.488250000000000000e+11 1.299576221782210661e+00
2.489120000000000000e+11 1.161366227591371203e+00
2.490000000000000000e+11 1.302950015588610455e+00
2.490870000000000000e+11 1.182549954877764264e+00
2.491750000000000000e+11 1.305207044449188780e+00
2.492630000000000000e+11 1.203020770440135223e+00
2.493500000000000000e+11 1.267551929923716347e+00
2.494380000000000000e+11 1.208080976961105391e+00
2.495250000000000000e+11 1.249163992943227219e+00
2.496130000000000000e+11 1.224587688804142482e+00
2.497000000000000000e+11 1.259617214883293590e+00
2.497870000000000000e+11 1.228328291325824662e+00
2.498750000000000000e+11 1.269555274644992959e+00
2.499620000000000000e+11 1.218406483156581954e+00
2.500500000000000000e+11 1.284029885319400988e+00
2.501370000000000000e+11 1.205606050650567029e+00
2.502250000000000000e+11 1.297400211800080694e+00
2.503130000000000000e+11 1.197543043718553468e+00
2.504000000000000000e+11 1.300636132553518953e+00
2.504880000000000000e+11 1.209826783323906474e+00
2.505750000000000000e+11 1.310161141745130431e+00
2.506630000000000000e+11 1.221320750028934699e+00
2.507500000000000000e+11 1.294533217883703458e+00
2.508370000000000000e+11 1.228172134389826420e+00
2.509250000000000000e+11 1.267114575527741538e+00
2.510120000000000000e+11 1.242255234723289359e+00
2.511000000000000000e+11 1.264220123218749547e+00
2.511870000000000000e+11 1.256036649449194131e+00
2.512750000000000000e+11 1.268273080746548764e+00
2.513620000000000000e+11 1.263271284581537701e+00
2.514500000000000000e+11 1.271241080062094797e+00
2.515380000000000000e+11 1.259704684715926781e+00
2.516250000000000000e+11 1.286614777664446763e+00
2.517130000000000000e+11 1.235326267935440203e+00
2.518000000000000000e+11 1.297558577770874466e+00
2.518880000000000000e+11 1.232380691862242861e+00
2.519750000000000000e+11 1.303459246279761619e+00
2.520620000000000000e+11 1.243880661552719147e+00
2.521500000000000000e+11 1.298307838634607858e+00
2.522370000000000000e+11 1.258448906536545842e+00
2.523250000000000000e+11 1.278776673388512197e+00
2.524120000000000000e+11 1.276748623340121291e+00
2.525000000000000000e+11 1.265158577060569778e+00
2.525880000000000000e+11 1.285656156858502541e+00
2.526750000000000000e+11 1.259064795849656582e+00
2.527630000000000000e+11 1.295206627186942683e+00
2.528500000000000000e+11 1.271057995571365229e+00
2.529380000000000000e+11 1.290718325773268838e+00
2.530250000000000000e+11 1.273632535334060290e+00
2.531130000000000000e+11 1.263629360861943329e+00
2.532000000000000000e+11 1.285472901999396456e+00
2.532870000000000000e+11 1.253125902239017098e+00
2.533750000000000000e+11 1.295876315586999672e+00
2.534620000000000000e+11 1.251187737049074711e+00
2.535500000000000000e+11 1.307182615898966782e+00
2.536370000000000000e+11 1.255840356457677442e+00
2.537250000000000000e+11 1.304514952371361725e+00
2.538130000000000000e+11 1.262016989425840174e+00
2.539000000000000000e+11 1.287420229690774631e+00
2.539880000000000000e+11 1.264115824615641870e+00
2.540750000000000000e+11 1.273663055874694194e+00
2.541630000000000000e+11 1.267238660421051932e+00
2.542500000000000000e+11 1.276485237866372691e+00
2.543370000000000000e+11 1.267139618126548850e+00
2.544250000000000000e+11 1.268509726658759273e+00
2.545120000000000000e+11 1.248215371947691388e+00
2.546000000000000000e+11 1.281278313686604831e+00
2.546870000000000000e+11 1.231196291524486952e+00
2.547750000000000000e+11 1.290470018318113476e+00
2.548630000000000000e+11 1.218439709027405282e+00
2.549500000000000000e+11 1.301283783072346489e+00
2.550380000000000000e+11 1.214065787426997334e+00
2.551250000000000000e+11 1.312979887433558535e+00
2.552130000000000000e+11 1.209943050740002857e+00
2.553000000000000000e+11 1.295104580441972963e+00
2.553880000000000000e+11 1.204215110302610636e+00
2.554750000000000000e+11 1.278046120296521648e+00
2.555620000000000000e+11 1.214263491895523517e+00
2.556500000000000000e+11 1.267958446373372183e+00
2.557370000000000000e+11 1.221216375868372950e+00
2.558250000000000000e+11 1.261266846323392921e+00
2.559120000000000000e+11 1.224617639945937420e+00
2.560000000000000000e+11 1.253515331363127983e+00
2.560880000000000000e+11 1.211660602678056087e+00
2.561750000000000000e+11 1.259642309699589013e+00
2.562630000000000000e+11 1.192984211293648400e+00
2.563500000000000000e+11 1.277310638152918232e+00
2.564380000000000000e+11 1.173952583287424023e+00
2.565250000000000000e+11 1.299683121584951140e+00
2.566120000000000000e+11 1.158131496975026264e+00
2.567000000000000000e+11 1.308063983956266219e+00
2.567870000000000000e+11 1.144145183888506834e+00
2.568750000000000000e+11 1.283981187954090997e+00
2.569620000000000000e+11 1.138580878214785264e+00
2.570500000000000000e+11 1.275413742447532695e+00
2.571370000000000000e+11 1.140408087551846306e+00
2.572250000000000000e+11 1.268254612509430279e+00
2.573130000000000000e+11 1.150031022632129307e+00
2.574000000000000000e+11 1.270404293354603142e+00
2.574880000000000000e+11 1.133877988638332113e+00
2.575750000000000000e+11 1.260546084185712123e+00
2.576630000000000000e+11 1.115270469585972535e+00
2.577500000000000000e+11 1.287279505186113449e+00
2.578370000000000000e+11 1.095018221149194337e+00
2.579250000000000000e+11 1.317558506505027260e+00
2.580120000000000000e+11 1.084422933505711395e+00
2.581000000000000000e+11 1.331997548988176350e+00
2.581870000000000000e+11 1.070199283247112110e+00
2.582750000000000000e+11 1.314232870720425606e+00
2.583630000000000000e+11 1.065565328507986465e+00
2.584500000000000000e+11 1.287337579841296931e+00
2.585380000000000000e+11 1.064748580213037643e+00
2.586250000000000000e+11 1.279367705074018424e+00
2.587130000000000000e+11 1.083191927084800721e+00
2.588000000000000000e+11 1.273599684439361335e+00
2.588870000000000000e+11 1.086727199850440861e+00
2.589750000000000000e+11 1.272255587759053563e+00
2.590620000000000000e+11 1.071857131344989833e+00
2.591500000000000000e+11 1.277970968350552461e+00
2.592370000000000000e+11 1.051101488183714627e+00
2.593250000000000000e+11 1.309754377912623502e+00
2.594120000000000000e+11 1.035894607369810760e+00
2.595000000000000000e+11 1.334853213789314985e+00
2.595880000000000000e+11 1.020488504743945590e+00
2.596750000000000000e+11 1.313659584363193300e+00
2.597630000000000000e+11 1.009240730348060833e+00
2.598500000000000000e+11 1.281984168096912846e+00
2.599380000000000000e+11 9.889995090776289022e-01
2.600250000000000000e+11 1.288475060151435869e+00
2.601120000000000000e+11 9.986423576739895669e-01
2.602000000000000000e+11 1.291595222749212901e+00
2.602870000000000000e+11 1.004939378572116127e+00
2.603750000000000000e+11 1.291030966568618821e+00
2.604620000000000000e+11 1.003548754242445495e+00
2.605500000000000000e+11 1.283851665689540456e+00
2.606380000000000000e+11 9.788804804605922838e-01
2.607250000000000000e+11 1.293618219267387959e+00
2.608130000000000000e+11 9.579813922699056405e-01
2.609000000000000000e+11 1.324760344741204854e+00
2.609880000000000000e+11 9.323786012293402425e-01
2.610750000000000000e+11 1.337758712150651341e+00
2.611630000000000000e+11 9.161034384571745681e-01
2.612500000000000000e+11 1.323795496976291952e+00
2.613370000000000000e+11 8.933694124296063244e-01
2.614250000000000000e+11 1.319166390173683423e+00
2.615120000000000000e+11 8.848160666469068181e-01
2.616000000000000000e+11 1.311732958181006437e+00
2.616870000000000000e+11 9.009657578794814103e-01
2.617750000000000000e+11 1.317954901122468492e+00
2.618630000000000000e+11 9.217399003715538441e-01
2.619500000000000000e+11 1.321189309833786352e+00
2.620380000000000000e+11 9.039313546005859346e-01
2.621250000000000000e+11 1.326068340731081374e+00
2.622130000000000000e+11 8.782953625087647209e-01
2.623000000000000000e+11 1.350705195730801389e+00
2.623870000000000000e+11 8.598028604324012836e-01
2.624750000000000000e+11 1.394857414347157043e+00
2.625620000000000000e+11 8.348541734893395461e-01
2.626500000000000000e+11 1.389277490188534969e+00
2.627370000000000000e+11 8.139843721522989073e-01
2.628250000000000000e+11 1.381414759925469582e+00
2.629130000000000000e+11 8.004360974951383323e-01
2.630000000000000000e+11 1.358295401750935660e+00
2.630880000000000000e+11 8.278558654813215067e-01
2.631750000000000000e+11 1.348887852688600342e+00
2.632630000000000000e+11 8.717097614373022774e-01
2.633500000000000000e+11 1.340975206010861065e+00
2.634380000000000000e+11 8.517211137843098134e-01
2.635250000000000000e+11 1.329975650671156862e+00
2.636120000000000000e+11 8.261230412755607988e-01
2.637000000000000000e+11 1.326643517047251031e+00
2.637870000000000000e+11 7.983000947505199951e-01
2.638750000000000000e+11 1.370896199441384411e+00
2.639620000000000000e+11 7.896929153072106411e-01
2.640500000000000000e+11 1.378164241073982499e+00
2.641380000000000000e+11 7.823925138090797038e-01
2.642250000000000000e+11 1.351486357810039118e+00
2.643130000000000000e+11 7.893281950859090124e-01
2.644000000000000000e+11 1.327687742334570764e+00
2.644880000000000000e+11 8.142027120981384369e-01
2.645750000000000000e+11 1.292503438190354403e+00
2.646620000000000000e+11 8.642026490138059458e-01
2.647500000000000000e+11 1.263726063060748750e+00
2.648370000000000000e+11 8.561311255934247466e-01
2.649250000000000000e+11 1.232555436752153843e+00
2.650120000000000000e+11 8.365358891110482586e-01
2.651000000000000000e+11 1.196404991721680799e+00
2.651870000000000000e+11 8.044672216135531073e-01
2.652750000000000000e+11 1.196992269927248609e+00
2.653630000000000000e+11 8.078349484991895757e-01
2.654500000000000000e+11 1.214997093168912023e+00
2.655380000000000000e+11 8.073581130503071357e-01
2.656250000000000000e+11 1.214789278442995002e+00
2.657130000000000000e+11 8.026141244868648661e-01
2.658000000000000000e+11 1.172670574686496270e+00
2.658870000000000000e+11 7.933940874848718350e-01
2.659750000000000000e+11 1.140196599016311874e+00
2.660620000000000000e+11 8.307511959565323512e-01
2.661500000000000000e+11 1.102792678972870810e+00
2.662370000000000000e+11 8.344138722267256947e-01
2.663250000000000000e+11 1.054820602909420479e+00
2.664130000000000000e+11 8.374429435505882369e-01
2.665000000000000000e+11 1.001625044223374283e+00
2.665880000000000000e+11 8.056768456965488490e-01
2.666750000000000000e+11 9.661306068825431526e-01
2.667630000000000000e+11 8.136622461754120517e-01
2.668500000000000000e+11 9.983523337236009931e-01
2.669370000000000000e+11 7.928939190251652613e-01
2.670250000000000000e+11 1.023312034681320482e+00
2.671120000000000000e+11 7.927113876128157877e-01
2.672000000000000000e+11 9.784571526216216952e-01
2.672870000000000000e+11 7.722533728797715824e-01
2.673750000000000000e+11 9.479717382465131514e-01
2.674620000000000000e+11 7.649414144056871923e-01
2.675500000000000000e+11 9.213268241009292536e-01
2.676380000000000000e+11 8.013966663277420910e-01
2.677250000000000000e+11 8.815886626492153155e-01
2.678130000000000000e+11 8.018199997676845880e-01
2.679000000000000000e+11 8.365532694968326188e-01
2.679880000000000000e+11 7.848462814894205941e-01
2.680750000000000000e+11 8.304565474333019948e-01
2.681620000000000000e+11 7.882242979438521813e-01
2.682500000000000000e+11 8.913275438505655623e-01
2.683370000000000000e+11 7.884799439943608323e-01
2.684250000000000000e+11 9.508569589251061327e-01
2.685120000000000000e+11 7.752759562521924774e-01
2.686000000000000000e+11 9.316027870993101034e-01
2.686880000000000000e+11 7.644959688544401555e-01
2.687750000000000000e+11 8.825220389586911907e-01
2.688630000000000000e+11 7.367164332847829789e-01
2.689500000000000000e+11 8.410068238651431383e-01
2.690380000000000000e+11 7.366918434553003658e-01
2.691250000000000000e+11 8.129428973862340424e-01
2.692120000000000000e+11 7.595167944671891158e-01
2.693000000000000000e+11 7.966058299542972954e-01
2.693870000000000000e+11 7.628890744248123523e-01
2.694750000000000000e+11 7.719759558274835731e-01
2.695620000000000000e+11 7.742093845337275626e-01
2.696500000000000000e+11 7.960246585944757980e-01
2.697370000000000000e+11 7.714386739648914082e-01
2.698250000000000000e+11 8.342165995043191451e-01
2.699130000000000000e+11 7.879332142793047389e-01
2.700000000000000000e+11 8.079441352500946749e-01
2.700880000000000000e+11 7.583272339525163330e-01
2.701750000000000000e+11 7.677825796528051638e-01
2.702630000000000000e+11 7.448449206077265572e-01
2.703500000000000000e+11 7.319371384707877848e-01
2.704370000000000000e+11 7.308946940617552235e-01
2.705250000000000000e+11 7.218187207929586124e-01
2.706120000000000000e+11 7.665089486874808733e-01
2.707000000000000000e+11 7.148372067603490088e-01
2.707870000000000000e+11 7.824834386132221153e-01
2.708750000000000000e+11 7.003290833665507531e-01
2.709630000000000000e+11 7.822111402493597820e-01
2.710500000000000000e+11 7.058999376573206197e-01
2.711380000000000000e+11 7.844042737259724341e-01
2.712250000000000000e+11 7.184324944875033481e-01
2.713130000000000000e+11 8.084360700408348421e-01
2.714000000000000000e+11 7.123957633001828382e-01
2.714880000000000000e+11 8.016916407057963490e-01
2.715750000000000000e+11 7.041414228437766765e-01
2.716620000000000000e+11 7.791718273217059787e-01
2.717500000000000000e+11 6.678228162180499528e-01
2.718370000000000000e+11 7.704229631737528061e-01
2.719250000000000000e+11 6.403609577554710830e-01
2.720120000000000000e+11 8.319246956332280174e-01
2.721000000000000000e+11 6.090183228431749196e-01
2.721880000000000000e+11 8.501970296932941373e-01
2.722750000000000000e+11 6.015750173165781423e-01
2.723630000000000000e+11 8.317087342405531381e-01
2.724500000000000000e+11 5.781187299698432591e-01
2.725380000000000000e+11 8.248322016275062563e-01
2.726250000000000000e+11 5.874770813524596846e-01
2.727120000000000000e+11 8.497012398855601223e-01
2.728000000000000000e+11 5.928891699397356163e-01
2.728870000000000000e+11 8.467674815849428605e-01
2.729750000000000000e+11 5.829346193158383427e-01
2.730620000000000000e+11 8.188507611487425564e-01
2.731500000000000000e+11 5.564698308108372293e-01
2.732380000000000000e+11 7.966985527605674466e-01
2.733250000000000000e+11 5.290991142178157469e-01
2.734130000000000000e+11 8.469892503484365287e-01
2.735000000000000000e+11 5.263140699942685519e-01
2.735880000000000000e+11 9.028061403971174848e-01
2.736750000000000000e+11 5.245521759093374481e-01
2.737630000000000000e+11 8.841773948829894092e-01
2.738500000000000000e+11 5.100650802565623865e-01
2.739370000000000000e+11 8.629166524566767027e-01
2.740250000000000000e+11 4.991544293466708138e-01
2.741120000000000000e+11 8.555862996030099143e-01
2.742000000000000000e+11 4.945627610320480483e-01
2.742870000000000000e+11 8.529968001722275650e-01
2.743750000000000000e+11 4.964095633567144894e-01
2.744630000000000000e+11 8.336556316724306193e-01
2.745500000000000000e+11 4.950481722482179547e-01
2.746380000000000000e+11 8.142787104133767384e-01
2.747250000000000000e+11 4.747032448627637735e-01
2.748130000000000000e+11 8.895853637123690705e-01
2.749000000000000000e+11 4.733008963398389612e-01
2.749880000000000000e+11 9.639705337578278188e-01
2.750750000000000000e+11 4.794502965775105374e-01
2.751620000000000000e+11 9.474187805845797339e-01
2.752500000000000000e+11 4.642270656298072007e-01
2.753380000000000000e+11 9.117149864904540157e-01
2.754250000000000000e+11 4.431711827252765024e-01
2.755120000000000000e+11 8.435030896547778267e-01
2.756000000000000000e+11 4.286601894553799252e-01
2.756880000000000000e+11 8.518063988430549793e-01
2.757750000000000000e+11 4.592751648392084940e-01
2.758620000000000000e+11 8.437839660653209117e-01
2.759500000000000000e+11 4.588169186828869317e-01
2.760380000000000000e+11 8.353169212635130902e-01
2.761250000000000000e+11 4.635411546195787880e-01
2.762130000000000000e+11 8.076080359595059210e-01
2.763000000000000000e+11 4.582100114794838697e-01
2.763870000000000000e+11 8.541812682774000409e-01
2.764750000000000000e+11 4.507125065772958350e-01
2.765630000000000000e+11 8.595871810133038915e-01
2.766500000000000000e+11 4.461330244395834699e-01
2.767370000000000000e+11 8.284969038988763135e-01
2.768250000000000000e+11 4.178149475180072958e-01
2.769130000000000000e+11 8.193456429790988427e-01
2.770000000000000000e+11 4.070728616220777307e-01
2.770870000000000000e+11 8.003952417106364736e-01
2.771750000000000000e+11 4.382966512142696947e-01
2.772620000000000000e+11 7.861583130693001742e-01
2.773500000000000000e+11 4.502320900109723079e-01
2.774380000000000000e+11 7.454026252743506387e-01
2.775250000000000000e+11 4.511632966053973348e-01
2.776120000000000000e+11 7.111454091528585097e-01
2.777000000000000000e+11 4.534087879983038083e-01
2.777880000000000000e+11 6.912070493610679156e-01
2.778750000000000000e+11 4.443107070840214834e-01
2.779620000000000000e+11 6.806183135732147838e-01
2.780500000000000000e+11 4.533161150498197234e-01
2.781380000000000000e+11 6.736615911418739611e-01
2.782250000000000000e+11 4.243061453721241882e-01
2.783120000000000000e+11 6.666842666640384607e-01
2.784000000000000000e+11 4.109567544117588289e-01
2.784870000000000000e+11 6.414188710146683237e-01
2.785750000000000000e+11 4.421708798205435387e-01
2.786630000000000000e+11 6.094740618396445875e-01
2.787500000000000000e+11 4.722685629196732848e-01
2.788370000000000000e+11 5.940411167658808944e-01
2.789250000000000000e+11 4.616750360868661085e-01
2.790130000000000000e+11 5.612810497974093371e-01
2.791000000000000000e+11 4.645476589521556621e-01
2.791870000000000000e+11 5.093417560236699337e-01
2.792750000000000000e+11 4.535292167646129968e-01
2.793630000000000000e+11 5.226727135939486235e-01
2.794500000000000000e+11 4.470137862528608674e-01
2.795370000000000000e+11 5.476173741397092343e-01
2.796250000000000000e+11 4.396742929763120533e-01
2.797120000000000000e+11 5.497769018651136319e-01
2.798000000000000000e+11 4.227513228999528194e-01
2.798880000000000000e+11 5.309630815516415137e-01
2.799750000000000000e+11 4.434050605566569603e-01
2.800620000000000000e+11 4.912565317049075175e-01
2.801500000000000000e+11 4.934787848492422913e-01
2.802380000000000000e+11 4.758413229887971663e-01
2.803250000000000000e+11 4.705741621394813334e-01
2.804120000000000000e+11 4.582332520835714074e-01
2.805000000000000000e+11 4.534402280826348997e-01
2.805880000000000000e+11 4.203097033832237650e-01
2.806750000000000000e+11 4.497644754162570258e-01
2.807630000000000000e+11 4.324252775654410796e-01
2.808500000000000000e+11 4.449777550005593052e-01
2.809370000000000000e+11 4.452733041729310393e-01
2.810250000000000000e+11 4.696677049059393427e-01
2.811130000000000000e+11 4.543960490456293022e-01
2.812000000000000000e+11 4.616980610198556101e-01
2.812870000000000000e+11 4.411869713818820649e-01
2.813750000000000000e+11 4.767019779902072485e-01
2.814630000000000000e+11 4.191827485049065549e-01
2.815500000000000000e+11 5.049426231418427946e-01
2.816370000000000000e+11 3.978047766479335112e-01
2.817250000000000000e+11 4.769012200626132070e-01
2.818130000000000000e+11 3.902099340003220562e-01
2.819000000000000000e+11 4.627361792393239193e-01
2.819880000000000000e+11 3.592665989111658575e-01
2.820750000000000000e+11 4.866023578336280409e-01
2.821620000000000000e+11 3.666228840016941826e-01
2.822500000000000000e+11 5.274300136507972248e-01
2.823380000000000000e+11 3.890099216887357159e-01
2.824250000000000000e+11 5.380388268541888008e-01
2.825120000000000000e+11 3.858519097588561375e-01
2.826000000000000000e+11 5.431230636975346027e-01
2.826880000000000000e+11 3.797507474354585022e-01
2.827750000000000000e+11 5.586711161591226826e-01
2.828620000000000000e+11 3.513022217293527150e-01
2.829500000000000000e+11 5.498444128539932141e-01
2.830370000000000000e+11 3.342975160444164873e-01
2.831250000000000000e+11 5.541699187714523855e-01
2.832130000000000000e+11 3.276677589347604669e-01
2.833000000000000000e+11 4.977730909649403790e-01
2.833870000000000000e+11 3.091339670191765032e-01
2.834750000000000000e+11 5.298005925483059153e-01
2.835630000000000000e+11 3.029182314265250198e-01
2.836500000000000000e+11 5.607836312532844536e-01
2.837370000000000000e+11 3.045674292248137793e-01
2.838250000000000000e+11 5.935950332682091712e-01
2.839130000000000000e+11 3.220086138528568398e-01
2.840000000000000000e+11 5.850034469470756227e-01
2.840870000000000000e+11 3.122051741521508217e-01
2.841750000000000000e+11 5.537764790345605093e-01
2.842620000000000000e+11 3.081196401710718513e-01
2.843500000000000000e+11 5.128864903759288163e-01
2.844380000000000000e+11 2.841299444258742479e-01
2.845250000000000000e+11 5.565395149110993200e-01
2.846120000000000000e+11 2.806320260539323375e-01
2.847000000000000000e+11 5.650023845610004924e-01
2.847880000000000000e+11 2.672058518739221511e-01
2.848750000000000000e+11 5.898473063110363235e-01
2.849620000000000000e+11 2.545346740580879397e-01
2.850500000000000000e+11 5.873859808507712055e-01
2.851380000000000000e+11 2.587936132774077969e-01
2.852250000000000000e+11 5.764861609455423919e-01
2.853130000000000000e+11 2.736142899741025869e-01
2.854000000000000000e+11 5.598999589448930836e-01
2.854870000000000000e+11 2.842945262666810025e-01
2.855750000000000000e+11 5.194882406656909923e-01
2.856630000000000000e+11 2.531237852864113846e-01
2.857500000000000000e+11 4.753852038774133426e-01
2.858370000000000000e+11 2.501621515667247775e-01
2.859250000000000000e+11 5.105230464913511623e-01
2.860130000000000000e+11 2.364566059117353125e-01
2.861000000000000000e+11 5.622237729254550009e-01
2.861870000000000000e+11 2.564421070123174551e-01
2.862750000000000000e+11 5.638707975656085392e-01
2.863630000000000000e+11 2.508677246854207343e-01
2.864500000000000000e+11 5.470021495120690469e-01
2.865380000000000000e+11 2.408539096242244826e-01
2.866250000000000000e+11 5.014444518617480195e-01
2.867120000000000000e+11 2.611171971397662217e-01
2.868000000000000000e+11 4.797082578511066564e-01
2.868880000000000000e+11 2.583907721931966717e-01
2.869750000000000000e+11 4.531458557617469851e-01
2.870620000000000000e+11 2.496222178651515133e-01
2.871500000000000000e+11 4.196764712961297272e-01
2.872380000000000000e+11 2.511492476337761071e-01
2.873250000000000000e+11 4.269512763272104161e-01
2.874120000000000000e+11 2.617520905748628723e-01
2.875000000000000000e+11 4.703394370972264205e-01
2.875880000000000000e+11 2.533813474957484213e-01
2.876750000000000000e+11 4.678751559738885679e-01
2.877630000000000000e+11 2.573744933399475521e-01
2.878500000000000000e+11 4.370609177450496818e-01
2.879370000000000000e+11 2.550228739820609158e-01
2.880250000000000000e+11 4.038766017984745660e-01
2.881130000000000000e+11 2.426939814852119015e-01
2.882000000000000000e+11 3.838791363573950122e-01
2.882870000000000000e+11 2.661822908519321795e-01
2.883750000000000000e+11 3.622025715633983567e-01
2.884630000000000000e+11 2.498468560678561157e-01
2.885500000000000000e+11 3.480979125578821942e-01
2.886370000000000000e+11 2.529431226454597059e-01
2.887250000000000000e+11 3.223275869334316646e-01
2.888120000000000000e+11 2.517566061343713413e-01
2.889000000000000000e+11 3.473739997070602881e-01
2.889880000000000000e+11 2.541798884011936543e-01
2.890750000000000000e+11 3.491986072788813011e-01
2.891620000000000000e+11 2.600379472799970726e-01
2.892500000000000000e+11 3.332519549675946879e-01
2.893380000000000000e+11 2.578714065502039632e-01
2.894250000000000000e+11 3.171143350799540683e-01
2.895120000000000000e+11 2.409325337829890390e-01
2.896000000000000000e+11 3.013002061969872192e-01
2.896880000000000000e+11 2.456884164006122862e-01
2.897750000000000000e+11 2.886145849075205660e-01
2.898620000000000000e+11 2.554317693691016133e-01
2.899500000000000000e+11 2.692415010024796773e-01
2.900370000000000000e+11 2.539071972615097317e-01
2.901250000000000000e+11 2.603335643107089203e-01
2.902130000000000000e+11 2.702237338083986473e-01
2.903000000000000000e+11 2.496291583352613641e-01
2.903870000000000000e+11 2.753985412124194121e-01
2.904750000000000000e+11 2.690579814080916177e-01
2.905630000000000000e+11 2.964348019661672273e-01
2.906500000000000000e+11 2.704467999516197985e-01
2.907370000000000000e+11 2.856439723408648601e-01
2.908250000000000000e+11 2.577296321071189666e-01
2.909130000000000000e+11 2.926311241052107492e-01
2.910000000000000000e+11 2.263576341820154048e-01
2.910880000000000000e+11 2.906649450275366475e-01
2.911750000000000000e+11 2.119812922292181601e-01
2.912620000000000000e+11 3.103755706634634959e-01
2.913500000000000000e+11 1.967332562193475631e-01
2.914380000000000000e+11 3.266756110023932291e-01
2.915250000000000000e+11 2.029237831043431139e-01
2.916120000000000000e+11 3.431240859418663858e-01
2.917000000000000000e+11 1.967745829948990555e-01
2.917880000000000000e+11 3.454947276564295233e-01
2.918750000000000000e+11 1.970433162437797703e-01
2.919620000000000000e+11 3.650252738463915514e-01
2.920500000000000000e+11 2.081581086606412168e-01
2.921380000000000000e+11 3.478321984706927439e-01
2.922250000000000000e+11 2.313936423830096345e-01
2.923130000000000000e+11 3.312659048049643729e-01
2.924000000000000000e+11 2.084603743163358225e-01
2.924870000000000000e+11 3.386326811653346258e-01
2.925750000000000000e+11 1.906359108552475867e-01
2.926630000000000000e+11 3.683369740339664244e-01
2.927500000000000000e+11 1.865025251000751172e-01
2.928370000000000000e+11 3.856009709993977186e-01
2.929250000000000000e+11 1.774330585272827498e-01
2.930130000000000000e+11 3.904738864921645236e-01
2.931000000000000000e+11 1.691283610725155540e-01
2.931870000000000000e+11 3.772814633818986629e-01
2.932750000000000000e+11 1.546717774657906386e-01
2.933620000000000000e+11 3.601660642520768119e-01
2.934500000000000000e+11 1.770343903812965358e-01
2.935380000000000000e+11 3.515356559627025312e-01
2.936250000000000000e+11 1.801488202041331699e-01
2.937120000000000000e+11 3.251124739138034903e-01
2.938000000000000000e+11 1.596727921596000355e-01
2.938880000000000000e+11 3.199886163867038391e-01
2.939750000000000000e+11 1.521253404346033511e-01
2.940620000000000000e+11 3.387521516924067444e-01
2.941500000000000000e+11 1.484093034210532125e-01
2.942380000000000000e+11 3.465132802392114630e-01
2.943250000000000000e+11 1.616269907916723925e-01
2.944120000000000000e+11 3.315698941244715203e-01
2.945000000000000000e+11 1.379015806336562067e-01
2.945870000000000000e+11 3.135877708313943857e-01
2.946750000000000000e+11 1.263123428356674460e-01
2.947630000000000000e+11 2.911448759537044184e-01
2.948500000000000000e+11 1.409877839215679940e-01
2.949370000000000000e+11 2.766459657338357081e-01
2.950250000000000000e+11 1.648409091650830660e-01
2.951130000000000000e+11 2.531269193969257758e-01
2.952000000000000000e+11 1.451114927015791922e-01
2.952870000000000000e+11 2.467858961319006894e-01
2.953750000000000000e+11 1.373166121228906189e-01
2.954630000000000000e+11 2.400546965763827312e-01
2.955500000000000000e+11 1.299318868709393449e-01
2.956380000000000000e+11 2.505566411331215382e-01
2.957250000000000000e+11 1.354283867767944738e-01
2.958120000000000000e+11 2.325091313358871870e-01
2.959000000000000000e+11 1.204643731412465835e-01
2.959880000000000000e+11 2.050142194905756887e-01
2.960750000000000000e+11 1.109668908477805804e-01
2.961620000000000000e+11 1.802645880199100770e-01
2.962500000000000000e+11 1.275361965741908521e-01
2.963380000000000000e+11 1.616516650332156801e-01
2.964250000000000000e+11 1.527201301075684914e-01
2.965120000000000000e+11 1.577258703491632719e-01
2.966000000000000000e+11 1.403893367507944023e-01
2.966880000000000000e+11 1.677348184786442153e-01
2.967750000000000000e+11 1.343961444762998836e-01
2.968630000000000000e+11 1.635113926757849057e-01
2.969500000000000000e+11 1.440095058098334879e-01
2.970370000000000000e+11 1.546593647347109801e-01
2.971250000000000000e+11 1.498940955471684822e-01
2.972130000000000000e+11 1.534010789218490378e-01
2.973000000000000000e+11 1.443937900131013752e-01
2.973870000000000000e+11 1.599927043140030591e-01
2.974750000000000000e+11 1.481505164443049083e-01
2.975630000000000000e+11 1.504101315204776357e-01
2.976500000000000000e+11 1.347653883268315200e-01
2.977370000000000000e+11 1.484592917407343282e-01
2.978250000000000000e+11 1.641082790297530292e-01
2.979130000000000000e+11 1.406618655513460769e-01
2.980000000000000000e+11 1.766058315366800802e-01
2.980880000000000000e+11 1.346037995053627478e-01
2.981750000000000000e+11 1.769245329549714585e-01
2.982620000000000000e+11 1.313222346171292187e-01
2.983500000000000000e+11 1.805737966376902703e-01
2.984380000000000000e+11 1.234330946209182267e-01
2.985250000000000000e+11 1.763577496147364643e-01
2.986120000000000000e+11 1.172402381552768574e-01
2.987000000000000000e+11 1.710829397998947787e-01
2.987880000000000000e+11 1.179425471647742862e-01
2.988750000000000000e+11 1.568637565365061382e-01
2.989620000000000000e+11 1.104014747215063402e-01
2.990500000000000000e+11 1.515173608877310174e-01
2.991370000000000000e+11 1.115033126109578054e-01
2.992250000000000000e+11 1.759509661693467175e-01
2.993130000000000000e+11 1.059207563202559377e-01
2.994000000000000000e+11 1.817022898272856457e-01
2.994870000000000000e+11 1.046374214350211523e-01
2.995750000000000000e+11 1.886901584716602354e-01
2.996630000000000000e+11 9.965219109471239178e-02
2.997500000000000000e+11 1.764744919198020512e-01
2.998370000000000000e+11 8.966285630991781275e-02
2.999250000000000000e+11 1.810498666701534920e-01
3.000130000000000000e+11 8.902695608005706251e-02
3.001000000000000000e+11 1.747215233567722126e-01
3.001870000000000000e+11 9.191659939362768761e-02
3.002750000000000000e+11 1.683885848837255450e-01
3.003620000000000000e+11 8.457633775666296982e-02
3.004500000000000000e+11 1.595689859465378724e-01
3.005380000000000000e+11 8.956336243173090850e-02
3.006250000000000000e+11 1.785197985941588683e-01
3.007120000000000000e+11 8.558911475737213115e-02
3.008000000000000000e+11 1.806186815355160236e-01
3.008880000000000000e+11 8.589633446300666553e-02
3.009750000000000000e+11 1.894490662328686681e-01
3.010620000000000000e+11 8.346863264601606103e-02
3.011500000000000000e+11 1.773012865467236965e-01
3.012380000000000000e+11 7.417999455875770587e-02
3.013250000000000000e+11 1.643245571610730538e-01
3.014130000000000000e+11 7.534113968857701626e-02
3.015000000000000000e+11 1.619326823064170251e-01
3.015870000000000000e+11 8.523143416825980367e-02
3.016750000000000000e+11 1.551052578191351727e-01
3.017630000000000000e+11 7.853810905922292696e-02
3.018500000000000000e+11 1.633104451885807051e-01
3.019370000000000000e+11 8.578001624909231682e-02
3.020250000000000000e+11 1.604772742040477818e-01
3.021130000000000000e+11 7.784175681240357303e-02
3.022000000000000000e+11 1.798735374414045518e-01
3.022870000000000000e+11 8.859669317981511139e-02
3.023750000000000000e+11 1.871199397868507364e-01
3.024630000000000000e+11 7.878091644647698677e-02
3.025500000000000000e+11 1.931715631207341355e-01
3.026380000000000000e+11 8.759957835022044725e-02
3.027250000000000000e+11 1.770888742041238917e-01
3.028120000000000000e+11 7.325163260651833264e-02
3.029000000000000000e+11 1.805855137365314222e-01
3.029880000000000000e+11 9.597114168521170274e-02
3.030750000000000000e+11 1.677743169755487318e-01
3.031620000000000000e+11 8.106336331360065872e-02
3.032500000000000000e+11 1.677914754084569582e-01
3.033380000000000000e+11 9.869483811133547557e-02
3.034250000000000000e+11 1.639541484422529782e-01
3.035120000000000000e+11 8.502580593466091408e-02
3.036000000000000000e+11 1.585855072241995900e-01
3.036870000000000000e+11 9.559903627137324167e-02
3.037750000000000000e+11 1.742339028222150143e-01
3.038630000000000000e+11 8.613530765008314827e-02
3.039500000000000000e+11 1.513049644598854770e-01
3.040370000000000000e+11 1.006043825524332996e-01
3.041250000000000000e+11 1.553931432620231923e-01
3.042130000000000000e+11 7.785505414307077043e-02
3.043000000000000000e+11 1.309551272350731876e-01
3.043870000000000000e+11 1.110303962190852672e-01
3.044750000000000000e+11 1.434301079331158357e-01
3.045630000000000000e+11 9.212888971320137843e-02
3.046500000000000000e+11 1.234606801916611762e-01
3.047370000000000000e+11 1.151709676529294457e-01
3.048250000000000000e+11 1.378588703735339205e-01
3.049120000000000000e+11 9.551225593925928570e-02
3.050000000000000000e+11 1.247690895317014603e-01
3.050880000000000000e+11 1.220852028015813190e-01
3.051750000000000000e+11 1.276246465436653710e-01
3.052620000000000000e+11 1.070776580695436547e-01
3.053500000000000000e+11 1.102322401350433884e-01
3.054380000000000000e+11 1.329494069576756254e-01
3.055250000000000000e+11 1.172434114515495396e-01
3.056120000000000000e+11 1.086115925884458822e-01
3.057000000000000000e+11 1.062593172638713612e-01
3.057880000000000000e+11 1.292407171665329035e-01
3.058750000000000000e+11 1.132436459065168793e-01
3.059620000000000000e+11 1.274181872476128907e-01
3.060500000000000000e+11 1.044688768873725804e-01
3.061370000000000000e+11 1.378886691833491607e-01
3.062250000000000000e+11 1.124010094085696604e-01
3.063130000000000000e+11 1.228694246550067898e-01
3.064000000000000000e+11 1.034181425519138525e-01
3.064870000000000000e+11 1.459258876440258368e-01
3.065750000000000000e+11 9.744390565021149309e-02
3.066630000000000000e+11 1.320197859531097584e-01
3.067500000000000000e+11 1.045315540234504070e-01
3.068370000000000000e+11 1.443247779238536199e-01
3.069250000000000000e+11 9.629701922923507296e-02
3.070130000000000000e+11 1.359211187505916518e-01
3.071000000000000000e+11 1.002640489737303409e-01
3.071880000000000000e+11 1.472619735266045005e-01
3.072750000000000000e+11 1.004355518501187233e-01
3.073620000000000000e+11 1.538495939162382864e-01
3.074500000000000000e+11 1.025043022853906749e-01
3.075380000000000000e+11 1.650529044896035524e-01
3.076250000000000000e+11 1.046615448682465116e-01
3.077120000000000000e+11 1.640416996488293921e-01
3.078000000000000000e+11 1.090699960106348981e-01
3.078880000000000000e+11 1.704093604069722712e-01
3.079750000000000000e+11 1.073018018631718973e-01
3.080620000000000000e+11 1.938194705190873224e-01
3.081500000000000000e+11 1.138981227748102898e-01
3.082380000000000000e+11 2.140138843714082251e-01
3.083250000000000000e+11 1.103861929535768643e-01
3.084130000000000000e+11 2.188567967319891283e-01
3.085000000000000000e+11 1.202173334210158706e-01
3.085870000000000000e+11 2.303715083476388648e-01
3.086750000000000000e+11 1.086838970709320812e-01
3.087630000000000000e+11 2.429120586666488890e-01
3.088500000000000000e+11 1.188387724431907710e-01
3.089370000000000000e+11 2.723229132816367137e-01
3.090250000000000000e+11 1.055504458430582826e-01
3.091130000000000000e+11 2.819901621629481436e-01
3.092000000000000000e+11 1.207990450435320329e-01
3.092870000000000000e+11 2.972270059318020130e-01
3.093750000000000000e+11 1.007157433324172152e-01
3.094620000000000000e+11 2.903537178254345097e-01
3.095500000000000000e+11 1.211683100146890152e-01
3.096380000000000000e+11 2.994734209444385731e-01
3.097250000000000000e+11 1.051915152666154096e-01
3.098120000000000000e+11 2.858242424181937635e-01
3.099000000000000000e+11 1.233229411791938734e-01
3.099880000000000000e+11 2.845529415374316584e-01
3.100750000000000000e+11 1.082415740939004500e-01
3.101620000000000000e+11 2.734820688276147216e-01
3.102500000000000000e+11 1.331606483027809318e-01
3.103380000000000000e+11 2.951802882360851643e-01
3.104250000000000000e+11 1.214484749129514235e-01
3.105120000000000000e+11 2.772271526509006434e-01
3.106000000000000000e+11 1.300926716234602765e-01
3.106870000000000000e+11 2.512406505362455023e-01
3.107750000000000000e+11 1.293472949854337639e-01
3.108630000000000000e+11 2.617473425067818882e-01
3.109500000000000000e+11 1.158375272026315322e-01
