4.899000000000000000e+11 4.992714446272877166e-02
4.900750000000000000e+11 4.210181245985630122e-02
4.902500000000000000e+11 4.907574047893249053e-02
4.904250000000000000e+11 5.848136399936931795e-02
4.906000000000000000e+11 4.189926678038847357e-02
4.907750000000000000e+11 1.979355667770717545e-02
4.909500000000000000e+11 6.077332906213917668e-02
4.911250000000000000e+11 7.937347213875266261e-02
4.913000000000000000e+11 8.235299787238616054e-02
4.914750000000000000e+11 6.723185241677920310e-02
4.916500000000000000e+11 9.127210684146154496e-02
4.918250000000000000e+11 6.603166623823114589e-02
4.920000000000000000e+11 6.447644496759825927e-02
4.921750000000000000e+11 4.688952053307116064e-02
4.923500000000000000e+11 5.057343478986217611e-02
4.925250000000000000e+11 5.976312949542067487e-02
4.927000000000000000e+11 5.413143324705570886e-02
4.928750000000000000e+11 4.287564567804962729e-02
4.930500000000000000e+11 2.535308433953963395e-02
4.932250000000000000e+11 5.371816196300140817e-02
4.934000000000000000e+11 3.098965402754259163e-02
4.935750000000000000e+11 3.732738126734933687e-02
4.937500000000000000e+11 8.238071718598724558e-02
4.939250000000000000e+11 9.010464104999324486e-02
4.941000000000000000e+11 9.452357340793257623e-02
4.942750000000000000e+11 8.643654390320165692e-02
4.944500000000000000e+11 9.086380856600950739e-02
4.946250000000000000e+11 5.330332935448266196e-02
4.948000000000000000e+11 6.024454332961727554e-02
4.949750000000000000e+11 5.427532589953781850e-02
4.951500000000000000e+11 2.419506204714694242e-02
4.953250000000000000e+11 5.699865925890928997e-02
4.955000000000000000e+11 4.646418815151726750e-02
4.956750000000000000e+11 5.597489752254749401e-02
4.958500000000000000e+11 3.941174673516126964e-02
4.960250000000000000e+11 4.345770600377254350e-02
4.962000000000000000e+11 5.699054023966793753e-02
4.963750000000000000e+11 5.930097538380987160e-02
4.965500000000000000e+11 6.246344466596769063e-02
4.967250000000000000e+11 8.034218235851926793e-02
4.969000000000000000e+11 8.385917309601807756e-02
4.970750000000000000e+11 8.621248041364204528e-02
4.972500000000000000e+11 5.545145429853820529e-02
4.974250000000000000e+11 6.534570213687668216e-02
4.976000000000000000e+11 6.157102795047639243e-02
4.977750000000000000e+11 6.726069662705071173e-02
4.979500000000000000e+11 6.327729085770107675e-02
4.981250000000000000e+11 6.020005413674808098e-03
4.983000000000000000e+11 2.858913500464135490e-02
4.984750000000000000e+11 4.569417688028749869e-02
4.986500000000000000e+11 4.879293926576368234e-02
4.988250000000000000e+11 5.739995272926064207e-02
4.990000000000000000e+11 7.061927172151215293e-02
4.991750000000000000e+11 8.015338295776856803e-02
4.993500000000000000e+11 1.060259519421170304e-01
4.995250000000000000e+11 7.926914203185929375e-02
4.997000000000000000e+11 2.932578141551897555e-02
4.998750000000000000e+11 9.961372847668838182e-02
5.000500000000000000e+11 6.569936971199612230e-02
5.002250000000000000e+11 7.467113208935764745e-02
5.004000000000000000e+11 7.436068032316180132e-02
5.005750000000000000e+11 6.633748579348007490e-02
5.007500000000000000e+11 2.444117063528545436e-02
5.009250000000000000e+11 5.833196645400125918e-02
5.011000000000000000e+11 6.476625144074057983e-02
5.012750000000000000e+11 2.510603124662097799e-02
5.014500000000000000e+11 5.905947276344462871e-02
5.016250000000000000e+11 8.200636597940874628e-02
5.018000000000000000e+11 5.952320837609779980e-02
5.019750000000000000e+11 9.663702872739630967e-02
5.021500000000000000e+11 8.924963996487045303e-02
5.023250000000000000e+11 6.589179703778887121e-02
5.025000000000000000e+11 4.136224435627453011e-02
5.026750000000000000e+11 9.301886353961291709e-02
5.028500000000000000e+11 6.080511244759152084e-02
5.030250000000000000e+11 5.366228864001869325e-02
5.032000000000000000e+11 4.955577419565912467e-02
5.033750000000000000e+11 7.516103820387928791e-02
5.035500000000000000e+11 5.864228105630454185e-02
5.037250000000000000e+11 8.173569370125416400e-02
5.039000000000000000e+11 3.632688137811889567e-02
5.040750000000000000e+11 5.915191321539484126e-02
5.042500000000000000e+11 6.037696155205254239e-02
5.044250000000000000e+11 5.665864318525332816e-02
5.046000000000000000e+11 7.434807538640808566e-02
5.047750000000000000e+11 8.552696184143900038e-02
5.049500000000000000e+11 8.307776437185986074e-02
5.051250000000000000e+11 6.107506539608315715e-02
5.053000000000000000e+11 5.484303561262639931e-02
5.054750000000000000e+11 4.947848911084865714e-02
5.056500000000000000e+11 4.993051465050027393e-02
5.058250000000000000e+11 6.983071600251229694e-02
5.060000000000000000e+11 8.040688288097315450e-02
5.061750000000000000e+11 5.599202038869047909e-02
5.063500000000000000e+11 3.390320519056151671e-02
5.065250000000000000e+11 4.419272952524248149e-02
5.067000000000000000e+11 4.150425390013826737e-02
5.068750000000000000e+11 4.002089076692740693e-02
5.070500000000000000e+11 6.745119666626225863e-02
5.072250000000000000e+11 7.151334622797092533e-02
5.074000000000000000e+11 7.409997189370894077e-02
5.075750000000000000e+11 8.090009028979315564e-02
5.077500000000000000e+11 7.811659336903152562e-02
5.079250000000000000e+11 5.712575928880041232e-02
5.081000000000000000e+11 7.754278119981118655e-02
5.082750000000000000e+11 5.532124076155086473e-02
5.084500000000000000e+11 4.111204969724573804e-02
5.086250000000000000e+11 6.476135500562400782e-02
5.088000000000000000e+11 7.873625539188726374e-02
5.089750000000000000e+11 4.672578712955013924e-02
5.091500000000000000e+11 4.162588168901056734e-02
5.093250000000000000e+11 3.802860207397250336e-02
5.095000000000000000e+11 1.494770942356992392e-02
5.096750000000000000e+11 4.411799826116839796e-02
5.098500000000000000e+11 5.443547275373337990e-02
5.100250000000000000e+11 4.185457563380347995e-02
5.102000000000000000e+11 7.154931908918946148e-02
5.103750000000000000e+11 7.135749718229693339e-02
5.105500000000000000e+11 6.056962893253479974e-02
5.107250000000000000e+11 6.908374813320200536e-02
5.109000000000000000e+11 6.759783259294574465e-02
5.110750000000000000e+11 7.576960242322089423e-02
5.112500000000000000e+11 4.480594080219107989e-02
5.114250000000000000e+11 5.644795040720906876e-02
5.116000000000000000e+11 4.519066830954381053e-02
5.117750000000000000e+11 5.901200007522581364e-02
5.119500000000000000e+11 5.305394705753731927e-02
5.121250000000000000e+11 2.097141780918180751e-02
5.123000000000000000e+11 5.596708845020517686e-02
5.124750000000000000e+11 6.405077181035416511e-02
5.126500000000000000e+11 3.113144429239783628e-02
5.128250000000000000e+11 5.812325952601614387e-02
5.130000000000000000e+11 4.913441487391040363e-02
5.131750000000000000e+11 6.480921546114956633e-02
5.133500000000000000e+11 7.722216611468137037e-02
5.135250000000000000e+11 6.305329151403096799e-02
5.137000000000000000e+11 6.684956230875467587e-02
5.138750000000000000e+11 5.871315173965519635e-02
5.140500000000000000e+11 7.583051076975619309e-02
5.142250000000000000e+11 1.772305339867132068e-02
5.144000000000000000e+11 4.303815720648505178e-02
5.145750000000000000e+11 6.038582022609773059e-02
5.147500000000000000e+11 3.121228661376434024e-02
5.149250000000000000e+11 3.601764872382780258e-02
5.151000000000000000e+11 4.836928904890676340e-02
5.152750000000000000e+11 2.930387603803458890e-02
5.154500000000000000e+11 5.168663868032954967e-02
5.156250000000000000e+11 6.900659223316314705e-02
5.158000000000000000e+11 6.038120287214033405e-02
5.159750000000000000e+11 7.015343233569025505e-02
5.161500000000000000e+11 5.125756687821842600e-02
5.163250000000000000e+11 7.055071265621007393e-02
5.165000000000000000e+11 5.242265041047263624e-02
5.166750000000000000e+11 9.180614691812465089e-02
5.168500000000000000e+11 6.377166293084655935e-02
5.170250000000000000e+11 3.271406013274719832e-02
5.172000000000000000e+11 4.030709253723192137e-02
5.173750000000000000e+11 5.028218368020762746e-02
5.175500000000000000e+11 5.987713055176688282e-02
5.177250000000000000e+11 3.386279959868067346e-02
5.179000000000000000e+11 5.264335965975904669e-02
5.180750000000000000e+11 5.218963716638107264e-02
5.182500000000000000e+11 4.882709855248409253e-02
5.184250000000000000e+11 5.721738201612104613e-02
5.186000000000000000e+11 4.532071214631370332e-02
5.187750000000000000e+11 4.177527615726053800e-02
5.189500000000000000e+11 5.309338498101304205e-02
5.191250000000000000e+11 6.405296134804076835e-02
5.193000000000000000e+11 6.674204063389505004e-02
5.194750000000000000e+11 7.689665000980490384e-02
5.196500000000000000e+11 5.960154583350734531e-02
5.198250000000000000e+11 4.990465754932638109e-02
5.200000000000000000e+11 3.053116149829236681e-02
5.201750000000000000e+11 5.381179978210295228e-02
5.203500000000000000e+11 5.251037855840509638e-02
5.205250000000000000e+11 5.799557796366962281e-02
5.207000000000000000e+11 5.307857396319662358e-02
5.208750000000000000e+11 4.457619570789392305e-02
5.210500000000000000e+11 6.000204539770560147e-02
5.212250000000000000e+11 6.700809248604339130e-02
5.214000000000000000e+11 2.971602300500923027e-02
5.215750000000000000e+11 4.904949091137955630e-02
5.217500000000000000e+11 5.605759604418517755e-02
5.219250000000000000e+11 6.294039653712189819e-02
5.221000000000000000e+11 8.459299618702803558e-02
5.222750000000000000e+11 7.308910257913273090e-02
5.224500000000000000e+11 6.630607857057017884e-02
5.226250000000000000e+11 5.598547691261672454e-02
5.228000000000000000e+11 5.594447588406964433e-02
5.229750000000000000e+11 3.746285978539799083e-02
5.231500000000000000e+11 3.904972077985607859e-02
5.233250000000000000e+11 5.811451651288346287e-02
5.235000000000000000e+11 5.126396426749767893e-02
5.236750000000000000e+11 5.221416109440039227e-02
5.238500000000000000e+11 4.495663729108652362e-02
5.240250000000000000e+11 4.660515962013415947e-02
5.242000000000000000e+11 4.967500845618662980e-02
5.243750000000000000e+11 2.509193429138211612e-02
5.245500000000000000e+11 4.557087430792550187e-02
5.247250000000000000e+11 6.550143586991900857e-02
5.249000000000000000e+11 6.243299264011342720e-02
5.250750000000000000e+11 5.183302638458320288e-02
5.252500000000000000e+11 8.090145481799095040e-02
5.254250000000000000e+11 4.907186697395452685e-02
5.256000000000000000e+11 7.324055343030808074e-02
5.257750000000000000e+11 5.157372038273334153e-02
5.259500000000000000e+11 5.691147564567768102e-02
5.261250000000000000e+11 2.247266582789560901e-02
5.263000000000000000e+11 6.153063632214349210e-02
5.264750000000000000e+11 5.403664165727500163e-02
5.266500000000000000e+11 4.520851434248240874e-02
5.268250000000000000e+11 5.493741515015699434e-02
5.270000000000000000e+11 4.109277963274669820e-02
5.271750000000000000e+11 3.826099210559935626e-02
5.273500000000000000e+11 4.578119551675306070e-02
5.275250000000000000e+11 6.955670438967420655e-02
5.277000000000000000e+11 7.223085225820721766e-02
5.278750000000000000e+11 6.817719362953778006e-02
5.280500000000000000e+11 6.620923246245855043e-02
5.282250000000000000e+11 6.289245171868398931e-02
5.284000000000000000e+11 6.616934169323571147e-02
5.285750000000000000e+11 3.641564373689264861e-02
5.287500000000000000e+11 4.116542529473959933e-02
5.289250000000000000e+11 2.279059260589636968e-02
5.291000000000000000e+11 5.892785663530503842e-02
5.292750000000000000e+11 6.837278654029757541e-02
5.294500000000000000e+11 2.994707204177347870e-02
5.296250000000000000e+11 5.834939949168698597e-02
5.298000000000000000e+11 3.577791376293196213e-02
5.299750000000000000e+11 5.929388107087924659e-02
5.301500000000000000e+11 4.598514149908337900e-02
5.303250000000000000e+11 7.298714623146300429e-02
5.305000000000000000e+11 6.011532184074948326e-02
5.306750000000000000e+11 6.468463536961237270e-02
5.308500000000000000e+11 7.682332500409846943e-02
5.310250000000000000e+11 5.606128216968070399e-02
5.312000000000000000e+11 4.195860615573598906e-02
5.313750000000000000e+11 5.323824362809901484e-02
5.315500000000000000e+11 3.892893349237656897e-02
5.317250000000000000e+11 7.340013026532813539e-03
5.319000000000000000e+11 6.448726930111416122e-02
5.320750000000000000e+11 4.848879425516061659e-02
5.322500000000000000e+11 3.309122411964068866e-02
5.324250000000000000e+11 5.592420713628790813e-02
5.326000000000000000e+11 3.443861014790233765e-02
5.327750000000000000e+11 5.489338096739537765e-02
5.329500000000000000e+11 7.687993460921804800e-02
5.331250000000000000e+11 7.450596368335064834e-02
5.333000000000000000e+11 3.581344085110525766e-02
5.334750000000000000e+11 6.546718157194585108e-02
5.336500000000000000e+11 7.308230825143159637e-02
5.338250000000000000e+11 5.604123053303475266e-02
5.340000000000000000e+11 6.290137481019929255e-02
5.341750000000000000e+11 4.535074406998861746e-02
5.343500000000000000e+11 4.265256985485117724e-02
5.345250000000000000e+11 3.424280092375462520e-02
5.347000000000000000e+11 3.404256593338928633e-02
5.348750000000000000e+11 2.939128991730225945e-02
5.350500000000000000e+11 5.063584708273652368e-02
5.352250000000000000e+11 4.311657141565949231e-02
5.354000000000000000e+11 4.104387561149838021e-02
5.355750000000000000e+11 4.698574520843100399e-02
5.357500000000000000e+11 6.887991757830774775e-02
5.359250000000000000e+11 6.627778822425907379e-02
5.361000000000000000e+11 6.768731151551279912e-02
5.362750000000000000e+11 4.753453816852822728e-02
5.364500000000000000e+11 5.723931976984002884e-02
5.366250000000000000e+11 5.502525848700298705e-02
5.368000000000000000e+11 4.336809614746622160e-02
5.369750000000000000e+11 4.076293979736113349e-02
5.371500000000000000e+11 2.985093131394535304e-02
5.373250000000000000e+11 3.570891432189733650e-02
5.375000000000000000e+11 3.264693523847111284e-02
5.376750000000000000e+11 3.394002265185591671e-02
5.378500000000000000e+11 3.576241814321175910e-02
5.380250000000000000e+11 6.192040393038570484e-02
5.382000000000000000e+11 5.314555946987380847e-02
5.383750000000000000e+11 5.494581112669629647e-02
5.385500000000000000e+11 8.651218717709727168e-02
5.387250000000000000e+11 5.974697626577973181e-02
5.389000000000000000e+11 4.918859447182811345e-02
5.390750000000000000e+11 5.045097325998069288e-02
5.392500000000000000e+11 4.454601181022923434e-02
5.394250000000000000e+11 3.462095124411228991e-02
5.396000000000000000e+11 4.873401740982830077e-02
5.397750000000000000e+11 4.644701415744370565e-02
5.399500000000000000e+11 3.474160144600667993e-02
5.401250000000000000e+11 4.303349425975509790e-02
5.403000000000000000e+11 1.858235449598087327e-02
5.404750000000000000e+11 4.293267964274984083e-02
5.406500000000000000e+11 3.594504987528134021e-02
5.408250000000000000e+11 4.666556463489613532e-02
5.410000000000000000e+11 6.425566733650772688e-02
5.411750000000000000e+11 8.023641082394238067e-02
5.413500000000000000e+11 7.089606502290128620e-02
5.415250000000000000e+11 5.325463882785837211e-02
5.417000000000000000e+11 7.485336228197454755e-02
5.418750000000000000e+11 4.696337706107823334e-02
5.420500000000000000e+11 2.296886166064806417e-02
5.422250000000000000e+11 6.049479572390445425e-02
5.424000000000000000e+11 4.073901699001957616e-02
5.425750000000000000e+11 4.224441545032963513e-02
5.427500000000000000e+11 5.141354412786416916e-02
5.429250000000000000e+11 3.241390153903413868e-02
5.431000000000000000e+11 4.034394189867804986e-02
5.432750000000000000e+11 7.154228557150571488e-02
5.434500000000000000e+11 4.222189673446041791e-02
5.436250000000000000e+11 4.484969203566737533e-02
5.438000000000000000e+11 7.538051629152846267e-02
5.439750000000000000e+11 6.580153315642402190e-02
5.441500000000000000e+11 7.074460085690034705e-02
5.443250000000000000e+11 7.793363792593586969e-02
5.445000000000000000e+11 6.889425632149415168e-02
5.446750000000000000e+11 4.089235641562151413e-02
5.448500000000000000e+11 6.540545032490616140e-02
5.450250000000000000e+11 3.820696977291841018e-02
5.452000000000000000e+11 4.262056761780521480e-02
5.453750000000000000e+11 4.025215431282799794e-02
5.455500000000000000e+11 4.508097214814289766e-02
5.457250000000000000e+11 5.385081952764064761e-02
5.459000000000000000e+11 4.925133692968285126e-02
5.460750000000000000e+11 5.105139083432702618e-02
5.462500000000000000e+11 6.349714622926656837e-02
5.464250000000000000e+11 6.071047523734142415e-02
5.466000000000000000e+11 6.647607685717353554e-02
5.467750000000000000e+11 7.022530275910704445e-02
5.469500000000000000e+11 6.625473174129567488e-02
5.471250000000000000e+11 7.269567132195749182e-02
5.473000000000000000e+11 6.622017295617427246e-02
5.474750000000000000e+11 4.994022929834961155e-02
5.476500000000000000e+11 4.663898946171258358e-02
5.478250000000000000e+11 4.303158175456849033e-02
5.480000000000000000e+11 3.332925964497008425e-02
5.481750000000000000e+11 3.592519518593076389e-02
5.483500000000000000e+11 4.493065139918478446e-02
5.485250000000000000e+11 4.509600994877151214e-02
5.487000000000000000e+11 6.069394247879425497e-02
5.488750000000000000e+11 4.042686004965936192e-02
5.490500000000000000e+11 5.855315155591425680e-02
5.492250000000000000e+11 6.663303591570987616e-02
5.494000000000000000e+11 7.355217276249155500e-02
5.495750000000000000e+11 6.021556386033107694e-02
5.497500000000000000e+11 5.800028637385281488e-02
5.499250000000000000e+11 8.247573009077727169e-02
5.501000000000000000e+11 6.243387319312393435e-02
5.502750000000000000e+11 4.813660932226661304e-02
5.504500000000000000e+11 6.573266980129695292e-02
5.506250000000000000e+11 4.296163253317371311e-02
5.508000000000000000e+11 4.716581918102958487e-02
5.509750000000000000e+11 5.242847333797287512e-02
5.511500000000000000e+11 5.198940088413064875e-02
5.513250000000000000e+11 4.506006321862805059e-02
5.515000000000000000e+11 6.944594125920899863e-02
5.516750000000000000e+11 4.070504109539784671e-02
5.518500000000000000e+11 6.650671064025517887e-02
5.520250000000000000e+11 6.958205347144381936e-02
5.522000000000000000e+11 4.118495663334116597e-02
5.523750000000000000e+11 6.571345600759317951e-02
5.525500000000000000e+11 6.509670925520993912e-02
5.527250000000000000e+11 5.137541317972055960e-02
5.529000000000000000e+11 6.711822281775275956e-02
5.530750000000000000e+11 7.016632909911467431e-02
5.532500000000000000e+11 3.234760265198334539e-02
5.534250000000000000e+11 7.493099071847633685e-02
5.536000000000000000e+11 7.573905193392330149e-02
5.537750000000000000e+11 6.168574742066105371e-02
5.539500000000000000e+11 7.346898566067996961e-02
5.541250000000000000e+11 1.224997788831762580e-01
5.543000000000000000e+11 6.099966510562042366e-02
5.544750000000000000e+11 4.350102589874193376e-02
5.546500000000000000e+11 5.576880173634496396e-02
5.548250000000000000e+11 5.004870567970453460e-02
5.550000000000000000e+11 5.787547001209616959e-02
5.551750000000000000e+11 1.403725906982095928e-01
5.553500000000000000e+11 4.823583398767115199e-02
5.555250000000000000e+11 3.998583037344996538e-02
5.557000000000000000e+11 3.489894545527453401e-02
5.558750000000000000e+11 1.481891526867933906e-01
5.560500000000000000e+11 1.520167255237798443e-01
5.562250000000000000e+11 9.783478102439654989e-02
5.564000000000000000e+11 1.235023299248120959e-01
5.565750000000000000e+11 8.916818610134945311e-02
5.567500000000000000e+11 3.821699766733788195e-02
5.569250000000000000e+11 5.609481111771400658e-02
5.571000000000000000e+11 5.147954637963093188e-02
5.572750000000000000e+11 1.864265978408849445e-01
5.574500000000000000e+11 2.089727922164912044e-01
5.576250000000000000e+11 1.333516362430662294e-01
5.578000000000000000e+11 1.389942675214088721e-02
5.579750000000000000e+11 9.027866927132302544e-02
5.581500000000000000e+11 1.508905480127664955e-01
5.583250000000000000e+11 1.842071915345898925e-01
5.585000000000000000e+11 1.257938621357013453e-01
5.586750000000000000e+11 1.379491439884585890e-01
5.588500000000000000e+11 8.401168641329014031e-02
5.590250000000000000e+11 5.027120602453347131e-02
5.592000000000000000e+11 1.078364480177196327e-01
5.593750000000000000e+11 8.810161768560155482e-02
5.595500000000000000e+11 5.797538818596845861e-02
5.597250000000000000e+11 1.125064691552978419e-01
5.599000000000000000e+11 8.479862506987320692e-02
5.600750000000000000e+11 1.552359925576807763e-02
5.602500000000000000e+11 9.866924548114842930e-02
5.604250000000000000e+11 5.205470462741645238e-02
5.606000000000000000e+11 5.873061052905245716e-02
5.607750000000000000e+11 7.279087607207668231e-02
5.609500000000000000e+11 3.986414945911496976e-02
5.611250000000000000e+11 5.305243293059786619e-02
5.613000000000000000e+11 8.916509575257933196e-02
5.614750000000000000e+11 6.351793344019512899e-02
5.616500000000000000e+11 4.027214046709856610e-02
5.618250000000000000e+11 8.020846982090963639e-02
5.620000000000000000e+11 8.468646253329314977e-02
5.621750000000000000e+11 4.049754715042869213e-02
5.623500000000000000e+11 6.528292255004115863e-02
5.625250000000000000e+11 7.025236460148964746e-02
5.627000000000000000e+11 3.779067964225440307e-02
5.628750000000000000e+11 6.440549908902150344e-02
5.630500000000000000e+11 6.269089504388727918e-02
5.632250000000000000e+11 4.099795750793220478e-02
5.634000000000000000e+11 4.857592561885038657e-02
5.635750000000000000e+11 3.746975697116811804e-02
5.637500000000000000e+11 5.540405698803847756e-02
5.639250000000000000e+11 4.495189676971952236e-02
5.641000000000000000e+11 6.041593883019874545e-02
5.642750000000000000e+11 6.045859412670203520e-02
5.644500000000000000e+11 8.406745064307731552e-02
5.646250000000000000e+11 7.891964750942102869e-02
5.648000000000000000e+11 6.614791104106527986e-02
5.649750000000000000e+11 7.269043576802380890e-02
5.651500000000000000e+11 5.960957843827966590e-02
5.653250000000000000e+11 5.993284593611242911e-02
5.655000000000000000e+11 5.840951379991305564e-02
5.656750000000000000e+11 4.987874883646518931e-02
5.658500000000000000e+11 4.559602216536174507e-02
5.660250000000000000e+11 6.071577681444155494e-02
5.662000000000000000e+11 4.133642707438942715e-02
5.663750000000000000e+11 5.170541651907654274e-02
5.665500000000000000e+11 3.820014909963781458e-02
5.667250000000000000e+11 4.391584502530762602e-02
5.669000000000000000e+11 6.079242302423626398e-02
5.670750000000000000e+11 8.061028629945160562e-02
5.672500000000000000e+11 7.536166186675256895e-02
5.674250000000000000e+11 9.237328034702210755e-02
5.676000000000000000e+11 7.025736508814606207e-02
5.677750000000000000e+11 7.094331301462016015e-02
5.679500000000000000e+11 6.565820998121278673e-02
5.681250000000000000e+11 4.697088630183594155e-02
5.683000000000000000e+11 5.338996565184329218e-02
5.684750000000000000e+11 6.356606047522612990e-02
5.686500000000000000e+11 4.981553731445065997e-02
5.688250000000000000e+11 5.492901355707272698e-02
5.690000000000000000e+11 5.728299445094321707e-02
5.691750000000000000e+11 3.727831543640625772e-02
5.693500000000000000e+11 5.636329570590469656e-02
5.695250000000000000e+11 5.377965454333893947e-02
5.697000000000000000e+11 5.659916637441521348e-02
5.698750000000000000e+11 7.191086582016298356e-02
5.700500000000000000e+11 8.223192143354114692e-02
5.702250000000000000e+11 7.235219701320999564e-02
5.704000000000000000e+11 8.003329960177579805e-02
5.705750000000000000e+11 8.530366088914563549e-02
5.707500000000000000e+11 6.556091760020221759e-02
5.709250000000000000e+11 6.049860698132410869e-02
5.711000000000000000e+11 5.364473677642760119e-02
5.712750000000000000e+11 4.107009641269065980e-02
5.714500000000000000e+11 5.402375780114016673e-02
5.716250000000000000e+11 6.786527484347167072e-02
5.718000000000000000e+11 3.852871319648940029e-02
5.719750000000000000e+11 5.872326422338182417e-02
5.721500000000000000e+11 7.204003334134095882e-02
5.723250000000000000e+11 4.649140292931182306e-02
5.725000000000000000e+11 5.306517336008666208e-02
5.726750000000000000e+11 7.489316252471310553e-02
5.728500000000000000e+11 7.457169851731335064e-02
5.730250000000000000e+11 7.738962029958193489e-02
5.732000000000000000e+11 9.286680955486072142e-02
5.733750000000000000e+11 6.536783532197754099e-02
5.735500000000000000e+11 6.205446227261957048e-02
5.737250000000000000e+11 6.807275932037752664e-02
5.739000000000000000e+11 3.585781679797998833e-02
5.740750000000000000e+11 3.558385693498429536e-02
5.742500000000000000e+11 6.218407355748765963e-02
5.744250000000000000e+11 5.619364044822090093e-02
5.746000000000000000e+11 5.446466417971725787e-02
5.747750000000000000e+11 6.163583360091811486e-02
5.749500000000000000e+11 4.042623855487834095e-02
5.751250000000000000e+11 5.796994801922193685e-02
5.753000000000000000e+11 6.790359343213035748e-02
5.754750000000000000e+11 6.153475124215201236e-02
5.756500000000000000e+11 7.821688494000512970e-02
5.758250000000000000e+11 1.022235396848484024e-01
5.760000000000000000e+11 8.658197962715950824e-02
5.761750000000000000e+11 6.251124406177376025e-02
5.763500000000000000e+11 7.964221051423603370e-02
5.765250000000000000e+11 6.060353870703694135e-02
5.767000000000000000e+11 7.407435957510728752e-02
5.768750000000000000e+11 7.128283963778532517e-02
5.770500000000000000e+11 9.619758841903905400e-02
5.772250000000000000e+11 1.055464327123026430e-01
5.774000000000000000e+11 4.760132468469691069e-02
5.775750000000000000e+11 3.911882923912920335e-02
5.777500000000000000e+11 6.360407488321744018e-02
5.779250000000000000e+11 4.467020161811011830e-02
5.781000000000000000e+11 1.078369540372215857e-01
5.782750000000000000e+11 6.927397066925203295e-02
5.784500000000000000e+11 7.997408203809643068e-02
5.786250000000000000e+11 8.974380314523838775e-02
5.788000000000000000e+11 7.388698447556842075e-02
5.789750000000000000e+11 4.307551932626239172e-02
5.791500000000000000e+11 6.072342663289748838e-02
5.793250000000000000e+11 7.728172946061082071e-02
5.795000000000000000e+11 7.967863157140767094e-02
5.796750000000000000e+11 5.774285611660586598e-02
5.798500000000000000e+11 3.599070083409531412e-02
5.800250000000000000e+11 3.771919643061619198e-02
5.802000000000000000e+11 3.931919550079025771e-02
5.803750000000000000e+11 7.147279169905938756e-02
5.805500000000000000e+11 3.039493545480955600e-02
5.807250000000000000e+11 9.340597489883571691e-02
5.809000000000000000e+11 1.236589586691112658e-01
5.810750000000000000e+11 9.247921037987953674e-02
5.812500000000000000e+11 6.427891462867475758e-02
5.814250000000000000e+11 1.087371857082050780e-01
5.816000000000000000e+11 2.348914817898243440e-02
5.817750000000000000e+11 8.002768805584352385e-02
5.819500000000000000e+11 5.900908327057569069e-02
5.821250000000000000e+11 4.207965346239406906e-02
5.823000000000000000e+11 4.093853861280361689e-02
5.824750000000000000e+11 3.217141367037434918e-02
5.826500000000000000e+11 6.167921500637293247e-02
5.828250000000000000e+11 6.132918647386255417e-02
5.830000000000000000e+11 6.656604678523818375e-02
5.831750000000000000e+11 4.146570741738161980e-02
5.833500000000000000e+11 7.542776944780457682e-02
5.835250000000000000e+11 8.003026424847888010e-02
5.837000000000000000e+11 7.929232836288913067e-02
5.838750000000000000e+11 5.697480228207814357e-02
5.840500000000000000e+11 9.545854700767628098e-02
5.842250000000000000e+11 7.505342357286431954e-02
5.844000000000000000e+11 7.089339923320134296e-02
5.845750000000000000e+11 7.366458493400326879e-02
5.847500000000000000e+11 5.372367357568572088e-02
5.849250000000000000e+11 6.757131348604590582e-02
5.851000000000000000e+11 6.431287886256452369e-02
5.852750000000000000e+11 1.941687028723221298e-02
5.854500000000000000e+11 6.533500334738215343e-02
5.856250000000000000e+11 6.854713584212741850e-02
5.858000000000000000e+11 9.509946875490558893e-02
5.859750000000000000e+11 4.597302849739397929e-02
5.861500000000000000e+11 1.194418297946944346e-01
5.863250000000000000e+11 1.031876726136414513e-01
5.865000000000000000e+11 9.212687497510935186e-02
5.866750000000000000e+11 7.209061750647872968e-02
5.868500000000000000e+11 7.923230711771080126e-02
5.870250000000000000e+11 6.486152567504389899e-02
5.872000000000000000e+11 6.901061825118924575e-02
5.873750000000000000e+11 3.169402926842317114e-02
5.875500000000000000e+11 6.663208890413033214e-02
5.877250000000000000e+11 7.986031135079892096e-02
5.879000000000000000e+11 5.896451711020022496e-02
5.880750000000000000e+11 1.185348569973355276e-02
5.882500000000000000e+11 8.765512509436428068e-02
5.884250000000000000e+11 6.474121919670627889e-02
5.886000000000000000e+11 8.567784733472720571e-02
5.887750000000000000e+11 7.285070944097998824e-02
5.889500000000000000e+11 7.428062161560597398e-02
5.891250000000000000e+11 1.059124652550868517e-01
5.893000000000000000e+11 8.293095377686829361e-02
5.894750000000000000e+11 9.269933083877995861e-02
5.896500000000000000e+11 5.581571885018034307e-02
5.898250000000000000e+11 5.580802515200296993e-02
5.900000000000000000e+11 5.239209328446074732e-02
5.901750000000000000e+11 9.639303260013307173e-02
5.903500000000000000e+11 3.976001825588562633e-02
5.905250000000000000e+11 2.424078374184011550e-02
5.907000000000000000e+11 8.404217761486762472e-02
5.908750000000000000e+11 2.170846344878894080e-02
5.910500000000000000e+11 9.738963735130677646e-02
5.912250000000000000e+11 5.034144057584274967e-02
5.914000000000000000e+11 9.438398784700396948e-02
5.915750000000000000e+11 7.414771900230653079e-02
5.917500000000000000e+11 8.541724343383050311e-02
5.919250000000000000e+11 1.186272816875007796e-01
5.921000000000000000e+11 7.940310045852316811e-02
5.922750000000000000e+11 8.456364186500897606e-02
5.924500000000000000e+11 2.615845372595559937e-02
5.926250000000000000e+11 3.880165594232880960e-02
5.928000000000000000e+11 8.253543009850958234e-02
5.929750000000000000e+11 4.285499080237148428e-02
5.931500000000000000e+11 5.634036077981370572e-02
5.933250000000000000e+11 2.170654648356021982e-02
5.935000000000000000e+11 7.894612709870550693e-02
5.936750000000000000e+11 9.057010444328709997e-02
5.938500000000000000e+11 8.008180136495485213e-02
5.940250000000000000e+11 8.827802176859668448e-02
5.942000000000000000e+11 1.150991432686663540e-01
5.943750000000000000e+11 7.952716525372183209e-02
5.945500000000000000e+11 3.817757078292423334e-02
5.947250000000000000e+11 7.469802955588868143e-02
5.949000000000000000e+11 6.820395364738066069e-02
5.950750000000000000e+11 9.178762959567614635e-03
5.952500000000000000e+11 5.754630186385722296e-02
5.954250000000000000e+11 7.382963909016576620e-02
5.956000000000000000e+11 3.352847177115163280e-02
5.957750000000000000e+11 5.467123238862244688e-02
5.959500000000000000e+11 5.526514546778824727e-02
5.961250000000000000e+11 7.348262961698157070e-02
5.963000000000000000e+11 4.260947597890437505e-02
5.964750000000000000e+11 9.894650778138695812e-02
5.966500000000000000e+11 1.409902290453295959e-01
5.968250000000000000e+11 9.975883064640975184e-02
5.970000000000000000e+11 6.849096499242490754e-02
5.971750000000000000e+11 1.117279450564677284e-01
5.973500000000000000e+11 4.935552418791505636e-02
5.975250000000000000e+11 6.530673816976588497e-02
5.977000000000000000e+11 6.117396178529914408e-02
5.978750000000000000e+11 2.689959296309765019e-02
5.980500000000000000e+11 3.429456448299002952e-02
5.982250000000000000e+11 4.025223125320101514e-02
5.984000000000000000e+11 5.850424961973764437e-02
5.985750000000000000e+11 7.975385095241832589e-02
5.987500000000000000e+11 7.183621078806082250e-02
5.989250000000000000e+11 4.067084127461705056e-02
5.991000000000000000e+11 8.993337798677188133e-02
5.992750000000000000e+11 8.667159170018480518e-02
5.994500000000000000e+11 1.021672841048996000e-01
5.996250000000000000e+11 7.897618525860941596e-02
5.998000000000000000e+11 9.325957949643735867e-02
5.999750000000000000e+11 8.896232045765496699e-02
6.001500000000000000e+11 6.345058688792971913e-02
6.003250000000000000e+11 3.325051628220081906e-02
6.005000000000000000e+11 2.693261749191108029e-02
6.006750000000000000e+11 9.937272708299603463e-03
6.008500000000000000e+11 4.890475790161066122e-02
6.010250000000000000e+11 6.475986249125077754e-02
6.012000000000000000e+11 6.087119043076147373e-02
6.013750000000000000e+11 3.649625956048634101e-02
6.015500000000000000e+11 7.819732008652544031e-02
6.017250000000000000e+11 5.437724564965925461e-02
6.019000000000000000e+11 1.129071297707815030e-01
6.020750000000000000e+11 5.496359003720220626e-02
6.022500000000000000e+11 6.222075058801293523e-02
6.024250000000000000e+11 8.111979338604595469e-02
6.026000000000000000e+11 7.117174715724786105e-02
6.027750000000000000e+11 6.835375142155443451e-02
6.029500000000000000e+11 3.106522990500571596e-02
6.031250000000000000e+11 5.726510298877483807e-02
6.033000000000000000e+11 2.432062902939308852e-02
6.034750000000000000e+11 8.448104052845580025e-03
6.036500000000000000e+11 5.366844642548817407e-02
6.038250000000000000e+11 6.454444110078777497e-02
6.040000000000000000e+11 1.037099251547421996e-01
6.041750000000000000e+11 7.099253131185753740e-02
6.043500000000000000e+11 8.543221468462471047e-02
6.045250000000000000e+11 8.355939458761182936e-02
6.047000000000000000e+11 1.066295305287686540e-01
6.048750000000000000e+11 7.509928327525865199e-02
6.050500000000000000e+11 8.122592014819514372e-02
6.052250000000000000e+11 3.679109885516999162e-02
6.054000000000000000e+11 1.159077782397603812e-01
6.055750000000000000e+11 7.501690309854207317e-02
6.057500000000000000e+11 9.451978154748684469e-02
6.059250000000000000e+11 1.630297103838154738e-02
6.061000000000000000e+11 7.247782490379693632e-02
6.062750000000000000e+11 6.533738464560134851e-02
6.064500000000000000e+11 7.202723275153256888e-02
6.066250000000000000e+11 2.746916464521358819e-02
6.068000000000000000e+11 6.990306440023245915e-02
6.069750000000000000e+11 6.755152117576759818e-02
6.071500000000000000e+11 1.139916951691445218e-01
6.073250000000000000e+11 1.333056923290603657e-01
6.075000000000000000e+11 4.890343537450929368e-02
6.076750000000000000e+11 6.867474403288834073e-02
6.078500000000000000e+11 9.605887472820143214e-02
6.080250000000000000e+11 5.917896413721560750e-02
6.082000000000000000e+11 8.755636967764382494e-02
6.083750000000000000e+11 8.712008944053634130e-02
6.085500000000000000e+11 5.909907139689241778e-02
6.087250000000000000e+11 6.231610374812331793e-02
6.089000000000000000e+11 5.980660053764960682e-02
6.090750000000000000e+11 4.606833961644130060e-02
6.092500000000000000e+11 4.093900896671232026e-02
6.094250000000000000e+11 6.045717672230098427e-02
6.096000000000000000e+11 9.425868183097182995e-02
6.097750000000000000e+11 8.355812701323712954e-02
6.099500000000000000e+11 1.026733275779504739e-01
6.101250000000000000e+11 6.439836225986185492e-02
6.103000000000000000e+11 7.847804644318302769e-02
6.104750000000000000e+11 2.609216793211263305e-02
6.106500000000000000e+11 7.121658449122156287e-02
6.108250000000000000e+11 2.695454228471548183e-02
6.110000000000000000e+11 5.125617663499554971e-02
6.111750000000000000e+11 1.028926105599233531e-01
6.113500000000000000e+11 8.593740638467475823e-02
6.115250000000000000e+11 2.870106407814992239e-02
6.117000000000000000e+11 6.106949372657199254e-02
6.118750000000000000e+11 4.389228480034113727e-02
6.120500000000000000e+11 9.707214236445983746e-02
6.122250000000000000e+11 9.038132261158868253e-02
6.124000000000000000e+11 9.361828384445206042e-02
6.125750000000000000e+11 1.047947672920718498e-01
6.127500000000000000e+11 9.248268582519371395e-02
6.129250000000000000e+11 4.490757468222571908e-02
6.131000000000000000e+11 1.579217914070958975e-02
6.132750000000000000e+11 9.504978954654642875e-02
6.134500000000000000e+11 1.881537422625500500e-01
6.136250000000000000e+11 3.252507627173967242e-02
6.138000000000000000e+11 1.774316614695590003e-02
6.139750000000000000e+11 4.339457046931873008e-02
6.141500000000000000e+11 5.184673859311495631e-02
6.143250000000000000e+11 8.586819771304673998e-02
6.145000000000000000e+11 9.318373522840307788e-02
6.146750000000000000e+11 8.893562731288842671e-02
6.148500000000000000e+11 9.611855347317949105e-02
6.150250000000000000e+11 3.084293510620265619e-02
6.152000000000000000e+11 9.527956334534852523e-02
6.153750000000000000e+11 1.172218300742417230e-01
6.155500000000000000e+11 6.822678592190974112e-02
6.157250000000000000e+11 1.234425595277621225e-02
6.159000000000000000e+11 7.526486688252220780e-02
6.160750000000000000e+11 7.248561804657470409e-02
6.162500000000000000e+11 5.335403326262139201e-02
6.164250000000000000e+11 3.675736942981645827e-02
6.166000000000000000e+11 2.289170495451912923e-02
6.167750000000000000e+11 9.212652052128507407e-02
6.169500000000000000e+11 6.368979613349105839e-02
6.171250000000000000e+11 3.903086200376203185e-02
6.173000000000000000e+11 8.275275114548624744e-02
6.174750000000000000e+11 6.093516891811297936e-02
6.176500000000000000e+11 8.937961212190663474e-02
6.178250000000000000e+11 1.079844172154415666e-01
6.180000000000000000e+11 5.427350091326085813e-02
6.181750000000000000e+11 5.108991009705490111e-02
6.183500000000000000e+11 8.847381580188856676e-02
6.185250000000000000e+11 3.510739470964258785e-02
6.187000000000000000e+11 4.255578994567166262e-02
6.188750000000000000e+11 8.339273081362193196e-02
6.190500000000000000e+11 5.954473093854274757e-02
6.192250000000000000e+11 6.830380634739985357e-02
6.194000000000000000e+11 6.067834077115922403e-02
6.195750000000000000e+11 7.884525181431013829e-02
6.197500000000000000e+11 1.015518958553818935e-01
6.199250000000000000e+11 8.848046458512735801e-02
6.201000000000000000e+11 1.262288488514945184e-01
6.202750000000000000e+11 7.996928157175718643e-02
6.204500000000000000e+11 8.011395924533976087e-02
6.206250000000000000e+11 5.441097562262917769e-02
6.208000000000000000e+11 4.352591342695370791e-02
6.209750000000000000e+11 7.231011802900957908e-02
6.211500000000000000e+11 1.214305905740856728e-01
6.213250000000000000e+11 6.307186542056431033e-02
6.215000000000000000e+11 3.858050183648310816e-02
6.216750000000000000e+11 1.295850241085866328e-02
6.218500000000000000e+11 5.673665105817275733e-02
6.220250000000000000e+11 4.724462199147227287e-02
6.222000000000000000e+11 2.265807611225071141e-02
6.223750000000000000e+11 9.425319154834968516e-02
6.225500000000000000e+11 3.440314494394415556e-02
6.227250000000000000e+11 1.017101486357349094e-01
6.229000000000000000e+11 1.087586751341027974e-01
6.230750000000000000e+11 8.724509933376363435e-02
6.232500000000000000e+11 7.425261415346882943e-02
6.234250000000000000e+11 5.659971823879037661e-02
6.236000000000000000e+11 1.462073610124863809e-01
6.237750000000000000e+11 7.045484114546804455e-02
6.239500000000000000e+11 6.462452909200494533e-02
6.241250000000000000e+11 3.519091071721743014e-02
6.243000000000000000e+11 4.927237945866903834e-02
6.244750000000000000e+11 6.032351188392728880e-02
6.246500000000000000e+11 4.926777014988197728e-02
6.248250000000000000e+11 4.553247779495374348e-02
6.250000000000000000e+11 3.187955818789871276e-02
6.251750000000000000e+11 7.434201633401708864e-02
6.253500000000000000e+11 8.143561270123150786e-02
6.255250000000000000e+11 6.511163150007524825e-02
6.257000000000000000e+11 8.508563026464022183e-02
6.258750000000000000e+11 8.304212121932114110e-02
6.260500000000000000e+11 2.917408137050426370e-02
6.262250000000000000e+11 3.581601283850323336e-02
6.264000000000000000e+11 3.122250132211407125e-02
6.265750000000000000e+11 3.970793714993141321e-02
6.267500000000000000e+11 3.107401681990775572e-02
6.269250000000000000e+11 7.986558472373546380e-02
6.271000000000000000e+11 5.015479804882896214e-02
6.272750000000000000e+11 7.586698266755512177e-02
6.274500000000000000e+11 4.470492269976694688e-02
6.276250000000000000e+11 5.164273900560915898e-02
6.278000000000000000e+11 5.237174778908786077e-02
6.279750000000000000e+11 7.788770256602958741e-02
6.281500000000000000e+11 8.484420631047399908e-02
6.283250000000000000e+11 3.302674940768633022e-02
6.285000000000000000e+11 6.255376827595690581e-02
6.286750000000000000e+11 7.323888736507469521e-02
6.288500000000000000e+11 3.129167763666300395e-02
6.290250000000000000e+11 4.297552106078772471e-02
6.292000000000000000e+11 6.815100483613253934e-02
6.293750000000000000e+11 9.139905972746822579e-03
6.295500000000000000e+11 8.354323986931699864e-02
6.297250000000000000e+11 4.887254641147890932e-02
6.299000000000000000e+11 6.204490777388591699e-02
6.300750000000000000e+11 6.871960131379344083e-02
6.302500000000000000e+11 2.857737046038444709e-02
6.304250000000000000e+11 8.159304970008005031e-02
6.306000000000000000e+11 5.212611948709590382e-02
6.307750000000000000e+11 1.064490621143399235e-01
6.309500000000000000e+11 1.619084345528111826e-02
6.311250000000000000e+11 5.149652148296415127e-02
6.313000000000000000e+11 6.605625117350399922e-02
6.314750000000000000e+11 3.883348942682759292e-02
6.316500000000000000e+11 2.846708470602251143e-02
6.318250000000000000e+11 6.615999692906519847e-02
6.320000000000000000e+11 6.769962352580227716e-02
6.321750000000000000e+11 5.426731643225540802e-02
6.323500000000000000e+11 3.540719247522198382e-02
6.325250000000000000e+11 8.061582613581766421e-02
6.327000000000000000e+11 7.136564382182286614e-02
6.328750000000000000e+11 6.511544802065975801e-02
6.330500000000000000e+11 5.624448345121238479e-02
6.332250000000000000e+11 5.285771408245566738e-02
6.334000000000000000e+11 1.107016682386503387e-01
6.335750000000000000e+11 3.460389906626757522e-02
6.337500000000000000e+11 5.435493540390889944e-02
6.339250000000000000e+11 6.282577635427451235e-02
6.341000000000000000e+11 6.877821241043223510e-02
6.342750000000000000e+11 5.577523064077998666e-02
6.344500000000000000e+11 1.049235001271382056e-01
6.346250000000000000e+11 5.941775648994784831e-02
6.348000000000000000e+11 1.038345976732829301e-01
6.349750000000000000e+11 5.541083638730076588e-02
6.351500000000000000e+11 2.234380150106931792e-02
6.353250000000000000e+11 8.036577471217165591e-02
6.355000000000000000e+11 7.637154962950039316e-02
6.356750000000000000e+11 2.457096063372818731e-02
6.358500000000000000e+11 9.479767107783057534e-02
6.360250000000000000e+11 5.826734365565117146e-02
6.362000000000000000e+11 9.656713861941879085e-02
6.363750000000000000e+11 2.473113235553339034e-02
6.365500000000000000e+11 1.043280483480795578e-01
6.367250000000000000e+11 1.029563014577179192e-01
6.369000000000000000e+11 6.161385497252186427e-02
6.370750000000000000e+11 8.046997593115649827e-02
6.372500000000000000e+11 5.406200645271019151e-02
6.374250000000000000e+11 5.097770972399810752e-02
6.376000000000000000e+11 4.916043732498882879e-02
6.377750000000000000e+11 7.063367109628396201e-02
6.379500000000000000e+11 9.500967263426609438e-03
6.381250000000000000e+11 2.549741676286330916e-02
6.383000000000000000e+11 5.398451101838328686e-02
6.384750000000000000e+11 8.417643926719292624e-02
6.386500000000000000e+11 1.039225475907417338e-02
6.388250000000000000e+11 5.471624269160506315e-02
6.390000000000000000e+11 6.119356161637191927e-02
6.391750000000000000e+11 5.983263486776727730e-02
6.393500000000000000e+11 6.158898720114527880e-02
6.395250000000000000e+11 6.917682944962540159e-02
6.397000000000000000e+11 9.800485609299493944e-03
6.398750000000000000e+11 7.423263900252305425e-02
6.400500000000000000e+11 4.551531288433171424e-02
6.402250000000000000e+11 5.347691064935246319e-02
6.404000000000000000e+11 5.341023952398452762e-02
6.405750000000000000e+11 6.335212839077482283e-02
6.407500000000000000e+11 9.931686914995810356e-02
6.409250000000000000e+11 8.245336756928234312e-02
6.411000000000000000e+11 1.232916125573502442e-01
6.412750000000000000e+11 7.910079585804737079e-02
6.414500000000000000e+11 6.207176263206982264e-02
6.416250000000000000e+11 7.656966248135851916e-02
6.418000000000000000e+11 3.952000422160271281e-02
6.419750000000000000e+11 1.032069362246860189e-01
6.421500000000000000e+11 8.604682356314322100e-02
6.423250000000000000e+11 5.177213359848194946e-02
6.425000000000000000e+11 3.461261984499915817e-02
6.426750000000000000e+11 8.933220362276567128e-02
6.428500000000000000e+11 7.282361888372067098e-03
6.430250000000000000e+11 4.418415594834063792e-02
6.432000000000000000e+11 2.409523920171430592e-02
6.433750000000000000e+11 2.662289533989902965e-02
6.435500000000000000e+11 1.281274893597890985e-01
6.437250000000000000e+11 1.164298502668615065e-01
6.439000000000000000e+11 1.659363350798734038e-01
6.440750000000000000e+11 8.517189799165966746e-02
6.442500000000000000e+11 9.566135903066357721e-03
6.444250000000000000e+11 3.964451077193358736e-02
6.446000000000000000e+11 5.555332899155397686e-02
6.447750000000000000e+11 3.506205167288770075e-02
6.449500000000000000e+11 3.597237103867806374e-02
6.451250000000000000e+11 6.444620761433046685e-02
6.453000000000000000e+11 7.637316168712834918e-02
6.454750000000000000e+11 9.535949859469141851e-03
6.456500000000000000e+11 6.838189424904690672e-02
6.458250000000000000e+11 3.283222702098513579e-02
6.460000000000000000e+11 1.153328485840972722e-01
6.461750000000000000e+11 7.141977846998644186e-02
6.463500000000000000e+11 7.416288190908559841e-02
6.465250000000000000e+11 5.389787354052125168e-02
6.467000000000000000e+11 3.095611622544661157e-02
6.468750000000000000e+11 6.289556564472915945e-02
6.470500000000000000e+11 4.706788761811180055e-02
6.472250000000000000e+11 2.921764749279651477e-02
6.474000000000000000e+11 8.309184499185665040e-02
6.475750000000000000e+11 8.662266353075369352e-02
6.477500000000000000e+11 1.070487311517639463e-02
6.479250000000000000e+11 6.853562726464734745e-02
6.481000000000000000e+11 2.740446518640618154e-02
6.482750000000000000e+11 5.783664151004770659e-02
6.484500000000000000e+11 5.359510609605892817e-02
6.486250000000000000e+11 1.180387038548631196e-01
6.488000000000000000e+11 1.169063416206633094e-01
6.489750000000000000e+11 1.214129261175842245e-01
6.491500000000000000e+11 1.350702552569505582e-02
6.493250000000000000e+11 1.479987906571324785e-01
6.495000000000000000e+11 2.202653215338829656e-02
6.496750000000000000e+11 8.896028636514707877e-02
6.498500000000000000e+11 1.388736305417938854e-01
6.500250000000000000e+11 3.059820919116959179e-02
6.502000000000000000e+11 5.216462942999257335e-02
6.503750000000000000e+11 5.584416433996957502e-02
6.505500000000000000e+11 1.198935104935649892e-01
6.507250000000000000e+11 9.684549773730427580e-02
6.509000000000000000e+11 6.113615736400056927e-02
6.510750000000000000e+11 7.377336997716531231e-02
6.512500000000000000e+11 5.685736625770027725e-02
6.514250000000000000e+11 1.591878393943594039e-01
6.516000000000000000e+11 2.864570207649937486e-02
6.517750000000000000e+11 8.082008905288606826e-02
6.519500000000000000e+11 1.184714640741633268e-01
6.521250000000000000e+11 3.209723952071018294e-02
6.523000000000000000e+11 1.644567768035898325e-01
6.524750000000000000e+11 5.094494520779225405e-02
6.526500000000000000e+11 4.304631924111623070e-02
6.528250000000000000e+11 3.001735990597525008e-02
6.530000000000000000e+11 9.159100796101336817e-02
6.531750000000000000e+11 8.347598425785135445e-02
6.533500000000000000e+11 7.141013591374319180e-02
6.535250000000000000e+11 7.611788012354858690e-02
6.537000000000000000e+11 5.653253454099081698e-02
6.538750000000000000e+11 9.124264641259648145e-02
6.540500000000000000e+11 8.830736185183768461e-02
6.542250000000000000e+11 6.815832090635018381e-02
6.544000000000000000e+11 1.520702938702351847e-01
6.545750000000000000e+11 3.574283447700325050e-02
6.547500000000000000e+11 8.951574448075955148e-02
6.549250000000000000e+11 8.209298314643745376e-02
6.551000000000000000e+11 6.420801910762349851e-02
6.552750000000000000e+11 9.706688320011382098e-02
6.554500000000000000e+11 7.191025181320974402e-02
6.556250000000000000e+11 5.564570404574033929e-02
6.558000000000000000e+11 4.199853897747798243e-02
6.559750000000000000e+11 6.535259170729770806e-02
6.561500000000000000e+11 5.890283488139112789e-02
6.563250000000000000e+11 1.389477339175990978e-01
6.565000000000000000e+11 1.317805411024917106e-01
6.566750000000000000e+11 5.080824925840169565e-02
6.568500000000000000e+11 1.007586346549727285e-01
6.570250000000000000e+11 9.727868163392330847e-02
6.572000000000000000e+11 1.883824774386488182e-02
6.573750000000000000e+11 1.073551548845786269e-01
6.575500000000000000e+11 1.321322641878678802e-02
6.577250000000000000e+11 8.873825024569747394e-03
6.579000000000000000e+11 3.940456235004524688e-02
6.580750000000000000e+11 1.025882172475382353e-01
6.582500000000000000e+11 1.348645934886122111e-01
6.584250000000000000e+11 1.244294985681509286e-02
6.586000000000000000e+11 8.144047160968941046e-02
6.587750000000000000e+11 1.441118293893342839e-01
6.589500000000000000e+11 9.088172316787607175e-02
6.591250000000000000e+11 7.195087041527725713e-02
6.593000000000000000e+11 1.140639396984782956e-02
6.594750000000000000e+11 1.145198202542427462e-01
6.596500000000000000e+11 6.459931982937899830e-02
6.598250000000000000e+11 4.418091649538524734e-02
6.600000000000000000e+11 1.362214963695865255e-01
6.601750000000000000e+11 2.301416010567124693e-01
6.603500000000000000e+11 5.227639814016422914e-02
6.605250000000000000e+11 8.908861013605240409e-02
6.607000000000000000e+11 1.881915365241391622e-02
6.608750000000000000e+11 1.994009669258946515e-01
6.610500000000000000e+11 1.118457457008261019e-01
6.612250000000000000e+11 8.159357058012696451e-02
6.614000000000000000e+11 6.214392235122761371e-02
6.615750000000000000e+11 1.008764844962104223e-01
6.617500000000000000e+11 9.695728590341599895e-02
6.619250000000000000e+11 5.717055613048784707e-02
6.621000000000000000e+11 1.272927681842865033e-01
6.622750000000000000e+11 8.074075220157179988e-02
6.624500000000000000e+11 9.726069130371589599e-02
6.626250000000000000e+11 1.992156571406374643e-01
6.628000000000000000e+11 8.329732406222209451e-02
6.629750000000000000e+11 1.915529547743484717e-01
6.631500000000000000e+11 4.521819962579107927e-02
6.633250000000000000e+11 1.674996483499680833e-01
6.635000000000000000e+11 1.556637729986683760e-01
6.636750000000000000e+11 8.990931365151860755e-02
6.638500000000000000e+11 1.683041987007883322e-01
6.640250000000000000e+11 1.362758868773946141e-01
6.642000000000000000e+11 6.138776734273160285e-02
6.643750000000000000e+11 5.996171812479089008e-02
6.645500000000000000e+11 1.013872766017208799e-01
6.647250000000000000e+11 1.178813675586626863e-01
6.649000000000000000e+11 1.409496491692879307e-02
6.650750000000000000e+11 1.875802732193912747e-01
6.652500000000000000e+11 7.299177442136199623e-02
6.654250000000000000e+11 2.817978255276037958e-02
6.656000000000000000e+11 1.656308307877220609e-01
6.657750000000000000e+11 1.057492099344588682e-01
6.659500000000000000e+11 3.179382646595454304e-02
6.661250000000000000e+11 5.552101968204389143e-02
6.663000000000000000e+11 1.123924109304089980e-01
6.664750000000000000e+11 1.194219900294014453e-01
6.666500000000000000e+11 6.239606669744852258e-02
6.668250000000000000e+11 1.128826469208066979e-01
6.670000000000000000e+11 7.586967306412811807e-02
6.671750000000000000e+11 1.153673029179432680e-01
6.673500000000000000e+11 2.806645050404452807e-02
6.675250000000000000e+11 1.200079131217037243e-01
6.677000000000000000e+11 4.681862241070851305e-02
6.678750000000000000e+11 7.689246713441809378e-02
6.680500000000000000e+11 1.803358022497167090e-01
6.682250000000000000e+11 1.223247043027823194e-01
6.684000000000000000e+11 1.211868790443900168e-01
6.685750000000000000e+11 9.626417515207451314e-02
6.687500000000000000e+11 3.549023493011941449e-02
6.689250000000000000e+11 1.579827815065178442e-01
6.691000000000000000e+11 1.763454664560146490e-01
6.692750000000000000e+11 8.124620644407243297e-02
6.694500000000000000e+11 1.224353643626341775e-01
6.696250000000000000e+11 2.394197004509557025e-01
6.698000000000000000e+11 1.135044906367985024e-01
6.699750000000000000e+11 1.639364687818752331e-01
6.701500000000000000e+11 6.134542868226077611e-02
6.703250000000000000e+11 2.142722701936509155e-01
6.705000000000000000e+11 1.185841224440905700e-01
6.706750000000000000e+11 1.616534756180637855e-01
6.708500000000000000e+11 1.923577997179532761e-01
6.710250000000000000e+11 3.836835307566534570e-01
6.712000000000000000e+11 8.886719151962398089e-02
6.713750000000000000e+11 1.880663666349926544e-01
6.715500000000000000e+11 1.443893193391119212e-01
6.717250000000000000e+11 1.015192203929512343e-01
6.719000000000000000e+11 1.328858058652669094e-01
6.720750000000000000e+11 3.822294522727488070e-02
6.722500000000000000e+11 2.824448174984059423e-01
6.724250000000000000e+11 2.552045633372768685e-01
6.726000000000000000e+11 3.146623653864842884e-01
6.727750000000000000e+11 1.492950826871160541e-01
6.729500000000000000e+11 2.658717926774287199e-01
6.731250000000000000e+11 2.075233988336889213e-01
6.733000000000000000e+11 1.539362016805408406e-01
6.734750000000000000e+11 2.614674854129378501e-01
6.736500000000000000e+11 3.072957964340870540e-01
6.738250000000000000e+11 3.660092385406098908e-02
6.740000000000000000e+11 2.598500735529067907e-01
6.741750000000000000e+11 1.614064682997986278e-01
6.743500000000000000e+11 8.717574156033208732e-02
6.745250000000000000e+11 8.531456746291538051e-02
6.747000000000000000e+11 1.010530903388613816e-01
6.748750000000000000e+11 7.775308337436509509e-02
6.750500000000000000e+11 9.783917583886035663e-02
6.752250000000000000e+11 1.031115455981481133e-01
6.754000000000000000e+11 9.101376264941683780e-02
6.755750000000000000e+11 8.853498326752776149e-02
6.757500000000000000e+11 4.477651195784774357e-02
6.759250000000000000e+11 7.698689554269409763e-02
6.761000000000000000e+11 1.001966333781392354e-01
6.762750000000000000e+11 6.639069874637369695e-02
6.764500000000000000e+11 3.348516477399705871e-02
6.766250000000000000e+11 8.617748915557042755e-02
6.768000000000000000e+11 1.049186649555540196e-01
6.769750000000000000e+11 1.416882111857488136e-01
6.771500000000000000e+11 1.253266609942590981e-01
6.773250000000000000e+11 1.520062591536341379e-01
6.775000000000000000e+11 1.737530416213965145e-01
6.776750000000000000e+11 9.944108872999010695e-02
6.778500000000000000e+11 5.251522757914512535e-02
6.780250000000000000e+11 1.149265974370643068e-01
6.782000000000000000e+11 6.066729335175435195e-02
6.783750000000000000e+11 3.637390367560505017e-02
6.785500000000000000e+11 1.116204965721373926e-01
6.787250000000000000e+11 1.128331467148835920e-01
6.789000000000000000e+11 1.525000162024106876e-01
6.790750000000000000e+11 1.747500959629657430e-02
6.792500000000000000e+11 2.681651764107236269e-01
6.794250000000000000e+11 2.148853380261189772e-01
6.796000000000000000e+11 4.574299687660887681e-02
6.797750000000000000e+11 1.899061887639958979e-01
6.799500000000000000e+11 2.050632040348702723e-01
