Position	Channel 1	Channel 2	Channel 3	Channel 4
4.50000E+11	2.93645E-13	-1.42316E+1	-1.84457E-1	6.09847E-2
4.50175E+11	7.55738E-13	-1.52241E+1	1.51590E-1	-8.39823E-2
4.50350E+11	4.33052E-13	-1.30872E+1	9.74253E-2	1.99074E-1
4.50525E+11	2.63753E-13	-2.05409E+1	-4.45074E-2	-8.27528E-2
4.50700E+11	2.03900E-12	-9.80561E+0	-1.29213E-1	-2.96448E-1
4.50875E+11	7.12991E-13	-1.61791E+1	1.60555E-2	1.54423E-1
4.51050E+11	1.18306E-12	-1.27567E+1	1.68750E-1	1.56622E-1
4.51225E+11	1.71491E-12	-1.28627E+1	-1.79475E-1	1.39703E-1
4.51400E+11	2.70044E-12	-1.08321E+1	-1.75711E-1	-2.27354E-1
4.51575E+11	1.00066E-12	-1.11918E+1	2.72523E-1	4.16106E-2
4.51750E+11	5.39196E-13	-1.13886E+1	-1.49424E-1	2.24290E-1
4.51925E+11	1.09038E-13	-1.83834E+1	-1.19792E-1	-1.26371E-2
4.52100E+11	1.40347E-12	-1.30469E+1	1.56234E-1	-1.58655E-1
4.52275E+11	4.90022E-12	-1.31955E+1	2.16680E-1	3.10327E-2
4.52450E+11	3.55356E-12	-1.79758E+1	-1.08955E-2	1.25773E-1
4.52625E+11	8.40040E-12	-1.89622E+1	-1.12568E-1	-5.26870E-3
4.52800E+11	1.61955E-11	-1.91021E+1	-4.05560E-2	-1.03208E-1
4.52975E+11	2.10437E-11	-2.01019E+1	5.65450E-2	-8.10602E-2
4.53150E+11	4.77219E-11	-2.02841E+1	9.58959E-2	1.30671E-2
4.53325E+11	6.06647E-11	-2.08860E+1	2.28365E-2	8.73674E-2
4.53500E+11	4.50834E-11	-2.31718E+1	-6.73511E-2	-1.67712E-2
4.53675E+11	5.93177E-11	-2.27908E+1	8.33856E-3	-7.20398E-2
4.53850E+11	6.58226E-11	-2.29872E+1	7.04396E-2	8.06043E-3
4.54025E+11	6.96484E-11	-2.46354E+1	-9.25829E-3	5.79095E-2
4.54200E+11	8.35477E-11	-2.50455E+1	-5.49323E-2	1.05709E-2
4.54375E+11	6.68567E-11	-2.52143E+1	-1.38565E-2	-5.30852E-2
4.54550E+11	2.57263E-11	-2.86093E+1	3.66169E-2	-6.05279E-3
4.54725E+11	1.74114E-11	-2.89810E+1	-1.09110E-2	3.38439E-2
4.54900E+11	1.04936E-11	-2.84668E+1	-3.07100E-2	-2.19149E-2
4.55075E+11	1.71728E-12	-3.51587E+1	3.75523E-3	-1.70522E-2
4.55250E+11	1.79199E-12	-3.27242E+1	3.83041E-3	-2.27898E-2
4.55425E+11	2.04416E-12	-2.88599E+1	2.31294E-2	2.76626E-2
4.55600E+11	1.70014E-12	-2.80546E+1	3.84240E-2	-9.41729E-3
4.55775E+11	1.14253E-12	-2.64527E+1	-2.66101E-2	3.94353E-2
4.55950E+11	8.26017E-13	-2.16854E+1	-2.79313E-2	-7.74815E-2
4.56125E+11	1.53117E-12	-1.31674E+1	6.03471E-2	2.11145E-1
4.56300E+11	1.79496E-13	-1.65238E+1	-1.21408E-1	8.67470E-2
4.56475E+11	1.28814E-12	-8.80271E+0	-1.28992E-1	-3.39271E-1
4.56650E+11	1.06328E-12	-1.49594E+1	1.72781E-1	4.54600E-2
4.56825E+11	4.42921E-12	-1.09015E+1	-1.62241E-1	2.34379E-1
4.57000E+11	1.23459E-12	-1.60509E+1	4.14468E-2	-1.52015E-1
4.57175E+11	1.74562E-12	-1.36034E+1	2.08828E-1	-2.80622E-3
4.57350E+11	3.49327E-13	-2.04257E+1	-9.28194E-2	2.12334E-2
4.57525E+11	1.30469E-12	-1.55478E+1	1.11632E-1	-1.24152E-1
4.57700E+11	3.17925E-13	-1.81820E+1	5.46411E-2	-1.10511E-1
4.57875E+11	7.11224E-13	-1.16183E+1	-2.21667E-1	-1.40555E-1
4.58050E+11	1.81757E-12	1.45478E+0	-4.28624E-1	-1.10190E+0
4.58225E+11	2.87039E-12	3.48320E-1	8.92336E-1	-5.35952E-1
4.58400E+11	2.03350E-13	2.03609E+0	-1.19229E+0	-4.20186E-1
4.58575E+11	6.34013E-13	-5.05300E+0	5.57915E-1	3.35202E-2
4.58750E+11	1.08197E-12	-1.47530E-1	3.08234E-1	9.33591E-1
4.58925E+11	1.81644E-13	-2.12183E+1	7.64251E-2	-4.13902E-2
4.59100E+11	8.25140E-13	-7.96272E+0	3.81109E-1	1.20878E-1
4.59275E+11	1.74836E-12	8.95051E+0	-1.25915E+0	-2.50356E+0
4.59450E+11	1.94323E-13	-1.21597E+1	1.06436E-1	2.22463E-1
4.59625E+11	3.38249E-13	-1.32670E+1	-2.32224E-2	2.15850E-1
4.59800E+11	1.12085E-12	-5.28198E+0	-3.16507E-1	-4.42913E-1
4.59975E+11	2.12023E-12	4.59310E+0	1.42419E+0	9.22566E-1
4.60150E+11	5.21487E-12	4.34593E+0	1.12176E+0	1.20905E+0
4.60325E+11	5.41485E-12	1.29857E+1	-4.13784E+0	1.66296E+0
4.60500E+11	2.69510E-13	-1.02321E+1	9.80467E-2	-2.91860E-1
4.60675E+11	4.35856E-13	-8.93568E+0	2.76753E-1	2.26227E-1
4.60850E+11	2.13741E-12	4.83467E+0	1.74465E+0	-1.83196E-2
4.61025E+11	5.96254E-13	-3.69561E+0	-4.65072E-2	6.51804E-1
4.61200E+11	3.88296E-12	6.80286E+0	1.65164E+0	-1.43581E+0
4.61375E+11	1.82209E-12	-4.75612E+0	1.86332E-1	5.47516E-1
4.61550E+11	7.77037E-13	5.48598E+0	1.75713E-1	1.87239E+0
4.61725E+11	2.62524E-12	3.19351E+0	1.54025E-1	-1.43612E+0
4.61900E+11	3.16577E-12	4.43028E+0	1.04765E+0	1.29457E+0
4.62075E+11	8.81126E-13	-3.61066E+0	-4.10317E-1	-5.16803E-1
4.62250E+11	5.48482E-13	-6.73945E+0	-3.46257E-1	-3.03264E-1
4.62425E+11	2.19128E-12	2.13660E+0	1.44554E-1	-1.27068E+0
4.62600E+11	1.09655E-12	-1.40298E-1	2.11606E-1	-9.60955E-1
4.62775E+11	7.56218E-13	-4.95610E+0	-5.60917E-1	6.93721E-2
4.62950E+11	8.86510E-13	-1.01036E+1	-2.94631E-1	1.04095E-1
4.63125E+11	4.96268E-12	-2.07516E+0	6.51902E-1	-4.41764E-1
4.63300E+11	5.35322E-13	-2.54306E+0	5.77490E-1	4.72545E-1
4.63475E+11	1.84638E-12	-5.77928E+0	4.91300E-1	1.51357E-1
4.63650E+11	1.95447E-12	-4.59752E+0	3.03312E-1	-5.04913E-1
4.63825E+11	6.36915E-13	-2.21932E+0	6.80492E-1	3.69886E-1
4.64000E+11	2.36619E-12	-6.03036E+0	-2.66497E-1	-4.22396E-1
4.64175E+11	3.73517E-12	-6.15247E+0	-1.38707E-2	-4.92271E-1
4.64350E+11	8.17376E-12	3.06154E+0	1.08217E+0	9.23389E-1
4.64525E+11	1.14444E-11	2.10237E+0	-1.21480E+0	3.83336E-1
4.64700E+11	1.29548E-11	4.70702E+0	-1.31922E+0	-1.10256E+0
4.64875E+11	2.98790E-11	7.99958E+0	2.39199E+0	7.66389E-1
4.65050E+11	3.02018E-11	6.38780E+0	-1.39186E+0	1.55423E+0
4.65225E+11	3.48468E-11	2.38455E+0	-4.57656E-1	-1.23377E+0
4.65400E+11	3.79534E-11	3.38221E-1	8.99005E-1	5.22285E-1
4.65575E+11	4.12277E-11	1.62388E+0	-1.19560E+0	1.54760E-1
4.65750E+11	8.02439E-11	2.46482E+0	-1.24348E-1	-1.32230E+0
4.65925E+11	1.67840E-10	4.99022E+0	1.77603E+0	3.00254E-2
4.66100E+11	2.72045E-10	7.26198E+0	-7.65050E-1	2.17674E+0
4.66275E+11	3.04702E-10	6.81068E+0	-1.82644E+0	-1.20921E+0
4.66450E+11	2.46710E-10	5.07960E+0	1.25360E+0	-1.28423E+0
4.66625E+11	2.27250E-10	4.44239E+0	7.09851E-1	1.50909E+0
4.66800E+11	2.08266E-10	4.01203E+0	-1.57191E+0	2.18973E-1
4.66975E+11	1.65169E-10	7.12106E+0	4.38215E-1	-2.22744E+0
4.67150E+11	1.37208E-10	7.45934E+0	2.11988E+0	1.03784E+0
4.67325E+11	1.28226E-10	3.65119E+0	-1.06545E+0	1.08758E+0
4.67500E+11	1.85218E-10	6.15025E+0	-7.85957E-1	-1.87176E+0
4.67675E+11	1.44438E-10	8.47934E+0	2.52505E+0	-8.18539E-1
4.67850E+11	1.02509E-10	8.64270E+0	-7.67239E-2	2.70371E+0
4.68025E+11	4.79484E-11	2.82419E+0	-1.33515E+0	-3.65335E-1
4.68200E+11	6.77636E-11	7.12985E+0	4.49175E-1	-2.22761E+0
4.68375E+11	6.22094E-11	3.15724E+0	1.35790E+0	4.74272E-1
4.68550E+11	3.55580E-11	-1.67825E-1	-6.22724E-1	7.57832E-1
4.68725E+11	2.94539E-11	-3.28826E+0	-4.78378E-1	-4.90057E-1
4.68900E+11	2.99349E-11	-2.06407E+0	5.19248E-1	-5.93379E-1
4.69075E+11	6.13568E-11	4.41363E-1	5.45213E-1	8.99841E-1
4.69250E+11	5.85293E-11	-3.42106E+0	-6.53742E-1	-1.65829E-1
4.69425E+11	5.72230E-11	-4.59518E+0	4.11906E-1	-4.21254E-1
4.69600E+11	2.45291E-11	-1.06394E+1	1.44060E-1	2.56039E-1
4.69775E+11	1.71721E-11	-1.15458E+1	-1.85533E-1	1.88756E-1
4.69950E+11	7.26902E-12	-1.45256E+1	-1.83114E-1	-4.17363E-2
4.70125E+11	2.41501E-11	-1.09907E+1	9.63219E-2	-2.65189E-1
4.70300E+11	2.09741E-11	-1.22126E+1	2.32128E-1	7.87298E-2
4.70475E+11	5.78163E-11	-8.68648E+0	-1.54976E-1	3.33616E-1
4.70650E+11	6.78988E-11	-1.06613E+1	-2.58467E-1	-1.38098E-1
4.70825E+11	9.65236E-11	-1.03616E+1	1.39469E-1	-2.69369E-1
4.71000E+11	1.50647E-10	-9.63511E+0	2.98829E-1	1.39522E-1
4.71175E+11	1.94904E-10	-8.88779E+0	4.12567E-4	3.59426E-1
4.71350E+11	1.90519E-10	-8.99785E+0	-3.38428E-1	1.06870E-1
4.71525E+11	1.19468E-10	-1.11473E+1	-2.24789E-1	-1.62030E-1
4.71700E+11	3.48806E-10	-7.59393E+0	1.56999E-1	-3.86490E-1
4.71875E+11	6.72294E-10	-4.15341E+0	6.04819E-1	1.35957E-1
4.72050E+11	1.11965E-9	-1.19894E+0	-2.34702E-1	8.38855E-1
4.72225E+11	1.44934E-9	-2.17065E+0	-4.43900E-1	-6.39999E-1
4.72400E+11	1.87847E-9	-4.46552E+0	5.82567E-1	-1.35119E-1
4.72575E+11	2.46551E-9	-6.17973E+0	-5.84905E-2	4.87426E-1
4.72750E+11	3.85082E-9	-5.82505E+0	-4.42876E-1	-2.55684E-1
4.72925E+11	4.88960E-9	-7.86327E+0	3.31606E-1	-2.31508E-1
4.73100E+11	7.42559E-9	-1.00085E+1	8.72617E-2	3.03628E-1
4.73275E+11	1.35898E-8	-1.02195E+1	-3.04829E-1	4.63690E-2
4.73450E+11	2.59871E-8	-9.54169E+0	6.01704E-2	-3.27886E-1
4.73625E+11	2.69434E-8	-1.04035E+1	2.67570E-1	1.39763E-1
4.73800E+11	2.40256E-8	-1.18436E+1	-1.94969E-1	1.65520E-1
4.73975E+11	1.87915E-8	-1.27559E+1	-7.20059E-2	-2.18705E-1
4.74150E+11	1.53575E-8	-1.32676E+1	2.17063E-1	-2.78858E-3
4.74325E+11	1.42877E-8	-1.44795E+1	-7.03759E-2	1.75205E-1
4.74500E+11	1.18384E-8	-1.47353E+1	-1.40650E-1	-1.17592E-1
4.74675E+11	1.34530E-8	-1.41090E+1	1.50723E-1	-1.26913E-1
4.74850E+11	1.16246E-8	-1.33675E+1	8.72418E-2	1.96064E-1
4.75025E+11	9.08669E-9	-1.40306E+1	-1.98780E-1	-4.22429E-3
4.75200E+11	8.35254E-9	-1.46951E+1	2.97072E-2	-1.81769E-1
4.75375E+11	5.99019E-9	-1.54220E+1	1.46230E-1	8.55059E-2
4.75550E+11	4.33027E-9	-1.69919E+1	-1.02018E-1	9.78878E-2
4.75725E+11	3.36508E-9	-1.61366E+1	-8.38944E-2	-1.31541E-1
4.75900E+11	2.13616E-9	-1.65544E+1	1.34384E-1	-6.36374E-2
4.76075E+11	2.75800E-9	-1.52423E+1	6.45929E-2	1.60419E-1
4.76250E+11	2.90310E-9	-1.37957E+1	-2.03414E-1	1.87317E-2
4.76425E+11	2.61920E-9	-1.24556E+1	9.39394E-2	-2.19060E-1
4.76600E+11	1.74008E-9	-1.19552E+1	1.56830E-1	1.97873E-1
4.76775E+11	1.35682E-9	-1.17218E+1	-2.38556E-1	1.01789E-1
4.76950E+11	1.16510E-9	-1.13342E+1	-8.49332E-2	-2.57559E-1
4.77125E+11	8.05687E-10	-1.15635E+1	2.53325E-1	-7.47852E-2
4.77300E+11	5.70075E-10	-1.33629E+1	-1.78868E-1	-1.18774E-1
4.77475E+11	3.67232E-10	-1.47289E+1	1.40922E-1	-1.17476E-1
4.77650E+11	4.23251E-10	-1.09826E+1	1.06352E-1	2.61613E-1
4.77825E+11	5.40136E-10	-8.82527E+0	-3.61818E-1	-1.21727E-2
4.78000E+11	4.03141E-10	-8.47983E+0	1.66771E-1	-3.37785E-1
4.78175E+11	3.58140E-10	-7.90015E+0	2.28631E-1	3.31516E-1
4.78350E+11	4.61309E-10	-7.28399E+0	-3.57682E-1	2.42816E-1
4.78525E+11	5.82317E-10	-6.05048E+0	-2.93958E-1	-4.02337E-1
4.78700E+11	7.94105E-10	-4.19848E+0	4.92080E-1	-3.71726E-1
4.78875E+11	1.00514E-9	-4.00470E+0	1.87875E-1	6.01980E-1
4.79050E+11	1.47459E-9	-4.53986E+0	-5.91075E-1	-4.69259E-2
4.79225E+11	2.12827E-9	-5.13009E+0	2.64152E-1	-4.86949E-1
4.79400E+11	2.34166E-9	-7.40297E+0	3.03619E-1	2.99435E-1
4.79575E+11	1.42997E-9	-8.07450E+0	-1.75257E-1	3.53664E-1
4.79750E+11	9.47973E-10	3.88972E+0	-1.50707E+0	4.21476E-1
4.79925E+11	7.32190E-10	1.53529E+0	1.16714E+0	-2.48703E-1
4.80100E+11	4.99084E-10	-1.26079E+0	-5.14480E-1	6.95229E-1
4.80275E+11	2.98702E-10	-4.79751E-2	-5.68143E-1	-8.16228E-1
4.80450E+11	2.47860E-10	3.97427E+0	1.22711E+0	-9.95619E-1
4.80625E+11	2.96347E-10	3.72945E+0	1.34650E-1	1.53038E+0
4.80800E+11	2.98056E-10	3.87237E+0	-1.31951E+0	-8.35486E-1
4.80975E+11	3.10846E-10	3.85508E+0	1.47738E+0	-4.96797E-1
4.81150E+11	2.78973E-10	4.42293E+0	-1.14619E-1	1.66002E+0
4.81325E+11	2.66927E-10	5.50590E+0	-1.64574E+0	-9.18970E-1
4.81500E+11	2.41483E-10	3.80789E+0	1.36207E+0	-7.40246E-1
4.81675E+11	2.56810E-10	3.29785E+0	-8.14788E-2	1.45954E+0
4.81850E+11	2.55572E-10	3.79032E+0	-1.40942E+0	-6.37995E-1
4.82025E+11	2.86509E-10	1.85119E+0	1.07337E+0	-6.15950E-1
4.82200E+11	3.11233E-10	2.31979E+0	-1.81788E-1	1.29343E+0
4.82375E+11	2.62424E-10	1.61300E+0	-1.03356E+0	-6.17671E-1
4.82550E+11	2.11468E-10	-4.13955E-1	8.09821E-1	-5.03264E-1
4.82725E+11	1.68101E-10	-3.48832E+0	1.30982E-1	6.56301E-1
4.82900E+11	1.74616E-10	-3.45007E+0	-6.26200E-1	-2.44380E-1
4.83075E+11	1.51056E-10	-6.20686E+0	3.06659E-1	-3.81398E-1
4.83250E+11	2.05819E-10	-6.10613E+0	4.29185E-1	2.46829E-1
4.83425E+11	3.10066E-10	-4.31688E+0	-4.37097E-1	4.23131E-1
4.83600E+11	4.76267E-10	-5.46196E+0	-2.33686E-1	-4.79280E-1
4.83775E+11	7.08725E-10	-6.20758E+0	4.72516E-1	-1.27252E-1
4.83950E+11	6.75111E-10	-6.88913E+0	4.47241E-2	4.50206E-1
4.84125E+11	6.31068E-10	-6.53997E+0	-4.50579E-1	-1.37112E-1
4.84300E+11	3.50926E-10	-8.63988E+0	1.99256E-1	-3.11567E-1
4.84475E+11	3.86589E-10	-6.15775E+0	3.41405E-1	3.54502E-1
4.84650E+11	5.01321E-10	-5.11811E+0	-5.18498E-1	1.97238E-1
4.84825E+11	7.43940E-10	-2.90599E+0	-2.03368E-1	-6.86146E-1
4.85000E+11	5.90312E-10	-2.73448E+0	7.29811E-1	-1.27109E-2
4.85175E+11	4.97121E-10	-7.79070E+0	2.12458E-1	3.48103E-1
4.85350E+11	5.84884E-10	-6.62037E+0	-3.50746E-1	3.07782E-1
4.85525E+11	7.66699E-10	-4.68058E+0	-3.62801E-1	-4.56879E-1
4.85700E+11	7.71345E-10	-2.10786E+0	7.71131E-1	-1.44347E-1
4.85875E+11	7.22442E-10	-3.24574E+0	-1.38228E-1	6.74173E-1
4.86050E+11	7.16363E-10	-2.68839E+0	-5.50207E-1	-4.85532E-1
4.86225E+11	8.33310E-10	-2.55250E+0	7.04524E-1	-2.43375E-1
4.86400E+11	1.55391E-9	-1.91182E+0	-2.30717E-1	7.68550E-1
4.86575E+11	1.57632E-9	-2.98591E+0	-4.99458E-1	-5.03346E-1
4.86750E+11	2.10827E-9	-4.59102E+0	5.46545E-1	-2.20779E-1
4.86925E+11	3.08308E-9	-4.08499E+0	1.63745E-1	6.02976E-1
4.87100E+11	2.69425E-9	-4.87136E+0	-5.55077E-1	1.32758E-1
4.87275E+11	8.05838E-10	-9.36823E+0	1.13919E-2	-3.39895E-1
4.87450E+11	5.28019E-10	-1.16745E+1	2.58582E-1	3.37809E-2
4.87625E+11	1.78892E-9	-6.76616E+0	3.13578E-3	4.58862E-1
4.87800E+11	4.88601E-9	-2.70486E+0	-7.32331E-1	1.10817E-2
4.87975E+11	7.27106E-9	-1.89941E+0	9.91732E-2	-7.97437E-1
4.88150E+11	4.63842E-9	-3.01957E+0	6.83976E-1	1.76384E-1
4.88325E+11	3.38417E-9	-3.68467E+0	-3.11101E-1	5.75590E-1
4.88500E+11	2.00126E-9	-6.62845E+0	-4.02067E-1	-2.35987E-1
4.88675E+11	1.55727E-9	-6.96437E+0	2.51112E-1	-3.71635E-1
4.88850E+11	2.44021E-9	-6.05139E+0	2.91835E-1	4.03814E-1
4.89025E+11	3.71854E-9	-6.33396E+0	-4.74329E-1	8.72268E-2
4.89200E+11	7.47820E-9	-6.71759E+0	5.05932E-2	-4.58663E-1
4.89375E+11	1.10536E-8	-6.74652E+0	4.40750E-1	1.31368E-1
4.89550E+11	1.53278E-8	-8.14180E+0	-2.15038E-1	3.27348E-1
4.89725E+11	1.48671E-8	-1.01904E+1	-1.75415E-1	-2.54834E-1
4.89900E+11	1.35088E-8	-1.40076E+1	1.91989E-1	-5.36781E-2
4.90075E+11	1.25863E-8	-1.45202E+1	2.44314E-2	1.86332E-1
4.90250E+11	1.28014E-8	-1.40473E+1	-1.97994E-1	1.33391E-2
4.90425E+11	1.32451E-8	-1.27797E+1	-2.49203E-2	-2.28267E-1
4.90600E+11	1.26463E-8	-1.19920E+1	2.50012E-1	-2.65786E-2
4.90775E+11	1.80637E-8	-1.25250E+1	-4.86405E-3	2.36407E-1
4.90950E+11	2.00320E-8	-1.50658E+1	-1.66849E-1	-5.75188E-2
4.91125E+11	2.13011E-8	-1.63388E+1	7.06931E-2	-1.35042E-1
4.91300E+11	2.52343E-8	-1.60344E+1	1.34663E-1	8.23798E-2
4.91475E+11	2.39429E-8	-1.59973E+1	-1.02359E-1	1.21068E-1
4.91650E+11	2.01274E-8	-1.60257E+1	-1.03155E-1	-1.19707E-1
4.91825E+11	1.79651E-8	-1.62155E+1	1.30756E-1	-8.24984E-2
4.92000E+11	1.34271E-8	-1.61776E+1	4.00186E-2	1.50036E-1
4.92175E+11	1.29794E-8	-1.63771E+1	-1.51737E-1	2.35810E-3
4.92350E+11	1.27263E-8	-1.62758E+1	2.37183E-2	-1.51692E-1
4.92525E+11	1.09060E-8	-1.62089E+1	1.45469E-1	5.27076E-2
4.92700E+11	8.92202E-9	-1.64914E+1	-7.62160E-2	1.28929E-1
4.92875E+11	6.13182E-9	-1.70783E+1	-1.06538E-1	-9.08059E-2
4.93050E+11	4.80291E-9	-1.74760E+1	1.03111E-1	-8.51431E-2
4.93225E+11	4.40364E-9	-1.74430E+1	6.46762E-2	1.17621E-1
4.93400E+11	5.73055E-9	-1.71225E+1	-1.34034E-1	3.78493E-2
4.93575E+11	5.15847E-9	-1.69735E+1	4.37643E-3	-1.41618E-1
4.93750E+11	4.38944E-9	-1.63991E+1	1.44615E-1	4.47165E-2
4.93925E+11	5.83818E-9	-1.57477E+1	-8.86931E-2	1.36949E-1
4.94100E+11	9.42011E-9	-1.52797E+1	-1.04167E-1	-1.37112E-1
4.94275E+11	1.50395E-8	-1.52759E+1	1.62319E-1	-5.76938E-2
4.94450E+11	1.60177E-8	-1.57992E+1	3.23829E-2	1.58930E-1
4.94625E+11	1.70745E-8	-1.62872E+1	-1.53139E-1	7.76385E-3
4.94800E+11	1.77213E-8	-1.68425E+1	1.90734E-2	-1.42568E-1
4.94975E+11	1.55850E-8	-1.71703E+1	1.23509E-1	6.26964E-2
4.95150E+11	1.64559E-8	-1.67270E+1	-9.66789E-2	1.09088E-1
4.95325E+11	1.49335E-8	-1.64705E+1	-1.14514E-1	-9.70903E-2
4.95500E+11	1.62904E-8	-1.65091E+1	1.25245E-1	-8.15713E-2
4.95675E+11	1.82349E-8	-1.69139E+1	1.96630E-2	1.41300E-1
4.95850E+11	1.64265E-8	-1.73996E+1	-1.30421E-1	-3.44812E-2
4.96025E+11	1.66771E-8	-1.78311E+1	6.20921E-2	-1.12348E-1
4.96200E+11	1.47884E-8	-1.82644E+1	8.46770E-2	8.79916E-2
4.96375E+11	1.32247E-8	-1.85630E+1	-1.08113E-1	4.72607E-2
4.96550E+11	1.27228E-8	-1.84300E+1	-2.27815E-2	-1.17626E-1
4.96725E+11	1.14048E-8	-1.80035E+1	1.24790E-1	-1.62356E-2
4.96900E+11	1.16764E-8	-1.76306E+1	-6.41013E-3	1.31205E-1
4.97075E+11	1.09145E-8	-1.76263E+1	-1.27378E-1	-3.23736E-2
4.97250E+11	8.57278E-9	-1.82388E+1	5.18158E-2	-1.10978E-1
4.97425E+11	6.31160E-9	-1.89732E+1	8.10609E-2	7.80787E-2
4.97600E+11	5.29244E-9	-1.96580E+1	-9.27383E-2	4.71060E-2
4.97775E+11	4.04091E-9	-2.00262E+1	-2.27706E-2	-9.70631E-2
4.97950E+11	3.93504E-9	-1.99585E+1	9.88508E-2	-1.80154E-2
4.98125E+11	3.02627E-9	-1.97402E+1	1.59167E-2	1.01800E-1
4.98300E+11	2.89185E-9	-1.93013E+1	-1.08354E-1	2.18866E-3
4.98475E+11	3.04620E-9	-1.91740E+1	2.74364E-2	-1.06499E-1
4.98650E+11	2.83285E-9	-1.95487E+1	8.85367E-2	5.70650E-2
4.98825E+11	3.26583E-9	-1.92232E+1	-8.60719E-2	6.74554E-2
4.99000E+11	3.09276E-9	-1.97286E+1	-4.63525E-2	-9.21754E-2
4.99175E+11	3.04695E-9	-1.99110E+1	9.83256E-2	-2.32201E-2
4.99350E+11	2.67434E-9	-1.98198E+1	2.96429E-2	9.76983E-2
4.99525E+11	2.63546E-9	-1.98111E+1	-9.91535E-2	2.47624E-2
4.99700E+11	3.33840E-9	-1.95864E+1	2.31871E-2	-1.02281E-1
4.99875E+11	3.67029E-9	-1.93536E+1	6.03073E-2	8.92637E-2
5.00050E+11	3.10648E-9	-1.96531E+1	-1.03354E-1	-1.22274E-2
5.00225E+11	3.08741E-9	-1.98889E+1	5.18788E-2	-8.69932E-2
5.00400E+11	4.58201E-9	-2.03149E+1	7.32264E-2	6.27580E-2
5.00575E+11	5.09537E-9	-2.08098E+1	-6.81574E-2	6.04440E-2
5.00750E+11	4.60718E-9	-2.10507E+1	-4.45424E-2	-7.65965E-2
5.00925E+11	5.45734E-9	-2.07999E+1	8.77784E-2	-2.47555E-2
5.01100E+11	5.94012E-9	-2.01992E+1	-1.91758E-2	9.58326E-2
5.01275E+11	7.36422E-9	-1.99183E+1	-8.03559E-2	-6.10970E-2
5.01450E+11	7.08670E-9	-1.99663E+1	8.44035E-2	-5.43499E-2
5.01625E+11	6.23891E-9	-2.00383E+1	3.44894E-2	9.33957E-2
5.01800E+11	4.74507E-9	-1.98823E+1	-1.00366E-1	1.41879E-2
5.01975E+11	3.34136E-9	-1.80455E+1	-4.86101E-3	-1.25141E-1
5.02150E+11	1.97786E-9	-1.67499E+1	1.40126E-1	3.87305E-2
5.02325E+11	1.55143E-9	-1.53363E+1	-1.06631E-1	1.33778E-1
5.02500E+11	1.66529E-9	-1.34857E+1	-1.05460E-1	-1.83560E-1
5.02675E+11	1.90094E-9	-1.09781E+1	2.81444E-1	-2.49723E-2
5.02850E+11	1.99236E-9	-8.92977E+0	-5.91990E-2	3.52761E-1
5.03025E+11	2.45374E-9	-7.15647E+0	-3.83501E-1	-2.13055E-1
5.03200E+11	2.29814E-9	-5.90297E+0	4.12703E-1	-2.94177E-1
5.03375E+11	2.51152E-9	-6.05325E+0	3.42082E-2	4.96948E-1
5.03550E+11	2.85392E-9	-7.31000E+0	-4.09517E-1	-1.34450E-1
5.03725E+11	2.20039E-9	-7.39028E+0	2.54354E-1	-3.43048E-1
5.03900E+11	2.39371E-9	-8.14966E+0	2.14797E-1	3.27082E-1
5.04075E+11	3.60760E-9	-8.60590E+0	-3.52827E-1	1.15602E-1
5.04250E+11	3.37545E-9	-9.89808E+0	-9.21476E-4	-3.19959E-1
5.04425E+11	3.33175E-9	-1.17480E+1	2.31750E-1	1.14703E-1
5.04600E+11	2.70322E-9	-1.45045E+1	-1.65209E-1	9.02794E-2
5.04775E+11	2.56756E-9	-1.67377E+1	9.76697E-3	-1.45256E-1
5.04950E+11	2.31997E-9	-1.90530E+1	9.63098E-2	5.62219E-2
5.05125E+11	1.91533E-9	-2.05167E+1	-6.38513E-2	6.92910E-2
5.05300E+11	1.74737E-9	-2.15830E+1	-5.16681E-2	-6.53900E-2
5.05475E+11	1.83873E-9	-2.18562E+1	6.20532E-2	-5.16849E-2
5.05650E+11	1.64306E-9	-2.18222E+1	4.46317E-2	6.76849E-2
5.05825E+11	1.62747E-9	-2.11975E+1	-8.60011E-2	1.39285E-2
5.06000E+11	1.45052E-9	-2.16302E+1	2.99675E-2	-7.72804E-2
5.06175E+11	1.58577E-9	-2.21702E+1	6.02818E-2	4.93276E-2
5.06350E+11	1.65963E-9	-2.29307E+1	-5.98226E-2	3.89064E-2
5.06525E+11	1.74509E-9	-2.37230E+1	-1.90202E-2	-6.23016E-2
5.06700E+11	1.59883E-9	-2.46273E+1	5.77567E-2	-1.04804E-2
5.06875E+11	1.56638E-9	-2.58300E+1	9.04690E-4	5.11012E-2
5.07050E+11	1.64984E-9	-2.63564E+1	-4.79267E-2	-4.12675E-3
5.07225E+11	1.61723E-9	-2.66316E+1	1.15896E-2	-4.51396E-2
5.07400E+11	1.34439E-9	-2.73929E+1	3.85302E-2	1.83879E-2
5.07575E+11	1.14352E-9	-2.87609E+1	-2.13106E-2	2.95982E-2
5.07750E+11	1.13693E-9	-2.94456E+1	-2.39726E-2	-2.36956E-2
5.07925E+11	8.34976E-10	-3.09078E+1	2.14265E-2	-1.87689E-2
5.08100E+11	7.21577E-10	-3.18899E+1	1.64766E-2	1.93823E-2
5.08275E+11	6.54409E-10	-3.24679E+1	-1.84101E-2	1.50857E-2
5.08450E+11	5.31215E-10	-3.30079E+1	-1.21975E-2	-1.87484E-2
5.08625E+11	3.05567E-10	-3.49223E+1	1.69530E-2	-5.87673E-3
5.08800E+11	2.55905E-10	-3.57064E+1	-8.63630E-4	1.63710E-2
5.08975E+11	2.36876E-10	-3.59882E+1	-1.44747E-2	-6.50792E-3
5.09150E+11	1.31710E-10	-3.78726E+1	7.31382E-3	-1.04746E-2
5.09325E+11	3.98648E-11	-4.17297E+1	5.26949E-3	6.27533E-3
5.09500E+11	3.33971E-11	-4.18421E+1	-5.79955E-3	5.63890E-3
5.09675E+11	1.48711E-11	-4.42789E+1	-2.83583E-3	-5.41225E-3
5.09850E+11	4.01191E-12	-4.89265E+1	2.83119E-3	2.18827E-3
5.10025E+11	6.24938E-12	-4.75762E+1	-3.12280E-3	2.77878E-3
5.10200E+11	8.62536E-12	-4.69927E+1	2.99779E-4	-4.46054E-3
5.10375E+11	3.49083E-11	-4.00655E+1	5.78051E-3	8.06775E-3
5.10550E+11	3.51447E-11	-4.01310E+1	-9.60882E-3	2.16781E-3
5.10725E+11	4.37921E-11	-3.92511E+1	6.87664E-4	-1.08787E-2
5.10900E+11	9.66383E-11	-3.62804E+1	1.27827E-2	8.49031E-3
5.11075E+11	1.31379E-10	-3.48355E+1	-1.34896E-2	1.21022E-2
5.11250E+11	1.20073E-10	-3.51383E+1	-1.06690E-2	-1.38739E-2
5.11425E+11	2.07239E-10	-3.31216E+1	1.85932E-2	-1.19011E-2
5.11600E+11	1.90095E-10	-3.24381E+1	8.53307E-3	2.23068E-2
5.11775E+11	2.64922E-10	-3.13533E+1	-2.51480E-2	9.99189E-3
5.11950E+11	3.05588E-10	-3.06742E+1	-1.31961E-2	-2.61166E-2
5.12125E+11	4.19736E-10	-3.02312E+1	2.98712E-2	-7.47390E-3
5.12300E+11	4.49519E-10	-3.02584E+1	-3.50846E-3	3.04945E-2
5.12475E+11	5.91204E-10	-2.93377E+1	-3.19152E-2	-1.20902E-2
5.12650E+11	8.18195E-10	-2.78315E+1	2.17767E-2	-3.42546E-2
5.12825E+11	7.87105E-10	-2.80878E+1	2.89730E-2	2.67156E-2
5.13000E+11	9.28138E-10	-2.76519E+1	-3.24475E-2	2.57739E-2
5.13175E+11	1.59181E-9	-2.65200E+1	-2.65212E-2	-3.90519E-2
5.13350E+11	1.91225E-9	-2.63566E+1	4.37111E-2	-2.00797E-2
5.13525E+11	2.37257E-9	-2.54835E+1	1.45054E-2	5.11731E-2
5.13700E+11	2.28178E-9	-2.46899E+1	-5.75199E-2	9.37124E-3
5.13875E+11	2.35873E-9	-2.43195E+1	-2.79615E-4	-6.08163E-2
5.14050E+11	2.36765E-9	-2.38871E+1	6.34325E-2	7.88881E-3
5.14225E+11	2.64994E-9	-2.31269E+1	-1.41463E-2	6.83188E-2
5.14400E+11	2.27998E-9	-2.29488E+1	-6.74596E-2	-2.28145E-2
5.14575E+11	2.01830E-9	-2.28521E+1	3.62894E-2	-6.21974E-2
5.14750E+11	1.72966E-9	-2.20066E+1	5.69600E-2	5.52765E-2
5.14925E+11	1.77584E-9	-2.15609E+1	-6.67327E-2	5.02757E-2
5.15100E+11	1.76467E-9	-2.10952E+1	-4.24933E-2	-7.72354E-2
5.15275E+11	2.20363E-9	-2.03928E+1	8.58707E-2	-4.19690E-2
5.15450E+11	2.28803E-9	-2.00998E+1	4.03729E-2	9.02373E-2
5.15625E+11	2.46573E-9	-2.00423E+1	-9.23010E-2	3.71954E-2
5.15800E+11	2.23832E-9	-1.99666E+1	-2.80451E-2	-9.63877E-2
5.15975E+11	2.26995E-9	-1.98438E+1	1.01297E-1	-1.02571E-2
5.16150E+11	2.52019E-9	-1.99784E+1	-1.25675E-2	9.94585E-2
5.16325E+11	3.11123E-9	-1.97509E+1	-9.82345E-2	-3.06653E-2
5.16500E+11	3.63818E-9	-1.95129E+1	4.08604E-2	-9.75573E-2
5.16675E+11	5.53606E-9	-1.91631E+1	9.64379E-2	5.31508E-2
5.16850E+11	6.06823E-9	-1.90869E+1	-6.26539E-2	9.17302E-2
5.17025E+11	7.97595E-9	-1.90179E+1	-7.93474E-2	-7.90030E-2
5.17200E+11	7.95695E-9	-1.88221E+1	1.01797E-1	-5.24700E-2
5.17375E+11	8.68314E-9	-1.87039E+1	1.97685E-2	1.14397E-1
5.17550E+11	9.66639E-9	-1.87688E+1	-1.14896E-1	-8.74764E-3
5.17725E+11	1.11080E-8	-1.85996E+1	2.70636E-2	-1.14335E-1
5.17900E+11	1.20247E-8	-1.82214E+1	1.14183E-1	4.49804E-2
5.18075E+11	1.46710E-8	-1.76751E+1	-6.47560E-2	1.13519E-1
5.18250E+11	1.67134E-8	-1.72568E+1	-1.05027E-1	-8.81841E-2
5.18425E+11	2.07494E-8	-1.68618E+1	1.18576E-1	-8.08539E-2
5.18600E+11	2.17596E-8	-1.68743E+1	4.64044E-2	1.35591E-1
5.18775E+11	2.21708E-8	-1.66207E+1	-1.46554E-1	1.71854E-2
5.18950E+11	2.35906E-8	-1.65783E+1	3.11541E-3	-1.48248E-1
5.19125E+11	2.36876E-8	-1.66820E+1	1.45136E-1	2.01034E-2
5.19300E+11	2.87120E-8	-1.63575E+1	-4.75829E-2	1.44465E-1
5.19475E+11	3.23634E-8	-1.59981E+1	-1.35308E-1	-8.25914E-2
5.19650E+11	3.51300E-8	-1.58116E+1	1.29565E-1	-9.71878E-2
5.19825E+11	3.71371E-8	-1.58523E+1	3.46623E-2	1.57436E-1
5.20000E+11	3.90156E-8	-1.58303E+1	-1.58458E-1	-3.17915E-2
5.20175E+11	4.14955E-8	-1.58472E+1	9.27163E-2	-1.31993E-1
5.20350E+11	4.38390E-8	-1.59189E+1	9.85985E-2	1.25978E-1
5.20525E+11	3.91757E-8	-1.59567E+1	-1.43356E-1	6.94223E-2
5.20700E+11	4.48879E-8	-1.57843E+1	-3.39112E-2	-1.58896E-1
5.20875E+11	5.08873E-8	-1.52902E+1	1.71970E-1	-2.24484E-3
5.21050E+11	4.99195E-8	-1.48365E+1	-3.90309E-2	1.76954E-1
5.21225E+11	4.78590E-8	-1.45878E+1	-1.56205E-1	-1.01840E-1
5.21400E+11	4.18671E-8	-1.47304E+1	1.37008E-1	-1.21972E-1
5.21575E+11	4.22471E-8	-1.48406E+1	7.51081E-2	1.64815E-1
5.21750E+11	3.78093E-8	-1.50270E+1	-1.75178E-1	2.71949E-2
5.21925E+11	3.51447E-8	-1.52136E+1	1.18721E-2	-1.73102E-1
5.22100E+11	3.34572E-8	-1.54022E+1	1.61823E-1	5.13705E-2
5.22275E+11	3.22176E-8	-1.50625E+1	-9.87496E-2	1.46354E-1
5.22450E+11	3.32425E-8	-1.47978E+1	-1.03595E-1	-1.49659E-1
5.22625E+11	4.01336E-8	-1.46277E+1	1.76340E-1	-5.79410E-2
5.22800E+11	3.85973E-8	-1.44196E+1	-1.43460E-2	1.89574E-1
5.22975E+11	3.95684E-8	-1.44711E+1	-1.63368E-1	-9.50227E-2
5.23150E+11	4.01663E-8	-1.44833E+1	1.48826E-1	-1.16056E-1
5.23325E+11	3.96100E-8	-1.44689E+1	6.58485E-2	1.77201E-1
5.23500E+11	3.89664E-8	-1.44259E+1	-1.88479E-1	2.38301E-2
5.23675E+11	3.79910E-8	-1.38470E+1	7.33741E-3	-2.02939E-1
5.23850E+11	4.51779E-8	-1.32280E+1	2.09383E-1	6.09421E-2
5.24025E+11	4.13830E-8	-1.27726E+1	-1.29769E-1	1.89665E-1
5.24200E+11	4.59696E-8	-1.26998E+1	-1.52659E-1	-1.74359E-1
5.24375E+11	3.78160E-8	-1.29945E+1	1.95338E-1	-1.09660E-1
5.24550E+11	3.38745E-8	-1.33267E+1	5.18731E-2	2.09274E-1
5.24725E+11	3.22373E-8	-1.36994E+1	-2.06021E-1	1.48014E-2
5.24900E+11	2.71879E-8	-1.41545E+1	-1.76099E-2	-1.95216E-1
5.25075E+11	3.34251E-8	-1.43334E+1	1.84915E-1	-5.17256E-2
5.25250E+11	3.87258E-8	-1.41928E+1	2.76859E-2	1.93173E-1
5.25425E+11	5.15321E-8	-1.39810E+1	-1.97812E-1	-2.92498E-2
5.25600E+11	5.91278E-8	-1.36787E+1	1.07724E-1	-1.76814E-1
5.25775E+11	5.87293E-8	-1.37497E+1	1.14921E-1	1.70194E-1
5.25950E+11	6.52938E-8	-1.39058E+1	-1.95633E-1	4.91076E-2
5.26125E+11	6.18625E-8	-1.40115E+1	-7.30595E-3	-1.99129E-1
5.26300E+11	6.17649E-8	-1.42345E+1	1.91942E-1	2.96065E-2
5.26475E+11	4.98263E-8	-1.44166E+1	-7.03972E-2	1.76673E-1
5.26650E+11	4.73296E-8	-1.42870E+1	-1.44242E-1	-1.28293E-1
5.26825E+11	5.62015E-8	-1.40604E+1	1.85960E-1	-6.84126E-2
5.27000E+11	5.82941E-8	-1.39057E+1	-3.10266E-2	1.99304E-1
5.27175E+11	4.90615E-8	-1.41733E+1	-1.71757E-1	-9.35558E-2
5.27350E+11	4.66722E-8	-1.42594E+1	1.33144E-1	-1.40624E-1
5.27525E+11	3.81285E-8	-1.43442E+1	1.07373E-1	1.58898E-1
5.27700E+11	3.64931E-8	-1.46270E+1	-1.73349E-1	6.64005E-2
5.27875E+11	3.68098E-8	-1.45821E+1	-1.59400E-2	-1.85911E-1
5.28050E+11	3.91713E-8	-1.41651E+1	1.89465E-1	4.92769E-2
5.28225E+11	4.15850E-8	-1.34986E+1	-1.23610E-1	1.71476E-1
5.28400E+11	4.97114E-8	-1.28417E+1	-1.34151E-1	-1.84344E-1
5.28575E+11	5.08570E-8	-1.24309E+1	2.15594E-1	-1.03222E-1
5.28750E+11	5.58636E-8	-1.25378E+1	7.38321E-2	2.24266E-1
5.28925E+11	5.99665E-8	-1.26064E+1	-2.28134E-1	5.31789E-2
5.29100E+11	6.13273E-8	-1.29185E+1	-1.29939E-2	-2.25610E-1
5.29275E+11	5.03875E-8	-1.36679E+1	2.01534E-1	4.85688E-2
5.29450E+11	4.85860E-8	-1.41362E+1	-1.00925E-1	1.68511E-1
5.29625E+11	4.86352E-8	-1.40218E+1	-1.28221E-1	-1.52219E-1
5.29800E+11	4.88838E-8	-1.37638E+1	1.90207E-1	-7.65343E-2
5.29975E+11	4.92525E-8	-1.38378E+1	4.01568E-2	1.99281E-1
5.30150E+11	4.41316E-8	-1.42553E+1	-1.93059E-1	1.63037E-2
5.30325E+11	3.56463E-8	-1.46493E+1	3.19288E-3	-1.85126E-1
5.30500E+11	2.99326E-8	-1.50706E+1	1.72861E-1	3.51059E-2
5.30675E+11	3.16098E-8	-1.51009E+1	-8.22416E-2	1.55347E-1
5.30850E+11	3.04547E-8	-1.50794E+1	-1.24653E-1	-1.24545E-1
5.31025E+11	3.05598E-8	-1.47416E+1	1.58470E-1	-9.19172E-2
5.31200E+11	3.56497E-8	-1.39633E+1	5.96168E-2	1.91297E-1
5.31375E+11	4.86883E-8	-1.33399E+1	-2.12462E-1	3.47296E-2
5.31550E+11	4.93743E-8	-1.32728E+1	3.34917E-3	-2.16925E-1
5.31725E+11	4.70217E-8	-1.34341E+1	2.05120E-1	5.72495E-2
5.31900E+11	4.85808E-8	-1.35864E+1	-1.17321E-1	1.73277E-1
5.32075E+11	4.78480E-8	-1.39000E+1	-1.25591E-1	-1.58003E-1
5.32250E+11	4.38475E-8	-1.42188E+1	1.72045E-1	-9.08599E-2
5.32425E+11	4.61178E-8	-1.40306E+1	9.10231E-2	1.76765E-1
5.32600E+11	5.39795E-8	-1.33659E+1	-1.91114E-1	9.76969E-2
5.32775E+11	7.36373E-8	-1.27943E+1	-8.63705E-2	-2.12345E-1
5.32950E+11	6.94498E-8	-1.27789E+1	2.19637E-1	-6.70523E-2
5.33125E+11	7.30217E-8	-1.28093E+1	2.43528E-2	2.27541E-1
5.33300E+11	7.02854E-8	-1.29183E+1	-2.23485E-1	-3.35373E-2
5.33475E+11	7.18651E-8	-1.30640E+1	8.10404E-2	-2.06925E-1
5.33650E+11	7.39482E-8	-1.31385E+1	1.89355E-1	1.12651E-1
5.33825E+11	6.48653E-8	-1.36438E+1	-1.22551E-1	1.67913E-1
5.34000E+11	7.31007E-8	-1.35139E+1	-1.60573E-1	-1.36901E-1
5.34175E+11	7.63199E-8	-1.31048E+1	1.64748E-1	-1.47588E-1
5.34350E+11	8.28932E-8	-1.31518E+1	1.03777E-1	1.93979E-1
5.34525E+11	7.14938E-8	-1.36443E+1	-2.03225E-1	4.36854E-2
5.34700E+11	6.77044E-8	-1.40991E+1	1.12621E-2	-1.96941E-1
5.34875E+11	5.79277E-8	-1.46640E+1	1.79273E-1	4.50279E-2
5.35050E+11	5.00577E-8	-1.51602E+1	-6.41673E-2	1.62358E-1
5.35225E+11	4.81507E-8	-1.54070E+1	-1.56455E-1	-6.56935E-2
5.35400E+11	5.07368E-8	-1.53079E+1	6.50799E-2	-1.58818E-1
5.35575E+11	6.28429E-8	-1.48304E+1	1.61452E-1	8.25541E-2
5.35750E+11	6.89721E-8	-1.46468E+1	-1.15585E-1	1.44713E-1
5.35925E+11	7.45364E-8	-1.46100E+1	-1.08001E-1	-1.51425E-1
5.36100E+11	8.24800E-8	-1.46707E+1	1.76567E-1	-5.42041E-2
5.36275E+11	7.40009E-8	-1.49514E+1	-1.43909E-2	1.78246E-1
5.36450E+11	8.06796E-8	-1.50987E+1	-1.57606E-1	-7.79255E-2
5.36625E+11	6.56115E-8	-1.55323E+1	1.22004E-1	-1.14412E-1
5.36800E+11	6.29720E-8	-1.59249E+1	7.36362E-2	1.41897E-1
5.36975E+11	6.55544E-8	-1.53679E+1	-1.65402E-1	4.11876E-2
5.37150E+11	6.76583E-8	-1.47063E+1	-7.98508E-5	-1.83944E-1
5.37325E+11	6.45729E-8	-1.45489E+1	1.81359E-1	4.68301E-2
5.37500E+11	7.31232E-8	-1.44312E+1	-9.42546E-2	1.64816E-1
5.37675E+11	6.39900E-8	-1.44812E+1	-1.26784E-1	-1.39863E-1
5.37850E+11	6.28110E-8	-1.44760E+1	1.71694E-1	-7.87358E-2
5.38025E+11	6.45757E-8	-1.42837E+1	2.11594E-2	1.91952E-1
5.38200E+11	6.27926E-8	-1.41426E+1	-1.91603E-1	-4.25821E-2
5.38375E+11	7.55485E-8	-1.38640E+1	9.04238E-2	-1.81386E-1
5.38550E+11	8.00410E-8	-1.33244E+1	1.64682E-1	1.39251E-1
5.38725E+11	7.99154E-8	-1.31257E+1	-1.85521E-1	1.19459E-1
5.38900E+11	7.89022E-8	-1.34009E+1	-5.67647E-2	-2.06099E-1
5.39075E+11	7.41194E-8	-1.39052E+1	2.00682E-1	2.04091E-2
5.39250E+11	5.85823E-8	-1.43928E+1	-9.19453E-2	1.67076E-1
5.39425E+11	5.63285E-8	-1.47588E+1	-1.22155E-1	-1.36039E-1
5.39600E+11	5.56958E-8	-1.52523E+1	1.50628E-1	-8.45540E-2
5.39775E+11	5.62386E-8	-1.51203E+1	6.81027E-2	1.61620E-1
5.39950E+11	6.99183E-8	-1.42743E+1	-1.86575E-1	5.06378E-2
5.40125E+11	7.92698E-8	-1.36678E+1	-2.83745E-3	-2.07285E-1
5.40300E+11	8.84113E-8	-1.34965E+1	2.01270E-1	6.47676E-2
5.40475E+11	8.67829E-8	-1.35264E+1	-1.30714E-1	1.65263E-1
5.40650E+11	8.90215E-8	-1.36236E+1	-1.13919E-1	-1.74462E-1
5.40825E+11	8.52575E-8	-1.37223E+1	1.92127E-1	-7.43381E-2
5.41000E+11	8.07949E-8	-1.38030E+1	6.29756E-2	1.94144E-1
5.41175E+11	8.05397E-8	-1.39446E+1	-1.92311E-1	5.77780E-2
5.41350E+11	8.74112E-8	-1.36066E+1	-6.27644E-2	-1.99112E-1
5.41525E+11	9.68630E-8	-1.29293E+1	2.21381E-1	-4.39502E-2
5.41700E+11	1.01940E-7	-1.28492E+1	-3.38668E-3	2.27767E-1
5.41875E+11	9.46308E-8	-1.30832E+1	-2.17925E-1	-4.09360E-2
5.42050E+11	8.94205E-8	-1.33964E+1	6.77486E-2	-2.02872E-1
5.42225E+11	7.62211E-8	-1.34645E+1	1.91210E-1	9.20526E-2
5.42400E+11	7.45711E-8	-1.37435E+1	-1.08866E-1	1.74302E-1
5.42575E+11	6.74160E-8	-1.37164E+1	-1.57867E-1	-1.32571E-1
5.42750E+11	8.48722E-8	-1.32227E+1	1.73752E-1	-1.31998E-1
5.42925E+11	9.66472E-8	-1.24278E+1	6.90245E-2	2.28939E-1
5.43100E+11	1.12166E-7	-1.18601E+1	-2.50982E-1	-4.65766E-2
5.43275E+11	1.33438E-7	-1.19543E+1	1.49130E-1	-2.03772E-1
5.43450E+11	1.15177E-7	-1.22638E+1	1.23543E-1	2.10034E-1
5.43625E+11	9.58251E-8	-1.28547E+1	-2.23028E-1	4.56273E-2
5.43800E+11	8.58044E-8	-1.34593E+1	1.28249E-2	-2.11953E-1
5.43975E+11	7.54072E-8	-1.39517E+1	1.89094E-1	6.70791E-2
5.44150E+11	7.37055E-8	-1.43659E+1	-1.07688E-1	1.58104E-1
5.44325E+11	7.77577E-8	-1.41304E+1	-1.31323E-1	-1.46246E-1
5.44500E+11	8.18540E-8	-1.39113E+1	1.82110E-1	-8.64193E-2
5.44675E+11	8.18382E-8	-1.40454E+1	3.59280E-2	1.95208E-1
5.44850E+11	7.90271E-8	-1.42151E+1	-1.94541E-1	6.38586E-3
5.45025E+11	7.83386E-8	-1.43595E+1	2.11068E-2	-1.90269E-1
5.45200E+11	7.40099E-8	-1.45428E+1	1.81784E-1	4.56914E-2
5.45375E+11	7.24765E-8	-1.46760E+1	-7.17272E-2	1.70080E-1
5.45550E+11	6.70483E-8	-1.46269E+1	-1.61002E-1	-9.24000E-2
5.45725E+11	7.43791E-8	-1.44187E+1	1.22209E-1	-1.45658E-1
5.45900E+11	7.63882E-8	-1.36317E+1	1.24929E-1	1.66515E-1
5.46075E+11	8.20683E-8	-1.30295E+1	-2.08763E-1	7.87219E-2
5.46250E+11	8.61851E-8	-1.31459E+1	-1.98485E-2	-2.19245E-1
5.46425E+11	7.17146E-8	-1.34925E+1	2.07844E-1	3.93205E-2
5.46600E+11	6.22734E-8	-1.38417E+1	-8.69755E-2	1.83640E-1
5.46775E+11	5.77223E-8	-1.42625E+1	-1.49088E-1	-1.23486E-1
5.46950E+11	4.37509E-8	-1.45866E+1	1.58379E-1	-9.84728E-2
5.47125E+11	4.12488E-8	-1.45148E+1	4.92199E-2	1.81489E-1
5.47300E+11	3.88500E-8	-1.42226E+1	-1.93299E-1	-2.13823E-2
5.47475E+11	3.70863E-8	-1.40785E+1	8.49630E-2	-1.78547E-1
5.47650E+11	3.52961E-8	-1.41901E+1	1.46537E-1	1.28967E-1
5.47825E+11	3.32169E-8	-1.43021E+1	-1.52583E-1	1.17702E-1
5.48000E+11	2.69662E-8	-1.44753E+1	-8.36029E-2	-1.69393E-1
5.48175E+11	2.80437E-8	-1.49685E+1	1.72810E-1	-4.46063E-2
5.48350E+11	2.45770E-8	-1.51833E+1	8.38779E-3	1.73913E-1
5.48525E+11	2.46283E-8	-1.54401E+1	-1.67800E-1	-2.04570E-2
5.48700E+11	2.34961E-8	-1.53863E+1	4.90865E-2	-1.62856E-1
5.48875E+11	2.77210E-8	-1.48860E+1	1.61229E-1	8.04330E-2
5.49050E+11	2.84535E-8	-1.48407E+1	-1.14679E-1	1.40190E-1
5.49225E+11	2.72495E-8	-1.52185E+1	-1.18454E-1	-1.26648E-1
5.49400E+11	2.86624E-8	-1.56202E+1	1.38551E-1	-9.06533E-2
5.49575E+11	2.64110E-8	-1.60946E+1	5.97395E-2	1.44945E-1
5.49750E+11	2.19628E-8	-1.66407E+1	-1.44992E-1	2.55095E-2
5.49925E+11	2.03681E-8	-1.70195E+1	5.38119E-3	-1.40834E-1
5.50100E+11	1.91787E-8	-1.72180E+1	1.33645E-1	3.33857E-2
5.50275E+11	2.32431E-8	-1.71959E+1	-5.81807E-2	1.25251E-1
5.50450E+11	2.15159E-8	-1.71502E+1	-1.09782E-1	-8.49839E-2
5.50625E+11	2.49056E-8	-1.72167E+1	1.05302E-1	-8.88428E-2
5.50800E+11	2.43536E-8	-1.73331E+1	6.06479E-2	1.21661E-1
5.50975E+11	2.31246E-8	-1.77338E+1	-1.26685E-1	2.83118E-2
5.51150E+11	2.27887E-8	-1.78340E+1	4.04492E-3	-1.28258E-1
5.51325E+11	2.25650E-8	-1.81817E+1	1.19776E-1	2.92080E-2
5.51500E+11	2.10581E-8	-1.84099E+1	-4.47223E-2	1.11452E-1
5.51675E+11	2.32204E-8	-1.82799E+1	-1.06094E-1	-6.00322E-2
5.51850E+11	2.20987E-8	-1.81418E+1	7.98565E-2	-9.46710E-2
5.52025E+11	2.04865E-8	-1.82849E+1	7.06036E-2	9.92861E-2
5.52200E+11	1.96428E-8	-1.86813E+1	-1.07012E-1	4.57871E-2
5.52375E+11	1.90580E-8	-1.91976E+1	-2.32923E-2	-1.07176E-1
5.52550E+11	1.62530E-8	-1.97500E+1	1.02898E-1	-2.14041E-3
5.52725E+11	1.50874E-8	-2.07047E+1	-1.26419E-2	9.13364E-2
5.52900E+11	1.24055E-8	-2.12245E+1	-8.14876E-2	-3.00478E-2
5.53075E+11	1.08722E-8	-2.18323E+1	4.77707E-2	-6.53909E-2
5.53250E+11	9.48165E-9	-2.24944E+1	4.59994E-2	5.92853E-2
5.53425E+11	7.82003E-9	-2.30552E+1	-6.66884E-2	2.23886E-2
5.53600E+11	7.03541E-9	-2.37249E+1	3.78368E-3	-6.50162E-2
5.53775E+11	5.64384E-9	-2.44985E+1	5.46239E-2	2.37828E-2
5.53950E+11	4.04083E-9	-2.55177E+1	-3.86084E-2	3.62810E-2
5.54125E+11	3.74099E-9	-2.62525E+1	-1.70234E-2	-4.56096E-2
5.54300E+11	2.79573E-9	-2.72838E+1	4.31790E-2	2.14983E-3
5.54475E+11	2.50481E-9	-2.79159E+1	-1.41063E-2	3.76415E-2
5.54650E+11	1.84769E-9	-2.89257E+1	-2.89721E-2	-2.10063E-2
5.54825E+11	1.53763E-9	-3.01071E+1	2.53334E-2	-1.82721E-2
5.55000E+11	1.19054E-9	-3.07825E+1	1.06478E-2	2.68654E-2
5.55175E+11	9.21394E-10	-3.17493E+1	-2.58488E-2	-5.38873E-4
5.55350E+11	6.35867E-10	-3.29448E+1	7.00772E-3	-2.14124E-2
5.55525E+11	4.76992E-10	-3.45085E+1	1.37647E-2	1.28317E-2
5.55700E+11	4.51142E-10	-3.45264E+1	-1.67754E-2	8.44091E-3
5.55875E+11	4.34074E-10	-3.45606E+1	-3.46761E-3	-1.83813E-2
5.56050E+11	3.28965E-10	-3.56858E+1	1.63633E-2	1.50848E-3
5.56225E+11	2.42398E-10	-3.67710E+1	-6.75127E-3	1.28356E-2
5.56400E+11	2.07166E-10	-3.69967E+1	-7.81034E-3	-1.17762E-2
5.56575E+11	1.54897E-10	-3.85356E+1	1.17974E-2	-9.59869E-4
5.56750E+11	1.69224E-10	-3.82100E+1	-5.03009E-3	1.12119E-2
5.56925E+11	1.70054E-10	-3.82682E+1	-7.15595E-3	-9.88893E-3
5.57100E+11	1.48671E-10	-3.79895E+1	1.20849E-2	-3.58199E-3
5.57275E+11	1.48520E-10	-3.84527E+1	-1.53826E-3	1.18505E-2
5.57450E+11	1.83269E-10	-3.74338E+1	-1.17755E-2	-6.47285E-3
5.57625E+11	1.75620E-10	-3.74488E+1	1.15929E-2	-6.74836E-3
5.57800E+11	1.73927E-10	-3.72287E+1	1.66386E-3	1.36573E-2
5.57975E+11	2.15460E-10	-3.64209E+1	-1.48039E-2	-2.97163E-3
5.58150E+11	2.97297E-10	-3.55865E+1	8.44130E-3	-1.43186E-2
5.58325E+11	3.03893E-10	-3.54007E+1	1.32582E-2	1.06102E-2
5.58500E+11	4.70968E-10	-3.38478E+1	-1.35993E-2	1.50787E-2
5.58675E+11	4.96267E-10	-3.34664E+1	-1.49941E-2	-1.50109E-2
5.58850E+11	6.47748E-10	-3.23580E+1	2.17997E-2	-1.02858E-2
5.59025E+11	7.80980E-10	-3.14523E+1	1.01654E-3	2.67345E-2
5.59200E+11	1.09925E-9	-3.02217E+1	-2.95275E-2	-8.85173E-3
5.59375E+11	1.31266E-9	-2.95445E+1	1.55959E-2	-2.94507E-2
5.59550E+11	1.81878E-9	-2.87910E+1	2.99694E-2	2.05626E-2
5.59725E+11	2.21431E-9	-2.79443E+1	-2.20398E-2	3.34606E-2
5.59900E+11	2.86651E-9	-2.68207E+1	-3.39352E-2	-3.04589E-2
5.60075E+11	3.37123E-9	-2.62873E+1	4.00727E-2	-2.73002E-2
5.60250E+11	4.67331E-9	-2.52725E+1	1.27149E-2	5.29930E-2
5.60425E+11	6.43030E-9	-2.44092E+1	-5.98567E-2	-6.34848E-3
5.60600E+11	6.47017E-9	-2.38554E+1	2.00822E-2	-6.09308E-2
5.60775E+11	7.40710E-9	-2.31322E+1	6.41252E-2	2.73786E-2
5.60950E+11	8.98878E-9	-2.23579E+1	-2.91874E-2	7.04172E-2
5.61125E+11	9.00393E-9	-2.16642E+1	-7.37766E-2	-3.70641E-2
5.61300E+11	1.12938E-8	-2.08318E+1	5.81829E-2	-6.97972E-2
5.61475E+11	1.39549E-8	-1.99498E+1	4.68014E-2	8.90271E-2
5.61650E+11	1.76355E-8	-1.91767E+1	-1.09464E-1	1.02508E-2
5.61825E+11	1.87453E-8	-1.87968E+1	1.37967E-2	-1.14026E-1
5.62000E+11	2.06784E-8	-1.83243E+1	1.19165E-1	2.25461E-2
5.62175E+11	2.07730E-8	-1.79722E+1	-2.45322E-2	1.23891E-1
5.62350E+11	2.30148E-8	-1.77787E+1	-1.25797E-1	-2.92031E-2
5.62525E+11	2.30476E-8	-1.76073E+1	5.14824E-2	-1.21237E-1
5.62700E+11	2.45641E-8	-1.71041E+1	1.07416E-1	8.91169E-2
5.62875E+11	2.77560E-8	-1.67276E+1	-1.21638E-1	8.03029E-2
5.63050E+11	2.97509E-8	-1.63753E+1	-5.01410E-2	-1.43267E-1
5.63225E+11	3.34696E-8	-1.61355E+1	1.53863E-1	-2.59489E-2
5.63400E+11	3.58741E-8	-1.61408E+1	1.89085E-2	1.54791E-1
5.63575E+11	3.35937E-8	-1.62604E+1	-1.52953E-1	-1.62050E-2
5.63750E+11	3.73717E-8	-1.63381E+1	6.95571E-2	-1.35645E-1
5.63925E+11	3.63637E-8	-1.63805E+1	9.34603E-2	1.19485E-1
5.64100E+11	3.74420E-8	-1.63204E+1	-1.46392E-1	4.36064E-2
5.64275E+11	4.01459E-8	-1.58344E+1	-5.21567E-3	-1.61455E-1
5.64450E+11	4.96340E-8	-1.54180E+1	1.68318E-1	1.97445E-2
5.64625E+11	4.82030E-8	-1.51875E+1	-2.92895E-2	1.71549E-1
5.64800E+11	5.19079E-8	-1.50355E+1	-1.67684E-1	-5.69863E-2
5.64975E+11	5.48733E-8	-1.49301E+1	1.05425E-1	-1.44989E-1
5.65150E+11	4.97639E-8	-1.49205E+1	8.49950E-2	1.58059E-1
5.65325E+11	5.21689E-8	-1.49203E+1	-1.79386E-1	5.42070E-3
5.65500E+11	4.81390E-8	-1.48979E+1	5.96184E-2	-1.69767E-1
5.65675E+11	5.15163E-8	-1.45343E+1	1.58968E-1	9.96565E-2
5.65850E+11	5.41972E-8	-1.40298E+1	-1.30183E-1	1.50304E-1
5.66025E+11	5.56274E-8	-1.33282E+1	-1.19733E-1	-1.79263E-1
5.66200E+11	5.78554E-8	-1.30579E+1	2.18695E-1	-4.03411E-2
5.66375E+11	5.82524E-8	-1.31011E+1	-5.88663E-2	2.13308E-1
5.66550E+11	5.83397E-8	-1.29945E+1	-1.71104E-1	-1.44586E-1
5.66725E+11	5.27817E-8	-1.30095E+1	1.91809E-1	-1.14974E-1
5.66900E+11	5.19684E-8	-1.31008E+1	7.26981E-2	2.09007E-1
5.67075E+11	4.74087E-8	-1.29108E+1	-2.22402E-1	4.11804E-2
5.67250E+11	5.47741E-8	-1.23469E+1	1.15874E-2	-2.41076E-1
5.67425E+11	6.96475E-8	-1.18661E+1	2.30421E-1	1.09444E-1
5.67600E+11	7.07590E-8	-1.17148E+1	-2.08781E-1	1.54236E-1
5.67775E+11	6.78177E-8	-1.17145E+1	-5.67972E-2	-2.53293E-1
5.67950E+11	6.45292E-8	-1.21500E+1	2.46824E-1	5.59414E-3
5.68125E+11	6.17277E-8	-1.25971E+1	-1.35695E-2	2.34109E-1
5.68300E+11	6.07947E-8	-1.30237E+1	-2.22755E-1	-1.50424E-2
5.68475E+11	5.27584E-8	-1.33432E+1	7.27171E-3	-2.15077E-1
5.68650E+11	5.99859E-8	-1.32752E+1	2.16475E-1	1.34298E-2
5.68825E+11	6.52995E-8	-1.25156E+1	-7.71612E-2	2.23782E-1
5.69000E+11	7.59159E-8	-1.23363E+1	-1.76469E-1	-1.65085E-1
5.69175E+11	7.13842E-8	-1.25254E+1	1.99164E-1	-1.27435E-1
5.69350E+11	7.25949E-8	-1.27705E+1	1.13279E-1	2.00015E-1
5.69525E+11	7.42391E-8	-1.28956E+1	-2.00405E-1	1.05716E-1
5.69700E+11	7.00485E-8	-1.30750E+1	-6.46616E-2	-2.12320E-1
5.69875E+11	6.68015E-8	-1.33638E+1	2.14424E-1	1.06922E-2
5.70050E+11	6.93507E-8	-1.31823E+1	-1.16958E-1	1.85416E-1
5.70225E+11	8.77793E-8	-1.24239E+1	-9.69846E-2	-2.18684E-1
5.70400E+11	1.01297E-7	-1.19865E+1	2.48900E-1	3.66212E-2
5.70575E+11	1.02574E-7	-1.17648E+1	-1.41006E-1	2.16157E-1
5.70750E+11	1.05950E-7	-1.19189E+1	-1.59496E-1	-1.97095E-1
5.70925E+11	1.01094E-7	-1.21389E+1	2.33224E-1	-8.19511E-2
5.71100E+11	1.02028E-7	-1.22357E+1	-4.03934E-2	2.41103E-1
5.71275E+11	9.46446E-8	-1.23053E+1	-1.67973E-1	-1.74923E-1
5.71450E+11	8.46739E-8	-1.23020E+1	2.37563E-1	-4.91972E-2
5.71625E+11	1.00999E-7	-1.17552E+1	-5.91914E-2	2.51498E-1
5.71800E+11	1.05800E-7	-1.10456E+1	-2.33167E-1	-1.55678E-1
5.71975E+11	1.02342E-7	-1.08776E+1	2.32033E-1	-1.66923E-1
5.72150E+11	1.03619E-7	-1.09305E+1	8.41462E-2	2.71356E-1
5.72325E+11	9.68658E-8	-1.10395E+1	-2.80510E-1	-5.31765E-3
5.72500E+11	8.11763E-8	-1.13575E+1	9.23048E-2	-2.54237E-1
5.72675E+11	7.83286E-8	-1.16063E+1	2.18190E-1	1.46548E-1
5.72850E+11	6.42503E-8	-1.19658E+1	-1.54528E-1	1.99288E-1
5.73025E+11	7.03914E-8	-1.17658E+1	-2.01469E-1	-1.61252E-1
5.73200E+11	7.81090E-8	-1.14436E+1	1.95133E-1	-1.83421E-1
5.73375E+11	7.83168E-8	-1.13952E+1	1.19148E-1	2.41510E-1
5.73550E+11	7.90274E-8	-1.15148E+1	-2.65370E-1	1.15447E-2
5.73725E+11	7.48081E-8	-1.17751E+1	9.56708E-2	-2.39367E-1
5.73900E+11	6.92347E-8	-1.20509E+1	1.98884E-1	1.51016E-1
5.74075E+11	7.53324E-8	-1.22544E+1	-1.63932E-1	1.80645E-1
5.74250E+11	6.60150E-8	-1.26936E+1	-1.78791E-1	-1.47701E-1
5.74425E+11	6.16345E-8	-1.30875E+1	1.34548E-1	-1.76113E-1
5.74600E+11	7.54251E-8	-1.24021E+1	1.55325E-1	1.82731E-1
5.74775E+11	9.49174E-8	-1.15756E+1	-2.61253E-1	3.63386E-2
5.74950E+11	9.14077E-8	-1.14617E+1	1.39131E-1	-2.28174E-1
5.75125E+11	1.04796E-7	-1.14890E+1	1.25710E-1	2.34885E-1
5.75300E+11	9.07873E-8	-1.18775E+1	-2.51579E-1	4.01174E-2
5.75475E+11	8.75014E-8	-1.20839E+1	-7.47703E-3	-2.48663E-1
5.75650E+11	7.79852E-8	-1.22137E+1	2.44945E-1	8.29149E-3
5.75825E+11	6.62225E-8	-1.24809E+1	-3.30349E-2	2.35351E-1
5.76000E+11	7.19438E-8	-1.20914E+1	-2.26963E-1	-1.01336E-1
5.76175E+11	6.66056E-9	-1.13805E+1	1.90011E-1	-1.91481E-1
5.76350E+11	4.18140E-9	-1.09031E+1	-2.39019E-1	-1.55223E-1
5.76525E+11	5.95221E-9	-1.06609E+1	2.15873E-1	-1.98200E-1
5.76700E+11	6.06740E-9	-1.07907E+1	1.67770E-1	2.34963E-1
5.76875E+11	6.43799E-9	-1.10516E+1	-2.46769E-1	1.32665E-1
5.77050E+11	6.77863E-9	-1.12880E+1	-1.12147E-1	-2.48515E-1
5.77225E+11	5.83176E-9	-1.17777E+1	2.56369E-1	-2.61649E-2
5.77400E+11	4.87974E-9	-1.15805E+1	-8.83771E-2	2.48362E-1
5.77575E+11	8.68406E-9	-1.06718E+1	-2.36470E-1	-1.72484E-1
5.77750E+11	9.04901E-9	-1.04538E+1	2.10536E-1	-2.13901E-1
5.77925E+11	1.01203E-8	-1.06710E+1	2.24298E-1	1.88080E-1
5.78100E+11	6.31134E-9	-1.12016E+1	-1.60533E-1	2.23740E-1
5.78275E+11	6.14454E-9	-1.17730E+1	-1.98852E-1	-1.64132E-1
5.78450E+11	7.39119E-9	-1.21311E+1	2.10542E-1	-1.29966E-1
5.78625E+11	7.59962E-9	-1.23631E+1	1.73116E-2	2.40282E-1
5.78800E+11	5.73762E-9	-1.29776E+1	-2.14873E-1	-6.48606E-2
5.78975E+11	6.73880E-9	-1.25908E+1	9.16425E-2	-2.16038E-1
5.79150E+11	7.02438E-9	-1.17902E+1	2.40840E-1	9.06362E-2
5.79325E+11	3.97983E-9	-1.13632E+1	-9.82151E-2	2.51822E-1
5.79500E+11	7.47993E-9	-1.12614E+1	-2.39793E-1	-1.31501E-1
5.79675E+11	7.67652E-9	-1.15624E+1	2.08051E-1	-1.62787E-1
5.79850E+11	7.88617E-9	-1.18821E+1	5.50438E-2	2.48602E-1
5.80025E+11	6.66354E-9	-1.21010E+1	-2.45682E-1	-3.58600E-2
5.80200E+11	1.08757E-8	-1.22578E+1	7.46348E-2	-2.32140E-1
5.80375E+11	7.98345E-9	-1.21279E+1	2.38056E-1	6.77779E-2
5.80550E+11	1.04909E-8	-1.13332E+1	-9.74852E-2	2.53108E-1
5.80725E+11	7.24884E-9	-1.13050E+1	-2.09002E-1	-1.74254E-1
5.80900E+11	7.22062E-9	-1.14355E+1	2.48475E-1	-1.00566E-1
5.81075E+11	6.56512E-9	-1.19293E+1	-4.66503E-2	2.48909E-1
5.81250E+11	5.67265E-9	-1.17279E+1	-2.06699E-1	-1.56370E-1
5.81425E+11	2.82122E-9	-1.17706E+1	1.98853E-1	-1.64242E-1
5.81600E+11	5.08875E-9	-1.22020E+1	1.41898E-1	2.00235E-1
5.81775E+11	3.62080E-9	-1.23729E+1	-1.97278E-1	1.37788E-1
5.81950E+11	9.49294E-9	-1.13050E+1	-1.33399E-1	-2.37171E-1
5.82125E+11	7.64750E-9	-1.03119E+1	3.03937E-1	-2.63146E-2
5.82300E+11	1.14923E-8	-1.01447E+1	-1.47778E-1	2.73653E-1
5.82475E+11	8.52618E-9	-1.04474E+1	-1.64059E-1	-2.51587E-1
5.82650E+11	5.54548E-9	-1.10190E+1	2.75639E-1	-5.57563E-2
5.82825E+11	3.94069E-9	-1.14498E+1	-1.33391E-2	2.67283E-1
5.83000E+11	4.94384E-9	-1.17072E+1	-2.50439E-1	-6.91193E-2
5.83175E+11	6.68901E-9	-1.21730E+1	1.24655E-1	-2.12351E-1
5.83350E+11	4.17846E-9	-1.22892E+1	1.70039E-1	1.73546E-1
5.83525E+11	6.43063E-9	-1.18298E+1	-2.24381E-1	1.23576E-1
5.83700E+11	6.20513E-9	-1.20440E+1	-6.41479E-2	-2.41545E-1
5.83875E+11	4.58180E-9	-1.24861E+1	2.36107E-1	-2.58461E-2
5.84050E+11	5.86504E-9	-1.24271E+1	-7.37780E-3	2.39022E-1
5.84225E+11	5.29195E-9	-1.28055E+1	-2.22801E-1	-5.26642E-2
5.84400E+11	3.75399E-9	-1.31063E+1	1.20858E-1	-1.85202E-1
5.84575E+11	4.83387E-9	-1.30594E+1	1.13507E-1	1.91192E-1
5.84750E+11	7.02443E-9	-1.28291E+1	-2.20577E-1	5.89590E-2
5.84925E+11	5.25749E-9	-1.17690E+1	-1.62416E-2	-2.57447E-1
5.85100E+11	5.31208E-9	-1.17027E+1	2.59341E-1	1.75624E-2
5.85275E+11	7.75499E-9	-1.18558E+1	-4.73892E-2	2.50958E-1
5.85450E+11	6.10948E-9	-1.20642E+1	-2.22249E-1	-1.13028E-1
5.85625E+11	6.02011E-9	-1.23283E+1	1.86390E-1	-1.54146E-1
5.85800E+11	4.39959E-9	-1.24251E+1	6.38187E-2	2.30519E-1
5.85975E+11	5.90774E-9	-1.25278E+1	-2.33871E-1	-3.43450E-2
5.86150E+11	4.33042E-9	-1.28127E+1	6.42249E-2	-2.19552E-1
5.86325E+11	4.55336E-9	-1.23793E+1	2.36180E-1	4.51355E-2
5.86500E+11	5.15782E-9	-1.21004E+1	-4.77979E-2	2.43656E-1
5.86675E+11	6.62764E-9	-1.17040E+1	-2.44685E-1	-8.76070E-2
5.86850E+11	4.75557E-9	-1.16024E+1	1.80788E-1	-1.90948E-1
5.87025E+11	5.81323E-9	-1.17412E+1	8.83528E-2	2.43237E-1
5.87200E+11	4.21793E-9	-1.19438E+1	-2.52619E-1	1.00570E-2
5.87375E+11	4.83726E-9	-1.22596E+1	-2.12331E-3	-2.43783E-1
5.87550E+11	5.63688E-9	-1.25318E+1	2.34618E-1	-2.78973E-2
5.87725E+11	4.86906E-9	-1.22563E+1	3.08349E-2	2.41929E-1
5.87900E+11	6.55446E-9	-1.19837E+1	-2.51510E-1	-8.67208E-3
5.88075E+11	6.28759E-9	-1.20308E+1	1.24018E-1	-2.17414E-1
5.88250E+11	4.10499E-9	-1.19445E+1	1.02159E-1	2.31238E-1
5.88425E+11	3.46354E-9	-1.25950E+1	-2.31974E-1	-3.47213E-2
5.88600E+11	4.18200E-9	-1.29568E+1	9.79028E-2	-2.02572E-1
5.88775E+11	5.41779E-9	-1.32291E+1	1.91651E-1	1.03990E-1
5.88950E+11	3.04702E-9	-1.37586E+1	-8.91211E-2	1.84780E-1
5.89125E+11	4.90157E-9	-1.33529E+1	-1.82359E-1	-1.13806E-1
5.89300E+11	6.06853E-9	-1.28506E+1	1.89644E-1	-1.26125E-1
5.89475E+11	3.88647E-9	-1.22913E+1	-4.52815E-3	2.42862E-1
5.89650E+11	7.47312E-9	-1.24250E+1	-1.88595E-1	-1.47125E-1
5.89825E+11	4.71389E-9	-1.26456E+1	2.00470E-1	-1.19128E-1
5.90000E+11	6.31039E-9	-1.30978E+1	8.23518E-2	2.05477E-1
5.90175E+11	4.67062E-9	-1.35581E+1	-2.02696E-1	5.46689E-2
5.90350E+11	3.77934E-9	-1.41241E+1	-1.08584E-2	-1.96396E-1
5.90525E+11	2.93091E-9	-1.41171E+1	1.87493E-1	5.99856E-2
5.90700E+11	3.40140E-9	-1.42577E+1	-1.22152E-1	1.50321E-1
5.90875E+11	3.96362E-9	-1.33969E+1	-1.29439E-1	-1.70256E-1
5.91050E+11	4.49024E-9	-1.32517E+1	1.70906E-1	-1.34489E-1
5.91225E+11	3.70195E-9	-1.36365E+1	1.68958E-1	1.21408E-1
5.91400E+11	4.20229E-9	-1.37531E+1	-7.51174E-2	1.91043E-1
5.91575E+11	5.67900E-9	-1.39632E+1	-1.80588E-1	-8.68174E-2
5.91750E+11	3.84296E-9	-1.37021E+1	1.69562E-1	-1.17839E-1
5.91925E+11	2.35196E-9	-1.36954E+1	-3.83623E-2	2.03055E-1
5.92100E+11	3.26426E-9	-1.34512E+1	-1.19004E-1	-1.76100E-1
5.92275E+11	3.86198E-9	-1.25399E+1	2.35376E-1	-1.78465E-2
5.92450E+11	4.19922E-9	-1.25332E+1	-2.46064E-2	2.34948E-1
5.92625E+11	3.94214E-9	-1.25836E+1	-2.31842E-1	-3.75721E-2
5.92800E+11	3.85953E-9	-1.31586E+1	5.36953E-2	-2.13161E-1
5.92975E+11	2.83710E-9	-1.39278E+1	1.71856E-1	1.04610E-1
5.93150E+11	2.83252E-9	-1.44469E+1	-1.65613E-1	9.21430E-2
5.93325E+11	2.88601E-9	-1.51191E+1	7.19392E-3	-1.75258E-1
5.93500E+11	1.40412E-9	-1.52934E+1	1.52621E-1	7.91455E-2
5.93675E+11	2.15016E-9	-1.49790E+1	-1.21768E-1	1.30187E-1
5.93850E+11	2.21661E-9	-1.42468E+1	-1.06050E-1	-1.62373E-1
5.94025E+11	2.77617E-9	-1.45167E+1	1.78522E-1	-5.89536E-2
5.94200E+11	2.03157E-9	-1.47000E+1	-1.20713E-2	1.83682E-1
5.94375E+11	2.36932E-9	-1.47493E+1	-1.59974E-1	-8.89387E-2
5.94550E+11	2.42235E-9	-1.51496E+1	1.25678E-1	-1.21478E-1
5.94725E+11	2.44575E-9	-1.52618E+1	1.08961E-1	1.33792E-1
5.94900E+11	2.99689E-9	-1.53479E+1	-1.25043E-1	1.16417E-1
5.95075E+11	3.32379E-9	-1.54889E+1	-1.19573E-1	-1.18145E-1
5.95250E+11	2.38389E-9	-1.52001E+1	1.44127E-1	-9.70892E-2
5.95425E+11	3.13699E-9	-1.51688E+1	4.58431E-2	1.68272E-1
5.95600E+11	4.24038E-9	-1.50956E+1	-1.71743E-1	-3.79288E-2
5.95775E+11	3.76435E-9	-1.55884E+1	1.08870E-1	-1.25553E-1
5.95950E+11	2.11516E-9	-1.62775E+1	7.38114E-2	1.34595E-1
5.96125E+11	2.59464E-9	-1.67548E+1	-1.33876E-1	5.64695E-2
5.96300E+11	2.75192E-9	-1.66587E+1	-4.40080E-2	-1.40168E-1
5.96475E+11	1.63875E-9	-1.63315E+1	1.50549E-1	-2.46542E-2
5.96650E+11	1.70369E-9	-1.61411E+1	-1.42232E-2	1.55286E-1
5.96825E+11	1.96651E-9	-1.52950E+1	-1.59156E-1	-6.49249E-2
5.97000E+11	1.71591E-9	-1.56721E+1	1.02651E-1	-1.28652E-1
5.97175E+11	2.21843E-9	-1.54801E+1	1.08067E-1	1.28976E-1
5.97350E+11	2.28627E-9	-1.55041E+1	-1.45554E-1	8.34954E-2
5.97525E+11	2.34184E-9	-1.58079E+1	-5.39551E-2	-1.52787E-1
5.97700E+11	1.24177E-9	-1.61969E+1	1.54600E-1	-1.01996E-2
5.97875E+11	1.78230E-9	-1.59857E+1	-4.61224E-2	1.51902E-1
5.98050E+11	2.02761E-9	-1.61891E+1	-1.28642E-1	-8.66024E-2
5.98225E+11	2.27401E-9	-1.58752E+1	1.20378E-1	-1.06583E-1
5.98400E+11	2.55266E-9	-1.58530E+1	6.94643E-2	1.45459E-1
5.98575E+11	1.82853E-9	-1.57704E+1	-1.61070E-1	2.32240E-2
5.98750E+11	2.13290E-9	-1.65434E+1	4.19109E-2	-1.42858E-1
5.98925E+11	2.12495E-9	-1.66769E+1	1.00336E-1	1.06895E-1
5.99100E+11	2.65687E-9	-1.71247E+1	-1.37232E-1	2.35659E-2
5.99275E+11	1.51502E-9	-1.69703E+1	4.08083E-2	-1.35736E-1
5.99450E+11	2.60040E-9	-1.68074E+1	1.22659E-1	7.62389E-2
5.99625E+11	1.11339E-9	-1.68667E+1	-1.02078E-1	1.00770E-1
5.99800E+11	2.05032E-9	-1.69117E+1	-7.56056E-2	-1.21021E-1
5.99975E+11	1.17604E-9	-1.71995E+1	1.34903E-1	-2.92914E-2
6.00150E+11	1.79606E-9	-1.73577E+1	-2.71180E-2	1.32815E-1
6.00325E+11	1.67397E-9	-1.80773E+1	-9.63312E-2	-7.93070E-2
6.00500E+11	1.62942E-9	-1.87740E+1	9.81724E-2	-6.01994E-2
6.00675E+11	1.39381E-9	-1.89094E+1	5.62366E-2	9.84487E-2
6.00850E+11	1.15337E-9	-1.86332E+1	-9.98079E-2	6.11315E-2
6.01025E+11	1.16672E-9	-1.89931E+1	-5.73006E-2	-9.65714E-2
6.01200E+11	1.79107E-9	-1.85883E+1	1.15373E-1	-2.30248E-2
6.01375E+11	1.59149E-9	-1.83046E+1	-3.51913E-2	1.16348E-1
6.01550E+11	1.15517E-9	-1.83366E+1	-8.01380E-2	-9.08015E-2
6.01725E+11	1.34954E-9	-1.86511E+1	1.12068E-1	-3.29130E-2
6.01900E+11	1.25705E-9	-1.90876E+1	1.37777E-2	1.10218E-1
6.02075E+11	1.01041E-9	-1.91500E+1	-1.08704E-1	1.85845E-2
6.02250E+11	8.73011E-10	-1.91738E+1	-2.86764E-2	-1.06175E-1
6.02425E+11	8.79430E-10	-1.92252E+1	1.07458E-1	-2.01468E-2
6.02600E+11	1.17780E-9	-1.91167E+1	-2.77487E-2	1.07171E-1
6.02775E+11	8.32914E-10	-1.93098E+1	-6.36905E-2	-8.75558E-2
6.02950E+11	8.27486E-10	-1.95260E+1	1.04172E-1	1.73626E-2
6.03125E+11	8.29383E-10	-2.00148E+1	-6.75362E-2	7.35172E-2
6.03300E+11	6.41271E-10	-2.08774E+1	-3.78310E-2	-8.20941E-2
6.03475E+11	5.71497E-10	-2.05225E+1	9.12615E-2	-2.31912E-2
6.03650E+11	8.76364E-10	-2.02512E+1	1.34741E-2	9.62110E-2
6.03825E+11	5.50577E-10	-2.05778E+1	-9.34563E-2	4.49629E-3
6.04000E+11	5.19011E-10	-2.06607E+1	4.10642E-3	-9.25840E-2
6.04175E+11	4.98753E-10	-2.00013E+1	9.99844E-2	2.80136E-4
6.04350E+11	6.89757E-10	-2.04593E+1	-1.93399E-2	9.28569E-2
6.04525E+11	3.84667E-10	-2.11482E+1	-7.81490E-2	-3.96171E-2
6.04700E+11	5.02754E-10	-2.11114E+1	5.84108E-2	-6.58051E-2
6.04875E+11	6.69069E-10	-2.15846E+1	5.00288E-2	6.66339E-2
6.05050E+11	4.30553E-10	-2.20841E+1	-7.14528E-2	3.29094E-2
6.05225E+11	4.24175E-10	-2.25871E+1	-1.72785E-2	-7.22026E-2
6.05400E+11	5.70676E-10	-2.25849E+1	7.42568E-2	-6.93884E-4
6.05575E+11	5.58533E-10	-2.30729E+1	-7.98111E-3	6.97477E-2
6.05750E+11	5.85020E-10	-2.27365E+1	-6.98990E-2	-2.09633E-2
6.05925E+11	4.56985E-10	-2.35261E+1	2.44357E-2	-6.19917E-2
6.06100E+11	2.20515E-10	-2.43711E+1	5.37255E-2	2.77229E-2
6.06275E+11	3.75580E-10	-2.42868E+1	-3.17433E-2	5.21446E-2
6.06450E+11	3.23981E-10	-2.47165E+1	-4.44924E-2	-3.73629E-2
6.06625E+11	3.15446E-10	-2.46432E+1	4.28190E-2	-3.99948E-2
6.06800E+11	2.59473E-10	-2.48248E+1	3.07164E-2	4.84662E-2
6.06975E+11	3.05767E-10	-2.44841E+1	-5.66938E-2	1.86258E-2
6.07150E+11	3.19875E-10	-2.50250E+1	-3.11056E-3	-5.59863E-2
6.07325E+11	2.22004E-10	-2.50716E+1	5.50180E-2	9.14166E-3
6.07500E+11	2.26650E-10	-2.53297E+1	-1.36461E-2	5.23918E-2
6.07675E+11	3.10371E-10	-2.57105E+1	-4.68640E-2	-2.21091E-2
6.07850E+11	1.36733E-10	-2.64310E+1	2.94959E-2	-3.74772E-2
6.08025E+11	2.03782E-10	-2.67117E+1	4.02885E-2	2.25626E-2
6.08200E+11	1.20395E-10	-2.71866E+1	-1.78641E-2	3.99025E-2
6.08375E+11	7.55845E-11	-2.62509E+1	-4.53057E-2	-1.78409E-2
6.08550E+11	2.66672E-10	-2.72920E+1	2.04036E-2	-3.80688E-2
6.08725E+11	1.94987E-10	-2.74342E+1	3.23798E-2	2.75132E-2
6.08900E+11	1.20406E-10	-2.93230E+1	-2.74064E-2	2.04347E-2
6.09075E+11	1.06612E-10	-2.89371E+1	-1.80321E-2	-3.08566E-2
6.09250E+11	9.90450E-11	-2.91908E+1	3.22358E-2	-1.28708E-2
6.09425E+11	7.24181E-11	-3.04153E+1	2.59060E-3	3.00349E-2
6.09600E+11	7.04932E-11	-3.13034E+1	-2.65039E-2	6.18593E-3
6.09775E+11	7.76827E-11	-3.02852E+1	1.08790E-3	-3.05819E-2
6.09950E+11	5.28841E-11	-3.24457E+1	2.22394E-2	8.64990E-3
6.10125E+11	2.84491E-11	-3.30366E+1	-1.26795E-2	1.83360E-2
6.10300E+11	3.71686E-11	-3.35431E+1	-1.01513E-2	-1.84181E-2
6.10475E+11	3.20625E-11	-3.53160E+1	1.68682E-2	-3.08203E-3
6.10650E+11	2.20008E-11	-3.58400E+1	-2.21772E-3	1.59906E-2
6.10825E+11	5.33706E-12	-4.06812E+1	-7.13091E-3	-5.88498E-3
6.11000E+11	9.89411E-12	-3.80827E+1	8.10130E-3	-9.47983E-3
6.11175E+11	6.96485E-12	-4.17407E+1	-2.90179E-4	8.17886E-3
6.11350E+11	1.61237E-12	-4.69251E+1	-3.45880E-3	-2.88725E-3
6.11525E+11	7.28345E-13	-4.90964E+1	1.61876E-3	-3.11328E-3
6.11700E+11	3.97070E-12	-4.38706E+1	1.84910E-3	6.13153E-3
6.11875E+11	2.41455E-13	-5.49730E+1	-1.15778E-3	-1.35703E-3
6.12050E+11	2.89627E-12	-4.47970E+1	4.65752E-3	-3.38283E-3
6.12225E+11	9.06238E-12	-4.09017E+1	4.01996E-4	9.00493E-3
6.12400E+11	2.11723E-11	-3.63866E+1	-1.18569E-2	-9.44512E-3
6.12575E+11	2.03576E-11	-3.54711E+1	1.51853E-2	-7.28882E-3
6.12750E+11	1.80037E-11	-3.71161E+1	-1.22955E-3	1.38835E-2
6.12925E+11	2.34802E-11	-3.46790E+1	-1.65251E-2	-8.21033E-3
6.13100E+11	1.34946E-11	-3.54549E+1	2.85111E-3	-1.66328E-2
6.13275E+11	3.37660E-11	-3.17477E+1	2.42848E-2	8.88558E-3
6.13450E+11	2.25202E-11	-3.28427E+1	-1.66702E-2	1.55491E-2
6.13625E+11	1.66073E-11	-3.34821E+1	-1.19363E-2	-1.74943E-2
6.13800E+11	7.50124E-11	-2.97202E+1	3.26255E-2	-1.46088E-3
6.13975E+11	5.20889E-11	-3.02644E+1	-1.91395E-2	2.39711E-2
6.14150E+11	3.69093E-11	-3.05961E+1	-2.78184E-3	-2.93939E-2
6.14325E+11	4.88849E-11	-2.97409E+1	3.23096E-2	4.18984E-3
6.14500E+11	5.58391E-11	-2.71038E+1	-1.00616E-2	4.29758E-2
6.14675E+11	9.39332E-11	-2.78056E+1	-3.86748E-2	-1.27169E-2
6.14850E+11	1.40744E-10	-2.72136E+1	1.80823E-2	-3.96553E-2
6.15025E+11	1.78421E-10	-2.66702E+1	3.76645E-2	2.70940E-2
6.15200E+11	1.47805E-10	-2.59934E+1	-3.87315E-2	3.18685E-2
6.15375E+11	1.49886E-10	-2.62994E+1	-2.22632E-2	-4.29988E-2
6.15550E+11	2.22212E-10	-2.59372E+1	4.17892E-2	-2.83218E-2
6.15725E+11	2.24998E-10	-2.57556E+1	3.12914E-2	4.09648E-2
6.15900E+11	1.57543E-10	-2.53385E+1	-4.51468E-2	2.97811E-2
6.16075E+11	1.74311E-10	-2.56398E+1	-2.42849E-2	-4.62533E-2
6.16250E+11	2.90557E-10	-2.46693E+1	5.83061E-2	3.58579E-3
6.16425E+11	2.18466E-10	-2.48628E+1	-4.29924E-2	3.76226E-2
6.16600E+11	3.53209E-10	-2.38461E+1	-4.67855E-3	-6.40534E-2
6.16775E+11	3.45445E-10	-2.34505E+1	6.33766E-2	2.23918E-2
6.16950E+11	4.43654E-10	-2.33495E+1	-4.10975E-2	5.41787E-2
6.17125E+11	2.18233E-10	-2.43939E+1	-3.93722E-2	-4.56695E-2
6.17300E+11	4.38178E-10	-2.30159E+1	6.54355E-2	-2.66787E-2
6.17475E+11	5.33222E-10	-2.24572E+1	-1.35061E-2	7.41396E-2
6.17650E+11	6.01843E-10	-2.22821E+1	-6.10675E-2	-4.67276E-2
6.17825E+11	5.22642E-10	-2.21231E+1	6.92663E-2	-3.65425E-2
6.18000E+11	7.34534E-10	-2.08983E+1	1.16430E-2	8.94197E-2
6.18175E+11	7.77927E-10	-2.07128E+1	-9.06870E-2	-1.61903E-2
6.18350E+11	6.48661E-10	-2.05242E+1	3.80175E-2	-8.61258E-2
6.18525E+11	5.84090E-10	-1.96273E+1	8.06879E-2	6.62232E-2
6.18700E+11	7.03433E-10	-1.96785E+1	-9.19302E-2	4.81362E-2
6.18875E+11	8.16423E-10	-1.92823E+1	-1.16522E-2	-1.07987E-1
6.19050E+11	6.98416E-10	-1.91462E+1	1.09939E-1	9.27683E-3
6.19225E+11	4.75562E-10	-1.88886E+1	-1.21506E-2	1.12999E-1
6.19400E+11	8.66408E-10	-1.87335E+1	-1.13297E-1	-2.34489E-2
6.19575E+11	7.00817E-10	-1.83946E+1	3.27562E-2	-1.15755E-1
6.19750E+11	5.30163E-10	-1.83619E+1	9.64086E-2	7.27120E-2
6.19925E+11	1.16622E-9	-1.80902E+1	-1.16573E-1	4.39752E-2
6.20100E+11	9.25411E-10	-1.83969E+1	6.51343E-3	-1.20093E-1
6.20275E+11	6.51360E-10	-1.86874E+1	1.04247E-1	5.15879E-2
6.20450E+11	6.56208E-10	-1.84617E+1	-9.96834E-2	6.56793E-2
6.20625E+11	8.52223E-10	-1.83272E+1	-3.22154E-2	-1.16880E-1
6.20800E+11	1.13220E-9	-1.82851E+1	1.18115E-1	2.98459E-2
6.20975E+11	1.08068E-9	-1.80363E+1	-9.45596E-2	8.23124E-2
6.21150E+11	1.13477E-9	-1.81811E+1	-1.40286E-2	-1.22494E-1
6.21325E+11	1.36313E-9	-1.79322E+1	1.13341E-1	5.70260E-2
6.21500E+11	8.31591E-10	-1.81347E+1	-1.01061E-1	7.17743E-2
6.21675E+11	1.32474E-9	-1.82383E+1	-3.35924E-2	-1.17789E-1
6.21850E+11	9.83576E-10	-1.82503E+1	1.22155E-1	6.28261E-3
6.22025E+11	9.47893E-10	-1.83007E+1	-4.73755E-2	1.12002E-1
6.22200E+11	1.42310E-9	-1.80478E+1	-8.63282E-2	-9.06793E-2
6.22375E+11	1.64897E-9	-1.75227E+1	1.19019E-1	-5.93692E-2
6.22550E+11	1.73856E-9	-1.71343E+1	2.29009E-2	1.37188E-1
6.22725E+11	1.09439E-9	-1.70650E+1	-1.40050E-1	-6.51078E-3
6.22900E+11	1.10948E-9	-1.74651E+1	1.36975E-2	-1.33187E-1
6.23075E+11	1.04412E-9	-1.74779E+1	1.33446E-1	8.10526E-3
6.23250E+11	6.64875E-10	-1.75299E+1	-2.74524E-2	1.30028E-1
6.23425E+11	8.65894E-10	-1.73949E+1	-1.06654E-1	-8.27241E-2
6.23600E+11	9.84591E-10	-1.64558E+1	1.38036E-1	-5.96834E-2
6.23775E+11	7.83785E-10	-1.62746E+1	9.86865E-3	1.53241E-1
6.23950E+11	1.09496E-9	-1.54666E+1	-1.62624E-1	-4.42124E-2
6.24125E+11	1.22506E-9	-1.50362E+1	6.93156E-2	-1.62958E-1
6.24300E+11	1.71328E-9	-1.46495E+1	1.54522E-1	1.01999E-1
6.24475E+11	1.81462E-9	-1.46250E+1	-1.36938E-1	1.25391E-1
6.24650E+11	1.28865E-9	-1.45503E+1	-9.55473E-2	-1.61070E-1
6.24825E+11	1.94867E-9	-1.45725E+1	1.76897E-1	-6.00140E-2
6.25000E+11	1.75658E-9	-1.46818E+1	4.84558E-2	1.77986E-1
6.25175E+11	1.86442E-9	-1.51364E+1	-1.63261E-1	6.31740E-2
6.25350E+11	2.13513E-9	-1.47649E+1	-6.05798E-2	-1.72372E-1
6.25525E+11	2.07485E-9	-1.49876E+1	1.72767E-1	-4.31824E-2
6.25700E+11	1.32183E-9	-1.56087E+1	3.61262E-3	1.65753E-1
6.25875E+11	1.45801E-9	-1.55437E+1	-1.61295E-1	-4.34203E-2
6.26050E+11	1.34827E-9	-1.55438E+1	7.10356E-2	-1.51180E-1
6.26225E+11	1.16564E-9	-1.60405E+1	1.35683E-1	8.04724E-2
6.26400E+11	1.65032E-9	-1.58994E+1	-8.56994E-2	1.35511E-1
6.26575E+11	1.91293E-9	-1.56252E+1	-1.29413E-1	-1.03126E-1
6.26750E+11	2.18230E-9	-1.53340E+1	1.35141E-1	-1.04972E-1
6.26925E+11	2.19624E-9	-1.47119E+1	2.41137E-2	1.82236E-1
6.27100E+11	2.42511E-9	-1.46848E+1	-1.60720E-1	-9.03992E-2
6.27275E+11	2.95461E-9	-1.44358E+1	1.75739E-1	-7.15912E-2
6.27450E+11	2.53744E-9	-1.48348E+1	-3.56460E-2	1.77704E-1
6.27625E+11	3.30177E-9	-1.48405E+1	-1.30575E-1	-1.25522E-1
6.27800E+11	3.35711E-9	-1.50602E+1	1.61948E-1	-7.04277E-2
6.27975E+11	1.92158E-9	-1.51266E+1	2.71652E-2	1.73136E-1
6.28150E+11	2.61832E-9	-1.49981E+1	-1.76532E-1	-2.17535E-2
6.28325E+11	2.14648E-9	-1.47513E+1	8.99559E-2	-1.59358E-1
6.28500E+11	2.40573E-9	-1.46184E+1	1.27566E-1	1.35107E-1
6.28675E+11	1.75746E-9	-1.41164E+1	-1.61039E-1	1.13243E-1
6.28850E+11	2.02447E-9	-1.37761E+1	-9.77211E-2	-1.79911E-1
6.29025E+11	1.48767E-9	-1.36421E+1	1.99360E-1	-5.90462E-2
6.29200E+11	1.56037E-9	-1.36160E+1	1.61189E-2	2.07920E-1
6.29375E+11	1.69603E-9	-1.35328E+1	-2.07091E-1	-3.80219E-2
6.29550E+11	2.83451E-9	-1.30740E+1	1.19497E-1	-1.87064E-1
6.29725E+11	2.79925E-9	-1.22355E+1	1.49358E-1	1.93538E-1
6.29900E+11	2.41973E-9	-1.21127E+1	-2.37897E-1	6.98899E-2
6.30075E+11	3.14843E-9	-1.20290E+1	-1.07165E-2	-2.50123E-1
6.30250E+11	2.54774E-9	-1.22021E+1	2.43931E-1	2.69258E-2
6.30425E+11	2.78117E-9	-1.24794E+1	-1.05238E-1	2.13134E-1
6.30600E+11	2.68010E-9	-1.28069E+1	-1.53438E-1	-1.69866E-1
6.30775E+11	2.61281E-9	-1.31674E+1	2.02755E-1	-8.43426E-2
6.30950E+11	2.26504E-9	-1.33420E+1	2.57474E-2	2.13683E-1
6.31125E+11	3.45744E-9	-1.31653E+1	-2.14102E-1	-4.90590E-2
6.31300E+11	2.61871E-9	-1.33181E+1	9.34443E-2	-1.94544E-1
6.31475E+11	3.72985E-9	-1.34057E+1	1.56760E-1	1.45173E-1
6.31650E+11	3.69335E-9	-1.39133E+1	-1.81228E-1	8.81469E-2
6.31825E+11	3.21991E-9	-1.45313E+1	-9.53060E-3	-1.87444E-1
6.32000E+11	2.22888E-9	-1.46911E+1	1.78181E-1	4.69613E-2
6.32175E+11	2.12739E-9	-1.52011E+1	-8.59988E-2	1.50983E-1
6.32350E+11	1.87026E-9	-1.51569E+1	-1.53184E-1	-8.38776E-2
6.32525E+11	2.19435E-9	-1.45112E+1	8.53130E-2	-1.67665E-1
6.32700E+11	2.86785E-9	-1.41163E+1	1.56341E-1	1.19651E-1
6.32875E+11	1.85953E-9	-1.39611E+1	-1.54902E-1	1.27178E-1
6.33050E+11	2.82693E-9	-1.38872E+1	-8.61515E-2	-1.82856E-1
6.33225E+11	1.89667E-9	-1.41087E+1	1.90550E-1	-5.01753E-2
6.33400E+11	1.98837E-9	-1.39813E+1	2.68383E-2	1.98148E-1
6.33575E+11	1.62537E-9	-1.40782E+1	-1.97723E-1	-2.40127E-3
6.33750E+11	1.79675E-9	-1.39585E+1	3.05771E-2	-1.98136E-1
6.33925E+11	2.14225E-9	-1.36347E+1	1.93000E-1	7.78172E-2
6.34100E+11	1.74310E-9	-1.30808E+1	-1.39290E-1	1.72607E-1
6.34275E+11	2.44230E-9	-1.21276E+1	-1.36120E-1	-2.06737E-1
6.34450E+11	2.62508E-9	-1.22652E+1	2.28767E-1	-8.38098E-2
6.34625E+11	2.42803E-9	-1.26494E+1	5.62949E-2	2.26193E-1
6.34800E+11	2.22310E-9	-1.28295E+1	-2.14982E-1	7.68669E-2
6.34975E+11	2.25798E-9	-1.32351E+1	-8.85612E-2	-1.99085E-1
6.35150E+11	2.92779E-9	-1.31739E+1	2.08148E-1	-6.94717E-2
6.35325E+11	2.12277E-9	-1.27433E+1	5.34189E-2	2.24313E-1
6.35500E+11	3.81685E-9	-1.20478E+1	-2.48335E-1	2.71058E-2
6.35675E+11	3.67017E-9	-1.20260E+1	3.33552E-2	-2.48208E-1
6.35850E+11	2.93511E-9	-1.20819E+1	2.35123E-1	8.14517E-2
6.36025E+11	3.67613E-9	-1.23233E+1	-1.14598E-1	2.13159E-1
6.36200E+11	3.74870E-9	-1.24485E+1	-1.90429E-1	-1.43675E-1
6.36375E+11	3.53011E-9	-1.25963E+1	1.77715E-1	-1.53030E-1
6.36550E+11	3.00383E-9	-1.27370E+1	8.20633E-2	2.15669E-1
6.36725E+11	3.22131E-9	-1.32355E+1	-2.17819E-1	5.27404E-3
6.36900E+11	2.94256E-9	-1.32370E+1	6.98530E-2	-2.06344E-1
6.37075E+11	4.73436E-9	-1.30944E+1	1.69526E-1	1.42485E-1
6.37250E+11	4.06540E-9	-1.34241E+1	-1.93295E-1	8.99614E-2
6.37425E+11	3.65489E-9	-1.36485E+1	-1.23351E-2	-2.07400E-1
6.37600E+11	3.35136E-9	-1.43573E+1	1.83979E-1	5.30903E-2
6.37775E+11	2.74057E-9	-1.47548E+1	-1.12661E-1	1.44108E-1
6.37950E+11	2.39544E-9	-1.52560E+1	-7.54445E-2	-1.55309E-1
6.38125E+11	2.84225E-9	-1.51934E+1	1.73891E-1	2.66509E-3
6.38300E+11	2.21072E-9	-1.46742E+1	-9.63187E-2	1.57508E-1
6.38475E+11	3.45741E-9	-1.41729E+1	-9.38128E-2	-1.71629E-1
6.38650E+11	2.46103E-9	-1.35537E+1	2.09771E-1	-1.07763E-2
6.38825E+11	3.25159E-9	-1.31387E+1	-6.72530E-2	2.09810E-1
6.39000E+11	2.99421E-9	-1.28650E+1	-1.89133E-1	-1.26212E-1
6.39175E+11	2.24601E-9	-1.27737E+1	1.70617E-1	-1.53912E-1
6.39350E+11	2.47172E-9	-1.23755E+1	1.14436E-1	2.11599E-1
6.39525E+11	2.84768E-9	-1.26988E+1	-2.26832E-1	4.75967E-2
6.39700E+11	2.53345E-9	-1.26495E+1	1.12900E-2	-2.32818E-1
6.39875E+11	3.38510E-9	-1.16391E+1	2.49416E-1	7.97169E-2
6.40050E+11	3.56586E-9	-1.12431E+1	-1.41178E-1	2.34898E-1
6.40225E+11	4.23791E-9	-1.15410E+1	-1.84350E-1	-1.90118E-1
6.40400E+11	3.27707E-9	-1.18876E+1	2.23262E-1	-1.22083E-1
6.40575E+11	2.87653E-9	-1.22626E+1	6.22905E-2	2.35615E-1
6.40750E+11	2.65758E-9	-1.28335E+1	-2.25080E-1	-3.76281E-2
6.40925E+11	2.96396E-9	-1.32509E+1	1.17910E-1	-1.82765E-1
6.41100E+11	2.86158E-9	-1.32071E+1	1.39009E-1	1.68704E-1
6.41275E+11	2.90042E-9	-1.30831E+1	-1.99838E-1	9.60906E-2
6.41450E+11	3.98092E-9	-1.28560E+1	-9.65709E-2	-2.06111E-1
6.41625E+11	4.12804E-9	-1.23909E+1	2.05960E-1	-1.23472E-1
6.41800E+11	3.09925E-9	-1.20876E+1	8.57958E-2	2.33399E-1
6.41975E+11	2.17188E-9	-1.26216E+1	-2.32617E-1	2.38805E-2
6.42150E+11	2.55577E-9	-1.35951E+1	2.98986E-2	-2.06899E-1
6.42325E+11	2.26013E-9	-1.39533E+1	1.91436E-1	5.99436E-2
6.42500E+11	1.64651E-9	-1.43844E+1	-9.73827E-2	1.64179E-1
6.42675E+11	2.10282E-9	-1.39059E+1	-1.55673E-1	-1.28254E-1
6.42850E+11	2.66462E-9	-1.33807E+1	1.72060E-1	-1.27701E-1
6.43025E+11	1.63925E-9	-1.38197E+1	9.57639E-2	1.79797E-1
6.43200E+11	2.21758E-9	-1.40420E+1	-1.75721E-1	9.24632E-2
6.43375E+11	1.13961E-9	-1.45883E+1	-8.22358E-2	-1.67345E-1
6.43550E+11	2.30750E-9	-1.45924E+1	1.73049E-1	-6.91974E-2
6.43725E+11	2.11045E-9	-1.47525E+1	4.61856E-2	1.77042E-1
6.43900E+11	1.22298E-9	-1.50813E+1	-1.73655E-1	2.96664E-2
6.44075E+11	2.47472E-9	-1.42403E+1	-1.66605E-3	-1.94075E-1
6.44250E+11	1.47569E-9	-1.34368E+1	2.08794E-1	4.15716E-2
6.44425E+11	2.57921E-9	-1.23276E+1	-1.15345E-1	2.12620E-1
6.44600E+11	2.70969E-9	-1.21672E+1	-1.52082E-1	-1.93866E-1
6.44775E+11	2.53239E-9	-1.22670E+1	2.36252E-1	-5.93113E-2
6.44950E+11	2.61841E-9	-1.23334E+1	-5.12751E-2	2.36229E-1
6.45125E+11	2.29084E-9	-1.24265E+1	-1.92244E-1	-1.42251E-1
6.45300E+11	1.93174E-9	-1.24446E+1	1.80049E-1	-1.56648E-1
6.45475E+11	1.99817E-9	-1.21578E+1	1.13702E-1	2.18897E-1
6.45650E+11	3.68049E-9	-1.13417E+1	-2.60103E-1	7.59578E-2
6.45825E+11	3.23429E-9	-1.13343E+1	-1.39902E-2	-2.70836E-1
6.46000E+11	2.89873E-9	-1.14432E+1	2.65117E-1	3.79417E-2
6.46175E+11	2.89570E-9	-1.12658E+1	-1.01853E-1	2.53661E-1
6.46350E+11	3.12810E-9	-1.14242E+1	-2.05588E-1	-1.72552E-1
6.46525E+11	3.23674E-9	-1.15970E+1	2.12791E-1	-1.54760E-1
6.46700E+11	1.82814E-9	-1.24854E+1	9.29401E-2	2.18599E-1
6.46875E+11	1.87431E-9	-1.22859E+1	-2.39285E-1	4.26471E-2
6.47050E+11	3.10967E-9	-1.22539E+1	-2.75098E-3	-2.43937E-1
6.47225E+11	2.73681E-9	-1.13697E+1	2.62154E-1	6.50140E-2
6.47400E+11	3.27390E-9	-1.12062E+1	-1.51342E-1	2.29880E-1
6.47575E+11	2.45196E-9	-1.18124E+1	-1.71060E-1	-1.91361E-1
6.47750E+11	1.79123E-9	-1.23396E+1	2.07618E-1	-1.23470E-1
6.47925E+11	3.08987E-9	-1.29194E+1	9.24338E-2	2.06188E-1
6.48100E+11	2.01486E-9	-1.31483E+1	-2.12883E-1	5.58370E-2
6.48275E+11	2.60667E-9	-1.35783E+1	1.65183E-2	-2.08799E-1
6.48450E+11	2.16170E-9	-1.36070E+1	1.94567E-1	7.56646E-2
6.48625E+11	1.74086E-9	-1.33755E+1	-1.38650E-1	1.63535E-1
6.48800E+11	1.47272E-9	-1.32726E+1	-7.97693E-2	-2.01758E-1
6.48975E+11	2.16190E-9	-1.30274E+1	2.23142E-1	3.32946E-3
6.49150E+11	1.91453E-9	-1.33000E+1	-9.39763E-2	1.94788E-1
6.49325E+11	2.08048E-9	-1.37177E+1	-1.37047E-1	-1.53957E-1
6.49500E+11	1.36063E-9	-1.45108E+1	1.65784E-1	-8.89296E-2
6.49675E+11	1.30806E-9	-1.51567E+1	4.50522E-2	1.68738E-1
6.49850E+11	1.21715E-9	-1.54369E+1	-1.67472E-1	2.34321E-2
6.50025E+11	1.40622E-9	-1.57495E+1	-7.69441E-3	-1.62946E-1
6.50200E+11	1.44187E-9	-1.58013E+1	1.62139E-1	2.41416E-3
6.50375E+11	1.49794E-9	-1.53952E+1	-2.04141E-2	1.68688E-1
6.50550E+11	1.47366E-9	-1.52890E+1	-1.71991E-1	-2.53417E-3
6.50725E+11	1.23235E-9	-1.44941E+1	2.13616E-2	-1.87278E-1
6.50900E+11	1.18571E-9	-1.43980E+1	1.82243E-1	5.57826E-2
6.51075E+11	9.28969E-10	-1.48349E+1	-7.52955E-2	1.64859E-1
6.51250E+11	5.97554E-10	-1.52835E+1	-1.46989E-1	-8.95465E-2
6.51425E+11	6.05777E-10	-1.49350E+1	1.06754E-1	-1.43886E-1
6.51600E+11	7.66414E-10	-1.43831E+1	1.22940E-1	1.46066E-1
6.51775E+11	9.21851E-10	-1.33110E+1	-2.00190E-1	8.11122E-2
6.51950E+11	9.12516E-10	-1.37566E+1	-3.17187E-2	-2.02729E-1
6.52125E+11	4.82657E-10	-1.46492E+1	1.85157E-1	2.37154E-4
6.52300E+11	6.05148E-10	-1.51694E+1	-3.12839E-2	1.71563E-1
6.52475E+11	4.83201E-10	-1.58944E+1	-1.55838E-1	-3.81009E-2
6.52650E+11	2.13874E-10	-1.71164E+1	8.60489E-3	-1.39108E-1
6.52825E+11	2.95241E-10	-1.72679E+1	1.36426E-1	-1.21269E-2
6.53000E+11	5.95419E-10	-1.71136E+1	1.95044E-2	1.38047E-1
6.53175E+11	5.65820E-10	-1.63283E+1	-1.52092E-1	1.25750E-2
6.53350E+11	6.39729E-10	-1.68129E+1	-1.19297E-2	-1.43835E-1
6.53525E+11	8.53421E-10	-1.57519E+1	1.62874E-1	8.21508E-3
6.53700E+11	8.64252E-10	-1.54218E+1	-4.53598E-2	1.63213E-1
6.53875E+11	1.08663E-9	-1.54314E+1	-1.49417E-1	-7.94193E-2
6.54050E+11	1.37731E-9	-1.57565E+1	7.97984E-2	-1.42126E-1
6.54225E+11	1.04608E-9	-1.50910E+1	1.48700E-1	9.41047E-2
6.54400E+11	1.75215E-9	-1.40815E+1	-1.37641E-1	1.41866E-1
6.54575E+11	1.72774E-9	-1.30603E+1	-8.56472E-2	-2.05164E-1
6.54750E+11	1.46321E-9	-1.34142E+1	2.12984E-1	1.40375E-2
6.54925E+11	1.51047E-9	-1.39604E+1	-9.47540E-2	1.76626E-1
6.55100E+11	1.41340E-9	-1.44813E+1	-1.35847E-1	-1.31073E-1
6.55275E+11	1.32320E-9	-1.47458E+1	1.59525E-1	-8.98940E-2
6.55450E+11	7.37971E-10	-1.53056E+1	5.98780E-2	1.60900E-1
6.55625E+11	1.20133E-9	-1.49499E+1	-1.78808E-1	4.13449E-3
6.55800E+11	1.20772E-9	-1.47174E+1	7.86145E-2	-1.66037E-1
6.55975E+11	1.00522E-9	-1.38781E+1	9.27825E-2	1.79820E-1
6.56150E+11	1.42453E-9	-1.40036E+1	-1.98119E-1	-2.29534E-2
6.56325E+11	1.18643E-9	-1.32054E+1	1.02301E-1	-1.93231E-1
6.56500E+11	9.16617E-10	-1.29282E+1	1.82883E-1	1.32317E-1
6.56675E+11	1.37138E-9	-1.29073E+1	-1.45613E-1	1.73197E-1
6.56850E+11	1.31361E-9	-1.35501E+1	-1.55098E-1	-1.41775E-1
6.57025E+11	1.03133E-9	-1.33272E+1	1.84761E-1	-1.11106E-1
6.57200E+11	1.71056E-9	-1.28107E+1	2.49005E-2	2.27446E-1
6.57375E+11	1.68872E-9	-1.27516E+1	-1.97865E-1	-1.17975E-1
6.57550E+11	1.59419E-9	-1.30165E+1	1.98178E-1	-1.03218E-1
6.57725E+11	1.34283E-9	-1.38161E+1	1.08857E-3	2.03794E-1
6.57900E+11	1.47662E-9	-1.43593E+1	-1.81589E-1	-6.06258E-2
6.58075E+11	1.09845E-9	-1.51833E+1	9.43532E-2	-1.46334E-1
6.58250E+11	7.28597E-10	-1.59288E+1	9.48473E-2	1.28601E-1
6.58425E+11	9.70804E-10	-1.71004E+1	-1.36926E-1	2.73453E-2
6.58600E+11	6.16279E-10	-1.72458E+1	2.89342E-2	-1.34229E-1
6.58775E+11	5.60344E-10	-1.80939E+1	9.77230E-2	7.72015E-2
6.58950E+11	9.94844E-10	-1.79943E+1	-1.05356E-1	6.90653E-2
6.59125E+11	7.64101E-10	-1.84110E+1	-4.95288E-2	-1.09383E-1
6.59300E+11	5.46944E-10	-1.87969E+1	1.12509E-1	-2.31006E-2
6.59475E+11	4.34047E-10	-1.98587E+1	-1.49747E-2	1.00530E-1
6.59650E+11	4.04072E-10	-2.10942E+1	-8.32787E-2	-2.89412E-2
6.59825E+11	2.00549E-10	-2.09561E+1	4.64101E-2	-7.66161E-2
6.60000E+11	3.77585E-10	-2.01231E+1	6.31650E-2	7.57018E-2
6.60175E+11	3.05976E-10	-1.97137E+1	-8.21455E-2	6.27179E-2
6.60350E+11	3.56662E-10	-1.94982E+1	-4.14835E-2	-9.74883E-2
6.60525E+11	5.10456E-10	-1.93696E+1	9.81520E-2	-4.39119E-2
6.60700E+11	3.60404E-10	-1.90872E+1	2.41622E-2	1.08421E-1
6.60875E+11	3.54573E-10	-1.87850E+1	-1.11682E-1	-2.74858E-2
6.61050E+11	2.19172E-10	-1.97853E+1	4.88121E-2	-9.01337E-2
6.61225E+11	3.18800E-10	-1.92041E+1	6.81307E-2	8.58452E-2
6.61400E+11	2.01489E-10	-2.02703E+1	-8.36020E-2	4.90652E-2
6.61575E+11	2.82720E-10	-1.87587E+1	-3.79342E-2	-1.08947E-1
6.61750E+11	4.66269E-10	-1.72741E+1	1.32454E-1	-3.44685E-2
6.61925E+11	3.26010E-10	-1.61915E+1	-3.37997E-2	1.51303E-1
6.62100E+11	4.89834E-10	-1.64448E+1	-1.08138E-1	-1.04784E-1
6.62275E+11	2.73863E-10	-1.69772E+1	1.36216E-1	-3.87666E-2
6.62450E+11	2.91915E-10	-1.77283E+1	-5.64281E-3	1.29770E-1
6.62625E+11	2.72509E-10	-1.79329E+1	-1.17839E-1	-4.70089E-2
6.62800E+11	4.20316E-10	-1.80541E+1	6.67725E-2	-1.05803E-1
6.62975E+11	3.09851E-10	-1.94666E+1	7.12189E-2	7.89593E-2
6.63150E+11	4.19667E-10	-1.83510E+1	-1.10406E-1	4.92850E-2
6.63325E+11	3.35820E-10	-1.76997E+1	-8.19411E-3	-1.30063E-1
6.63500E+11	5.07934E-10	-1.72277E+1	1.31304E-1	4.11431E-2
6.63675E+11	5.31614E-10	-1.78102E+1	-5.35175E-2	1.17016E-1
6.63850E+11	8.56446E-10	-1.72298E+1	-1.25327E-1	-5.67201E-2
6.64025E+11	9.80679E-10	-1.71626E+1	5.97670E-2	-1.25088E-1
6.64200E+11	6.71909E-10	-1.70609E+1	1.07907E-1	8.96139E-2
6.64375E+11	6.99319E-10	-1.64674E+1	-1.27284E-1	7.97169E-2
6.64550E+11	9.14930E-10	-1.54932E+1	-2.06313E-2	-1.66740E-1
6.64725E+11	1.32097E-9	-1.47467E+1	1.77354E-1	4.54712E-2
6.64900E+11	1.11523E-9	-1.45905E+1	-8.02626E-2	1.68248E-1
6.65075E+11	1.22588E-9	-1.49037E+1	-1.64399E-1	-7.28327E-2
6.65250E+11	8.44236E-10	-1.51503E+1	9.07263E-2	-1.49385E-1
6.65425E+11	5.83904E-10	-1.56539E+1	1.01900E-1	1.29689E-1
6.65600E+11	4.31965E-10	-1.56991E+1	-1.63643E-1	-1.19099E-2
6.65775E+11	7.79647E-10	-1.59345E+1	1.20385E-1	-1.04920E-1
6.65950E+11	4.16943E-10	-1.62995E+1	3.25773E-2	1.49612E-1
6.66125E+11	7.32100E-10	-1.53322E+1	-1.70833E-1	-1.04849E-2
6.66300E+11	4.52147E-10	-1.47528E+1	2.28509E-2	-1.81529E-1
6.66475E+11	7.48317E-10	-1.37246E+1	2.04161E-1	2.71233E-2
6.66650E+11	1.00224E-9	-1.36074E+1	-8.67437E-2	1.89875E-1
6.66825E+11	1.18495E-9	-1.35804E+1	-1.09874E-1	-1.78261E-1
6.67000E+11	1.02455E-9	-1.38345E+1	2.00140E-1	3.60728E-2
6.67175E+11	9.73664E-10	-1.41307E+1	-1.22904E-1	1.53379E-1
6.67350E+11	1.10676E-9	-1.38678E+1	-1.13225E-1	-1.67992E-1
6.67525E+11	1.10555E-9	-1.37669E+1	1.64581E-1	-1.22143E-1
6.67700E+11	1.06176E-9	-1.36856E+1	1.42034E-1	1.50420E-1
6.67875E+11	9.75785E-10	-1.38947E+1	-1.42268E-1	1.43345E-1
6.68050E+11	1.12201E-9	-1.46437E+1	-8.49440E-2	-1.64655E-1
6.68225E+11	1.23929E-9	-1.52326E+1	1.71255E-1	2.54053E-2
6.68400E+11	1.04038E-9	-1.56325E+1	-1.16231E-1	1.17590E-1
6.68575E+11	7.53346E-10	-1.70129E+1	-6.13613E-2	-1.26996E-1
6.68750E+11	6.47206E-10	-1.79171E+1	1.18411E-1	-4.61892E-2
6.68925E+11	9.00870E-10	-1.82074E+1	4.94562E-2	1.12534E-1
6.69100E+11	5.29290E-10	-1.78149E+1	-1.25744E-1	2.69710E-2
6.69275E+11	6.19095E-10	-1.73819E+1	6.77339E-2	-1.16983E-1
6.69450E+11	5.21212E-10	-1.77994E+1	2.96696E-2	1.25371E-1
6.69625E+11	3.10963E-10	-1.89181E+1	-1.03286E-1	-4.64848E-2
6.69800E+11	2.25285E-10	-2.04023E+1	4.87307E-2	-8.21014E-2
6.69975E+11	1.24505E-10	-2.21644E+1	7.35184E-2	2.58888E-2
6.70150E+11	8.88310E-11	-2.36816E+1	-1.17595E-2	6.43868E-2
6.70325E+11	1.25577E-10	-2.30763E+1	-6.96206E-2	8.80968E-3
6.70500E+11	1.22539E-10	-2.13277E+1	2.48226E-2	-8.21577E-2
6.70675E+11	1.41406E-10	-2.17825E+1	4.08844E-2	7.04419E-2
6.70850E+11	7.75470E-11	-2.16403E+1	-7.98470E-2	-2.18817E-2
6.71025E+11	9.98681E-11	-2.23086E+1	2.99207E-2	-7.05799E-2
6.71200E+11	9.29607E-11	-2.29445E+1	6.86865E-2	1.89333E-2
6.71375E+11	9.61832E-11	-2.39319E+1	-6.12986E-3	6.32965E-2
6.71550E+11	6.98866E-11	-2.37981E+1	-6.24718E-2	-1.63642E-2
6.71725E+11	1.22752E-10	-2.27000E+1	2.66445E-2	-6.82674E-2
6.71900E+11	1.58559E-10	-2.07237E+1	3.24559E-2	8.60910E-2
6.72075E+11	2.16136E-10	-1.93343E+1	-1.03163E-1	-3.18449E-2
6.72250E+11	1.40140E-10	-2.07454E+1	6.38199E-2	-6.59532E-2
6.72425E+11	9.30410E-11	-2.15823E+1	5.72915E-2	6.05333E-2
6.72600E+11	1.49974E-10	-2.04864E+1	-7.76322E-2	5.39782E-2
6.72775E+11	1.49153E-10	-2.06586E+1	-4.37594E-2	-8.17190E-2
6.72950E+11	1.68266E-10	-2.05934E+1	9.33774E-2	1.90569E-3
6.73125E+11	8.51797E-11	-2.22546E+1	-5.03226E-2	5.84631E-2
6.73300E+11	2.13770E-10	-2.02143E+1	-1.69960E-3	-9.75477E-2
6.73475E+11	1.74217E-10	-1.91352E+1	1.04208E-1	3.66615E-2
6.73650E+11	2.06381E-10	-1.89347E+1	-4.97644E-2	1.01507E-1
6.73825E+11	1.67648E-10	-1.88691E+1	-9.30589E-2	-6.56850E-2
6.74000E+11	3.00537E-10	-1.81076E+1	6.73425E-2	-1.04528E-1
6.74175E+11	3.60051E-10	-1.69817E+1	6.16434E-2	1.27425E-1
6.74350E+11	3.51616E-10	-1.61322E+1	-1.48120E-1	-4.92566E-2
6.74525E+11	4.75561E-10	-1.53708E+1	1.47095E-1	-8.60121E-2
6.74700E+11	4.39113E-10	-1.53987E+1	3.43764E-2	1.66336E-1
6.74875E+11	5.47612E-10	-1.44044E+1	-1.90433E-1	-2.47242E-3
6.75050E+11	5.84713E-10	-1.42338E+1	5.78124E-2	-1.85424E-1
6.75225E+11	9.39398E-10	-1.45782E+1	1.38104E-1	1.25601E-1
6.75400E+11	6.30688E-10	-1.49308E+1	-1.77696E-1	2.35579E-2
6.75575E+11	5.40284E-10	-1.47066E+1	8.85741E-2	-1.61207E-1
6.75750E+11	7.85476E-10	-1.53954E+1	7.44270E-2	1.52746E-1
6.75925E+11	5.18355E-10	-1.64558E+1	-1.49438E-1	1.68648E-2
6.76100E+11	9.51210E-10	-1.59400E+1	-2.46666E-3	-1.59569E-1
6.76275E+11	6.42451E-10	-1.52690E+1	1.72269E-1	6.83051E-3
6.76450E+11	1.15908E-9	-1.43714E+1	-4.66903E-2	1.85386E-1
6.76625E+11	1.13505E-9	-1.42160E+1	-1.26694E-1	-1.47741E-1
6.76800E+11	1.80749E-9	-1.34673E+1	2.10732E-1	-2.44580E-2
6.76975E+11	1.12982E-9	-1.37724E+1	-4.45989E-2	1.99909E-1
6.77150E+11	1.21264E-9	-1.36372E+1	-1.99831E-1	-5.78492E-2
6.77325E+11	1.14853E-9	-1.35829E+1	8.53738E-2	-1.91142E-1
6.77500E+11	9.30088E-10	-1.42176E+1	1.70015E-1	9.46587E-2
6.77675E+11	7.13575E-10	-1.42862E+1	-1.36290E-1	1.36735E-1
6.77850E+11	8.55561E-10	-1.42949E+1	-6.69608E-2	-1.80870E-1
6.78025E+11	6.25341E-10	-1.41726E+1	1.94594E-1	1.98141E-2
6.78200E+11	7.31585E-10	-1.44006E+1	-8.02392E-2	1.72813E-1
6.78375E+11	4.62218E-10	-1.48266E+1	-1.57109E-1	-9.07053E-2
6.78550E+11	2.25885E-10	-1.58396E+1	1.06994E-1	-1.20897E-1
6.78725E+11	2.85666E-10	-1.69006E+1	5.73829E-2	1.30851E-1
6.78900E+11	2.82941E-10	-1.70680E+1	-1.39689E-1	1.13800E-2
6.79075E+11	2.14291E-10	-1.68311E+1	6.01592E-2	-1.30861E-1
6.79250E+11	2.33919E-10	-1.61502E+1	8.02460E-2	1.33512E-1
6.79425E+11	2.28509E-10	-1.65992E+1	-1.45075E-1	2.88971E-2
6.79600E+11	1.51852E-10	-1.68656E+1	-3.91050E-3	-1.43403E-1
6.79775E+11	1.03201E-10	-1.95557E+1	1.05105E-1	5.48652E-3
6.79950E+11	1.31892E-10	-1.86335E+1	-2.16206E-2	1.15023E-1
6.80125E+11	1.45163E-10	-1.81002E+1	-8.37399E-2	-9.20603E-2
6.80300E+11	1.03745E-10	-1.86441E+1	1.14337E-1	-2.43182E-2
6.80475E+11	8.25215E-11	-1.91080E+1	-1.11173E-2	1.10256E-1
6.80650E+11	9.29112E-11	-1.76605E+1	-1.27636E-1	-2.90988E-2
6.80825E+11	7.99151E-11	-1.82778E+1	-1.15050E-2	-1.21386E-1
6.81000E+11	9.64050E-11	-1.87004E+1	1.06959E-1	-4.52581E-2
6.81175E+11	8.77177E-11	-1.86311E+1	2.13599E-2	1.15104E-1
6.81350E+11	8.40916E-11	-1.94511E+1	-1.00226E-1	-3.60824E-2
6.81525E+11	1.28937E-10	-1.92307E+1	9.07048E-2	-6.09150E-2
6.81700E+11	1.46396E-10	-1.97661E+1	2.29110E-2	1.00142E-1
6.81875E+11	8.11522E-11	-2.16210E+1	-7.77615E-2	2.89486E-2
6.82050E+11	1.37884E-10	-1.90054E+1	-7.47654E-2	-8.35693E-2
6.82225E+11	1.88146E-10	-1.84127E+1	5.82113E-2	-1.04993E-1
6.82400E+11	2.09335E-10	-1.84920E+1	1.11048E-1	4.26612E-2
6.82575E+11	1.28119E-10	-1.95485E+1	-7.04532E-2	7.83065E-2
6.82750E+11	1.53867E-10	-1.82685E+1	-3.80410E-2	-1.15982E-1
6.82925E+11	1.49063E-10	-1.79363E+1	1.22810E-1	3.16370E-2
6.83100E+11	1.56374E-10	-1.70410E+1	-6.50561E-2	1.24631E-1
6.83275E+11	1.33869E-10	-1.78327E+1	-1.15124E-1	-5.67265E-2
6.83450E+11	9.29773E-11	-1.91207E+1	1.09149E-2	-1.10114E-1
6.83625E+11	1.62957E-10	-1.70421E+1	1.38506E-1	-2.40097E-2
6.83800E+11	2.24576E-10	-1.76187E+1	2.44847E-2	1.29244E-1
6.83975E+11	1.49168E-10	-1.64001E+1	-1.51229E-1	6.16845E-3
6.84150E+11	3.18408E-10	-1.54143E+1	8.30692E-2	-1.47801E-1
6.84325E+11	2.06699E-10	-1.44829E+1	1.15665E-1	1.49141E-1
6.84500E+11	3.65508E-10	-1.49099E+1	-1.55110E-1	9.07001E-2
6.84675E+11	3.43916E-10	-1.44723E+1	-7.69082E-2	-1.72608E-1
6.84850E+11	4.44576E-10	-1.41952E+1	1.84257E-1	-6.41085E-2
6.85025E+11	4.31581E-10	-1.32522E+1	2.34986E-2	2.16192E-1
6.85200E+11	4.93280E-10	-1.27372E+1	-2.08771E-1	-9.82850E-2
6.85375E+11	7.00124E-10	-1.21826E+1	1.95527E-1	-1.49223E-1
6.85550E+11	5.58107E-10	-1.28651E+1	2.76030E-2	2.25695E-1
6.85725E+11	4.46087E-10	-1.31552E+1	-2.17164E-1	-3.46226E-2
6.85900E+11	3.67521E-10	-1.44638E+1	3.77474E-2	-1.85347E-1
6.86075E+11	3.47707E-10	-1.55553E+1	1.57499E-1	5.49694E-2
6.86250E+11	3.16161E-10	-1.49601E+1	-9.19481E-2	1.53167E-1
6.86425E+11	2.29476E-10	-1.41679E+1	-1.28465E-1	-1.47642E-1
6.86600E+11	2.91717E-10	-1.26755E+1	2.27038E-1	-4.96079E-2
6.86775E+11	3.66269E-10	-1.24936E+1	-7.74957E-2	2.24303E-1
6.86950E+11	3.59875E-10	-1.29494E+1	-1.95045E-1	-1.12531E-1
6.87125E+11	3.03345E-10	-1.27217E+1	9.71943E-2	-2.09734E-1
6.87300E+11	2.63412E-10	-1.15014E+1	2.41645E-1	1.11266E-1
6.87475E+11	2.04038E-10	-1.01550E+1	-1.88426E-1	2.46961E-1
6.87650E+11	1.71265E-10	-1.03206E+1	-1.40160E-1	-2.70627E-1
6.87825E+11	1.20190E-10	-1.10227E+1	2.80995E-1	7.79698E-3
6.88000E+11	1.10770E-10	-1.09203E+1	-1.09383E-1	2.62561E-1
6.88175E+11	1.02783E-10	-1.14972E+1	-1.65955E-1	-2.08086E-1
6.88350E+11	5.88038E-11	-1.23310E+1	2.06385E-1	-1.25981E-1
6.88525E+11	7.01457E-11	-1.35400E+1	5.38147E-2	2.03379E-1
6.88700E+11	5.45529E-11	-1.56920E+1	-1.64069E-1	6.81563E-3
6.88875E+11	3.25239E-11	-1.51831E+1	7.42776E-2	-1.57481E-1
6.89050E+11	5.53060E-11	-1.45097E+1	1.67870E-1	8.49804E-2
6.89225E+11	2.78608E-11	-1.61422E+1	-8.09384E-2	1.33261E-1
6.89400E+11	2.13071E-11	-1.72744E+1	-5.18308E-2	-1.26667E-1
6.89575E+11	1.40667E-11	-1.80513E+1	1.25021E-1	-5.71700E-3
6.89750E+11	2.32880E-11	-1.80091E+1	-3.61849E-2	1.20443E-1
6.89925E+11	1.09570E-11	-2.06234E+1	-1.74360E-2	-9.14266E-2
6.90100E+11	1.02998E-11	-2.19558E+1	7.38587E-2	3.03143E-2
6.90275E+11	1.09098E-11	-2.19254E+1	-4.49234E-2	6.63383E-2
6.90450E+11	1.19360E-11	-2.14044E+1	-7.61344E-2	-3.79555E-2
6.90625E+11	5.06961E-12	-2.32360E+1	5.07835E-2	-4.65605E-2
6.90800E+11	1.20144E-11	-2.23581E+1	3.32983E-2	6.85671E-2
6.90975E+11	3.13371E-12	-2.75364E+1	-4.18658E-2	3.27226E-3
6.91150E+11	3.79361E-12	-2.79393E+1	-1.37659E-2	-3.76524E-2
6.91325E+11	1.27504E-11	-2.44610E+1	4.38161E-2	4.07462E-2
6.91500E+11	4.96355E-12	-2.69055E+1	-4.43734E-2	8.37620E-3
6.91675E+11	1.99278E-12	-2.88252E+1	2.26873E-2	-2.82119E-2
6.91850E+11	4.29431E-17	-7.27395E+1	2.11569E-4	-9.19530E-5
6.92025E+11	4.80823E-12	-2.53516E+1	-3.04629E-2	4.45909E-2
6.92200E+11	1.60621E-12	-3.02160E+1	-1.70788E-2	-2.56864E-2
6.92375E+11	4.28561E-12	-2.44652E+1	4.84748E-2	3.50271E-2
6.92550E+11	5.34647E-12	-2.62815E+1	-4.44252E-2	1.95105E-2
6.92725E+11	5.33175E-12	-2.75896E+1	1.59385E-2	-3.85737E-2
6.92900E+11	1.76919E-12	-3.23110E+1	2.41488E-2	2.04852E-3
6.93075E+11	7.73079E-12	-2.57948E+1	-1.00281E-2	5.03273E-2
6.93250E+11	3.22914E-12	-2.99304E+1	-3.09570E-2	-7.60444E-3
6.93425E+11	5.68292E-12	-2.69209E+1	2.95129E-2	-3.40724E-2
6.93600E+11	6.89059E-12	-2.86705E+1	1.18722E-2	3.48883E-2
6.93775E+11	7.74992E-12	-2.83490E+1	-3.14783E-2	-2.17169E-2
6.93950E+11	7.94447E-12	-2.78468E+1	3.66643E-2	-1.72496E-2
6.94125E+11	1.05812E-11	-2.66345E+1	-1.60970E-3	4.65602E-2
6.94300E+11	2.09489E-11	-2.38661E+1	-5.97349E-2	-2.31832E-2
6.94475E+11	2.14300E-11	-2.43105E+1	2.69212E-2	-5.46042E-2
6.94650E+11	2.30390E-11	-2.23572E+1	7.00880E-2	2.99846E-2
6.94825E+11	2.62562E-11	-2.39222E+1	-3.90232E-2	5.03012E-2
6.95000E+11	7.77219E-12	-2.76771E+1	-1.70122E-3	-4.12837E-2
6.95175E+11	1.51844E-11	-2.44710E+1	3.94191E-2	4.49227E-2
6.95350E+11	2.00871E-11	-2.26615E+1	-7.12317E-2	1.85516E-2
6.95525E+11	2.45021E-11	-2.20187E+1	4.87552E-2	-6.24933E-2
6.95700E+11	2.07661E-11	-2.23508E+1	5.16273E-2	5.61654E-2
6.95875E+11	9.42740E-12	-2.57461E+1	-4.48923E-2	2.54524E-2
6.96050E+11	7.02566E-12	-2.58754E+1	1.06969E-2	-4.97050E-2
6.96225E+11	1.38390E-11	-2.29305E+1	4.12003E-2	5.82691E-2
6.96400E+11	7.11022E-12	-2.41622E+1	-6.19287E-2	-8.78478E-5
6.96575E+11	4.32308E-12	-2.84215E+1	1.35555E-2	-3.54196E-2
6.96750E+11	9.02372E-12	-2.28632E+1	3.81455E-2	6.09684E-2
6.96925E+11	9.13392E-12	-2.20840E+1	-7.85963E-2	3.37236E-3
6.97100E+11	4.52905E-12	-2.51036E+1	3.23772E-3	-5.54731E-2
6.97275E+11	5.09611E-12	-2.53687E+1	2.68060E-2	4.67585E-2
6.97450E+11	9.89418E-13	-3.21160E+1	-2.45649E-2	3.29994E-3
6.97625E+11	2.29640E-12	-2.82480E+1	1.07397E-2	-3.71697E-2
6.97800E+11	2.05827E-12	-2.65468E+1	4.11652E-2	2.28063E-2
6.97975E+11	9.07152E-13	-3.06147E+1	7.14518E-3	2.85827E-2
6.98150E+11	8.44762E-13	-3.08488E+1	2.55947E-3	-2.85643E-2
6.98325E+11	2.33980E-12	-2.80964E+1	2.73229E-2	-2.83471E-2
6.98500E+11	1.30929E-13	-4.08743E+1	7.60849E-3	4.88643E-3
6.98675E+11	2.71385E-12	-2.61141E+1	-3.27511E-2	3.70694E-2
6.98850E+11	3.73456E-13	-3.18735E+1	-2.39606E-2	-8.68926E-3
6.99025E+11	1.62643E-13	-3.40449E+1	5.24727E-3	-1.91437E-2
6.99200E+11	4.50703E-13	-3.17097E+1	-2.59696E-2	3.90037E-4
6.99375E+11	8.69294E-13	-3.10975E+1	-1.62337E-2	2.26530E-2
6.99550E+11	2.46786E-12	-2.70468E+1	4.21612E-3	-4.42280E-2
6.99725E+11	1.84329E-12	-2.96188E+1	2.29016E-2	-2.38174E-2
6.99900E+11	9.37868E-13	-3.30489E+1	-1.20467E-2	1.87203E-2
7.00075E+11	9.83900E-13	-3.21153E+1	-2.47601E-2	-1.17143E-3
7.00250E+11	1.09792E-13	-4.30372E+1	4.93005E-3	-5.03847E-3
7.00425E+11	3.39440E-13	-3.67401E+1	-1.24916E-2	7.46955E-3
7.00600E+11	2.13494E-12	-2.87756E+1	-7.00729E-3	3.57294E-2
7.00775E+11	1.82730E-12	-2.90927E+1	-2.36164E-2	2.59732E-2
7.00950E+11	1.02671E-12	-3.17506E+1	2.35011E-2	-1.07683E-2
7.01125E+11	5.83182E-13	-3.52626E+1	6.12826E-3	-1.61282E-2
7.01300E+11	4.92886E-12	-2.62004E+1	-5.31910E-3	4.86858E-2
7.01475E+11	2.51269E-12	-3.08440E+1	-1.38948E-2	-2.51059E-2
7.01650E+11	2.84389E-12	-3.05658E+1	1.88914E-2	-2.28249E-2
7.01825E+11	2.57807E-12	-2.97077E+1	6.36287E-3	3.20802E-2
7.02000E+11	6.62005E-14	-4.79213E+1	-2.66232E-3	3.00849E-3
7.02175E+11	4.66851E-13	-4.02041E+1	-9.75460E-3	5.06145E-4
7.02350E+11	2.05294E-13	-4.39064E+1	6.34078E-3	6.87385E-4
7.02525E+11	2.20443E-12	-3.25014E+1	8.99007E-3	2.19396E-2
7.02700E+11	1.65903E-12	-3.40258E+1	-1.94418E-2	4.21502E-3
7.02875E+11	1.57254E-12	-3.47960E+1	-1.14307E-3	-1.81695E-2
7.03050E+11	2.12142E-12	-3.09986E+1	2.47065E-2	-1.35709E-2
7.03225E+11	2.50037E-12	-3.25797E+1	-5.52734E-3	2.28377E-2
7.03400E+11	3.52944E-12	-3.09646E+1	1.28615E-2	-2.52072E-2
7.03575E+11	1.86318E-12	-3.36272E+1	1.98373E-2	6.34620E-3
7.03750E+11	1.71039E-12	-3.36779E+1	-1.00871E-2	1.80833E-2
7.03925E+11	6.48080E-12	-2.99651E+1	-2.66445E-2	-1.72666E-2
7.04100E+11	6.67880E-12	-2.98387E+1	-1.73915E-3	-3.21684E-2
7.04275E+11	1.47322E-11	-2.51973E+1	5.45520E-2	6.77339E-3
7.04450E+11	1.29372E-11	-2.64486E+1	-2.42206E-2	4.09721E-2
7.04625E+11	1.91546E-11	-2.43023E+1	-2.95971E-2	-5.32673E-2
7.04800E+11	1.82876E-11	-2.42946E+1	6.07592E-2	5.32210E-3
7.04975E+11	1.32157E-11	-2.56271E+1	-2.86075E-2	4.38027E-2
7.05150E+11	1.55408E-11	-2.51725E+1	-4.97461E-2	-2.37588E-2
7.05325E+11	1.46313E-11	-2.56736E+1	3.30814E-2	-4.01691E-2
7.05500E+11	1.24771E-11	-2.48501E+1	4.16765E-2	3.91970E-2
7.05675E+11	2.65428E-11	-2.24017E+1	-5.85852E-2	4.81649E-2
7.05850E+11	2.54790E-11	-2.14176E+1	1.65454E-2	-8.33147E-2
7.06025E+11	1.05106E-11	-2.54959E+1	4.90567E-2	2.03593E-2
7.06200E+11	2.30244E-11	-2.23797E+1	-4.05305E-2	6.43326E-2
7.06375E+11	1.37680E-11	-2.39850E+1	-4.99092E-2	-3.87799E-2
7.06550E+11	1.43238E-11	-2.21565E+1	5.69634E-2	-5.33046E-2
7.06725E+11	5.73697E-12	-2.37924E+1	-1.46720E-2	6.29345E-2
7.06900E+11	1.06081E-11	-2.23779E+1	-3.31061E-2	-6.84674E-2
7.07075E+11	3.64061E-12	-2.54190E+1	5.09378E-2	1.66377E-2
7.07250E+11	6.27860E-12	-2.21030E+1	-3.05352E-2	7.23138E-2
7.07425E+11	6.45522E-12	-2.17290E+1	-5.81265E-2	-5.77684E-2
7.07600E+11	4.67760E-12	-2.50064E+1	4.15556E-2	-3.78251E-2
7.07775E+11	1.29938E-12	-2.87757E+1	2.37078E-3	3.63321E-2
7.07950E+11	2.81401E-12	-2.45507E+1	-4.32727E-2	4.04283E-2
7.08125E+11	1.07353E-12	-2.93658E+1	1.86032E-2	-2.84809E-2
7.08300E+11	5.19677E-12	-2.34356E+1	4.16396E-3	6.72028E-2
7.08475E+11	4.08289E-13	-3.33682E+1	-1.65299E-2	1.36827E-2
7.08650E+11	2.13525E-12	-2.18588E+1	5.32461E-2	-6.06868E-2
7.08825E+11	1.34825E-12	-2.55910E+1	3.28419E-2	-4.10041E-2
7.09000E+11	1.51609E-12	-2.44658E+1	4.71252E-2	-3.68152E-2
7.09175E+11	1.88389E-12	-2.47021E+1	-4.39126E-2	3.81899E-2
7.09350E+11	1.36341E-12	-2.84259E+1	4.17140E-4	-3.79033E-2
7.09525E+11	1.77531E-12	-2.68631E+1	2.80740E-2	3.56509E-2
7.09700E+11	3.08133E-12	-2.56334E+1	-3.52683E-2	3.85910E-2
7.09875E+11	9.91285E-13	-3.24439E+1	-1.74024E-2	-1.63341E-2
7.10050E+11	1.32062E-12	-3.13581E+1	2.14585E-2	-1.64617E-2
7.10225E+11	3.16768E-13	-3.55622E+1	4.90105E-3	-1.59314E-2
7.10400E+11	2.58261E-13	-3.65677E+1	-6.85821E-3	1.31673E-2
7.10575E+11	1.91739E-12	-2.58061E+1	4.71351E-2	-2.01216E-2
7.10750E+11	5.88175E-13	-3.33321E+1	-1.49408E-2	1.55261E-2
7.10925E+11	1.47507E-12	-3.01937E+1	-2.34279E-2	2.01869E-2
7.11100E+11	1.05218E-14	-5.17313E+1	-7.17468E-4	-2.48950E-3
7.11275E+11	2.69528E-13	-3.60165E+1	-2.55840E-3	1.56105E-2
7.11450E+11	3.35319E-13	-3.61259E+1	-2.63632E-3	1.53969E-2
7.11625E+11	3.58246E-12	-2.52739E+1	-2.30624E-2	-4.93672E-2
7.11800E+11	4.56059E-12	-2.44583E+1	5.32539E-3	-5.96155E-2
7.11975E+11	4.21089E-13	-3.59033E+1	6.68471E-3	-1.45656E-2
7.12150E+11	7.46562E-13	-3.34679E+1	-2.12119E-2	2.30127E-4
7.12325E+11	2.01358E-12	-2.65205E+1	-3.64971E-2	-2.99355E-2
7.12500E+11	1.47345E-12	-2.92602E+1	-1.43562E-2	-3.12987E-2
7.12675E+11	2.38369E-13	-3.62335E+1	-1.00248E-2	-1.17279E-2
7.12850E+11	2.58916E-13	-3.62862E+1	-1.51721E-2	2.23135E-3
7.13025E+11	2.44799E-13	-3.62157E+1	-4.88247E-3	-1.46691E-2
7.13200E+11	1.48287E-13	-3.95616E+1	-2.17864E-3	1.02895E-2
7.13375E+11	6.99415E-13	-2.99945E+1	-2.22448E-4	-3.16419E-2
7.13550E+11	2.27784E-12	-2.55109E+1	3.13997E-2	4.27242E-2
7.13725E+11	4.62865E-13	-3.17212E+1	9.46227E-3	2.41507E-2
7.13900E+11	2.37096E-14	-4.62659E+1	2.92109E-3	-3.88516E-3
7.14075E+11	9.06011E-13	-2.71569E+1	2.95342E-2	3.24376E-2
7.14250E+11	4.42808E-13	-3.09537E+1	2.59788E-2	1.13109E-2
7.14425E+11	2.80707E-13	-3.31679E+1	-1.43365E-2	1.66328E-2
7.14600E+11	5.40296E-13	-2.76461E+1	-2.04772E-2	-3.60577E-2
7.14775E+11	7.58153E-14	-3.54883E+1	1.38726E-2	-9.49466E-3
7.14950E+11	1.08789E-12	-2.06409E+1	-7.43326E-2	5.57014E-2
7.15125E+11	1.87905E-12	-2.02110E+1	7.92129E-2	-5.70176E-2
7.15300E+11	1.14768E-12	-1.97092E+1	9.12804E-2	4.85828E-2
7.15475E+11	7.54398E-12	-1.11979E+1	-2.47809E-1	1.20354E-1
7.15650E+11	2.91322E-13	-2.43805E+1	5.47720E-2	2.54389E-2
7.15825E+11	1.40866E-12	-1.60728E+1	-5.85328E-2	1.45859E-1
7.16000E+11	7.85268E-13	-2.13345E+1	-8.56487E-2	-4.32791E-3
7.16175E+11	9.36871E-13	-1.84734E+1	1.03222E-1	-5.96430E-2
7.16350E+11	8.87668E-13	-1.53217E+1	2.55584E-2	1.69445E-1
7.16525E+11	8.04499E-12	-7.14506E+0	-1.75004E-1	4.02921E-1
7.16700E+11	1.09284E-13	-2.39367E+1	6.34887E-2	2.95198E-3
7.16875E+11	9.31980E-13	-1.76362E+1	-5.59719E-2	1.18747E-1
7.17050E+11	2.93473E-13	-2.16589E+1	-6.83029E-2	4.64736E-2
7.17225E+11	5.45172E-13	-1.15088E+1	1.94857E-1	-1.80781E-1
7.17400E+11	9.25075E-13	-1.35998E+1	-1.48228E-1	-1.47249E-1
7.17575E+11	1.51309E-12	-8.76048E+0	7.29536E-2	3.57363E-1
7.17750E+11	6.10301E-13	-1.75697E+1	8.80742E-3	1.31992E-1
7.17925E+11	7.61770E-13	-1.14903E+1	-2.16678E-1	-1.54929E-1
7.18100E+11	1.21197E-12	-7.50542E+0	-3.71095E-1	1.99737E-1
7.18275E+11	1.46594E-12	-7.05205E+0	-3.13661E-1	3.14271E-1
7.18450E+11	1.93624E-13	-1.65303E+1	1.40593E-1	-4.96496E-2
7.18625E+11	6.37552E-13	-1.50362E+1	1.53505E-1	-8.83003E-2
7.18800E+11	2.79776E-13	-1.72176E+1	3.70648E-2	-1.32680E-1
7.18975E+11	2.07876E-13	-1.81987E+1	-8.29763E-2	9.08578E-2
7.19150E+11	1.17332E-13	-2.31505E+1	1.72762E-2	6.73995E-2
7.19325E+11	3.88295E-13	-1.38039E+1	-1.62675E-2	2.03434E-1
7.19500E+11	4.19579E-13	-1.83433E+1	8.57648E-2	8.53749E-2
7.19675E+11	5.31292E-13	-1.65093E+1	-1.49019E-1	-1.15187E-2
7.19850E+11	5.27323E-13	-1.69982E+1	1.23221E-1	-6.91212E-2
7.20025E+11	1.82678E-13	-1.86296E+1	-1.07849E-1	4.55908E-2
7.20200E+11	3.78210E-13	-1.91765E+1	-3.82711E-2	1.03069E-1
7.20375E+11	7.65146E-13	-1.95411E+1	-1.05412E-1	-1.66396E-3
7.20550E+11	1.67757E-13	-2.67148E+1	2.17192E-2	-4.07307E-2
7.20725E+11	3.05209E-12	-1.17766E+1	-7.98341E-2	2.45057E-1
7.20900E+11	5.50195E-13	-1.94428E+1	9.57271E-2	4.69603E-2
7.21075E+11	2.43390E-13	-2.37393E+1	-6.47863E-2	-5.48383E-3
7.21250E+11	1.07362E-12	-1.69957E+1	-1.21944E-2	-1.40797E-1
7.21425E+11	5.50489E-13	-1.93595E+1	9.94145E-2	4.13026E-2
7.21600E+11	8.27520E-14	-2.53997E+1	-2.28698E-2	-4.85924E-2
7.21775E+11	5.81601E-13	-1.25232E+1	-1.90230E-1	-1.40524E-1
7.21950E+11	2.06929E-12	-1.22050E+1	1.88012E-1	-1.57601E-1
7.22125E+11	2.66059E-12	-7.16522E+0	3.80218E-1	2.17974E-1
7.22300E+11	1.34722E-12	-1.15294E+1	3.91999E-3	-2.65144E-1
7.22475E+11	4.08808E-12	-2.30963E+0	6.63496E-1	-3.83814E-1
7.22650E+11	1.55216E-12	-3.88157E+0	6.25815E-1	-1.32166E-1
7.22825E+11	3.01467E-13	-1.40370E+1	-2.10004E-2	1.97566E-1
7.23000E+11	2.54571E-13	-1.26075E+1	2.26758E-1	5.86536E-2
7.23175E+11	1.07149E-12	-1.86885E-3	-3.72458E-2	-9.99091E-1
7.23350E+11	1.59907E-12	-2.98938E+0	-2.83734E-1	6.49546E-1
7.23525E+11	4.28489E-13	2.70122E+0	-7.47919E-1	-1.14159E+0
7.23700E+11	1.61214E-12	-4.91085E-2	9.94053E-1	2.48018E-2
7.23875E+11	1.10967E-13	-7.26520E+0	-4.32922E-1	1.68897E-2
7.24050E+11	6.33335E-13	-7.02146E+0	4.41788E-1	-5.80186E-2
7.24225E+11	1.64465E-13	-1.11985E+1	6.24557E-2	-2.68298E-1
7.24400E+11	6.58236E-13	-5.68093E+0	-5.13784E-1	7.97748E-2
7.24575E+11	1.13137E-12	2.03273E+0	-1.39594E-1	-1.25594E+0
7.24750E+11	1.40848E-12	1.15465E+1	3.93335E-1	-3.75803E+0
7.24925E+11	1.35862E-12	-1.73568E-1	-6.01193E-1	7.74203E-1
7.25100E+11	1.06300E-12	5.64236E+0	-1.31176E+0	1.39487E+0
7.25275E+11	3.83656E-13	1.57730E+0	6.92032E-2	1.19713E+0
7.25450E+11	1.11704E-13	-9.29965E+0	2.17540E-1	-2.64907E-1
7.25625E+11	2.53883E-13	-1.30367E+1	-8.08871E-2	2.07737E-1
7.25800E+11	1.28240E-12	9.85637E-1	-3.85193E-1	-1.05185E+0
7.25975E+11	8.55229E-13	2.44053E+1	-4.28995E+0	-1.60422E+1
7.26150E+11	1.53669E-13	-9.87634E+0	-8.87231E-2	-3.08248E-1
7.26325E+11	2.21581E-13	-7.02997E+0	-2.18573E-1	-3.87788E-1
7.26500E+11	2.20815E-12	-2.75402E+0	7.08562E-1	-1.68327E-1
7.26675E+11	1.36214E-12	4.45340E+0	-6.88723E-1	-1.52117E+0
7.26850E+11	1.15217E-12	-7.49472E-1	5.48215E-1	-7.35498E-1
7.27025E+11	1.35305E-12	6.00434E+0	-1.68782E+0	1.06598E+0
7.27200E+11	8.21931E-13	-7.57985E+0	-3.21085E-1	-2.67381E-1
7.27375E+11	4.38283E-13	-8.60956E+0	2.98831E-1	-2.20080E-1
7.27550E+11	6.81267E-14	-1.34901E+1	2.06957E-1	4.40346E-2
7.27725E+11	9.90499E-13	2.38166E+0	1.15768E+0	-6.24698E-1
7.27900E+11	2.57675E-12	7.61711E+0	2.35656E+0	4.72994E-1
7.28075E+11	6.09722E-13	-9.05215E+0	5.17553E-2	-3.48872E-1
7.28250E+11	3.17954E-12	-2.91322E+0	2.45192E-1	6.71702E-1
7.28425E+11	1.64911E-12	-5.33608E+0	-3.90689E-1	-3.74222E-1
7.28600E+11	1.29654E-12	-8.60118E+0	4.55873E-2	-3.68677E-1
7.28775E+11	3.89217E-13	-1.25638E+1	1.76180E-1	1.56125E-1
7.28950E+11	3.26198E-12	-3.58212E+0	-3.30520E-1	5.73649E-1
7.29125E+11	8.12858E-13	-1.00463E+1	-8.38345E-2	3.03171E-1
7.29300E+11	1.55196E-13	-1.85781E+1	-1.17633E-1	6.00863E-3
7.29475E+11	1.33822E-12	-1.02155E+1	-3.20192E-2	-3.06811E-1
7.29650E+11	1.28271E-13	-1.82044E+1	7.30321E-2	-9.89269E-2
7.29825E+11	2.21664E-12	-5.94998E+0	5.03131E-1	3.09399E-2
7.30000E+11	1.89535E-12	-3.51219E+0	1.75148E-1	6.44015E-1
